0.0004069123
0.0004073140
0.0004077228
0.0004081222
0.0004085206
0.0004089091
0.0004093033
0.0004097081
0.0004101379
0.0004106494
0.0004112772
0.0004120863
0.0004130240
0.0004138172
0.0004143835
0.0004148872
0.0004152610
0.0004161243
0.0004174799
0.0004187255
0.0004193167
0.0004167084
0.0004095304
0.0004006393
0.0003947393
0.0003943208
0.0003960095
0.0004000809
0.0004110466
0.0004360136
0.0004779168
0.0005151805
0.0005404543
0.0005672080
0.0005794057
0.0005630262
0.0005295514
0.0004978363
0.0004680062
0.0004189255
0.0003405808
0.0002491762
0.0001733650
0.0001168969
0.0000817923
0.0000584451
-0.0000070616
-0.0001314965
-0.0002412376
-0.0002847127
-0.0002051047
-0.0000354741
0.0001961368
0.0003848681
0.0004400979
0.0004244215
0.0004374961
0.0004589656
0.0004384454
0.0003481180
0.0001647740
-0.0000602249
-0.0002985756
-0.0004925955
-0.0006171819
-0.0006620598
-0.0005592207
-0.0003368822
-0.0000573412
0.0002850384
0.0006442301
0.0009951690
0.0013630570
0.0016901650
0.0018589070
0.0018810700
0.0017935150
0.0016701360
0.0015330840
0.0013109690
0.0010749240
0.0007986112
0.0004609972
0.0001349606
-0.0001315551
-0.0001400318
0.0002194330
0.0006244537
0.0008083595
0.0008483716
0.0009665013
0.0013103510
0.0018322850
0.0024835280
0.0031543080
0.0036951780
0.0039001470
0.0035607060
0.0028459540
0.0021382860
0.0015236310
0.0008657877
0.0001358549
-0.0005920444
-0.0010817460
-0.0010278970
-0.0004037275
0.0002037274
0.0003658625
0.0001450550
-0.0002156526
-0.0001680126
0.0004329824
0.0012241260
0.0018326150
0.0022761340
0.0027862540
0.0031456760
0.0031015120
0.0027928710
0.0023796430
0.0016750490
0.0002202227
-0.0021656540
-0.0051924730
-0.0082146090
-0.0100279700
-0.0105281500
-0.0104850200
-0.0098983170
-0.0089246900
-0.0079949340
-0.0071920860
-0.0064287910
-0.0057993080
-0.0050534490
-0.0037593890
-0.0016613450
0.0012532230
0.0046263710
0.0079021460
0.0095945080
0.0091672670
0.0076693480
0.0059132140
0.0040561540
0.0021814430
0.0008445848
0.0000635463
-0.0004028050
-0.0007836806
-0.0014288280
-0.0019542550
-0.0019699740
-0.0015038080
-0.0006021003
0.0003600633
0.0009739091
0.0012098650
0.0011729160
0.0007795565
0.0002165906
-0.0004095307
-0.0008415207
-0.0010964360
-0.0014881640
-0.0019034300
-0.0020922140
-0.0017944280
-0.0013128450
-0.0007209586
0.0005680043
0.0030912560
0.0060530890
0.0077935660
0.0081285340
0.0082145010
0.0082649430
0.0077151150
0.0066704020
0.0055175570
0.0044078010
0.0031939230
0.0016936050
-0.0001454951
-0.0019556680
-0.0033653720
-0.0042225840
-0.0047057360
-0.0048439870
-0.0043596570
-0.0036289650
-0.0028918980
-0.0019237920
-0.0007207681
0.0003392767
0.0010122790
0.0017160830
0.0024851500
0.0031160200
0.0035767280
0.0038453350
0.0041465710
0.0045540390
0.0049007750
0.0055000310
0.0062904140
0.0068529500
0.0071625660
0.0073885450
0.0071617620
0.0061971140
0.0050005720
0.0039659390
0.0028546530
0.0017367950
0.0007948357
0.0001089056
-0.0000877455
0.0001856546
0.0003465360
-0.0002453361
-0.0021710260
-0.0045910280
-0.0058363580
-0.0055059710
-0.0040268680
-0.0018121480
0.0006273794
0.0023039930
0.0027964480
0.0024600610
0.0018865670
0.0014327550
0.0008489273
-0.0003208705
-0.0021436090
-0.0040135850
-0.0052831850
-0.0054077880
-0.0041153870
-0.0020870870
-0.0005755530
-0.0006518588
-0.0023291340
-0.0046353900
-0.0064376210
-0.0076941880
-0.0083174790
-0.0081393150
-0.0071683960
-0.0054377930
-0.0031321860
-0.0004043954
0.0021071900
0.0026266150
0.0008265402
-0.0030008050
-0.0083653860
-0.0127295100
-0.0139712600
-0.0124112800
-0.0090497720
-0.0042796550
0.0005497203
0.0038859490
0.0049916810
0.0050428810
0.0057539130
0.0074482840
0.0097922460
0.0121624000
0.0132361100
0.0128416800
0.0112592100
0.0087228670
0.0059201990
0.0032320360
0.0006923880
-0.0002820409
0.0010081620
0.0032702150
0.0048566130
0.0055603580
0.0057806840
0.0058107870
0.0059463830
0.0064676490
0.0072006200
0.0073549820
0.0067467490
0.0059176790
0.0053193110
0.0054411110
0.0063100100
0.0070906340
0.0073523530
0.0068777630
0.0058829820
0.0047635650
0.0026095000
-0.0020636340
-0.0103407700
-0.0182616500
-0.0241480900
-0.0274535500
-0.0273962500
-0.0240371000
-0.0171396900
-0.0083555620
-0.0006103352
0.0049993480
0.0085958950
0.0098030690
0.0088974750
0.0065488850
0.0041954430
0.0030328510
0.0030053430
0.0028974970
0.0022665880
0.0023948560
0.0045146690
0.0078466650
0.0096358090
0.0084335800
0.0050236070
0.0017986270
0.0007613229
0.0008030470
0.0003634546
-0.0008917714
-0.0024970520
-0.0039585860
-0.0044926610
-0.0035189920
-0.0017424950
-0.0006382222
-0.0005443450
-0.0006690566
-0.0006863040
-0.0005828606
-0.0004496732
-0.0005820397
-0.0014234320
-0.0035335850
-0.0066659530
-0.0107972400
-0.0155987000
-0.0195736300
-0.0214268500
-0.0200635600
-0.0157849200
-0.0102194500
-0.0041487970
0.0016486790
0.0069745280
0.0121403100
0.0164257300
0.0190625400
0.0201374500
0.0196893500
0.0171332500
0.0132646800
0.0099729530
0.0078462040
0.0061803620
0.0046721680
0.0034195260
0.0030338810
0.0041399610
0.0063489900
0.0083849740
0.0090648440
0.0080391700
0.0054564240
0.0023757910
-0.0001792796
-0.0021882700
-0.0034228850
-0.0043057070
-0.0056637440
-0.0072522670
-0.0087626320
-0.0099183770
-0.0102601800
-0.0096871520
-0.0085801720
-0.0075693450
-0.0070585990
-0.0069345600
-0.0068050150
-0.0068755920
-0.0073198980
-0.0080023190
-0.0093986850
-0.0121183100
-0.0149419500
-0.0144628200
-0.0094192330
-0.0025307100
0.0016809790
0.0020979310
0.0009238968
0.0005663388
0.0018537850
0.0043700550
0.0075939950
0.0114754200
0.0157196500
0.0185914000
0.0190805900
0.0169759300
0.0127299100
0.0075551810
0.0034474370
0.0013821290
0.0009767476
0.0013664680
0.0022298340
0.0032005440
0.0036121870
0.0034216370
0.0026371730
0.0014692570
-0.0000823352
-0.0026386180
-0.0063136750
-0.0104240000
-0.0138506200
-0.0150681400
-0.0137730300
-0.0101736300
-0.0048581510
0.0018615940
0.0108973400
0.0174242100
0.0184300000
0.0146326200
0.0094956840
0.0033091830
-0.0037608420
-0.0085771560
-0.0088910260
-0.0054991010
-0.0006821407
0.0027464830
0.0037743530
0.0030773450
0.0015348810
0.0003202929
-0.0003257656
-0.0005367371
-0.0000301872
0.0007399039
0.0009639563
0.0003013936
-0.0010664400
-0.0028978030
-0.0056640430
-0.0092964040
-0.0125805700
-0.0152304200
-0.0173494400
-0.0181187300
-0.0172373200
-0.0151353700
-0.0127964700
-0.0109023400
-0.0092055090
-0.0072406360
-0.0049469230
-0.0022032720
0.0007959372
0.0039039060
0.0063145210
0.0071917150
0.0071957990
0.0074399940
0.0079716770
0.0081874500
0.0080168940
0.0072502440
0.0052723270
0.0017870860
-0.0031183250
-0.0077027600
-0.0101938100
-0.0095712140
-0.0059955620
-0.0009514196
0.0037651630
0.0068538710
0.0079636080
0.0074338150
0.0057288180
0.0034124150
0.0015830110
0.0008887884
0.0016979830
0.0031273480
0.0040658620
0.0040396790
0.0031381940
0.0021159100
0.0010962530
-0.0002059394
-0.0017607650
-0.0038919760
-0.0061299580
-0.0073177370
-0.0072896110
-0.0061595450
-0.0042520950
-0.0027695650
-0.0025005970
-0.0034326360
-0.0049701730
-0.0064321870
-0.0072284510
-0.0065358820
-0.0045909380
-0.0022255160
-0.0001792778
0.0009477959
0.0012271650
0.0012249540
0.0014266710
0.0023267020
0.0037130140
0.0052594620
0.0063226240
0.0059860240
0.0044874200
0.0029103420
0.0018098900
0.0010695940
0.0005934854
0.0000615333
-0.0006658609
-0.0016478340
-0.0026417300
-0.0034871220
-0.0043637630
-0.0052224630
-0.0062833200
-0.0077131140
-0.0090682270
-0.0101344600
-0.0108407600
-0.0109298400
-0.0107534200
-0.0108020000
-0.0110700300
-0.0114757400
-0.0120990400
-0.0127365200
-0.0128089500
-0.0121109000
-0.0111362300
-0.0101183600
-0.0089907960
-0.0082743730
-0.0081716780
-0.0088122380
-0.0097109810
-0.0097763320
-0.0081947780
-0.0056135740
-0.0031854210
-0.0008405002
0.0014486910
0.0033134680
0.0048991820
0.0056324980
0.0056836170
0.0055582990
0.0049603990
0.0038388200
0.0023872320
0.0003994792
-0.0019459190
-0.0045652280
-0.0076027860
-0.0102142700
-0.0122378300
-0.0139796700
-0.0149145900
-0.0146331900
-0.0135755700
-0.0121188800
-0.0105041900
-0.0089393630
-0.0071704560
-0.0051697450
-0.0029262820
-0.0005059681
0.0015192610
0.0030370200
0.0039340230
0.0038656420
0.0027298690
0.0009518270
-0.0019895900
-0.0052266500
-0.0075903540
-0.0091152500
-0.0096191300
-0.0090910320
-0.0084358300
-0.0083845150
-0.0090951710
-0.0100267400
-0.0109528100
-0.0117194100
-0.0123697500
-0.0127091900
-0.0125491700
-0.0120196000
-0.0115599000
-0.0113093200
-0.0113934600
-0.0120948400
-0.0130242700
-0.0139695100
-0.0152312500
-0.0165598700
-0.0178419600
-0.0189219200
-0.0197312600
-0.0206192200
-0.0213614100
-0.0215169900
-0.0211898300
-0.0204564400
-0.0192736000
-0.0176509400
-0.0155178400
-0.0129507300
-0.0093811710
-0.0058046950
-0.0030267590
-0.0006537523
0.0016716190
0.0042431030
0.0062885830
0.0081067400
0.0100158300
0.0117959900
0.0137062200
0.0153291700
0.0167745200
0.0181998000
0.0193693900
0.0201254900
0.0204777900
0.0206646600
0.0207956200
0.0212435900
0.0217329000
0.0220435500
0.0224888800
0.0229072700
0.0233782700
0.0237710600
0.0243098800
0.0251170400
0.0259247400
0.0266128300
0.0272326800
0.0276622000
0.0280141200
0.0283149500
0.0284763800
0.0285609300
0.0284310900
0.0282258400
0.0281485900
0.0283819300
0.0287908400
0.0290960600
0.0292782500
0.0293960100
0.0296809600
0.0302063100
0.0308173400
0.0317841700
0.0328093800
0.0338328400
0.0351695300
0.0364406300
0.0379987600
0.0395781700
0.0414537600
0.0433002100
0.0447656900
0.0463482700
0.0474288400
0.0480242200
0.0483622200
0.0482865500
0.0479854300
0.0478757300
0.0478531600
0.0476994100
0.0475525000
0.0471755800
0.0463915800
0.0451647500
0.0431418800
0.0404026700
0.0379245900
0.0356449900
0.0333034400
0.0314364700
0.0295994500
0.0276760400
0.0259168300
0.0241283500
0.0222342400
0.0200608800
0.0180182600
0.0160531400
0.0139018500
0.0116974400
0.0092309760
0.0064695200
0.0028277600
-0.0018462290
-0.0074017370
-0.0135843100
-0.0199590400
-0.0251345900
-0.0288706700
-0.0323289800
-0.0372125500
-0.0438344800
-0.0518386200
-0.0640914400
-0.0790552800
-0.0914669300
-0.0997246000
-0.1070477000
-0.1177137000
-0.1276392000
-0.1302914000
-0.1239240000
-0.1103055000
-0.0925799500
-0.0804811800
-0.0775985600
-0.0782230000
-0.0769553300
-0.0727120600
-0.0670646900
-0.0610685200
-0.0527050000
-0.0383805200
-0.0234906300
-0.0146062400
-0.0118602400
-0.0116476700
-0.0118408300
-0.0121398900
-0.0125028900
-0.0122618700
-0.0117377800
-0.0115025800
-0.0115011100
-0.0116138200
-0.0123754200
-0.0142657400
-0.0169306900
-0.0198309700
-0.0227970500
-0.0245574200
-0.0252777900
-0.0260720600
-0.0269013800
-0.0266199000
-0.0255129100
-0.0244788500
-0.0241698300
-0.0245288100
-0.0248570500
-0.0247143100
-0.0237008400
-0.0221651400
-0.0206192100
-0.0190701300
-0.0176615400
-0.0162245400
-0.0147928400
-0.0129571300
-0.0104915700
-0.0082175120
-0.0062254600
-0.0042140880
-0.0024113730
-0.0007920985
0.0005707679
0.0019577570
0.0033543680
0.0045651300
0.0056691610
0.0066565000
0.0073649210
0.0078405080
0.0081927440
0.0089431580
0.0100757200
0.0113745400
0.0128935900
0.0148467400
0.0170765800
0.0190124200
0.0207880200
0.0224102800
0.0241583200
0.0258714900
0.0265512700
0.0264933300
0.0259703100
0.0251168200
0.0240667000
0.0229468600
0.0218245800
0.0212712900
0.0211968700
0.0216855400
0.0224310800
0.0231972700
0.0238600000
0.0245670900
0.0250127100
0.0250068700
0.0249068600
0.0249931800
0.0252642500
0.0254871100
0.0256139100
0.0258264500
0.0260607900
0.0264952100
0.0271332000
0.0277113800
0.0286604200
0.0300411300
0.0318037400
0.0339339300
0.0357850400
0.0371080000
0.0382711200
0.0395060100
0.0401990900
0.0401503800
0.0397068300
0.0393647300
0.0389648500
0.0379508100
0.0363516500
0.0344074600
0.0326900200
0.0309709900
0.0294563000
0.0279634500
0.0262942600
0.0245849800
0.0230711900
0.0222278600
0.0215829600
0.0206735100
0.0196911200
0.0184516800
0.0168847400
0.0151888100
0.0127346700
0.0095959530
0.0060065700
0.0024160240
-0.0005162757
-0.0031264240
-0.0061385650
-0.0100848000
-0.0142687700
-0.0169003600
-0.0201585300
-0.0264312700
-0.0374679200
-0.0508007100
-0.0636130800
-0.0759665100
-0.0838955100
-0.0845296900
-0.0792888300
-0.0704387300
-0.0612678700
-0.0511393500
-0.0394873700
-0.0283242000
-0.0196016400
-0.0134315800
-0.0083353800
-0.0041654760
-0.0014081380
0.0002517066
0.0009152223
0.0013946250
0.0026789950
0.0046083310
0.0072261880
0.0104135800
0.0127268500
0.0139545600
0.0152424100
0.0164927100
0.0172468300
0.0166437100
0.0146038900
0.0115145100
0.0080227690
0.0043418050
0.0003840751
-0.0029908110
-0.0052164940
-0.0068273060
-0.0080503650
-0.0093976130
-0.0113589900
-0.0133638100
-0.0154302000
-0.0172891100
-0.0184815500
-0.0192406900
-0.0202477300
-0.0222997900
-0.0257472500
-0.0302539400
-0.0338045300
-0.0367029300
-0.0391714700
-0.0413836200
-0.0439736900
-0.0465473000
-0.0479411600
-0.0462756700
-0.0392392200
-0.0258329400
-0.0124998900
-0.0035874090
0.0030270230
0.0088010530
0.0119971800
0.0131366500
0.0138431400
0.0140384300
0.0135054100
0.0127943800
0.0123892000
0.0124704800
0.0130451600
0.0142841000
0.0157505200
0.0171298700
0.0183326200
0.0188594300
0.0189126600
0.0188253600
0.0186710700
0.0183574900
0.0180711400
0.0178463000
0.0176726000
0.0175448300
0.0171475800
0.0167708900
0.0166260000
0.0166069500
0.0169228900
0.0173669000
0.0178207100
0.0184524800
0.0193629500
0.0202996200
0.0211732800
0.0219712500
0.0223319800
0.0223282300
0.0221318400
0.0220101300
0.0220214400
0.0220553700
0.0219079200
0.0215837200
0.0210908000
0.0205203500
0.0197532100
0.0187407100
0.0174329300
0.0158217700
0.0139739900
0.0119621000
0.0097313360
0.0072692320
0.0046458460
0.0021935670
-0.0001788030
-0.0028648290
-0.0055849540
-0.0083038280
-0.0110869000
-0.0141829800
-0.0172323300
-0.0197049100
-0.0217870900
-0.0236970600
-0.0251520100
-0.0263085300
-0.0275407800
-0.0290516100
-0.0298934000
-0.0297170000
-0.0289126100
-0.0273214500
-0.0242394400
-0.0197401500
-0.0139592800
-0.0070358760
0.0003704421
0.0061081630
0.0103019700
0.0144990900
0.0188879300
0.0215729500
0.0235764100
0.0257891300
0.0273364600
0.0276996400
0.0270556300
0.0258529600
0.0244512100
0.0224070400
0.0197193800
0.0169111800
0.0145199100
0.0124608300
0.0100586100
0.0073129200
0.0043190200
0.0010633770
-0.0017618170
-0.0042590600
-0.0066787710
-0.0088634380
-0.0108422400
-0.0126591200
-0.0142847900
-0.0160232400
-0.0179139700
-0.0197885200
-0.0211201100
-0.0221213100
-0.0228094600
-0.0231227400
-0.0228866400
-0.0219656600
-0.0203257900
-0.0181269500
-0.0154736600
-0.0120570300
-0.0085329060
-0.0046628680
-0.0007833644
0.0020845930
0.0044589920
0.0065508720
0.0085987450
0.0105895900
0.0121403900
0.0133493600
0.0139236300
0.0141685300
0.0144601400
0.0145575600
0.0142542400
0.0138982400
0.0137350900
0.0132995300
0.0126610100
0.0117824900
0.0108333200
0.0099617420
0.0090765020
0.0084734970
0.0080080460
0.0074092850
0.0067279300
0.0060784270
0.0053471380
0.0044895650
0.0038342390
0.0031680840
0.0022038620
0.0015317850
0.0008969123
-0.0000424900
-0.0010629000
-0.0021081410
-0.0028664890
-0.0036104230
-0.0044677720
-0.0052357990
-0.0059440780
-0.0067066600
-0.0076782440
-0.0085465140
-0.0090749610
-0.0095143980
-0.0099003950
-0.0102952200
-0.0106782900
-0.0109173400
-0.0106950500
-0.0100701000
-0.0092073510
-0.0082159340
-0.0073507660
-0.0066117160
-0.0059114140
-0.0052955280
-0.0047577250
-0.0044294240
-0.0042082850
-0.0037974830
-0.0031451220
-0.0023609060
-0.0012402200
0.0001969412
0.0014453010
0.0024354660
0.0032368710
0.0039739680
0.0046263620
0.0050393840
0.0053326380
0.0052466910
0.0046227620
0.0038147310
0.0030287010
0.0021704910
0.0013137070
0.0004186499
-0.0006610735
-0.0015824750
-0.0023788440
-0.0030980600
-0.0037973270
-0.0046489630
-0.0055839660
-0.0067182150
-0.0078186050
-0.0086669010
-0.0095213530
-0.0105245100
-0.0117229200
-0.0127738500
-0.0136101800
-0.0144325300
-0.0149988500
-0.0153559600
-0.0155507700
-0.0152025700
-0.0145245500
-0.0137483900
-0.0128366300
-0.0117704300
-0.0107091000
-0.0094018090
-0.0081333390
-0.0065479000
-0.0044058830
-0.0023355210
-0.0006185061
0.0008463622
0.0023482790
0.0036866680
0.0045299460
0.0050896330
0.0055446660
0.0060084560
0.0063325440
0.0063220720
0.0062284030
0.0062166840
0.0060041500
0.0056115820
0.0051875950
0.0049225810
0.0044797700
0.0036595330
0.0027239610
0.0020731070
0.0015227190
0.0007039299
-0.0000831271
-0.0007314577
-0.0014241060
-0.0020753680
-0.0026248240
-0.0030678460
-0.0034606050
-0.0037640810
-0.0040131710
-0.0042345180
-0.0044600060
-0.0045976390
-0.0045353730
-0.0043031970
-0.0039552400
-0.0035803480
-0.0032463310
-0.0028409590
-0.0023758630
-0.0018300070
-0.0011240460
-0.0004253968
0.0001926530
0.0007395782
0.0015467980
0.0024806410
0.0031897470
0.0039183770
0.0045943730
0.0050741910
0.0053211610
0.0053461380
0.0053131670
0.0052866430
0.0051049070
0.0047678520
0.0044478590
0.0040552440
0.0033610190
0.0025310800
0.0018056530
0.0012068720
0.0006666073
0.0000841963
-0.0004482682
-0.0006854041
-0.0007849914
-0.0009892701
-0.0010697750
-0.0010303360
-0.0010195010
-0.0010537410
-0.0010753270
-0.0009786679
-0.0006440782
-0.0002318091
0.0001966100
0.0006108914
0.0010714580
0.0016799460
0.0022648980
0.0026827530
0.0029724310
0.0034925820
0.0041091060
0.0047844030
0.0053026140
0.0059080760
0.0065138360
0.0068191200
0.0071392350
0.0075959640
0.0078438900
0.0080395870
0.0083135510
0.0084124700
0.0085673300
0.0086449140
0.0086003800
0.0085646050
0.0084653920
0.0081842570
0.0078043240
0.0072767170
0.0066470400
0.0060522700
0.0053837050
0.0045107250
0.0035618530
0.0026894790
0.0018907450
0.0012541440
0.0006404157
0.0001042011
-0.0002444306
-0.0004374755
-0.0006306417
-0.0007074942
-0.0004881788
-0.0000963412
0.0003711614
0.0008821140
0.0015406410
0.0021423740
0.0027709340
0.0036057740
0.0043988330
0.0051761290
0.0058846890
0.0065832250
0.0072273490
0.0077087160
0.0082751990
0.0089089220
0.0093410550
0.0096264820
0.0100101700
0.0103963100
0.0106904000
0.0110290800
0.0113703000
0.0114890900
0.0113498300
0.0110385500
0.0106864500
0.0101140000
0.0094213510
0.0086854620
0.0080265310
0.0074353700
0.0067222760
0.0058826520
0.0049724180
0.0040369260
0.0030199620
0.0019762080
0.0009141291
-0.0001683679
-0.0011403300
-0.0021716630
-0.0030763760
-0.0039006010
-0.0047591330
-0.0055154510
-0.0060556560
-0.0064222880
-0.0066982510
-0.0069839000
-0.0071795800
-0.0073112810
-0.0074416350
-0.0074783430
-0.0075303490
-0.0075115710
-0.0075401440
-0.0076302790
-0.0076388800
-0.0075960750
-0.0075696180
-0.0074733080
-0.0072962250
-0.0071213430
-0.0068731700
-0.0065002730
-0.0061420410
-0.0057981930
-0.0054542650
-0.0051785990
-0.0049068580
-0.0046120180
-0.0043898980
-0.0041929160
-0.0040636140
-0.0041135100
-0.0042567150
-0.0045087940
-0.0047916440
-0.0050950690
-0.0055355280
-0.0060089260
-0.0063676760
-0.0065301430
-0.0066109770
-0.0067713470
-0.0069760700
-0.0071475450
-0.0073451820
-0.0076362420
-0.0079207850
-0.0082378170
-0.0086847860
-0.0091188550
-0.0094316780
-0.0097777630
-0.0101493400
-0.0106403000
-0.0111823800
-0.0115237200
-0.0117353500
-0.0117909200
-0.0119206300
-0.0117047900
-0.0110919800
-0.0102740400
-0.0093329420
-0.0080819850
-0.0068172340
-0.0055829620
-0.0042950670
-0.0029864420
-0.0018480230
-0.0010438680
-0.0004233459
0.0002080542
0.0009918816
0.0019286180
0.0027627070
0.0035182370
0.0042214670
0.0046075770
0.0049818500
0.0054232590
0.0057466190
0.0060176270
0.0063011400
0.0064921190
0.0065794380
0.0067028960
0.0069789350
0.0072603580
0.0074605110
0.0076479290
0.0079467970
0.0081882330
0.0082959000
0.0084912270
0.0086687560
0.0087991760
0.0088463220
0.0088803240
0.0089826250
0.0090049920
0.0089730940
0.0090349820
0.0091673610
0.0092420130
0.0093627760
0.0094524060
0.0094214530
0.0094520370
0.0095824650
0.0095591710
0.0093891490
0.0093544400
0.0094304700
0.0094168170
0.0092257740
0.0089670000
0.0086691550
0.0083389390
0.0079721770
0.0076784440
0.0071480630
0.0064296400
0.0056777650
0.0049833530
0.0044357530
0.0038893750
0.0031658070
0.0025098260
0.0020778550
0.0016509910
0.0014364830
0.0011557710
0.0007296397
0.0004052608
0.0002650663
0.0000648150
-0.0002921488
-0.0006406354
-0.0009178317
-0.0011633440
-0.0013194570
-0.0014961630
-0.0016544020
-0.0017218600
-0.0018553500
-0.0020461390
-0.0022113160
-0.0023385300
-0.0025641360
-0.0029091270
-0.0032245210
-0.0033965680
-0.0035354870
-0.0038197440
-0.0041060860
-0.0042999720
-0.0045063760
-0.0046590960
-0.0047850790
-0.0048634400
-0.0049167620
-0.0050137530
-0.0051691590
-0.0054221880
-0.0055581190
-0.0056382230
-0.0057312750
-0.0057893300
-0.0058388420
-0.0057427120
-0.0056409930
-0.0054335140
-0.0050485110
-0.0048682450
-0.0048444620
-0.0047544250
-0.0045424170
-0.0041532020
-0.0035418140
-0.0029947040
-0.0023589930
-0.0015797550
-0.0006898902
0.0001435105
0.0005785433
0.0009751884
0.0014580850
0.0018106540
0.0020128370
0.0021862100
0.0025364530
0.0027279810
0.0026289470
0.0025471160
0.0025673610
0.0024282190
0.0022628240
0.0020674260
0.0017511160
0.0014672480
0.0012282810
0.0008644626
0.0004602457
0.0001705489
-0.0002479108
-0.0006419334
-0.0008139345
-0.0010411040
-0.0012097720
-0.0013525980
-0.0015924710
-0.0017511800
-0.0019148870
-0.0021621390
-0.0023965780
-0.0027532740
-0.0031110870
-0.0033466440
-0.0036886510
-0.0038874710
-0.0037350130
-0.0034785750
-0.0033575780
-0.0033178800
-0.0032312720
-0.0030588540
-0.0029220130
-0.0029410500
-0.0029048240
-0.0026166360
-0.0023817810
-0.0022900160
-0.0021522940
-0.0018795840
-0.0016845440
-0.0016677260
-0.0018088890
-0.0017151860
-0.0014570540
-0.0013660100
-0.0012034550
-0.0009802489
-0.0007255636
-0.0005392896
-0.0002980526
0.0000270925
0.0003746986
0.0007658222
0.0010241510
0.0011246930
0.0012235390
0.0014013830
0.0015963980
0.0017323830
0.0017433720
0.0016909200
0.0016779770
0.0016105060
0.0015419270
0.0014449760
0.0012038010
0.0009561032
0.0006613846
0.0002839233
-0.0000074959
-0.0003386843
-0.0007176703
-0.0010209500
-0.0014575710
-0.0019418450
-0.0022059320
-0.0024044130
-0.0026078610
-0.0028186470
-0.0029742780
-0.0028101790
-0.0024005590
-0.0020049100
-0.0015468740
-0.0010291810
-0.0005400708
0.0000950582
0.0007539284
0.0012343120
0.0016924220
0.0022182250
0.0028696460
0.0034973340
0.0041060650
0.0047874860
0.0053953500
0.0059351480
0.0065097930
0.0070343360
0.0074032090
0.0078345200
0.0081467580
0.0083944520
0.0086936860
0.0090017920
0.0091559960
0.0092456210
0.0093499780
0.0092365940
0.0090095270
0.0088489010
0.0086021990
0.0082035250
0.0077598410
0.0074305500
0.0070836940
0.0066298940
0.0062672940
0.0059975600
0.0055195910
0.0050151690
0.0044199910
0.0037243830
0.0030274960
0.0022203690
0.0013934650
0.0006072217
-0.0000790063
-0.0006077611
-0.0011472320
-0.0016007060
-0.0020334770
-0.0024531840
-0.0026942800
-0.0030782650
-0.0036993420
-0.0042050260
-0.0046385170
-0.0051356850
-0.0055948280
-0.0060874550
-0.0066555410
-0.0071047330
-0.0073469240
-0.0075746160
-0.0078529040
-0.0080400130
-0.0081169770
-0.0080499990
-0.0078665370
-0.0076605150
-0.0073901270
-0.0070338900
-0.0065878510
-0.0064073360
-0.0063899170
-0.0062444980
-0.0059189060
-0.0058299770
-0.0059465410
-0.0060120580
-0.0061200490
-0.0064116850
-0.0066962280
-0.0068521600
-0.0071414810
-0.0074424270
-0.0076493640
-0.0078050160
-0.0079387040
-0.0080942680
-0.0082425730
-0.0082849100
-0.0083419690
-0.0084919170
-0.0083972150
-0.0079639180
-0.0074980050
-0.0070882710
-0.0065317720
-0.0059061200
-0.0052370630
-0.0045846350
-0.0041328090
-0.0037872230
-0.0035507970
-0.0032898760
-0.0029450860
-0.0026057040
-0.0023885450
-0.0022295970
-0.0019353390
-0.0017140140
-0.0016363050
-0.0013681760
-0.0011246190
-0.0010346620
-0.0008478542
-0.0006308583
-0.0002913048
0.0001934561
0.0006176652
0.0008572311
0.0011645680
0.0017120060
0.0020968470
0.0023395390
0.0027025370
0.0030138440
0.0031267790
0.0032613900
0.0035787920
0.0038831350
0.0040420970
0.0042654950
0.0045963930
0.0048935870
0.0050248260
0.0051082880
0.0052336380
0.0052716730
0.0052202890
0.0050984210
0.0050787980
0.0051495900
0.0052599770
0.0052107870
0.0051887920
0.0052663480
0.0052868630
0.0052741550
0.0053719310
0.0054695420
0.0055468650
0.0055781270
0.0055479240
0.0055344050
0.0055534340
0.0055638540
0.0054655020
0.0052649390
0.0051022770
0.0049972670
0.0049613810
0.0050018640
0.0051004030
0.0051726280
0.0052200370
0.0053467940
0.0054385240
0.0054725170
0.0055403040
0.0055565700
0.0056083180
0.0057142610
0.0057247620
0.0056877850
0.0056107410
0.0054493670
0.0052188150
0.0048740830
0.0045044140
0.0041851660
0.0038302240
0.0035170220
0.0032434690
0.0029550110
0.0026895180
0.0025048900
0.0022309520
0.0018910200
0.0016308700
0.0014528400
0.0011208850
0.0007244322
0.0003119632
0.0000073121
-0.0002252426
-0.0005025686
-0.0008770384
-0.0014377900
-0.0018381130
-0.0021588030
-0.0025637470
-0.0028715300
-0.0032249980
-0.0037079000
-0.0040874110
-0.0044313480
-0.0048642990
-0.0052262310
-0.0054680340
-0.0056119960
-0.0057159070
-0.0057522560
-0.0056258310
-0.0054201090
-0.0051686440
-0.0048679250
-0.0045250440
-0.0041151930
-0.0037490850
-0.0035104570
-0.0033500730
-0.0032201360
-0.0030677560
-0.0029886290
-0.0030072000
-0.0030162290
-0.0030017160
-0.0029855060
-0.0029832680
-0.0029887360
-0.0029859670
-0.0029850360
-0.0030562010
-0.0031708850
-0.0031633070
-0.0030397670
-0.0029220940
-0.0028911150
-0.0027803410
-0.0025982360
-0.0024405200
-0.0023867090
-0.0024336880
-0.0023849170
-0.0021807480
-0.0020451520
-0.0020916690
-0.0020661830
-0.0018098190
-0.0016809680
-0.0016115150
-0.0014265360
-0.0011371760
-0.0009195595
-0.0007192796
-0.0005252843
-0.0002342613
0.0000995039
0.0003506466
0.0004815015
0.0006933940
0.0010414020
0.0013631880
0.0014853970
0.0015516920
0.0017018570
0.0018828170
0.0019264010
0.0019815550
0.0020394820
0.0021695730
0.0023327970
0.0023400060
0.0022695310
0.0022634160
0.0022814000
0.0020869650
0.0019310800
0.0019694490
0.0018301220
0.0016557600
0.0015684110
0.0014533570
0.0013927500
0.0013063260
0.0011400350
0.0010545610
0.0008898868
0.0006683653
0.0004521471
0.0002417096
0.0000310310
-0.0001816585
-0.0003067984
-0.0002515131
-0.0002111829
-0.0003423621
-0.0004891566
-0.0006338615
-0.0005935689
-0.0005186090
-0.0007001627
-0.0008586319
-0.0008800646
-0.0009194136
-0.0009252363
-0.0009140696
-0.0009193857
-0.0008681163
-0.0007608940
-0.0006856999
-0.0006188628
-0.0005688528
-0.0005561804
-0.0005926130
-0.0004422116
-0.0002318080
-0.0001041467
-0.0000008130
0.0000934145
0.0001360774
0.0002720776
0.0004679085
0.0005748384
0.0005739211
0.0005938027
0.0005695889
0.0007068855
0.0009324817
0.0011141440
0.0012884740
0.0013388600
0.0015385380
0.0017750900
0.0019111870
0.0019914580
0.0020101760
0.0021358360
0.0023246820
0.0023663790
0.0024092550
0.0024384200
0.0024515960
0.0025752210
0.0026481090
0.0026967880
0.0026296580
0.0025221610
0.0024239690
0.0022874000
0.0021466570
0.0021291140
0.0021808730
0.0020825530
0.0019547800
0.0018488250
0.0017045600
0.0015679210
0.0013573920
0.0011177910
0.0009906119
0.0008860605
0.0007368725
0.0005679792
0.0004992222
0.0004595251
0.0002956004
0.0001899516
0.0002318652
0.0002031723
0.0000838543
-0.0000766916
-0.0003271495
-0.0004792968
-0.0005714636
-0.0007055134
-0.0008695571
-0.0010195970
-0.0011611130
-0.0013041340
-0.0015240200
-0.0017206240
-0.0017347410
-0.0018057030
-0.0020028860
-0.0021962110
-0.0023252170
-0.0023995060
-0.0023351060
-0.0021889990
-0.0022357210
-0.0024387120
-0.0024784860
-0.0023890970
-0.0023518680
-0.0024220770
-0.0025628710
-0.0026102220
-0.0026516020
-0.0025492370
-0.0024767400
-0.0025017530
-0.0024043960
-0.0022154630
-0.0021230520
-0.0017828230
-0.0013656290
-0.0010991490
-0.0009002105
-0.0007676252
-0.0006368783
-0.0004628140
-0.0003315151
-0.0004569605
-0.0005450530
-0.0003779546
-0.0002399839
-0.0003037954
-0.0004986044
-0.0006702035
-0.0006728036
-0.0007106361
-0.0008947573
-0.0010566510
-0.0009672901
-0.0008310612
-0.0008475526
-0.0008074369
-0.0006186181
-0.0004300854
-0.0002836026
-0.0000421049
0.0002737031
0.0004703225
0.0006284494
0.0009050766
0.0012475400
0.0015548440
0.0018250340
0.0020980690
0.0023119850
0.0025124410
0.0028202510
0.0030763250
0.0032709910
0.0035519610
0.0037885790
0.0038952000
0.0040086700
0.0042706960
0.0045371790
0.0045594570
0.0045471570
0.0046519450
0.0048644660
0.0050336520
0.0049736550
0.0048925620
0.0049136630
0.0048995260
0.0047325260
0.0045360520
0.0044030870
0.0042895500
0.0041432480
0.0039158960
0.0035833410
0.0033339910
0.0031793600
0.0029109610
0.0025647290
0.0022527560
0.0020516110
0.0018873390
0.0016521080
0.0014314560
0.0012189800
0.0010682480
0.0008987295
0.0006369618
0.0003697493
0.0000347478
-0.0001764881
-0.0003626395
-0.0005182683
-0.0007006199
-0.0010217910
-0.0012785480
-0.0012826720
-0.0013344700
-0.0015380210
-0.0017846030
-0.0020357200
-0.0021295830
-0.0020788320
-0.0021803660
-0.0024028020
-0.0024163750
-0.0022082810
-0.0021345590
-0.0022031560
-0.0021405820
-0.0020451120
-0.0019545250
-0.0020303390
-0.0019714100
-0.0017671050
-0.0017045610
-0.0016447830
-0.0014730930
-0.0012711370
-0.0010082090
-0.0008396677
-0.0007484956
-0.0006409005
-0.0005974104
-0.0004705846
-0.0002967338
-0.0002838958
-0.0003542963
-0.0003632934
-0.0003256425
-0.0003141052
-0.0003502451
-0.0004849720
-0.0005502373
-0.0006310103
-0.0007745342
-0.0009185396
-0.0009564373
-0.0010033130
-0.0010605760
-0.0010724180
-0.0011666750
-0.0012454110
-0.0012317060
-0.0012977150
-0.0013895200
-0.0014982080
-0.0016607440
-0.0018285620
-0.0020543510
-0.0021413960
-0.0020723660
-0.0021508890
-0.0023749770
-0.0024638660
-0.0024994750
-0.0026477120
-0.0028100080
-0.0027382670
-0.0027036890
-0.0027896290
-0.0027202120
-0.0026188810
-0.0026545040
-0.0028107910
-0.0028577390
-0.0026778240
-0.0025632450
-0.0026149730
-0.0025592690
-0.0023493340
-0.0021496880
-0.0019229480
-0.0017318080
-0.0016282710
-0.0015273630
-0.0014594110
-0.0013851850
-0.0012101520
-0.0010220400
-0.0008877716
-0.0007699866
-0.0006297382
-0.0005589266
-0.0005076579
-0.0003415489
-0.0001448806
-0.0000032510
0.0000236905
-0.0000288195
-0.0000376752
-0.0000004607
0.0000223985
0.0000158416
0.0000046959
0.0000093865
0.0001040106
0.0002864809
0.0003571459
0.0003632282
0.0003358092
0.0003444431
0.0005394903
0.0006664609
0.0006965522
0.0008143588
0.0009119470
0.0009709212
0.0011165590
0.0012073320
0.0011749570
0.0013168650
0.0016233550
0.0018013280
0.0019619170
0.0021762050
0.0023860440
0.0026575530
0.0029127710
0.0030317310
0.0031262440
0.0032176620
0.0032195560
0.0032700210
0.0034628510
0.0036534900
0.0036418800
0.0034646940
0.0033756040
0.0032858420
0.0031497790
0.0029997530
0.0029279060
0.0028968870
0.0027392350
0.0025377310
0.0023223490
0.0020904190
0.0018273350
0.0014364020
0.0011194070
0.0007403921
0.0002464099
-0.0000504707
-0.0003207053
-0.0006966705
-0.0010385670
-0.0013725890
-0.0015676490
-0.0017983190
-0.0020908780
-0.0022607040
-0.0024012110
-0.0026604230
-0.0028542050
-0.0029185840
-0.0029275950
-0.0030753070
-0.0032924970
-0.0034482830
-0.0035638310
-0.0036955730
-0.0038461130
-0.0040003910
-0.0041913220
-0.0044540910
-0.0045699150
-0.0044984670
-0.0044480240
-0.0044469750
-0.0043825990
-0.0043648020
-0.0043490910
-0.0041937460
-0.0040431740
-0.0040160320
-0.0038661080
-0.0035677070
-0.0034041390
-0.0033403340
-0.0032230960
-0.0030415970
-0.0028666500
-0.0027470230
-0.0027390490
-0.0026901770
-0.0027532680
-0.0028090700
-0.0027732700
-0.0027605100
-0.0028728850
-0.0028118710
-0.0026912880
-0.0025596300
-0.0024122710
-0.0022797860
-0.0021003150
-0.0017047470
-0.0014610690
-0.0013932190
-0.0011800610
-0.0009682157
-0.0009387547
-0.0007701849
-0.0006368503
-0.0005423929
-0.0003686870
-0.0001013786
-0.0000362876
0.0000263937
0.0003152495
0.0005242636
0.0004883195
0.0004302382
0.0006783993
0.0009891529
0.0010117270
0.0009864945
0.0010515800
0.0011821610
0.0012330980
0.0010715220
0.0008819814
0.0009897469
0.0012637500
0.0013183730
0.0012078290
0.0012566680
0.0013866720
0.0015149300
0.0016539130
0.0016933920
0.0017663710
0.0020523490
0.0023149170
0.0024085310
0.0025040090
0.0027679020
0.0030357740
0.0032635260
0.0034363770
0.0035523320
0.0036989970
0.0039736700
0.0042067020
0.0043113450
0.0044170150
0.0045747960
0.0047468730
0.0049024670
0.0050302810
0.0050653820
0.0051234830
0.0052028520
0.0052929410
0.0052511620
0.0052341670
0.0052007430
0.0050084720
0.0047218410
0.0045177270
0.0043148510
0.0040278510
0.0038106560
0.0036011430
0.0034098890
0.0032701270
0.0030423750
0.0028979620
0.0027347530
0.0025135240
0.0023649250
0.0022291420
0.0019675680
0.0016186590
0.0013255740
0.0011802090
0.0010981160
0.0009383243
0.0006507543
0.0005324000
0.0006346516
0.0007011985
0.0007671388
0.0009064441
0.0010619310
0.0011964830
0.0013502540
0.0016064040
0.0018345110
0.0020494700
0.0022503010
0.0024785760
0.0026800080
0.0028010280
0.0029258790
0.0030703890
0.0031117520
0.0030578920
0.0029559660
0.0028978710
0.0027607860
0.0025040860
0.0023394710
0.0021651420
0.0019420580
0.0017028520
0.0014769750
0.0012673700
0.0010522420
0.0008241634
0.0005963313
0.0003481530
0.0001279741
0.0000057161
-0.0001113295
-0.0002650783
-0.0004343150
-0.0005905206
-0.0007270152
-0.0008665071
-0.0010333030
-0.0012889420
-0.0014842170
-0.0014874020
-0.0015363360
-0.0017489720
-0.0020469010
-0.0021795580
-0.0023333070
-0.0025237960
-0.0026721510
-0.0027994440
-0.0029641360
-0.0032511330
-0.0034532260
-0.0035375070
-0.0036516510
-0.0038264630
-0.0039940590
-0.0041601000
-0.0044206500
-0.0046112610
-0.0047084050
-0.0048469370
-0.0049795850
-0.0050230000
-0.0050533870
-0.0050085230
-0.0050420620
-0.0049889770
-0.0048998200
-0.0048015840
-0.0047564810
-0.0046805020
-0.0045720900
-0.0043652060
-0.0042374000
-0.0040810360
-0.0039681260
-0.0037912120
-0.0036225170
-0.0033905250
-0.0032299910
-0.0030543540
-0.0028004560
-0.0025661100
-0.0023428620
-0.0021435870
-0.0019883510
-0.0018845700
-0.0017136980
-0.0016244300
-0.0015042860
-0.0013992750
-0.0014167670
-0.0013691560
-0.0011607090
-0.0010484880
-0.0010234050
-0.0008960148
-0.0007909315
-0.0007328207
-0.0006691872
-0.0005931504
-0.0005154036
-0.0004337469
-0.0002735638
-0.0001937588
-0.0002481250
-0.0002854183
-0.0002500311
-0.0001094827
-0.0000025473
0.0000488981
0.0000781439
0.0001583816
0.0002218063
0.0001889130
0.0000637631
-0.0000062676
-0.0000593393
-0.0000933902
-0.0000882113
-0.0001855457
-0.0002579214
-0.0001083906
0.0001278050
0.0002901485
0.0003669796
0.0003362296
0.0003006649
0.0003254504
0.0003622234
0.0003916440
0.0005301868
0.0006973342
0.0007186280
0.0007176084
0.0006784463
0.0008110754
0.0009981650
0.0009946592
0.0009572298
0.0011117000
0.0012866410
0.0012716250
0.0011947120
0.0011942910
0.0012369950
0.0012536160
0.0012415770
0.0012304330
0.0011664040
0.0009955486
0.0008875538
0.0008606248
0.0008012423
0.0007084993
0.0005359227
0.0003655521
0.0002348665
0.0001045822
-0.0000453148
-0.0001966672
-0.0002657589
-0.0004169758
-0.0005957764
-0.0007701379
-0.0008620538
-0.0009254472
-0.0010741570
-0.0011567220
-0.0012213630
-0.0012673460
-0.0012695610
-0.0013507860
-0.0012967270
-0.0011958020
-0.0011133380
-0.0012351940
-0.0013560400
-0.0014280640
-0.0014352450
-0.0015393550
-0.0017151700
-0.0017754840
-0.0018251830
-0.0019260640
-0.0021942170
-0.0023655180
-0.0023424440
-0.0024198810
-0.0025880650
-0.0026732950
-0.0027997500
-0.0028333130
-0.0027666040
-0.0027752650
-0.0026573010
-0.0025379540
-0.0025015370
-0.0023804950
-0.0021831350
-0.0019945290
-0.0017749580
-0.0014728000
-0.0012430350
-0.0009756932
-0.0006625214
-0.0003545112
0.0000170066
0.0003124754
0.0006049203
0.0009425779
0.0013483360
0.0016930420
0.0018387860
0.0020303700
0.0023530300
0.0024924310
0.0026193890
0.0028642560
0.0030285120
0.0030183520
0.0030723470
0.0031359710
0.0031579940
0.0032707370
0.0033224450
0.0032559960
0.0031264600
0.0032053760
0.0031784930
0.0029785150
0.0029331870
0.0030144790
0.0030440830
0.0030074950
0.0029799860
0.0029893630
0.0030111310
0.0030570690
0.0031176820
0.0030642460
0.0031117560
0.0032154940
0.0033705380
0.0034866290
0.0034120400
0.0032437390
0.0032823830
0.0034833950
0.0034733110
0.0033425820
0.0033444140
0.0033071230
0.0032304980
0.0030733480
0.0029048840
0.0027683390
0.0026363740
0.0025013400
0.0024249080
0.0023826370
0.0022230710
0.0020268330
0.0018835160
0.0017612400
0.0016190150
0.0014655790
0.0013181000
0.0011698290
0.0010237260
0.0008807969
0.0007095462
0.0004499751
0.0002128296
0.0000998373
-0.0000046841
-0.0001611332
-0.0003330647
-0.0004951077
-0.0007115149
-0.0007655718
-0.0006858447
-0.0006595910
-0.0006214674
-0.0006371242
-0.0005761345
-0.0004682646
-0.0003865752
-0.0002483447
-0.0000794912
0.0000701947
0.0001981266
0.0002435259
0.0003239739
0.0004840843
0.0004541589
0.0004327934
0.0005157999
0.0005438803
0.0005038903
0.0003819329
0.0003064174
0.0002332496
0.0000758350
-0.0000762880
-0.0001050946
-0.0001542138
-0.0002484731
-0.0004716130
-0.0007006875
-0.0007139432
-0.0006992738
-0.0006434793
-0.0006348532
-0.0007948026
-0.0008667340
-0.0008035065
-0.0007589967
-0.0007796139
-0.0008077068
-0.0008081479
-0.0008201789
-0.0009438000
-0.0009932071
-0.0009412312
-0.0008889231
-0.0007836534
-0.0007602919
-0.0007895620
-0.0006566765
-0.0004578813
-0.0004253972
-0.0003929057
-0.0003414703
-0.0002284428
-0.0001878556
-0.0002038143
-0.0000943153
-0.0000279298
-0.0000650951
-0.0000717486
0.0000476543
-0.0000125783
-0.0001119882
-0.0001173223
-0.0001960515
-0.0002620111
-0.0003488856
-0.0003955839
-0.0004885479
-0.0005016966
-0.0003407305
-0.0003044332
-0.0004822699
-0.0004441705
-0.0003397571
-0.0004554722
-0.0005504895
-0.0005111803
-0.0004416434
-0.0003546190
-0.0004569206
-0.0005549988
-0.0005204427
-0.0004913331
-0.0006456870
-0.0008208186
-0.0006915995
-0.0005548400
-0.0006010864
-0.0006852529
-0.0006879163
-0.0006480665
-0.0006282864
-0.0006463115
-0.0006386023
-0.0005069346
-0.0004530822
-0.0005072809
-0.0005375115
-0.0005078697
-0.0004794245
-0.0004833650
-0.0005105062
-0.0006354040
-0.0008106188
-0.0008393186
-0.0007769179
-0.0008642876
-0.0009903867
-0.0010849160
-0.0011197450
-0.0011925380
-0.0012577510
-0.0012534600
-0.0013312070
-0.0014103340
-0.0014121030
-0.0014863050
-0.0015783400
-0.0016512900
-0.0015835820
-0.0014851020
-0.0015082620
-0.0015482880
-0.0014409040
-0.0013377320
-0.0013709360
-0.0014383600
-0.0015235530
-0.0014706170
-0.0014466360
-0.0014223710
-0.0013837090
-0.0015025680
-0.0016148180
-0.0016750900
-0.0017101410
-0.0017959180
-0.0018728960
-0.0019370840
-0.0018572710
-0.0016733950
-0.0017336200
-0.0018842080
-0.0017776490
-0.0016074320
-0.0015055710
-0.0013856380
-0.0012348470
-0.0010828810
-0.0009380156
-0.0007918851
-0.0006410038
-0.0004899453
-0.0003457867
-0.0002084318
-0.0001747397
-0.0002050616
-0.0000892384
0.0001240771
0.0001603364
-0.0000466969
-0.0002524488
-0.0002522640
-0.0002746566
-0.0005372855
-0.0007052015
-0.0007357743
-0.0008531886
-0.0010396600
-0.0011986870
-0.0013289340
-0.0014616150
-0.0016085620
-0.0017510240
-0.0018900420
-0.0020157510
-0.0021351460
-0.0021949120
-0.0022522260
-0.0024110420
-0.0024227080
-0.0023546050
-0.0023376330
-0.0022814810
-0.0021929810
-0.0020330920
-0.0019499300
-0.0019051390
-0.0017484390
-0.0015546870
-0.0014039000
-0.0012769550
-0.0011301180
-0.0009782981
-0.0009209119
-0.0008649788
-0.0006869781
-0.0004899502
-0.0002519952
-0.0000288234
0.0000918109
0.0002916018
0.0005454257
0.0006945677
0.0008878841
0.0011350010
0.0012839740
0.0013947770
0.0015431220
0.0017146960
0.0019578520
0.0022008070
0.0023220920
0.0024190870
0.0024804020
0.0024701150
0.0025448120
0.0026575770
0.0026517230
0.0026059910
0.0026100410
0.0026295840
0.0025468240
0.0024533730
0.0024706000
0.0024139260
0.0022203290
0.0020314900
0.0018200020
0.0016077060
0.0014787330
0.0012786830
0.0010284320
0.0007910925
0.0004922903
0.0001862260
-0.0000040629
-0.0000956518
-0.0002269767
-0.0003954645
-0.0004734972
-0.0005200482
-0.0005978962
-0.0006003026
-0.0005816565
-0.0006760046
-0.0007852705
-0.0007574806
-0.0006098132
-0.0005095048
-0.0005603817
-0.0005355516
-0.0004231545
-0.0003156524
-0.0001665747
-0.0001023972
-0.0001461284
-0.0000014772
0.0002276478
0.0002970305
0.0002978141
0.0003667724
0.0004767905
0.0005592654
0.0006184888
0.0005965005
0.0005717441
0.0005854992
0.0006120162
0.0006209310
0.0006060972
0.0005039188
0.0003191502
0.0001629217
0.0000488522
-0.0000703891
-0.0002250851
-0.0002961584
-0.0003494075
-0.0004107676
-0.0005066295
-0.0005628474
-0.0005350413
-0.0004971984
-0.0004020772
-0.0003284543
-0.0002631901
-0.0002149727
-0.0001141054
0.0000548706
0.0001181077
0.0001842640
0.0003382315
0.0003958237
0.0003586743
0.0004582414
0.0006821652
0.0008468290
0.0008523531
0.0009088371
0.0011082110
0.0012851320
0.0013058460
0.0013432910
0.0014243210
0.0015510070
0.0017148530
0.0017652550
0.0018093530
0.0018615490
0.0018569750
0.0018441950
0.0018388030
0.0017441240
0.0016815020
0.0017073450
0.0016315490
0.0015439130
0.0015379870
0.0014239260
0.0012449950
0.0011861160
0.0010153730
0.0009081970
0.0008282779
0.0006785140
0.0005256427
0.0005001277
0.0004115377
0.0002696889
0.0003445719
0.0002951477
0.0000860150
0.0000389912
0.0001211098
0.0001670977
0.0002775248
0.0004256928
0.0004485861
0.0005276376
0.0007114090
0.0008914013
0.0010267000
0.0011475290
0.0012924040
0.0014522090
0.0015987760
0.0017420360
0.0018687350
0.0018996900
0.0020295150
0.0021933770
0.0022356000
0.0022826290
0.0022569900
0.0021330200
0.0021157700
0.0021795360
0.0022003840
0.0021258540
0.0018949020
0.0015999600
0.0014574830
0.0013474740
0.0011022100
0.0008539922
0.0006204978
0.0004282530
0.0001951206
0.0000267646
-0.0000858529
-0.0002719353
-0.0005571252
-0.0007345729
-0.0007735062
-0.0007333553
-0.0007706973
-0.0009286336
-0.0010329920
-0.0010964630
-0.0010719740
-0.0009712437
-0.0009396005
-0.0010149150
-0.0009521600
-0.0008305181
-0.0007387823
-0.0007734566
-0.0007498442
-0.0005582712
-0.0004285468
-0.0004822540
-0.0005452736
-0.0004606533
-0.0003133087
-0.0003132347
-0.0004428766
-0.0005592967
-0.0005229686
-0.0004575425
-0.0004626775
-0.0005683660
-0.0007635096
-0.0009304439
-0.0010474060
-0.0011814840
-0.0013490960
-0.0015079800
-0.0016530940
-0.0017990090
-0.0019391830
-0.0019948850
-0.0020550890
-0.0022342890
-0.0024233480
-0.0025636870
-0.0026891420
-0.0028281600
-0.0028900130
-0.0028510590
-0.0028320930
-0.0028551090
-0.0027834010
-0.0025877980
-0.0024162180
-0.0023015990
-0.0021726330
-0.0019332220
-0.0016813570
-0.0015497920
-0.0012747240
-0.0009285340
-0.0007732578
-0.0005907027
-0.0003749247
-0.0002225214
-0.0000775272
0.0001575217
0.0002805456
0.0003251495
0.0004846185
0.0007847378
0.0009982524
0.0009807405
0.0010115910
0.0012054630
0.0012926840
0.0012448250
0.0013161390
0.0014375680
0.0015339460
0.0015582420
0.0015345050
0.0016312320
0.0017256720
0.0017019400
0.0016753920
0.0018053510
0.0020038420
0.0020429180
0.0019490720
0.0018123930
0.0017797270
0.0018499710
0.0018824100
0.0018400250
0.0017114590
0.0016327350
0.0015587460
0.0014014640
0.0012287040
0.0010727360
0.0008380678
0.0006109020
0.0003920222
0.0002147782
0.0000947874
-0.0000443507
-0.0002125932
-0.0003697908
-0.0005123440
-0.0006574018
-0.0008018249
-0.0009486298
-0.0010861580
-0.0011289000
-0.0011917900
-0.0012720610
-0.0013884880
-0.0015498500
-0.0016111680
-0.0016907210
-0.0018403940
-0.0018936140
-0.0019655070
-0.0020234480
-0.0021508560
-0.0023068400
-0.0023336230
-0.0024098720
-0.0025751330
-0.0026086160
-0.0025461200
-0.0025540670
-0.0026918910
-0.0026554640
-0.0026520540
-0.0025863190
-0.0025369720
-0.0025450670
-0.0024543200
-0.0023778960
-0.0022821370
-0.0022299010
-0.0021473850
-0.0020958580
-0.0020063700
-0.0019479030
-0.0018455390
-0.0017941830
-0.0016856630
-0.0015004030
-0.0013591820
-0.0013650370
-0.0012808130
-0.0010702560
-0.0008827860
-0.0007800238
-0.0007840586
-0.0006803839
-0.0004729666
-0.0002967680
-0.0001788809
-0.0000548335
0.0001003700
0.0002839380
0.0005534018
0.0007397285
0.0008287215
0.0009512550
0.0011500180
0.0014414510
0.0016285280
0.0017084590
0.0018279910
0.0020076760
0.0021572110
0.0021667760
0.0022326070
0.0023119980
0.0024268760
0.0024574930
0.0024134880
0.0023754920
0.0022721820
0.0022435690
0.0022940860
0.0023137550
0.0022606420
0.0021117640
0.0020499760
0.0019856710
0.0019739960
0.0019626240
0.0018203000
0.0016198990
0.0014740250
0.0013837090
0.0013508380
0.0011329130
0.0009356625
0.0007774981
0.0007397821
0.0006867923
0.0006150110
0.0004591698
0.0003571006
0.0004478524
0.0004133156
0.0003811999
0.0004532203
0.0004266508
0.0004773453
0.0005662618
0.0007070319
0.0008253329
0.0008021733
0.0007935308
0.0009243815
0.0010251500
0.0011410510
0.0012526820
0.0012404680
0.0012380540
0.0013192030
0.0012519620
0.0011891070
0.0012169340
0.0012039310
0.0010330430
0.0008355958
0.0007468162
0.0007526972
0.0006344239
0.0004276690
0.0002565795
0.0001317028
0.0000482424
0.0000185583
-0.0001096282
-0.0003054906
-0.0004697207
-0.0005504246
-0.0005625024
-0.0006460021
-0.0007318348
-0.0008388664
-0.0008955289
-0.0010119950
-0.0011446610
-0.0011389360
-0.0010837330
-0.0010864420
-0.0011213040
-0.0011347810
-0.0011681320
-0.0012290350
-0.0011802430
-0.0012274690
-0.0012383750
-0.0011128540
-0.0010713770
-0.0011254600
-0.0011532530
-0.0011317090
-0.0010673290
-0.0009569113
-0.0009477079
-0.0009963964
-0.0009557440
-0.0007726242
-0.0006301059
-0.0006682414
-0.0006927561
-0.0005648787
-0.0004518652
-0.0004259409
-0.0005167717
-0.0004504641
-0.0003219006
-0.0002147356
-0.0002292636
-0.0002357951
-0.0001138746
-0.0000629874
-0.0001046343
-0.0000854898
0.0000452654
0.0000824432
0.0000307262
0.0000079162
0.0000332296
0.0000572289
0.0000475736
0.0000369848
0.0000426950
-0.0000016353
-0.0001180025
-0.0001362143
-0.0000846973
-0.0001166633
-0.0002620018
-0.0002982167
-0.0002363600
-0.0002012967
-0.0002169293
-0.0001962983
-0.0000843540
-0.0000089764
0.0000652980
0.0000706172
0.0000463049
0.0000486043
0.0000678080
0.0001199030
0.0002313354
0.0002536965
0.0002518086
0.0003559564
0.0003990203
0.0003623158
0.0003428652
0.0003604925
0.0003770373
0.0003748845
0.0003239362
0.0002096354
0.0001467318
0.0000312738
-0.0000921818
-0.0001218718
-0.0002311553
-0.0003729259
-0.0004669291
-0.0006526706
-0.0007384919
-0.0007848558
-0.0007869246
-0.0007722317
-0.0007749135
-0.0007941287
-0.0008094102
-0.0007601684
-0.0006778798
-0.0007746241
-0.0008470612
-0.0008168145
-0.0007329514
-0.0006641244
-0.0007845374
-0.0008628775
-0.0008181104
-0.0007728017
-0.0007832650
-0.0008542982
-0.0009752836
-0.0009779754
-0.0009221193
-0.0009638044
-0.0010636540
-0.0010249410
-0.0010604540
-0.0011077770
-0.0010982680
-0.0011258820
-0.0012529750
-0.0012890130
-0.0012308940
-0.0012063540
-0.0012320700
-0.0012065160
-0.0010818670
-0.0010516710
-0.0010607440
-0.0009675364
-0.0008857094
-0.0007975418
-0.0007621497
-0.0006724154
-0.0005862168
-0.0003715587
-0.0002732165
-0.0002024726
-0.0000492148
0.0001295688
0.0002804357
0.0004077089
0.0005247020
0.0005509244
0.0006380858
0.0008138030
0.0008727500
0.0008181985
0.0008931412
0.0009985956
0.0009882116
0.0009596336
0.0010634220
0.0011592340
0.0011265670
0.0010766490
0.0010856140
0.0011196940
0.0012156080
0.0013026110
0.0013551330
0.0013302520
0.0013082400
0.0014080430
0.0014408300
0.0014112540
0.0014724760
0.0014974920
0.0014749430
0.0014646810
0.0013828440
0.0013712000
0.0014085290
0.0013494720
0.0012181730
0.0012119990
0.0011989950
0.0010939290
0.0010017400
0.0008616775
0.0007720658
0.0007615551
0.0006767638
0.0006426540
0.0006227064
0.0005117565
0.0004783979
0.0005284736
0.0005483941
0.0005247796
0.0005068352
0.0005111571
0.0005200339
0.0005208772
0.0005173631
0.0005395763
0.0006679633
0.0006925603
0.0005173841
0.0004615603
0.0006380431
0.0006392584
0.0006166763
0.0005311317
0.0004854017
0.0005237775
0.0005528693
0.0005400023
0.0005211817
0.0005201667
0.0005275556
0.0005310927
0.0005359745
0.0005526046
0.0006529665
0.0007389686
0.0007851427
0.0006251222
0.0004396727
0.0004910093
0.0005900860
0.0005844882
0.0005323712
0.0005162554
0.0005326273
0.0005497158
0.0006368388
0.0007282815
0.0007023583
0.0007219310
0.0008399641
0.0008640067
0.0008129963
0.0007975491
0.0008216492
0.0008373598
0.0008351899
0.0008349967
0.0008353195
0.0007563849
0.0005162465
0.0004797792
0.0007114339
0.0007910193
0.0006918791
0.0006246912
0.0006495773
0.0006758813
0.0005765786
0.0004935982
0.0005253920
0.0005656742
0.0005551009
0.0005245737
0.0005137499
0.0005242029
0.0005308305
0.0004590794
0.0004100710
0.0004599560
0.0003950138
0.0003522476
0.0003733356
0.0003923058
0.0003841349
0.0003717449
0.0003710099
0.0003758968
0.0003776173
0.0003760659
0.0003732961
0.0003650773
0.0003625801
0.0003662310
0.0003678583
0.0003515718
0.0002411795
0.0001576762
0.0000952727
-0.0000336088
-0.0001132687
-0.0001738706
-0.0003352299
-0.0004999201
-0.0005588972
-0.0005811537
-0.0007373773
-0.0008812548
-0.0009181118
-0.0010220020
-0.0011422040
-0.0011866660
-0.0013079510
-0.0014517290
-0.0014867910
-0.0015465140
-0.0015714390
-0.0015603090
-0.0015606260
-0.0015730160
-0.0015801070
-0.0015645950
-0.0014597070
-0.0013929040
-0.0014174330
-0.0013443370
-0.0012527040
-0.0011735360
-0.0010273620
-0.0009571281
-0.0010033200
-0.0009505767
-0.0007493394
-0.0006288872
-0.0006217230
-0.0005019852
-0.0003645053
-0.0003800126
-0.0003880853
-0.0002605062
-0.0002523087
-0.0003694088
-0.0002559566
-0.0000440463
-0.0000087306
0.0000467760
0.0001993463
0.0002350887
0.0001786235
0.0001505531
0.0000948346
0.0001366215
0.0001323083
0.0000466144
0.0000346924
0.0000620913
-0.0000195336
-0.0001269512
-0.0001796929
-0.0003096379
-0.0004135119
-0.0005167345
-0.0007501799
-0.0008658853
-0.0008456371
-0.0009160903
-0.0009657123
-0.0009915628
-0.0011237050
-0.0012920050
-0.0012959220
-0.0012203450
-0.0012120980
-0.0012536620
-0.0012742160
-0.0012640720
-0.0012526860
-0.0012479450
-0.0011623630
-0.0010609740
-0.0010011980
-0.0009566144
-0.0009043645
-0.0007383955
-0.0006177752
-0.0006635984
-0.0006096954
-0.0003625690
-0.0003034849
-0.0003540411
-0.0002227716
-0.0000403591
-0.0000487612
-0.0000822876
0.0001612166
0.0002925654
0.0002042567
0.0001518158
0.0002880769
0.0004148089
0.0004867493
0.0005043708
0.0004721285
0.0004637030
0.0004853113
0.0004953126
0.0004083532
0.0003621690
0.0004894448
0.0004673974
0.0002457664
0.0001086135
0.0001157326
0.0000236455
-0.0001238245
-0.0001327876
-0.0000772750
-0.0000738785
-0.0001068450
-0.0001217885
-0.0001132094
-0.0001191565
-0.0002291268
-0.0003191787
-0.0003883751
-0.0004153111
-0.0003099114
-0.0002914531
-0.0004198063
-0.0003753816
-0.0003062464
-0.0003999011
-0.0004491067
-0.0004148346
-0.0003877384
-0.0003983363
-0.0004150392
-0.0004621468
-0.0005293638
-0.0004263272
-0.0003784310
-0.0005440437
-0.0005988249
-0.0004048291
-0.0002943004
-0.0002501677
-0.0001413608
-0.0000731194
-0.0000014872
0.0000645198
0.0001699665
0.0003396990
0.0004836096
0.0005112007
0.0005466075
0.0007241192
0.0008333596
0.0008711700
0.0009273976
0.0009307711
0.0010038750
0.0011883670
0.0013536450
0.0014026060
0.0013460900
0.0013912230
0.0016084640
0.0017453710
0.0016830290
0.0016134230
0.0016353140
0.0016801580
0.0016871930
0.0016710710
0.0016634060
0.0016678170
0.0016722310
0.0016712190
0.0016258860
0.0015498190
0.0016442250
0.0017231420
0.0017118700
0.0017958630
0.0018244960
0.0016652160
0.0015962580
0.0016662170
0.0017318730
0.0018218150
0.0018663170
0.0019248050
0.0019776190
0.0019657920
0.0019473480
0.0019717530
0.0020967290
0.0021705350
0.0021242910
0.0020836970
0.0021007100
0.0021334790
0.0021419340
0.0021186010
0.0020203510
0.0019292160
0.0018656820
0.0017281330
0.0016529970
0.0016278970
0.0014769640
0.0013477590
0.0012470600
0.0010754190
0.0010008130
0.0008868796
0.0007834754
0.0006905652
0.0005035570
0.0004771297
0.0004628446
0.0002420772
0.0001141524
0.0000280605
-0.0000718023
-0.0000752663
-0.0000764514
-0.0001945268
-0.0002507203
-0.0002348016
-0.0003351538
-0.0003972993
-0.0003621687
-0.0003340490
-0.0003494569
-0.0003697457
-0.0003703226
-0.0003621476
-0.0003732155
-0.0004639242
-0.0004454478
-0.0004482874
-0.0005296588
-0.0006481257
-0.0006845364
-0.0006284414
-0.0006062206
-0.0006334919
-0.0006606296
-0.0007474757
-0.0008402924
-0.0008186386
-0.0008568367
-0.0009610027
-0.0009650012
-0.0009248025
-0.0009212079
-0.0009428117
-0.0009582434
-0.0010487120
-0.0012248200
-0.0012000360
-0.0010248290
-0.0009338416
-0.0010047430
-0.0010680440
-0.0010520100
-0.0011005110
-0.0011070390
-0.0010830600
-0.0011571380
-0.0011840990
-0.0011614680
-0.0012282890
-0.0011602070
-0.0010357840
-0.0010510600
-0.0011117920
-0.0010310700
-0.0009023137
-0.0009188673
-0.0010551720
-0.0010640680
-0.0009198077
-0.0008883292
-0.0009424679
-0.0008849697
-0.0007737024
-0.0007797049
-0.0008325851
-0.0009142638
-0.0009010701
-0.0008601257
-0.0009322458
-0.0008742421
-0.0007509801
-0.0007560379
-0.0007237865
-0.0006310046
-0.0006288807
-0.0006647380
-0.0006660924
-0.0006456059
-0.0006371399
-0.0006376500
-0.0005527092
-0.0003705659
-0.0002900588
-0.0002704785
-0.0002159251
-0.0002100959
-0.0002239941
-0.0002869594
-0.0003057147
-0.0001857095
-0.0001561656
-0.0002084320
-0.0002331416
-0.0002147555
-0.0001974612
-0.0002005812
-0.0002728081
-0.0003158507
-0.0002662362
-0.0003270776
-0.0003683425
-0.0003489775
-0.0003308096
-0.0003381966
-0.0003499036
-0.0003507467
-0.0003461887
-0.0003436760
-0.0002790076
-0.0001052525
-0.0000673755
-0.0002375237
-0.0003529002
-0.0003830499
-0.0003340112
-0.0003071551
-0.0003314430
-0.0004254701
-0.0004692706
-0.0003393770
-0.0002896263
-0.0003418166
-0.0003058342
-0.0001747971
-0.0000904450
-0.0000306355
-0.0000532194
-0.0000186474
0.0001069793
0.0001273108
0.0001436309
0.0002365669
0.0002538547
0.0002187812
0.0002105295
0.0002291896
0.0002404259
0.0002363770
0.0002304863
0.0002303836
0.0002327442
0.0002390745
0.0003232013
0.0003292572
0.0002060209
0.0001908013
0.0002519588
0.0002769092
0.0003489157
0.0005146588
0.0005841673
0.0005197078
0.0004761750
0.0004163352
0.0003514049
0.0003767005
0.0004168037
0.0005028371
0.0006672678
0.0007277229
0.0005705805
0.0004362657
0.0004953440
0.0005762617
0.0005679019
0.0005260839
0.0005153021
0.0005344447
0.0006218404
0.0006190089
0.0004985314
0.0004867761
0.0005411531
0.0005521644
0.0004402496
0.0003285502
0.0003523784
0.0003056142
0.0002117629
0.0002159375
0.0002520650
0.0002508687
0.0002162485
0.0001071648
0.0000467222
0.0000748015
0.0000000328
-0.0000879816
-0.0000712557
-0.0000348677
-0.0000407217
-0.0000772631
-0.0001916976
-0.0002695808
-0.0003263770
-0.0003569779
-0.0003366251
-0.0003264213
-0.0003557824
-0.0004722477
-0.0005451841
-0.0005062868
-0.0004815702
-0.0006041711
-0.0007013891
-0.0006644879
-0.0006172772
-0.0006281938
-0.0006561253
-0.0006466642
-0.0005278425
-0.0004513360
-0.0004945299
-0.0005353701
-0.0005054373
-0.0003700127
-0.0002957100
-0.0003325883
-0.0002730153
-0.0001673425
-0.0000562940
-0.0000246830
-0.0000464522
0.0000797122
0.0002505602
0.0001608153
0.0001586716
0.0002442933
0.0002607712
0.0002331730
0.0002241680
0.0002360802
0.0002441627
0.0002416258
0.0002374564
0.0002356165
0.0002522882
0.0004006493
0.0005767529
0.0005930907
0.0006129864
0.0005257426
0.0004715332
0.0005190990
0.0005583965
0.0005452361
0.0005455252
0.0006704441
0.0007486818
0.0008014034
0.0006894124
0.0005867240
0.0005085885
0.0004689182
0.0003535452
0.0002154678
0.0002182584
0.0002741481
0.0002725727
0.0002376693
0.0002240256
0.0002297672
0.0001398081
-0.0000958954
-0.0001342964
-0.0000295392
0.0000005231
-0.0000503372
-0.0001308096
-0.0002420800
-0.0002886837
-0.0003471145
-0.0004467886
-0.0006574514
-0.0006965678
-0.0006566706
-0.0007553092
-0.0008673634
-0.0009634127
-0.0010055490
-0.0011299940
-0.0012716670
-0.0013084200
-0.0014197630
-0.0015620170
-0.0015520480
-0.0014953840
-0.0015004580
-0.0015361310
-0.0015471330
-0.0014665980
-0.0013450290
-0.0013536120
-0.0014109610
-0.0014138980
-0.0013144000
-0.0011871250
-0.0011309940
-0.0010123850
-0.0008445881
-0.0006889875
-0.0006206796
-0.0005295483
-0.0003354026
-0.0002473414
-0.0001374253
-0.0000378877
-0.0000545000
-0.0000248343
0.0001647961
0.0002964109
0.0002391477
0.0002438405
0.0004482228
0.0005976444
0.0005440052
0.0004715960
0.0004890147
0.0005337133
0.0005538745
0.0007195397
0.0009057041
0.0008622824
0.0008666916
0.0010615100
0.0011795820
0.0011267100
0.0011615870
0.0012815080
0.0012863870
0.0012353390
0.0012351420
0.0013455800
0.0013580900
0.0011422990
0.0010230210
0.0011034690
0.0011726790
0.0011462840
0.0011025020
0.0010838400
0.0009916068
0.0009119971
0.0008384828
0.0008016389
0.0008352337
0.0008254427
0.0005873019
0.0004252551
0.0004936301
0.0004544895
0.0002456265
0.0001611144
0.0002326897
0.0002753153
0.0002436249
0.0002100616
0.0002117026
0.0002259186
0.0002293680
0.0002244283
0.0002215199
0.0002226933
0.0002241465
0.0002476207
0.0003742285
0.0004198648
0.0003419527
0.0001868920
0.0001660544
0.0002514383
0.0002801146
0.0002431229
0.0002151615
0.0002138600
0.0002240035
0.0002285331
0.0002247245
0.0001776026
0.0000648637
0.0000011508
-0.0000686326
-0.0000741796
-0.0000446576
-0.0000455536
-0.0001134078
-0.0002436603
-0.0003016904
-0.0003547996
-0.0003581267
-0.0003391571
-0.0003504211
-0.0003700965
-0.0003737036
-0.0003647726
-0.0003541506
-0.0003538891
-0.0002940098
-0.0001888180
-0.0001914638
-0.0001701927
-0.0000615232
-0.0001113962
-0.0001969802
-0.0000873647
-0.0000191072
-0.0000558314
-0.0000921197
-0.0000821669
0.0000074210
0.0001234248
0.0001085355
-0.0000179419
-0.0001328997
-0.0000963833
-0.0000311328
-0.0000361415
-0.0000717576
-0.0000823494
-0.0000652659
-0.0000510747
-0.0000552268
-0.0000570949
0.0000277367
0.0001218943
0.0000981120
0.0000464851
-0.0000386413
-0.0001095662
-0.0000758395
-0.0000364012
-0.0000486483
-0.0000817515
-0.0002020101
-0.0003819783
-0.0004090761
-0.0003293030
-0.0002942108
-0.0002337176
-0.0001944131
-0.0002248185
-0.0002468433
-0.0002456739
-0.0003008907
-0.0001701329
-0.0000884013
-0.0000915168
-0.0000673337
-0.0000652797
-0.0000544369
0.0000904622
0.0002536138
0.0001481943
0.0001428389
0.0002340905
0.0002538030
0.0002249107
0.0002126258
0.0002160942
0.0002218417
0.0002232216
0.0001750513
-0.0000730359
-0.0001613039
-0.0000787492
-0.0001521915
-0.0002436684
-0.0002332258
-0.0002447719
-0.0003614807
-0.0003985097
-0.0003528933
-0.0003319797
-0.0003522750
-0.0003700466
-0.0003675626
-0.0003595394
-0.0003578329
-0.0003141099
-0.0001951787
-0.0001778280
-0.0001804275
-0.0000821924
-0.0000445473
-0.0000789845
-0.0000959404
-0.0000792591
-0.0000635111
0.0000051986
0.0001772058
0.0002755001
0.0002194213
0.0002380166
0.0004455382
0.0005904391
0.0005345253
0.0004623374
0.0003997373
0.0003285248
0.0002656836
0.0001949455
0.0000357286
-0.0001350913
-0.0001916367
-0.0003000327
-0.0003912640
-0.0005467976
-0.0007142589
-0.0006850025
-0.0006977856
-0.0008035445
-0.0008310409
-0.0008881754
-0.0009762803
-0.0009666485
-0.0009292310
-0.0009323435
-0.0009548360
-0.0009757906
-0.0010569830
-0.0010170430
-0.0009139346
-0.0009042870
-0.0008313320
-0.0006666511
-0.0006190086
-0.0006837830
-0.0007096298
-0.0006765523
-0.0006499999
-0.0006398237
-0.0005431037
-0.0004587820
-0.0003858137
-0.0003648596
-0.0004859808
-0.0004625156
-0.0003326584
-0.0003190115
-0.0003732733
-0.0003767031
-0.0002676180
-0.0002881242
-0.0003823924
-0.0002929675
-0.0002813091
-0.0003810141
-0.0003802634
-0.0002335934
-0.0001437608
-0.0000761324
-0.0000644417
-0.0000741314
0.0000493579
0.0001403308
0.0001953958
0.0001086789
0.0001506928
0.0002407964
0.0002383246
0.0002023041
0.0001982223
0.0002148876
0.0002222506
0.0002175188
0.0002130131
0.0002135711
0.0002391199
0.0003887299
0.0005541044
0.0005503639
0.0004984700
0.0006197604
0.0007300243
0.0008146109
0.0008190630
0.0007802510
0.0007777339
0.0008023715
0.0008379947
0.0009830863
0.0011258600
0.0010138100
0.0010158510
0.0011123810
0.0011290110
0.0010889680
0.0010750570
0.0010917580
0.0010792640
0.0009256795
0.0007548693
0.0007665002
0.0008477764
0.0008054128
0.0005140023
0.0004061279
0.0005000241
0.0004159643
0.0002044369
0.0001202662
-0.0000523820
-0.0001203999
-0.0000510077
-0.0000215879
-0.0000606694
-0.0001381827
-0.0003794386
-0.0004534703
-0.0003458864
-0.0002974918
-0.0003453671
-0.0003873167
-0.0004106046
-0.0005213664
-0.0005545188
-0.0005077149
-0.0004459515
-0.0003887579
-0.0005002456
-0.0005220782
-0.0004104344
-0.0004265330
-0.0004341025
-0.0005173910
-0.0005534209
-0.0005167464
-0.0005332023
-0.0006673602
-0.0007140000
-0.0006608714
-0.0006336847
-0.0006561658
-0.0006776129
-0.0007226471
-0.0009678130
-0.0010575200
-0.0009519349
-0.0008980924
-0.0009441394
-0.0009881594
-0.0009839601
-0.0009663036
-0.0009358513
-0.0007466574
-0.0005906874
-0.0006363839
-0.0007148118
-0.0007009645
-0.0006524373
-0.0006394247
-0.0006084391
-0.0004978393
-0.0004745840
-0.0005234839
-0.0005172424
-0.0003747982
-0.0003153092
-0.0003703773
-0.0004045777
-0.0003613743
-0.0002184008
-0.0001765326
-0.0002377127
-0.0002427993
-0.0000901573
-0.0000228711
-0.0000887560
-0.0001300308
-0.0001048332
-0.0000767612
-0.0000786631
-0.0000911711
-0.0000705229
0.0000374132
-0.0000180423
-0.0000157500
-0.0000483465
0.0000063691
-0.0000253175
0.0000283735
0.0001155403
0.0001990850
0.0001101604
0.0001422164
0.0002321285
0.0002328346
0.0001744195
0.0000424688
0.0000113252
0.0000664539
0.0000936579
0.0000638881
0.0000370657
0.0000414181
0.0000535451
0.0000548529
0.0000515754
0.0000343679
-0.0000648589
-0.0000093770
-0.0000149058
0.0000173030
-0.0000595742
-0.0001546734
-0.0002310825
-0.0001368454
-0.0001704061
-0.0002614887
-0.0002539425
-0.0001967068
-0.0001040024
-0.0001882330
-0.0004088744
-0.0004750297
-0.0004874012
-0.0005176022
-0.0005313267
-0.0006448166
-0.0008306673
-0.0008591394
-0.0006889461
-0.0006989028
-0.0008484717
-0.0008747345
-0.0008162509
-0.0008074026
-0.0009227513
-0.0009024846
-0.0008016200
-0.0009050529
-0.0010286530
-0.0010014380
-0.0009422106
-0.0009579292
-0.0010897250
-0.0011659450
-0.0011186350
-0.0010765810
-0.0010790370
-0.0010179320
-0.0010554750
-0.0011498400
-0.0011297700
-0.0009817376
-0.0008934941
-0.0008575984
-0.0009259421
-0.0009095579
-0.0008071713
-0.0008001527
-0.0008295332
-0.0007432457
-0.0007406814
-0.0007216710
-0.0005513149
-0.0004593710
-0.0004074379
-0.0002603983
-0.0000822456
0.0000555653
0.0000625614
0.0000046422
0.0000194578
0.0001822508
0.0003733989
0.0003894915
0.0003316896
0.0005094224
0.0006044190
0.0006098512
0.0007596754
0.0009432985
0.0009659181
0.0008922291
0.0008926143
0.0010429920
0.0011535150
0.0012134150
0.0012344930
0.0012078830
0.0012076720
0.0013164310
0.0013102250
0.0013208490
0.0014893080
0.0015659840
0.0015025030
0.0014757820
0.0016261290
0.0018228860
0.0017590400
0.0017051950
0.0017907440
0.0018473200
0.0019337480
0.0020008000
0.0020697790
0.0021096730
0.0020734230
0.0019715650
0.0020290070
0.0021538100
0.0021482720
0.0020752080
0.0019706950
0.0020184450
0.0020489130
0.0020626880
0.0020054850
0.0019363910
0.0020585970
0.0021706760
0.0021163240
0.0019344120
0.0017477770
0.0016599900
0.0017808840
0.0018840000
0.0017333410
0.0015772550
0.0015068820
0.0015051480
0.0015279170
0.0014087530
0.0012239650
0.0012717120
0.0013173580
0.0012401580
0.0011886650
0.0011010920
0.0010379610
0.0009522456
0.0007971170
0.0007338928
0.0006696331
0.0005049362
0.0003387179
0.0003236938
0.0003861534
0.0003889377
0.0003349438
0.0002070596
0.0001307707
0.0000796372
0.0000353590
-0.0000552871
-0.0001322017
-0.0002157879
-0.0002615900
-0.0002288226
-0.0002276384
-0.0003775970
-0.0005832882
-0.0005906525
-0.0004957644
-0.0004805410
-0.0005429430
-0.0006571125
-0.0006278452
-0.0006494902
-0.0008298492
-0.0008735348
-0.0007971402
-0.0007936638
-0.0009561580
-0.0010277920
-0.0009907075
-0.0010776690
-0.0011457990
-0.0011186530
-0.0011142120
-0.0012299920
-0.0011913350
-0.0012199740
-0.0013070860
-0.0013978100
-0.0012951370
-0.0012258550
-0.0013688850
-0.0013400770
-0.0012344590
-0.0012348280
-0.0012798410
-0.0012643120
-0.0011176390
-0.0010635230
-0.0011315910
-0.0011681150
-0.0011406440
-0.0010902580
-0.0009662098
-0.0009091427
-0.0008402754
-0.0008264388
-0.0008583205
-0.0008612225
-0.0008394209
-0.0008062821
-0.0006925815
-0.0006559792
-0.0007065836
-0.0007299667
-0.0007075264
-0.0006638246
-0.0005626918
-0.0006296669
-0.0006058484
-0.0005370523
-0.0005348346
-0.0005648174
-0.0005412544
-0.0004278905
-0.0005080736
-0.0006108267
-0.0005855655
-0.0005340919
-0.0005346481
-0.0005593541
-0.0005673075
-0.0005594982
-0.0005523502
-0.0005455102
-0.0005453326
-0.0005271084
-0.0004089739
-0.0003864034
-0.0005313688
-0.0004967875
-0.0004825202
-0.0004321471
-0.0005107402
-0.0005663057
-0.0004368746
-0.0004557394
-0.0004353605
-0.0003923545
-0.0003799898
-0.0002707490
-0.0001965415
-0.0001359617
-0.0002197701
-0.0001734664
-0.0000585307
0.0000339263
-0.0000576902
-0.0000357937
0.0000495730
0.0000555763
0.0000304954
0.0000208836
0.0000371590
0.0000730805
0.0001743924
0.0000935947
-0.0000119191
0.0000109001
0.0000647324
0.0000661722
0.0000644166
0.0001809813
0.0002259924
0.0001508925
-0.0000020924
-0.0000058526
0.0001645806
0.0001257851
-0.0000063292
-0.0000114591
0.0000422208
0.0000492152
0.0000295412
0.0000169680
0.0000169086
0.0000228610
0.0000110236
-0.0000930435
-0.0001478214
-0.0000215564
-0.0000212804
-0.0001617793
-0.0002823135
-0.0002088703
-0.0001776085
-0.0002654090
-0.0002971891
-0.0002900448
-0.0003806702
-0.0004551887
-0.0004256944
-0.0003903032
-0.0004159126
-0.0005329898
-0.0004990731
-0.0003788251
-0.0003784981
-0.0004547238
-0.0005600089
-0.0004848316
-0.0002556686
-0.0001930828
-0.0002918352
-0.0003392176
-0.0002848241
-0.0001246649
0.0000456308
0.0000625424
-0.0000117084
-0.0000151833
0.0001399237
0.0003484934
0.0004938246
0.0005886796
0.0005840302
0.0004600504
0.0005144807
0.0007456170
0.0007320350
0.0006668388
0.0008250009
0.0009646932
0.0009211500
0.0008561558
0.0008689007
0.0009859816
0.0010140510
0.0009716459
0.0009469571
0.0008702104
0.0008674083
0.0009111428
0.0010041110
0.0010031240
0.0008638601
0.0008336861
0.0008242790
0.0006677150
0.0005375693
0.0005125391
0.0004664388
0.0004513961
0.0003884553
0.0002082977
0.0000909960
0.0000965526
0.0000345690
-0.0000058196
0.0000083414
0.0000179517
0.0000063904
-0.0000043217
-0.0000034057
0.0000012675
0.0000022694
0.0000006139
-0.0000002946
0.0000001165
0.0000006022
0.0000005608
0.0000003353
0.0000002749
0.0000003450
0.0000003815
0.0000019175
0.0000103372
0.0000280237
0.0001196774
0.0001012957
0.0000836464
0.0000490701
0.0000022101
0.0001056727
0.0001065638
-0.0000004133
-0.0000288783
-0.0000710939
-0.0000413702
0.0000640657
-0.0000153586
-0.0000817077
-0.0000565319
-0.0000184024
-0.0000190202
-0.0000328588
0.0000486240
0.0000663737
0.0000326732
0.0000244540
-0.0000265750
-0.0000617816
0.0001251746
0.0002747104
0.0001517557
-0.0000340549
0.0000502346
0.0001880035
0.0001551662
0.0001754953
0.0001990493
0.0002440779
0.0003100204
0.0002539954
0.0003130369
0.0003772153
0.0003605894
0.0003327110
0.0003371245
0.0003763742
0.0005072006
0.0005238690
0.0003861722
0.0005686196
0.0007162500
0.0005065032
0.0002750399
0.0004018510
0.0004480415
0.0003613643
0.0003261392
0.0003339373
0.0002255784
0.0000517430
0.0001054878
0.0001468874
0.0000618741
0.0000252265
0.0000433217
-0.0000310724
-0.0001424448
-0.0002110873
-0.0002534563
-0.0002312472
-0.0002239307
-0.0003240935
-0.0003734751
-0.0003082747
-0.0003706540
-0.0004912100
-0.0005788486
-0.0004318920
-0.0002047689
-0.0002750080
-0.0003125779
-0.0002593981
-0.0002337726
-0.0002504166
-0.0002601979
-0.0002525268
-0.0002459067
-0.0002475346
-0.0002746654
-0.0003788327
-0.0002723729
-0.0000441956
-0.0000401192
-0.0002552172
-0.0003535301
-0.0002511034
-0.0000804300
-0.0000326890
-0.0001170067
-0.0002432635
-0.0002205431
-0.0000717548
-0.0000528887
-0.0001125757
-0.0000455913
0.0000757472
0.0000722527
0.0000283904
0.0000947000
0.0001627176
0.0001080176
0.0001622989
0.0002608289
0.0003649130
0.0003618030
0.0003129335
0.0003105161
0.0003386387
0.0003748792
0.0004712900
0.0004060825
0.0004103984
0.0003587999
0.0003300743
0.0004535494
0.0004315544
0.0003075900
0.0002981666
0.0003514678
0.0003662417
0.0003447253
0.0003309897
0.0003300615
0.0002465702
0.0001498465
0.0001794924
0.0002330970
0.0002255845
0.0001942397
0.0001210086
-0.0000441295
-0.0001454194
-0.0000917490
-0.0000384131
-0.0000610124
-0.0000991870
-0.0001044283
-0.0001367587
-0.0002048309
-0.0001547798
-0.0002052979
-0.0002625779
-0.0002484109
-0.0002240677
-0.0002282380
-0.0002421819
-0.0002452050
-0.0002403724
-0.0002230535
-0.0001162767
-0.0000534933
-0.0000977087
-0.0001259860
-0.0001107072
-0.0000941707
-0.0000931999
-0.0000992889
-0.0001017708
-0.0001001967
-0.0000984066
-0.0000926178
-0.0000867833
-0.0000895281
-0.0001614737
-0.0002101132
-0.0001610423
-0.0002192446
-0.0002600642
-0.0002416627
-0.0001810080
-0.0001191989
-0.0002244840
-0.0002939744
-0.0002534492
-0.0001697919
-0.0001032416
-0.0002423553
-0.0004515723
-0.0004310267
-0.0002259341
-0.0002883364
-0.0004367184
-0.0004515154
-0.0004834937
-0.0004472808
-0.0004692550
-0.0005571263
-0.0005633017
-0.0005279125
-0.0005207650
-0.0005371375
-0.0005457725
-0.0005357546
-0.0005186923
-0.0004304454
-0.0003398195
-0.0002934293
-0.0002348408
-0.0002384750
-0.0002599770
-0.0001880178
0.0000055759
0.0001181473
0.0000568638
0.0000432500
0.0001880364
0.0002959111
0.0003676475
0.0003564510
0.0003217406
0.0003278292
0.0003527703
0.0003609116
0.0003536944
0.0003482768
0.0003496927
0.0003523634
0.0003525659
0.0003515645
0.0003366294
0.0002133979
0.0000332116
0.0000031498
0.0000887515
0.0001107292
-0.0000227951
-0.0001503410
-0.0001215311
-0.0001490176
-0.0002517211
-0.0002590096
-0.0002213795
-0.0002832116
-0.0004797955
-0.0005971549
-0.0005400959
-0.0004852914
-0.0005077058
-0.0004995414
-0.0003845189
-0.0003513800
-0.0003992743
-0.0004192155
-0.0004432855
-0.0004990393
-0.0004013876
-0.0003597251
-0.0005028538
-0.0004360597
-0.0001986516
-0.0001581736
-0.0002610525
-0.0002958525
-0.0002512817
-0.0002041018
-0.0001176736
-0.0001562163
-0.0001752292
-0.0001893024
-0.0001369858
-0.0000545999
-0.0000662436
-0.0001057366
-0.0001215098
-0.0001984026
-0.0001640566
-0.0000470182
-0.0000407315
-0.0000117738
-0.0000117123
-0.0000211180
0.0000625467
0.0000002019
-0.0000404359
0.0000696689
0.0001057155
0.0000616755
-0.0000308264
-0.0000585325
0.0001425858
0.0002933084
0.0001661655
0.0000424375
0.0001694935
0.0002617553
0.0003012229
0.0004418330
0.0005462143
0.0004596250
0.0003370484
0.0004565515
0.0005652325
0.0005324539
0.0004785088
0.0004810382
0.0005067774
0.0005139751
0.0005054665
0.0005000150
0.0005020010
0.0005048842
0.0005049242
0.0005037707
0.0005034524
0.0005039299
0.0004806398
0.0003532158
0.0003309212
0.0005127801
0.0005864795
0.0005085985
0.0004436433
0.0003749326
0.0004448038
0.0005567209
0.0005407532
0.0004839208
0.0004782379
0.0005184435
0.0006238970
0.0005914948
0.0005710680
0.0006570663
0.0006807446
0.0006494394
0.0006363332
0.0006550556
0.0007505590
0.0008392425
0.0008093647
0.0007639460
0.0007722092
0.0008000778
0.0008753369
0.0009100154
0.0007857066
0.0008100251
0.0009073037
0.0008887589
0.0009374680
0.0008908086
0.0007555063
0.0006859337
0.0006438238
0.0006626767
0.0006366009
0.0005029330
0.0004638191
0.0005147758
0.0004941611
0.0004022634
0.0004303183
0.0003816612
0.0003352225
0.0003518128
0.0003720982
0.0003651838
0.0003059590
0.0002305087
0.0003361242
0.0004119200
0.0003723560
0.0003296704
0.0003146733
0.0002338362
0.0003192410
0.0004112530
0.0003805795
0.0003316269
0.0003349219
0.0003814054
0.0004849508
0.0004008115
0.0003020591
0.0003509154
0.0004983210
0.0004213759
0.0003036820
0.0003210837
0.0003767109
0.0003812594
0.0003566933
0.0003271519
0.0002208726
0.0001662835
0.0002092773
0.0002262495
0.0001066318
0.0000173024
0.0000400477
-0.0000243924
-0.0001070267
-0.0001075345
-0.0001829740
-0.0002746541
-0.0003489792
-0.0002933411
-0.0003131008
-0.0005171527
-0.0006053052
-0.0005296539
-0.0004802167
-0.0005238910
-0.0006611587
-0.0007274639
-0.0006748790
-0.0006352848
-0.0006598583
-0.0007714630
-0.0007793355
-0.0006502560
-0.0007096562
-0.0008584166
-0.0008573312
-0.0007859266
-0.0006951047
-0.0007182833
-0.0008489668
-0.0008614938
-0.0008018450
-0.0007825823
-0.0008111263
-0.0009179158
-0.0010105890
-0.0009815951
-0.0010180040
-0.0010401560
-0.0010360380
-0.0011189960
-0.0012061910
-0.0012184470
-0.0011568220
-0.0012378840
-0.0012918060
-0.0012683510
-0.0013080840
-0.0013574630
-0.0013251790
-0.0013879990
-0.0013575450
-0.0012252610
-0.0012770610
-0.0014499380
-0.0014617550
-0.0013823190
-0.0013614960
-0.0014597170
-0.0015905680
-0.0015151890
-0.0013405150
-0.0013389510
-0.0013574990
-0.0012697590
-0.0012398910
-0.0012694210
-0.0013242450
-0.0013772810
-0.0012247320
-0.0010380040
-0.0010595840
-0.0011528260
-0.0011584740
-0.0011105230
-0.0010435290
-0.0009355957
-0.0008809053
-0.0007684893
-0.0005997457
-0.0004877756
-0.0004716434
-0.0003525856
-0.0001475379
0.0000194933
0.0000900203
0.0000992984
0.0002368835
0.0004042820
0.0004458139
0.0005373771
0.0006744669
0.0006831830
0.0006748714
0.0008317599
0.0010028220
0.0009865794
0.0009100403
0.0009493807
0.0011345200
0.0013003190
0.0012781020
0.0011964760
0.0011748470
0.0011020890
0.0010773930
0.0011155200
0.0011067460
0.0009832837
0.0010255330
0.0010012240
0.0009360660
0.0009404280
0.0009445833
0.0008258120
0.0007676120
0.0007830299
0.0006913656
0.0006558450
0.0007836756
0.0007324381
0.0006245841
0.0006312554
0.0006551640
0.0005580729
0.0005954356
0.0005588895
0.0004725091
0.0003825316
0.0004587551
0.0005584187
0.0004273328
0.0002956042
0.0003177047
0.0002607303
0.0000835357
0.0000240962
0.0000903792
0.0001084811
-0.0000325295
-0.0001471180
-0.0002120283
-0.0002327580
-0.0002184896
-0.0003118407
-0.0004119159
-0.0004899154
-0.0005182973
-0.0004876175
-0.0004744850
-0.0004929202
-0.0005226522
-0.0006435510
-0.0008014578
-0.0007361472
-0.0006822959
-0.0006629561
-0.0006130422
-0.0005180530
-0.0004667476
-0.0005006796
-0.0005234198
-0.0004933886
-0.0002976103
-0.0001098337
-0.0001628249
-0.0001666638
-0.0000536718
-0.0000186946
0.0000316687
0.0001104475
0.0001030329
0.0000773336
0.0001639103
0.0001742079
0.0000723806
0.0000700124
0.0002227992
0.0003247439
0.0003751431
0.0003948208
0.0003725166
0.0003662292
0.0003840785
0.0003967894
0.0003942296
0.0003880420
0.0003868752
0.0003886461
0.0003891623
0.0003880712
0.0003869697
0.0003999113
0.0004847563
0.0004426981
0.0003493600
0.0004600324
0.0005795406
0.0005613661
0.0006070637
0.0006786756
0.0006679311
0.0006383122
0.0006405803
0.0006506550
0.0006700932
0.0007739261
0.0008298716
0.0007816375
0.0007465070
0.0007765837
0.0009021399
0.0009540815
0.0007978740
0.0006872562
0.0007279522
0.0007034794
0.0007084972
0.0006741929
0.0005993078
0.0005978582
0.0006121263
0.0005093234
0.0004100966
0.0003491735
0.0004028673
0.0003957914
0.0003064218
0.0002883838
0.0003043142
0.0001969504
0.0000127383
-0.0000265536
0.0000488168
0.0000748066
0.0000432195
0.0000053061
-0.0000936860
-0.0001634842
-0.0002247646
-0.0002591129
-0.0002370351
-0.0002240730
-0.0002516858
-0.0003595862
-0.0004193578
-0.0003907758
-0.0004422699
-0.0004215092
-0.0003279205
-0.0002506305
-0.0003348047
-0.0005341109
-0.0005769782
-0.0004841680
-0.0004439796
-0.0004800113
-0.0005105942
-0.0005038260
-0.0004870301
-0.0004825468
-0.0004857662
-0.0004860839
-0.0004823268
-0.0004785633
-0.0004755866
-0.0004674731
-0.0004610203
-0.0004608155
-0.0004605392
-0.0004572867
-0.0004534143
-0.0004507642
-0.0004501086
-0.0004743973
-0.0005985202
-0.0007192203
-0.0006187324
-0.0005776501
-0.0004643934
-0.0004855657
-0.0005137410
-0.0005328501
-0.0004396352
-0.0003845707
-0.0004131454
-0.0003986750
-0.0003230941
-0.0003495922
-0.0002688118
-0.0001286533
-0.0000854814
-0.0000430817
0.0000250478
0.0001065178
0.0001031944
0.0000728432
0.0001306207
0.0002960476
0.0003901738
0.0003353791
0.0002828328
0.0003583203
0.0004845511
0.0005375812
0.0005703497
0.0005526470
0.0005318043
0.0005383040
0.0005546318
0.0006168207
0.0006157566
0.0005835230
0.0006369393
0.0006588298
0.0007054470
0.0007601498
0.0006719758
0.0006535414
0.0007362083
0.0007511834
0.0007110442
0.0006891770
0.0006947495
0.0006990603
0.0006915687
0.0006855670
0.0006817543
0.0006747338
0.0006659069
0.0006529727
0.0006441326
0.0006401908
0.0006168160
0.0005128043
0.0004713450
0.0004901711
0.0004167941
0.0003622689
0.0003783119
0.0003765368
0.0002473307
0.0001004021
0.0001099787
0.0001738005
0.0001382980
-0.0000201697
-0.0001323682
-0.0000973697
-0.0000417712
-0.0000526638
-0.0000883973
-0.0001646281
-0.0003249182
-0.0003445979
-0.0002662595
-0.0002454411
-0.0003327780
-0.0004782324
-0.0004918140
-0.0003586177
-0.0003705890
-0.0005044303
-0.0005274795
-0.0004696114
-0.0004445442
-0.0004617895
-0.0004750545
-0.0004682655
-0.0004569253
-0.0004525073
-0.0004519653
-0.0004496602
-0.0004452200
-0.0004445917
-0.0005005588
-0.0005505581
-0.0004669493
-0.0004463763
-0.0004581495
-0.0004944787
-0.0005411941
-0.0005869088
-0.0006005116
-0.0005730395
-0.0005574434
-0.0005639132
-0.0005686212
-0.0005614452
-0.0005507517
-0.0005437859
-0.0005393335
-0.0005340599
-0.0005274946
-0.0005208790
-0.0005147640
-0.0005087972
-0.0005026488
-0.0004963698
-0.0004898741
-0.0004578276
-0.0003853724
-0.0003421065
-0.0002965697
-0.0002896366
-0.0003029627
-0.0002984383
-0.0002820219
-0.0002726130
-0.0002711465
-0.0002301170
-0.0001254219
-0.0000660717
-0.0000976784
-0.0001260479
-0.0001103321
-0.0000869377
-0.0000829619
-0.0000891496
-0.0000905710
-0.0000864303
-0.0000826370
-0.0000812356
-0.0000803786
-0.0000786914
-0.0000765423
-0.0000746029
-0.0000729207
-0.0000682849
-0.0000233464
-0.0000171750
-0.0000262141
-0.0000432602
-0.0000174489
0.0000293357
0.0000332377
0.0000596390
0.0000391021
0.0000011470
0.0000609523
0.0001072487
0.0000386698
0.0000485613
0.0000951839
0.0000733533
-0.0000623017
-0.0000945059
0.0000134802
0.0000161680
0.0000170631
0.0000868810
0.0001075704
0.0000783967
0.0000666783
0.0000797073
0.0000693060
0.0000343224
0.0000543693
0.0000368058
0.0000144976
0.0000182233
0.0000244929
0.0000234413
0.0000490124
0.0000944840
0.0000916921
0.0000692484
0.0000394872
0.0000330572
0.0000845328
0.0000718662
0.0000056859
-0.0000029016
0.0000249777
0.0000087105
-0.0000162958
-0.0000021216
-0.0000482693
-0.0000992051
-0.0000612611
0.0000037019
-0.0000023594
-0.0000551140
-0.0000924669
-0.0000733060
-0.0000477725
-0.0000701568
-0.0000935210
-0.0000768391
-0.0000685539
-0.0000413362
-0.0000350476
-0.0000443303
-0.0000654366
-0.0000697236
-0.0000280323
-0.0000130644
-0.0000264355
-0.0000148853
0.0000212593
0.0000267878
0.0000328136
0.0000599035
0.0000467764
0.0000090071
0.0000263631
0.0000730173
0.0000772813
0.0000734114
0.0000776126
0.0000735401
0.0000937391
0.0001011076
0.0000926294
0.0000873625
0.0000894037
0.0000917810
0.0001040126
0.0001227081
0.0001190050
0.0000952844
0.0000859208
0.0001109401
0.0001193074
0.0001074183
0.0000990005
0.0000883965
0.0000835728
0.0001027050
0.0001072478
0.0000967967
0.0000906225
0.0000920654
0.0000935967
0.0000918444
0.0000890618
0.0000873267
0.0000863338
0.0000851544
0.0000836455
0.0000821428
0.0000807988
0.0000795231
0.0000782255
0.0000768179
0.0000680685
0.0000623715
0.0000669273
0.0000593854
0.0000613127
0.0000736845
0.0000736516
0.0000665797
0.0000640609
0.0000655906
0.0000660882
0.0000644951
0.0000626933
0.0000616910
0.0000610996
0.0000658401
0.0000734616
0.0000712783
0.0000657083
0.0000641591
0.0000649302
0.0000644399
0.0000625356
0.0000607281
0.0000596016
0.0000627939
0.0000640212
0.0000554529
0.0000516110
0.0000534386
0.0000541053
0.0000521094
0.0000499833
0.0000489999
0.0000484682
0.0000497195
0.0000537834
0.0000512302
0.0000428170
0.0000406571
0.0000431321
0.0000435642
0.0000431652
0.0000438892
0.0000396828
0.0000369211
0.0000376076
0.0000394996
0.0000418068
0.0000405315
0.0000379892
0.0000365095
0.0000335729
0.0000322939
0.0000327991
0.0000326479
0.0000321129
0.0000333461
0.0000311096
0.0000287680
0.0000289018
0.0000289592
0.0000262972
0.0000244896
0.0000232206
0.0000230570
0.0000234687
0.0000230511
0.0000209560
0.0000202844
0.0000209112
0.0000202334
0.0000204322
0.0000203312
0.0000197942
0.0000208096
0.0000209649
0.0000208849
0.0000206216
0.0000210152
0.0000218304
0.0000225248
0.0000226048
0.0000221525
0.0000219098
0.0000219411
0.0000219217
0.0000217507
0.0000215431
0.0000213769
0.0000212311
0.0000210692
0.0000208890
0.0000207038
0.0000205179
0.0000203274
0.0000201110
0.0000196321
0.0000191687
0.0000190673
0.0000187889
0.0000183614
0.0000181956
0.0000181147
0.0000179299
0.0000176831
0.0000174563
0.0000172503
0.0000170230
0.0000166542
0.0000161811
0.0000159760
0.0000158488
0.0000154936
0.0000150960
0.0000148206
0.0000146785
0.0000144087
0.0000140390
0.0000136906
0.0000133737
0.0000130773
0.0000127289
0.0000122839
0.0000119101
0.0000115838
0.0000111764
0.0000107415
0.0000103255
0.0000098780
0.0000094043
0.0000089143
0.0000084214
0.0000079525
0.0000074666
0.0000069586
0.0000064244
0.0000058794
0.0000053326
0.0000047778
0.0000042142
0.0000036414
0.0000030459
0.0000024445
0.0000018414
0.0000012289
0.0000006043
-0.0000000325
-0.0000006798
-0.0000013314
-0.0000019905
-0.0000026606
-0.0000033413
-0.0000040308
-0.0000047288
-0.0000054349
-0.0000061518
-0.0000068793
-0.0000076160
-0.0000083604
-0.0000091134
-0.0000098758
-0.0000106472
-0.0000114279
-0.0000122176
-0.0000130159
-0.0000138233
-0.0000146395
-0.0000154642
-0.0000162978
-0.0000171401
-0.0000179910
-0.0000188505
-0.0000197185
-0.0000205951
-0.0000214801
-0.0000223735
-0.0000232753
-0.0000241854
-0.0000251038
-0.0000260305
-0.0000269653
-0.0000279083
-0.0000288593
-0.0000298185
-0.0000307856
-0.0000317607
-0.0000327436
-0.0000337345
-0.0000347331
-0.0000357394
-0.0000367535
0.0000000000
