-0.0000672896
-0.0000679447
-0.0000695550
-0.0000695083
-0.0000696091
-0.0000676132
-0.0000655807
-0.0000621876
-0.0000608312
-0.0000598228
-0.0000623025
-0.0000648743
-0.0000671530
-0.0000647901
-0.0000595403
-0.0000519728
-0.0000505861
-0.0000576291
-0.0000759365
-0.0001007042
-0.0001253513
-0.0001390021
-0.0001378627
-0.0001225613
-0.0001033319
-0.0000820953
-0.0000718318
-0.0000739678
-0.0000939990
-0.0001240237
-0.0001503818
-0.0001464597
-0.0001041564
-0.0000247512
0.0000540885
0.0000931251
0.0000773924
0.0000149003
-0.0000947647
-0.0002229601
-0.0003248068
-0.0003854672
-0.0003655167
-0.0002612203
-0.0000968256
0.0000877924
0.0002228402
0.0002701748
0.0002196834
0.0000945081
-0.0000702357
-0.0002193184
-0.0003165848
-0.0003834977
-0.0004633822
-0.0005774007
-0.0007075250
-0.0008262055
-0.0008592183
-0.0007600303
-0.0005496930
-0.0003049070
-0.0000749200
0.0001325256
0.0003435287
0.0005253092
0.0007012092
0.0008714668
0.0009807495
0.0009859742
0.0008251747
0.0004663728
-0.0000090502
-0.0004263595
-0.0007150410
-0.0008496070
-0.0008435283
-0.0007335907
-0.0006451619
-0.0006233216
-0.0006496864
-0.0006593732
-0.0005871462
-0.0004921894
-0.0004807364
-0.0005908317
-0.0007411355
-0.0008120433
-0.0007920883
-0.0007230985
-0.0006418706
-0.0005710059
-0.0004557698
-0.0002119469
0.0000808558
0.0002969279
0.0002865574
0.0000957545
-0.0001096097
-0.0001184370
0.0001165636
0.0004999474
0.0008196403
0.0007849008
0.0003104239
-0.0005163695
-0.0014699588
-0.0020494009
-0.0020843361
-0.0015879794
-0.0006917580
0.0001167248
0.0004477051
0.0002786943
-0.0002520805
-0.0009781930
-0.0016961026
-0.0021774627
-0.0023518658
-0.0023790756
-0.0023981083
-0.0023384954
-0.0021007932
-0.0016543523
-0.0010252941
-0.0005412291
-0.0003951492
-0.0005990274
-0.0009506919
-0.0012318406
-0.0012007549
-0.0008547632
-0.0004366901
-0.0001554084
-0.0001217118
-0.0002276339
-0.0002968475
-0.0002492164
-0.0002700251
-0.0006461030
-0.0014643807
-0.0026554995
-0.0038343979
-0.0044994938
-0.0044633173
-0.0034943248
-0.0016972699
0.0001148956
0.0011700509
0.0012760591
0.0008403168
0.0004393585
0.0004510788
0.0009411966
0.0016239411
0.0018480480
0.0012827320
-0.0000891530
-0.0018792489
-0.0035244296
-0.0045449610
-0.0048877607
-0.0045933798
-0.0037964573
-0.0027598275
-0.0016571283
-0.0008522998
-0.0010430794
-0.0026963846
-0.0047870741
-0.0070756160
-0.0089672539
-0.0096588771
-0.0082952310
-0.0050809279
-0.0008890673
0.0023107209
0.0039961260
0.0047024380
0.0045908811
0.0040130608
0.0031553915
0.0024885722
0.0020729199
0.0017511493
0.0013079022
0.0006358668
-0.0003179911
-0.0014836254
-0.0027724705
-0.0037964108
-0.0043701311
-0.0047920119
-0.0050752554
-0.0049353563
-0.0040261321
-0.0021696400
0.0001846288
0.0029313123
0.0053212348
0.0066301188
0.0067082142
0.0053634991
0.0027827585
-0.0004416211
-0.0031454534
-0.0040302337
-0.0040638883
-0.0038002975
-0.0034290061
-0.0032369423
-0.0030890332
-0.0028547109
-0.0023552182
-0.0013770553
0.0002274136
0.0020369074
0.0033104352
0.0038126052
0.0036477017
0.0031070119
0.0025788895
0.0022786779
0.0018844031
0.0008709956
-0.0009652518
-0.0036778138
-0.0068380285
-0.0098092138
-0.0120148474
-0.0126670564
-0.0111077880
-0.0076729671
-0.0026126646
0.0022402872
0.0044030482
0.0045739841
0.0034020228
0.0017764861
0.0009874203
0.0011047077
0.0017062324
0.0021892433
0.0021232131
0.0011529142
-0.0006198815
-0.0026671494
-0.0040278918
-0.0045358504
-0.0041251302
-0.0028497339
-0.0010427788
0.0009647415
0.0027328239
0.0035394494
0.0027445885
-0.0002355487
-0.0048761427
-0.0090036134
-0.0116229479
-0.0129961939
-0.0129608188
-0.0113953130
-0.0082277214
-0.0040555124
0.0001329691
0.0027073666
0.0026317293
-0.0001139515
-0.0044403804
-0.0081957625
-0.0097711701
-0.0086265594
-0.0053781109
-0.0007029911
0.0038372784
0.0070878017
0.0082620264
0.0080318086
0.0069925161
0.0058118043
0.0057160816
0.0073850863
0.0100832683
0.0122830784
0.0129124827
0.0111857773
0.0075235045
0.0029673335
-0.0014590581
-0.0061409868
-0.0106717149
-0.0149096172
-0.0193151234
-0.0228254277
-0.0234313565
-0.0212358483
-0.0176360064
-0.0137522837
-0.0091607318
-0.0036897149
0.0019786071
0.0084265857
0.0138017682
0.0168794157
0.0176949238
0.0165763787
0.0132144584
0.0087820749
0.0045543881
0.0000299845
-0.0023064161
-0.0034108154
-0.0044102945
-0.0058448012
-0.0073268295
-0.0077757284
-0.0060670714
-0.0018841142
0.0036817832
0.0084993048
0.0115546586
0.0123497097
0.0101440020
0.0043087121
-0.0029961083
-0.0073209421
-0.0104908162
-0.0122309834
-0.0109538158
-0.0082182188
-0.0054071384
-0.0052145839
-0.0073520182
-0.0098285790
-0.0106280351
-0.0087467245
-0.0050295138
-0.0012586354
0.0007199417
-0.0005557749
-0.0031160266
-0.0048172340
-0.0048190431
-0.0026556331
0.0013612239
0.0064519583
0.0122870725
0.0177694054
0.0209368766
0.0218958887
0.0216708033
0.0206747972
0.0193933654
0.0184146221
0.0177508939
0.0169675160
0.0151005834
0.0109207985
0.0039601760
-0.0046456912
-0.0137819166
-0.0220418320
-0.0293096236
-0.0345426159
-0.0373838635
-0.0369205096
-0.0320999972
-0.0224307333
-0.0097279040
0.0014685809
0.0099118692
0.0141236637
0.0138188772
0.0119001661
0.0104756629
0.0108427743
0.0138933791
0.0189482472
0.0243690695
0.0279838223
0.0302388722
0.0309881599
0.0303751459
0.0285215416
0.0254729070
0.0219369915
0.0183166636
0.0147888641
0.0115106404
0.0094396893
0.0088480586
0.0099918969
0.0127909935
0.0165308187
0.0204967092
0.0235667881
0.0255030191
0.0264495160
0.0268781409
0.0270851794
0.0265670895
0.0244360739
0.0202020932
0.0146857224
0.0084133794
0.0024471935
-0.0031055614
-0.0078620211
-0.0124525872
-0.0167296250
-0.0205809910
-0.0241581545
-0.0276750794
-0.0305132635
-0.0320032438
-0.0317061740
-0.0297858557
-0.0261467839
-0.0207465783
-0.0139729176
-0.0052641062
0.0046852695
0.0155279596
0.0234654467
0.0296993235
0.0357432649
0.0417512287
0.0466357692
0.0484756096
0.0448915497
0.0361512731
0.0259567179
0.0182322076
0.0087200606
-0.0004597724
-0.0096388353
-0.0168725628
-0.0224566785
-0.0259743003
-0.0270935132
-0.0263240733
-0.0240457352
-0.0211185362
-0.0182408172
-0.0150311398
-0.0117478563
-0.0085678191
-0.0050548971
-0.0014206517
0.0034449536
0.0093733948
0.0155913924
0.0217596731
0.0274222195
0.0322498170
0.0347386927
0.0341074576
0.0295497360
0.0210305521
0.0114708835
0.0008382797
-0.0109683622
-0.0211424777
-0.0290011566
-0.0339726503
-0.0340119672
-0.0280465581
-0.0181153165
-0.0092296701
-0.0019869859
0.0030301056
0.0084240798
0.0131101812
0.0156511228
0.0172118098
0.0186016246
0.0201286569
0.0221907662
0.0246387132
0.0264110121
0.0267528579
0.0253651918
0.0218059010
0.0161697499
0.0099103389
0.0042339154
-0.0003439130
-0.0021899620
-0.0013056874
0.0021913457
0.0077986188
0.0134823017
0.0169462604
0.0173015216
0.0144087278
0.0076741896
-0.0012259612
-0.0077806169
-0.0123546243
-0.0160641980
-0.0186207459
-0.0209104233
-0.0230704765
-0.0251446508
-0.0271506303
-0.0282781479
-0.0280729388
-0.0262872100
-0.0227764412
-0.0175098668
-0.0108600053
-0.0028087080
0.0060397992
0.0144634711
0.0197433418
0.0218335594
0.0205259066
0.0161935318
0.0117562918
0.0112606015
0.0144318447
0.0191416379
0.0249867295
0.0306913369
0.0364031602
0.0423269148
0.0475904402
0.0517755506
0.0549521251
0.0566186543
0.0559002917
0.0506505882
0.0385262485
0.0203245305
0.0043615940
-0.0069737084
-0.0197241624
-0.0363743984
-0.0542468294
-0.0659808449
-0.0724263627
-0.0767440880
-0.0796361661
-0.0816465592
-0.0828462210
-0.0832148105
-0.0826754650
-0.0816435248
-0.0807987322
-0.0808177809
-0.0820772167
-0.0843779719
-0.0870762962
-0.0892140339
-0.0890853971
-0.0848094860
-0.0768086823
-0.0670164875
-0.0554303317
-0.0382609895
-0.0154920255
0.0057051838
0.0188598565
0.0219618768
0.0175252277
0.0113617484
0.0065976025
-0.0002632007
-0.0078563167
-0.0156987301
-0.0203903298
-0.0236135823
-0.0241930287
-0.0225196902
-0.0187227697
-0.0131467905
-0.0076675283
-0.0044196011
-0.0032804364
-0.0030532951
-0.0031561508
-0.0034229750
-0.0037095839
-0.0036892241
-0.0033993165
-0.0025660316
-0.0010309370
0.0014922873
0.0057103569
0.0126978160
0.0239972859
0.0426853121
0.0678217888
0.0927671397
0.1029657020
0.1033951109
0.1037365356
0.1035373664
0.1016462164
0.0973352858
0.0899612164
0.0799529814
0.0703583879
0.0619415472
0.0551170590
0.0490466061
0.0431746982
0.0379539453
0.0333247621
0.0306894931
0.0284645552
0.0263639566
0.0249701926
0.0239731992
0.0231024324
0.0217500616
0.0191011304
0.0145695427
0.0084685800
0.0007559746
-0.0076331448
-0.0136258290
-0.0175961958
-0.0202590796
-0.0210985292
-0.0195643536
-0.0136363683
-0.0023706009
0.0118598923
0.0239850030
0.0314252347
0.0356736036
0.0376920402
0.0374794990
0.0359443797
0.0342723624
0.0328661413
0.0309338740
0.0281093375
0.0243670369
0.0202811337
0.0164346314
0.0126899366
0.0082368232
0.0023750930
-0.0049886767
-0.0128108422
-0.0189597315
-0.0248343690
-0.0318237475
-0.0389223512
-0.0467558108
-0.0550012568
-0.0637308911
-0.0732725781
-0.0809237684
-0.0902895597
-0.1023039628
-0.1129342570
-0.1190068587
-0.1149399170
-0.0929160593
-0.0545954700
-0.0139144474
0.0178591172
0.0245429906
0.0237851077
0.0210373033
0.0171938210
0.0154076421
0.0129161995
0.0118154865
0.0109318619
0.0101861923
0.0090593468
0.0076532070
0.0061828416
0.0049237935
0.0037564202
0.0026849757
0.0018630662
0.0011836264
-0.0000349760
-0.0030283982
-0.0093009459
-0.0191968676
-0.0303164463
-0.0410533813
-0.0520769034
-0.0606310487
-0.0682944203
-0.0752702527
-0.0805589102
-0.0860628093
-0.0917636273
-0.0961319944
-0.0947889446
-0.0817772141
-0.0535655189
-0.0158180749
0.0173290493
0.0219148794
0.0216260563
0.0238789284
0.0277565155
0.0340939405
0.0417893987
0.0512637764
0.0622096809
0.0747276551
0.0843757795
0.0924760082
0.1001356484
0.1049059256
0.1065291452
0.1065240636
0.1048051069
0.1017291334
0.0972774718
0.0917818049
0.0855469844
0.0800740249
0.0765647660
0.0728724972
0.0683685969
0.0650941801
0.0615806236
0.0568620189
0.0504375244
0.0422781170
0.0330517210
0.0229997408
0.0114300885
-0.0011395490
-0.0118313091
-0.0209868939
-0.0297984580
-0.0376468721
-0.0477113675
-0.0599074593
-0.0721906059
-0.0839050356
-0.0969154158
-0.1115004792
-0.1221308024
-0.1218163681
-0.1183582881
-0.1105384761
-0.0960926774
-0.0802709583
-0.0669169609
-0.0570202451
-0.0502781367
-0.0438170693
-0.0367788349
-0.0290016357
-0.0211671162
-0.0145975495
-0.0107774861
-0.0098966171
-0.0079686721
-0.0032220489
0.0043442164
0.0123344286
0.0184827590
0.0225975256
0.0239346517
0.0236807464
0.0219545303
0.0193854672
0.0171793892
0.0153800418
0.0136083963
0.0119127568
0.0103790226
0.0088534103
0.0068767269
0.0043263249
0.0016881056
0.0002228366
-0.0009831467
-0.0016527668
-0.0009432482
0.0013132196
0.0051231879
0.0099497691
0.0148114845
0.0189730598
0.0228671403
0.0266852292
0.0306223725
0.0352041954
0.0390608027
0.0415057589
0.0418584938
0.0387939031
0.0309181210
0.0193430141
0.0062906396
-0.0064249794
-0.0160701508
-0.0218928688
-0.0266644237
-0.0306907707
-0.0349887505
-0.0395174344
-0.0425951647
-0.0431321145
-0.0416045305
-0.0383453149
-0.0339702837
-0.0292618857
-0.0250947787
-0.0208703803
-0.0162443912
-0.0120155980
-0.0080271466
-0.0045815746
-0.0018903863
0.0012118974
0.0063754237
0.0146141446
0.0244415911
0.0352190772
0.0440783356
0.0503772277
0.0531966390
0.0541764857
0.0539911819
0.0508649297
0.0428344205
0.0296819154
0.0147354058
0.0061505547
-0.0021574253
-0.0089834612
-0.0142156550
-0.0190948873
-0.0217283995
-0.0226633395
-0.0219493761
-0.0199506706
-0.0166794915
-0.0123189690
-0.0084908954
-0.0065453855
-0.0066587137
-0.0089957790
-0.0116517446
-0.0134731214
-0.0133992235
-0.0106892159
-0.0053632552
0.0006950930
0.0052463191
0.0093476660
0.0129951573
0.0158136031
0.0180878323
0.0201868920
0.0218390911
0.0228704796
0.0233425013
0.0235219395
0.0234022317
0.0229142103
0.0217108753
0.0191098127
0.0144986313
0.0077609178
0.0012581452
-0.0038101587
-0.0084386523
-0.0125353343
-0.0150471686
-0.0166221711
-0.0178899843
-0.0187493247
-0.0192559156
-0.0194980462
-0.0193905923
-0.0189907583
-0.0185559484
-0.0180086902
-0.0171628087
-0.0158888832
-0.0134599659
-0.0093631010
-0.0037413395
0.0032858984
0.0104932045
0.0145625156
0.0145760036
0.0123564174
0.0088572476
0.0053809305
0.0018615432
-0.0011489122
-0.0041412882
-0.0073158387
-0.0094534168
-0.0108816499
-0.0121267542
-0.0128780281
-0.0135629509
-0.0143002954
-0.0149885416
-0.0158177990
-0.0167694066
-0.0178281486
-0.0185739518
-0.0183376433
-0.0168557936
-0.0141452416
-0.0107091314
-0.0076419258
-0.0051937915
-0.0029661647
0.0000591685
0.0041914043
0.0082925378
0.0116534651
0.0136991462
0.0144748175
0.0145643740
0.0140513018
0.0126005558
0.0103041853
0.0077910560
0.0059206084
0.0042165436
0.0024787183
0.0009382092
-0.0002783047
-0.0007832549
-0.0005846032
0.0000053363
0.0009480152
0.0023684333
0.0044514467
0.0073141734
0.0104500328
0.0132575633
0.0156002053
0.0174005400
0.0180802971
0.0177239179
0.0162396145
0.0134559515
0.0100092092
0.0068415507
0.0038132672
0.0008349452
-0.0018252447
-0.0042351931
-0.0059800354
-0.0068780278
-0.0065063632
-0.0047836171
-0.0018236171
0.0017281079
0.0047851198
0.0072175114
0.0091224398
0.0103628051
0.0108932795
0.0105852757
0.0092569030
0.0069207974
0.0041419662
0.0015520178
-0.0011513732
-0.0034651899
-0.0055006469
-0.0072406240
-0.0085558774
-0.0097642838
-0.0111109894
-0.0123316700
-0.0133080351
-0.0141189756
-0.0149051454
-0.0157991568
-0.0169546233
-0.0183418538
-0.0196995530
-0.0208207259
-0.0218623503
-0.0226802685
-0.0229157638
-0.0227653633
-0.0221243135
-0.0209263504
-0.0194444281
-0.0179000313
-0.0165805311
-0.0155502460
-0.0146208813
-0.0136428480
-0.0124525611
-0.0108063814
-0.0087081508
-0.0063396014
-0.0036141662
-0.0006732546
0.0020173927
0.0047238518
0.0071436846
0.0086937380
0.0094739726
0.0097270125
0.0095061158
0.0090307360
0.0085472154
0.0081350782
0.0079944067
0.0081351406
0.0085807234
0.0093129646
0.0103983791
0.0116835873
0.0129214728
0.0139525346
0.0146084677
0.0150676692
0.0151880448
0.0148273100
0.0138870503
0.0124125326
0.0105308126
0.0086854477
0.0070345089
0.0054691846
0.0039984766
0.0025511484
0.0012062060
-0.0000485206
-0.0010793339
-0.0019135148
-0.0024470629
-0.0028332855
-0.0030482919
-0.0031480087
-0.0031460951
-0.0030894964
-0.0029169560
-0.0027271601
-0.0025433837
-0.0023715243
-0.0021198912
-0.0019712722
-0.0019460050
-0.0021744123
-0.0027543103
-0.0037291683
-0.0048444815
-0.0059653133
-0.0070394061
-0.0079884104
-0.0087525654
-0.0093356183
-0.0098173385
-0.0103560945
-0.0110194380
-0.0118621906
-0.0126713264
-0.0131071018
-0.0131023077
-0.0125223981
-0.0113400587
-0.0094531018
-0.0069291530
-0.0035677916
-0.0004584836
0.0021482276
0.0039578196
0.0057745141
0.0078263396
0.0097846247
0.0112186857
0.0122722633
0.0129410819
0.0131284851
0.0125932601
0.0112835079
0.0095179385
0.0076513384
0.0058719877
0.0039457007
0.0020500165
0.0004426769
-0.0010401716
-0.0024001946
-0.0035193626
-0.0045316008
-0.0052801335
-0.0055241064
-0.0049994657
-0.0036071928
-0.0013606863
0.0014093666
0.0039947221
0.0058779927
0.0072174868
0.0079788861
0.0082842446
0.0080157740
0.0067358754
0.0045365981
0.0019801591
-0.0001405068
-0.0020006104
-0.0033626449
-0.0042640449
-0.0048373934
-0.0050117413
-0.0046124590
-0.0037014345
-0.0024950157
-0.0007629490
0.0013691820
0.0033490785
0.0050079258
0.0063150123
0.0075800742
0.0087710638
0.0098608224
0.0108929180
0.0118130618
0.0125040158
0.0127153940
0.0120607008
0.0103495755
0.0077125411
0.0048625879
0.0022931764
0.0001113227
-0.0019002388
-0.0037894215
-0.0055661399
-0.0072995181
-0.0086703206
-0.0096962413
-0.0102899220
-0.0103783025
-0.0098895915
-0.0088053951
-0.0071268602
-0.0051094095
-0.0032224772
-0.0010861263
0.0011066925
0.0029394225
0.0046843171
0.0069058604
0.0091716601
0.0110197922
0.0124765157
0.0133845624
0.0141103557
0.0145140285
0.0146093098
0.0142801621
0.0135734988
0.0127217024
0.0118916740
0.0110280418
0.0099457358
0.0089160677
0.0078655463
0.0067918354
0.0059189387
0.0054556661
0.0051576512
0.0048882326
0.0047271897
0.0047012954
0.0048955805
0.0052894575
0.0057290339
0.0060442594
0.0062767843
0.0064676836
0.0067031616
0.0069178544
0.0070304988
0.0070750222
0.0069578364
0.0065547676
0.0058305902
0.0047509904
0.0035645727
0.0022999116
0.0009494255
-0.0002557551
-0.0010560816
-0.0015994711
-0.0019670980
-0.0021938051
-0.0024015217
-0.0025665732
-0.0026570240
-0.0026796342
-0.0026088476
-0.0023524771
-0.0019433728
-0.0014723791
-0.0010296813
-0.0006764035
-0.0006143374
-0.0008922935
-0.0015414321
-0.0025618110
-0.0040484287
-0.0059526500
-0.0077846198
-0.0099599875
-0.0121610186
-0.0140169605
-0.0157061347
-0.0172021693
-0.0183351025
-0.0189553904
-0.0190416758
-0.0186301541
-0.0176971307
-0.0163057768
-0.0144929951
-0.0123320519
-0.0099566902
-0.0076732546
-0.0053478958
-0.0034036678
-0.0018113690
-0.0003525934
0.0009772568
0.0023259337
0.0035273697
0.0041782851
0.0040175283
0.0029738292
0.0012865763
-0.0006067905
-0.0025236642
-0.0044966830
-0.0059916650
-0.0069381329
-0.0076369110
-0.0081783123
-0.0083972577
-0.0082696358
-0.0077043568
-0.0066589213
-0.0052627544
-0.0038278877
-0.0023492408
-0.0009959866
0.0002087417
0.0012522273
0.0022078913
0.0030703112
0.0038106480
0.0044783051
0.0050584034
0.0055080631
0.0059067864
0.0062292946
0.0064391048
0.0066405492
0.0069103555
0.0073086331
0.0078223208
0.0083135509
0.0087639264
0.0091097024
0.0093865692
0.0095956679
0.0096708798
0.0096729822
0.0096592357
0.0095397574
0.0092931972
0.0089381218
0.0083787665
0.0075331609
0.0064239907
0.0050353547
0.0036028792
0.0020080454
0.0005415877
-0.0007131541
-0.0019880196
-0.0031990511
-0.0043516515
-0.0053945811
-0.0062841961
-0.0070532875
-0.0076417705
-0.0079612442
-0.0078695825
-0.0073107949
-0.0063389641
-0.0051283261
-0.0038415455
-0.0026046735
-0.0015499096
-0.0006096516
0.0000772939
0.0004769575
0.0006818875
0.0006921108
0.0003341219
-0.0004266070
-0.0016215310
-0.0029539979
-0.0043129792
-0.0056742994
-0.0070253054
-0.0082955243
-0.0093282239
-0.0101085906
-0.0104933076
-0.0103515574
-0.0096394204
-0.0083113353
-0.0064915076
-0.0044412065
-0.0024560718
-0.0007542935
0.0008660240
0.0025469016
0.0041888243
0.0055217471
0.0065179435
0.0071546710
0.0075675967
0.0076871229
0.0074399936
0.0068047557
0.0059137511
0.0049330391
0.0037654262
0.0025785033
0.0014866308
0.0004069691
-0.0004480037
-0.0011242476
-0.0016458181
-0.0018626234
-0.0018171664
-0.0015806358
-0.0012055383
-0.0009006401
-0.0006824121
-0.0006095029
-0.0007499421
-0.0010539509
-0.0015288544
-0.0022404977
-0.0030604195
-0.0038384371
-0.0046187065
-0.0052615523
-0.0057038132
-0.0059967524
-0.0062101922
-0.0061612304
-0.0058854960
-0.0054675077
-0.0049404539
-0.0042025910
-0.0031243183
-0.0017663505
-0.0002591246
0.0011264439
0.0026084789
0.0040118107
0.0050194813
0.0057346832
0.0062118270
0.0063864813
0.0061547506
0.0054772382
0.0045056672
0.0033142812
0.0020032992
0.0007663598
-0.0002100286
-0.0011480832
-0.0019959266
-0.0025364205
-0.0029047094
-0.0031444298
-0.0032742078
-0.0033081978
-0.0032240467
-0.0030469722
-0.0027242418
-0.0022883793
-0.0018071339
-0.0014153430
-0.0012001614
-0.0010902685
-0.0011597155
-0.0014282156
-0.0017770712
-0.0019540456
-0.0019619627
-0.0017092291
-0.0012521775
-0.0007398213
-0.0003893810
-0.0002036568
-0.0000689821
0.0000137924
0.0000017417
-0.0000891652
-0.0001910999
-0.0002849295
-0.0003509648
-0.0003078047
-0.0001227768
0.0000453569
0.0002376886
0.0005038192
0.0009843168
0.0015845980
0.0022339671
0.0029656362
0.0037809410
0.0046627740
0.0055258429
0.0061355683
0.0064782345
0.0065067872
0.0063132440
0.0059961760
0.0054948728
0.0049448197
0.0043590851
0.0037409025
0.0030674190
0.0022611623
0.0012936195
0.0005546953
-0.0000060254
-0.0004293292
-0.0006907832
-0.0007673070
-0.0006060178
-0.0001616984
0.0005025647
0.0012923579
0.0021510269
0.0027691181
0.0030420154
0.0029520103
0.0025394375
0.0016225720
0.0002451394
-0.0010038199
-0.0022235586
-0.0033665621
-0.0043816503
-0.0052422306
-0.0058588395
-0.0063554604
-0.0067215700
-0.0068614430
-0.0066928315
-0.0061131861
-0.0051316988
-0.0038806259
-0.0026322026
-0.0015295484
-0.0005390159
0.0002554621
0.0009488685
0.0015210636
0.0019317751
0.0021038000
0.0021057659
0.0020108781
0.0018677732
0.0016937535
0.0014586806
0.0011019814
0.0007390495
0.0003855417
-0.0000351444
-0.0005041203
-0.0009890463
-0.0014461637
-0.0016559319
-0.0017241385
-0.0016614099
-0.0014780603
-0.0010919383
-0.0005039706
0.0002850530
0.0011863282
0.0020676249
0.0028556663
0.0036007972
0.0043190321
0.0049804344
0.0054292186
0.0056246174
0.0056198929
0.0053739992
0.0050479731
0.0045717889
0.0039182979
0.0031551941
0.0024055927
0.0018762087
0.0014533028
0.0010817700
0.0007734453
0.0005328272
0.0003597882
0.0002733534
0.0003160810
0.0005153050
0.0009039337
0.0013479383
0.0017303525
0.0019620687
0.0020671632
0.0020798759
0.0020137934
0.0018187765
0.0013848153
0.0008788925
0.0003862861
-0.0000723207
-0.0005777154
-0.0010688738
-0.0015740719
-0.0019198886
-0.0019348735
-0.0014678507
-0.0006503549
0.0003225664
0.0011558111
0.0016716500
0.0018522410
0.0017540255
0.0013161081
0.0006430864
-0.0001430487
-0.0006796918
-0.0008735847
-0.0008679714
-0.0007820204
-0.0005375721
-0.0002147261
0.0001688924
0.0007352114
0.0014024971
0.0019772641
0.0022931633
0.0024314755
0.0023777239
0.0021053724
0.0016138810
0.0009871874
0.0002732918
-0.0002661712
-0.0006418028
-0.0008928409
-0.0010213144
-0.0010886251
-0.0010673906
-0.0009009411
-0.0006203013
-0.0002227076
0.0002733405
0.0008079699
0.0014413385
0.0020389473
0.0025787951
0.0031171591
0.0035858893
0.0039006996
0.0040486726
0.0040902545
0.0039485740
0.0036372308
0.0031831980
0.0024917634
0.0015536744
0.0005318148
-0.0002450338
-0.0008979692
-0.0013627181
-0.0016219201
-0.0017616885
-0.0017528974
-0.0016378255
-0.0013669815
-0.0009889574
-0.0004870983
-0.0000493312
0.0001957052
0.0003814133
0.0006201556
0.0008769648
0.0010961323
0.0013233840
0.0015737989
0.0019057269
0.0022614266
0.0026630755
0.0030125509
0.0032344306
0.0033367985
0.0034548031
0.0036347016
0.0038201854
0.0039159211
0.0039701591
0.0039939221
0.0040049157
0.0039839912
0.0038739007
0.0035860185
0.0031396879
0.0025848495
0.0019411804
0.0013664660
0.0009733520
0.0007526153
0.0005991041
0.0004802763
0.0003700366
0.0003034108
0.0002500698
0.0001434808
-0.0000526895
-0.0002923511
-0.0004859272
-0.0006773407
-0.0008600675
-0.0010811890
-0.0013843173
-0.0018390826
-0.0024005591
-0.0029961838
-0.0036457809
-0.0043172274
-0.0049208665
-0.0055708571
-0.0063739283
-0.0073581408
-0.0082855034
-0.0089528962
-0.0093884320
-0.0094468485
-0.0090718867
-0.0082984193
-0.0072185553
-0.0059867286
-0.0048792919
-0.0037129290
-0.0025841163
-0.0016463974
-0.0008385632
-0.0002744080
0.0000081146
-0.0000227032
-0.0004499848
-0.0012099909
-0.0021654600
-0.0033955024
-0.0044991410
-0.0052551074
-0.0058484004
-0.0063839071
-0.0068155519
-0.0070334562
-0.0071025688
-0.0069763726
-0.0064390046
-0.0055063252
-0.0041057664
-0.0023592501
-0.0006657159
0.0007860155
0.0021314787
0.0031943266
0.0038683429
0.0041683716
0.0042225878
0.0040290330
0.0034945688
0.0026957646
0.0018670124
0.0010674264
0.0004375987
-0.0001157846
-0.0005261542
-0.0006035372
-0.0005643405
-0.0003644920
0.0000544195
0.0006205262
0.0011958424
0.0017046179
0.0021415925
0.0023997228
0.0026270325
0.0029189567
0.0031679372
0.0033735325
0.0035719454
0.0037273056
0.0037718581
0.0037829127
0.0037592456
0.0037008799
0.0035580625
0.0032215480
0.0027987597
0.0023445904
0.0019535810
0.0016386502
0.0014441349
0.0014783202
0.0017957163
0.0023586287
0.0029346414
0.0033594827
0.0036591615
0.0038109311
0.0037395464
0.0035922587
0.0034196531
0.0033878946
0.0034940156
0.0035860519
0.0036515057
0.0037778601
0.0039814983
0.0042226067
0.0045304886
0.0047924083
0.0049269383
0.0050179873
0.0050564172
0.0050402694
0.0049320460
0.0047666011
0.0046157200
0.0044403804
0.0042212623
0.0040389145
0.0039793960
0.0039843469
0.0040072867
0.0040386575
0.0040684530
0.0040965484
0.0040297807
0.0037903231
0.0034434959
0.0030801578
0.0026638929
0.0022352651
0.0018411239
0.0014074245
0.0009856957
0.0005039031
0.0000527684
-0.0003564301
-0.0006350101
-0.0008630405
-0.0010641538
-0.0012265373
-0.0013631647
-0.0014463966
-0.0014288149
-0.0014351699
-0.0015651587
-0.0017418311
-0.0019569334
-0.0023100893
-0.0028696639
-0.0033609549
-0.0037480602
-0.0040584801
-0.0043019913
-0.0045032223
-0.0046184524
-0.0047119609
-0.0048159375
-0.0048711787
-0.0048430834
-0.0046915968
-0.0043992268
-0.0039236698
-0.0032177586
-0.0022976177
-0.0012469176
-0.0002114441
0.0006709329
0.0014527467
0.0021683188
0.0026723472
0.0029744782
0.0031193122
0.0031427805
0.0030299343
0.0027054704
0.0020792879
0.0010833529
-0.0002075437
-0.0015306649
-0.0028539269
-0.0039573404
-0.0047741088
-0.0053454101
-0.0054727533
-0.0052096446
-0.0047408505
-0.0042711315
-0.0038974866
-0.0035655078
-0.0032420689
-0.0028913840
-0.0025562604
-0.0024044646
-0.0024974011
-0.0028863387
-0.0035004053
-0.0042119412
-0.0050481429
-0.0059562579
-0.0068489161
-0.0077735550
-0.0086454339
-0.0092847763
-0.0096327781
-0.0096014944
-0.0090603834
-0.0080728955
-0.0068109102
-0.0055678386
-0.0045687661
-0.0038779602
-0.0035100821
-0.0033832427
-0.0033871585
-0.0036351386
-0.0041137707
-0.0047626389
-0.0055101901
-0.0058906517
-0.0059214868
-0.0056033284
-0.0049010614
-0.0039870213
-0.0029686402
-0.0017767794
-0.0004380900
0.0009277833
0.0021897079
0.0034236443
0.0045648518
0.0056195024
0.0067200949
0.0076317031
0.0083031365
0.0088162101
0.0092029946
0.0093031469
0.0091307068
0.0086667460
0.0078618570
0.0067071615
0.0052341175
0.0035177945
0.0020939432
0.0006839734
-0.0006793238
-0.0020375825
-0.0031745360
-0.0039401124
-0.0043769418
-0.0045509892
-0.0044290093
-0.0039637360
-0.0033301575
-0.0026208286
-0.0020548091
-0.0015680291
-0.0011872394
-0.0009991537
-0.0010319353
-0.0013091342
-0.0017772353
-0.0026391237
-0.0037862854
-0.0052144852
-0.0067158946
-0.0081781555
-0.0095813829
-0.0108151479
-0.0116083826
-0.0121082877
-0.0122998665
-0.0121652581
-0.0117615708
-0.0111065945
-0.0101651734
-0.0089525623
-0.0075774608
-0.0062565174
-0.0050075323
-0.0038887651
-0.0028738961
-0.0020602189
-0.0014346470
-0.0009348132
-0.0005620516
-0.0003023356
-0.0001492194
-0.0000370114
0.0000538346
0.0002629249
0.0005640234
0.0008995809
0.0013371869
0.0018499804
0.0024289071
0.0031043172
0.0038973356
0.0048518353
0.0059538986
0.0071755041
0.0083262635
0.0094414882
0.0103687041
0.0110617197
0.0113872943
0.0112614886
0.0105917815
0.0092726821
0.0075614785
0.0058831672
0.0044597398
0.0032679400
0.0021097498
0.0011394654
0.0003464843
-0.0003316600
-0.0008898005
-0.0012010609
-0.0011536567
-0.0006137565
0.0003787000
0.0017375945
0.0032549471
0.0045184874
0.0053949150
0.0059372063
0.0060747272
0.0056184628
0.0045054712
0.0029490499
0.0012541262
-0.0003832696
-0.0018215932
-0.0031078148
-0.0044421924
-0.0057870787
-0.0070783470
-0.0081940232
-0.0091260376
-0.0098934680
-0.0105425250
-0.0111057727
-0.0115814967
-0.0119868188
-0.0123133037
-0.0124958257
-0.0123756824
-0.0117969866
-0.0106665012
-0.0088902242
-0.0063377430
-0.0036346116
-0.0014325655
0.0008775938
0.0031851086
0.0051401604
0.0069408348
0.0083038944
0.0090253277
0.0092285826
0.0089546370
0.0082303827
0.0071732972
0.0058855077
0.0044970256
0.0030831603
0.0017524081
0.0005996488
-0.0004189897
-0.0012717190
-0.0017281994
-0.0016768608
-0.0010925384
0.0001216215
0.0016450326
0.0032387456
0.0046563582
0.0057992513
0.0066505309
0.0072090934
0.0073177552
0.0068177936
0.0057039686
0.0040037833
0.0020815775
0.0000831626
-0.0021326243
-0.0044205840
-0.0063579837
-0.0076351934
-0.0082565136
-0.0081885016
-0.0077457485
-0.0069568302
-0.0057804683
-0.0043637951
-0.0028949019
-0.0016833101
-0.0008885810
-0.0004792105
-0.0003673050
-0.0005152300
-0.0008730307
-0.0012183877
-0.0013782146
-0.0013753789
-0.0012095129
-0.0008738441
-0.0002629477
0.0006061129
0.0016928533
0.0030605081
0.0047847322
0.0067805905
0.0088061050
0.0106907114
0.0124103708
0.0140166396
0.0153948800
0.0164946087
0.0172344011
0.0175443781
0.0174124455
0.0166628238
0.0152524649
0.0131354382
0.0105055528
0.0077378721
0.0050553341
0.0027058683
0.0007018754
-0.0008303709
-0.0020380472
-0.0029778277
-0.0034869362
-0.0035048699
-0.0031063498
-0.0024099382
-0.0015482646
-0.0006307888
-0.0000358505
0.0002453563
0.0002043418
-0.0001403469
-0.0006332553
-0.0011911492
-0.0017927690
-0.0023402188
-0.0027350540
-0.0030065082
-0.0031924421
-0.0032994023
-0.0033650710
-0.0034405326
-0.0035170526
-0.0035738996
-0.0035505911
-0.0034544721
-0.0032889618
-0.0031260272
-0.0029782008
-0.0029606853
-0.0032272554
-0.0034968584
-0.0036705239
-0.0037260758
-0.0037042482
-0.0034832862
-0.0031267008
-0.0025297345
-0.0017075507
-0.0007074424
0.0004245181
0.0016719970
0.0028662302
0.0040462378
0.0048843967
0.0053771556
0.0056072732
0.0055821730
0.0052998225
0.0047667477
0.0039370417
0.0029044742
0.0018488320
0.0007847084
-0.0002216285
-0.0011616188
-0.0019171953
-0.0022337319
-0.0019832792
-0.0012712833
-0.0002291754
0.0011413769
0.0026366657
0.0043338964
0.0060790915
0.0077034508
0.0088686783
0.0098293427
0.0105046337
0.0108182375
0.0107834243
0.0103501563
0.0094581180
0.0080906810
0.0065260667
0.0049238138
0.0032067664
0.0014983286
-0.0000662932
-0.0015968069
-0.0029147855
-0.0041345181
-0.0053717560
-0.0067248092
-0.0080953416
-0.0092049155
-0.0099294398
-0.0102101295
-0.0099802470
-0.0093127526
-0.0081794419
-0.0066187680
-0.0048583368
-0.0030019754
-0.0013127631
0.0000387113
0.0011653925
0.0021209642
0.0030179563
0.0037961698
0.0043603018
0.0048901868
0.0053058129
0.0055706073
0.0055313078
0.0051587082
0.0044270057
0.0033707086
0.0021998087
0.0010956332
0.0001106331
-0.0006032547
-0.0010528594
-0.0012444150
-0.0011107952
-0.0006145173
0.0002341239
0.0013072514
0.0025538939
0.0037801294
0.0048921280
0.0058804987
0.0065163856
0.0067168050
0.0064790940
0.0059066108
0.0050193202
0.0038399325
0.0025534568
0.0012805175
0.0000461683
-0.0010275932
-0.0019122459
-0.0026175734
-0.0031990264
-0.0035731055
-0.0037543004
-0.0037895507
-0.0035585678
-0.0030522454
-0.0024705442
-0.0017734836
-0.0010642640
-0.0005192884
-0.0001466643
0.0000284383
0.0000328609
-0.0000919129
-0.0003721334
-0.0007132614
-0.0009432020
-0.0010099672
-0.0009663093
-0.0007990026
-0.0006298594
-0.0004247989
-0.0001457725
0.0002411977
0.0007589869
0.0012151944
0.0015356100
0.0017379357
0.0018340808
0.0018528493
0.0016904359
0.0013648586
0.0008186099
0.0001461725
-0.0005963135
-0.0013930418
-0.0022126099
-0.0028984547
-0.0035223201
-0.0040029441
-0.0043961909
-0.0047519530
-0.0050812880
-0.0052605055
-0.0051654652
-0.0047953106
-0.0041060292
-0.0031807748
-0.0022553577
-0.0013696280
-0.0005442271
0.0001454492
0.0007039627
0.0011221894
0.0014002844
0.0014997834
0.0015109033
0.0013265781
0.0009028446
0.0002059857
-0.0007714654
-0.0019091664
-0.0028358568
-0.0035341442
-0.0040498167
-0.0043673827
-0.0045295609
-0.0046030494
-0.0045752981
-0.0044391187
-0.0041689030
-0.0038071998
-0.0033491148
-0.0027030414
-0.0018295989
-0.0008664159
0.0000591654
0.0008532875
0.0014789430
0.0018641087
0.0020352755
0.0020051344
0.0017460416
0.0013144179
0.0008072014
0.0004066798
0.0000554125
-0.0003118634
-0.0007433274
-0.0010805232
-0.0013233042
-0.0015228538
-0.0016292187
-0.0017011087
-0.0017174598
-0.0016202650
-0.0013702856
-0.0009718920
-0.0004830718
0.0001085527
0.0007026656
0.0011881727
0.0015546210
0.0018018447
0.0018951978
0.0018607200
0.0016523617
0.0012909929
0.0008209322
0.0001990346
-0.0003426946
-0.0008120600
-0.0012436264
-0.0016241037
-0.0019011811
-0.0020851854
-0.0023236862
-0.0025893619
-0.0027206005
-0.0026985972
-0.0025413917
-0.0021965405
-0.0017564341
-0.0011024515
-0.0002848982
0.0005006895
0.0011990158
0.0017184935
0.0020781380
0.0023391285
0.0025012529
0.0025252061
0.0024361012
0.0022787606
0.0019717164
0.0015045717
0.0008966120
0.0002831760
-0.0002593664
-0.0007587084
-0.0011501075
-0.0013634474
-0.0014722107
-0.0016346836
-0.0017644268
-0.0018091665
-0.0017491079
-0.0016593743
-0.0015349814
-0.0013212372
-0.0009639036
-0.0004795013
0.0001642640
0.0007808738
0.0012917890
0.0017933308
0.0022015553
0.0025948457
0.0029225952
0.0030076668
0.0027499692
0.0022751193
0.0017709210
0.0011436956
0.0002724207
-0.0009384725
-0.0023244078
-0.0035246765
-0.0045042124
-0.0052371142
-0.0059201162
-0.0064787571
-0.0069749192
-0.0072980721
-0.0070896107
-0.0064621941
-0.0055547862
-0.0044911803
-0.0034563828
-0.0024441402
-0.0014363018
-0.0004279561
0.0004912687
0.0010524872
0.0013692915
0.0015824245
0.0015997760
0.0014833742
0.0012335178
0.0008773912
0.0006275354
0.0005372017
0.0004816132
0.0005334961
0.0007439533
0.0010003027
0.0012853146
0.0016771759
0.0020897022
0.0024685580
0.0028235898
0.0031374216
0.0032785678
0.0032508818
0.0030709761
0.0028048576
0.0025379304
0.0022609126
0.0019334201
0.0015317843
0.0012020327
0.0009919508
0.0008382276
0.0006991690
0.0005986766
0.0005336198
0.0005139262
0.0005951882
0.0006569959
0.0007207363
0.0007748683
0.0007999575
0.0008478479
0.0009808309
0.0012581321
0.0014970959
0.0016451401
0.0017575477
0.0017248426
0.0015866335
0.0014121361
0.0011679015
0.0010000553
0.0008071406
0.0004769892
0.0001004156
-0.0002559147
-0.0005751291
-0.0009007208
-0.0011957258
-0.0013604080
-0.0013737775
-0.0012182040
-0.0009173010
-0.0005028641
0.0000490977
0.0005954420
0.0011691115
0.0016876788
0.0020048513
0.0022741959
0.0025662262
0.0028803613
0.0031448973
0.0033104773
0.0033684756
0.0033471968
0.0032132113
0.0028790096
0.0022958391
0.0014655712
0.0005105562
-0.0002035114
-0.0007985120
-0.0012688316
-0.0015732472
-0.0017422652
-0.0017650612
-0.0017233196
-0.0015935953
-0.0014196750
-0.0013032799
-0.0013415306
-0.0015405246
-0.0018238872
-0.0020713751
-0.0022014798
-0.0022597772
-0.0022918043
-0.0023031101
-0.0023349238
-0.0022936424
-0.0021735732
-0.0019983091
-0.0017549953
-0.0014423219
-0.0009850642
-0.0005025832
-0.0000769443
0.0003073767
0.0005681142
0.0007038786
0.0007722742
0.0007896000
0.0006855181
0.0003212430
-0.0001920373
-0.0007421214
-0.0013518638
-0.0019598255
-0.0023430021
-0.0026373321
-0.0028274373
-0.0029602817
-0.0030290037
-0.0030086439
-0.0029325275
-0.0028257894
-0.0026083859
-0.0023512851
-0.0020887048
-0.0018284461
-0.0014974923
-0.0013114858
-0.0012525737
-0.0011886921
-0.0011406601
-0.0011658030
-0.0013187029
-0.0015934777
-0.0018973510
-0.0022062637
-0.0026448906
-0.0030216353
-0.0033635857
-0.0037553226
-0.0041367206
-0.0044511011
-0.0047861768
-0.0050739792
-0.0052845283
-0.0054016604
-0.0053295875
-0.0050568629
-0.0046289379
-0.0041395750
-0.0034812376
-0.0027393530
-0.0020997420
-0.0014533420
-0.0007481096
-0.0000647498
0.0005443823
0.0009807087
0.0011008216
0.0010552447
0.0009150123
0.0006624526
0.0002788522
-0.0001970613
-0.0006805419
-0.0011329197
-0.0015700937
-0.0018714741
-0.0019571758
-0.0018836176
-0.0015973993
-0.0010942593
-0.0005218112
-0.0001005452
0.0003567603
0.0009209103
0.0015302264
0.0021063800
0.0025820328
0.0029125554
0.0030929155
0.0031505175
0.0030781194
0.0028575073
0.0024918927
0.0019354266
0.0013257119
0.0007303432
0.0002753701
-0.0000579535
-0.0002894959
-0.0004274789
-0.0004296461
-0.0002773501
-0.0000557727
0.0002652815
0.0008257902
0.0015399076
0.0021066051
0.0026030866
0.0029756891
0.0031485459
0.0031921285
0.0031959905
0.0031638894
0.0030534969
0.0028827236
0.0028219695
0.0028358190
0.0029035508
0.0030910949
0.0033240262
0.0035607775
0.0037158575
0.0038957792
0.0041679912
0.0044175162
0.0045612322
0.0045972593
0.0045923795
0.0045810853
0.0044353714
0.0041012554
0.0035425999
0.0028654955
0.0022742714
0.0017936924
0.0014598885
0.0012678111
0.0011517881
0.0011137411
0.0011524912
0.0013677782
0.0016234228
0.0018430622
0.0020519213
0.0022188124
0.0024042701
0.0026181034
0.0027379244
0.0027124511
0.0026010830
0.0024015957
0.0021882227
0.0020312741
0.0019307022
0.0018749383
0.0018937518
0.0019815747
0.0020877945
0.0021431156
0.0022331439
0.0024002687
0.0025868835
0.0027403969
0.0027864492
0.0028032983
0.0028433630
0.0028757545
0.0027895809
0.0026434823
0.0024284149
0.0022057324
0.0019880458
0.0017720550
0.0014828878
0.0012018129
0.0011198211
0.0010920810
0.0011135622
0.0011684829
0.0012860427
0.0014087362
0.0014904971
0.0015418357
0.0015250011
0.0014753337
0.0013643359
0.0012077172
0.0011145342
0.0009911171
0.0008085055
0.0006434620
0.0005266169
0.0004811177
0.0004975630
0.0005028317
0.0004509818
0.0003659077
0.0003260149
0.0003780497
0.0005318685
0.0006497748
0.0006695133
0.0006952610
0.0007719041
0.0008373207
0.0009009493
0.0009246827
0.0009121564
0.0009295798
0.0009936294
0.0010713155
0.0010867172
0.0009434049
0.0007617354
0.0004921791
0.0002227347
0.0000888092
0.0000295172
-0.0000867386
-0.0002891050
-0.0004933749
-0.0006612261
-0.0007352978
-0.0007931356
-0.0009737934
-0.0012321950
-0.0015101425
-0.0017471174
-0.0019271465
-0.0020613905
-0.0021743064
-0.0023452278
-0.0024774987
-0.0025626400
-0.0025864277
-0.0025646465
-0.0025081697
-0.0024828997
-0.0024868067
-0.0025175678
-0.0025096768
-0.0024647671
-0.0024992624
-0.0025944435
-0.0027351005
-0.0027793364
-0.0028328107
-0.0030845091
-0.0034180807
-0.0038086023
-0.0042362181
-0.0046234657
-0.0049960320
-0.0052861254
-0.0054074157
-0.0054329267
-0.0054820947
-0.0055049271
-0.0054368221
-0.0052887824
-0.0051192344
-0.0048793659
-0.0046489898
-0.0044169906
-0.0041636312
-0.0040405987
-0.0039015112
-0.0037198719
-0.0035359953
-0.0034312333
-0.0034663529
-0.0035722038
-0.0036735003
-0.0036810167
-0.0036038723
-0.0034707463
-0.0033323702
-0.0031135497
-0.0029328237
-0.0028264660
-0.0026505167
-0.0023907705
-0.0021315789
-0.0018076566
-0.0014947802
-0.0012010473
-0.0009848282
-0.0008333356
-0.0006250584
-0.0004449233
-0.0003875862
-0.0003359484
-0.0002778840
-0.0002185897
-0.0001874767
-0.0002278928
-0.0004302041
-0.0006502697
-0.0007260512
-0.0007430857
-0.0007303907
-0.0006659100
-0.0005121319
-0.0003409801
-0.0001734564
0.0000339304
0.0002845156
0.0005344702
0.0007317182
0.0009079917
0.0010293887
0.0011322877
0.0011685167
0.0010772307
0.0009295835
0.0008537017
0.0008292229
0.0007976116
0.0007768245
0.0007627413
0.0007421440
0.0007937210
0.0009447013
0.0011506098
0.0013887502
0.0016363954
0.0018420894
0.0020170965
0.0021754272
0.0022798611
0.0023116400
0.0023638192
0.0024438644
0.0025087272
0.0025247691
0.0024580464
0.0022824397
0.0020640170
0.0018455217
0.0016822894
0.0015785770
0.0015219507
0.0015063909
0.0014658151
0.0014308667
0.0014587895
0.0016357014
0.0019120107
0.0022093795
0.0024653087
0.0026845982
0.0028903169
0.0030942861
0.0032847107
0.0034773320
0.0036599208
0.0038073972
0.0039723253
0.0040950951
0.0040747194
0.0039248197
0.0037004370
0.0034268181
0.0032746709
0.0031393801
0.0029688768
0.0028423162
0.0027770395
0.0028169170
0.0028283767
0.0028176487
0.0028554223
0.0028798953
0.0029477142
0.0030334043
0.0030627803
0.0031284329
0.0031519259
0.0031770609
0.0031590372
0.0030917874
0.0030630097
0.0030123012
0.0029315649
0.0028384600
0.0027006008
0.0025257520
0.0023174794
0.0021153468
0.0018824779
0.0016441165
0.0014170879
0.0011216576
0.0007593304
0.0004387724
0.0001523629
-0.0001261412
-0.0003652843
-0.0006583445
-0.0009067659
-0.0010659474
-0.0011694609
-0.0012541455
-0.0013446324
-0.0013256479
-0.0012515478
-0.0011968132
-0.0011270008
-0.0010518598
-0.0009493380
-0.0008423334
-0.0007925904
-0.0007551896
-0.0007937602
-0.0009760621
-0.0011508397
-0.0012858219
-0.0012686940
-0.0012051529
-0.0012191348
-0.0012188946
-0.0012282175
-0.0012375648
-0.0012163355
-0.0011774103
-0.0011442053
-0.0011453070
-0.0012601068
-0.0014603575
-0.0016344324
-0.0018351785
-0.0020811928
-0.0022643333
-0.0023541293
-0.0024042686
-0.0024065481
-0.0023577285
-0.0022030391
-0.0019288481
-0.0016079661
-0.0013030270
-0.0009735336
-0.0006890995
-0.0005520886
-0.0004277437
-0.0002478784
-0.0001010166
-0.0000168827
-0.0000117379
-0.0001023405
-0.0002639051
-0.0004464361
-0.0006557118
-0.0007829708
-0.0007868521
-0.0007446502
-0.0007153778
-0.0006767663
-0.0006035358
-0.0004784844
-0.0003438136
-0.0002495579
-0.0002051297
-0.0002194575
-0.0002914700
-0.0004537012
-0.0006607587
-0.0008707583
-0.0010340045
-0.0011258647
-0.0012402430
-0.0013558965
-0.0013604431
-0.0013086132
-0.0011505525
-0.0009379188
-0.0006240715
-0.0002479110
0.0002093011
0.0005793312
0.0008832416
0.0010731021
0.0012021031
0.0012405278
0.0011796036
0.0010119237
0.0007231736
0.0004747281
0.0002729685
0.0001073170
-0.0000756089
-0.0002706199
-0.0004776787
-0.0006844074
-0.0008228391
-0.0008936118
-0.0008562344
-0.0008930636
-0.0009743396
-0.0010246830
-0.0011679812
-0.0012178948
-0.0011444198
-0.0010992819
-0.0011141357
-0.0011370191
-0.0012059957
-0.0013020371
-0.0013721395
-0.0014645984
-0.0015606376
-0.0016492402
-0.0017331329
-0.0017606548
-0.0018598474
-0.0019887761
-0.0020836421
-0.0021277808
-0.0021366184
-0.0021552228
-0.0022042442
-0.0022292006
-0.0022464461
-0.0022256740
-0.0021199101
-0.0020083997
-0.0018958860
-0.0017957686
-0.0016897056
-0.0015881653
-0.0015428462
-0.0015686781
-0.0015880840
-0.0016273414
-0.0016693517
-0.0017066607
-0.0017871342
-0.0017841593
-0.0017774821
-0.0017633654
-0.0017431538
-0.0017431073
-0.0018271539
-0.0019422969
-0.0019803842
-0.0019511781
-0.0018583491
-0.0017637487
-0.0016388825
-0.0014737482
-0.0012743539
-0.0010611396
-0.0008250475
-0.0005581168
-0.0003306156
-0.0001507121
0.0000514857
0.0002234909
0.0003626996
0.0003878028
0.0003768570
0.0003095014
0.0001653832
-0.0000295918
-0.0002682602
-0.0005104772
-0.0007054898
-0.0008251750
-0.0008435691
-0.0007602912
-0.0006475084
-0.0005678052
-0.0004675895
-0.0002533383
0.0000793982
0.0004068394
0.0006214157
0.0007958570
0.0009012441
0.0009516934
0.0009379535
0.0008708191
0.0007629313
0.0006216403
0.0004844130
0.0003243129
0.0001437021
0.0000045797
-0.0000965875
-0.0001390455
-0.0001650474
-0.0001290691
-0.0000323024
0.0000910253
0.0002158626
0.0003261370
0.0004121055
0.0005041739
0.0005981097
0.0006549955
0.0006927210
0.0007034288
0.0006900927
0.0006401446
0.0005821950
0.0005917019
0.0006258162
0.0006734274
0.0006791911
0.0007079662
0.0007942900
0.0008523923
0.0008852664
0.0008958492
0.0008985850
0.0008776217
0.0007943949
0.0006759606
0.0005325588
0.0004541472
0.0004568270
0.0004798823
0.0005727286
0.0006926045
0.0008270372
0.0009539409
0.0010862251
0.0011476809
0.0011670594
0.0011730110
0.0011683118
0.0011031377
0.0009897606
0.0008200909
0.0005788885
0.0003018411
0.0001219190
0.0000532377
-0.0000049003
-0.0001067933
-0.0001351190
-0.0000937927
-0.0000248736
0.0000226094
0.0001025199
0.0003079899
0.0005450987
0.0007892306
0.0009946237
0.0011509104
0.0012007539
0.0012342527
0.0013738915
0.0014685519
0.0015134383
0.0014976244
0.0015327687
0.0015529615
0.0015156612
0.0014493968
0.0013673192
0.0012647427
0.0011360842
0.0009868451
0.0008102932
0.0006586435
0.0005015423
0.0003488151
0.0002539347
0.0001980422
0.0000558274
-0.0001745528
-0.0003382074
-0.0004462768
-0.0004973721
-0.0005023047
-0.0004828143
-0.0004235020
-0.0003748184
-0.0003454892
-0.0002800614
-0.0001737857
-0.0000556756
0.0001288970
0.0003887628
0.0006582862
0.0008961767
0.0011928272
0.0014694724
0.0017199440
0.0018950265
0.0020453893
0.0022075472
0.0024047027
0.0025625181
0.0026578225
0.0026771413
0.0026672569
0.0026204148
0.0025807668
0.0024922484
0.0024024843
0.0022897252
0.0021090921
0.0019180418
0.0016883742
0.0014697671
0.0012609211
0.0010933716
0.0009223627
0.0007533174
0.0006276267
0.0005218712
0.0004543513
0.0003879659
0.0003344257
0.0003290646
0.0003644879
0.0004024275
0.0004226877
0.0004064854
0.0002802080
0.0001376111
-0.0000342187
-0.0002103019
-0.0004505383
-0.0007050343
-0.0009032141
-0.0010630499
-0.0011728641
-0.0011503233
-0.0010430608
-0.0008983319
-0.0006745481
-0.0003899110
-0.0001187695
0.0001148209
0.0002537862
0.0003449568
0.0003610339
0.0003718220
0.0003227546
0.0001040454
-0.0001611349
-0.0003048145
-0.0003483805
-0.0004100548
-0.0005082844
-0.0005963005
-0.0006569307
-0.0006693675
-0.0006566589
-0.0006463617
-0.0006419975
-0.0005781213
-0.0004776683
-0.0002915028
-0.0001083366
-0.0000432795
-0.0000232939
-0.0000130636
-0.0000156260
-0.0001147833
-0.0002550793
-0.0003939809
-0.0005406804
-0.0007156132
-0.0008855942
-0.0009033261
-0.0009605609
-0.0010664954
-0.0011966373
-0.0013560099
-0.0014644489
-0.0015242868
-0.0015370968
-0.0015085934
-0.0014715863
-0.0014024539
-0.0013310736
-0.0012281239
-0.0011161937
-0.0010094194
-0.0009069578
-0.0007642999
-0.0006485906
-0.0005559538
-0.0004225152
-0.0003376650
-0.0002877443
-0.0002424637
-0.0002208154
-0.0002022187
-0.0002484314
-0.0003213808
-0.0003517323
-0.0003772792
-0.0003810784
-0.0004216721
-0.0004293292
-0.0004149494
-0.0003897912
-0.0003275648
-0.0002908031
-0.0002745547
-0.0002572074
-0.0002729239
-0.0003290643
-0.0004146776
-0.0004934016
-0.0005615100
-0.0006566674
-0.0007722632
-0.0008246494
-0.0008444746
-0.0008671196
-0.0008456412
-0.0007619343
-0.0006173086
-0.0003889018
-0.0001193540
0.0001043555
0.0002424212
0.0003934867
0.0005976698
0.0007994349
0.0009583598
0.0010377187
0.0009918851
0.0008567148
0.0007462495
0.0006332415
0.0005314254
0.0003970213
0.0003346005
0.0002667491
0.0001906297
0.0001519546
0.0001087568
0.0000344537
-0.0000149611
-0.0000601511
-0.0000513380
-0.0000668170
-0.0001424302
-0.0002260033
-0.0002627754
-0.0002515265
-0.0002074148
-0.0002079302
-0.0002247252
-0.0002796814
-0.0003986051
-0.0004919596
-0.0005309599
-0.0006073852
-0.0006703188
-0.0006674718
-0.0006881843
-0.0007493249
-0.0008133120
-0.0009003975
-0.0010171482
-0.0011083055
-0.0011683981
-0.0012421645
-0.0013601873
-0.0014442824
-0.0015125570
-0.0015337095
-0.0014423771
-0.0012715067
-0.0011628976
-0.0011287139
-0.0011207371
-0.0010917433
-0.0010490754
-0.0009701134
-0.0008477939
-0.0006737629
-0.0004670778
-0.0002663240
-0.0001419930
-0.0000560371
0.0000064857
0.0001018762
0.0002413797
0.0004115305
0.0006028843
0.0007796727
0.0009252417
0.0010567670
0.0012144919
0.0013782657
0.0015589766
0.0017002260
0.0018211794
0.0018898215
0.0019223756
0.0019632679
0.0019614095
0.0018870267
0.0018185733
0.0016857928
0.0015082682
0.0013477296
0.0011768175
0.0010166805
0.0009370144
0.0008853477
0.0008027691
0.0007515521
0.0006192459
0.0004075264
0.0001271769
-0.0001534058
-0.0004008672
-0.0005904808
-0.0007846695
-0.0009910046
-0.0011419361
-0.0011692730
-0.0011148741
-0.0010273555
-0.0008559363
-0.0006680692
-0.0005831813
-0.0005030815
-0.0004913784
-0.0004900067
-0.0004570855
-0.0004244366
-0.0003846065
-0.0003285399
-0.0002658868
-0.0002316796
-0.0002311296
-0.0002143930
-0.0002064602
-0.0001923708
-0.0001765096
-0.0000914148
-0.0000042772
0.0000809762
0.0002545964
0.0005424827
0.0008801347
0.0011328881
0.0012926774
0.0014027309
0.0014639190
0.0015437231
0.0015967445
0.0016320034
0.0015811527
0.0014589927
0.0013026999
0.0010980484
0.0009249798
0.0007807819
0.0006229843
0.0004548520
0.0003420960
0.0002287245
0.0001022484
0.0000458127
0.0000662560
0.0000977613
0.0001709875
0.0002604189
0.0003557701
0.0004501807
0.0005760315
0.0007025342
0.0008593320
0.0010006281
0.0011359547
0.0012124817
0.0012360410
0.0012155785
0.0012033035
0.0011610520
0.0011041290
0.0010464128
0.0009565964
0.0008170034
0.0006478757
0.0004812820
0.0003597350
0.0002699823
0.0002431160
0.0002719122
0.0003389627
0.0004354648
0.0005308950
0.0006466627
0.0006891964
0.0006980518
0.0007436609
0.0007624450
0.0007465232
0.0006913647
0.0005599217
0.0003693742
0.0000921999
-0.0001692394
-0.0003962662
-0.0006433188
-0.0009323709
-0.0012366662
-0.0014660939
-0.0016220740
-0.0017008633
-0.0016903604
-0.0015966501
-0.0014645868
-0.0013460152
-0.0012233775
-0.0011179340
-0.0010090750
-0.0009117752
-0.0008686021
-0.0008937509
-0.0009534503
-0.0010230144
-0.0010958684
-0.0011467852
-0.0012151149
-0.0013538430
-0.0014803325
-0.0015995509
-0.0017226575
-0.0017731439
-0.0018185776
-0.0018754406
-0.0018864038
-0.0018475906
-0.0017584653
-0.0016088532
-0.0014696219
-0.0013376274
-0.0013097254
-0.0013713102
-0.0014459991
-0.0015574652
-0.0016079704
-0.0015517825
-0.0014828341
-0.0015632190
-0.0015862502
-0.0015789923
-0.0015947467
-0.0016054383
-0.0015566754
-0.0014518843
-0.0012811093
-0.0010334660
-0.0007854100
-0.0005635154
-0.0003239778
0.0000023570
0.0002971740
0.0005512647
0.0007777051
0.0009228989
0.0009757061
0.0009883688
0.0009548549
0.0009239623
0.0007551035
0.0004224822
0.0000706164
-0.0002284059
-0.0005011422
-0.0007475113
-0.0009709879
-0.0010687141
-0.0010782916
-0.0010035401
-0.0008219289
-0.0006855043
-0.0004507681
-0.0001669741
0.0000913601
0.0003940184
0.0006964432
0.0009597114
0.0011531214
0.0012101294
0.0011957944
0.0011230514
0.0010440022
0.0009929028
0.0008691133
0.0006908362
0.0004485322
0.0002145360
0.0000565139
-0.0000568194
-0.0000847057
-0.0000663514
-0.0000402652
0.0000073005
0.0000822015
0.0001993856
0.0003763137
0.0005041187
0.0005971054
0.0006686671
0.0007297631
0.0007482540
0.0007178472
0.0006989156
0.0006962109
0.0007104180
0.0007295724
0.0007034860
0.0006250430
0.0005498077
0.0004392866
0.0003626835
0.0003268937
0.0003251554
0.0004153870
0.0005161814
0.0005985108
0.0006486173
0.0007611445
0.0009240407
0.0010190276
0.0010466002
0.0010285201
0.0009918211
0.0009611448
0.0009481643
0.0008823323
0.0007955628
0.0007195109
0.0006240195
0.0005105890
0.0004585525
0.0004357254
0.0003906604
0.0003105784
0.0001978383
0.0001558770
0.0001513457
0.0001539353
0.0001861976
0.0002839783
0.0003827487
0.0004767111
0.0005366246
0.0005750763
0.0006828037
0.0008363133
0.0009588796
0.0010950068
0.0012373974
0.0013050798
0.0013504701
0.0013578180
0.0012879823
0.0012136316
0.0010860091
0.0009461501
0.0008016912
0.0006896203
0.0005588178
0.0005057400
0.0004957270
0.0004477917
0.0003413195
0.0002380252
0.0001926233
0.0002477352
0.0003732055
0.0004579134
0.0005231295
0.0005607241
0.0004923161
0.0004342605
0.0003549342
0.0002339881
0.0001045485
-0.0001129139
-0.0002960437
-0.0004391831
-0.0005642696
-0.0007011391
-0.0008839552
-0.0010413318
-0.0011379987
-0.0011759378
-0.0010995569
-0.0009644705
-0.0008023076
-0.0006728938
-0.0005021896
-0.0003397256
-0.0002254796
-0.0001060517
0.0000330944
0.0001852446
0.0003480301
0.0004485306
0.0005325981
0.0005863695
0.0006008351
0.0005564788
0.0004250314
0.0002891995
0.0002607839
0.0002141575
0.0001725476
0.0001590369
0.0001788310
0.0002263525
0.0003119235
0.0003901841
0.0004100085
0.0004063167
0.0003977378
0.0003884454
0.0003814254
0.0003544061
0.0002928725
0.0002441338
0.0002364278
0.0002137693
0.0001607767
0.0000857582
0.0000407789
-0.0000268907
-0.0000718633
-0.0001162459
-0.0001930566
-0.0001534971
-0.0000717750
-0.0000059263
0.0000716869
0.0001709453
0.0002140978
0.0001812182
0.0001251434
0.0001179491
0.0002084583
0.0003321098
0.0004141525
0.0004016056
0.0003019035
0.0001314831
-0.0000590590
-0.0002409918
-0.0004491116
-0.0006806344
-0.0009009797
-0.0011118776
-0.0013040163
-0.0014375427
-0.0014609440
-0.0014176533
-0.0012964989
-0.0011792190
-0.0010258140
-0.0008396713
-0.0006374204
-0.0004545320
-0.0003330737
-0.0003094484
-0.0004055290
-0.0005802353
-0.0007959111
-0.0009660206
-0.0010919499
-0.0011781547
-0.0012990034
-0.0013628605
-0.0013377923
-0.0012181705
-0.0010440352
-0.0008451094
-0.0006973135
-0.0005681069
-0.0003771658
-0.0001751540
-0.0000196567
0.0000424490
0.0000383510
-0.0000186460
-0.0000450157
-0.0000534061
-0.0000653398
-0.0000807712
-0.0000770489
-0.0000377769
0.0000399270
0.0001222892
0.0001811809
0.0002470509
0.0003038592
0.0003139729
0.0003402527
0.0004844618
0.0006422873
0.0008480166
0.0009251880
0.0008833280
0.0007615867
0.0005831884
0.0003858416
0.0002370533
0.0000793233
-0.0001026604
-0.0002768391
-0.0003956816
-0.0005079205
-0.0006189824
-0.0007596258
-0.0008956028
-0.0009483272
-0.0009132863
-0.0008307067
-0.0006490992
-0.0004410441
-0.0002982350
-0.0001732597
-0.0000296922
0.0000927261
0.0002252470
0.0003212119
0.0003875501
0.0003967520
0.0003726924
0.0002859049
0.0000972388
-0.0001594146
-0.0003507999
-0.0005115467
-0.0006682244
-0.0007219145
-0.0007409892
-0.0007377558
-0.0007580510
-0.0007259806
-0.0005055023
-0.0001363933
0.0002634745
0.0005662626
0.0008049278
0.0010712254
0.0013229723
0.0015317988
0.0016747962
0.0017797296
0.0017620370
0.0016723019
0.0015563821
0.0013878187
0.0012452634
0.0011661735
0.0010350548
0.0008344867
0.0006021082
0.0003393959
0.0001249881
-0.0000730452
-0.0002623729
-0.0003802561
-0.0005162869
-0.0006738434
-0.0007972968
-0.0008511562
-0.0008476533
-0.0008352466
-0.0007290188
-0.0005285044
-0.0002463112
0.0000405831
0.0002206529
0.0003019578
0.0003015000
0.0002450498
0.0001235822
-0.0000286605
-0.0002094215
-0.0004335226
-0.0006389529
-0.0007539040
-0.0007959347
-0.0007880222
-0.0007643847
-0.0007027263
-0.0006328939
-0.0004993326
-0.0003245266
-0.0002288805
-0.0001867534
-0.0001652193
-0.0001733297
-0.0002050366
-0.0003021932
-0.0003739512
-0.0004474787
-0.0004853610
-0.0004446917
-0.0003611226
-0.0002354200
-0.0001387405
0.0000436493
0.0002796657
0.0005340519
0.0007509084
0.0008417340
0.0008925110
0.0009544990
0.0010016577
0.0010318610
0.0010258783
0.0009705517
0.0008487571
0.0006096108
0.0003008693
-0.0000071202
-0.0002932353
-0.0004994889
-0.0006777415
-0.0008036947
-0.0009742127
-0.0011786289
-0.0013320306
-0.0014200274
-0.0015350206
-0.0015701561
-0.0015787005
-0.0015881609
-0.0015668429
-0.0014781808
-0.0013528363
-0.0011440705
-0.0009349619
-0.0008123694
-0.0008429109
-0.0009872532
-0.0011080069
-0.0011450983
-0.0010813722
-0.0010215101
-0.0010322955
-0.0011380825
-0.0012685839
-0.0013522046
-0.0014125734
-0.0013927705
-0.0013296725
-0.0011313511
-0.0009554705
-0.0008079487
-0.0006311162
-0.0004069927
-0.0001783401
-0.0000044736
0.0001127513
0.0002326671
0.0003534625
0.0004357318
0.0005122185
0.0005879591
0.0006746956
0.0008107352
0.0009506926
0.0010244067
0.0010160886
0.0009609907
0.0008979238
0.0008903934
0.0009351448
0.0009509753
0.0009384142
0.0008752863
0.0007632642
0.0006908021
0.0006782180
0.0006807442
0.0006519211
0.0006032942
0.0005310153
0.0004748708
0.0004755516
0.0005243653
0.0006108544
0.0006662657
0.0005898185
0.0005504735
0.0005527244
0.0005773114
0.0006245718
0.0007085498
0.0007604473
0.0006767240
0.0005949926
0.0006227610
0.0006567528
0.0006441055
0.0006166078
0.0005970434
0.0005512780
0.0004564387
0.0003722535
0.0002965163
0.0002304476
0.0002005169
0.0001379829
0.0000763659
0.0000174944
0.0000239838
0.0000782369
0.0001460989
0.0002043540
0.0002463494
0.0002871800
0.0003504203
0.0004183357
0.0004502335
0.0004526137
0.0004256431
0.0003651690
0.0003037261
0.0002813373
0.0002279973
0.0001132692
-0.0000204392
-0.0000765145
-0.0000923630
-0.0001448710
-0.0002056084
-0.0002512239
-0.0002323730
-0.0001522360
-0.0000871663
-0.0000342649
0.0000367873
0.0001217387
0.0001677007
0.0001692296
0.0001708856
0.0002171832
0.0002935780
0.0003878047
0.0004901313
0.0005270615
0.0005164919
0.0005033679
0.0004902346
0.0004736476
0.0004675662
0.0004863404
0.0004918680
0.0004572081
0.0004259300
0.0003449157
0.0002995758
0.0002661836
0.0002412454
0.0002357987
0.0002361322
0.0001958514
0.0001677546
0.0001934188
0.0002294781
0.0002274967
0.0001757751
0.0000766225
-0.0000073692
-0.0000467378
-0.0000626922
-0.0001005300
-0.0001509360
-0.0002038279
-0.0002461937
-0.0002719745
-0.0002960571
-0.0003070741
-0.0003257809
-0.0003446591
-0.0003409979
-0.0003493229
-0.0003427847
-0.0003089888
-0.0002776707
-0.0002573788
-0.0002478036
-0.0002411177
-0.0002368664
-0.0002513295
-0.0002755714
-0.0002898739
-0.0003077443
-0.0003091228
-0.0002951556
-0.0002774875
-0.0002677588
-0.0002570913
-0.0002531737
-0.0002513549
-0.0002483123
-0.0002387271
-0.0002347204
-0.0002275800
-0.0002311437
-0.0002235781
-0.0001958861
-0.0001788818
-0.0001735656
-0.0001637563
-0.0001595221
-0.0001589019
-0.0001308907
-0.0000928089
-0.0000504984
-0.0000125718
0.0000218446
0.0000434798
0.0000643622
0.0000786050
0.0000908070
0.0000941296
0.0000776380
0.0000586422
0.0000373795
0.0000206033
0.0000129755
0.0000041330
-0.0000008481
-0.0000033530
-0.0000021669
0.0000060473
0.0000250143
0.0000445337
0.0000515815
0.0000557854
0.0000586898
0.0000581253
0.0000517025
0.0000447629
0.0000547695
0.0000750088
0.0000915636
0.0000984124
0.0001017129
0.0001024168
0.0001063747
0.0001088611
0.0001069766
0.0000958816
0.0000772431
0.0000595036
0.0000421357
0.0000230036
0.0000038125
-0.0000149732
-0.0000296508
-0.0000406999
-0.0000477598
-0.0000482674
-0.0000438861
-0.0000364154
-0.0000202981
-0.0000021886
0.0000161196
0.0000279212
0.0000327168
0.0000350407
0.0000345752
0.0000319702
0.0000286465
0.0000250180
0.0000193984
0.0000134967
0.0000096006
0.0000068882
0.0000045524
0.0000050920
0.0000066171
0.0000077594
0.0000084392
0.0000094803
0.0000108419
0.0000112339
0.0000117920
0.0000131695
0.0000136214
0.0000124199
0.0000101282
0.0000083538
0.0000064452
0.0000044033
0.0000032356
0.0000034742
0.0000015819
-0.0000008293
-0.0000032336
-0.0000054201
-0.0000070581
-0.0000089618
-0.0000113239
-0.0000135766
-0.0000155254
-0.0000169724
-0.0000176300
-0.0000178689
-0.0000183380
-0.0000188377
-0.0000192379
-0.0000194168
-0.0000196141
-0.0000197533
-0.0000200777
-0.0000205533
-0.0000210720
-0.0000216050
-0.0000222940
-0.0000230102
-0.0000236933
-0.0000243035
-0.0000248505
-0.0000253330
-0.0000257974
-0.0000261276
-0.0000264056
-0.0000266344
-0.0000268718
-0.0000271175
-0.0000273669
-0.0000276203
-0.0000278590
-0.0000280944
-0.0000283513
-0.0000286054
-0.0000288604
-0.0000291121
-0.0000293671
-0.0000296136
-0.0000298644
-0.0000301081
-0.0000303420
-0.0000305628
-0.0000307759
-0.0000309833
-0.0000311847
-0.0000313768
-0.0000315617
-0.0000317373
-0.0000319047
-0.0000320634
-0.0000322141
-0.0000323563
-0.0000324900
-0.0000326148
-0.0000327309
-0.0000328380
-0.0000329363
-0.0000330255
0.0000000000
0.0000000000
0.0000000000
0.0000000000
0.0000000000
0.0000000000
0.0000000000
0.0000000000
0.0000000000
0.0000000000
0.0000000000
0.0000000000
0.0000000000
0.0000000000
0.0000000000
0.0000000000
0.0000000000
0.0000000000
0.0000000000
0.0000000000
0.0000000000
0.0000000000
0.0000000000
0.0000000000
0.0000000000
0.0000000000
0.0000000000
0.0000000000
0.0000000000
0.0000000000
0.0000000000
0.0000000000
0.0000000000
0.0000000000
0.0000000000
0.0000000000
0.0000000000
0.0000000000
0.0000000000
0.0000000000
0.0000000000
0.0000000000
0.0000000000
0.0000000000
0.0000000000
0.0000000000
0.0000000000
0.0000000000
0.0000000000
0.0000000000
0.0000000000
0.0000000000
0.0000000000
0.0000000000
0.0000000000
0.0000000000
0.0000000000
0.0000000000
0.0000000000
0.0000000000
0.0000000000
0.0000000000
0.0000000000
0.0000000000
0.0000000000
0.0000000000
0.0000000000
0.0000000000
0.0000000000
0.0000000000
0.0000000000
0.0000000000
0.0000000000
0.0000000000
0.0000000000
0.0000000000
0.0000000000
0.0000000000
0.0000000000
0.0000000000
0.0000000000
0.0000000000
0.0000000000
0.0000000000
0.0000000000
0.0000000000
0.0000000000
0.0000000000
0.0000000000
0.0000000000
0.0000000000
0.0000000000
0.0000000000
0.0000000000
0.0000000000
0.0000000000
0.0000000000
0.0000000000
0.0000000000
0.0000000000
0.0000000000
0.0000000000
0.0000000000
0.0000000000
0.0000000000
0.0000000000
0.0000000000
0.0000000000
0.0000000000
0.0000000000
0.0000000000
0.0000000000
0.0000000000
0.0000000000
0.0000000000
0.0000000000
0.0000000000
0.0000000000
0.0000000000
0.0000000000
0.0000000000
0.0000000000
0.0000000000
0.0000000000
0.0000000000
0.0000000000
0.0000000000
0.0000000000
0.0000000000
0.0000000000
0.0000000000
0.0000000000
0.0000000000
0.0000000000
0.0000000000
0.0000000000
0.0000000000
0.0000000000
0.0000000000
0.0000000000
0.0000000000
0.0000000000
0.0000000000
0.0000000000
0.0000000000
0.0000000000
0.0000000000
0.0000000000
0.0000000000
0.0000000000
0.0000000000
0.0000000000
0.0000000000
0.0000000000
0.0000000000
0.0000000000
0.0000000000
0.0000000000
0.0000000000
0.0000000000
0.0000000000
0.0000000000
0.0000000000
0.0000000000
0.0000000000
0.0000000000
0.0000000000
0.0000000000
0.0000000000
0.0000000000
0.0000000000
0.0000000000
0.0000000000
0.0000000000
0.0000000000
0.0000000000
0.0000000000
0.0000000000
0.0000000000
0.0000000000
0.0000000000
0.0000000000
0.0000000000
0.0000000000
0.0000000000
0.0000000000
0.0000000000
0.0000000000
0.0000000000
0.0000000000
0.0000000000
0.0000000000
0.0000000000
0.0000000000
0.0000000000
0.0000000000
0.0000000000
0.0000000000
0.0000000000
0.0000000000
0.0000000000
0.0000000000
0.0000000000
0.0000000000
0.0000000000
0.0000000000
0.0000000000
0.0000000000
0.0000000000
0.0000000000
0.0000000000
0.0000000000
0.0000000000
0.0000000000
0.0000000000
0.0000000000
0.0000000000
0.0000000000
0.0000000000
0.0000000000
0.0000000000
0.0000000000
0.0000000000
0.0000000000
0.0000000000
0.0000000000
0.0000000000
0.0000000000
0.0000000000
0.0000000000
0.0000000000
0.0000000000
0.0000000000
0.0000000000
0.0000000000
0.0000000000
0.0000000000
0.0000000000
0.0000000000
0.0000000000
0.0000000000
0.0000000000
0.0000000000
0.0000000000
0.0000000000
0.0000000000
0.0000000000
0.0000000000
0.0000000000
0.0000000000
0.0000000000
0.0000000000
0.0000000000
0.0000000000
0.0000000000
0.0000000000
0.0000000000
0.0000000000
0.0000000000
0.0000000000
0.0000000000
0.0000000000
0.0000000000
0.0000000000
0.0000000000
0.0000000000
0.0000000000
0.0000000000
0.0000000000
0.0000000000
0.0000000000
0.0000000000
0.0000000000
0.0000000000
0.0000000000
0.0000000000
0.0000000000
0.0000000000
0.0000000000
0.0000000000
0.0000000000
0.0000000000
0.0000000000
0.0000000000
0.0000000000
0.0000000000
0.0000000000
0.0000000000
0.0000000000
0.0000000000
0.0000000000
0.0000000000
0.0000000000
0.0000000000
0.0000000000
0.0000000000
0.0000000000
0.0000000000
0.0000000000
0.0000000000
0.0000000000
0.0000000000
0.0000000000
0.0000000000
0.0000000000
0.0000000000
0.0000000000
0.0000000000
0.0000000000
0.0000000000
0.0000000000
0.0000000000
0.0000000000
0.0000000000
0.0000000000
0.0000000000
0.0000000000
0.0000000000
0.0000000000
0.0000000000
0.0000000000
0.0000000000
0.0000000000
0.0000000000
0.0000000000
0.0000000000
0.0000000000
0.0000000000
0.0000000000
0.0000000000
0.0000000000
0.0000000000
0.0000000000
0.0000000000
0.0000000000
0.0000000000
0.0000000000
0.0000000000
0.0000000000
0.0000000000
0.0000000000
0.0000000000
0.0000000000
0.0000000000
0.0000000000
0.0000000000
0.0000000000
0.0000000000
0.0000000000
0.0000000000
0.0000000000
0.0000000000
0.0000000000
0.0000000000
0.0000000000
0.0000000000
0.0000000000
0.0000000000
0.0000000000
0.0000000000
0.0000000000
0.0000000000
0.0000000000
0.0000000000
0.0000000000
0.0000000000
0.0000000000
0.0000000000
0.0000000000
0.0000000000
0.0000000000
0.0000000000
0.0000000000
0.0000000000
0.0000000000
0.0000000000
0.0000000000
0.0000000000
0.0000000000
0.0000000000
0.0000000000
0.0000000000
0.0000000000
0.0000000000
0.0000000000
0.0000000000
0.0000000000
0.0000000000
0.0000000000
0.0000000000
0.0000000000
0.0000000000
0.0000000000
0.0000000000
0.0000000000
0.0000000000
0.0000000000
0.0000000000
0.0000000000
0.0000000000
0.0000000000
0.0000000000
0.0000000000
0.0000000000
0.0000000000
0.0000000000
0.0000000000
0.0000000000
0.0000000000
0.0000000000
0.0000000000
0.0000000000
0.0000000000
0.0000000000
0.0000000000
0.0000000000
0.0000000000
0.0000000000
0.0000000000
0.0000000000
0.0000000000
0.0000000000
0.0000000000
0.0000000000
0.0000000000
0.0000000000
0.0000000000
0.0000000000
0.0000000000
0.0000000000
0.0000000000
0.0000000000
0.0000000000
0.0000000000
0.0000000000
0.0000000000
0.0000000000
0.0000000000
0.0000000000
0.0000000000
0.0000000000
0.0000000000
0.0000000000
0.0000000000
0.0000000000
0.0000000000
0.0000000000
0.0000000000
0.0000000000
0.0000000000
0.0000000000
0.0000000000
0.0000000000
0.0000000000
0.0000000000
0.0000000000
0.0000000000
0.0000000000
0.0000000000
0.0000000000
0.0000000000
0.0000000000
0.0000000000
0.0000000000
0.0000000000
0.0000000000
0.0000000000
0.0000000000
0.0000000000
0.0000000000
0.0000000000
0.0000000000
0.0000000000
0.0000000000
0.0000000000
0.0000000000
0.0000000000
0.0000000000
0.0000000000
0.0000000000
0.0000000000
0.0000000000
0.0000000000
0.0000000000
0.0000000000
0.0000000000
0.0000000000
0.0000000000
0.0000000000
0.0000000000
0.0000000000
0.0000000000
0.0000000000
0.0000000000
0.0000000000
0.0000000000
0.0000000000
0.0000000000
0.0000000000
0.0000000000
0.0000000000
0.0000000000
0.0000000000
0.0000000000
0.0000000000
0.0000000000
0.0000000000
0.0000000000
0.0000000000
0.0000000000
0.0000000000
0.0000000000
0.0000000000
0.0000000000
0.0000000000
0.0000000000
0.0000000000
0.0000000000
0.0000000000
0.0000000000
0.0000000000
0.0000000000
0.0000000000
0.0000000000
0.0000000000
0.0000000000
0.0000000000
0.0000000000
0.0000000000
0.0000000000
0.0000000000
0.0000000000
0.0000000000
0.0000000000
0.0000000000
0.0000000000
0.0000000000
0.0000000000
0.0000000000
0.0000000000
0.0000000000
0.0000000000
0.0000000000
0.0000000000
0.0000000000
0.0000000000
0.0000000000
0.0000000000
0.0000000000
0.0000000000
0.0000000000
0.0000000000
0.0000000000
0.0000000000
0.0000000000
0.0000000000
0.0000000000
0.0000000000
0.0000000000
0.0000000000
0.0000000000
0.0000000000
0.0000000000
0.0000000000
0.0000000000
0.0000000000
0.0000000000
0.0000000000
0.0000000000
0.0000000000
0.0000000000
0.0000000000
0.0000000000
0.0000000000
0.0000000000
0.0000000000
0.0000000000
0.0000000000
0.0000000000
0.0000000000
0.0000000000
0.0000000000
0.0000000000
0.0000000000
0.0000000000
0.0000000000
0.0000000000
0.0000000000
0.0000000000
0.0000000000
0.0000000000
0.0000000000
0.0000000000
0.0000000000
0.0000000000
0.0000000000
0.0000000000
0.0000000000
0.0000000000
0.0000000000
0.0000000000
0.0000000000
0.0000000000
0.0000000000
0.0000000000
0.0000000000
0.0000000000
0.0000000000
0.0000000000
0.0000000000
0.0000000000
0.0000000000
0.0000000000
0.0000000000
0.0000000000
0.0000000000
0.0000000000
0.0000000000
0.0000000000
0.0000000000
0.0000000000
0.0000000000
0.0000000000
0.0000000000
0.0000000000
0.0000000000
0.0000000000
0.0000000000
0.0000000000
0.0000000000
0.0000000000
0.0000000000
0.0000000000
0.0000000000
0.0000000000
0.0000000000
0.0000000000
0.0000000000
0.0000000000
0.0000000000
0.0000000000
0.0000000000
0.0000000000
0.0000000000
0.0000000000
0.0000000000
0.0000000000
0.0000000000
0.0000000000
0.0000000000
0.0000000000
0.0000000000
0.0000000000
0.0000000000
0.0000000000
0.0000000000
0.0000000000
0.0000000000
0.0000000000
0.0000000000
0.0000000000
0.0000000000
0.0000000000
0.0000000000
0.0000000000
0.0000000000
0.0000000000
0.0000000000
0.0000000000
0.0000000000
0.0000000000
0.0000000000
0.0000000000
0.0000000000
0.0000000000
0.0000000000
0.0000000000
0.0000000000
0.0000000000
0.0000000000
0.0000000000
0.0000000000
0.0000000000
0.0000000000
0.0000000000
0.0000000000
0.0000000000
0.0000000000
0.0000000000
0.0000000000
0.0000000000
0.0000000000
0.0000000000
0.0000000000
0.0000000000
0.0000000000
0.0000000000
0.0000000000
0.0000000000
0.0000000000
0.0000000000
0.0000000000
0.0000000000
0.0000000000
0.0000000000
0.0000000000
0.0000000000
0.0000000000
0.0000000000
0.0000000000
0.0000000000
0.0000000000
0.0000000000
0.0000000000
0.0000000000
0.0000000000
0.0000000000
0.0000000000
0.0000000000
0.0000000000
0.0000000000
0.0000000000
0.0000000000
0.0000000000
0.0000000000
0.0000000000
0.0000000000
0.0000000000
0.0000000000
0.0000000000
0.0000000000
0.0000000000
0.0000000000
0.0000000000
0.0000000000
0.0000000000
0.0000000000
0.0000000000
0.0000000000
0.0000000000
0.0000000000
0.0000000000
0.0000000000
0.0000000000
0.0000000000
0.0000000000
0.0000000000
0.0000000000
0.0000000000
0.0000000000
0.0000000000
0.0000000000
0.0000000000
0.0000000000
0.0000000000
0.0000000000
0.0000000000
0.0000000000
0.0000000000
0.0000000000
0.0000000000
0.0000000000
0.0000000000
0.0000000000
0.0000000000
0.0000000000
0.0000000000
0.0000000000
0.0000000000
0.0000000000
0.0000000000
0.0000000000
0.0000000000
0.0000000000
0.0000000000
0.0000000000
0.0000000000
0.0000000000
0.0000000000
0.0000000000
0.0000000000
0.0000000000
0.0000000000
0.0000000000
0.0000000000
0.0000000000
0.0000000000
0.0000000000
0.0000000000
0.0000000000
0.0000000000
0.0000000000
0.0000000000
0.0000000000
0.0000000000
0.0000000000
0.0000000000
0.0000000000
0.0000000000
0.0000000000
0.0000000000
0.0000000000
0.0000000000
0.0000000000
0.0000000000
0.0000000000
0.0000000000
0.0000000000
0.0000000000
0.0000000000
0.0000000000
0.0000000000
0.0000000000
0.0000000000
0.0000000000
0.0000000000
0.0000000000
0.0000000000
0.0000000000
0.0000000000
0.0000000000
0.0000000000
0.0000000000
0.0000000000
0.0000000000
0.0000000000
0.0000000000
0.0000000000
0.0000000000
0.0000000000
0.0000000000
0.0000000000
0.0000000000
0.0000000000
0.0000000000
0.0000000000
0.0000000000
0.0000000000
0.0000000000
0.0000000000
0.0000000000
0.0000000000
0.0000000000
0.0000000000
0.0000000000
0.0000000000
0.0000000000
0.0000000000
0.0000000000
0.0000000000
0.0000000000
0.0000000000
0.0000000000
0.0000000000
0.0000000000
0.0000000000
0.0000000000
0.0000000000
0.0000000000
0.0000000000
0.0000000000
0.0000000000
0.0000000000
0.0000000000
0.0000000000
0.0000000000
0.0000000000
0.0000000000
0.0000000000
0.0000000000
0.0000000000
0.0000000000
0.0000000000
0.0000000000
0.0000000000
0.0000000000
0.0000000000
0.0000000000
0.0000000000
0.0000000000
0.0000000000
0.0000000000
0.0000000000
0.0000000000
0.0000000000
0.0000000000
0.0000000000
0.0000000000
0.0000000000
0.0000000000
0.0000000000
0.0000000000
0.0000000000
0.0000000000
0.0000000000
0.0000000000
0.0000000000
0.0000000000
0.0000000000
0.0000000000
0.0000000000
0.0000000000
0.0000000000
0.0000000000
0.0000000000
0.0000000000
0.0000000000
0.0000000000
0.0000000000
0.0000000000
0.0000000000
0.0000000000
0.0000000000
0.0000000000
0.0000000000
0.0000000000
0.0000000000
0.0000000000
0.0000000000
0.0000000000
0.0000000000
0.0000000000
0.0000000000
0.0000000000
0.0000000000
0.0000000000
0.0000000000
0.0000000000
0.0000000000
0.0000000000
0.0000000000
0.0000000000
0.0000000000
0.0000000000
0.0000000000
0.0000000000
0.0000000000
0.0000000000
0.0000000000
0.0000000000
0.0000000000
0.0000000000
0.0000000000
0.0000000000
0.0000000000
0.0000000000
0.0000000000
0.0000000000
0.0000000000
0.0000000000
0.0000000000
0.0000000000
0.0000000000
0.0000000000
0.0000000000
0.0000000000
0.0000000000
0.0000000000
0.0000000000
0.0000000000
0.0000000000
0.0000000000
0.0000000000
0.0000000000
0.0000000000
0.0000000000
0.0000000000
0.0000000000
0.0000000000
0.0000000000
0.0000000000
0.0000000000
0.0000000000
0.0000000000
0.0000000000
0.0000000000
0.0000000000
0.0000000000
0.0000000000
0.0000000000
0.0000000000
0.0000000000
0.0000000000
0.0000000000
0.0000000000
0.0000000000
0.0000000000
0.0000000000
0.0000000000
0.0000000000
0.0000000000
0.0000000000
0.0000000000
0.0000000000
0.0000000000
0.0000000000
0.0000000000
0.0000000000
0.0000000000
0.0000000000
0.0000000000
0.0000000000
0.0000000000
0.0000000000
0.0000000000
0.0000000000
0.0000000000
0.0000000000
0.0000000000
0.0000000000
0.0000000000
0.0000000000
0.0000000000
0.0000000000
0.0000000000
0.0000000000
0.0000000000
0.0000000000
0.0000000000
0.0000000000
0.0000000000
0.0000000000
0.0000000000
0.0000000000
0.0000000000
0.0000000000
0.0000000000
0.0000000000
0.0000000000
0.0000000000
0.0000000000
0.0000000000
0.0000000000
0.0000000000
0.0000000000
0.0000000000
0.0000000000
0.0000000000
0.0000000000
0.0000000000
0.0000000000
0.0000000000
0.0000000000
0.0000000000
0.0000000000
0.0000000000
0.0000000000
0.0000000000
0.0000000000
0.0000000000
0.0000000000
0.0000000000
0.0000000000
0.0000000000
0.0000000000
0.0000000000
0.0000000000
0.0000000000
0.0000000000
0.0000000000
0.0000000000
0.0000000000
0.0000000000
0.0000000000
0.0000000000
0.0000000000
0.0000000000
0.0000000000
0.0000000000
0.0000000000
0.0000000000
0.0000000000
0.0000000000
0.0000000000
0.0000000000
0.0000000000
0.0000000000
0.0000000000
0.0000000000
0.0000000000
0.0000000000
0.0000000000
0.0000000000
0.0000000000
0.0000000000
0.0000000000
0.0000000000
0.0000000000
0.0000000000
0.0000000000
0.0000000000
0.0000000000
0.0000000000
0.0000000000
0.0000000000
0.0000000000
0.0000000000
0.0000000000
0.0000000000
0.0000000000
0.0000000000
0.0000000000
0.0000000000
0.0000000000
0.0000000000
0.0000000000
0.0000000000
0.0000000000
0.0000000000
0.0000000000
0.0000000000
0.0000000000
0.0000000000
0.0000000000
0.0000000000
0.0000000000
0.0000000000
0.0000000000
0.0000000000
0.0000000000
0.0000000000
0.0000000000
0.0000000000
0.0000000000
0.0000000000
0.0000000000
0.0000000000
0.0000000000
0.0000000000
0.0000000000
0.0000000000
0.0000000000
0.0000000000
0.0000000000
0.0000000000
0.0000000000
0.0000000000
0.0000000000
0.0000000000
0.0000000000
0.0000000000
0.0000000000
0.0000000000
0.0000000000
0.0000000000
0.0000000000
0.0000000000
0.0000000000
0.0000000000
0.0000000000
0.0000000000
0.0000000000
0.0000000000
0.0000000000
0.0000000000
0.0000000000
0.0000000000
0.0000000000
0.0000000000
0.0000000000
0.0000000000
0.0000000000
0.0000000000
0.0000000000
0.0000000000
0.0000000000
0.0000000000
0.0000000000
0.0000000000
0.0000000000
0.0000000000
0.0000000000
0.0000000000
0.0000000000
0.0000000000
0.0000000000
0.0000000000
0.0000000000
0.0000000000
0.0000000000
0.0000000000
0.0000000000
0.0000000000
0.0000000000
0.0000000000
0.0000000000
0.0000000000
0.0000000000
0.0000000000
0.0000000000
0.0000000000
0.0000000000
0.0000000000
0.0000000000
0.0000000000
0.0000000000
0.0000000000
0.0000000000
0.0000000000
0.0000000000
0.0000000000
0.0000000000
0.0000000000
0.0000000000
0.0000000000
0.0000000000
0.0000000000
0.0000000000
0.0000000000
0.0000000000
0.0000000000
0.0000000000
0.0000000000
0.0000000000
0.0000000000
0.0000000000
0.0000000000
0.0000000000
0.0000000000
0.0000000000
0.0000000000
0.0000000000
0.0000000000
0.0000000000
0.0000000000
0.0000000000
0.0000000000
0.0000000000
0.0000000000
0.0000000000
0.0000000000
0.0000000000
0.0000000000
0.0000000000
0.0000000000
0.0000000000
0.0000000000
0.0000000000
0.0000000000
0.0000000000
0.0000000000
0.0000000000
0.0000000000
0.0000000000
0.0000000000
0.0000000000
0.0000000000
0.0000000000
0.0000000000
0.0000000000
0.0000000000
0.0000000000
0.0000000000
0.0000000000
0.0000000000
0.0000000000
0.0000000000
0.0000000000
0.0000000000
0.0000000000
0.0000000000
0.0000000000
0.0000000000
0.0000000000
0.0000000000
0.0000000000
0.0000000000
0.0000000000
0.0000000000
0.0000000000
0.0000000000
0.0000000000
0.0000000000
0.0000000000
0.0000000000
0.0000000000
0.0000000000
0.0000000000
0.0000000000
0.0000000000
0.0000000000
0.0000000000
0.0000000000
0.0000000000
0.0000000000
0.0000000000
0.0000000000
0.0000000000
0.0000000000
0.0000000000
0.0000000000
0.0000000000
0.0000000000
0.0000000000
0.0000000000
0.0000000000
0.0000000000
0.0000000000
0.0000000000
0.0000000000
0.0000000000
0.0000000000
0.0000000000
0.0000000000
0.0000000000
0.0000000000
0.0000000000
0.0000000000
0.0000000000
0.0000000000
0.0000000000
0.0000000000
0.0000000000
0.0000000000
0.0000000000
0.0000000000
0.0000000000
0.0000000000
0.0000000000
0.0000000000
0.0000000000
0.0000000000
0.0000000000
0.0000000000
0.0000000000
0.0000000000
0.0000000000
0.0000000000
0.0000000000
0.0000000000
0.0000000000
0.0000000000
0.0000000000
0.0000000000
0.0000000000
0.0000000000
0.0000000000
0.0000000000
0.0000000000
0.0000000000
0.0000000000
0.0000000000
0.0000000000
0.0000000000
0.0000000000
0.0000000000
0.0000000000
0.0000000000
0.0000000000
0.0000000000
0.0000000000
0.0000000000
0.0000000000
0.0000000000
0.0000000000
0.0000000000
0.0000000000
0.0000000000
0.0000000000
0.0000000000
0.0000000000
0.0000000000
0.0000000000
0.0000000000
0.0000000000
0.0000000000
0.0000000000
0.0000000000
0.0000000000
0.0000000000
0.0000000000
0.0000000000
0.0000000000
0.0000000000
0.0000000000
0.0000000000
0.0000000000
0.0000000000
0.0000000000
0.0000000000
0.0000000000
0.0000000000
0.0000000000
0.0000000000
0.0000000000
0.0000000000
0.0000000000
0.0000000000
0.0000000000
0.0000000000
0.0000000000
0.0000000000
0.0000000000
0.0000000000
0.0000000000
0.0000000000
0.0000000000
0.0000000000
0.0000000000
0.0000000000
0.0000000000
0.0000000000
0.0000000000
0.0000000000
0.0000000000
0.0000000000
0.0000000000
0.0000000000
0.0000000000
0.0000000000
0.0000000000
0.0000000000
0.0000000000
0.0000000000
0.0000000000
0.0000000000
0.0000000000
0.0000000000
0.0000000000
0.0000000000
0.0000000000
0.0000000000
0.0000000000
0.0000000000
0.0000000000
0.0000000000
0.0000000000
0.0000000000
0.0000000000
0.0000000000
0.0000000000
0.0000000000
0.0000000000
0.0000000000
0.0000000000
0.0000000000
0.0000000000
0.0000000000
0.0000000000
0.0000000000
0.0000000000
0.0000000000
0.0000000000
0.0000000000
0.0000000000
0.0000000000
0.0000000000
0.0000000000
0.0000000000
0.0000000000
0.0000000000
0.0000000000
0.0000000000
0.0000000000
0.0000000000
0.0000000000
0.0000000000
0.0000000000
0.0000000000
0.0000000000
0.0000000000
0.0000000000
0.0000000000
0.0000000000
0.0000000000
0.0000000000
0.0000000000
0.0000000000
0.0000000000
0.0000000000
0.0000000000
0.0000000000
0.0000000000
0.0000000000
0.0000000000
0.0000000000
0.0000000000
0.0000000000
0.0000000000
0.0000000000
0.0000000000
0.0000000000
0.0000000000
0.0000000000
0.0000000000
0.0000000000
0.0000000000
0.0000000000
0.0000000000
0.0000000000
0.0000000000
0.0000000000
0.0000000000
0.0000000000
0.0000000000
0.0000000000
0.0000000000
0.0000000000
0.0000000000
0.0000000000
0.0000000000
0.0000000000
0.0000000000
0.0000000000
0.0000000000
0.0000000000
0.0000000000
0.0000000000
0.0000000000
0.0000000000
0.0000000000
0.0000000000
0.0000000000
0.0000000000
0.0000000000
0.0000000000
0.0000000000
0.0000000000
0.0000000000
0.0000000000
0.0000000000
0.0000000000
0.0000000000
0.0000000000
0.0000000000
0.0000000000
0.0000000000
0.0000000000
0.0000000000
0.0000000000
0.0000000000
0.0000000000
0.0000000000
0.0000000000
0.0000000000
0.0000000000
0.0000000000
0.0000000000
0.0000000000
0.0000000000
0.0000000000
0.0000000000
0.0000000000
0.0000000000
0.0000000000
0.0000000000
0.0000000000
0.0000000000
0.0000000000
0.0000000000
0.0000000000
0.0000000000
0.0000000000
0.0000000000
0.0000000000
0.0000000000
0.0000000000
0.0000000000
0.0000000000
0.0000000000
0.0000000000
0.0000000000
0.0000000000
0.0000000000
0.0000000000
0.0000000000
0.0000000000
0.0000000000
0.0000000000
0.0000000000
0.0000000000
0.0000000000
0.0000000000
0.0000000000
0.0000000000
0.0000000000
0.0000000000
0.0000000000
0.0000000000
0.0000000000
0.0000000000
0.0000000000
0.0000000000
0.0000000000
0.0000000000
0.0000000000
0.0000000000
0.0000000000
0.0000000000
0.0000000000
0.0000000000
0.0000000000
0.0000000000
0.0000000000
0.0000000000
0.0000000000
0.0000000000
0.0000000000
0.0000000000
0.0000000000
0.0000000000
0.0000000000
0.0000000000
0.0000000000
0.0000000000
0.0000000000
0.0000000000
0.0000000000
0.0000000000
0.0000000000
0.0000000000
0.0000000000
0.0000000000
0.0000000000
0.0000000000
0.0000000000
0.0000000000
0.0000000000
0.0000000000
0.0000000000
0.0000000000
0.0000000000
0.0000000000
0.0000000000
0.0000000000
0.0000000000
0.0000000000
0.0000000000
0.0000000000
0.0000000000
0.0000000000
0.0000000000
0.0000000000
0.0000000000
0.0000000000
0.0000000000
0.0000000000
0.0000000000
0.0000000000
0.0000000000
0.0000000000
0.0000000000
0.0000000000
0.0000000000
0.0000000000
0.0000000000
0.0000000000
0.0000000000
0.0000000000
0.0000000000
0.0000000000
0.0000000000
0.0000000000
0.0000000000
0.0000000000
0.0000000000
0.0000000000
0.0000000000
0.0000000000
0.0000000000
0.0000000000
0.0000000000
0.0000000000
0.0000000000
0.0000000000
0.0000000000
0.0000000000
0.0000000000
0.0000000000
0.0000000000
0.0000000000
0.0000000000
0.0000000000
0.0000000000
0.0000000000
0.0000000000
0.0000000000
0.0000000000
0.0000000000
0.0000000000
0.0000000000
0.0000000000
0.0000000000
0.0000000000
0.0000000000
0.0000000000
0.0000000000
0.0000000000
0.0000000000
0.0000000000
0.0000000000
0.0000000000
0.0000000000
0.0000000000
0.0000000000
0.0000000000
0.0000000000
0.0000000000
0.0000000000
0.0000000000
0.0000000000
0.0000000000
0.0000000000
0.0000000000
0.0000000000
0.0000000000
0.0000000000
0.0000000000
0.0000000000
0.0000000000
0.0000000000
0.0000000000
0.0000000000
0.0000000000
0.0000000000
0.0000000000
0.0000000000
0.0000000000
0.0000000000
0.0000000000
0.0000000000
0.0000000000
0.0000000000
0.0000000000
0.0000000000
0.0000000000
0.0000000000
0.0000000000
0.0000000000
0.0000000000
0.0000000000
0.0000000000
0.0000000000
0.0000000000
0.0000000000
0.0000000000
0.0000000000
0.0000000000
0.0000000000
0.0000000000
0.0000000000
0.0000000000
0.0000000000
0.0000000000
0.0000000000
0.0000000000
0.0000000000
0.0000000000
0.0000000000
0.0000000000
0.0000000000
0.0000000000
