0.0009499455
0.0013642825
0.0014740070
0.0011479427
0.0005888151
0.0001683470
0.0000674177
0.0001281801
0.0001858115
0.0001777974
0.0002021139
0.0003642251
0.0005604577
0.0006446293
0.0005838365
0.0004313497
0.0002987541
0.0003326795
0.0005984007
0.0009571404
0.0011884521
0.0011093932
0.0006893182
0.0001834422
-0.0002021181
-0.0004191220
-0.0004427146
-0.0002270048
0.0002107310
0.0006748949
0.0006688714
0.0000590007
-0.0007891482
-0.0012141255
-0.0008141530
0.0000279290
0.0006475239
0.0008200010
0.0006427152
0.0003955422
-0.0000104996
-0.0009256724
-0.0019484607
-0.0021740676
-0.0011125893
0.0005370254
0.0013875842
0.0006399598
-0.0012054820
-0.0028628061
-0.0033436269
-0.0024484590
-0.0008194447
0.0007458984
0.0017392612
0.0019471771
0.0015776912
0.0010667726
0.0009680962
0.0015075818
0.0023651567
0.0027967854
0.0022536737
0.0009278653
-0.0004376712
-0.0012120581
-0.0012519027
-0.0009267942
-0.0006883690
-0.0005605087
-0.0003323768
0.0000581901
0.0004773870
0.0006024577
0.0002762789
-0.0004028822
-0.0009670769
-0.0009372036
-0.0002824901
0.0003680344
0.0001714798
-0.0009609239
-0.0023453869
-0.0029533734
-0.0022767555
-0.0004486972
0.0018771833
0.0038805005
0.0047873930
0.0040487208
0.0020197548
-0.0000361443
-0.0009366313
-0.0004027362
0.0007691604
0.0015797996
0.0014876951
0.0004661320
-0.0010538803
-0.0022155938
-0.0020399172
-0.0003532016
0.0017913643
0.0028653514
0.0021093942
0.0004111488
-0.0005552041
-0.0003412854
0.0003966982
0.0009782350
0.0011793588
0.0013045941
0.0016758849
0.0023487694
0.0028731734
0.0028760978
0.0022131861
0.0011458645
-0.0000445131
-0.0011385402
-0.0016285937
-0.0009996012
0.0004995052
0.0017256121
0.0016216437
0.0001750821
-0.0015845538
-0.0027681970
-0.0028851413
-0.0018212732
-0.0002627939
0.0009211958
0.0012713655
0.0007208346
-0.0005218287
-0.0021582256
-0.0035872151
-0.0042238823
-0.0037590713
-0.0024819333
-0.0012355755
-0.0005840496
-0.0007306571
-0.0012372045
-0.0016290905
-0.0017851362
-0.0017551149
-0.0015361815
-0.0008944750
0.0002262726
0.0015167540
0.0022649319
0.0021073926
0.0013383437
0.0003487869
-0.0004693044
-0.0005434614
0.0005622634
0.0027181978
0.0045235619
0.0040973459
0.0011907794
-0.0025469070
-0.0050680746
-0.0057441304
-0.0052808797
-0.0044391338
-0.0036434994
-0.0030561267
-0.0028121308
-0.0030286121
-0.0036392864
-0.0042167549
-0.0043545177
-0.0039594287
-0.0034367797
-0.0031179411
-0.0029252648
-0.0025401572
-0.0020250970
-0.0018775273
-0.0022947619
-0.0025869567
-0.0018727908
-0.0001967440
0.0016297793
0.0029984716
0.0039750190
0.0049602190
0.0059266256
0.0064089884
0.0063631435
0.0063043676
0.0066109514
0.0069820375
0.0064804670
0.0046262229
0.0020948945
-0.0000553694
-0.0014937622
-0.0025419038
-0.0035960002
-0.0046186945
-0.0051833243
-0.0049572157
-0.0039967972
-0.0026745123
-0.0013962385
-0.0005007242
-0.0002928454
-0.0008845427
-0.0017516922
-0.0020350549
-0.0012982216
0.0001124759
0.0013292538
0.0019176122
0.0021177531
0.0024088942
0.0029757874
0.0037397075
0.0046815458
0.0060472847
0.0079003896
0.0095007504
0.0097942874
0.0085387430
0.0065451103
0.0050448065
0.0045783311
0.0047879618
0.0052276340
0.0055105101
0.0054428720
0.0050676048
0.0046762858
0.0045499692
0.0047126141
0.0047297581
0.0038992552
0.0021897066
0.0004595933
-0.0002573397
0.0001394756
0.0007531196
0.0005548999
-0.0005637201
-0.0019062500
-0.0027946210
-0.0031706684
-0.0035059900
-0.0041368418
-0.0051326154
-0.0063067116
-0.0071096277
-0.0070495817
-0.0059180973
-0.0042075084
-0.0030598448
-0.0035277463
-0.0055536839
-0.0075844553
-0.0079334561
-0.0063799217
-0.0040562996
-0.0022476251
-0.0012441483
-0.0006035478
0.0000743302
0.0009489361
0.0020302026
0.0032125519
0.0040302211
0.0039253403
0.0027030420
0.0010057511
0.0001318152
0.0005551566
0.0018088271
0.0026919969
0.0023139311
0.0007757313
-0.0012008453
-0.0028633632
-0.0037319778
-0.0035969901
-0.0025476067
-0.0011787843
-0.0005229748
-0.0010244266
-0.0022229091
-0.0028487728
-0.0020752555
-0.0005288703
0.0002673918
-0.0007704220
-0.0032643665
-0.0056879753
-0.0067770695
-0.0065429643
-0.0060376137
-0.0059382228
-0.0058449206
-0.0048532627
-0.0026550478
0.0000207703
0.0020061913
0.0028115301
0.0032123808
0.0041887990
0.0058821599
0.0079528249
0.0099439946
0.0110618233
0.0105668215
0.0083499760
0.0055689487
0.0041102315
0.0050251575
0.0072979685
0.0084742760
0.0066637995
0.0023478735
-0.0017257882
-0.0030334895
-0.0013582939
0.0016541629
0.0041508450
0.0051023626
0.0045532057
0.0034011461
0.0026706281
0.0025022568
0.0022233353
0.0013937143
0.0003514824
-0.0003438493
-0.0005546385
-0.0004995393
-0.0005479930
-0.0009036812
-0.0013619165
-0.0012942121
-0.0002703676
0.0012457605
0.0018400095
0.0002361345
-0.0032618951
-0.0068286760
-0.0086011547
-0.0081484307
-0.0063708967
-0.0046218824
-0.0039125067
-0.0047193304
-0.0070496974
-0.0101454158
-0.0123586774
-0.0118167955
-0.0082137803
-0.0033950170
0.0000697820
0.0004796163
-0.0019817454
-0.0054427009
-0.0076129682
-0.0073104347
-0.0049371271
-0.0019903174
-0.0003696049
-0.0008856045
-0.0027608212
-0.0043245417
-0.0045300953
-0.0035535781
-0.0021000873
-0.0005368002
0.0010308871
0.0024604639
0.0037545261
0.0047037384
0.0050270400
0.0045955691
0.0038714134
0.0037066511
0.0040649253
0.0038974532
0.0022239611
-0.0007547728
-0.0036239947
-0.0050216290
-0.0047620210
-0.0038582760
-0.0034607877
-0.0038823662
-0.0049392646
-0.0062334594
-0.0072851935
-0.0071729957
-0.0051676031
-0.0015534092
0.0025201776
0.0059618465
0.0080322078
0.0087408755
0.0088365501
0.0092958478
0.0101365082
0.0102877506
0.0086487143
0.0054202532
0.0022738395
0.0005676858
0.0000732665
-0.0003911633
-0.0015678291
-0.0031711298
-0.0044178908
-0.0048887873
-0.0049330701
-0.0052350902
-0.0060547879
-0.0066111545
-0.0056918930
-0.0028407981
0.0005954348
0.0021993659
0.0006582155
-0.0028772589
-0.0058474525
-0.0067653129
-0.0062943796
-0.0062544910
-0.0074774118
-0.0089551253
-0.0092193222
-0.0081521656
-0.0066544373
-0.0051564171
-0.0032857604
-0.0008786819
0.0010392536
0.0011622854
-0.0001020445
-0.0002821488
0.0021054077
0.0050842589
0.0047500279
-0.0001956578
-0.0060049062
-0.0069381456
-0.0014213722
0.0054605563
0.0073289042
0.0032171559
-0.0023464909
-0.0046759368
-0.0024929734
0.0019729770
0.0053303470
0.0057470884
0.0038504003
0.0011345595
-0.0015667067
-0.0036100184
-0.0038550697
-0.0018573028
0.0012323064
0.0034038407
0.0031538851
0.0001404173
-0.0044935490
-0.0084660496
-0.0094421205
-0.0067714924
-0.0021578649
0.0014120079
0.0020606148
0.0004393926
-0.0012799163
-0.0021512727
-0.0030302446
-0.0048206777
-0.0073535514
-0.0093805930
-0.0093419544
-0.0067393520
-0.0025058104
0.0016166226
0.0042463350
0.0056839435
0.0080058559
0.0123353741
0.0168276882
0.0184544730
0.0166009554
0.0138560382
0.0130755228
0.0147161665
0.0178372182
0.0217142842
0.0249194151
0.0252312052
0.0217392838
0.0160936719
0.0108887003
0.0073548165
0.0051882622
0.0036155586
0.0020712069
0.0002984066
-0.0013490157
-0.0019021393
-0.0008061845
0.0008481465
0.0011623599
-0.0005096257
-0.0027707489
-0.0035396304
-0.0021739217
0.0001138423
0.0014404269
0.0003135312
-0.0031607760
-0.0072517478
-0.0101833111
-0.0114629675
-0.0115181663
-0.0109623836
-0.0103992219
-0.0103078812
-0.0106553586
-0.0111591136
-0.0119496859
-0.0133554543
-0.0152774691
-0.0173983330
-0.0193522600
-0.0205468709
-0.0202627146
-0.0183770582
-0.0155490888
-0.0126419377
-0.0103769572
-0.0090256996
-0.0081415785
-0.0070991228
-0.0056519255
-0.0036595629
-0.0009391606
0.0026432058
0.0069040489
0.0109387347
0.0133332668
0.0131395704
0.0107978444
0.0082654288
0.0072521387
0.0075125941
0.0069791047
0.0041697171
-0.0001437670
-0.0040070034
-0.0064107115
-0.0078147014
-0.0092889519
-0.0114773096
-0.0142262653
-0.0165588923
-0.0177508942
-0.0179995981
-0.0176351243
-0.0164462482
-0.0138670431
-0.0101240621
-0.0064506907
-0.0040014632
-0.0024657339
-0.0004676928
0.0026989884
0.0063573013
0.0096217215
0.0123880779
0.0147772728
0.0164775699
0.0167985108
0.0153995661
0.0126611002
0.0094858882
0.0064494021
0.0033545596
0.0003805846
-0.0014534623
-0.0013744243
0.0000612953
0.0008448276
-0.0007956449
-0.0045321020
-0.0080760226
-0.0090775209
-0.0066899786
-0.0016968441
0.0040966949
0.0088064566
0.0112090054
0.0110181310
0.0088828329
0.0063743262
0.0055984097
0.0075683180
0.0112129701
0.0142937457
0.0155453707
0.0154115323
0.0147429395
0.0135975442
0.0116975978
0.0095664422
0.0084747541
0.0091364444
0.0104442262
0.0105393857
0.0085939753
0.0052673733
0.0017413316
-0.0016561037
-0.0052476538
-0.0090829017
-0.0125697225
-0.0150130524
-0.0160924672
-0.0161919538
-0.0165925260
-0.0185424246
-0.0219445992
-0.0250222993
-0.0256519364
-0.0230776674
-0.0180029202
-0.0115571589
-0.0050750292
-0.0001099206
0.0028977619
0.0052377194
0.0086658533
0.0131736201
0.0167618688
0.0172756001
0.0145318038
0.0109299496
0.0097079080
0.0120852273
0.0164136229
0.0200204367
0.0219948500
0.0232350977
0.0246965665
0.0265109154
0.0282501312
0.0292256015
0.0291718943
0.0285144221
0.0279537603
0.0277704413
0.0275014189
0.0263426799
0.0236674059
0.0195644880
0.0147711353
0.0105284614
0.0081883361
0.0083662392
0.0104494929
0.0132986784
0.0158379228
0.0164966316
0.0134934772
0.0069880777
-0.0004721394
-0.0063661200
-0.0098587545
-0.0109660279
-0.0100826534
-0.0086077838
-0.0085932538
-0.0114276946
-0.0169017977
-0.0236544028
-0.0299625522
-0.0341375830
-0.0353952801
-0.0341998806
-0.0317289153
-0.0288309772
-0.0256740837
-0.0224286682
-0.0193408676
-0.0163418842
-0.0131944386
-0.0098715412
-0.0059098340
-0.0000101689
0.0083050254
0.0166435503
0.0205296396
0.0166137505
0.0057530883
-0.0070320417
-0.0162362920
-0.0195225592
-0.0181392266
-0.0148167722
-0.0117153811
-0.0098647057
-0.0094192803
-0.0102749438
-0.0112438101
-0.0104069131
-0.0070859183
-0.0022433232
0.0033215031
0.0091719488
0.0135169432
0.0135512145
0.0084288774
0.0014131084
-0.0027086107
-0.0021452359
0.0009421886
0.0037332160
0.0059901514
0.0087120924
0.0108724623
0.0101014685
0.0061607375
0.0013488538
-0.0019312412
-0.0025128690
-0.0005439055
0.0025029095
0.0042350482
0.0026998927
-0.0022485312
-0.0084921934
-0.0131228324
-0.0151426358
-0.0159566943
-0.0177833601
-0.0209530889
-0.0236169873
-0.0243317572
-0.0230903686
-0.0198395002
-0.0140097219
-0.0063648297
0.0007253233
0.0055895877
0.0083595463
0.0096206729
0.0093234010
0.0079737290
0.0068447143
0.0063000758
0.0055007402
0.0041480447
0.0033732103
0.0037325097
0.0038581200
0.0024971981
0.0001831337
-0.0018519405
-0.0034443836
-0.0050746080
-0.0064738396
-0.0064900223
-0.0041186525
-0.0000616141
0.0031541553
0.0033217699
0.0004938407
-0.0031121207
-0.0049255451
-0.0044554472
-0.0041847706
-0.0069307800
-0.0124807928
-0.0181769441
-0.0218691642
-0.0228637952
-0.0212834525
-0.0181893936
-0.0150235439
-0.0123746016
-0.0098422799
-0.0072667458
-0.0048646216
-0.0027358787
-0.0012145399
-0.0007299296
-0.0006460249
0.0002484128
0.0021031225
0.0041224042
0.0060049347
0.0083245352
0.0112677309
0.0140318423
0.0152265052
0.0143242535
0.0124857944
0.0119013327
0.0136922708
0.0162455586
0.0170642949
0.0154463136
0.0124343825
0.0090895895
0.0057129346
0.0024652054
-0.0008251795
-0.0048925406
-0.0099621386
-0.0143944000
-0.0161054502
-0.0153251126
-0.0139649794
-0.0132206999
-0.0131010123
-0.0131519057
-0.0124457179
-0.0099749522
-0.0060623197
-0.0020254292
0.0015664669
0.0052811549
0.0092673197
0.0128959855
0.0157957675
0.0178057926
0.0183753972
0.0172298123
0.0148877156
0.0119466608
0.0091207232
0.0079002302
0.0095516321
0.0133254062
0.0163874489
0.0163095626
0.0130862944
0.0089538015
0.0064077854
0.0067182684
0.0096669473
0.0143055173
0.0195376092
0.0237358611
0.0253932998
0.0244439365
0.0226848552
0.0220275172
0.0228241985
0.0241024154
0.0246022560
0.0234360675
0.0205909305
0.0169645986
0.0136438992
0.0113036581
0.0101667644
0.0096171478
0.0087553266
0.0075353185
0.0065414744
0.0058914031
0.0048321960
0.0029708848
0.0010462882
-0.0001237229
-0.0004501381
-0.0002485229
-0.0000142542
-0.0006154241
-0.0030541754
-0.0078495431
-0.0146676404
-0.0223979808
-0.0290745805
-0.0324201956
-0.0320084911
-0.0300009576
-0.0288590136
-0.0296622385
-0.0326414336
-0.0379475528
-0.0446926916
-0.0513902641
-0.0570802192
-0.0611970462
-0.0632464247
-0.0636379785
-0.0638441831
-0.0649476714
-0.0669784260
-0.0693979492
-0.0714352474
-0.0722149994
-0.0714142578
-0.0689899695
-0.0645080143
-0.0571952005
-0.0473451808
-0.0364452290
-0.0251792766
-0.0123232686
0.0033258672
0.0204416713
0.0352842920
0.0447560462
0.0495804118
0.0535863179
0.0597672715
0.0678707600
0.0744129324
0.0751169475
0.0702065767
0.0664963200
0.0714707166
0.0854249126
0.1007252437
0.1086775938
0.1065841557
0.0983205860
0.0890436439
0.0790066643
0.0653090747
0.0537951735
0.0586623571
0.0795831647
0.0967625919
0.0989038480
0.0953869438
0.0954800966
0.0960672680
0.0926647410
0.0872096310
0.0818603413
0.0748174894
0.0653631007
0.0565829288
0.0509695161
0.0469979550
0.0415297076
0.0339091808
0.0266059473
0.0218106585
0.0184534160
0.0139323557
0.0082629087
0.0033356707
-0.0014323155
-0.0078032704
-0.0144074854
-0.0182278828
-0.0196650232
-0.0227315323
-0.0292014576
-0.0363252981
-0.0408382091
-0.0423358854
-0.0423458685
-0.0421680862
-0.0425095067
-0.0437262984
-0.0449220837
-0.0430596317
-0.0356444538
-0.0247870851
-0.0149714038
-0.0078840862
-0.0027315449
0.0005722137
0.0013185487
0.0001733451
-0.0012637079
-0.0029544254
-0.0064766718
-0.0122170271
-0.0183860849
-0.0233394248
-0.0271940247
-0.0306591681
-0.0334682821
-0.0346855772
-0.0346255950
-0.0355785488
-0.0405105468
-0.0494026799
-0.0573059201
-0.0609047021
-0.0638833771
-0.0702507705
-0.0777409808
-0.0820071006
-0.0820254225
-0.0792990251
-0.0756079292
-0.0733171454
-0.0748176069
-0.0795546920
-0.0833478164
-0.0829652054
-0.0799709267
-0.0784903810
-0.0798809282
-0.0817873895
-0.0822656533
-0.0821219645
-0.0817950069
-0.0790824348
-0.0723500475
-0.0634466059
-0.0550993798
-0.0475803278
-0.0398648194
-0.0326607453
-0.0280210746
-0.0261299318
-0.0245755451
-0.0207919339
-0.0142198140
-0.0060451455
0.0022632859
0.0098223557
0.0162198628
0.0218193999
0.0272416582
0.0327956759
0.0384814197
0.0443461370
0.0502548133
0.0552976651
0.0589002390
0.0614704141
0.0638448039
0.0663864560
0.0688597871
0.0706776426
0.0709132762
0.0686185831
0.0636043214
0.0566210490
0.0489275872
0.0426844366
0.0405107817
0.0423242077
0.0445152785
0.0446967184
0.0442549137
0.0447016847
0.0443826129
0.0409424020
0.0346245212
0.0271399652
0.0196196381
0.0131634777
0.0093460382
0.0086408906
0.0094765964
0.0095868530
0.0079174564
0.0047534389
0.0008665976
-0.0030061192
-0.0067505716
-0.0106043561
-0.0143695313
-0.0175192705
-0.0202749795
-0.0233762698
-0.0268307087
-0.0303321937
-0.0342972615
-0.0394543900
-0.0457133289
-0.0522747627
-0.0586990679
-0.0651036923
-0.0714330662
-0.0772317275
-0.0816453617
-0.0833499808
-0.0812227178
-0.0743632688
-0.0622993768
-0.0464597761
-0.0305877599
-0.0182458859
-0.0103825309
-0.0059334863
-0.0030938710
-0.0003602346
0.0021811380
0.0030124395
0.0014622678
-0.0003802030
-0.0004261398
-0.0001955590
-0.0016112198
-0.0014825945
0.0052285081
0.0162159232
0.0225044388
0.0196297218
0.0113517697
0.0011528440
-0.0126931047
-0.0290843790
-0.0395617204
-0.0396197228
-0.0340396652
-0.0265661997
-0.0160784138
-0.0039443014
0.0054605244
0.0116914553
0.0178826873
0.0256237490
0.0329274355
0.0362818928
0.0345394387
0.0312546447
0.0316966507
0.0372771446
0.0445986831
0.0507335804
0.0566709307
0.0634825617
0.0691540775
0.0720557739
0.0742571129
0.0782483213
0.0826767874
0.0849734772
0.0856964013
0.0863389073
0.0856816197
0.0822249326
0.0776551097
0.0736320898
0.0675466379
0.0564168074
0.0427615494
0.0319514115
0.0251538743
0.0193077305
0.0125769539
0.0053222717
-0.0028897218
-0.0128131211
-0.0228019506
-0.0304531984
-0.0371008388
-0.0477630597
-0.0650755551
-0.0852146308
-0.1017642867
-0.1117990013
-0.1159660289
-0.1150770505
-0.1087936657
-0.0955082169
-0.0739928556
-0.0459237616
-0.0150996818
0.0143184600
0.0364033001
0.0457888142
0.0451235736
0.0432673799
0.0453793747
0.0502105523
0.0534520416
0.0515048930
0.0445928778
0.0347919345
0.0231939574
0.0139080608
0.0160947038
0.0327512136
0.0525765697
0.0632868267
0.0659004742
0.0674133013
0.0685342221
0.0669026890
0.0620685249
0.0510991951
0.0292710537
-0.0036107063
-0.0465897068
-0.0918382616
-0.1100435274
-0.0802306538
-0.0313407003
-0.0114338992
-0.0277109288
-0.0501649826
-0.0590402535
-0.0595128295
-0.0610310423
-0.0655607316
-0.0718743172
-0.0788439153
-0.0835809333
-0.0819721515
-0.0720048184
-0.0563417751
-0.0414247429
-0.0312842415
-0.0233777799
-0.0138408405
-0.0037180720
0.0036659722
0.0086365870
0.0138737108
0.0191272302
0.0206552080
0.0174440369
0.0150405805
0.0193429313
0.0301642603
0.0449096510
0.0629948685
0.0825572256
0.0983671456
0.1066699261
0.1087350761
0.1085163214
0.1086615371
0.1096740872
0.1108009476
0.1107279958
0.1085090564
0.1042382890
0.0983891587
0.0902580867
0.0780027549
0.0618761121
0.0454106326
0.0308473193
0.0148755161
-0.0086807557
-0.0360744466
-0.0482509374
-0.0355650927
-0.0160070576
-0.0093778833
-0.0137051246
-0.0193533170
-0.0244549263
-0.0299751359
-0.0345225430
-0.0392662891
-0.0495341374
-0.0676982629
-0.0900703717
-0.1110852549
-0.1255876632
-0.1301563619
-0.1273787574
-0.1234518264
-0.1200864969
-0.1133846124
-0.1013310725
-0.0877255452
-0.0773856176
-0.0706443042
-0.0641620302
-0.0559220171
-0.0476408805
-0.0421116442
-0.0384964866
-0.0314624432
-0.0180731539
-0.0043921345
0.0004246265
-0.0033777136
-0.0070437647
-0.0055167885
-0.0016266890
0.0020388686
0.0069771500
0.0139996717
0.0211404851
0.0259143482
0.0285091537
0.0317685958
0.0386739836
0.0504567730
0.0662224319
0.0831147331
0.0974208863
0.1067318378
0.1110656244
0.1117509652
0.1098190009
0.1059166166
0.1005436192
0.0941930544
0.0877113676
0.0809872687
0.0716873740
0.0588808769
0.0458855408
0.0365954446
0.0308980735
0.0262732515
0.0221853334
0.0200176515
0.0195745382
0.0188705399
0.0177057104
0.0174359498
0.0162514595
0.0112482983
0.0040707020
-0.0019812286
-0.0077049264
-0.0154306662
-0.0239837764
-0.0305760151
-0.0357840320
-0.0427173555
-0.0513587210
-0.0577605433
-0.0596495050
-0.0595504966
-0.0608956419
-0.0635305307
-0.0648481932
-0.0634826959
-0.0605808653
-0.0582628839
-0.0574574947
-0.0576358642
-0.0579397350
-0.0577822376
-0.0567746706
-0.0548025056
-0.0524229146
-0.0505971565
-0.0502986380
-0.0516400250
-0.0534361191
-0.0539739289
-0.0521158895
-0.0475532310
-0.0404819735
-0.0313071606
-0.0208812277
-0.0106288439
-0.0020428265
0.0042729050
0.0090262885
0.0133535567
0.0179681053
0.0230045814
0.0275222743
0.0295553275
0.0287937295
0.0281814411
0.0302419435
0.0333143418
0.0343875453
0.0329977867
0.0304144406
0.0273867396
0.0242342588
0.0222013398
0.0229843133
0.0265016705
0.0299588610
0.0298405408
0.0245958635
0.0154792997
0.0058225871
-0.0009694227
-0.0049164160
-0.0088781048
-0.0135086833
-0.0165640265
-0.0168384095
-0.0160016785
-0.0152825882
-0.0140259213
-0.0121158090
-0.0108358841
-0.0102307164
-0.0081184866
-0.0031590461
0.0033705073
0.0093351441
0.0133951449
0.0152878079
0.0156313122
0.0156282284
0.0166138042
0.0190063094
0.0224802110
0.0267684446
0.0314177795
0.0354911677
0.0383810690
0.0405474422
0.0427927905
0.0447939315
0.0459476370
0.0459774352
0.0450272665
0.0432941747
0.0406167195
0.0363480829
0.0300941104
0.0226678421
0.0158523723
0.0107157082
0.0069490263
0.0039119933
0.0010813024
-0.0019814131
-0.0055626418
-0.0096621353
-0.0142991785
-0.0195525083
-0.0255593373
-0.0321391769
-0.0388635777
-0.0457528920
-0.0534481659
-0.0620160258
-0.0707641680
-0.0791930873
-0.0872649656
-0.0947160826
-0.1003264081
-0.1019379919
-0.0974298962
-0.0866201442
-0.0719018503
-0.0564678636
-0.0423772941
-0.0308833422
-0.0229930212
-0.0180382551
-0.0139809002
-0.0098470835
-0.0064828965
-0.0048423116
-0.0047558449
-0.0050876850
-0.0046225317
-0.0031108255
-0.0013313452
-0.0000736408
0.0010827557
0.0034331321
0.0080650680
0.0150290941
0.0229218144
0.0296116688
0.0339127042
0.0362442592
0.0373819247
0.0374733661
0.0364496584
0.0346265681
0.0322324303
0.0293987529
0.0267691996
0.0245285660
0.0210024673
0.0149831301
0.0086546186
0.0052836213
0.0054442579
0.0077228808
0.0110508603
0.0149709139
0.0186854087
0.0212719594
0.0228885431
0.0240609899
0.0246742682
0.0243055831
0.0228945833
0.0208001217
0.0185188679
0.0165591037
0.0151911669
0.0142021784
0.0130013445
0.0112655564
0.0090956498
0.0064884753
0.0035571166
0.0009737496
-0.0008232854
-0.0019851446
-0.0029701147
-0.0039215854
-0.0045339459
-0.0047017451
-0.0048624740
-0.0053117903
-0.0057353772
-0.0057014532
-0.0049929802
-0.0037102903
-0.0019722271
-0.0002601792
0.0008365659
0.0014477488
0.0020331203
0.0024851245
0.0024381119
0.0020747337
0.0021253168
0.0028384072
0.0035800408
0.0037501050
0.0035117097
0.0032955573
0.0033222045
0.0038112164
0.0052141342
0.0075670076
0.0099251627
0.0113616723
0.0119272098
0.0121540164
0.0118915057
0.0107374864
0.0090545548
0.0075613047
0.0066085320
0.0061453921
0.0056703279
0.0048180670
0.0034903845
0.0020426219
0.0011366447
0.0011853921
0.0021276842
0.0037345717
0.0056164161
0.0073283874
0.0084639775
0.0089528569
0.0088583450
0.0080357179
0.0065910491
0.0050810223
0.0041400549
0.0040224914
0.0051504088
0.0078238221
0.0113169968
0.0142036834
0.0157486811
0.0161980729
0.0159770094
0.0154378154
0.0148094954
0.0140340520
0.0127033159
0.0106875795
0.0086267801
0.0072209597
0.0062216979
0.0050184311
0.0033018642
0.0012695096
-0.0007912988
-0.0025908023
-0.0040099799
-0.0051939819
-0.0064030875
-0.0076317968
-0.0086427127
-0.0094956146
-0.0105094499
-0.0117674188
-0.0133168778
-0.0153516290
-0.0179025695
-0.0205263679
-0.0228299870
-0.0246663992
-0.0261994944
-0.0273422437
-0.0280575673
-0.0287116168
-0.0296087326
-0.0304474602
-0.0308127058
-0.0307978738
-0.0307293515
-0.0305629281
-0.0297802566
-0.0283230998
-0.0265476094
-0.0243513542
-0.0211702833
-0.0168053228
-0.0120460568
-0.0079481304
-0.0049004046
-0.0026412561
-0.0008628094
0.0005073036
0.0016991125
0.0029523533
0.0042441957
0.0053838696
0.0064279713
0.0075708867
0.0088600631
0.0102427749
0.0115821031
0.0125937204
0.0130230824
0.0129182200
0.0126433840
0.0125668165
0.0127412918
0.0129644156
0.0129643367
0.0125693937
0.0118600112
0.0110988126
0.0104959502
0.0102275251
0.0102332482
0.0103715110
0.0104748884
0.0104394511
0.0103594424
0.0105006011
0.0110000760
0.0117559710
0.0126169214
0.0134743450
0.0142198996
0.0148433657
0.0154689810
0.0161222939
0.0165954571
0.0168316143
0.0170857711
0.0174286680
0.0177314818
0.0177610450
0.0173424950
0.0164250674
0.0150361057
0.0133016901
0.0112888346
0.0090776031
0.0067041714
0.0040344929
0.0011663798
-0.0017276087
-0.0044971529
-0.0071274143
-0.0097539391
-0.0125276829
-0.0154065811
-0.0181995947
-0.0206849894
-0.0228955061
-0.0252817077
-0.0279516295
-0.0306190681
-0.0331028856
-0.0356072061
-0.0381717605
-0.0403352813
-0.0418130754
-0.0428289476
-0.0436086326
-0.0438521687
-0.0429150200
-0.0403119260
-0.0357958103
-0.0291677165
-0.0204643219
-0.0105910342
-0.0009288559
0.0073845744
0.0134918547
0.0166794188
0.0172232520
0.0168205071
0.0168618990
0.0170123159
0.0164046415
0.0150075039
0.0140943363
0.0142264817
0.0146319548
0.0148636657
0.0151783382
0.0157315689
0.0158385235
0.0148223878
0.0124310604
0.0087330921
0.0044234109
0.0002871054
-0.0036877487
-0.0084353202
-0.0142983698
-0.0202735869
-0.0250274335
-0.0276580438
-0.0281112745
-0.0271087745
-0.0257184118
-0.0246223564
-0.0238968987
-0.0232510874
-0.0225781288
-0.0220162590
-0.0216103430
-0.0209357905
-0.0195778770
-0.0176428591
-0.0155715716
-0.0138096514
-0.0124384412
-0.0110351173
-0.0092323874
-0.0070794000
-0.0048125168
-0.0022410011
0.0008258469
0.0041052786
0.0069258220
0.0087758263
0.0095934451
0.0097919972
0.0099880090
0.0106291526
0.0119054736
0.0134997153
0.0147755514
0.0152233979
0.0147965292
0.0139752292
0.0130831451
0.0120983797
0.0109147703
0.0097440164
0.0086011698
0.0069559557
0.0044736516
0.0013303705
-0.0018903325
-0.0049446287
-0.0079754504
-0.0108989417
-0.0131879638
-0.0144349732
-0.0147140910
-0.0140915376
-0.0129729523
-0.0118036917
-0.0107787609
-0.0096197652
-0.0078509105
-0.0054427294
-0.0029005521
-0.0007330683
0.0010157422
0.0024060487
0.0034080118
0.0042083239
0.0052631418
0.0068687626
0.0089334344
0.0112846333
0.0138090441
0.0161965611
0.0181257369
0.0196800062
0.0212526309
0.0228890464
0.0243405658
0.0256379098
0.0270140277
0.0283669246
0.0294375107
0.0303058015
0.0313202476
0.0325574920
0.0337649215
0.0346237158
0.0351103352
0.0352559032
0.0349931056
0.0343261705
0.0333555995
0.0319753541
0.0300394637
0.0275601595
0.0246829929
0.0216199569
0.0185662832
0.0156727125
0.0129212603
0.0100895358
0.0071152601
0.0042688228
0.0020619470
0.0007410079
-0.0000080908
-0.0006295687
-0.0014071436
-0.0022293352
-0.0028686265
-0.0032853007
-0.0034568935
-0.0036397260
-0.0041447763
-0.0049077417
-0.0055758429
-0.0060199177
-0.0063224462
-0.0064710477
-0.0064025321
-0.0061473032
-0.0058391439
-0.0054709722
-0.0050314141
-0.0045687323
-0.0042968979
-0.0043744520
-0.0047773714
-0.0053765711
-0.0061352782
-0.0069298052
-0.0075368403
-0.0079774470
-0.0084501270
-0.0090192652
-0.0095773330
-0.0100670446
-0.0104742626
-0.0109110053
-0.0115680094
-0.0124798297
-0.0135236025
-0.0144539963
-0.0152275606
-0.0159272905
-0.0166195792
-0.0173022104
-0.0178974689
-0.0182951972
-0.0185361327
-0.0186297721
-0.0185278443
-0.0181989068
-0.0176274399
-0.0167967826
-0.0156274180
-0.0140774037
-0.0121426944
-0.0098264631
-0.0073237348
-0.0048358486
-0.0025093036
-0.0004892781
0.0012647178
0.0030007803
0.0047991512
0.0066049297
0.0082764403
0.0099434997
0.0116782173
0.0133863078
0.0150816855
0.0167508807
0.0183828299
0.0199670316
0.0214099940
0.0227163815
0.0239597668
0.0250591276
0.0259283748
0.0265748572
0.0270638088
0.0274508661
0.0276711141
0.0275994542
0.0272239739
0.0262906170
0.0246510472
0.0223374617
0.0194460672
0.0162849003
0.0133716504
0.0108922237
0.0085684589
0.0062568466
0.0040310013
0.0020393266
0.0002525178
-0.0015147122
-0.0034041410
-0.0053093306
-0.0070921867
-0.0087317867
-0.0101704942
-0.0113522966
-0.0123958764
-0.0133878313
-0.0142568906
-0.0149562195
-0.0155064569
-0.0158344598
-0.0158329917
-0.0155085257
-0.0149708468
-0.0143578654
-0.0138707410
-0.0135031415
-0.0129466810
-0.0120311158
-0.0107927539
-0.0093814973
-0.0079010020
-0.0064099447
-0.0050772154
-0.0039415330
-0.0027785777
-0.0014521784
-0.0002727282
0.0003533515
0.0003204703
-0.0001638083
-0.0008698267
-0.0017506016
-0.0027201206
-0.0036979297
-0.0046009247
-0.0054387580
-0.0063013442
-0.0071879669
-0.0079584457
-0.0085289160
-0.0089522982
-0.0093136394
-0.0096008645
-0.0096875677
-0.0093936800
-0.0088026815
-0.0079430281
-0.0067834267
-0.0054778949
-0.0042321909
-0.0030358401
-0.0018479204
-0.0006996581
0.0004062677
0.0015141690
0.0026392327
0.0037175116
0.0046766818
0.0055132097
0.0062943124
0.0070602594
0.0078742927
0.0086793161
0.0093061664
0.0096179447
0.0096188508
0.0093960625
0.0092050372
0.0089696938
0.0085240318
0.0078136108
0.0068682391
0.0056986848
0.0044609119
0.0033706584
0.0024447594
0.0017451654
0.0012673909
0.0009900818
0.0007840367
0.0006064167
0.0004436729
0.0002929625
0.0001570074
0.0000168947
-0.0000654946
-0.0000121529
0.0001988450
0.0005764766
0.0011015146
0.0015965849
0.0020102633
0.0024042752
0.0027783075
0.0031867436
0.0036681131
0.0042141509
0.0047737725
0.0052608247
0.0056255619
0.0057932453
0.0057112786
0.0053311390
0.0046588583
0.0038091829
0.0028624806
0.0019127364
0.0010556436
0.0002574355
-0.0004652528
-0.0012968333
-0.0022958424
-0.0034439742
-0.0047298789
-0.0059276642
-0.0069352380
-0.0077841516
-0.0086204748
-0.0094993360
-0.0102535381
-0.0108700546
-0.0113288507
-0.0115764690
-0.0117951465
-0.0120370586
-0.0122397045
-0.0123649290
-0.0122606706
-0.0119544459
-0.0115562143
-0.0109905459
-0.0102987337
-0.0094697022
-0.0085486942
-0.0075825375
-0.0066344376
-0.0057030656
-0.0048055219
-0.0039243806
-0.0029760576
-0.0019635577
-0.0009150194
-0.0000650025
0.0005702089
0.0010884633
0.0014843820
0.0017550747
0.0019265936
0.0021345331
0.0025226071
0.0031613213
0.0038740140
0.0044410012
0.0048109933
0.0050575815
0.0051227129
0.0050668431
0.0049792908
0.0047252313
0.0042377344
0.0035809921
0.0027283654
0.0017021192
0.0006697977
-0.0002810362
-0.0011847540
-0.0021448047
-0.0030323754
-0.0037239209
-0.0042080269
-0.0045516621
-0.0048521034
-0.0052256609
-0.0057123457
-0.0062279025
-0.0065778329
-0.0067336138
-0.0067989198
-0.0068543316
-0.0070155336
-0.0072920944
-0.0075748397
-0.0077968913
-0.0079417127
-0.0079528870
-0.0079900441
-0.0082069482
-0.0084092133
-0.0085135740
-0.0086096999
-0.0085991413
-0.0084839855
-0.0082537931
-0.0078476707
-0.0073265452
-0.0066723699
-0.0058213136
-0.0048733564
-0.0038287732
-0.0026489825
-0.0014873531
-0.0005448738
0.0001418902
0.0005710524
0.0008519357
0.0011007624
0.0014338849
0.0018002719
0.0020336925
0.0021304778
0.0020185518
0.0017810373
0.0015115672
0.0012431398
0.0010197568
0.0007936282
0.0005417555
0.0002260821
-0.0000546019
-0.0002161927
-0.0003930253
-0.0006723861
-0.0010415373
-0.0013736332
-0.0015829653
-0.0018287227
-0.0022001276
-0.0026105066
-0.0029532593
-0.0031134026
-0.0031171576
-0.0029234678
-0.0026096577
-0.0022329945
-0.0017893677
-0.0013118202
-0.0008757171
-0.0005220451
-0.0002633541
-0.0000038561
0.0002877990
0.0004772632
0.0005467440
0.0006205874
0.0008468798
0.0012323718
0.0016801028
0.0020936109
0.0023337361
0.0024048020
0.0024252681
0.0024874684
0.0025838477
0.0025723932
0.0024168018
0.0023194008
0.0022553414
0.0022179360
0.0022162817
0.0022462023
0.0023779669
0.0025125536
0.0026575562
0.0027571317
0.0027951176
0.0026996444
0.0025885171
0.0026161022
0.0027192062
0.0028157448
0.0028518180
0.0027223856
0.0024160032
0.0019819383
0.0015081998
0.0011112289
0.0007930189
0.0005455248
0.0003981242
0.0004136340
0.0004137164
0.0002987997
0.0000595077
-0.0002384188
-0.0004721144
-0.0006538877
-0.0006681621
-0.0004004483
0.0000174698
0.0004916045
0.0010836230
0.0019372729
0.0029784082
0.0039630746
0.0047214109
0.0053491269
0.0059453418
0.0066238153
0.0074406993
0.0082514710
0.0089040406
0.0094640631
0.0101108929
0.0108491674
0.0115418689
0.0120287081
0.0123435417
0.0124464511
0.0122934687
0.0119039082
0.0114253188
0.0109298070
0.0104032739
0.0097908630
0.0091160538
0.0084209631
0.0076245670
0.0067288891
0.0058817472
0.0050873645
0.0044242800
0.0038537207
0.0032590746
0.0026039480
0.0019315096
0.0012778506
0.0006846322
0.0002414260
-0.0002620075
-0.0009462363
-0.0015897908
-0.0022670006
-0.0030268269
-0.0037211458
-0.0042261440
-0.0045696601
-0.0048610076
-0.0051868813
-0.0054482259
-0.0055709101
-0.0056610764
-0.0057948913
-0.0060536537
-0.0063629740
-0.0066399862
-0.0068770879
-0.0070222264
-0.0071087233
-0.0072849267
-0.0075192164
-0.0077457663
-0.0078129296
-0.0077516505
-0.0075500414
-0.0071731870
-0.0065838160
-0.0057399912
-0.0047313839
-0.0036499020
-0.0025696348
-0.0015519391
-0.0006428352
0.0002170178
0.0010923517
0.0019480765
0.0025372965
0.0029625192
0.0035085487
0.0041048776
0.0045655008
0.0048550882
0.0050029750
0.0050300853
0.0050242146
0.0050194831
0.0049837907
0.0048339443
0.0045748798
0.0042825894
0.0039888359
0.0036484138
0.0032540244
0.0027729318
0.0022738411
0.0018770927
0.0014634431
0.0009529468
0.0005645360
0.0002996955
0.0001714778
0.0002257390
0.0004383432
0.0007164013
0.0010014047
0.0013222790
0.0017166508
0.0021718428
0.0027012199
0.0032459625
0.0036656115
0.0038245920
0.0037946546
0.0038006428
0.0039173958
0.0041919550
0.0045377160
0.0049037451
0.0051995069
0.0053137315
0.0052517041
0.0050582190
0.0047368184
0.0043224780
0.0039183740
0.0034917067
0.0029041494
0.0020685409
0.0010903173
0.0001761684
-0.0005488336
-0.0011995541
-0.0018547223
-0.0024958508
-0.0030060638
-0.0032375347
-0.0032112533
-0.0029256272
-0.0025526351
-0.0021945958
-0.0017657070
-0.0011695301
-0.0004655013
0.0001288821
0.0005170288
0.0008295344
0.0011474191
0.0013323493
0.0012604017
0.0008487135
0.0001880661
-0.0006283735
-0.0015513697
-0.0025073104
-0.0032968072
-0.0037776432
-0.0041444323
-0.0045180972
-0.0048915255
-0.0054064330
-0.0060640915
-0.0066045640
-0.0068859921
-0.0069310115
-0.0068672710
-0.0067666602
-0.0066115320
-0.0063671250
-0.0060501018
-0.0056704705
-0.0051990590
-0.0046491219
-0.0040509809
-0.0033802689
-0.0026481839
-0.0019139311
-0.0013240247
-0.0008817665
-0.0004899400
-0.0001947669
0.0000530612
0.0002735714
0.0005600581
0.0008288509
0.0009859842
0.0010400247
0.0010462452
0.0011777110
0.0014509172
0.0017402528
0.0020276439
0.0023213336
0.0025791565
0.0028245047
0.0030708211
0.0032019531
0.0030786867
0.0027644017
0.0024438920
0.0021856832
0.0020385615
0.0020207145
0.0019438987
0.0016424970
0.0011140985
0.0005163516
0.0000055743
-0.0003006995
-0.0004065571
-0.0004529782
-0.0005735127
-0.0008001447
-0.0010309718
-0.0012906447
-0.0015559458
-0.0017123321
-0.0018187649
-0.0018159109
-0.0016720653
-0.0015083882
-0.0013629779
-0.0013152706
-0.0014574783
-0.0018049631
-0.0022363955
-0.0026983525
-0.0031344056
-0.0035634102
-0.0039719117
-0.0042903795
-0.0045480380
-0.0048323252
-0.0051930255
-0.0056447797
-0.0061103659
-0.0064991077
-0.0067872740
-0.0068731098
-0.0068244646
-0.0067889334
-0.0067545195
-0.0066129883
-0.0062959131
-0.0059073156
-0.0055164865
-0.0051523701
-0.0047360969
-0.0042114798
-0.0036113808
-0.0029621585
-0.0022174042
-0.0013974622
-0.0006007421
0.0001001927
0.0006352013
0.0009300198
0.0010342166
0.0010230533
0.0009581920
0.0008543003
0.0007274887
0.0005056226
0.0003232753
0.0001392403
-0.0001122868
-0.0004489338
-0.0008242347
-0.0012137287
-0.0016083139
-0.0018911814
-0.0020626517
-0.0020595041
-0.0019460631
-0.0018318737
-0.0017121240
-0.0015233081
-0.0012125898
-0.0007985806
-0.0002836028
0.0001541676
0.0003434478
0.0004864360
0.0007256216
0.0010837637
0.0015325089
0.0020152280
0.0025067500
0.0029544019
0.0033264175
0.0036619437
0.0039389743
0.0040704117
0.0040140436
0.0037967167
0.0035588465
0.0034804904
0.0033661349
0.0031051007
0.0028373435
0.0026394558
0.0024134999
0.0022700308
0.0022604622
0.0022648312
0.0022160015
0.0020402343
0.0018070302
0.0014751095
0.0010393292
0.0005194989
0.0000935811
-0.0002060831
-0.0004342508
-0.0005662231
-0.0006398235
-0.0006681663
-0.0006730528
-0.0005837117
-0.0003582348
-0.0000293804
0.0003555083
0.0008117968
0.0013917072
0.0019634504
0.0023779300
0.0026490865
0.0028349307
0.0030350834
0.0032049178
0.0032231575
0.0031856195
0.0030959180
0.0029644168
0.0027527761
0.0024962971
0.0022724284
0.0020606266
0.0018758226
0.0018386806
0.0018573062
0.0018338653
0.0018343686
0.0018860238
0.0019660074
0.0019668060
0.0018967954
0.0017586417
0.0015807224
0.0013897450
0.0011802242
0.0009381517
0.0007114203
0.0005062563
0.0002878712
0.0001239408
0.0000473377
-0.0000634900
-0.0001293483
-0.0001114164
-0.0000866713
-0.0000693349
-0.0000692599
-0.0000362400
0.0001021974
0.0003555419
0.0006622507
0.0009185673
0.0011565835
0.0013462998
0.0014306494
0.0014624502
0.0015634732
0.0016829534
0.0018236406
0.0020098003
0.0021500043
0.0021311086
0.0019988910
0.0018543817
0.0016784920
0.0014561255
0.0012700490
0.0011571236
0.0010754748
0.0009840085
0.0008474627
0.0006596878
0.0004245471
0.0001260989
-0.0001241442
-0.0003078927
-0.0004943677
-0.0006506893
-0.0007258988
-0.0007399989
-0.0006525901
-0.0005819936
-0.0005452209
-0.0005019919
-0.0004732974
-0.0005154682
-0.0005903730
-0.0006647748
-0.0007919356
-0.0009225785
-0.0010378445
-0.0010531280
-0.0010330445
-0.0009971796
-0.0009528084
-0.0009485279
-0.0009794813
-0.0010030835
-0.0010396573
-0.0010247792
-0.0009153526
-0.0006674548
-0.0003935040
-0.0001643928
-0.0000686552
-0.0000381853
0.0000002224
0.0000963862
0.0002246778
0.0003219384
0.0003158556
0.0002007146
-0.0000034902
-0.0002498480
-0.0004722673
-0.0006926770
-0.0009751736
-0.0012216198
-0.0013058357
-0.0012005660
-0.0009461811
-0.0006702067
-0.0004647499
-0.0002985995
-0.0001311604
0.0000722252
0.0004026832
0.0008060674
0.0011943560
0.0015105294
0.0017677775
0.0020659352
0.0024308972
0.0027828796
0.0030780458
0.0032818176
0.0034076863
0.0035072953
0.0035598297
0.0035382864
0.0034592743
0.0033312026
0.0031623229
0.0030465446
0.0030081661
0.0029819820
0.0029706533
0.0030541653
0.0031516989
0.0031889416
0.0031733278
0.0031167113
0.0029865373
0.0028637642
0.0028431034
0.0028420581
0.0026988860
0.0023832672
0.0019925522
0.0016115609
0.0013325389
0.0011682184
0.0009913955
0.0008473080
0.0007629414
0.0006195541
0.0004077341
0.0002519344
0.0001984621
0.0002769095
0.0005138943
0.0008095717
0.0010677868
0.0011972776
0.0012228658
0.0012181024
0.0012405165
0.0013058934
0.0013771892
0.0013497794
0.0012803467
0.0010207732
0.0005834225
0.0001586377
-0.0002284029
-0.0006065434
-0.0009868786
-0.0013755474
-0.0017421621
-0.0020746582
-0.0023952670
-0.0026997048
-0.0030117516
-0.0032587189
-0.0033840239
-0.0033804921
-0.0032177196
-0.0029549220
-0.0026591719
-0.0023558263
-0.0020714251
-0.0017219427
-0.0013265233
-0.0008240740
-0.0003003555
0.0001648953
0.0005989712
0.0009745167
0.0012643335
0.0014346481
0.0015343807
0.0015517494
0.0014687796
0.0012729138
0.0008519171
0.0002748280
-0.0003511210
-0.0009588643
-0.0015252438
-0.0020382897
-0.0024258285
-0.0028353754
-0.0032229444
-0.0035187616
-0.0038246642
-0.0041639538
-0.0045322564
-0.0048348016
-0.0050942537
-0.0052755795
-0.0052938493
-0.0052455196
-0.0051251105
-0.0050045756
-0.0049175737
-0.0048301406
-0.0046934248
-0.0044910960
-0.0042015236
-0.0038776583
-0.0035539120
-0.0032570478
-0.0029337210
-0.0025433803
-0.0021671080
-0.0017804098
-0.0014027520
-0.0011143238
-0.0009297685
-0.0008578905
-0.0009538278
-0.0011806326
-0.0014271483
-0.0016919952
-0.0019499825
-0.0021823678
-0.0023378552
-0.0024928207
-0.0026522123
-0.0027798394
-0.0028670191
-0.0029462896
-0.0029535059
-0.0028484339
-0.0026753495
-0.0024073154
-0.0020803846
-0.0017753562
-0.0015555500
-0.0013536569
-0.0012115088
-0.0011050625
-0.0009532636
-0.0007313579
-0.0004669326
-0.0001373649
0.0001115541
0.0002905275
0.0004230928
0.0004887158
0.0004831481
0.0003878299
0.0002447649
0.0001169378
0.0000258543
-0.0001505160
-0.0003366375
-0.0005143697
-0.0007028169
-0.0008923985
-0.0010729267
-0.0012394611
-0.0013486773
-0.0014040131
-0.0014007930
-0.0013168612
-0.0011728777
-0.0010130815
-0.0007546008
-0.0005242498
-0.0003389668
-0.0002653737
-0.0002283447
-0.0001485812
-0.0000192332
0.0001765779
0.0004020466
0.0006602567
0.0008568622
0.0010164931
0.0012201598
0.0014783504
0.0018690744
0.0023142465
0.0026891815
0.0029721734
0.0031887956
0.0033123472
0.0033501855
0.0033244611
0.0033127113
0.0032038692
0.0029719368
0.0026910640
0.0022718680
0.0016520888
0.0008830617
0.0001233241
-0.0004514190
-0.0009137597
-0.0012231688
-0.0014100648
-0.0015486424
-0.0016867436
-0.0017946663
-0.0018086375
-0.0016707855
-0.0014131800
-0.0010195917
-0.0005056023
-0.0000147042
0.0003854128
0.0006718122
0.0008982747
0.0010700141
0.0012471075
0.0015008601
0.0018626534
0.0022151559
0.0024993458
0.0027682741
0.0030651249
0.0032852470
0.0033569220
0.0033656064
0.0033568515
0.0033871715
0.0034183723
0.0034161878
0.0033695946
0.0033257128
0.0031995790
0.0030455715
0.0029837387
0.0029805357
0.0030180904
0.0031843527
0.0035003491
0.0039112416
0.0042967469
0.0046643901
0.0050094027
0.0052793865
0.0055344879
0.0058192566
0.0061210620
0.0063900675
0.0065547410
0.0066015942
0.0065262918
0.0064203439
0.0062210586
0.0059792925
0.0057761886
0.0055282783
0.0052254377
0.0048825810
0.0045087215
0.0040629203
0.0035381438
0.0029324224
0.0023244292
0.0018038993
0.0013198767
0.0008640169
0.0004273019
-0.0000129973
-0.0005209228
-0.0010427790
-0.0013890563
-0.0016217381
-0.0018572558
-0.0020721667
-0.0022035084
-0.0022916563
-0.0023832084
-0.0024275886
-0.0024221893
-0.0023458852
-0.0022805558
-0.0021995202
-0.0020984112
-0.0019819870
-0.0019173303
-0.0019065704
-0.0019099076
-0.0019135133
-0.0019241708
-0.0019605880
-0.0019776867
-0.0020312210
-0.0021106476
-0.0022478231
-0.0023726532
-0.0025189813
-0.0026970522
-0.0028680191
-0.0030133976
-0.0031771784
-0.0033804568
-0.0035861111
-0.0037916916
-0.0039948358
-0.0041590579
-0.0042734369
-0.0043222834
-0.0042598163
-0.0041435196
-0.0040409659
-0.0039063826
-0.0037907084
-0.0036644353
-0.0034561938
-0.0031929096
-0.0028912654
-0.0026115117
-0.0023671030
-0.0021409558
-0.0019563465
-0.0018772052
-0.0019132398
-0.0019883979
-0.0021122633
-0.0022595360
-0.0023626014
-0.0023986948
-0.0023556082
-0.0023346673
-0.0023477459
-0.0024145217
-0.0024291204
-0.0024182146
-0.0023007954
-0.0020949331
-0.0018671802
-0.0017198907
-0.0016681075
-0.0016715792
-0.0017096056
-0.0017076728
-0.0017057466
-0.0017956998
-0.0019610746
-0.0022404189
-0.0025502811
-0.0027845910
-0.0029507191
-0.0030808293
-0.0031448551
-0.0031217028
-0.0030425749
-0.0029591149
-0.0028457796
-0.0026624152
-0.0024384709
-0.0021683832
-0.0018235920
-0.0014843230
-0.0012291994
-0.0010416490
-0.0009036767
-0.0008371227
-0.0007987764
-0.0007874093
-0.0008511057
-0.0009797279
-0.0011380957
-0.0013804707
-0.0017418266
-0.0021872906
-0.0026670778
-0.0031265316
-0.0034561301
-0.0036707372
-0.0037907704
-0.0038804535
-0.0038997535
-0.0037559657
-0.0035161643
-0.0032504859
-0.0028893711
-0.0024581585
-0.0019509875
-0.0013545834
-0.0007960095
-0.0003261080
0.0000399322
0.0003110834
0.0005616195
0.0008322683
0.0011593821
0.0014815817
0.0017484674
0.0019722690
0.0020423098
0.0019647842
0.0018289845
0.0016934784
0.0016071328
0.0016958709
0.0018462476
0.0019586568
0.0020152565
0.0020442712
0.0021165938
0.0022057248
0.0023463483
0.0025201692
0.0026534053
0.0027575898
0.0028878275
0.0030547761
0.0032358519
0.0033737187
0.0034169764
0.0033875708
0.0034048759
0.0034899483
0.0036527140
0.0037835055
0.0038399760
0.0038536335
0.0038921865
0.0039858209
0.0041086896
0.0041891765
0.0041902520
0.0041813277
0.0041996915
0.0041778546
0.0041033407
0.0039695158
0.0036917285
0.0033701701
0.0030957468
0.0028258520
0.0025233856
0.0022542525
0.0020389592
0.0018671651
0.0017523264
0.0016803158
0.0016753146
0.0017355515
0.0018244091
0.0019684016
0.0020873778
0.0022457141
0.0023592608
0.0024079010
0.0025899869
0.0027426135
0.0027504154
0.0028102567
0.0029039900
0.0028848913
0.0028485379
0.0028154697
0.0027496956
0.0026957116
0.0025882906
0.0023861916
0.0021045604
0.0016331931
0.0010904854
0.0006108290
0.0002038434
-0.0001056279
-0.0004251716
-0.0007650142
-0.0011263078
-0.0015115833
-0.0018305549
-0.0020564253
-0.0022413551
-0.0023895942
-0.0025036108
-0.0025800843
-0.0025324643
-0.0024642507
-0.0023928509
-0.0022701482
-0.0021723361
-0.0021322193
-0.0020806464
-0.0020535025
-0.0020460413
-0.0020552945
-0.0021182229
-0.0022484288
-0.0024357680
-0.0026809082
-0.0029131425
-0.0030729905
-0.0032087366
-0.0033497006
-0.0035177129
-0.0036315902
-0.0036880373
-0.0037277866
-0.0037540865
-0.0038074061
-0.0037943023
-0.0036985069
-0.0034295231
-0.0030092114
-0.0025025621
-0.0019559002
-0.0014908799
-0.0011226492
-0.0008180606
-0.0005469383
-0.0002663957
0.0000366791
0.0004014787
0.0007711170
0.0010591074
0.0012199960
0.0012465521
0.0011744379
0.0010858444
0.0011364855
0.0012404750
0.0013319301
0.0013875615
0.0013286971
0.0013387256
0.0014188477
0.0013923567
0.0013444748
0.0012710546
0.0011419386
0.0011008166
0.0012004443
0.0013142092
0.0013788071
0.0014028386
0.0014016529
0.0014321022
0.0014854283
0.0015525040
0.0015796793
0.0015844700
0.0014815697
0.0013280929
0.0011643384
0.0009963800
0.0009298974
0.0008756684
0.0008486813
0.0008478150
0.0007574105
0.0006365836
0.0005176360
0.0004150588
0.0003292921
0.0002860697
0.0003173635
0.0003363494
0.0003291041
0.0003159065
0.0003287406
0.0003564786
0.0004328146
0.0005595720
0.0007412035
0.0009692153
0.0012019839
0.0013682373
0.0014383833
0.0014190966
0.0013463669
0.0012752466
0.0012563018
0.0012731515
0.0012761266
0.0012985013
0.0013011770
0.0011992197
0.0010354248
0.0008182712
0.0005977727
0.0003958865
0.0002413275
0.0001296609
-0.0000154649
-0.0002602240
-0.0005545603
-0.0008383888
-0.0010828876
-0.0012495494
-0.0014018564
-0.0015023705
-0.0015368058
-0.0015223353
-0.0014861770
-0.0014079800
-0.0013122795
-0.0012567910
-0.0012070880
-0.0010412306
-0.0007792705
-0.0004870774
-0.0002141724
0.0000009178
0.0001476565
0.0002974757
0.0004215419
0.0005581150
0.0007041280
0.0008479955
0.0010098396
0.0012058196
0.0014648532
0.0016914297
0.0017654503
0.0017336841
0.0016075122
0.0014727804
0.0013986679
0.0013730550
0.0013677719
0.0013080610
0.0012323456
0.0011460934
0.0010115918
0.0009427658
0.0008948820
0.0008538300
0.0008212567
0.0008067805
0.0007132533
0.0005123290
0.0003684675
0.0003333360
0.0003410579
0.0003723441
0.0004347451
0.0005683809
0.0006864786
0.0007671289
0.0008500848
0.0009075439
0.0009258853
0.0009152914
0.0008347095
0.0007098759
0.0005511876
0.0003767449
0.0002070900
0.0001743516
0.0001387654
0.0000366114
-0.0000877759
-0.0001884015
-0.0002937723
-0.0003917528
-0.0004671506
-0.0005475100
-0.0006795128
-0.0008360870
-0.0009965613
-0.0010785871
-0.0011356233
-0.0011854835
-0.0012094435
-0.0012677644
-0.0013726129
-0.0014819834
-0.0015374676
-0.0015221861
-0.0014142523
-0.0012472912
-0.0010512507
-0.0009159451
-0.0008715213
-0.0008145417
-0.0007709374
-0.0007204799
-0.0006386380
-0.0004932558
-0.0003745585
-0.0003697680
-0.0004954291
-0.0007298814
-0.0010694113
-0.0014023062
-0.0016574020
-0.0017877738
-0.0017815323
-0.0017262463
-0.0016697682
-0.0015806898
-0.0014137334
-0.0012551461
-0.0011359370
-0.0009971113
-0.0008008160
-0.0005857699
-0.0003504195
-0.0001655331
-0.0000932787
-0.0002015523
-0.0003497562
-0.0004254368
-0.0004680633
-0.0004359462
-0.0003973484
-0.0003537275
-0.0003343528
-0.0003236139
-0.0003680484
-0.0003274709
-0.0001580518
0.0000641616
0.0002498116
0.0003748840
0.0004401049
0.0004605131
0.0005112582
0.0005700903
0.0006807780
0.0008216884
0.0009074182
0.0009357016
0.0009058457
0.0008152162
0.0006764125
0.0005746016
0.0006129958
0.0007051838
0.0008141285
0.0008710039
0.0008828985
0.0009505730
0.0010233545
0.0011311210
0.0012521556
0.0013620087
0.0014948317
0.0016387786
0.0018462644
0.0020439373
0.0021673547
0.0022257916
0.0022737472
0.0023628648
0.0025268453
0.0027892872
0.0029551989
0.0030200367
0.0029900221
0.0029446537
0.0028929113
0.0027826648
0.0026384877
0.0024721281
0.0023045285
0.0021320499
0.0018632188
0.0014914396
0.0010172737
0.0005127303
0.0001188149
-0.0002244352
-0.0005140991
-0.0006924775
-0.0009031379
-0.0011075271
-0.0013394340
-0.0015821109
-0.0018673849
-0.0021841044
-0.0024079681
-0.0025035873
-0.0025434105
-0.0025277949
-0.0024876983
-0.0025266238
-0.0025763965
-0.0026135469
-0.0026225719
-0.0026170804
-0.0026220769
-0.0025525731
-0.0023805810
-0.0021393769
-0.0018796581
-0.0017120200
-0.0016282424
-0.0016044882
-0.0016358824
-0.0016151834
-0.0014923052
-0.0012556018
-0.0009954615
-0.0007142219
-0.0004710435
-0.0004042582
-0.0004465425
-0.0005762476
-0.0006741391
-0.0006200428
-0.0004922871
-0.0003296431
-0.0001554089
-0.0000635447
-0.0001461447
-0.0003691223
-0.0006175167
-0.0008394121
-0.0010309022
-0.0011412386
-0.0011150818
-0.0010922891
-0.0011106856
-0.0011688219
-0.0012068969
-0.0012061620
-0.0011722394
-0.0010106406
-0.0007869652
-0.0005563674
-0.0003589609
-0.0002073526
-0.0001025055
-0.0000440952
-0.0000117630
0.0000935224
0.0002894693
0.0004787557
0.0005714564
0.0004882698
0.0004453142
0.0005219023
0.0006837288
0.0009316497
0.0012578925
0.0015749953
0.0018120334
0.0020045671
0.0022229578
0.0024750760
0.0026815810
0.0028269745
0.0029158757
0.0028843628
0.0027615058
0.0025554035
0.0022567106
0.0020250785
0.0017155602
0.0013138149
0.0009403267
0.0006201460
0.0002690849
-0.0000030010
-0.0002399805
-0.0003904676
-0.0005298950
-0.0006996161
-0.0007639839
-0.0008200871
-0.0009123117
-0.0009605579
-0.0010036453
-0.0010633255
-0.0010502846
-0.0010424123
-0.0009859927
-0.0009636085
-0.0009946104
-0.0010981482
-0.0011656756
-0.0011951026
-0.0011701339
-0.0011401245
-0.0011430721
-0.0011768513
-0.0012619900
-0.0013203537
-0.0013891363
-0.0013758266
-0.0012296957
-0.0009844495
-0.0006992658
-0.0004188202
-0.0001777210
-0.0000434319
0.0000337907
0.0000846697
0.0000429440
-0.0000016990
-0.0000336783
-0.0001344200
-0.0002977044
-0.0004839709
-0.0006881766
-0.0008800086
-0.0010602792
-0.0012577756
-0.0014174506
-0.0015362689
-0.0016313141
-0.0017210232
-0.0018063808
-0.0018818678
-0.0019741649
-0.0021165032
-0.0022159042
-0.0023067634
-0.0024286926
-0.0024991612
-0.0024929163
-0.0024686013
-0.0024193672
-0.0023366773
-0.0022554455
-0.0022040554
-0.0021522106
-0.0020406521
-0.0018453315
-0.0015692246
-0.0012516725
-0.0009542617
-0.0007314581
-0.0005823782
-0.0004877026
-0.0004723694
-0.0004596866
-0.0004598923
-0.0005400841
-0.0005762959
-0.0006211601
-0.0008052958
-0.0011262011
-0.0015522101
-0.0019433953
-0.0022630662
-0.0024420715
-0.0024371387
-0.0023205904
-0.0022131542
-0.0020918677
-0.0019180434
-0.0017247933
-0.0014960105
-0.0011718792
-0.0007609089
-0.0002690519
0.0002948129
0.0008339597
0.0012588002
0.0015730817
0.0017374239
0.0017362998
0.0016797605
0.0016408910
0.0015472377
0.0013639918
0.0010784205
0.0007151050
0.0002917070
-0.0000598961
-0.0003627238
-0.0005502014
-0.0005764294
-0.0005469105
-0.0004528748
-0.0003842333
-0.0003721532
-0.0004129419
-0.0004023830
-0.0003870720
-0.0003235711
-0.0002297455
-0.0001562656
-0.0000968741
-0.0000772338
-0.0000810906
-0.0001152556
-0.0001878660
-0.0002090343
-0.0002424416
-0.0002344986
-0.0001847526
-0.0001215619
-0.0000699900
-0.0000317282
-0.0000406385
-0.0000238244
-0.0000437658
-0.0001045837
-0.0000766055
-0.0001223753
-0.0002204980
-0.0002821381
-0.0002897426
-0.0002529417
-0.0002164887
-0.0002134449
-0.0002883953
-0.0004054714
-0.0005688156
-0.0007409868
-0.0008251880
-0.0008021898
-0.0007348832
-0.0006778435
-0.0006217705
-0.0006178600
-0.0007032954
-0.0008434077
-0.0009483080
-0.0009963934
-0.0010447142
-0.0010836194
-0.0010360533
-0.0009831921
-0.0009424572
-0.0008904042
-0.0007997234
-0.0007282158
-0.0006334176
-0.0004740790
-0.0002520221
-0.0000493777
0.0001130854
0.0002645506
0.0003548573
0.0005103326
0.0007345892
0.0008910307
0.0010564035
0.0012552090
0.0014465906
0.0016144282
0.0017634185
0.0018605595
0.0018952535
0.0019028390
0.0019672070
0.0020747253
0.0022055638
0.0023180317
0.0023908811
0.0024612088
0.0025462057
0.0026103791
0.0026522056
0.0027352445
0.0027473735
0.0026794988
0.0026659654
0.0026957955
0.0027196273
0.0027675158
0.0028428266
0.0029086527
0.0029572743
0.0030532929
0.0031782841
0.0033539590
0.0036289024
0.0039339258
0.0042071628
0.0044319208
0.0045773613
0.0046993324
0.0047790794
0.0048455934
0.0049212029
0.0049889450
0.0050135050
0.0049986529
0.0049535262
0.0048539355
0.0046260283
0.0043003139
0.0039624152
0.0036848192
0.0034065286
0.0031388183
0.0028346405
0.0024594035
0.0020950874
0.0017196054
0.0014143881
0.0011910938
0.0010407472
0.0009427218
0.0008140050
0.0006811062
0.0005525723
0.0004195623
0.0003332516
0.0003304465
0.0004868917
0.0006861296
0.0008683100
0.0010024916
0.0011151280
0.0011844438
0.0012314176
0.0012324160
0.0011606057
0.0010599547
0.0009638763
0.0008657412
0.0007722879
0.0006040594
0.0003279657
0.0000243866
-0.0002496730
-0.0004391786
-0.0006940990
-0.0009416703
-0.0011649469
-0.0013549970
-0.0014531956
-0.0015009308
-0.0014906863
-0.0014301925
-0.0014001366
-0.0014194229
-0.0013969095
-0.0013013363
-0.0011486363
-0.0008807025
-0.0005562336
-0.0002751568
-0.0001189838
-0.0000240928
0.0000613326
0.0000893742
0.0000927657
0.0001303961
0.0002654090
0.0004915693
0.0007346681
0.0008381078
0.0008208141
0.0007329876
0.0006148785
0.0005529725
0.0005995495
0.0006907297
0.0007805967
0.0007528981
0.0006600042
0.0004735602
0.0002513460
0.0000637539
-0.0000006160
-0.0000782998
-0.0002164398
-0.0003504779
-0.0004901270
-0.0005968761
-0.0006865147
-0.0006754801
-0.0005845859
-0.0005260788
-0.0005389724
-0.0005153008
-0.0005334996
-0.0006031738
-0.0006785662
-0.0007244354
-0.0007943792
-0.0009149605
-0.0010737909
-0.0012630383
-0.0014179801
-0.0015862340
-0.0018241037
-0.0020566418
-0.0022572055
-0.0023812169
-0.0024124529
-0.0023910959
-0.0023611601
-0.0023495865
-0.0023626115
-0.0023675090
-0.0023146056
-0.0021799165
-0.0019374088
-0.0016582182
-0.0013414626
-0.0010338803
-0.0007810547
-0.0005893074
-0.0004135578
-0.0003773197
-0.0004798176
-0.0006902502
-0.0009146298
-0.0010829225
-0.0012212727
-0.0013065540
-0.0013567686
-0.0014051857
-0.0015162188
-0.0016949565
-0.0018602306
-0.0020095771
-0.0020416739
-0.0020488885
-0.0020007752
-0.0019000085
-0.0018808947
-0.0019150468
-0.0018910271
-0.0018809048
-0.0019025386
-0.0019071627
-0.0019328519
-0.0018920455
-0.0018170199
-0.0017227346
-0.0015931322
-0.0015081977
-0.0015222767
-0.0015874268
-0.0016156676
-0.0016102335
-0.0015386058
-0.0014404172
-0.0013963122
-0.0013313185
-0.0012286964
-0.0011663867
-0.0010709227
-0.0009557338
-0.0008946909
-0.0009057919
-0.0009433864
-0.0009798844
-0.0010449614
-0.0011119953
-0.0011799636
-0.0012320024
-0.0012758449
-0.0013100269
-0.0013081078
-0.0013138856
-0.0012861805
-0.0012989496
-0.0013998170
-0.0013530097
-0.0013490417
-0.0014049136
-0.0013344153
-0.0013094447
-0.0013547961
-0.0014183154
-0.0014761241
-0.0014671521
-0.0014082311
-0.0013317670
-0.0012220644
-0.0011425592
-0.0011133549
-0.0011051968
-0.0011652270
-0.0012239507
-0.0012823336
-0.0013643653
-0.0014782368
-0.0016292316
-0.0017982233
-0.0019228755
-0.0019335784
-0.0018808712
-0.0018011192
-0.0017370599
-0.0016369260
-0.0014919327
-0.0012777669
-0.0010416295
-0.0008065944
-0.0005926441
-0.0003305633
-0.0000459994
0.0002261007
0.0005387742
0.0008380170
0.0010600947
0.0012232347
0.0013089219
0.0012555033
0.0012435864
0.0012758630
0.0012960620
0.0012536730
0.0011415681
0.0011291940
0.0010845770
0.0010343612
0.0009873498
0.0009559937
0.0008908106
0.0008181992
0.0007626050
0.0007097940
0.0006683212
0.0005961930
0.0005693262
0.0006135550
0.0007136626
0.0008500282
0.0009790197
0.0010339295
0.0010317648
0.0010324185
0.0011140735
0.0013311858
0.0016335770
0.0019257027
0.0021897201
0.0023518314
0.0023643832
0.0023349525
0.0023502962
0.0024270533
0.0026311875
0.0029039564
0.0031227531
0.0033165133
0.0035224712
0.0036684805
0.0037663178
0.0038902973
0.0039068792
0.0038337697
0.0037292010
0.0036619689
0.0036255853
0.0035800139
0.0035025085
0.0034182515
0.0032943744
0.0031033038
0.0028837638
0.0026628413
0.0024647859
0.0022528532
0.0019909247
0.0017164562
0.0014621832
0.0011750812
0.0009557422
0.0007052897
0.0003485079
-0.0000572918
-0.0004261665
-0.0006833245
-0.0008999745
-0.0010571961
-0.0011602589
-0.0012497043
-0.0013255293
-0.0013805915
-0.0014099355
-0.0014219987
-0.0013234354
-0.0011412153
-0.0009520961
-0.0007401767
-0.0005360437
-0.0003486937
-0.0001258262
0.0001191872
0.0003602935
0.0005741501
0.0007631134
0.0010276009
0.0012563952
0.0014144451
0.0015703752
0.0016909801
0.0017551183
0.0017414792
0.0016852872
0.0015947233
0.0015138344
0.0014932755
0.0014773818
0.0014593588
0.0014733337
0.0014278894
0.0013627191
0.0012958374
0.0012141126
0.0011158855
0.0011331111
0.0011512086
0.0011181088
0.0010039523
0.0008251548
0.0005776848
0.0003403539
0.0002256632
0.0001858246
0.0002293811
0.0003037974
0.0003771937
0.0004333463
0.0004398076
0.0004148828
0.0003017577
0.0001120761
-0.0000590552
-0.0001843791
-0.0002635694
-0.0003604200
-0.0004866986
-0.0006574912
-0.0009106447
-0.0011946414
-0.0014059454
-0.0015835693
-0.0017021477
-0.0017887587
-0.0018355448
-0.0018725979
-0.0018308234
-0.0017553347
-0.0017060889
-0.0016605531
-0.0016287630
-0.0016285991
-0.0015537530
-0.0014295813
-0.0013236485
-0.0012499566
-0.0011863315
-0.0010882341
-0.0010548998
-0.0010851827
-0.0011707311
-0.0012671498
-0.0013572588
-0.0014401360
-0.0015212851
-0.0016267045
-0.0017620729
-0.0019310952
-0.0021073540
-0.0021475681
-0.0022495446
-0.0024605914
-0.0024945992
-0.0024727690
-0.0024545277
-0.0023402142
-0.0021418350
-0.0019082315
-0.0015754339
-0.0011977404
-0.0008535684
-0.0005658514
-0.0003711698
-0.0002200297
-0.0000691808
0.0000904722
0.0001898153
0.0003401945
0.0004358239
0.0004726161
0.0004819777
0.0004204478
0.0003214609
0.0002330807
0.0001574757
0.0001432636
0.0001637430
0.0001676608
0.0001279853
0.0000592645
0.0000444061
0.0000354780
0.0000708620
0.0001210992
0.0001360347
0.0001299397
0.0000843714
0.0000273361
-0.0000084887
-0.0000000133
-0.0000462195
-0.0001799800
-0.0002794561
-0.0003829896
-0.0004971378
-0.0005502019
-0.0006018231
-0.0006473705
-0.0007317216
-0.0008576013
-0.0009583575
-0.0010747060
-0.0012033711
-0.0012985385
-0.0013397266
-0.0013587263
-0.0013183570
-0.0012493873
-0.0011420440
-0.0010026633
-0.0008918762
-0.0008025659
-0.0006162323
-0.0004092047
-0.0001677594
0.0000860890
0.0002737243
0.0004160367
0.0005162987
0.0005789227
0.0006752461
0.0007768142
0.0007889162
0.0008033928
0.0007886428
0.0007191682
0.0006829523
0.0006552979
0.0006878514
0.0007321703
0.0007198722
0.0006712119
0.0006269991
0.0005677600
0.0004742144
0.0003511007
0.0002291636
0.0001269775
-0.0000014657
-0.0001239314
-0.0001363070
-0.0001065662
-0.0000609832
-0.0000286706
-0.0000353261
-0.0001295206
-0.0002739286
-0.0003051872
-0.0003203713
-0.0003489227
-0.0004306126
-0.0005589462
-0.0006881484
-0.0008891734
-0.0011571857
-0.0014030566
-0.0015436867
-0.0016025613
-0.0016330604
-0.0015920890
-0.0015238592
-0.0014355985
-0.0013312668
-0.0012208224
-0.0010957296
-0.0009334565
-0.0007507198
-0.0005410953
-0.0002927174
-0.0000693070
0.0001065720
0.0002145513
0.0003269429
0.0004434290
0.0005243572
0.0006385819
0.0007571177
0.0008349375
0.0008360983
0.0007977388
0.0007493180
0.0006875680
0.0006469704
0.0005515819
0.0003821710
0.0001826891
0.0000025120
-0.0001660808
-0.0003050546
-0.0003907718
-0.0004082975
-0.0003929823
-0.0003229961
-0.0002311604
-0.0002140810
-0.0002357774
-0.0002170754
-0.0002286260
-0.0002332912
-0.0001800680
-0.0000906043
-0.0000054522
0.0000526019
0.0000443424
-0.0000289555
-0.0001293342
-0.0002257120
-0.0002925718
-0.0002955068
-0.0003080445
-0.0003634545
-0.0003917678
-0.0004039196
-0.0004447041
-0.0005579584
-0.0006467239
-0.0006760870
-0.0006310161
-0.0005386813
-0.0004734379
-0.0004380940
-0.0004963924
-0.0005672145
-0.0006127362
-0.0006282652
-0.0006028840
-0.0005230704
-0.0004667573
-0.0004360486
-0.0003312094
-0.0002726939
-0.0002709127
-0.0001720822
-0.0000504144
0.0000470040
0.0001411686
0.0002752506
0.0004232379
0.0005441773
0.0006789801
0.0007973085
0.0008974266
0.0009572749
0.0009605286
0.0009472323
0.0009058063
0.0008407510
0.0007423203
0.0006536194
0.0007125023
0.0007149129
0.0006193502
0.0005287583
0.0004099250
0.0002345774
0.0001134361
0.0000782734
0.0001149400
0.0001788611
0.0002495755
0.0003093212
0.0003444709
0.0003469784
0.0003041489
0.0002980304
0.0003292124
0.0004163140
0.0005803539
0.0007658993
0.0009615240
0.0010665120
0.0011096630
0.0012007653
0.0012672186
0.0012447475
0.0012488326
0.0012914393
0.0013223477
0.0013418165
0.0013737857
0.0014135458
0.0014121926
0.0013744664
0.0013415665
0.0012462681
0.0010702406
0.0008946901
0.0007627815
0.0007632496
0.0008540411
0.0009336845
0.0009714250
0.0010342881
0.0010493875
0.0010804858
0.0011691548
0.0012844832
0.0013954355
0.0015301730
0.0016599944
0.0017668362
0.0018132431
0.0017751851
0.0016711937
0.0015717356
0.0014397147
0.0012925811
0.0011573347
0.0009648568
0.0007736485
0.0005355738
0.0002393369
-0.0000536815
-0.0003737904
-0.0006370095
-0.0008266083
-0.0008990774
-0.0009466665
-0.0009942829
-0.0010027992
-0.0009839523
-0.0008761998
-0.0007235938
-0.0005658920
-0.0003542568
-0.0001190932
0.0001001712
0.0002865855
0.0004303426
0.0005825731
0.0007163482
0.0008585735
0.0010246035
0.0012078811
0.0012637121
0.0012159768
0.0011666504
0.0011029215
0.0010663761
0.0010603947
0.0010551085
0.0010219638
0.0009593504
0.0008698109
0.0008385574
0.0008030565
0.0007198462
0.0005870645
0.0003888474
0.0001813448
0.0000506843
-0.0000509164
-0.0000617706
0.0000434272
0.0001040766
0.0001255252
0.0001045933
0.0000536400
-0.0001248347
-0.0003390274
-0.0005397908
-0.0007573603
-0.0009912639
-0.0011957187
-0.0013628062
-0.0015225485
-0.0016579875
-0.0018033993
-0.0019610947
-0.0020919264
-0.0022091191
-0.0022316422
-0.0021188739
-0.0019563565
-0.0018304157
-0.0017630997
-0.0017483936
-0.0017414776
-0.0017409558
-0.0017286691
-0.0016804484
-0.0016278721
-0.0015660112
-0.0014945797
-0.0014863857
-0.0015753335
-0.0016698382
-0.0016801783
-0.0015547252
-0.0013229247
-0.0010955810
-0.0008910007
-0.0006745062
-0.0004854639
-0.0003547545
-0.0002170007
-0.0001244009
-0.0001106824
-0.0001159570
-0.0000992346
-0.0000468497
-0.0000031505
-0.0000191436
-0.0001698816
-0.0003068997
-0.0004242374
-0.0006442810
-0.0008689801
-0.0010090341
-0.0010903219
-0.0011341089
-0.0011932181
-0.0012121351
-0.0012292816
-0.0012604529
-0.0012392776
-0.0011590361
-0.0010955620
-0.0011089231
-0.0011755119
-0.0012230869
-0.0012369144
-0.0012112973
-0.0012188168
-0.0012916163
-0.0013843694
-0.0014299180
-0.0014445941
-0.0014325601
-0.0012901182
-0.0011861578
-0.0010852921
-0.0008423725
-0.0004900165
-0.0001392402
0.0001905965
0.0005858831
0.0009983924
0.0014174707
0.0017960303
0.0021140351
0.0023491436
0.0025442074
0.0027075201
0.0028524808
0.0029293922
0.0029613061
0.0029527962
0.0029138220
0.0029368082
0.0028835725
0.0026967804
0.0025594505
0.0024640343
0.0023085117
0.0021130519
0.0019125670
0.0017117146
0.0013880930
0.0009994551
0.0005974158
0.0001594980
-0.0003452763
-0.0008312441
-0.0012476211
-0.0016120133
-0.0019080687
-0.0021074580
-0.0022769350
-0.0023683312
-0.0024281355
-0.0024442611
-0.0023265668
-0.0021184159
-0.0018654403
-0.0015521019
-0.0011923841
-0.0008768464
-0.0005834282
-0.0003295621
-0.0001392346
0.0000193490
0.0000914979
0.0000979997
0.0000859532
0.0000394201
0.0000253094
0.0000255574
0.0000922330
0.0002162033
0.0003388826
0.0004742261
0.0006435971
0.0008462679
0.0010900094
0.0013824539
0.0017668798
0.0020840205
0.0022742656
0.0023779401
0.0024506939
0.0025191390
0.0025763763
0.0026294342
0.0026698479
0.0027440313
0.0027891479
0.0027776096
0.0027273788
0.0026154411
0.0023845658
0.0021184880
0.0019872805
0.0018972417
0.0017535998
0.0016488603
0.0015583127
0.0013690559
0.0011805138
0.0009433797
0.0007364905
0.0006223612
0.0006158831
0.0006706166
0.0007748926
0.0008804938
0.0009112418
0.0009117673
0.0008878507
0.0009064999
0.0009758815
0.0010624225
0.0011808029
0.0013087528
0.0014146565
0.0014955620
0.0015987731
0.0016787001
0.0017238218
0.0017284375
0.0017251490
0.0017292831
0.0017231943
0.0016998239
0.0017164293
0.0017030906
0.0016124187
0.0014606967
0.0012179321
0.0009782754
0.0007141839
0.0005231803
0.0003889811
0.0003381677
0.0003401030
0.0003118946
0.0002997084
0.0002585807
0.0001894400
0.0001135500
0.0001102433
0.0001931444
0.0003078368
0.0003747494
0.0003603975
0.0003372440
0.0002831990
0.0001776039
0.0000894122
-0.0000098991
-0.0001220928
-0.0002161090
-0.0002847236
-0.0003400935
-0.0004045759
-0.0004879059
-0.0005832626
-0.0006533879
-0.0008021260
-0.0009431882
-0.0010100584
-0.0010576759
-0.0011081004
-0.0011412462
-0.0012407301
-0.0014195113
-0.0016243933
-0.0017827520
-0.0019708915
-0.0021268335
-0.0023168924
-0.0024747170
-0.0025703479
-0.0026557022
-0.0026914919
-0.0026999397
-0.0026877688
-0.0026600343
-0.0026479339
-0.0026059899
-0.0024847587
-0.0023296791
-0.0021878694
-0.0020612860
-0.0019524069
-0.0019213084
-0.0019141978
-0.0018675677
-0.0017946730
-0.0016749622
-0.0016346003
-0.0015747663
-0.0014655057
-0.0013885900
-0.0013953523
-0.0014045864
-0.0013779842
-0.0013932958
-0.0014700631
-0.0015853201
-0.0017187565
-0.0018804887
-0.0019932838
-0.0020883208
-0.0021949180
-0.0023455362
-0.0025622054
-0.0028382730
-0.0031036863
-0.0032760576
-0.0033745895
-0.0034062920
-0.0032888510
-0.0031558650
-0.0031830944
-0.0033303805
-0.0034275685
-0.0033404156
-0.0031313889
-0.0029297429
-0.0028341841
-0.0028570763
-0.0029585864
-0.0030388082
-0.0030198102
-0.0029298419
-0.0027662691
-0.0025275231
-0.0022621182
-0.0018937485
-0.0016327586
-0.0015539562
-0.0013978598
-0.0011687580
-0.0009638349
-0.0008757308
-0.0008230272
-0.0007407082
-0.0006216290
-0.0004239538
-0.0002886239
-0.0002000500
-0.0001316021
-0.0000733273
0.0000727066
0.0003365652
0.0006785693
0.0009383323
0.0010284627
0.0009827971
0.0008583459
0.0007819913
0.0009762684
0.0012944433
0.0015158431
0.0016121500
0.0015636931
0.0014321041
0.0013062171
0.0012161498
0.0012071828
0.0012554891
0.0012583185
0.0011950016
0.0011265228
0.0010914582
0.0010659238
0.0010402916
0.0009856971
0.0008546231
0.0006072679
0.0003432839
0.0001485542
-0.0000072487
-0.0002506005
-0.0005465962
-0.0008476135
-0.0010871989
-0.0012054320
-0.0011919483
-0.0010773214
-0.0009302470
-0.0008512371
-0.0007400046
-0.0006124777
-0.0004812470
-0.0002491077
0.0000647208
0.0003491212
0.0006301341
0.0008355632
0.0010031111
0.0012153102
0.0014517554
0.0016240035
0.0017953592
0.0019877788
0.0021555495
0.0023174142
0.0024414054
0.0024595360
0.0023835507
0.0022928912
0.0022222917
0.0022104747
0.0021999045
0.0022065939
0.0021709653
0.0020716566
0.0019626685
0.0017734183
0.0015781479
0.0014217534
0.0013344030
0.0013092905
0.0013041050
0.0012464139
0.0011534486
0.0010707801
0.0010006827
0.0009383056
0.0008660068
0.0007990962
0.0007388279
0.0006884467
0.0007525500
0.0008671387
0.0009220921
0.0008736902
0.0007392930
0.0006518929
0.0006099950
0.0005971977
0.0006175531
0.0005957227
0.0005806742
0.0005946786
0.0005783410
0.0005260128
0.0005282794
0.0005633847
0.0006236120
0.0007283433
0.0008348479
0.0009271083
0.0010695338
0.0012327257
0.0014311660
0.0016296200
0.0017831732
0.0018585008
0.0019461000
0.0021597256
0.0023972418
0.0026861379
0.0029653967
0.0032253487
0.0034198522
0.0035672893
0.0037794971
0.0040254041
0.0042205082
0.0043659253
0.0044746164
0.0045195737
0.0045278319
0.0044980287
0.0043947687
0.0042115168
0.0039769351
0.0036767220
0.0032906681
0.0028834702
0.0024434927
0.0019556837
0.0015561134
0.0011903222
0.0008149119
0.0004715003
0.0001394317
-0.0001945100
-0.0005157729
-0.0007552770
-0.0009288017
-0.0010611457
-0.0011093626
-0.0011092422
-0.0010916488
-0.0010213691
-0.0009973224
-0.0010024413
-0.0010169147
-0.0009071534
-0.0007666239
-0.0006360543
-0.0005122611
-0.0003694913
-0.0002346644
-0.0001161684
-0.0000160831
0.0000989598
0.0001016739
0.0000249091
-0.0000786757
-0.0002057412
-0.0003396259
-0.0004667752
-0.0005357642
-0.0006454926
-0.0007309089
-0.0007970992
-0.0009029335
-0.0009372449
-0.0008641485
-0.0007848775
-0.0007692274
-0.0007866947
-0.0007987261
-0.0007457937
-0.0006466056
-0.0004963049
-0.0003443070
-0.0002052078
-0.0000386835
0.0001222781
0.0002780255
0.0004239731
0.0005170541
0.0005081532
0.0005557189
0.0005554285
0.0004635958
0.0004422501
0.0004385019
0.0003838449
0.0002949941
0.0002207097
0.0001590351
0.0001524306
0.0002597243
0.0004395863
0.0006282809
0.0007571177
0.0008330649
0.0008803735
0.0009355192
0.0009819453
0.0010389492
0.0011140426
0.0011954919
0.0012002608
0.0011101662
0.0009812542
0.0007616676
0.0005134459
0.0002456390
-0.0000062060
-0.0002348679
-0.0004814899
-0.0007431663
-0.0009106890
-0.0010454656
-0.0011608608
-0.0012540084
-0.0013535424
-0.0014606695
-0.0015561427
-0.0016057881
-0.0016481521
-0.0016961260
-0.0018049731
-0.0019407544
-0.0020064295
-0.0020279191
-0.0021174008
-0.0022298368
-0.0023780927
-0.0025539807
-0.0027188287
-0.0028377545
-0.0029161878
-0.0030115201
-0.0030980304
-0.0032001511
-0.0033292295
-0.0034704436
-0.0036131878
-0.0036864618
-0.0037074749
-0.0036601199
-0.0036242162
-0.0036021746
-0.0034613196
-0.0032572911
-0.0030286406
-0.0027672154
-0.0024326858
-0.0020740173
-0.0017541502
-0.0014831269
-0.0012484383
-0.0010460065
-0.0009324931
-0.0008045231
-0.0006522372
-0.0005357004
-0.0004364763
-0.0003532553
-0.0002827172
-0.0002076391
-0.0001538090
-0.0001434942
-0.0001121549
-0.0000860889
-0.0000369610
0.0000771507
0.0002161836
0.0003364029
0.0004300948
0.0004454741
0.0004471576
0.0004592720
0.0004286326
0.0004212763
0.0004219830
0.0004482838
0.0005101171
0.0005100398
0.0004385348
0.0003064222
0.0001289887
-0.0001128572
-0.0003216132
-0.0004598492
-0.0005394754
-0.0006343038
-0.0006776423
-0.0007545379
-0.0009299616
-0.0011327399
-0.0013114349
-0.0014601371
-0.0015349661
-0.0015454971
-0.0015117292
-0.0014451718
-0.0013882274
-0.0013438384
-0.0013252008
-0.0013459057
-0.0014380503
-0.0015086778
-0.0015102051
-0.0014685917
-0.0014705742
-0.0014960020
-0.0015461520
-0.0016176803
-0.0016483340
-0.0016078699
-0.0015366664
-0.0014748773
-0.0014129928
-0.0013525891
-0.0013334565
-0.0013486867
-0.0013886219
-0.0014809430
-0.0015516212
-0.0015845887
-0.0015828002
-0.0015650298
-0.0014969399
-0.0014391950
-0.0013998573
-0.0012755235
-0.0011164630
-0.0009776385
-0.0008480427
-0.0007155575
-0.0006004928
-0.0004474309
-0.0003097899
-0.0001650316
0.0000259611
0.0001796482
0.0002764180
0.0003406623
0.0003360313
0.0003142488
0.0003000285
0.0002961502
0.0003414763
0.0003655481
0.0003101831
0.0002140775
0.0001247758
-0.0000238594
-0.0002221290
-0.0003910193
-0.0005124265
-0.0006257677
-0.0006750644
-0.0006687589
-0.0006436412
-0.0006302192
-0.0005679885
-0.0004200181
-0.0001982626
0.0001264038
0.0004497046
0.0007138446
0.0010254944
0.0013424836
0.0015824643
0.0017503281
0.0018486855
0.0019136794
0.0019506754
0.0019662121
0.0018952887
0.0017254241
0.0014802898
0.0011752699
0.0009066872
0.0006585131
0.0004650768
0.0002872504
0.0001455595
0.0002084462
0.0002655256
0.0002382046
0.0002869078
0.0003648431
0.0003497869
0.0003168137
0.0003257194
0.0003374021
0.0003360390
0.0003376247
0.0003348946
0.0002866340
0.0001900831
0.0000936418
0.0000549027
0.0000436992
0.0000222215
-0.0000489202
-0.0000974964
-0.0001360352
-0.0001570102
-0.0000738530
0.0001184141
0.0003130167
0.0004688086
0.0006395089
0.0008472724
0.0011003462
0.0013876936
0.0017194192
0.0020168488
0.0021710492
0.0022659872
0.0023396605
0.0024116945
0.0025248957
0.0026330650
0.0026815675
0.0026713261
0.0025715727
0.0023797874
0.0021140737
0.0019087214
0.0017105939
0.0015336693
0.0013891590
0.0013231540
0.0013002326
0.0012986870
0.0013473506
0.0013897006
0.0014751837
0.0015564246
0.0016030655
0.0016665812
0.0017360951
0.0018102197
0.0018471016
0.0018528952
0.0018244913
0.0017810876
0.0017646500
0.0017683278
0.0017234946
0.0016378358
0.0015025702
0.0013674563
0.0012930654
0.0012240953
0.0011837772
0.0011159417
0.0010235151
0.0009822274
0.0010105888
0.0011175813
0.0013062689
0.0014961389
0.0016129398
0.0016092637
0.0015002024
0.0013091734
0.0011464964
0.0010693235
0.0010133602
0.0009704453
0.0008831857
0.0007436392
0.0005769029
0.0003606359
0.0002264600
0.0001219499
0.0001003806
0.0000506953
-0.0000361683
-0.0000740424
-0.0000592991
-0.0000097955
0.0000810491
0.0001674495
0.0002101695
0.0001475989
0.0000814713
-0.0000357120
-0.0001964637
-0.0003593430
-0.0005630542
-0.0007694566
-0.0009835480
-0.0011686182
-0.0013323163
-0.0014354318
-0.0014653053
-0.0014028857
-0.0013386150
-0.0012518918
-0.0010875956
-0.0008946469
-0.0006221597
-0.0002951098
-0.0000067012
0.0002284720
0.0004296608
0.0006439104
0.0008637594
0.0010038317
0.0011340699
0.0011911601
0.0011490031
0.0010670830
0.0009632616
0.0008328431
0.0006748827
0.0004855620
0.0002756548
0.0000118332
-0.0002742781
-0.0005329782
-0.0007560686
-0.0009010378
-0.0009398042
-0.0009034100
-0.0008266687
-0.0006757175
-0.0005028337
-0.0003672680
-0.0002159712
-0.0000075105
0.0001995851
0.0003238300
0.0003833733
0.0003288593
0.0002204460
0.0000270621
-0.0002599445
-0.0004457325
-0.0006459852
-0.0008262635
-0.0009589393
-0.0010392361
-0.0010923569
-0.0011124732
-0.0010604215
-0.0008657009
-0.0006133258
-0.0003812601
-0.0001963517
-0.0000406315
0.0000885825
0.0001323223
0.0001014307
-0.0000029624
-0.0002153326
-0.0005268969
-0.0008776855
-0.0012267590
-0.0016037753
-0.0019324123
-0.0021695258
-0.0022669151
-0.0022954784
-0.0023484154
-0.0023984515
-0.0023446000
-0.0022195551
-0.0021277614
-0.0020027182
-0.0018025739
-0.0015300276
-0.0012412551
-0.0009754208
-0.0007599890
-0.0006400646
-0.0005927159
-0.0005601884
-0.0005617574
-0.0005818802
-0.0006083902
-0.0006403824
-0.0006868093
-0.0006022413
-0.0005610332
-0.0005755717
-0.0004638246
-0.0003661138
-0.0003117030
-0.0003012644
-0.0003183021
-0.0003126572
-0.0003077888
-0.0003340699
-0.0003991401
-0.0004461618
-0.0004724911
-0.0004546927
-0.0003625449
-0.0001623997
0.0000908890
0.0003233203
0.0006148266
0.0008712691
0.0010487994
0.0011861706
0.0013602120
0.0015289543
0.0016093774
0.0016308954
0.0015783654
0.0014465550
0.0012191350
0.0009579098
0.0006724856
0.0003872314
0.0001595040
-0.0000213089
-0.0002113668
-0.0004397289
-0.0006397874
-0.0008223901
-0.0009849293
-0.0010992012
-0.0011909740
-0.0012731314
-0.0013109963
-0.0013184380
-0.0013284412
-0.0012976840
-0.0012692544
-0.0012442503
-0.0012090180
-0.0011504413
-0.0010986689
-0.0010564488
-0.0009753946
-0.0008537572
-0.0006955363
-0.0005192876
-0.0003545669
-0.0001729107
-0.0000051246
0.0001448335
0.0002175905
0.0002723456
0.0003369687
0.0003857093
0.0004018512
0.0003379616
0.0001946850
0.0000577006
-0.0001363680
-0.0002702953
-0.0003718510
-0.0005111201
-0.0006057085
-0.0006384844
-0.0006209547
-0.0005714017
-0.0005356944
-0.0004787227
-0.0004587344
-0.0004085870
-0.0003033568
-0.0001776880
0.0000036349
0.0001559957
0.0003068051
0.0004705356
0.0005918554
0.0006899269
0.0008055934
0.0008805354
0.0009569962
0.0010387366
0.0010282779
0.0010032956
0.0009932168
0.0009325329
0.0008110816
0.0006526612
0.0004982440
0.0003534253
0.0001276312
-0.0001029229
-0.0002628681
-0.0004012064
-0.0005788012
-0.0007393089
-0.0008135142
-0.0007801759
-0.0007222280
-0.0006670930
-0.0005864258
-0.0004655373
-0.0003395275
-0.0001544640
0.0000232197
0.0001672421
0.0003416174
0.0005324166
0.0007032317
0.0008509973
0.0009033147
0.0008976358
0.0009325534
0.0009676825
0.0009761770
0.0009563751
0.0009158452
0.0008634458
0.0008245595
0.0008332802
0.0008658340
0.0008725881
0.0008686405
0.0009131812
0.0009700943
0.0010167645
0.0010527413
0.0010878783
0.0011140730
0.0011619005
0.0012046515
0.0012022717
0.0011877526
0.0011795491
0.0011060370
0.0009759989
0.0008095650
0.0006174514
0.0003776606
0.0001615880
-0.0000249294
-0.0002585997
-0.0005135399
-0.0007398230
-0.0009672684
-0.0011760025
-0.0012850735
-0.0013124017
-0.0012479774
-0.0011226560
-0.0010116951
-0.0008409787
-0.0006192536
-0.0003837837
-0.0001311526
0.0000885368
0.0003306151
0.0005904730
0.0008521809
0.0010427713
0.0011593779
0.0011738278
0.0011852474
0.0012005982
0.0011752703
0.0011431413
0.0011309208
0.0010742696
0.0009846661
0.0008841573
0.0008206044
0.0006627619
0.0005133763
0.0004530792
0.0003793279
0.0002504829
0.0001361170
0.0000208994
-0.0001272210
-0.0002440936
-0.0003240546
-0.0003848555
-0.0004475980
-0.0005388277
-0.0006193890
-0.0006543562
-0.0006534550
-0.0006848713
-0.0007577370
-0.0007031669
-0.0007055310
-0.0007986942
-0.0008364217
-0.0007822129
-0.0007747436
-0.0007581026
-0.0006846615
-0.0005606847
-0.0004955196
-0.0004702631
-0.0004300287
-0.0004061318
-0.0003460937
-0.0002963826
-0.0002520763
-0.0001720444
-0.0000474697
0.0000401269
0.0001222221
0.0002223414
0.0002724360
0.0003217981
0.0004224095
0.0004537610
0.0004071205
0.0003048348
0.0002182962
0.0002008445
0.0001742738
0.0001661527
0.0002019119
0.0001966356
0.0001430332
0.0000823945
0.0000633138
0.0000911647
0.0001264091
0.0001522210
0.0001471087
0.0001238029
0.0000516255
-0.0000572078
-0.0001528503
-0.0002835907
-0.0004707210
-0.0006188799
-0.0006332855
-0.0006036268
-0.0005761392
-0.0005024069
-0.0004339152
-0.0003781938
-0.0003001118
-0.0001621273
-0.0000161260
0.0001389365
0.0003302280
0.0005290351
0.0007192460
0.0008886246
0.0010468318
0.0011747706
0.0012956112
0.0013968402
0.0014726544
0.0015506596
0.0015934363
0.0015957555
0.0015593137
0.0014754429
0.0013861038
0.0012572753
0.0011146798
0.0009769729
0.0008211074
0.0006571086
0.0004859115
0.0003592101
0.0002399789
0.0001468734
0.0000411168
-0.0000413433
-0.0000967104
-0.0001725364
-0.0002379175
-0.0003083381
-0.0003799822
-0.0003982428
-0.0003718421
-0.0003675036
-0.0003683843
-0.0003705780
-0.0003776257
-0.0003268328
-0.0002268239
-0.0001311803
-0.0000303965
0.0000624804
0.0001117272
0.0001383667
0.0001600864
0.0001376160
0.0001352663
0.0001317043
0.0000756018
0.0000544260
0.0000596666
0.0000270853
-0.0000013943
-0.0000149807
-0.0000093303
-0.0000274277
-0.0000694179
-0.0000764535
-0.0000527387
-0.0000405449
-0.0000371778
-0.0000372002
0.0000579052
0.0001295076
0.0001672292
0.0002609622
0.0004026047
0.0005065251
0.0005272882
0.0004841505
0.0004276303
0.0003911065
0.0003133453
0.0002011201
0.0000520015
-0.0001404235
-0.0003637285
-0.0006387006
-0.0008519542
-0.0010779170
-0.0012809415
-0.0014126762
-0.0015366788
-0.0015898427
-0.0016083144
-0.0016120458
-0.0015179425
-0.0014314403
-0.0013475300
-0.0012533711
-0.0011159958
-0.0009293997
-0.0007681538
-0.0005865853
-0.0004049303
-0.0002750239
-0.0001925651
-0.0001595270
-0.0001434459
-0.0001686559
-0.0001832055
-0.0002122978
-0.0002304324
-0.0002659732
-0.0003434290
-0.0004166658
-0.0004367249
-0.0004699668
-0.0005037035
-0.0005152639
-0.0004807362
-0.0003599582
-0.0002290843
-0.0001307650
-0.0000146550
0.0000939663
0.0001601407
0.0001648139
0.0001719590
0.0002158403
0.0002640202
0.0002744286
0.0003026907
0.0003178792
0.0002019668
0.0000872081
0.0000122475
-0.0000629692
-0.0001742315
-0.0002870944
-0.0003358202
-0.0003631183
-0.0004250021
-0.0004648451
-0.0004888252
-0.0004933375
-0.0004792304
-0.0004529636
-0.0004057969
-0.0003226642
-0.0002259164
-0.0001563177
-0.0001302085
0.0000251682
0.0001430729
0.0001339041
0.0002119444
0.0003769663
0.0004755764
0.0005827142
0.0006342954
0.0006693425
0.0007139486
0.0007936270
0.0008553766
0.0009091517
0.0009640661
0.0010582059
0.0011634221
0.0012036648
0.0012374174
0.0012607505
0.0012818535
0.0013118368
0.0013091512
0.0012950845
0.0013304026
0.0013300526
0.0012862540
0.0012647934
0.0012246943
0.0011754392
0.0010769553
0.0009444414
0.0008079465
0.0006571194
0.0005352889
0.0004267100
0.0002931087
0.0001697854
0.0000258571
-0.0001154968
-0.0002426243
-0.0003160449
-0.0003715334
-0.0004246392
-0.0004114835
-0.0004088505
-0.0004493962
-0.0004692492
-0.0004725718
-0.0004996985
-0.0005114971
-0.0005009497
-0.0005235892
-0.0005695155
-0.0005873717
-0.0005884891
-0.0005796873
-0.0005747949
-0.0005517829
-0.0005649142
-0.0005585453
-0.0005893707
-0.0006907069
-0.0008142179
-0.0008729788
-0.0009224263
-0.0009702485
-0.0009443820
-0.0008800718
-0.0008184544
-0.0008116515
-0.0008676591
-0.0009154518
-0.0009161405
-0.0008701561
-0.0007773531
-0.0005736875
-0.0004159590
-0.0002962798
-0.0002005349
-0.0001495650
-0.0000423139
0.0000556512
0.0001282644
0.0002922807
0.0004494163
0.0005119235
0.0005206451
0.0004890752
0.0004211178
0.0003114807
0.0001676715
0.0000539136
-0.0000361324
-0.0000922056
-0.0001152131
-0.0000717390
-0.0000794982
-0.0001062171
-0.0001033596
-0.0001080427
-0.0001199491
-0.0001016336
-0.0000573616
0.0000635325
0.0001859633
0.0002579754
0.0002895613
0.0003312226
0.0003021243
0.0002399519
0.0002104638
0.0001707245
0.0002266912
0.0002515601
0.0001829580
0.0000991089
-0.0000603366
-0.0002952081
-0.0004370813
-0.0005080850
-0.0005522267
-0.0005747823
-0.0006431909
-0.0007265969
-0.0008628238
-0.0010091019
-0.0011115500
-0.0011618658
-0.0011637208
-0.0011304021
-0.0010827408
-0.0010589687
-0.0010525314
-0.0010468152
-0.0010567055
-0.0011050010
-0.0011399448
-0.0011986519
-0.0012408086
-0.0012519752
-0.0012164947
-0.0012087294
-0.0012091214
-0.0011284093
-0.0010728054
-0.0010158412
-0.0008969192
-0.0007679132
-0.0005954994
-0.0005019168
-0.0004835176
-0.0004340555
-0.0004251872
-0.0004502027
-0.0004894666
-0.0005527723
-0.0006426564
-0.0007470377
-0.0008717700
-0.0009770268
-0.0010599828
-0.0012162186
-0.0013378784
-0.0013786462
-0.0014366354
-0.0015020547
-0.0015823745
-0.0016006345
-0.0015772088
-0.0015464854
-0.0015066226
-0.0014659409
-0.0014028482
-0.0012925799
-0.0011494158
-0.0009503512
-0.0007139345
-0.0005281128
-0.0003872026
-0.0002945191
-0.0001780066
-0.0000751658
-0.0000124394
0.0001016838
0.0002697091
0.0004100584
0.0005369301
0.0006535193
0.0007641624
0.0008451229
0.0008992762
0.0009665347
0.0010430079
0.0011185818
0.0011675234
0.0011888408
0.0011543327
0.0011354765
0.0011018384
0.0010286311
0.0010755209
0.0011093187
0.0010615545
0.0010796556
0.0011616049
0.0011667895
0.0011289568
0.0011619233
0.0011676387
0.0011661859
0.0011736149
0.0012005467
0.0011993897
0.0011621326
0.0011598427
0.0011460817
0.0010837455
0.0009978781
0.0008802680
0.0008047152
0.0007127290
0.0005816658
0.0004337681
0.0003290291
0.0002353818
0.0001019692
0.0000272115
0.0000329478
0.0000079507
0.0000165552
0.0000520870
0.0001245905
0.0002426372
0.0003512408
0.0004363435
0.0004735194
0.0004888651
0.0004603269
0.0003991017
0.0003341867
0.0002805607
0.0002047675
0.0000600820
-0.0000737705
-0.0002385307
-0.0003882495
-0.0005410841
-0.0006372469
-0.0006920698
-0.0007461617
-0.0007432780
-0.0007177710
-0.0006919361
-0.0006447546
-0.0005502769
-0.0004512718
-0.0003323765
-0.0002101352
-0.0000835987
0.0000561804
0.0001175220
0.0000883982
0.0000790312
0.0000941120
0.0000496399
-0.0000381817
-0.0001472604
-0.0002410780
-0.0003233303
-0.0004147528
-0.0004881990
-0.0004951639
-0.0004280537
-0.0003344595
-0.0001658406
0.0000795070
0.0002954717
0.0005134615
0.0007190255
0.0009284722
0.0011762605
0.0014107287
0.0016160911
0.0017579773
0.0018541770
0.0018657054
0.0018162683
0.0017849030
0.0017291372
0.0016144226
0.0015042502
0.0013736206
0.0012344027
0.0010819713
