0.0002710355
0.0003786346
0.0004246555
0.0003566376
0.0002165356
0.0000487898
-0.0000983665
-0.0002094877
-0.0002715852
-0.0003006208
-0.0003289444
-0.0003630735
-0.0003931989
-0.0003838991
-0.0003283989
-0.0003009699
-0.0003211495
-0.0003427129
-0.0003426244
-0.0003052262
-0.0002135750
-0.0001079560
-0.0000324595
0.0000268291
0.0000852169
0.0001083572
0.0001189048
0.0001815551
0.0002893359
0.0003796972
0.0003836202
0.0002560695
0.0000456299
-0.0002119255
-0.0004789017
-0.0006601643
-0.0006357993
-0.0004788924
-0.0003190429
-0.0001710062
-0.0000045608
0.0002415986
0.0005775354
0.0008674552
0.0010444454
0.0009743678
0.0007420031
0.0005098116
0.0003813229
0.0003493133
0.0004784173
0.0006698425
0.0007624490
0.0007124724
0.0005177021
0.0002492872
0.0001028292
0.0000554636
0.0001122851
0.0001476662
0.0000598856
-0.0001164084
-0.0003372090
-0.0005734838
-0.0007509574
-0.0007197430
-0.0004133582
0.0001313479
0.0008249862
0.0014538467
0.0018846375
0.0020038063
0.0017283270
0.0011237663
0.0004289998
-0.0002539600
-0.0009176778
-0.0013810010
-0.0015716727
-0.0014759009
-0.0009637417
-0.0002016428
0.0005935622
0.0011601684
0.0014747796
0.0014258260
0.0011134922
0.0008146730
0.0006208346
0.0004531449
0.0003293337
0.0003053716
0.0004921763
0.0009700889
0.0016551670
0.0022983172
0.0026079326
0.0023234437
0.0014359240
0.0002065804
-0.0010579222
-0.0020976055
-0.0025477693
-0.0024653554
-0.0019619528
-0.0013076700
-0.0007291208
-0.0003971702
-0.0002782046
-0.0003283319
-0.0003432211
-0.0002059217
-0.0000828048
-0.0000962953
-0.0001815371
-0.0002775417
-0.0003035025
-0.0002672043
-0.0000685480
0.0003252865
0.0006506946
0.0006460655
0.0002395542
-0.0004546351
-0.0012489120
-0.0017662051
-0.0018328010
-0.0015349546
-0.0011557424
-0.0008451691
-0.0004678689
-0.0001496090
0.0001397897
0.0004130026
0.0007160419
0.0009999148
0.0011990781
0.0012988869
0.0013714257
0.0014358211
0.0015425767
0.0015760472
0.0013163499
0.0008375476
0.0002324880
-0.0003064512
-0.0006769849
-0.0007814295
-0.0006568829
-0.0003453119
-0.0000505541
0.0000109204
-0.0000142693
-0.0000829863
0.0001599262
0.0006571108
0.0011494514
0.0017147594
0.0021558085
0.0023891953
0.0022410237
0.0017037431
0.0009267630
0.0000247833
-0.0008576740
-0.0016647984
-0.0022208664
-0.0023530151
-0.0020009262
-0.0012792570
-0.0004337633
0.0003001795
0.0009349572
0.0010683853
0.0007137613
0.0000699687
-0.0004324530
-0.0007805082
-0.0007206902
0.0000423405
0.0012209746
0.0027960296
0.0041358202
0.0042889106
0.0031208250
0.0009791277
-0.0013665618
-0.0034802376
-0.0050430611
-0.0055934083
-0.0055991298
-0.0051089459
-0.0040849359
-0.0026702800
-0.0010065031
0.0004302635
0.0012095020
0.0016874572
0.0019710480
0.0020520253
0.0019729113
0.0017509533
0.0015234469
0.0013866559
0.0013046308
0.0012919750
0.0012745453
0.0010082357
0.0003895014
-0.0005185915
-0.0016391372
-0.0027296124
-0.0035071429
-0.0038545722
-0.0038681569
-0.0032788584
-0.0019202886
-0.0000456772
0.0019545132
0.0036347075
0.0045122662
0.0042544446
0.0027931214
0.0008356841
-0.0008844990
-0.0020371175
-0.0026890962
-0.0029826906
-0.0026990266
-0.0018247368
-0.0007225472
0.0004056254
0.0013515820
0.0018114589
0.0015915779
0.0008046183
-0.0000935158
-0.0009005644
-0.0014938951
-0.0017247093
-0.0012874464
-0.0001013288
0.0013886882
0.0027851896
0.0037523599
0.0040033871
0.0036390012
0.0027079708
0.0015657080
0.0005875715
-0.0000061442
-0.0002270500
-0.0002565220
0.0000822383
0.0007103928
0.0013454784
0.0018352795
0.0021796363
0.0020522108
0.0014554710
0.0006083867
-0.0003829732
-0.0014398243
-0.0025590973
-0.0034388502
-0.0039465293
-0.0039132209
-0.0032007482
-0.0018454312
-0.0002336409
0.0013487471
0.0025477229
0.0031855985
0.0033247493
0.0029030779
0.0021087722
0.0012410471
0.0005113032
0.0001522293
0.0003379744
0.0008696432
0.0013525454
0.0016232627
0.0015245394
0.0010248119
0.0004954131
0.0003105845
0.0004054390
0.0007664034
0.0012857263
0.0017395388
0.0020929005
0.0022718959
0.0021870397
0.0018822810
0.0015174399
0.0013342655
0.0012506045
0.0010060036
0.0006835571
0.0003851735
0.0001509437
-0.0001569856
-0.0004700164
-0.0005868100
-0.0005012834
-0.0003098510
-0.0001709885
-0.0000688853
0.0001422007
0.0004477328
0.0007153896
0.0008725743
0.0010614378
0.0013214518
0.0015255435
0.0016117487
0.0015246559
0.0010840601
0.0000848942
-0.0014476261
-0.0034876209
-0.0058471581
-0.0085044262
-0.0113939758
-0.0141050383
-0.0167467209
-0.0194528303
-0.0221449757
-0.0249035686
-0.0275955689
-0.0300983186
-0.0324620546
-0.0345232399
-0.0361988252
-0.0374342174
-0.0381506227
-0.0385629041
-0.0386599091
-0.0384351640
-0.0378853412
-0.0371925721
-0.0365318085
-0.0358664872
-0.0351145269
-0.0341361072
-0.0324986584
-0.0296210579
-0.0253094167
-0.0197733744
-0.0131102387
-0.0062901464
-0.0009040239
0.0036545906
0.0071400072
0.0089177442
0.0081663586
0.0046081116
-0.0011389581
-0.0086118597
-0.0174547023
-0.0269147792
-0.0353665181
-0.0410969737
-0.0449130625
-0.0474616526
-0.0488004429
-0.0498168579
-0.0504103431
-0.0502613063
-0.0495464539
-0.0485406268
-0.0471547659
-0.0450104709
-0.0415460001
-0.0365179132
-0.0293407719
-0.0192760633
-0.0061289910
0.0093682670
0.0258717433
0.0421741328
0.0572307439
0.0705776668
0.0819179369
0.0913290373
0.0998998242
0.1062182795
0.1098615138
0.1116096814
0.1115220946
0.1095823773
0.1058907615
0.1004401684
0.0932157346
0.0860772339
0.0813244921
0.0788098638
0.0772111162
0.0761815117
0.0754482465
0.0754649249
0.0766030500
0.0784521754
0.0804418472
0.0815904996
0.0810074611
0.0787231844
0.0752581288
0.0707810950
0.0655515563
0.0596758553
0.0526433543
0.0444098666
0.0341561132
0.0169729443
-0.0108238122
-0.0462181935
-0.0795522648
-0.1069169375
-0.1265909674
-0.1366133003
-0.1356494012
-0.1292941404
-0.1236259213
-0.1214632135
-0.1213945839
-0.1206278611
-0.1193026031
-0.1191672599
-0.1197818402
-0.1197028446
-0.1165251739
-0.1076835393
-0.0935050354
-0.0781763262
-0.0635961287
-0.0507740413
-0.0386325017
-0.0249740536
-0.0079828558
0.0092376046
0.0254747084
0.0384834447
0.0520015078
0.0615192331
0.0662847408
0.0694379889
0.0746749088
0.0838398464
0.0958680858
0.1074450401
0.1151988672
0.1169644997
0.1129586764
0.1060855581
0.0968075018
0.0867612907
0.0761705407
0.0639202787
0.0494920423
0.0320296059
0.0138119742
0.0033634827
0.0018813525
-0.0027465832
-0.0119594506
-0.0214280259
-0.0264924947
-0.0259589268
-0.0222239511
-0.0176358556
-0.0128995341
-0.0074401883
-0.0001042777
0.0100099965
0.0220962514
0.0321683372
0.0343253577
0.0288064174
0.0195593866
0.0101223045
0.0032211334
-0.0034729431
-0.0116609554
-0.0199876728
-0.0270466536
-0.0323638194
-0.0363672832
-0.0398528490
-0.0430807567
-0.0455181238
-0.0475450447
-0.0491651294
-0.0498570716
-0.0488735093
-0.0450883371
-0.0375818828
-0.0268311249
-0.0142977939
-0.0027615030
0.0067207458
0.0122218259
0.0153462730
0.0175667118
0.0184861884
0.0180633533
0.0158242677
0.0112506927
0.0044348840
-0.0032374367
-0.0110289243
-0.0178720094
-0.0227179305
-0.0258507289
-0.0274566762
-0.0277227039
-0.0269163724
-0.0252039615
-0.0226793100
-0.0191898660
-0.0140179697
-0.0076523086
-0.0007452271
0.0056552435
0.0104454462
0.0150168209
0.0188354831
0.0218659603
0.0237470913
0.0246059387
0.0246932633
0.0239476356
0.0225053464
0.0204708223
0.0175562046
0.0134367906
0.0085497382
0.0040048472
0.0007819698
-0.0018067705
-0.0041418199
-0.0066219116
-0.0088464909
-0.0100567283
-0.0101491110
-0.0094878715
-0.0083664753
-0.0070157076
-0.0053672112
-0.0033201410
-0.0006804688
0.0020991685
0.0050492303
0.0072506312
0.0089995249
0.0101941911
0.0105074487
0.0098629603
0.0086833873
0.0074656718
0.0060844917
0.0043226849
0.0023628507
0.0005636851
-0.0011903504
-0.0025259724
-0.0036488429
-0.0043974332
-0.0051204151
-0.0058450305
-0.0064446687
-0.0067038617
-0.0067803888
-0.0066172550
-0.0062009320
-0.0056629151
-0.0050203628
-0.0042115627
-0.0032964888
-0.0022982990
-0.0012723114
-0.0001072446
0.0013058651
0.0024144106
0.0033806572
0.0040434052
0.0045292229
0.0042772377
0.0032673429
0.0018873204
0.0003555502
-0.0014406815
-0.0028249193
-0.0039237664
-0.0047627287
-0.0050964058
-0.0048626681
-0.0043405371
-0.0035655093
-0.0026687211
-0.0015934991
-0.0004892931
0.0004653512
0.0010507566
0.0012385450
0.0016407546
0.0022442243
0.0028825919
0.0034906319
0.0036920797
0.0034247169
0.0025873074
0.0016073950
0.0005454982
-0.0006355509
-0.0018588130
-0.0028958338
-0.0036933542
-0.0043053369
-0.0045411479
-0.0046646387
-0.0047912998
-0.0046630394
-0.0043612953
-0.0039694011
-0.0034727495
-0.0029774814
-0.0026345515
-0.0029171185
-0.0038752760
-0.0049692566
-0.0059473254
-0.0066738930
-0.0073354108
-0.0078566988
-0.0083020467
-0.0084192533
-0.0080179772
-0.0071655552
-0.0056502642
-0.0035974786
-0.0011481401
0.0013720993
0.0034359622
0.0053123398
0.0071223627
0.0086756007
0.0097367307
0.0104237017
0.0107421868
0.0104374277
0.0094909995
0.0080323041
0.0062220735
0.0042645162
0.0025579579
0.0013248181
0.0004957392
-0.0000186595
-0.0002128649
-0.0000816174
0.0003628089
0.0007232331
0.0011512834
0.0013717264
0.0012346805
0.0008300599
0.0002534330
-0.0004878560
-0.0015547267
-0.0029066798
-0.0043945231
-0.0057898586
-0.0070156431
-0.0081013652
-0.0091771388
-0.0103556712
-0.0112068670
-0.0113367509
-0.0106923048
-0.0092696143
-0.0072382505
-0.0049328183
-0.0025996660
-0.0005880642
0.0010048296
0.0021829094
0.0029278535
0.0033834343
0.0034482482
0.0033525923
0.0032330624
0.0032470243
0.0033736693
0.0033820669
0.0031764405
0.0025869969
0.0017302207
0.0006697680
-0.0005417194
-0.0017286960
-0.0026015758
-0.0030640982
-0.0033833234
-0.0033539799
-0.0028741055
-0.0023257408
-0.0016890000
-0.0008250737
0.0002628255
0.0014781226
0.0025359573
0.0032975475
0.0038053678
0.0042662728
0.0045624446
0.0047368419
0.0050384670
0.0053759497
0.0054911356
0.0052426374
0.0047075972
0.0039732087
0.0032356599
0.0026469403
0.0021745480
0.0019396352
0.0018523464
0.0017522697
0.0017835531
0.0019904845
0.0024739628
0.0032459957
0.0041673559
0.0050023473
0.0056544307
0.0061006558
0.0062710257
0.0061339360
0.0056924845
0.0050801771
0.0042800007
0.0032831904
0.0022083949
0.0011085700
0.0000122153
-0.0009580327
-0.0018580090
-0.0026111816
-0.0031518585
-0.0035605784
-0.0038654968
-0.0041720992
-0.0045703381
-0.0050004213
-0.0053181783
-0.0055318575
-0.0057201320
-0.0058761528
-0.0060515624
-0.0061492673
-0.0061499651
-0.0063211477
-0.0066328101
-0.0069265034
-0.0071947696
-0.0073540212
-0.0072721619
-0.0069181278
-0.0063884462
-0.0057771451
-0.0050994975
-0.0044023541
-0.0036599732
-0.0028305742
-0.0018751391
-0.0008247012
0.0001078596
0.0008806110
0.0016564664
0.0024908772
0.0033401027
0.0041128939
0.0046729497
0.0050478388
0.0054768168
0.0059019952
0.0062894304
0.0065034324
0.0066485366
0.0068596062
0.0068895487
0.0066751797
0.0065016314
0.0063925966
0.0061439713
0.0058638910
0.0056199002
0.0054283122
0.0052409413
0.0049577350
0.0044268877
0.0039128437
0.0034930843
0.0030263267
0.0023100828
0.0015326152
0.0006404967
-0.0005442909
-0.0016730266
-0.0027163443
-0.0036219335
-0.0042133153
-0.0045120565
-0.0046934377
-0.0050044810
-0.0052111259
-0.0050727011
-0.0046126190
-0.0039199588
-0.0028241872
-0.0016294165
-0.0005728620
0.0001367283
0.0005929445
0.0010014607
0.0011037844
0.0007832351
0.0000871818
-0.0007299529
-0.0015936043
-0.0025350417
-0.0034260661
-0.0043159470
-0.0049630088
-0.0054409673
-0.0058508790
-0.0060731617
-0.0061198693
-0.0059669724
-0.0057924199
-0.0053829336
-0.0048959523
-0.0045744886
-0.0042588350
-0.0036590193
-0.0027393371
-0.0015035060
-0.0002722511
0.0008542107
0.0021201446
0.0033885124
0.0046947405
0.0060177761
0.0069285705
0.0076868049
0.0083997878
0.0088417233
0.0089167237
0.0086010440
0.0083065783
0.0079462802
0.0074434030
0.0068709907
0.0062111972
0.0055223829
0.0049465280
0.0044433583
0.0040440264
0.0035611773
0.0031278916
0.0026866902
0.0021070418
0.0015332263
0.0010510859
0.0007573960
0.0006904537
0.0007469213
0.0008961388
0.0012443354
0.0017812677
0.0024354835
0.0030543816
0.0037958408
0.0045447901
0.0050532315
0.0055732188
0.0060740974
0.0064406332
0.0066531549
0.0068236982
0.0069707122
0.0070900143
0.0070718657
0.0070634176
0.0071307826
0.0072904638
0.0074944506
0.0076336861
0.0077291302
0.0076125043
0.0072652949
0.0066906965
0.0059793492
0.0050006290
0.0037135357
0.0021683647
0.0004226362
-0.0013868638
-0.0031506283
-0.0048973620
-0.0065827043
-0.0079609399
-0.0092156545
-0.0101789889
-0.0109117620
-0.0114139133
-0.0117714222
-0.0119030142
-0.0117783880
-0.0113361217
-0.0105626186
-0.0096517031
-0.0084579787
-0.0072398215
-0.0060963683
-0.0049491316
-0.0039961450
-0.0032119310
-0.0025558665
-0.0019178655
-0.0014656664
-0.0010697028
-0.0006242402
-0.0001761109
0.0002705762
0.0006441357
0.0008878160
0.0009460218
0.0009836041
0.0010364089
0.0009141184
0.0004402491
-0.0003425467
-0.0012242820
-0.0021784504
-0.0032131572
-0.0042618561
-0.0053024114
-0.0062904630
-0.0071598418
-0.0079031927
-0.0085022582
-0.0088929383
-0.0090395611
-0.0089849096
-0.0088065272
-0.0084142296
-0.0077140591
-0.0067503717
-0.0057189804
-0.0046105982
-0.0034957685
-0.0026211463
-0.0019807427
-0.0014750759
-0.0010023464
-0.0006825546
-0.0005465618
-0.0004779107
-0.0004973919
-0.0008124140
-0.0013277985
-0.0017369560
-0.0020865719
-0.0023651841
-0.0024556851
-0.0024545558
-0.0025175425
-0.0026562980
-0.0026972659
-0.0026822050
-0.0025456981
-0.0022088104
-0.0017600335
-0.0012393067
-0.0005657772
0.0000892444
0.0006506905
0.0011660060
0.0016916266
0.0022687619
0.0027942004
0.0032169830
0.0034528806
0.0036518700
0.0038057288
0.0039328619
0.0040297620
0.0040197993
0.0039850994
0.0039415701
0.0039165525
0.0037682316
0.0035555325
0.0034271592
0.0033312835
0.0032896097
0.0033852151
0.0035076411
0.0035507468
0.0035191324
0.0035696416
0.0037301032
0.0039277555
0.0041802690
0.0044410996
0.0045336234
0.0043944585
0.0041292758
0.0036809069
0.0030831584
0.0024083080
0.0016533140
0.0007709701
-0.0000739554
-0.0007605071
-0.0013757091
-0.0018594610
-0.0020749535
-0.0021526120
-0.0021108817
-0.0018305382
-0.0015282469
-0.0013078011
-0.0011366720
-0.0009379026
-0.0007514295
-0.0007258989
-0.0008230961
-0.0009550029
-0.0010735058
-0.0012697011
-0.0015580436
-0.0018742663
-0.0021901798
-0.0024233891
-0.0025965522
-0.0026159834
-0.0022174158
-0.0015704149
-0.0009086277
-0.0001412069
0.0006125843
0.0014167690
0.0022318476
0.0030134519
0.0035701780
0.0038302180
0.0038712909
0.0035993300
0.0030436102
0.0023110387
0.0013781695
0.0001266395
-0.0013621419
-0.0029419465
-0.0044106005
-0.0055224656
-0.0062393166
-0.0067138768
-0.0070277435
-0.0070947032
-0.0067860740
-0.0062077183
-0.0053675318
-0.0043857624
-0.0033167590
-0.0021733420
-0.0009152807
0.0002346491
0.0011844541
0.0020341227
0.0027998331
0.0034193645
0.0037954999
0.0040756448
0.0043254075
0.0044448164
0.0044413396
0.0045387379
0.0046458750
0.0046715864
0.0046352306
0.0045002263
0.0042867567
0.0041805352
0.0042570442
0.0043172074
0.0043560478
0.0042660045
0.0040223001
0.0038502886
0.0037678364
0.0035810785
0.0032317697
0.0027567314
0.0022328741
0.0019157469
0.0016995848
0.0013724726
0.0009376495
0.0004977467
0.0000057365
-0.0005279052
-0.0010648203
-0.0016144219
-0.0021416470
-0.0025623685
-0.0028324014
-0.0030134579
-0.0031534981
-0.0032489865
-0.0031724171
-0.0028986492
-0.0023644641
-0.0016555125
-0.0009497419
-0.0001715601
0.0006332950
0.0015524930
0.0024754975
0.0032820348
0.0041958584
0.0051259308
0.0059164935
0.0067757321
0.0076579373
0.0085427704
0.0094905155
0.0103763125
0.0111410045
0.0116450010
0.0120180045
0.0122752049
0.0120753322
0.0115455820
0.0109439391
0.0102007616
0.0092524982
0.0080406413
0.0067467335
0.0056237663
0.0043545655
0.0031000546
0.0019156804
0.0007774011
-0.0002834989
-0.0012075992
-0.0018806430
-0.0023414552
-0.0025576997
-0.0026927041
-0.0028067949
-0.0028355475
-0.0027548034
-0.0025023464
-0.0021664831
-0.0018459959
-0.0016069757
-0.0012895103
-0.0009572538
-0.0006699413
-0.0003966826
-0.0001920408
-0.0001168213
-0.0000711038
-0.0001058182
-0.0000854177
-0.0001747770
-0.0002048589
-0.0001961385
-0.0001619421
-0.0000516740
0.0001068720
0.0002215403
0.0003693084
0.0004762531
0.0005900073
0.0006141434
0.0006464376
0.0007437607
0.0007989263
0.0006811513
0.0006084228
0.0005264539
0.0004058244
0.0004032372
0.0004168786
0.0004054806
0.0004172573
0.0005391299
0.0007975602
0.0010686918
0.0013628947
0.0017350379
0.0021314443
0.0024052062
0.0026633323
0.0029659981
0.0032438055
0.0034023815
0.0033611050
0.0031670627
0.0028808454
0.0026422292
0.0021945742
0.0016355920
0.0010052126
0.0002229355
-0.0005774118
-0.0013730026
-0.0021442264
-0.0028454436
-0.0034421496
-0.0039625059
-0.0042934483
-0.0046924414
-0.0051961516
-0.0055560806
-0.0057616546
-0.0060576651
-0.0062933348
-0.0066014337
-0.0068782429
-0.0072472431
-0.0075388491
-0.0077793751
-0.0080480649
-0.0083369866
-0.0086290161
-0.0088400071
-0.0088617434
-0.0087239439
-0.0087104559
-0.0087313312
-0.0086547012
-0.0084927916
-0.0083469352
-0.0081013047
-0.0078205428
-0.0075554609
-0.0072719380
-0.0069892642
-0.0067491798
-0.0066341209
-0.0066335260
-0.0065837449
-0.0064315519
-0.0062597098
-0.0062446044
-0.0063088435
-0.0063917717
-0.0064568639
-0.0063739841
-0.0063197702
-0.0061255968
-0.0059789135
-0.0058761386
-0.0055095121
-0.0048774609
-0.0041177784
-0.0033253785
-0.0027287795
-0.0021124184
-0.0014958920
-0.0011321363
-0.0007123313
-0.0004130427
-0.0001948841
-0.0000492913
0.0000623296
0.0003280024
0.0005886186
0.0007522764
0.0005879890
0.0005827130
0.0006668276
0.0011723581
0.0018143991
0.0022985047
0.0026300542
0.0028325708
0.0030700294
0.0032651446
0.0033517332
0.0033971199
0.0032608772
0.0031489947
0.0028420999
0.0023184039
0.0016066458
0.0009154947
0.0001090287
-0.0006650713
-0.0012686391
-0.0016903510
-0.0020513335
-0.0023867208
-0.0026623280
-0.0027772921
-0.0026729280
-0.0025516979
-0.0025689551
-0.0026093120
-0.0026066621
-0.0025994946
-0.0026242097
-0.0027180827
-0.0028366043
-0.0028683860
-0.0029509613
-0.0031324756
-0.0032676918
-0.0033919510
-0.0033898858
-0.0033560067
-0.0033559684
-0.0033879377
-0.0034266893
-0.0034196549
-0.0032928183
-0.0030124153
-0.0027194924
-0.0024666158
-0.0022410903
-0.0020689981
-0.0019376473
-0.0018000701
-0.0018282952
-0.0019276836
-0.0020703413
-0.0022077798
-0.0024435645
-0.0027151221
-0.0029509492
-0.0031396330
-0.0032660058
-0.0033588704
-0.0032386508
-0.0029800205
-0.0027390386
-0.0024878279
-0.0021300730
-0.0016300088
-0.0010594699
-0.0003882141
0.0004107519
0.0011455575
0.0017172964
0.0021702161
0.0025433083
0.0028503302
0.0032550973
0.0036145039
0.0036953185
0.0037276226
0.0035708920
0.0034815102
0.0037078445
0.0040072734
0.0041369999
0.0040650206
0.0040317445
0.0040511717
0.0040760179
0.0040770323
0.0040482111
0.0040278118
0.0041040888
0.0043739080
0.0047899083
0.0050633757
0.0054271466
0.0059701226
0.0065043823
0.0070459224
0.0075670854
0.0078328670
0.0079001797
0.0080431703
0.0080318463
0.0079001151
0.0076706872
0.0074409083
0.0071156248
0.0065355409
0.0057094150
0.0047156742
0.0039041637
0.0032876433
0.0025625843
0.0018158192
0.0011650805
0.0005730756
0.0001653752
-0.0001611482
-0.0002590881
-0.0002378718
-0.0003520568
-0.0003492086
-0.0002782118
-0.0002832992
-0.0001790635
-0.0001870634
-0.0002743516
-0.0003191915
-0.0002767041
-0.0004003337
-0.0006030270
-0.0009518449
-0.0013744762
-0.0019812045
-0.0024000414
-0.0026025035
-0.0028461455
-0.0031276153
-0.0034201308
-0.0036638171
-0.0038685502
-0.0040881727
-0.0043923168
-0.0045204824
-0.0045801173
-0.0045213798
-0.0044629227
-0.0044908767
-0.0043316190
-0.0041312502
-0.0038715914
-0.0033155691
-0.0026603819
-0.0020129276
-0.0014263689
-0.0007134068
0.0000836361
0.0006492863
0.0011782926
0.0017472706
0.0022499377
0.0026163807
0.0028483054
0.0031223456
0.0032244005
0.0032864857
0.0033349237
0.0032655883
0.0033260440
0.0034205886
0.0034219721
0.0035564320
0.0036614555
0.0037236174
0.0037150765
0.0038104339
0.0038399448
0.0038541305
0.0039939186
0.0042460328
0.0044641771
0.0046564588
0.0049246989
0.0050836016
0.0053438493
0.0056573066
0.0059135148
0.0060480614
0.0060483800
0.0060630901
0.0060897473
0.0060166527
0.0057525873
0.0053489355
0.0047967732
0.0041715386
0.0035099926
0.0028996878
0.0022558588
0.0016469682
0.0010364178
0.0004969898
0.0002140925
-0.0000237963
-0.0002496738
-0.0003769704
-0.0003755189
-0.0001127995
0.0001916206
0.0004574091
0.0007357085
0.0010389885
0.0016270164
0.0022033571
0.0024567883
0.0024914620
0.0025958060
0.0025783067
0.0025272873
0.0025229836
0.0025891669
0.0024199869
0.0022421551
0.0019753270
0.0017412068
0.0016014527
0.0014655085
0.0012559325
0.0012035000
0.0012650052
0.0011229656
0.0011000184
0.0010690566
0.0009476590
0.0008094756
0.0008389559
0.0008362482
0.0007720894
0.0007143843
0.0006939054
0.0003966473
0.0001533949
0.0000461351
-0.0000626239
-0.0003457112
-0.0006477485
-0.0009120460
-0.0011728550
-0.0013754703
-0.0015249244
-0.0016813792
-0.0019735401
-0.0021633975
-0.0021767886
-0.0021738059
-0.0024641695
-0.0026737125
-0.0027354166
-0.0028363845
-0.0028417772
-0.0028931475
-0.0029774632
-0.0029919353
-0.0028225799
-0.0028520827
-0.0030062965
-0.0032056267
-0.0033550447
-0.0035524247
-0.0036166658
-0.0035813891
-0.0037844785
-0.0043221485
-0.0049837751
-0.0054635083
-0.0056668458
-0.0060007266
-0.0064913017
-0.0069099923
-0.0073290339
-0.0075386575
-0.0076319073
-0.0076374856
-0.0076626444
-0.0076477024
-0.0074962153
-0.0072761530
-0.0071645589
-0.0070686167
-0.0067308033
-0.0062647416
-0.0057576695
-0.0053949453
-0.0051444465
-0.0047548413
-0.0042902417
-0.0039703832
-0.0035942679
-0.0032170898
-0.0029776609
-0.0027146744
-0.0024141484
-0.0021246015
-0.0019122781
-0.0018236002
-0.0018327747
-0.0018347743
-0.0018747416
-0.0019842544
-0.0021238997
-0.0022257590
-0.0023837522
-0.0025536925
-0.0027849032
-0.0028906226
-0.0028614001
-0.0028464379
-0.0027949123
-0.0026483056
-0.0024276727
-0.0022415440
-0.0019871035
-0.0016028515
-0.0012718663
-0.0008239227
-0.0002936193
0.0001114779
0.0003880661
0.0007052511
0.0012395503
0.0016667316
0.0019926297
0.0023373128
0.0026543922
0.0030179210
0.0032732802
0.0034620628
0.0035979949
0.0037355262
0.0039099094
0.0040468902
0.0041192305
0.0040889794
0.0040763264
0.0041140152
0.0042149710
0.0043733736
0.0045044513
0.0045646449
0.0046168844
0.0047666714
0.0052239402
0.0058494693
0.0063661834
0.0066988864
0.0068331486
0.0069398602
0.0071800374
0.0074833545
0.0077619707
0.0079788566
0.0082202115
0.0083244627
0.0082479114
0.0081701380
0.0081997779
0.0081814075
0.0080882181
0.0080250681
0.0079695695
0.0077424648
0.0073724522
0.0070069590
0.0067703132
0.0066770310
0.0065096097
0.0062350108
0.0059775885
0.0057146928
0.0053695002
0.0048875748
0.0043572659
0.0039253959
0.0035718761
0.0031878351
0.0027549688
0.0023645387
0.0020503292
0.0018267703
0.0015798643
0.0012830263
0.0009175114
0.0004557594
-0.0000032573
-0.0003754088
-0.0007905903
-0.0013370617
-0.0019491255
-0.0026352594
-0.0033321789
-0.0039654543
-0.0044594539
-0.0047479460
-0.0049977148
-0.0052952581
-0.0055398922
-0.0056197651
-0.0055197551
-0.0052833633
-0.0049528928
-0.0046418859
-0.0044011581
-0.0041190812
-0.0037078465
-0.0032993808
-0.0028675390
-0.0025641674
-0.0024666481
-0.0025525026
-0.0026831105
-0.0026482572
-0.0025210778
-0.0024669829
-0.0025688946
-0.0026490579
-0.0026687715
-0.0027180525
-0.0027543940
-0.0026711532
-0.0025913127
-0.0025315447
-0.0023995352
-0.0022628932
-0.0020538887
-0.0017816162
-0.0014900844
-0.0011396702
-0.0007512077
-0.0004557189
-0.0002033445
0.0001041000
0.0004549721
0.0007519793
0.0008514990
0.0009140696
0.0010632922
0.0011205988
0.0010493959
0.0009099226
0.0007519511
0.0005217731
0.0002831510
0.0001395850
0.0000425860
-0.0001978114
-0.0006215553
-0.0011289872
-0.0015703141
-0.0019092333
-0.0022809369
-0.0026982743
-0.0032091136
-0.0037821048
-0.0043277449
-0.0048340446
-0.0052578617
-0.0055578432
-0.0058054077
-0.0060204099
-0.0061410470
-0.0061959708
-0.0061413455
-0.0060680271
-0.0059328674
-0.0056363164
-0.0053372324
-0.0050063646
-0.0047440820
-0.0046145087
-0.0044903140
-0.0042151626
-0.0038064185
-0.0034207601
-0.0032211717
-0.0031435536
-0.0030060101
-0.0028795930
-0.0028087169
-0.0027987985
-0.0027383549
-0.0027352875
-0.0028198412
-0.0028456070
-0.0029179151
-0.0029461111
-0.0029014908
-0.0028222855
-0.0027205149
-0.0026819448
-0.0024763042
-0.0020451240
-0.0016327766
-0.0011546005
-0.0006334200
-0.0000628098
0.0005958885
0.0012262280
0.0016218215
0.0018824482
0.0022106597
0.0025878338
0.0028606882
0.0028593470
0.0029040218
0.0031618595
0.0035156596
0.0036622259
0.0037226655
0.0036560527
0.0035995800
0.0037531908
0.0042114720
0.0045233320
0.0046050300
0.0045516894
0.0045028057
0.0045536234
0.0047456792
0.0050750405
0.0053454566
0.0054507726
0.0053912668
0.0052875138
0.0051927897
0.0051867637
0.0051047289
0.0048861288
0.0047182496
0.0045928449
0.0043402729
0.0040566633
0.0038508493
0.0037170731
0.0036017642
0.0033465260
0.0030476356
0.0027871095
0.0025810273
0.0024306857
0.0022988637
0.0020414737
0.0018000673
0.0016607818
0.0015418960
0.0012867230
0.0009924955
0.0007261247
0.0004891165
0.0002699033
0.0001032072
-0.0000306078
-0.0002594249
-0.0004269705
-0.0004659766
-0.0005296317
-0.0005946323
-0.0005153855
-0.0005197676
-0.0008480221
-0.0011197554
-0.0012883741
-0.0014285611
-0.0015746089
-0.0018001464
-0.0019171247
-0.0018745553
-0.0019796748
-0.0022944148
-0.0025820437
-0.0024068317
-0.0020820645
-0.0018160334
-0.0019040500
-0.0019960072
-0.0019860449
-0.0018725478
-0.0016118322
-0.0013377731
-0.0013118304
-0.0011193922
-0.0007729782
-0.0006417443
-0.0004259767
-0.0002637522
-0.0001616163
0.0000277610
0.0001455968
0.0002803026
0.0003031062
0.0003730710
0.0004688920
0.0004483128
0.0005384402
0.0004252882
0.0002682235
0.0003041985
0.0003405074
0.0003416446
0.0003214577
0.0003142493
0.0003118736
0.0003072706
0.0003018472
0.0003041396
0.0003238068
0.0003571396
0.0003606058
0.0002594015
-0.0000018164
-0.0002642040
-0.0002259672
-0.0002515294
-0.0003833870
-0.0004949799
-0.0007955825
-0.0007699835
-0.0007100868
-0.0007193707
-0.0007476032
-0.0007924635
-0.0008016749
-0.0007156752
-0.0004719712
-0.0001681240
-0.0000727925
0.0001489303
0.0004415604
0.0007479252
0.0011151342
0.0014506742
0.0016260899
0.0018601074
0.0018950798
0.0020130175
0.0021965365
0.0021697845
0.0021017096
0.0020010272
0.0018918625
0.0018042036
0.0015928372
0.0013885666
0.0013814279
0.0012042046
0.0008425523
0.0004936670
0.0002431984
0.0001186863
-0.0000827322
-0.0001988239
-0.0002166265
-0.0002872609
-0.0003516196
-0.0004232722
-0.0006781597
-0.0008281593
-0.0008948546
-0.0010230256
-0.0011355557
-0.0013699967
-0.0016879795
-0.0020623872
-0.0022418082
-0.0023566049
-0.0025094372
-0.0027576289
-0.0029387742
-0.0030536515
-0.0031532601
-0.0030926774
-0.0029660868
-0.0028508445
-0.0027731396
-0.0025666157
-0.0023563185
-0.0023238753
-0.0021609028
-0.0019184001
-0.0018203254
-0.0018045467
-0.0016772620
-0.0014898299
-0.0013675970
-0.0012690072
-0.0012878616
-0.0013128389
-0.0013067302
-0.0012877985
-0.0012698274
-0.0012656584
-0.0012717663
-0.0012728747
-0.0012638710
-0.0012748892
-0.0013517051
-0.0014841262
-0.0015522140
-0.0015433743
-0.0016058633
-0.0017343600
-0.0018067379
-0.0018080685
-0.0018735027
-0.0019989169
-0.0020658278
-0.0020649041
-0.0021363632
-0.0022763912
-0.0023517204
-0.0023213342
-0.0022949391
-0.0022958184
-0.0023115369
-0.0023337432
-0.0023458395
-0.0023223264
-0.0022267069
-0.0020775692
-0.0020003405
-0.0020534128
-0.0021301254
-0.0021980108
-0.0021877395
-0.0021322510
-0.0020613446
-0.0019044375
-0.0017959235
-0.0017509578
-0.0017459922
-0.0016351713
-0.0014059944
-0.0012007963
-0.0010474288
-0.0008410148
-0.0006538790
-0.0005659485
-0.0004395907
-0.0002286205
0.0001260771
0.0005378892
0.0007943955
0.0009563015
0.0011970153
0.0015893055
0.0019068503
0.0020613103
0.0021867473
0.0024278380
0.0027430055
0.0030089505
0.0032241948
0.0034277359
0.0036712750
0.0037874794
0.0038615238
0.0040372300
0.0041968809
0.0043259641
0.0043811178
0.0043746905
0.0043760538
0.0043921978
0.0044185807
0.0044415332
0.0044640601
0.0044813315
0.0044500378
0.0043030298
0.0040576313
0.0039261300
0.0039702501
0.0040202128
0.0040258657
0.0039673117
0.0038035225
0.0035616916
0.0034352281
0.0034599110
0.0034917230
0.0034984891
0.0034989348
0.0034685809
0.0033569021
0.0031816800
0.0030661311
0.0029579977
0.0029539380
0.0029829266
0.0030000204
0.0030065506
0.0029503946
0.0027913951
0.0025574839
0.0024029697
0.0022738058
0.0020507910
0.0018937010
0.0017718558
0.0015250440
0.0013680433
0.0012507825
0.0009728252
0.0006973207
0.0004433293
0.0001726060
-0.0001172373
-0.0003977799
-0.0006185591
-0.0007060667
-0.0006692401
-0.0007145517
-0.0008807292
-0.0010885845
-0.0011754425
-0.0012700767
-0.0012893659
-0.0014102993
-0.0016194357
-0.0017108378
-0.0018065896
-0.0017952255
-0.0018331682
-0.0019578132
-0.0021016934
-0.0021333259
-0.0022350562
-0.0023756812
-0.0023540961
-0.0023360019
-0.0023447021
-0.0023554836
-0.0023639498
-0.0023672391
-0.0023670294
-0.0023633952
-0.0023569598
-0.0023524121
-0.0023587668
-0.0023824695
-0.0024077433
-0.0023838631
-0.0022416650
-0.0019766866
-0.0017793464
-0.0018580039
-0.0019093174
-0.0018817784
-0.0018004350
-0.0016639402
-0.0015541902
-0.0015318587
-0.0014389194
-0.0013018245
-0.0011983137
-0.0009690328
-0.0007572658
-0.0007440307
-0.0006266619
-0.0004293140
-0.0003131231
-0.0002275193
-0.0002462308
-0.0002531611
-0.0002372674
-0.0002255282
-0.0002259428
-0.0002369417
-0.0002351115
-0.0001782687
-0.0000397896
0.0001349337
0.0003312403
0.0005335329
0.0005804052
0.0004979266
0.0004076445
0.0003866854
0.0005640195
0.0008955996
0.0011455517
0.0013011003
0.0014260186
0.0016060547
0.0018147766
0.0018959714
0.0019366804
0.0020778354
0.0022472272
0.0023965262
0.0025318653
0.0025760924
0.0025182907
0.0024145881
0.0023451821
0.0021784827
0.0019708915
0.0018432467
0.0017147471
0.0015657964
0.0014691747
0.0014188755
0.0013234704
0.0010533184
0.0007263746
0.0004801563
0.0003674518
0.0003862806
0.0003757353
0.0002264827
-0.0000350655
-0.0002207132
-0.0002295919
-0.0001899375
-0.0001887019
-0.0002061954
-0.0002239872
-0.0002356429
-0.0002412596
-0.0002337970
-0.0002022147
-0.0001406482
-0.0000908622
-0.0001229377
-0.0000897461
0.0000015841
0.0001393192
0.0001573653
0.0001395259
0.0001671859
0.0002797903
0.0003606068
0.0003085328
0.0001655843
-0.0000653134
-0.0002279598
-0.0002256980
-0.0001672678
-0.0001540501
-0.0002065314
-0.0003675667
-0.0006083526
-0.0007553559
-0.0007527697
-0.0007233755
-0.0007165874
-0.0007328395
-0.0007557796
-0.0008134502
-0.0008824250
-0.0008815326
-0.0007394295
-0.0007523889
-0.0008758109
-0.0009630677
-0.0008980999
-0.0008662191
-0.0007475905
-0.0007313965
-0.0007785792
-0.0007940972
-0.0007598542
-0.0006370858
-0.0004617651
-0.0003670186
-0.0003181150
-0.0003740110
-0.0004156958
-0.0006131736
-0.0007389185
-0.0007049490
-0.0007305230
-0.0009124010
-0.0011904864
-0.0013016606
-0.0012466061
-0.0012260019
-0.0012268481
-0.0012385688
-0.0012540168
-0.0012727763
-0.0012997330
-0.0012942616
-0.0011898535
-0.0009302566
-0.0006129933
-0.0005517283
-0.0004800294
-0.0004372920
-0.0002812984
-0.0000333291
0.0001665429
0.0003093571
0.0002766866
0.0003575545
0.0003664481
0.0004442193
0.0006656604
0.0009107442
0.0009869279
0.0009368382
0.0009270717
0.0009562888
0.0010255002
0.0011154190
0.0011467403
0.0010945006
0.0011395311
0.0010292644
0.0006994056
0.0005242355
0.0005296071
0.0005718509
0.0004877794
0.0002659979
0.0000376736
-0.0001114916
-0.0002855195
-0.0004708799
-0.0005143307
-0.0004848529
-0.0004921458
-0.0005292830
-0.0005663589
-0.0005602427
-0.0004481013
-0.0002126368
0.0000195349
0.0001103557
0.0001316442
0.0001425396
0.0002546946
0.0003409218
0.0003027103
0.0001859744
0.0000148230
-0.0000886096
-0.0001462737
-0.0003998470
-0.0006930995
-0.0009221487
-0.0010020278
-0.0010386566
-0.0011933253
-0.0013430587
-0.0014614450
-0.0015203540
-0.0015717354
-0.0016433661
-0.0016192490
-0.0015861372
-0.0015097849
-0.0014769664
-0.0014921254
-0.0015056230
-0.0015081988
-0.0014846336
-0.0014295870
-0.0013575792
-0.0013534788
-0.0015026041
-0.0014933445
-0.0012920353
-0.0010087078
-0.0008802871
-0.0008859670
-0.0008026740
-0.0007310143
-0.0008587024
-0.0009137197
-0.0007434846
-0.0005653674
-0.0004378071
-0.0002265892
0.0000188524
0.0002448366
0.0004321896
0.0007037825
0.0009364070
0.0010567011
0.0011652429
0.0012392541
0.0013485842
0.0015762418
0.0017834470
0.0019025288
0.0021375187
0.0023985429
0.0023178795
0.0024308672
0.0028465992
0.0032448260
0.0034613650
0.0033577007
0.0033117151
0.0033959018
0.0035891757
0.0038176276
0.0039122750
0.0039745599
0.0039509137
0.0039483161
0.0039667652
0.0039791903
0.0039952980
0.0040026954
0.0040026813
0.0039722487
0.0039227701
0.0039025221
0.0039742050
0.0039152457
0.0036830810
0.0035081634
0.0034610101
0.0033613046
0.0031484119
0.0029697835
0.0028308868
0.0025394543
0.0021923256
0.0019112974
0.0017482023
0.0014300758
0.0010466622
0.0007575608
0.0006744626
0.0005154228
0.0003881225
0.0002674047
0.0002487590
0.0002397805
0.0002474745
0.0003439861
0.0004782011
0.0005175974
0.0004056476
0.0002676939
0.0001838073
0.0001513371
0.0000649143
-0.0000082404
-0.0001303475
-0.0004592972
-0.0008829623
-0.0012078023
-0.0015045565
-0.0018499102
-0.0021334611
-0.0022807877
-0.0025568587
-0.0028939300
-0.0031654795
-0.0032833235
-0.0032076192
-0.0032029646
-0.0033199091
-0.0035899057
-0.0039055109
-0.0039625845
-0.0041006140
-0.0042101429
-0.0040800050
-0.0040616204
-0.0040081204
-0.0038794788
-0.0038192087
-0.0038684312
-0.0038895464
-0.0038189263
-0.0036215483
-0.0033549580
-0.0032511082
-0.0031944923
-0.0030241648
-0.0028867686
-0.0027790063
-0.0027792745
-0.0027583569
-0.0026121052
-0.0023917546
-0.0022651116
-0.0021675742
-0.0021549615
-0.0021415563
-0.0021534328
-0.0021353266
-0.0017690392
-0.0012796600
-0.0010117956
-0.0010888297
-0.0011578596
-0.0009265849
-0.0006025075
-0.0005144021
-0.0005825990
-0.0005901122
-0.0005016636
-0.0003479247
-0.0002589459
-0.0004190566
-0.0005768810
-0.0005268466
-0.0005048496
-0.0005499021
-0.0006227460
-0.0006574159
-0.0006585649
-0.0008273512
-0.0009832796
-0.0011889208
-0.0014551138
-0.0016811400
-0.0017929531
-0.0018511010
-0.0018138162
-0.0016806898
-0.0014651477
-0.0013210761
-0.0013544872
-0.0013335310
-0.0011492846
-0.0008774895
-0.0007647039
-0.0007775826
-0.0006429305
-0.0003759267
-0.0002393160
-0.0002030438
-0.0000267232
0.0002096373
0.0002813930
0.0002628110
0.0003353496
0.0005088789
0.0006810575
0.0007868011
0.0008072288
0.0008148551
0.0009169007
0.0010879662
0.0012002441
0.0013340969
0.0014805673
0.0017532004
0.0020747035
0.0023404145
0.0025879790
0.0027960598
0.0029261030
0.0030263812
0.0032838902
0.0035223975
0.0034832668
0.0034570653
0.0034804413
0.0034898353
0.0034410565
0.0033099868
0.0031494465
0.0029421300
0.0026434715
0.0023789423
0.0021397856
0.0018745726
0.0015730572
0.0012467688
0.0009381440
0.0007063819
0.0003894139
-0.0000242480
-0.0005032802
-0.0007518260
-0.0007151166
-0.0006703944
-0.0007042278
-0.0008022390
-0.0009441991
-0.0010411714
-0.0009218064
-0.0007453033
-0.0007558663
-0.0008384596
-0.0009009556
-0.0008857038
-0.0007512718
-0.0008226599
-0.0011000507
-0.0013567328
-0.0012778332
-0.0012371645
-0.0013641762
-0.0015874228
-0.0017159868
-0.0014276134
-0.0012680700
-0.0012530596
-0.0010511359
-0.0007263597
-0.0005939694
-0.0003639822
-0.0002462522
-0.0003149380
-0.0003190505
-0.0001844587
0.0001145645
0.0004529965
0.0006420383
0.0008092639
0.0008401361
0.0010079681
0.0012633337
0.0013728743
0.0014375275
0.0016276791
0.0018364583
0.0019161142
0.0019846544
0.0021648012
0.0023187749
0.0023168127
0.0023298549
0.0024207956
0.0024649762
0.0025617029
0.0026723613
0.0026235038
0.0024697135
0.0023994767
0.0023532148
0.0022535940
0.0021977687
0.0021215462
0.0019465342
0.0017904354
0.0016895195
0.0017171708
0.0018366495
0.0018686884
0.0016664329
0.0014680129
0.0012881934
0.0012884973
0.0014828641
0.0015340318
0.0014334577
0.0012018047
0.0008870409
0.0007140199
0.0005059477
0.0003686917
0.0003451658
0.0003271719
0.0004252920
0.0003396420
0.0002644756
0.0003189444
0.0001762133
0.0000760106
-0.0001020193
-0.0003419409
-0.0007386267
-0.0010016609
-0.0012760964
-0.0016186925
-0.0018622566
-0.0019230421
-0.0021156997
-0.0023851074
-0.0027259439
-0.0028132485
-0.0028423822
-0.0026867285
-0.0025080860
-0.0025549186
-0.0026006986
-0.0026584276
-0.0027443184
-0.0027546058
-0.0025159755
-0.0022574742
-0.0020354921
-0.0020500751
-0.0020580573
-0.0018887535
-0.0016137086
-0.0014498957
-0.0014563652
-0.0014849805
-0.0014807655
-0.0014654557
-0.0014512032
-0.0014420472
-0.0014294517
-0.0014189211
-0.0014256172
-0.0014572816
-0.0015133116
-0.0015603062
-0.0015461116
-0.0017024202
-0.0018472499
-0.0019219702
-0.0018200088
-0.0016695661
-0.0016596121
-0.0016431142
-0.0015347025
-0.0014183243
-0.0014765588
-0.0015817764
-0.0015332557
-0.0011782637
-0.0008298767
-0.0007027731
-0.0005212187
-0.0003466875
-0.0002486878
-0.0001190750
-0.0000390715
0.0000757053
0.0001915600
0.0001056617
-0.0000584792
-0.0000944551
-0.0000373001
0.0000027108
-0.0000092198
-0.0001156895
-0.0003046290
-0.0004536052
-0.0005269418
-0.0004466450
-0.0002815104
-0.0002414786
-0.0002897381
-0.0003469587
-0.0004166358
-0.0004491044
-0.0003264772
-0.0001494013
0.0000529006
0.0002322433
0.0003381569
0.0004755870
0.0006219190
0.0007544762
0.0007977953
0.0007771405
0.0007806690
0.0007924990
0.0008079847
0.0008436051
0.0009022108
0.0009366057
0.0008753332
0.0008975151
0.0010423857
0.0011256412
0.0012005912
0.0013264715
0.0013687245
0.0013374391
0.0013282373
0.0013429438
0.0013686574
0.0013948112
0.0013978811
0.0013538222
0.0012551827
0.0011343404
0.0011108817
0.0012123696
0.0012572165
0.0011086666
0.0008775387
0.0008106252
0.0007899587
0.0006537866
0.0004891518
0.0003675351
0.0003041789
0.0003294980
0.0003311515
0.0002699597
0.0001643541
0.0000492805
-0.0001062025
-0.0002474285
-0.0002127816
-0.0002204628
-0.0003005934
-0.0003675091
-0.0003116880
-0.0002088268
-0.0002236448
-0.0002453007
-0.0002466862
-0.0002438912
-0.0002382270
-0.0002346547
-0.0002305995
-0.0002313711
-0.0002446386
-0.0002854045
-0.0003460587
-0.0003918067
-0.0005102454
-0.0007217345
-0.0007710338
-0.0007296720
-0.0007601436
-0.0008441885
-0.0009131508
-0.0008652929
-0.0007510647
-0.0006870315
-0.0005573308
-0.0004043254
-0.0002926575
-0.0002294199
-0.0002558137
-0.0002660342
-0.0002197868
-0.0001167163
-0.0000007722
-0.0000137019
-0.0001727132
-0.0002573755
-0.0002258715
-0.0002100584
-0.0002087774
-0.0001876453
-0.0001322141
-0.0000851938
-0.0001451245
-0.0002437161
-0.0002319983
-0.0002029297
-0.0001434054
-0.0000025059
0.0001660613
0.0002781082
0.0003644700
0.0004074727
0.0004555003
0.0004101092
0.0003136130
0.0003371741
0.0003649234
0.0003686324
0.0003591741
0.0003369771
0.0003172667
0.0003336624
0.0004325676
0.0006168146
0.0007671492
0.0007217930
0.0006404199
0.0007810790
0.0009127029
0.0009069504
0.0009073995
0.0009076475
0.0008451570
0.0006959421
0.0005476619
0.0004527480
0.0004027751
0.0004013529
0.0003369720
0.0002603835
0.0003035251
0.0004195342
0.0004909140
0.0006005054
0.0006658245
0.0006560903
0.0007231043
0.0008630789
0.0009689612
0.0010316879
0.0011616751
0.0012514973
0.0012363713
0.0012099428
0.0011509168
0.0010457119
0.0009704433
0.0009115564
0.0007455810
0.0005603478
0.0004657885
0.0003351598
0.0000818913
-0.0000676825
-0.0000206387
-0.0000014888
-0.0000235670
-0.0000288018
0.0000352679
0.0001696957
0.0002730445
0.0003169227
0.0003645271
0.0002871635
0.0001157886
0.0000203552
-0.0000139620
0.0000155161
0.0000154386
-0.0000232740
-0.0000728546
-0.0001027968
-0.0000709091
-0.0001341206
-0.0004408785
-0.0006939790
-0.0007755511
-0.0008179054
-0.0007980914
-0.0008021742
-0.0008239030
-0.0008394847
-0.0008495167
-0.0008574225
-0.0008630297
-0.0008683363
-0.0008779652
-0.0008796437
-0.0008679860
-0.0008643581
-0.0008947985
-0.0009825800
-0.0011117689
-0.0011842280
-0.0011641512
-0.0011581200
-0.0011623347
-0.0011663388
-0.0012144910
-0.0013561026
-0.0015363542
-0.0015612668
-0.0015154393
-0.0016543186
-0.0017513748
-0.0017302556
-0.0017464356
-0.0018297692
-0.0019552923
-0.0020294358
-0.0020189004
-0.0020132184
-0.0019936385
-0.0019351568
-0.0018605991
-0.0018563536
-0.0018466463
-0.0017872651
-0.0017723063
-0.0016285538
-0.0013110672
-0.0010025104
-0.0008006058
-0.0006803545
-0.0006579780
-0.0005230722
-0.0003388904
-0.0001758279
0.0000338582
0.0002624807
0.0004425321
0.0005660136
0.0008185830
0.0009835888
0.0009510116
0.0009497294
0.0009862474
0.0010103795
0.0010183635
0.0010186886
0.0010175187
0.0010152618
0.0010175865
0.0010258777
0.0010400023
0.0010519589
0.0010632605
0.0010451365
0.0009655404
0.0008415204
0.0008069521
0.0009418334
0.0009864842
0.0007678625
0.0006200133
0.0004625931
0.0003939267
0.0003374968
0.0003784424
0.0002562790
-0.0000853911
-0.0000279346
0.0001610130
0.0003579524
0.0004579782
0.0005402393
0.0004950299
0.0004653900
0.0005161040
0.0006435220
0.0008317670
0.0009410050
0.0010301901
0.0010177178
0.0010268252
0.0011460641
0.0013390428
0.0014729158
0.0015902759
0.0015918730
0.0015693924
0.0015777185
0.0015913716
0.0016035676
0.0016112030
0.0016191868
0.0016221968
0.0016102184
0.0015973591
0.0016047930
0.0016289858
0.0016445634
0.0016115470
0.0015089208
0.0013830171
0.0013637647
0.0014035267
0.0013801138
0.0012655824
0.0011066105
0.0010573987
0.0011222130
0.0012472992
0.0013917284
0.0014052837
0.0012896208
0.0011355238
0.0010166538
0.0009364330
0.0008221490
0.0006741427
0.0004466730
0.0001853581
-0.0000280277
-0.0001625010
-0.0003529099
-0.0005472017
-0.0007980845
-0.0010876255
-0.0012161655
-0.0013638696
-0.0014048759
-0.0013967247
-0.0015194489
-0.0015224589
-0.0015449691
-0.0016660917
-0.0018400098
-0.0019417251
-0.0020942416
-0.0021703089
-0.0021694981
-0.0020481209
-0.0020321584
-0.0020937596
-0.0021775873
-0.0022522327
-0.0022383717
-0.0022665677
-0.0022113676
-0.0020592815
-0.0020438010
-0.0021679594
-0.0023031815
-0.0022970446
-0.0021067877
-0.0019398227
-0.0018298604
-0.0017110383
-0.0016105734
-0.0015376853
-0.0015490601
-0.0015456958
-0.0015186071
-0.0014998255
-0.0015007489
-0.0015165301
-0.0015329191
-0.0015295744
-0.0015025509
-0.0014502109
-0.0013651605
-0.0013425164
-0.0015029970
-0.0015387082
-0.0015262266
-0.0015285382
-0.0014703878
-0.0012948016
-0.0010409320
-0.0009603832
-0.0008876008
-0.0006799318
-0.0005170723
-0.0005022307
-0.0004760660
-0.0003292463
-0.0001194610
-0.0000373263
-0.0000488309
0.0000371592
0.0001494417
0.0003629224
0.0005630228
0.0005920698
0.0005539442
0.0006327714
0.0008590587
0.0011037155
0.0011657388
0.0011101261
0.0011458749
0.0012954688
0.0014725836
0.0014949748
0.0015375338
0.0015628362
0.0014592742
0.0015500989
0.0016697712
0.0015825504
0.0014559843
0.0012046211
0.0011806751
0.0012468061
0.0012578704
0.0012549096
0.0012533553
0.0012544800
0.0012436963
0.0012269885
0.0012389052
0.0013501459
0.0015759942
0.0017888968
0.0018355002
0.0017932100
0.0017778013
0.0017953203
0.0018383799
0.0019140240
0.0020064829
0.0020405621
0.0019696789
0.0019500570
0.0018471916
0.0018545087
0.0018813041
0.0019028606
0.0019783234
0.0020557966
0.0020367868
0.0018649264
0.0018727422
0.0019211227
0.0019518653
0.0019624838
0.0018962326
0.0017092367
0.0014551197
0.0013766967
0.0014529091
0.0014317534
0.0012501991
0.0009740756
0.0008260901
0.0008513665
0.0008812672
0.0008744734
0.0008583922
0.0008482960
0.0008398191
0.0008169174
0.0007670915
0.0007174489
0.0007189246
0.0006113454
0.0004447517
0.0003241436
0.0002998704
0.0003309620
0.0003339431
0.0003126899
0.0002935358
0.0002895935
0.0002941545
0.0003069539
0.0003152526
0.0002966167
0.0002190047
0.0000926856
0.0000072688
-0.0000336781
-0.0001436704
-0.0002220481
-0.0002387618
-0.0003202368
-0.0004425363
-0.0005753543
-0.0007740734
-0.0007351746
-0.0007668570
-0.0009784971
-0.0012335884
-0.0013221444
-0.0012763219
-0.0012662370
-0.0012750905
-0.0012818808
-0.0013030114
-0.0013283023
-0.0013316335
-0.0012773934
-0.0011323846
-0.0009965622
-0.0010288709
-0.0010658196
-0.0010726015
-0.0010661078
-0.0010140181
-0.0008989964
-0.0007626210
-0.0007577843
-0.0007857243
-0.0007996245
-0.0008129965
-0.0008097215
-0.0007353620
-0.0005401211
-0.0002932181
-0.0002416508
-0.0002309310
-0.0000594218
0.0001943432
0.0002733436
0.0002926129
0.0004843566
0.0007726208
0.0008615770
0.0008056735
0.0007882412
0.0008098354
0.0008363285
0.0008551622
0.0008688956
0.0008608387
0.0008067327
0.0006997321
0.0006136711
0.0007021746
0.0008497440
0.0007613940
0.0004819379
0.0002866214
0.0002873732
0.0003456614
0.0003551424
0.0003109624
0.0002197303
0.0001418111
0.0001643212
0.0001568746
0.0001566201
0.0001303218
0.0001423514
0.0001582388
-0.0000315019
-0.0002355153
-0.0002529205
-0.0002048994
-0.0001761904
-0.0001380960
-0.0001108529
-0.0001799765
-0.0002118422
-0.0001949434
-0.0002811121
-0.0005008972
-0.0007016823
-0.0005559668
-0.0002098253
-0.0001346372
-0.0002964363
-0.0004942408
-0.0006096786
-0.0004552192
-0.0003177953
-0.0004413305
-0.0005290065
-0.0004232099
-0.0002620247
-0.0001958905
-0.0002234855
-0.0002415340
-0.0002520434
-0.0002641328
-0.0002459523
-0.0001396372
0.0000751992
0.0002755221
0.0003126538
0.0002590554
0.0002389968
0.0002651331
0.0003565227
0.0005234897
0.0006887748
0.0007971806
0.0008444761
0.0008053512
0.0007804104
0.0008083233
0.0009263554
0.0011525007
0.0013606521
0.0014020555
0.0013518967
0.0013426564
0.0013648403
0.0013945460
0.0014128727
0.0013912785
0.0012819320
0.0010715356
0.0008902980
0.0008739737
0.0009025617
0.0007950064
0.0005501508
0.0003312643
0.0002972306
0.0003549351
0.0003526292
0.0002611347
0.0000928939
-0.0000640775
-0.0001631301
-0.0002185243
-0.0002158975
-0.0002554985
-0.0003330826
-0.0003865785
-0.0004959197
-0.0006936268
-0.0007637921
-0.0008234621
-0.0010303472
-0.0012467632
-0.0013060185
-0.0012666248
-0.0012560111
-0.0012716743
-0.0012846032
-0.0012870537
-0.0012925469
-0.0013157511
-0.0013643851
-0.0014029471
-0.0013645761
-0.0013621497
-0.0015294933
-0.0016033147
-0.0014848409
-0.0013259417
-0.0012568156
-0.0012970838
-0.0013179556
-0.0013072540
-0.0012927583
-0.0012873079
-0.0013015377
-0.0013211557
-0.0013113619
-0.0012298089
-0.0010744764
-0.0009163038
-0.0008159238
-0.0007863338
-0.0008653082
-0.0009211335
-0.0008519050
-0.0007400067
-0.0007428949
-0.0007573912
-0.0007597990
-0.0007636747
-0.0007592345
-0.0007591355
-0.0007796550
-0.0008048648
-0.0007669082
-0.0005886412
-0.0003132776
-0.0001806221
-0.0002666662
-0.0003147032
-0.0002532930
-0.0000596772
0.0002252549
0.0003690458
0.0003051439
0.0002722062
0.0002891984
0.0003150427
0.0003385191
0.0003483009
0.0003405566
0.0003238548
0.0003359365
0.0004126598
0.0005575465
0.0006896151
0.0007816134
0.0008859513
0.0010360225
0.0013004100
0.0014517041
0.0013852188
0.0013451753
0.0014068652
0.0015845958
0.0018238914
0.0018748378
0.0015558950
0.0013696792
0.0014479704
0.0014232917
0.0012258289
0.0009771041
0.0008935316
0.0009444774
0.0009582856
0.0009096643
0.0008070376
0.0006864606
0.0005599178
0.0003636454
0.0004109675
0.0004353821
0.0003216106
0.0001007549
-0.0000973464
-0.0001514417
-0.0002270258
-0.0004676509
-0.0007304071
-0.0008624795
-0.0010821791
-0.0012077674
-0.0011518925
-0.0011874820
-0.0013836401
-0.0016679031
-0.0018114970
-0.0017522519
-0.0017253763
-0.0017482205
-0.0017797279
-0.0017975256
-0.0017933947
-0.0017851423
-0.0017857160
-0.0018040824
-0.0018305699
-0.0018232791
-0.0017158686
-0.0014969728
-0.0012998366
-0.0012589463
-0.0012946818
-0.0012957749
-0.0012881855
-0.0013038683
-0.0013254621
-0.0012845258
-0.0011079911
-0.0008360548
-0.0007054949
-0.0007932810
-0.0008465132
-0.0008094123
-0.0006769184
-0.0004508547
-0.0002557790
-0.0002236454
-0.0002735273
-0.0002723437
-0.0002455030
-0.0002306469
-0.0002337020
-0.0002438398
-0.0002550990
-0.0002404006
-0.0001647438
-0.0000329687
0.0000608332
0.0000896718
0.0001334398
0.0001153062
0.0000934958
0.0001695104
0.0001104421
-0.0000672857
-0.0001776200
-0.0002302359
-0.0002151273
-0.0002121572
-0.0002206419
-0.0002241175
-0.0002217791
-0.0002187526
-0.0002212683
-0.0002188020
-0.0002105832
-0.0001995604
-0.0001974572
-0.0002062075
-0.0002220005
-0.0002308058
-0.0001795642
-0.0000318821
0.0001488125
0.0001490307
-0.0001058083
-0.0002419654
-0.0001721530
-0.0001250361
-0.0001220261
-0.0001256734
-0.0001277812
-0.0001214377
-0.0001113848
-0.0001015847
-0.0000960343
-0.0000883863
-0.0000703783
-0.0000507319
-0.0000364675
-0.0000255553
-0.0000125293
-0.0000061142
-0.0000107560
-0.0000187143
0.0000078063
0.0001191186
0.0003028420
0.0004487837
0.0005576909
0.0005950705
0.0005865543
0.0006056602
0.0006382341
0.0006655035
0.0006713564
0.0006701377
0.0006850543
0.0007155891
0.0007469988
0.0007321725
0.0006104169
0.0003831071
0.0002164226
0.0002175054
0.0002668913
0.0002758665
0.0002636467
0.0002487382
0.0002447358
0.0002548747
0.0002676982
0.0002690466
0.0002677117
0.0002735937
0.0002872450
0.0002999581
0.0002927948
0.0002938470
0.0003006785
0.0003010645
0.0003094557
0.0003115105
0.0003091909
0.0003092859
0.0003118266
0.0003189844
0.0003271643
0.0003294660
0.0003347192
0.0003423412
0.0003317455
0.0002810633
0.0001660117
0.0000621090
0.0001691625
0.0003431199
0.0003679370
0.0003413123
0.0002862257
0.0001760148
0.0000538759
0.0000551832
0.0000435150
-0.0000608544
-0.0002044836
-0.0002247437
-0.0002068560
-0.0002085515
-0.0002254719
-0.0002456022
-0.0002029393
-0.0000459293
0.0001773154
0.0002186818
0.0001537239
0.0002946522
0.0003119601
0.0002979722
0.0003041315
0.0002970508
0.0002974811
0.0003120742
0.0003661704
0.0004395396
0.0004463582
0.0002814348
0.0002850379
0.0003190515
0.0003230898
0.0003218036
0.0003146379
0.0003120819
0.0003112068
0.0003123443
0.0003116140
0.0003100274
0.0003094234
0.0003141196
0.0003238661
0.0003294805
0.0003109463
0.0002533979
0.0001734898
0.0001733706
0.0003560899
0.0003515244
0.0002921521
0.0002562756
0.0002578145
0.0003784095
0.0006466163
0.0009209584
0.0008441306
0.0007617449
0.0007946046
0.0009525048
0.0012312527
0.0014384826
0.0013782477
0.0013324957
0.0013467713
0.0013670103
0.0013851522
0.0013885535
0.0013877468
0.0013833136
0.0013823782
0.0013813253
0.0013828031
0.0013833733
0.0013856534
0.0013858034
0.0013842754
0.0013778145
0.0013730167
0.0013777236
0.0014020694
0.0014308777
0.0014151341
0.0012777497
0.0010099705
0.0008067958
0.0008642803
0.0009009302
0.0008875818
0.0008759495
0.0008577222
0.0008501437
0.0008488752
0.0008521558
0.0008540137
0.0008433403
0.0008517267
0.0009136988
0.0010305781
0.0011224253
0.0011021315
0.0011149176
0.0011994641
0.0012820565
0.0012227203
0.0010166780
0.0008998343
0.0008485787
0.0008807346
0.0008941469
0.0008774052
0.0008607530
0.0008494623
0.0008546300
0.0008726935
0.0008914695
0.0008696508
0.0007611068
0.0005670891
0.0004295812
0.0004509118
0.0004441951
0.0003529605
0.0003309273
0.0002586144
0.0000999789
-0.0000451966
-0.0001241543
-0.0001603202
-0.0001834329
-0.0003491943
-0.0006285689
-0.0007725827
-0.0007044150
-0.0006601518
-0.0006965943
-0.0008261738
-0.0010552841
-0.0012599145
-0.0012947908
-0.0012313253
-0.0012017531
-0.0012316131
-0.0013587677
-0.0015930600
-0.0018045667
-0.0018330962
-0.0017542160
-0.0017239474
-0.0017954651
-0.0019982193
-0.0022742394
-0.0023874731
-0.0022465415
-0.0020928843
-0.0020434501
-0.0020755202
-0.0020512387
-0.0019762157
-0.0019430436
-0.0018996999
-0.0018141607
-0.0018219878
-0.0018366084
-0.0018322944
-0.0018285822
-0.0018232866
-0.0018217067
-0.0018180020
-0.0018150910
-0.0018141516
-0.0018240552
-0.0018268165
-0.0018176555
-0.0018032187
-0.0017984059
-0.0018181115
-0.0018495324
-0.0018355437
-0.0017064472
-0.0014650104
-0.0012845318
-0.0012727492
-0.0013149573
-0.0013254911
-0.0013180340
-0.0012829943
-0.0011859763
-0.0010245820
-0.0008949201
-0.0007913827
-0.0007583122
-0.0007735882
-0.0007764820
-0.0007821071
-0.0007901587
-0.0007568471
-0.0006229384
-0.0003938388
-0.0002366420
-0.0002432180
-0.0002521560
-0.0001232640
0.0001129203
0.0002822134
0.0003115678
0.0003681643
0.0005367159
0.0006989058
0.0008230551
0.0008453132
0.0008040353
0.0008191596
0.0009328269
0.0011198919
0.0012684272
0.0013744670
0.0013790470
0.0013554893
0.0013498309
0.0013527427
0.0013871337
0.0014984479
0.0016809107
0.0018188869
0.0019461071
0.0019494004
0.0018525765
0.0016569119
0.0014217401
0.0013938631
0.0012889337
0.0010306017
0.0008769667
0.0008938539
0.0009214132
0.0009018994
0.0008701588
0.0008574199
0.0008608851
0.0008729496
0.0008815554
0.0008670260
0.0008124947
0.0007331763
0.0007205531
0.0008836341
0.0009332069
0.0008601036
0.0006894088
0.0004429346
0.0003253661
0.0003563597
0.0003800370
0.0003602678
0.0003341287
0.0003275958
0.0003241642
0.0003091169
0.0003117741
0.0003283711
0.0003613193
0.0004077478
0.0004186569
0.0003646175
0.0006202582
0.0009332290
0.0008765660
0.0008190523
0.0008258334
0.0008447548
0.0008633001
0.0008693804
0.0008688469
0.0008652176
0.0008633088
0.0008629661
0.0008639781
0.0008650892
0.0008655724
0.0008647923
0.0008624706
0.0008606473
0.0008625975
0.0008715169
0.0008812093
0.0008716095
0.0008111925
0.0006914663
0.0005826561
0.0005526303
0.0004374213
0.0003218681
0.0003467802
0.0003831444
0.0003998083
0.0003673879
0.0002195310
-0.0000452219
-0.0002416139
-0.0001572211
-0.0000854101
-0.0001142461
-0.0002673579
-0.0005492598
-0.0007533652
-0.0006821675
-0.0006377054
-0.0006552201
-0.0006744477
-0.0006860322
-0.0006779179
-0.0006714165
-0.0006719447
-0.0006812354
-0.0007052114
-0.0007461824
-0.0007575499
-0.0006953743
-0.0006950466
-0.0009325694
-0.0011722492
-0.0012309026
-0.0011754750
-0.0010918746
-0.0009402027
-0.0007927908
-0.0008874017
-0.0011605003
-0.0012088290
-0.0010346191
-0.0007872770
-0.0005873007
-0.0005478315
-0.0005869296
-0.0005941941
-0.0005742354
-0.0005442629
-0.0005158025
-0.0005024802
-0.0005067060
-0.0005130237
-0.0005087210
-0.0004912195
-0.0004682110
-0.0004485918
-0.0004628648
-0.0005462131
-0.0006915573
-0.0008109222
-0.0009120354
-0.0009400234
-0.0009128804
-0.0009041598
-0.0008965575
-0.0008857430
-0.0009154626
-0.0010268381
-0.0011995905
-0.0013102948
-0.0014036741
-0.0013907081
-0.0013422544
-0.0013329440
-0.0013788729
-0.0015330587
-0.0017758681
-0.0019078851
-0.0018789971
-0.0018588066
-0.0018825589
-0.0019028457
-0.0018597135
-0.0017000420
-0.0014835579
-0.0014560887
-0.0016114182
-0.0016432388
-0.0016107301
-0.0015983223
-0.0015832599
-0.0015364053
-0.0014057619
-0.0012649798
-0.0012943862
-0.0013240199
-0.0013170325
-0.0013126633
-0.0013278921
-0.0013250547
-0.0012225634
-0.0009865689
-0.0007372835
-0.0007823037
-0.0007280237
-0.0004657669
-0.0001965274
-0.0002571468
-0.0002776338
-0.0001179778
0.0001794827
0.0004024460
0.0002710984
0.0000336789
-0.0001866527
-0.0002438551
-0.0001803757
-0.0001561924
-0.0001530031
-0.0001564078
-0.0001985716
-0.0003367397
-0.0005562401
-0.0006646994
-0.0004981797
-0.0003877912
-0.0003039329
-0.0003745086
-0.0003556091
-0.0002894769
-0.0001940364
-0.0001944563
-0.0002165529
-0.0002206715
-0.0002271807
-0.0002124539
-0.0001883309
-0.0001663892
-0.0001829159
-0.0002875255
-0.0005042537
-0.0007047957
-0.0007482007
-0.0007151283
-0.0007375261
-0.0007689431
-0.0007219527
-0.0005263486
-0.0002541856
-0.0001771691
-0.0002352037
-0.0002481651
-0.0002302262
-0.0002090378
-0.0001989344
-0.0001970559
-0.0002005328
-0.0002024844
-0.0002037692
-0.0002027740
-0.0002026661
-0.0002019747
-0.0002024898
-0.0002020578
-0.0002021980
-0.0002015878
-0.0002023057
-0.0002032243
-0.0002048109
-0.0002037301
-0.0001994002
-0.0001929109
-0.0001935274
-0.0002101284
-0.0002397716
-0.0002445555
-0.0001570684
0.0000745638
0.0003407506
0.0003363166
0.0002771924
0.0002803421
0.0003006040
0.0003215628
0.0003277221
0.0003271766
0.0003213839
0.0003201827
0.0003223267
0.0003297751
0.0003319010
0.0003218028
0.0002949681
0.0002798905
0.0003329634
0.0005174411
0.0007832323
0.0008885775
0.0008228264
0.0008134668
0.0008416460
0.0008607320
0.0008687584
0.0008666168
0.0008595091
0.0008602020
0.0008692313
0.0008688992
0.0008657033
0.0008654169
0.0008663095
0.0008714308
0.0008755040
0.0008732630
0.0008561133
0.0008350406
0.0008459179
0.0009498052
0.0011625695
0.0013638472
0.0014070433
0.0013683486
0.0013578733
0.0013698428
0.0013876675
0.0013977534
0.0013969395
0.0013941307
0.0013911772
0.0013925625
0.0013950651
0.0013989507
0.0013976733
0.0013907485
0.0013890159
0.0014098064
0.0014263935
0.0013964193
0.0012680367
0.0010631706
0.0009519238
0.0010051816
0.0010426797
0.0011313627
0.0012267951
0.0012643457
0.0012593404
0.0013404166
0.0014015310
0.0013470942
0.0012424605
0.0011389009
0.0009312853
0.0008366241
0.0008974128
0.0009437260
0.0009415991
0.0008414308
0.0005913987
0.0002961493
0.0002837734
0.0004193650
0.0006392564
0.0008893265
0.0008777028
0.0008273030
0.0008305977
0.0008386013
0.0008226326
0.0007770836
0.0007625071
0.0008356424
0.0006857969
0.0003952358
0.0002820315
0.0003391596
0.0003661270
0.0003523872
0.0003348537
0.0003219300
0.0003177887
0.0003157106
0.0003168486
0.0003242188
0.0003409954
0.0003507893
0.0003146143
0.0001852407
-0.0000056256
-0.0001127213
-0.0002232378
-0.0001883408
-0.0001608713
-0.0001818889
-0.0001970985
-0.0002077208
-0.0002042623
-0.0001977418
-0.0001863855
-0.0001842573
-0.0001889004
-0.0001858104
-0.0001638219
-0.0001440342
-0.0001659558
-0.0002893644
-0.0004986463
-0.0006105062
-0.0005132207
-0.0005435897
-0.0005872509
-0.0006775002
-0.0006727754
-0.0006499171
-0.0006445939
-0.0006414754
-0.0006487760
-0.0006425070
-0.0006255934
-0.0006021715
-0.0005896098
-0.0005851454
-0.0005835612
-0.0005740479
-0.0005665007
-0.0005586674
-0.0005435802
-0.0005267558
-0.0005178640
-0.0005078473
-0.0004991816
-0.0004899681
-0.0004850102
-0.0004780171
-0.0004666666
-0.0004577179
-0.0004521676
-0.0004461747
-0.0004336338
-0.0004090353
-0.0003942137
-0.0004031585
-0.0004237962
-0.0003973822
-0.0002582679
-0.0000111403
0.0001669205
0.0001774587
0.0001504948
0.0001727532
0.0002032408
0.0002166826
0.0001971297
0.0001837668
0.0002402262
0.0004202066
0.0006575020
0.0007192152
0.0005780834
0.0004585171
0.0002743403
0.0003323444
0.0003792900
0.0003581486
0.0003459310
0.0003656817
0.0004474291
0.0005265656
0.0005069805
0.0005666999
0.0005243259
0.0004581053
0.0005309629
0.0005135466
0.0005090832
0.0003949952
0.0003631908
0.0003894015
0.0004038408
0.0004191500
0.0004194596
0.0004083690
0.0003678568
0.0002959793
0.0002467435
0.0003101184
0.0002786107
0.0002667019
0.0001541063
0.0001230234
0.0001509762
0.0001617000
0.0001691115
0.0001619254
0.0001616188
0.0001665033
0.0001711794
0.0001551027
0.0001115669
0.0000512460
0.0000534755
0.0001783613
0.0000559517
-0.0001382711
-0.0001580461
-0.0002022664
-0.0002131382
-0.0000489437
-0.0000495727
-0.0000736272
-0.0000939902
-0.0001511346
-0.0002152166
-0.0002092955
-0.0000267661
-0.0000325470
-0.0001191907
-0.0002520096
-0.0003826515
-0.0003456700
-0.0003159550
-0.0003262093
-0.0003388180
-0.0003433387
-0.0003268049
-0.0003111673
-0.0003275787
-0.0003910480
-0.0005154524
-0.0006164233
-0.0005083434
-0.0003752067
-0.0003766620
-0.0006702819
-0.0009197538
-0.0007044769
-0.0004907910
-0.0005718109
-0.0007386394
-0.0008944053
-0.0009121312
-0.0010079072
-0.0011373706
-0.0010526299
-0.0009199337
-0.0008343960
-0.0008530638
-0.0008051084
-0.0006917597
-0.0006388495
-0.0007155453
-0.0007010549
-0.0005550038
-0.0005502141
-0.0005501909
-0.0005378924
-0.0005643270
-0.0006651552
-0.0008540397
-0.0009898318
-0.0009514339
-0.0010565799
-0.0010865738
-0.0010781566
-0.0010146570
-0.0008426687
-0.0006684443
-0.0006570455
-0.0007919726
-0.0010453888
-0.0010717512
-0.0008538386
-0.0006333052
-0.0005007028
-0.0003916645
-0.0004386182
-0.0005104773
-0.0003500837
-0.0002061048
-0.0002134623
-0.0001777929
-0.0000576356
0.0000759892
0.0001300295
0.0001818234
0.0001554451
0.0000103484
0.0000115627
0.0000538892
0.0001331909
0.0002798512
0.0003902847
0.0003415420
0.0002572896
0.0001708208
0.0001580958
0.0003539992
0.0004264853
0.0005052671
0.0005673311
0.0004137040
0.0002675689
0.0003136572
0.0003504007
0.0003353189
0.0003327657
0.0003535817
0.0004120729
0.0004919141
0.0005126463
0.0007068835
0.0006875633
0.0005151925
0.0005836004
0.0007558714
0.0009112690
0.0008768840
0.0008382349
0.0008382849
0.0008505551
0.0008739551
0.0008929953
0.0008862219
0.0008152687
0.0006740772
0.0005547227
0.0005954870
0.0006808038
0.0007947208
0.0008699959
0.0007437452
0.0007002998
0.0008854663
0.0009090312
0.0008822772
0.0008761526
0.0008729790
0.0008795246
0.0008901505
0.0009050726
0.0009035709
0.0008562974
0.0007364375
0.0006008489
0.0005877272
0.0004842686
0.0003372322
0.0003236215
0.0002715279
0.0002470922
0.0003478556
0.0002009218
0.0000149034
0.0000474574
0.0001395111
0.0002779402
0.0003914019
0.0003043122
0.0002237307
0.0002702864
0.0004591074
0.0003509837
0.0000598258
0.0001661840
0.0002397480
0.0000922721
0.0000880946
0.0000698895
-0.0000461383
-0.0001936518
-0.0002483903
-0.0003630487
-0.0004571542
-0.0003050471
-0.0001401110
-0.0001503585
-0.0001832370
-0.0002566698
-0.0004486131
-0.0006661797
-0.0006314884
-0.0003883176
-0.0003056775
-0.0002841073
-0.0003834249
-0.0003887423
-0.0005210684
-0.0005006215
-0.0004551266
-0.0004662777
-0.0005083323
-0.0005955021
-0.0006547020
-0.0006202217
-0.0007519829
-0.0007567317
-0.0007314991
-0.0007434685
-0.0007487721
-0.0007566299
-0.0007428031
-0.0007263464
-0.0007230837
-0.0007868604
-0.0009297556
-0.0010702221
-0.0009925782
-0.0008382041
-0.0006929958
-0.0007264482
-0.0007596320
-0.0007650834
-0.0007567471
-0.0007313906
-0.0007236179
-0.0007255280
-0.0007296334
-0.0007365281
-0.0007416244
-0.0007360152
-0.0007026019
-0.0006365036
-0.0005808469
-0.0006042047
-0.0004910243
-0.0004110429
-0.0003174206
-0.0002073167
-0.0002637960
-0.0003567197
-0.0003468067
-0.0004436921
-0.0004344569
-0.0003306220
-0.0002534364
-0.0002704304
-0.0001909549
-0.0002000043
-0.0002794606
-0.0002909168
-0.0001845132
-0.0002203728
-0.0003090425
-0.0002658833
-0.0002980478
-0.0002589804
-0.0002657046
-0.0001794396
-0.0001584066
-0.0001321767
-0.0000014785
0.0001485812
0.0001236573
-0.0000109486
-0.0001784291
-0.0002569187
-0.0002898078
-0.0002679513
-0.0003250426
-0.0002681122
-0.0002008035
-0.0003105090
-0.0003961848
-0.0005225092
-0.0004080267
-0.0003581187
-0.0003891866
-0.0003540786
-0.0002515104
-0.0001508867
-0.0002158963
-0.0002564674
-0.0001187412
-0.0000784519
-0.0001309342
-0.0002132316
-0.0002858819
-0.0002521727
-0.0002929830
-0.0002128199
-0.0000976164
-0.0001617520
-0.0002428116
-0.0001988975
-0.0002196924
-0.0001673666
-0.0001516953
-0.0000414938
-0.0000177387
-0.0000808548
-0.0001561348
-0.0001782489
-0.0000313668
0.0000246113
-0.0000009087
-0.0000100596
0.0000007633
0.0000089450
0.0000123486
0.0000127570
0.0000149953
0.0000199339
0.0000324622
0.0000468493
0.0000736018
0.0001307966
0.0001974632
0.0002067957
0.0003133196
0.0004539026
0.0005148686
0.0004768323
0.0004589162
0.0004332168
0.0004735011
0.0005484851
0.0004427906
0.0002887327
0.0001781898
0.0001272828
0.0000909871
0.0000401084
0.0000644876
0.0000441113
0.0000196974
-0.0000330424
-0.0000197140
0.0000815632
0.0001033607
0.0001536542
0.0001515684
0.0000721603
0.0000618531
-0.0000105602
-0.0000707466
-0.0000145994
0.0001332489
0.0003323233
0.0003931107
0.0002639057
0.0002078176
0.0002544389
0.0002785284
0.0002750028
0.0002686694
0.0002796516
0.0002977447
0.0003047652
0.0002956193
0.0002616421
0.0001997779
0.0001434646
0.0001812903
0.0002041556
0.0002517740
0.0002444129
0.0001569363
0.0001533276
0.0001011025
0.0000493823
0.0000355007
-0.0000540663
-0.0001991148
-0.0002361471
-0.0001757881
-0.0000960699
-0.0000326927
-0.0000742382
-0.0001166199
-0.0001978820
-0.0002357099
-0.0001718865
-0.0000948584
-0.0000718121
-0.0001856096
-0.0002541864
-0.0001965534
-0.0000873722
0.0000234981
0.0000444850
0.0000513145
0.0001514152
0.0002925859
0.0003089531
0.0002169534
0.0001689538
0.0002719291
0.0003439151
0.0003310128
0.0003245891
0.0003173585
0.0003085582
0.0003104147
0.0003183059
0.0003213310
0.0003179883
0.0003082729
0.0003027722
0.0003373014
0.0004251839
0.0005229674
0.0004947514
0.0003270739
0.0002742304
0.0003936746
0.0005700679
0.0006809147
0.0007089147
0.0006843773
0.0006679895
0.0007213307
0.0007926208
0.0008834929
0.0008456182
0.0007714003
0.0007270609
0.0007687587
0.0008095860
0.0007243185
0.0007084476
0.0007286886
0.0006946822
0.0006680857
0.0006428858
0.0007297734
0.0007502796
0.0007006332
0.0006565296
0.0005749776
0.0005894305
0.0006036282
0.0005932648
0.0005812133
0.0005721794
0.0005669111
0.0005894463
0.0006604479
0.0007259420
0.0006736275
0.0005587772
0.0005021920
0.0003987895
0.0003248414
0.0003182739
0.0002649429
0.0001957122
0.0001947997
0.0002052217
0.0001594966
0.0001295952
0.0001053885
0.0001823414
0.0001941859
0.0001698684
0.0002026687
0.0002288748
0.0002512253
0.0001667469
0.0001432150
0.0001405120
0.0000704667
0.0000387102
-0.0000812274
-0.0002786220
-0.0003590936
-0.0001714378
0.0000519368
0.0000114387
-0.0001791996
-0.0002672438
-0.0002276926
-0.0002025652
-0.0002081226
-0.0002133403
-0.0001920509
-0.0001344121
-0.0000880292
-0.0001493765
-0.0002447376
-0.0002241959
-0.0001962296
-0.0001970832
-0.0002266138
-0.0002867027
-0.0003367173
-0.0002991034
-0.0002593535
-0.0003375008
-0.0003492931
-0.0003280272
-0.0003719185
-0.0004264986
-0.0004831705
-0.0003924682
-0.0002689905
-0.0002532095
-0.0003266451
-0.0002962188
-0.0002815739
-0.0003673743
-0.0003465461
-0.0003139835
-0.0002330230
-0.0001832868
-0.0002125447
-0.0002252075
-0.0002257853
-0.0002333314
-0.0002375915
-0.0002015393
-0.0000874875
0.0000905274
0.0001914911
0.0001585058
-0.0000375462
-0.0001917944
-0.0001289803
-0.0000232941
-0.0000509451
-0.0000599005
-0.0000398839
0.0000453261
0.0001066710
0.0000591893
-0.0000294794
-0.0000962106
-0.0000403559
0.0000066339
0.0000560528
0.0000143165
-0.0001359439
-0.0001808729
-0.0001435702
-0.0001281222
-0.0001387167
-0.0001421075
-0.0001024183
-0.0000216470
0.0000218289
-0.0001006584
-0.0002331299
-0.0002686091
-0.0002081639
-0.0001681564
-0.0001128357
-0.0001311911
-0.0002283716
-0.0002096264
-0.0001631633
-0.0000616831
-0.0000000075
-0.0000390266
-0.0001069162
-0.0001619315
-0.0001411872
-0.0001904361
-0.0002393543
-0.0002159035
-0.0001964288
-0.0001915570
-0.0002144325
-0.0002977814
-0.0004321779
-0.0004999693
-0.0005259025
-0.0005419911
-0.0004448168
-0.0003819318
-0.0004010619
-0.0004122066
-0.0004055332
-0.0003890512
-0.0003806538
-0.0003798735
-0.0003782496
-0.0003709147
-0.0003585019
-0.0003453956
-0.0003098425
-0.0002391490
-0.0001990343
-0.0002939726
-0.0003548883
-0.0003306923
-0.0003136662
-0.0003000986
-0.0002856677
-0.0002850941
-0.0003155170
-0.0003839743
-0.0004541543
-0.0004178404
-0.0003824920
-0.0003085113
-0.0002604246
-0.0002834749
-0.0002971455
-0.0002973436
-0.0002897441
-0.0002718101
-0.0002443014
-0.0002286896
-0.0002565212
-0.0003543277
-0.0004808196
-0.0004838596
-0.0003746296
-0.0003253829
-0.0002885464
-0.0002231420
-0.0002720305
-0.0003497721
-0.0003877214
-0.0003063620
-0.0001983547
-0.0002442538
-0.0003310227
-0.0003854445
-0.0003238917
-0.0002161157
-0.0002014754
-0.0001671326
-0.0001031663
-0.0000770277
-0.0000313441
0.0000552631
0.0000277520
-0.0000407891
-0.0000995005
-0.0000940695
-0.0000822580
-0.0001368460
-0.0001624355
-0.0001323127
0.0000611634
0.0001891150
0.0001151218
0.0000585974
0.0001541679
0.0002025225
0.0002116934
0.0002287314
0.0001657890
0.0002161778
0.0003196596
0.0003007377
0.0002830911
0.0003086857
0.0003740268
0.0004417286
0.0004250740
0.0003870069
0.0004298206
0.0005282137
0.0006876166
0.0007078370
0.0005463220
0.0003240889
0.0002806381
0.0003303267
0.0003168632
0.0002390246
0.0001640546
0.0002136474
0.0003187262
0.0003351578
0.0003746517
0.0004216980
0.0003629053
0.0002718190
0.0002882933
0.0003098532
0.0003086181
0.0003063753
0.0003058824
0.0003120524
0.0003082416
0.0002794450
0.0002176698
0.0001709466
0.0002324206
0.0003304209
0.0003145032
0.0002921200
0.0002883068
0.0002909947
0.0002979177
0.0003067258
0.0003137475
0.0003084973
0.0002758619
0.0002159590
0.0001745701
0.0002442135
0.0003366718
0.0002897252
0.0002069319
0.0001643700
0.0002370940
0.0003366806
0.0002911276
0.0002079826
0.0001603932
0.0002325321
0.0003368119
0.0003060099
0.0002295169
0.0001531436
0.0001332792
0.0001351944
0.0000238262
0.0000257113
0.0000635035
0.0001101925
0.0001592576
0.0001245130
0.0000165161
0.0000824383
0.0001740801
0.0001481141
0.0000149045
0.0000142546
0.0000402079
0.0000449292
0.0000538751
0.0000521907
0.0000336720
-0.0000259869
-0.0001054579
-0.0001242150
-0.0000441582
-0.0000386994
0.0000028483
-0.0001080172
-0.0001743967
-0.0000811211
0.0000253267
0.0002617365
0.0002957262
0.0001088249
-0.0000400838
-0.0000463405
-0.0000602273
-0.0000444126
0.0000227918
-0.0000828478
-0.0001451573
-0.0000813492
-0.0000567051
0.0000576455
0.0000584157
0.0000330623
0.0000128785
-0.0000428064
-0.0000968009
-0.0000664685
0.0000715378
0.0000648415
0.0000273564
-0.0000195265
-0.0000910490
-0.0001345484
-0.0001399581
-0.0002376972
-0.0001732134
-0.0000366588
0.0000506906
0.0000322711
0.0000645205
0.0001620486
0.0002047504
0.0001347253
0.0000734736
0.0000008013
0.0000411077
0.0001292395
0.0002024291
0.0001921672
0.0001370010
0.0001175302
0.0000935366
0.0001580688
0.0001393514
0.0001286142
0.0002684855
0.0003290560
0.0002385946
0.0001561365
0.0001766126
0.0002369214
0.0002591510
0.0002796130
0.0002184224
0.0002494346
0.0003042547
0.0002242185
0.0001789717
0.0001395694
0.0000620602
0.0001000396
0.0001420793
0.0001306241
0.0000400213
-0.0001338065
-0.0002722497
-0.0003045458
-0.0002636165
-0.0002100550
-0.0002057093
-0.0002305949
-0.0003708562
-0.0004119616
-0.0002980956
-0.0002349772
-0.0003281521
-0.0004093083
-0.0004309084
-0.0004834869
-0.0005137362
-0.0004170064
-0.0003425758
-0.0003271235
-0.0002757754
-0.0002337016
-0.0003124963
-0.0003690860
-0.0003493445
-0.0003313677
-0.0002961944
-0.0002336464
-0.0001872344
-0.0002483788
-0.0002456002
-0.0001664421
-0.0001607379
-0.0000839075
0.0000291611
0.0001236642
0.0002165878
0.0001652638
0.0000173754
-0.0000294537
-0.0000024200
0.0000131948
0.0000535869
0.0001527817
0.0002905879
0.0003283596
0.0002929683
0.0002607449
0.0002288352
0.0002233068
0.0003115481
0.0002268695
0.0001031171
0.0001883645
0.0002933557
0.0002417486
0.0002314415
0.0001307515
0.0000982210
0.0000823464
0.0000114892
-0.0000143338
0.0001467061
0.0002905409
0.0004021493
0.0004090555
0.0003828482
0.0003891997
0.0003979688
0.0004033104
0.0004004343
0.0004159214
0.0004639861
0.0005434988
0.0005642570
0.0004553999
0.0005383458
0.0005849907
0.0004205494
0.0004332248
0.0004602029
0.0004643586
0.0004704171
0.0004727761
0.0004655390
0.0004654741
0.0004769717
0.0004923110
0.0004881720
0.0004360886
0.0003242852
0.0002352640
0.0003539850
0.0004408858
0.0003459132
0.0003441113
0.0002042593
0.0002074871
0.0002445259
0.0002501574
0.0002589661
0.0002526251
0.0002577040
0.0002560370
0.0002336643
0.0001762309
0.0001229866
0.0001660325
0.0003112663
0.0002927343
0.0002189682
0.0001248169
0.0001038285
0.0001969729
0.0002116036
0.0002576002
0.0001177900
-0.0000182703
-0.0000056283
-0.0000258886
-0.0000933674
-0.0001201200
-0.0000610714
-0.0001144379
-0.0001423341
-0.0002539335
-0.0002493695
-0.0002235355
-0.0002249536
-0.0002257061
-0.0002346515
-0.0002434983
-0.0002557897
-0.0002520588
-0.0002156440
-0.0001386468
-0.0000833476
-0.0001734397
-0.0003670720
-0.0004860797
-0.0005031933
-0.0004027540
-0.0003267869
-0.0003567359
-0.0004178204
-0.0004407959
-0.0004549699
-0.0003843452
-0.0004310591
-0.0005426324
-0.0005330265
-0.0005116132
-0.0004999147
-0.0004976454
-0.0005251949
-0.0006063514
-0.0007238958
-0.0007803284
-0.0007691810
-0.0008392856
-0.0009856864
-0.0010763689
-0.0010535332
-0.0010019217
-0.0009159345
-0.0008283795
-0.0008663522
-0.0009391463
-0.0008632168
-0.0007891784
-0.0007560418
-0.0006627800
-0.0005618006
-0.0006181692
-0.0007741525
-0.0008212965
-0.0007969313
-0.0007865691
-0.0007581416
-0.0006688020
-0.0005444541
-0.0005154119
-0.0005496772
-0.0005540534
-0.0005175020
-0.0004424377
-0.0003676738
-0.0003675448
-0.0003009168
-0.0002436318
-0.0002535703
-0.0002588128
-0.0002532148
-0.0002262068
-0.0001710620
-0.0001137484
-0.0001057589
0.0000023183
0.0001338221
0.0001597236
0.0000434860
-0.0000641951
-0.0001025395
-0.0001046127
0.0000307917
0.0001546750
0.0001587409
0.0000368624
-0.0000356572
-0.0000047991
0.0000314035
0.0000685950
0.0001216575
0.0001422800
0.0000625780
0.0001238553
0.0002835463
0.0002955929
0.0002632315
0.0002630899
0.0003031617
0.0003785140
0.0004358004
0.0004227693
0.0005333120
0.0005607011
0.0005088494
0.0004356157
0.0003741143
0.0004073360
0.0003424334
0.0003691757
0.0004118625
0.0003388258
0.0004254767
0.0005726676
0.0005397906
0.0003921812
0.0002453616
0.0002550199
0.0003440161
0.0004563417
0.0005689593
0.0005496758
0.0005212164
0.0005297124
0.0005502328
0.0005596780
0.0005674886
0.0005745972
0.0005708655
0.0005275807
0.0004096322
0.0002638752
0.0002879714
0.0003960769
0.0004862339
0.0004771497
0.0005233641
0.0003844248
0.0001544160
0.0001446197
0.0003516591
0.0004444082
0.0004705708
0.0003953306
0.0004459287
0.0003900054
0.0003908133
0.0002192804
0.0001476660
0.0001787879
0.0003180732
0.0002687438
0.0001526312
0.0001409227
0.0002661679
0.0002045979
0.0001094664
0.0001349826
-0.0000290432
-0.0000353252
0.0000005434
0.0000720123
0.0002051634
0.0003302359
0.0002421284
0.0000883762
-0.0000350893
0.0000155783
0.0000570884
0.0000406513
-0.0000209246
-0.0001138107
-0.0001589361
-0.0000997271
-0.0002320961
-0.0002575284
-0.0002910086
-0.0003742907
-0.0003728460
-0.0001980084
-0.0002209244
-0.0003262640
-0.0004208146
-0.0004463774
-0.0003613453
-0.0003319988
-0.0002216254
-0.0002380546
-0.0002638724
-0.0002589147
-0.0002614370
-0.0002900097
-0.0003699719
-0.0004206952
-0.0004153961
-0.0004781583
-0.0003941782
-0.0003445610
-0.0003978178
-0.0003410297
-0.0003374339
-0.0003063852
-0.0004491181
-0.0005486519
-0.0004300493
-0.0002802306
-0.0002475526
-0.0004224284
-0.0005404670
-0.0004557409
-0.0003423134
-0.0002933190
-0.0003037840
-0.0001993598
-0.0001941356
-0.0002047970
-0.0001991321
-0.0001933198
-0.0001775864
-0.0001655004
-0.0001557923
-0.0001494431
-0.0001609636
-0.0002209466
-0.0003008985
-0.0003030637
-0.0002507911
-0.0001984438
-0.0001139268
-0.0001277051
-0.0001577283
-0.0001697298
-0.0001384857
-0.0000275955
0.0001334352
0.0001976664
0.0000831435
-0.0000773350
-0.0001479341
-0.0000864838
0.0000200990
0.0001503327
0.0002173687
0.0001842549
0.0001649277
0.0001716919
0.0001862919
0.0002031735
0.0002191426
0.0002238188
0.0002098229
0.0001854859
0.0001712537
0.0001996041
0.0003145407
0.0004943838
0.0006006648
0.0005948112
0.0004528249
0.0003332842
0.0003412066
0.0004707615
0.0005372689
0.0004705451
0.0003774014
0.0003157037
0.0003572130
0.0003659530
0.0003801052
0.0003562472
0.0003284235
0.0002535707
0.0002043079
0.0002222915
0.0002229587
0.0002203990
0.0002331002
0.0002453422
0.0002227074
0.0001221462
-0.0000194848
-0.0000561930
0.0000014664
0.0000782137
0.0001404198
0.0001123325
0.0000969310
-0.0000131459
-0.0000333296
0.0000000988
0.0000142886
0.0000193549
0.0000094556
0.0000053890
0.0000135310
0.0000305239
0.0000358416
0.0000017324
-0.0000665049
-0.0001083194
-0.0000476554
-0.0000793962
-0.0000838221
-0.0001807827
-0.0002047695
-0.0002039774
-0.0002596330
-0.0003125802
-0.0003116878
-0.0004301473
-0.0004614236
-0.0003874118
-0.0002653684
-0.0001183937
-0.0001164700
-0.0001866577
-0.0003118617
-0.0004254118
-0.0003771551
-0.0003464868
-0.0003546564
-0.0003562289
-0.0003550168
-0.0003497448
-0.0003450069
-0.0003504082
-0.0003947396
-0.0004665599
-0.0004914734
-0.0003619975
-0.0003642496
-0.0002746269
-0.0000380686
-0.0002387402
-0.0004912288
-0.0004560109
-0.0002940271
-0.0003867826
-0.0004953548
-0.0004089338
-0.0004183687
-0.0002869288
-0.0002747959
-0.0002504726
-0.0001696389
-0.0001247065
-0.0002055754
-0.0001813129
-0.0002623344
-0.0001431962
0.0000164620
-0.0000043637
0.0000258035
0.0001213591
0.0001774007
0.0000850739
0.0001239332
0.0001566736
0.0002830405
0.0002872534
0.0002498008
0.0002411313
0.0002480164
0.0003008680
0.0003823565
0.0004159368
0.0003704666
0.0004208560
0.0004277550
0.0004868289
0.0004058789
0.0003632558
0.0004350839
0.0004267876
0.0004667379
0.0003900786
0.0004056564
0.0005549980
0.0005464757
0.0004794426
0.0004030885
0.0003621312
0.0003611995
0.0002541588
0.0002785147
0.0003513919
0.0004021655
0.0003692233
0.0002384732
0.0002627372
0.0003002481
0.0002796122
0.0001882355
0.0000559967
0.0000256818
0.0002098578
0.0003425764
0.0002805401
0.0001589445
0.0000178967
-0.0000455579
0.0000010179
0.0000283023
0.0000257166
0.0000131528
0.0000053185
-0.0000054949
-0.0000300077
-0.0000785192
-0.0001252215
-0.0000764584
0.0000195546
0.0000336883
0.0000786100
0.0001308027
0.0000571081
-0.0000975740
-0.0001523172
-0.0001255296
-0.0000870968
-0.0000847316
-0.0000695305
-0.0001027080
-0.0000059297
0.0001417787
0.0000928578
0.0000365734
0.0001153805
0.0001357640
0.0001252594
0.0001697907
0.0001965894
0.0001569623
0.0000208720
0.0000153137
0.0001198984
0.0001608312
0.0000398416
-0.0000440534
0.0000091937
0.0001265896
0.0002621203
0.0002844611
0.0002493188
0.0002492894
0.0002720501
0.0002862170
0.0002876596
0.0002771815
0.0002636022
0.0002596457
0.0002726928
0.0002930673
0.0003074757
0.0002943703
0.0002369341
0.0001299876
0.0000398966
0.0001123506
0.0002741779
0.0002855911
0.0001751811
0.0000849277
0.0001169552
0.0001625509
0.0003161845
0.0004196060
0.0003703817
0.0001149618
-0.0000495202
-0.0000143389
0.0000230882
0.0000310036
0.0000545029
0.0001100969
0.0001326098
0.0000205673
-0.0000013781
-0.0000135277
-0.0001249587
-0.0002723254
-0.0002848868
-0.0002182625
-0.0001074273
0.0000162819
0.0000093665
-0.0000218957
-0.0000219553
-0.0000101768
0.0000010540
0.0000049632
0.0000038785
-0.0000001811
-0.0000020012
0.0000002292
0.0000086899
0.0000152762
0.0000052435
-0.0000408280
-0.0001204467
-0.0001608200
-0.0000724524
-0.0001382854
-0.0001480175
-0.0002921448
-0.0002770357
-0.0001857739
-0.0001149713
-0.0001239479
-0.0003251136
-0.0003313343
-0.0002304079
-0.0000331373
0.0001907764
0.0001611795
-0.0000880531
-0.0002128407
-0.0003102779
-0.0002709487
-0.0002279180
-0.0002312803
-0.0002547751
-0.0002813244
-0.0002917687
-0.0002822523
-0.0002658795
-0.0002595998
-0.0002724089
-0.0002879940
-0.0002862695
-0.0002831794
-0.0002765416
-0.0002668836
-0.0002594116
-0.0002659484
-0.0002756840
-0.0002851641
-0.0002874154
-0.0002881404
-0.0002695669
-0.0002054014
-0.0000781838
0.0000219386
-0.0000072061
-0.0000280381
-0.0000173995
-0.0000035937
0.0000081421
0.0000021505
-0.0000206160
-0.0000544200
-0.0000571781
0.0000284562
0.0001235596
-0.0000127846
0.0000224985
0.0001365357
0.0001845145
0.0001615039
0.0002139975
0.0001483077
0.0001600541
0.0003043969
0.0002781461
0.0002107143
0.0001494022
0.0001790859
0.0003062150
0.0003006910
0.0002744921
0.0002718885
0.0002727632
0.0002792791
0.0002811780
0.0002828053
0.0002809205
0.0002805492
0.0002792343
0.0002805440
0.0002815747
0.0002836544
0.0002817014
0.0002761717
0.0002680626
0.0002716286
0.0003014347
0.0003628278
0.0004089109
0.0003472709
0.0002521711
0.0002725712
0.0002947208
0.0002800065
0.0002298577
0.0001627885
0.0001351932
0.0000687639
-0.0000790134
-0.0001224637
-0.0000632791
-0.0000188482
-0.0000989550
-0.0001212720
-0.0001044951
-0.0001491932
-0.0002002435
-0.0002599253
-0.0002422383
-0.0002312011
-0.0002377595
-0.0002448649
-0.0002497305
-0.0002455764
-0.0002348302
-0.0002290212
-0.0002552000
-0.0003402628
-0.0004633958
-0.0005230293
-0.0005820485
-0.0007037805
-0.0007504577
-0.0007330216
-0.0007317038
-0.0007411978
-0.0007470905
-0.0007440215
-0.0007348465
-0.0007318980
-0.0007338353
-0.0007341324
-0.0007338682
-0.0007546922
-0.0007986639
-0.0008200286
-0.0007543915
-0.0008168646
-0.0010418317
-0.0011695484
-0.0011195712
-0.0010764445
-0.0009698179
-0.0008240952
-0.0007204107
-0.0006976365
-0.0007130482
-0.0006942169
-0.0006702730
-0.0006652423
-0.0006927715
-0.0007493827
-0.0007821152
-0.0006862357
-0.0006160870
-0.0006275035
-0.0006403086
-0.0006403257
-0.0006290556
-0.0006144324
-0.0006096528
-0.0006095094
-0.0006042963
-0.0005943270
-0.0005890232
-0.0005839985
-0.0005753065
-0.0005702818
-0.0005650990
-0.0005536242
-0.0005457053
-0.0005402032
-0.0005375577
-0.0005446765
-0.0005452289
-0.0005062658
-0.0004152827
-0.0003265895
-0.0003454268
-0.0003668329
-0.0004416130
-0.0004989684
-0.0004774230
-0.0004343229
-0.0003282638
-0.0001618465
-0.0000652349
-0.0000522462
-0.0001105631
-0.0000700091
0.0000639911
0.0000576710
0.0000036843
0.0001015845
0.0001795647
0.0001399884
0.0000619354
-0.0000000163
0.0000378111
0.0000723882
0.0001535457
0.0002067477
0.0001813233
0.0001689672
0.0001728341
0.0001854471
0.0001979151
0.0002059019
0.0002127703
0.0002086663
0.0001850315
0.0001717748
0.0002315917
0.0004074407
0.0006255265
0.0006254160
0.0003651148
0.0001560587
0.0001938645
0.0002894077
0.0003456501
0.0003333748
0.0002428986
0.0003491005
0.0005941047
0.0006822676
0.0006312417
0.0006855603
0.0006413109
0.0005757726
0.0006548644
0.0006706233
0.0007300884
0.0006369937
0.0004904336
0.0005229276
0.0006314162
0.0006666673
0.0005246290
0.0004841831
0.0005344908
0.0006104578
0.0006814312
0.0006774974
0.0007934236
0.0008088045
0.0007373799
0.0006591402
0.0006437181
0.0007982458
0.0008416500
0.0007792252
0.0006836888
0.0006059924
0.0006373651
0.0005808227
0.0006433327
0.0007277706
0.0006623602
0.0006403049
0.0005260395
0.0005063600
0.0005540582
0.0005633580
0.0005066463
0.0003892061
0.0002994942
0.0003589674
0.0004072428
0.0002794150
