0.0004789908
0.0004785108
0.0004780249
0.0004775352
0.0004770636
0.0004766436
0.0004763064
0.0004760352
0.0004757389
0.0004751182
0.0004738289
0.0004714211
0.0004677331
0.0004629553
0.0004575520
0.0004528171
0.0004509805
0.0004532719
0.0004615813
0.0004755719
0.0004923924
0.0005104145
0.0005279804
0.0005418443
0.0005524561
0.0005610706
0.0005602133
0.0005462869
0.0005094139
0.0004444360
0.0003618439
0.0002732036
0.0001931997
0.0001328506
0.0000898955
0.0000670007
0.0000796467
0.0001455567
0.0002843884
0.0005090750
0.0008071801
0.0011075160
0.0013504861
0.0014901022
0.0014970901
0.0013850595
0.0012251127
0.0010461736
0.0008733596
0.0007061149
0.0004793423
0.0001591270
-0.0002108406
-0.0005122724
-0.0007136532
-0.0008198493
-0.0007628576
-0.0005333300
-0.0001925397
0.0002186742
0.0005762600
0.0007533877
0.0007495763
0.0006409201
0.0005271199
0.0004819325
0.0005087283
0.0005415257
0.0005024509
0.0003658008
0.0001469376
-0.0001656750
-0.0005481547
-0.0009270705
-0.0011603388
-0.0010572495
-0.0005382559
0.0001408673
0.0006887819
0.0010187808
0.0011897718
0.0013337473
0.0016627940
0.0023160892
0.0031188817
0.0036685945
0.0037850061
0.0034697886
0.0026999067
0.0014864350
0.0001376962
-0.0010828811
-0.0022630525
-0.0035094882
-0.0048710627
-0.0062193506
-0.0074810920
-0.0085958196
-0.0094360444
-0.0098395475
-0.0092605705
-0.0070670044
-0.0027341162
0.0032435210
0.0091291180
0.0133632722
0.0150601753
0.0144058093
0.0121216642
0.0093423116
0.0072099278
0.0057313799
0.0037401560
0.0004345867
-0.0039310533
-0.0083604809
-0.0117726365
-0.0136011171
-0.0143389075
-0.0146876645
-0.0144984467
-0.0131823306
-0.0101552446
-0.0049982604
0.0026936944
0.0115111928
0.0178536991
0.0194313803
0.0165400014
0.0118812179
0.0084352335
0.0076103574
0.0081550820
0.0079091961
0.0062540733
0.0038628508
0.0016894538
0.0001573004
-0.0006379513
-0.0003773431
0.0010554711
0.0033544761
0.0055531647
0.0067533096
0.0065980773
0.0055363529
0.0040376436
0.0021489101
-0.0001826086
-0.0025730039
-0.0045926393
-0.0060985350
-0.0067339823
-0.0061967669
-0.0045440701
-0.0020441915
0.0004375773
0.0022675200
0.0035842295
0.0044536216
0.0050867364
0.0057381931
0.0064414810
0.0072213539
0.0077936765
0.0075592745
0.0061976235
0.0040369419
0.0017369989
-0.0003045909
-0.0019240496
-0.0032305161
-0.0044363993
-0.0056450407
-0.0066269759
-0.0073973019
-0.0077066841
-0.0072290106
-0.0060662270
-0.0046592855
-0.0032075760
-0.0019551222
-0.0014870984
-0.0019469878
-0.0031155563
-0.0047096536
-0.0063759526
-0.0079287865
-0.0093915825
-0.0107114346
-0.0120508771
-0.0133431779
-0.0142673907
-0.0142821162
-0.0128312707
-0.0100662816
-0.0068242049
-0.0036541470
-0.0006277465
0.0020136452
0.0041994315
0.0059127377
0.0072761728
0.0084071243
0.0095209822
0.0103619591
0.0104296932
0.0093577966
0.0073216386
0.0043894686
0.0010594344
-0.0021827968
-0.0051036191
-0.0070359299
-0.0075642011
-0.0063304606
-0.0038279042
-0.0002839193
0.0037508656
0.0075581754
0.0094630283
0.0074136397
0.0035367408
0.0018063157
0.0029901818
0.0049966910
0.0057673118
0.0046126813
0.0022310264
-0.0004696249
-0.0032811884
-0.0062129424
-0.0090071081
-0.0112970214
-0.0126330153
-0.0120582426
-0.0082992296
-0.0007959103
0.0097855162
0.0203675697
0.0272789275
0.0281036543
0.0233972346
0.0159111489
0.0086829277
0.0036844377
0.0010636471
0.0000548052
-0.0001792668
0.0000577759
0.0005151824
0.0010120016
0.0015310029
0.0018146212
0.0016298497
0.0013062162
0.0017045275
0.0037396391
0.0087791480
0.0163673770
0.0246338676
0.0288635711
0.0268740939
0.0202964523
0.0119564147
0.0011530610
-0.0110539346
-0.0215585017
-0.0285952620
-0.0319708289
-0.0324965304
-0.0310008815
-0.0282671814
-0.0247512645
-0.0214227049
-0.0182314462
-0.0142557481
-0.0085910871
-0.0007678972
0.0104593457
0.0234382144
0.0331816536
0.0357230138
0.0308563887
0.0220203449
0.0126571385
0.0036540687
-0.0059922992
-0.0156254962
-0.0256929777
-0.0339448547
-0.0381615888
-0.0385177356
-0.0360694942
-0.0320521726
-0.0268010917
-0.0188070736
-0.0033051157
0.0199080404
0.0526229802
0.0816914314
0.0904040507
0.0779403848
0.0555426193
0.0298321189
0.0064799359
-0.0101083194
-0.0197786444
-0.0249787805
-0.0284600624
-0.0325920192
-0.0388221167
-0.0477522496
-0.0579624586
-0.0671435832
-0.0716522140
-0.0683790965
-0.0536889015
-0.0204301590
0.0210222193
0.0542222541
0.0669308841
0.0597616114
0.0412448857
0.0199578282
0.0037099530
-0.0067424377
-0.0142710334
-0.0190193248
-0.0204610244
-0.0197722064
-0.0181265242
-0.0159840130
-0.0133011774
-0.0098381908
-0.0053123620
0.0008588247
0.0098240924
0.0218253552
0.0361624264
0.0484870859
0.0525169852
0.0468614813
0.0354482853
0.0229688694
0.0134504699
0.0089450283
0.0079697718
0.0077367508
0.0069715604
0.0055076223
0.0028936387
-0.0011464837
-0.0064493074
-0.0114132818
-0.0135170134
-0.0115321138
-0.0061589353
-0.0001603810
0.0021429945
-0.0022169634
-0.0117144457
-0.0223248379
-0.0303269177
-0.0344161778
-0.0371895514
-0.0404318594
-0.0417201463
-0.0378466643
-0.0275977522
-0.0131768237
-0.0004780448
0.0084436011
0.0128301324
0.0141677181
0.0164469759
0.0214410301
0.0272494244
0.0316483839
0.0336372267
0.0324750515
0.0283325512
0.0226884492
0.0170218326
0.0117646477
0.0070531504
0.0025155613
-0.0024175346
-0.0081286075
-0.0141231069
-0.0190966936
-0.0220022437
-0.0227031355
-0.0199676999
-0.0121350125
0.0019722512
0.0183294001
0.0261665961
0.0229247359
0.0149863614
0.0077994315
0.0021036308
-0.0030211275
-0.0086302735
-0.0147722664
-0.0202617240
-0.0240335591
-0.0261268293
-0.0269043995
-0.0271760490
-0.0281663556
-0.0305192948
-0.0334578750
-0.0352473427
-0.0344030404
-0.0304325394
-0.0228059394
-0.0129787829
-0.0023506066
0.0075342724
0.0159486502
0.0228988156
0.0274334600
0.0293969797
0.0288418683
0.0260984831
0.0215417254
0.0162928036
0.0115346853
0.0077888003
0.0055214576
0.0052869307
0.0069670780
0.0089581507
0.0091375472
0.0062685524
0.0008552388
-0.0055789039
-0.0116222244
-0.0165388538
-0.0194911144
-0.0198871027
-0.0180003230
-0.0149673942
-0.0122274707
-0.0115446167
-0.0142938484
-0.0196542496
-0.0266070910
-0.0329924115
-0.0340832640
-0.0273501382
-0.0142334406
0.0011511880
0.0135665456
0.0196711379
0.0207412580
0.0189465092
0.0157862689
0.0120743490
0.0090881103
0.0089316818
0.0122908307
0.0178904857
0.0239025209
0.0286133073
0.0306460782
0.0300701038
0.0277885618
0.0237112448
0.0176544901
0.0109784001
0.0048818936
-0.0002183627
-0.0046463963
-0.0094283933
-0.0143908039
-0.0182500140
-0.0206229467
-0.0211956741
-0.0200266316
-0.0183437318
-0.0176679802
-0.0187708710
-0.0212053966
-0.0234090844
-0.0226083558
-0.0170234841
-0.0071746247
0.0049174672
0.0142604805
0.0170540080
0.0142984334
0.0091472062
0.0042798067
0.0002748323
-0.0024160753
-0.0025561921
0.0002790392
0.0045261946
0.0075347651
0.0082497068
0.0073092290
0.0060441659
0.0049107940
0.0036183868
0.0019589608
0.0004319279
-0.0009515770
-0.0021978693
-0.0031967992
-0.0041766930
-0.0056794386
-0.0082330014
-0.0118825933
-0.0158996593
-0.0193288562
-0.0207325619
-0.0188386668
-0.0142720261
-0.0086738173
-0.0033284457
0.0010911039
0.0041510321
0.0051023296
0.0036483994
0.0009779588
-0.0010744088
-0.0016400846
-0.0014094800
-0.0018993908
-0.0041469155
-0.0077958785
-0.0117039954
-0.0143567344
-0.0149484812
-0.0134390847
-0.0096365261
-0.0040555265
0.0027416534
0.0097702178
0.0152243966
0.0183297882
0.0193974544
0.0193997124
0.0191087487
0.0187498027
0.0182944050
0.0177671900
0.0168944707
0.0155032604
0.0137653589
0.0118874227
0.0102437056
0.0095049505
0.0100663805
0.0120825673
0.0153047158
0.0194672842
0.0240391387
0.0285362183
0.0321974678
0.0339943626
0.0336779265
0.0316874043
0.0290505552
0.0271634154
0.0266042732
0.0263792018
0.0251728931
0.0217261715
0.0163520096
0.0106839692
0.0057256192
0.0022170884
0.0001920502
-0.0003591907
0.0011210637
0.0046986734
0.0091251301
0.0128652488
0.0149928293
0.0151293799
0.0138542044
0.0121344676
0.0104395687
0.0088369619
0.0070938801
0.0045596595
0.0010390307
-0.0037122838
-0.0094852257
-0.0153874273
-0.0209659748
-0.0256120072
-0.0296612020
-0.0326702091
-0.0338494406
-0.0334298460
-0.0322378131
-0.0305414269
-0.0283148792
-0.0256529123
-0.0225739821
-0.0193608787
-0.0166752514
-0.0147405407
-0.0138364446
-0.0136579084
-0.0140955202
-0.0155428817
-0.0178410879
-0.0204378660
-0.0231504231
-0.0257319793
-0.0283728778
-0.0309269090
-0.0327491082
-0.0332341472
-0.0322402203
-0.0300425413
-0.0271590674
-0.0238764887
-0.0209904955
-0.0190780326
-0.0177042107
-0.0165594239
-0.0157709295
-0.0152729322
-0.0150298772
-0.0150198674
-0.0151972895
-0.0155893235
-0.0161369649
-0.0169477313
-0.0182835442
-0.0198296825
-0.0217902351
-0.0242701070
-0.0264228874
-0.0275781208
-0.0281190684
-0.0283492902
-0.0282483897
-0.0279962597
-0.0276218997
-0.0267516772
-0.0252803623
-0.0236675218
-0.0216881029
-0.0198314180
-0.0188458140
-0.0188056926
-0.0194342727
-0.0204330515
-0.0215928567
-0.0228829910
-0.0240992834
-0.0249719132
-0.0260520543
-0.0275689582
-0.0296744887
-0.0319015216
-0.0335131305
-0.0345309249
-0.0353243943
-0.0359071241
-0.0362438448
-0.0364643815
-0.0365488789
-0.0364343745
-0.0364449740
-0.0364267234
-0.0361613441
-0.0356468766
-0.0350753248
-0.0345385013
-0.0337233290
-0.0324467986
-0.0308793418
-0.0293014909
-0.0276886131
-0.0260042259
-0.0244134428
-0.0228184797
-0.0212017577
-0.0193691828
-0.0174580579
-0.0156572965
-0.0138300588
-0.0120000219
-0.0102192801
-0.0083188573
-0.0062063718
-0.0036887895
-0.0011897813
0.0017690043
0.0052963582
0.0093972592
0.0138592335
0.0188233647
0.0241607904
0.0297238846
0.0361226970
0.0435327724
0.0510908302
0.0597851803
0.0694410057
0.0790762292
0.0872691932
0.0933158709
0.0971625369
0.0998585229
0.1021129876
0.1032449692
0.1026981807
0.1008225921
0.0987905115
0.0977394818
0.0976580821
0.0974202279
0.0961155939
0.0938222582
0.0908421757
0.0869528318
0.0820061320
0.0762839893
0.0696585380
0.0625479171
0.0548669573
0.0461576970
0.0366984662
0.0280443121
0.0195323927
0.0125221498
0.0097722892
0.0104091511
0.0121888758
0.0148511469
0.0194571139
0.0251587667
0.0311963191
0.0376262395
0.0423822790
0.0415096119
0.0333564520
0.0193862204
0.0025910622
-0.0097674411
-0.0152738821
-0.0140892165
-0.0073927672
0.0047584972
0.0220488777
0.0404443810
0.0548189610
0.0613553243
0.0602233054
0.0538521860
0.0442055792
0.0335682926
0.0236628566
0.0163749087
0.0133625967
0.0129335055
0.0119565453
0.0089105276
0.0048534578
0.0011709159
-0.0018407594
-0.0048954863
-0.0090099856
-0.0143237733
-0.0207222050
-0.0274131941
-0.0341199704
-0.0400344342
-0.0445108933
-0.0473549551
-0.0487101979
-0.0489200978
-0.0491782367
-0.0503259495
-0.0527289192
-0.0557973805
-0.0582989367
-0.0597624138
-0.0606391304
-0.0616598732
-0.0630358672
-0.0643079749
-0.0649560931
-0.0649803339
-0.0642945389
-0.0629558298
-0.0610248737
-0.0576400323
-0.0530562533
-0.0481529218
-0.0431876169
-0.0380923188
-0.0324582565
-0.0254594341
-0.0169689303
-0.0081470465
0.0014187835
0.0113976774
0.0207903180
0.0288028853
0.0358729556
0.0432667959
0.0490584885
0.0518871548
0.0526852709
0.0519528418
0.0496024965
0.0458475497
0.0415721452
0.0360205275
0.0280070272
0.0181235366
0.0069345386
-0.0044938475
-0.0144260398
-0.0225037418
-0.0283944127
-0.0326241722
-0.0356861208
-0.0381884794
-0.0401820621
-0.0415192037
-0.0418010608
-0.0409991751
-0.0396401628
-0.0383032638
-0.0368664533
-0.0350918025
-0.0333427174
-0.0315540335
-0.0296201476
-0.0278764742
-0.0261152034
-0.0240960364
-0.0218042309
-0.0192720705
-0.0165324381
-0.0134934501
-0.0097538129
-0.0055413373
-0.0011890450
0.0036395149
0.0086150181
0.0134271416
0.0186300862
0.0238021056
0.0287135173
0.0337809917
0.0392758050
0.0450829490
0.0508420592
0.0568320072
0.0625159693
0.0680270551
0.0747587066
0.0810339639
0.0849896294
0.0879613703
0.0909947301
0.0937496105
0.0957148470
0.0971231433
0.0984860372
0.0997788214
0.1004040425
0.0994945757
0.0968695205
0.0924084195
0.0853056176
0.0774081519
0.0682642748
0.0560791629
0.0433313819
0.0319076797
0.0210961172
0.0102484791
-0.0003820304
-0.0120758064
-0.0196761951
-0.0242144037
-0.0294599422
-0.0363214003
-0.0445845486
-0.0529291526
-0.0606446541
-0.0678074887
-0.0744057881
-0.0813899988
-0.0893100818
-0.0964602642
-0.1006598674
-0.1020947931
-0.1020772143
-0.1012900896
-0.1002900419
-0.0996918608
-0.0997588541
-0.1000277044
-0.0994110674
-0.0968696511
-0.0926227421
-0.0879820095
-0.0837194251
-0.0796339531
-0.0751387210
-0.0703415525
-0.0665930064
-0.0641527520
-0.0617081681
-0.0583982510
-0.0540949668
-0.0489723862
-0.0430073695
-0.0359420203
-0.0280287300
-0.0200684325
-0.0120356739
-0.0022289867
0.0083282494
0.0193613825
0.0309373778
0.0427342831
0.0543131895
0.0665090129
0.0784364525
0.0906461223
0.1073155123
0.1248995195
0.1331248978
0.1301189511
0.1190800406
0.1004605110
0.0767499753
0.0537264663
0.0352225048
0.0233647270
0.0157438765
0.0078849665
-0.0023996535
-0.0152761251
-0.0284008508
-0.0398373918
-0.0465204872
-0.0482924321
-0.0479499825
-0.0474536162
-0.0469306392
-0.0459807712
-0.0450052815
-0.0444911312
-0.0441175922
-0.0429389019
-0.0400227710
-0.0354293256
-0.0290712877
-0.0220574805
-0.0151938036
-0.0087917330
-0.0031552130
0.0020329165
0.0073642587
0.0134324265
0.0192485762
0.0240451290
0.0283841118
0.0328781310
0.0373186115
0.0415742726
0.0460790405
0.0504558494
0.0537402382
0.0561257783
0.0579682062
0.0593548370
0.0599628152
0.0593654178
0.0580704876
0.0567370782
0.0555172962
0.0544500873
0.0534806624
0.0522870246
0.0505400669
0.0478401807
0.0439418608
0.0388278643
0.0329222085
0.0264453927
0.0197817235
0.0131440287
0.0075272857
0.0033985741
-0.0002288577
-0.0040015736
-0.0078156741
-0.0115387758
-0.0154761440
-0.0199994611
-0.0244549451
-0.0281839156
-0.0312999814
-0.0341177870
-0.0367254128
-0.0388633577
-0.0402984700
-0.0405651929
-0.0397640724
-0.0383324497
-0.0364071106
-0.0335166574
-0.0294656338
-0.0243724258
-0.0179844928
-0.0110774755
-0.0042867729
0.0017480942
0.0058724409
0.0079669223
0.0084081338
0.0080311798
0.0077231898
0.0078677404
0.0083862481
0.0092945616
0.0106803359
0.0126860874
0.0151302943
0.0172203418
0.0181516831
0.0180230037
0.0170493857
0.0153035663
0.0128081664
0.0103515536
0.0088432264
0.0084590674
0.0085852369
0.0085564540
0.0080251728
0.0070587879
0.0061476845
0.0057447413
0.0059855346
0.0067883066
0.0079850683
0.0090310801
0.0096136550
0.0098233086
0.0097840532
0.0096851625
0.0094384032
0.0088155240
0.0079317442
0.0067959483
0.0051899994
0.0033084448
0.0010094686
-0.0016410523
-0.0037593377
-0.0051652436
-0.0060288824
-0.0063376824
-0.0062667348
-0.0059572724
-0.0058890269
-0.0064438005
-0.0075106941
-0.0093055157
-0.0116795233
-0.0142069325
-0.0166876928
-0.0186111135
-0.0199910263
-0.0208695156
-0.0216163137
-0.0221322368
-0.0222132446
-0.0219420430
-0.0214393693
-0.0207543581
-0.0200068322
-0.0192701298
-0.0184232168
-0.0175498686
-0.0166310041
-0.0156813152
-0.0150668261
-0.0149781057
-0.0147538050
-0.0141974266
-0.0133699305
-0.0125219259
-0.0116286289
-0.0107132130
-0.0099408585
-0.0090086831
-0.0078812455
-0.0068958337
-0.0057977014
-0.0044112778
-0.0027772663
-0.0009620341
0.0009424172
0.0027725711
0.0044452951
0.0059414963
0.0070599766
0.0075185280
0.0072919190
0.0065641981
0.0053381236
0.0036544419
0.0015657980
-0.0010034819
-0.0041132677
-0.0076394519
-0.0106085317
-0.0126941752
-0.0142031966
-0.0151271667
-0.0154880386
-0.0154484230
-0.0150244934
-0.0142993478
-0.0136505447
-0.0133633767
-0.0135024205
-0.0141003740
-0.0151313487
-0.0160822991
-0.0160614845
-0.0146558642
-0.0121711497
-0.0094562842
-0.0071054443
-0.0051729543
-0.0035164599
-0.0017812298
-0.0000332267
0.0015655328
0.0033654563
0.0050937436
0.0064589645
0.0076983855
0.0086426403
0.0090192471
0.0093154415
0.0096285093
0.0095548745
0.0091385363
0.0084421847
0.0073770303
0.0060062316
0.0045716754
0.0031915032
0.0014895648
-0.0004520856
-0.0023608105
-0.0038719667
-0.0049508165
-0.0057933963
-0.0066036048
-0.0075579197
-0.0085249224
-0.0095476265
-0.0107149186
-0.0118164789
-0.0127683828
-0.0135796456
-0.0140537828
-0.0142292418
-0.0142142421
-0.0140241098
-0.0137945654
-0.0137795768
-0.0140402741
-0.0142277844
-0.0142046204
-0.0142253865
-0.0141111545
-0.0136535286
-0.0130425254
-0.0124701376
-0.0116879674
-0.0106262374
-0.0094995705
-0.0082472752
-0.0068969701
-0.0056151792
-0.0042839308
-0.0027971291
-0.0012649374
0.0001152549
0.0014399371
0.0029124565
0.0046119479
0.0064475887
0.0083660232
0.0103408702
0.0122083729
0.0140266142
0.0158338360
0.0174694263
0.0190478016
0.0206039310
0.0217561413
0.0225514395
0.0234281187
0.0243950057
0.0251378290
0.0255808245
0.0256647808
0.0253418693
0.0247625918
0.0239051148
0.0225868209
0.0208977126
0.0193019656
0.0176040921
0.0153384737
0.0128459197
0.0103384815
0.0075291238
0.0047203539
0.0020640805
-0.0000358753
-0.0015459769
-0.0026589270
-0.0034450346
-0.0041825787
-0.0048645015
-0.0051584304
-0.0050166005
-0.0046742106
-0.0043246325
-0.0039220400
-0.0034744874
-0.0030402364
-0.0025802313
-0.0020831559
-0.0015692878
-0.0009655545
-0.0001504587
0.0005794906
0.0011752348
0.0017114155
0.0023321004
0.0029307630
0.0034331289
0.0038908387
0.0043732689
0.0048982501
0.0054180920
0.0059166733
0.0063585306
0.0066320723
0.0068208329
0.0072046168
0.0077934395
0.0084055045
0.0090707629
0.0097887427
0.0103664452
0.0108000430
0.0112117141
0.0115468150
0.0118125918
0.0122277431
0.0127786520
0.0131596984
0.0133069045
0.0132637638
0.0130229947
0.0125833899
0.0118156933
0.0107073627
0.0090711417
0.0068292248
0.0042980479
0.0018211647
-0.0003867313
-0.0021946036
-0.0037480720
-0.0050160108
-0.0059907149
-0.0068297380
-0.0077361107
-0.0087158626
-0.0095859769
-0.0103007227
-0.0108857609
-0.0113650840
-0.0118384411
-0.0123499061
-0.0127807122
-0.0129317271
-0.0128468583
-0.0126667826
-0.0124268924
-0.0121021223
-0.0117202810
-0.0112517496
-0.0107158479
-0.0101105252
-0.0093714024
-0.0088274503
-0.0084683625
-0.0080571654
-0.0075302864
-0.0069667085
-0.0063679805
-0.0055705325
-0.0043923293
-0.0028335332
-0.0011624117
0.0004531608
0.0019052131
0.0032235835
0.0043675343
0.0052694639
0.0059177669
0.0063977786
0.0068777604
0.0073379988
0.0076213525
0.0077715556
0.0078946703
0.0081963753
0.0084397812
0.0085166051
0.0082633555
0.0077010932
0.0071111266
0.0066557457
0.0062554822
0.0058151365
0.0053803294
0.0050763795
0.0048484287
0.0044903821
0.0042472039
0.0041563318
0.0042797395
0.0044654360
0.0047658944
0.0049771678
0.0052332931
0.0055144709
0.0054666183
0.0052187766
0.0048710552
0.0043875054
0.0038806983
0.0034219770
0.0029576555
0.0023301559
0.0015329113
0.0007177674
-0.0000066048
-0.0005180885
-0.0009907819
-0.0017019879
-0.0023577463
-0.0026156332
-0.0024951255
-0.0020474703
-0.0013868088
-0.0007461632
-0.0003083088
0.0000523546
0.0003999631
0.0006599122
0.0009516841
0.0012992152
0.0014750343
0.0014771309
0.0013126974
0.0011529414
0.0008115209
0.0002394137
-0.0002843737
-0.0008386274
-0.0013603097
-0.0017456696
-0.0019401429
-0.0020634498
-0.0022133674
-0.0025447547
-0.0027958322
-0.0028699633
-0.0027023047
-0.0024629240
-0.0020758874
-0.0015063473
-0.0007278352
0.0001867270
0.0008967229
0.0013013638
0.0014499915
0.0012584149
0.0007587098
0.0002142485
-0.0002773508
-0.0009993304
-0.0016998689
-0.0021733225
-0.0026134256
-0.0034150089
-0.0043269782
-0.0051982289
-0.0061295702
-0.0070074008
-0.0078333910
-0.0085158736
-0.0090043854
-0.0095827653
-0.0103796050
-0.0112308977
-0.0119789591
-0.0124974556
-0.0129585337
-0.0134531869
-0.0137693636
-0.0138566826
-0.0137100400
-0.0136178580
-0.0136787398
-0.0135692552
-0.0133727464
-0.0133222327
-0.0134599665
-0.0136558127
-0.0136920339
-0.0136102853
-0.0135542330
-0.0134969920
-0.0132930636
-0.0129173263
-0.0124742412
-0.0121912365
-0.0119545411
-0.0115397536
-0.0110206768
-0.0104483039
-0.0097472610
-0.0090210069
-0.0084843513
-0.0080775732
-0.0076330119
-0.0070970804
-0.0065483269
-0.0060839177
-0.0058091929
-0.0056921412
-0.0056870076
-0.0056931919
-0.0056626717
-0.0056232594
-0.0056294848
-0.0058122048
-0.0061075091
-0.0061994784
-0.0059299843
-0.0055622825
-0.0054241382
-0.0052192170
-0.0047771079
-0.0042288246
-0.0037102106
-0.0032442674
-0.0027491701
-0.0019933233
-0.0011986752
-0.0006490310
-0.0000185676
0.0007353596
0.0015592147
0.0023641956
0.0031572023
0.0041142791
0.0051747402
0.0063057421
0.0074433742
0.0085347027
0.0095195248
0.0102585094
0.0109185969
0.0115478936
0.0118795123
0.0120058927
0.0122203533
0.0122789062
0.0121116805
0.0119369997
0.0118133699
0.0118196438
0.0118078873
0.0115883415
0.0112569877
0.0109670336
0.0106662262
0.0102381614
0.0098628403
0.0097522528
0.0097578605
0.0099363612
0.0103287964
0.0109138850
0.0114019135
0.0119175585
0.0124476902
0.0128942220
0.0131632272
0.0132775935
0.0131327257
0.0127915562
0.0123394167
0.0118249062
0.0111488281
0.0101747230
0.0089195951
0.0076108202
0.0063911931
0.0052187449
0.0039856911
0.0024563161
0.0007539927
-0.0007915278
-0.0020756971
-0.0033145619
-0.0045079366
-0.0055169659
-0.0063133353
-0.0068834240
-0.0073090685
-0.0074978142
-0.0072452476
-0.0066802160
-0.0060133154
-0.0052101683
-0.0043356518
-0.0034865873
-0.0025558879
-0.0016319187
-0.0006694335
0.0004381911
0.0013933348
0.0019773065
0.0021448718
0.0021966004
0.0024095290
0.0024582774
0.0022585309
0.0017543027
0.0011629465
0.0005221585
-0.0002395429
-0.0007465058
-0.0009808169
-0.0012644744
-0.0016403831
-0.0021155870
-0.0027433124
-0.0035898484
-0.0042645662
-0.0046150158
-0.0047298300
-0.0047099485
-0.0046492234
-0.0044420331
-0.0039841852
-0.0034230799
-0.0029407355
-0.0025622756
-0.0021545402
-0.0016479340
-0.0011000601
-0.0005798810
-0.0001243744
0.0001535756
0.0001713083
0.0000867677
0.0000462659
-0.0000396406
-0.0000880590
0.0000560485
0.0001218841
0.0001122121
0.0001700675
0.0003225649
0.0004830936
0.0007555042
0.0011281824
0.0014332723
0.0017836070
0.0022591374
0.0026587460
0.0028652701
0.0031066942
0.0034086474
0.0036955037
0.0041614823
0.0047362699
0.0052652819
0.0056327505
0.0060235248
0.0066315162
0.0071423037
0.0073693812
0.0074118538
0.0074784422
0.0076389089
0.0076492247
0.0073969734
0.0070584968
0.0067196282
0.0062880588
0.0059264107
0.0058294495
0.0057288140
0.0055447784
0.0054579091
0.0054799292
0.0054633526
0.0052458408
0.0049097583
0.0046247121
0.0044685151
0.0044291495
0.0042765802
0.0038779551
0.0031658722
0.0024196078
0.0018999731
0.0015322509
0.0010879330
0.0003809172
-0.0005022417
-0.0014448775
-0.0021407179
-0.0028658560
-0.0038190793
-0.0046690975
-0.0054507787
-0.0062531775
-0.0068726155
-0.0071780733
-0.0072925871
-0.0070904931
-0.0065544403
-0.0059715798
-0.0053807269
-0.0047150933
-0.0041417949
-0.0035201418
-0.0026588523
-0.0017994904
-0.0010621567
-0.0003770758
0.0003509352
0.0011188642
0.0018864344
0.0026279552
0.0032266962
0.0036422506
0.0040723868
0.0045952276
0.0049941158
0.0051018910
0.0051449235
0.0050973097
0.0048709246
0.0045862609
0.0043459808
0.0041486230
0.0040089764
0.0038884221
0.0034969684
0.0028352948
0.0019985801
0.0010243790
-0.0000781720
-0.0013585772
-0.0024921211
-0.0033254880
-0.0038883512
-0.0042962788
-0.0044384073
-0.0043484851
-0.0039700886
-0.0034181160
-0.0029032361
-0.0024650383
-0.0020488027
-0.0017439481
-0.0015197982
-0.0011956023
-0.0009377266
-0.0007971283
-0.0005938654
-0.0003014674
-0.0000250180
0.0000757744
0.0000143168
-0.0000143149
0.0002658684
0.0005997327
0.0005325302
0.0000273053
-0.0006205304
-0.0012288242
-0.0017819921
-0.0022357084
-0.0027715224
-0.0035318516
-0.0042716779
-0.0047709366
-0.0051282946
-0.0055172869
-0.0059592841
-0.0063560225
-0.0067462259
-0.0071090814
-0.0074103609
-0.0076068416
-0.0080058120
-0.0084464954
-0.0086845885
-0.0090049546
-0.0094727302
-0.0099606150
-0.0102667894
-0.0104421924
-0.0105911844
-0.0107006839
-0.0108057347
-0.0107277873
-0.0105638739
-0.0103935915
-0.0103527629
-0.0103760762
-0.0102907875
-0.0103335662
-0.0104278178
-0.0102883504
-0.0101099579
-0.0100724453
-0.0099958360
-0.0099143206
-0.0099108385
-0.0099644331
-0.0101333253
-0.0102353996
-0.0102080013
-0.0102768682
-0.0104068707
-0.0103258648
-0.0101468751
-0.0100917204
-0.0100349048
-0.0099174837
-0.0096215375
-0.0092095977
-0.0088837191
-0.0084371574
-0.0079586050
-0.0074115179
-0.0066616594
-0.0058529980
-0.0050898061
-0.0043841464
-0.0034729609
-0.0026002658
-0.0018807447
-0.0011914604
-0.0005637253
0.0001434621
0.0008327486
0.0013497916
0.0016637815
0.0018330550
0.0020421052
0.0023408375
0.0025732539
0.0026680653
0.0026872116
0.0026267366
0.0027879012
0.0030687077
0.0032300701
0.0032463855
0.0031393473
0.0031453170
0.0030994518
0.0030891434
0.0033073494
0.0035943121
0.0037607840
0.0040325529
0.0043569964
0.0046639209
0.0050928143
0.0055373158
0.0057479734
0.0060232841
0.0064847896
0.0070382961
0.0075719025
0.0080191341
0.0083165228
0.0086634306
0.0090336983
0.0094845128
0.0100419792
0.0107572494
0.0115538129
0.0122978454
0.0129064301
0.0134241428
0.0141389576
0.0149269314
0.0154725032
0.0157339078
0.0158840157
0.0161165440
0.0164192847
0.0165820990
0.0165493674
0.0164509209
0.0161474076
0.0154744925
0.0146223899
0.0138114089
0.0130785488
0.0122884570
0.0114006819
0.0104952179
0.0096213359
0.0088779584
0.0082993266
0.0079520102
0.0077638504
0.0077401285
0.0077754782
0.0077556675
0.0079037806
0.0080074821
0.0077904145
0.0073400011
0.0068061056
0.0063098998
0.0059404233
0.0057332292
0.0054761877
0.0050555313
0.0046874339
0.0043787813
0.0040147464
0.0037104457
0.0033676620
0.0028062413
0.0021556953
0.0014923363
0.0008558277
0.0000055845
-0.0010005950
-0.0018463405
-0.0025579668
-0.0033364961
-0.0040368393
-0.0047113611
-0.0053512741
-0.0057127207
-0.0059013041
-0.0062441586
-0.0067639856
-0.0070553113
-0.0073080459
-0.0077361425
-0.0080127408
-0.0082570201
-0.0084429554
-0.0087453509
-0.0090995327
-0.0092080358
-0.0091126496
-0.0090401345
-0.0090857552
-0.0092840704
-0.0094571426
-0.0094711982
-0.0096374983
-0.0099070167
-0.0101009837
-0.0103034659
-0.0105378809
-0.0106503326
-0.0104909184
-0.0102592410
-0.0099646104
-0.0095281649
-0.0092716589
-0.0092240470
-0.0090891982
-0.0087026954
-0.0083133672
-0.0080643742
-0.0076651389
-0.0071129666
-0.0064585073
-0.0057126927
-0.0050505152
-0.0043918908
-0.0036514860
-0.0030807441
-0.0026442034
-0.0021860774
-0.0016915972
-0.0012143462
-0.0007309492
-0.0003742537
-0.0002030304
0.0000165696
0.0002657815
0.0005738454
0.0007556111
0.0009193168
0.0010826243
0.0011201915
0.0010771932
0.0009922444
0.0008976465
0.0009604099
0.0009374168
0.0008481106
0.0007724026
0.0006486743
0.0005325712
0.0003376991
0.0001050743
-0.0000055030
-0.0001327761
-0.0003855463
-0.0006784250
-0.0008943157
-0.0009710547
-0.0012033741
-0.0014621636
-0.0018275697
-0.0023152065
-0.0025573136
-0.0027499688
-0.0029007243
-0.0030668919
-0.0033038971
-0.0034202191
-0.0033806408
-0.0033056997
-0.0031916133
-0.0032404681
-0.0035498241
-0.0038876346
-0.0040023350
-0.0040432270
-0.0042144406
-0.0042450504
-0.0039536631
-0.0034469791
-0.0028850378
-0.0022815139
-0.0017059319
-0.0011679732
-0.0006231947
-0.0001147015
0.0003708423
0.0008721091
0.0013891008
0.0018961121
0.0023931110
0.0029878622
0.0036506201
0.0041833960
0.0044101581
0.0042168087
0.0037739568
0.0033045502
0.0028686533
0.0023607284
0.0016546951
0.0010006853
0.0007191481
0.0007735829
0.0010030908
0.0011324011
0.0012554157
0.0013838643
0.0014011704
0.0014211482
0.0015254461
0.0014212796
0.0011513970
0.0009446450
0.0006963976
0.0005403743
0.0004439999
0.0004151140
0.0003832375
0.0002284328
0.0000683416
-0.0001276737
-0.0003386323
-0.0004167066
-0.0004802825
-0.0004038832
-0.0002794481
-0.0002543137
-0.0001371437
0.0001447755
0.0004522935
0.0006812385
0.0007414231
0.0008165741
0.0009029936
0.0009018129
0.0007358877
0.0006109036
0.0006396523
0.0007124872
0.0007091960
0.0005195411
0.0002269832
0.0000948132
0.0001631557
0.0002385482
0.0001101626
-0.0000891440
-0.0001338279
-0.0000514074
0.0001301913
0.0002580502
0.0002469855
0.0002963767
0.0004245403
0.0005985940
0.0007225566
0.0007187103
0.0006638335
0.0006428381
0.0006725775
0.0008116282
0.0010841771
0.0012801260
0.0014445046
0.0016671907
0.0018310664
0.0020334241
0.0021858852
0.0021966713
0.0023541018
0.0026680597
0.0027622889
0.0026675503
0.0025876621
0.0025042060
0.0022952653
0.0021068107
0.0020006646
0.0018130303
0.0014749828
0.0011391320
0.0010172006
0.0008944922
0.0006398635
0.0003355967
0.0001428509
0.0000785335
-0.0000182343
-0.0001455514
-0.0002304825
-0.0000385409
0.0003093867
0.0005930074
0.0008627445
0.0012201767
0.0015330604
0.0018368973
0.0022183853
0.0025363367
0.0028100594
0.0032047414
0.0036402315
0.0038625839
0.0040586168
0.0042096876
0.0044094042
0.0046497571
0.0047849679
0.0049425440
0.0051907607
0.0054802633
0.0057022388
0.0057285266
0.0057002551
0.0059281667
0.0064349179
0.0067972397
0.0068759727
0.0070376206
0.0071810423
0.0072883603
0.0076172471
0.0079842584
0.0082366776
0.0084271961
0.0086259722
0.0087107495
0.0086681126
0.0086375476
0.0086213722
0.0083550318
0.0080671099
0.0077289206
0.0072370908
0.0066933777
0.0062008817
0.0057414103
0.0052615702
0.0047518184
0.0042118150
0.0035290412
0.0027106760
0.0018022821
0.0010877602
0.0003769803
-0.0002659059
-0.0007902129
-0.0015523263
-0.0023167573
-0.0028326020
-0.0032575635
-0.0038726385
-0.0045384568
-0.0051355444
-0.0055229449
-0.0056991914
-0.0058693469
-0.0061214508
-0.0062755746
-0.0061456075
-0.0059355639
-0.0057785794
-0.0055842858
-0.0053241856
-0.0049522086
-0.0046752650
-0.0044498838
-0.0042449011
-0.0039716711
-0.0036149569
-0.0034521538
-0.0035189325
-0.0036038815
-0.0036054136
-0.0036689584
-0.0037744961
-0.0038071904
-0.0038940783
-0.0040129830
-0.0040369065
-0.0040125183
-0.0041163206
-0.0042831955
-0.0044530226
-0.0046643949
-0.0047794722
-0.0047439583
-0.0046695062
-0.0045227311
-0.0042584826
-0.0038446898
-0.0033173909
-0.0028196587
-0.0025175394
-0.0023626561
-0.0021676178
-0.0018938410
-0.0016962192
-0.0015866323
-0.0013817909
-0.0010874497
-0.0007999191
-0.0005644011
-0.0003482101
-0.0002044458
-0.0001194102
-0.0001093219
-0.0002343374
-0.0003874057
-0.0005078279
-0.0005107264
-0.0005528941
-0.0006920634
-0.0007550407
-0.0007336577
-0.0006987083
-0.0005888183
-0.0003478565
-0.0001678633
-0.0001833586
-0.0001784965
-0.0001407008
-0.0002138548
-0.0001636234
0.0001128080
0.0003417159
0.0003326052
0.0003329185
0.0005631957
0.0008011797
0.0009220682
0.0010889919
0.0011803580
0.0010327873
0.0008370588
0.0005490217
0.0000774369
-0.0003868031
-0.0006431897
-0.0008656099
-0.0012400063
-0.0015931907
-0.0018452871
-0.0020531209
-0.0022877150
-0.0025577391
-0.0028221947
-0.0030650221
-0.0033753840
-0.0037175276
-0.0039396580
-0.0041618555
-0.0043071377
-0.0044970964
-0.0046908041
-0.0048130025
-0.0049283149
-0.0050348548
-0.0051713401
-0.0051414824
-0.0049325379
-0.0047589432
-0.0046440226
-0.0045284377
-0.0042169001
-0.0038545373
-0.0035910632
-0.0033880213
-0.0031205127
-0.0027008081
-0.0023360379
-0.0020560133
-0.0016507733
-0.0011131792
-0.0006175254
-0.0003393784
-0.0001774838
0.0000294751
0.0003120526
0.0006132952
0.0009263205
0.0013261280
0.0016629638
0.0018297057
0.0018646948
0.0019746809
0.0021278735
0.0023034706
0.0023717123
0.0022833950
0.0020328755
0.0017274496
0.0014728864
0.0013230075
0.0012842729
0.0011396196
0.0009142631
0.0009744854
0.0012964599
0.0014857704
0.0015788376
0.0017462260
0.0018486896
0.0018266930
0.0018073917
0.0019426286
0.0019688399
0.0020136303
0.0020708041
0.0019238070
0.0017429990
0.0015701956
0.0013726471
0.0012758186
0.0011902596
0.0012699286
0.0014012415
0.0014090849
0.0013180323
0.0010926586
0.0008135426
0.0007065071
0.0006233177
0.0004134989
0.0002566560
0.0001052198
-0.0001107265
-0.0002128844
-0.0002091445
-0.0004340351
-0.0007273821
-0.0008927757
-0.0009444100
-0.0010259243
-0.0011543641
-0.0013355222
-0.0015714362
-0.0015646649
-0.0012491618
-0.0010274304
-0.0010781949
-0.0011838450
-0.0009522290
-0.0004576714
0.0000512716
0.0005083525
0.0008249849
0.0011464122
0.0016360588
0.0021896099
0.0025769227
0.0027682436
0.0029443129
0.0031884353
0.0033438169
0.0033344975
0.0032674706
0.0031260868
0.0028687149
0.0024559130
0.0019541014
0.0016757948
0.0013645137
0.0007668696
0.0000194540
-0.0006213944
-0.0010662082
-0.0014757830
-0.0019658131
-0.0025048293
-0.0030023992
-0.0032292098
-0.0032637235
-0.0031879091
-0.0030602038
-0.0027868189
-0.0022899823
-0.0017274759
-0.0012181158
-0.0006499899
-0.0000307541
0.0006131643
0.0012231039
0.0018559008
0.0025905248
0.0032420990
0.0037187256
0.0041439726
0.0046293718
0.0051630341
0.0056614102
0.0059049206
0.0060795118
0.0062812531
0.0064407438
0.0064104140
0.0062576636
0.0061867459
0.0059630480
0.0054764415
0.0051207555
0.0047540913
0.0040693376
0.0033446734
0.0028349178
0.0024592048
0.0021413785
0.0017616629
0.0013592020
0.0009991010
0.0007763322
0.0006856560
0.0004889393
0.0001908636
0.0000060074
0.0001198201
0.0003555288
0.0004050462
0.0003050409
0.0002305520
0.0002377389
0.0001830257
0.0001350187
0.0001511374
-0.0000223593
-0.0001514770
-0.0000275092
0.0000949803
0.0000918595
0.0001259834
0.0001607382
0.0001870100
0.0002806758
0.0004291300
0.0004460474
0.0004241523
0.0005100684
0.0006980018
0.0008436107
0.0008176378
0.0006006659
0.0003065093
0.0001725768
0.0001210051
0.0000482535
-0.0001117597
-0.0003907287
-0.0005576248
-0.0006890637
-0.0008691663
-0.0008191486
-0.0006531235
-0.0005991418
-0.0004908508
-0.0002523345
-0.0000839289
0.0001696306
0.0003667895
0.0005251741
0.0007636823
0.0010248981
0.0011492668
0.0012510154
0.0013103818
0.0013047558
0.0012901421
0.0012984583
0.0012693701
0.0010688970
0.0007553075
0.0004763157
0.0002657972
0.0000617107
-0.0002342078
-0.0006680714
-0.0010206884
-0.0012756466
-0.0015722866
-0.0018466664
-0.0022091089
-0.0025265135
-0.0026792601
-0.0027204209
-0.0028226724
-0.0029684659
-0.0031352792
-0.0031085416
-0.0028202726
-0.0026238684
-0.0027146266
-0.0027340378
-0.0025993570
-0.0024644430
-0.0024841752
-0.0025411979
-0.0026528864
-0.0026849387
-0.0026477490
-0.0027174948
-0.0029813197
-0.0031026261
-0.0029316196
-0.0028953331
-0.0030904161
-0.0032130251
-0.0031878718
-0.0032195023
-0.0033617334
-0.0034233355
-0.0034908812
-0.0037162194
-0.0038091535
-0.0039321711
-0.0042719951
-0.0045957594
-0.0046867285
-0.0046107125
-0.0046778439
-0.0048708145
-0.0050669743
-0.0051665573
-0.0051188110
-0.0049374813
-0.0047818515
-0.0046572402
-0.0044461983
-0.0041509145
-0.0038564631
-0.0036393675
-0.0036005337
-0.0036195699
-0.0033085586
-0.0028675579
-0.0027132382
-0.0026389409
-0.0023117654
-0.0019596867
-0.0015543367
-0.0010933953
-0.0007788224
-0.0005933804
-0.0003991986
-0.0001886558
-0.0000132860
0.0002786156
0.0005906977
0.0008829777
0.0010075103
0.0010743298
0.0011672171
0.0012600485
0.0011620519
0.0010619422
0.0010013501
0.0008883743
0.0007341822
0.0004959281
0.0003342604
0.0003627342
0.0004409341
0.0004428209
0.0003920224
0.0004604092
0.0007293819
0.0009825639
0.0012323934
0.0014169289
0.0014029201
0.0013379789
0.0014386715
0.0015007975
0.0014099739
0.0013232527
0.0011580136
0.0009039285
0.0007787516
0.0006618550
0.0004258055
0.0001338270
-0.0001621251
-0.0005502153
-0.0009037283
-0.0011358646
-0.0013057583
-0.0013525993
-0.0013191480
-0.0012591375
-0.0010320774
-0.0005950032
-0.0001365569
0.0004304837
0.0010245344
0.0015708771
0.0020445834
0.0025058183
0.0029981370
0.0035185015
0.0038891704
0.0040488589
0.0043212250
0.0046643501
0.0049726108
0.0051340945
0.0051058770
0.0051348540
0.0052967986
0.0053844050
0.0053553142
0.0052084309
0.0049487656
0.0047567766
0.0045188757
0.0040271841
0.0035728500
0.0033290784
0.0030535549
0.0026931327
0.0023739031
0.0020056471
0.0016311034
0.0013147892
0.0009306723
0.0005545726
0.0001866801
0.0000176317
-0.0000898330
-0.0003229997
-0.0006428026
-0.0009109138
-0.0009875166
-0.0010550634
-0.0011296017
-0.0011175849
-0.0009360036
-0.0007658109
-0.0005978275
-0.0004221560
-0.0003237844
-0.0002055676
-0.0000863583
0.0001199470
0.0004019869
0.0006746082
0.0008667540
0.0008857498
0.0009187154
0.0013215402
0.0019194198
0.0022991356
0.0024933397
0.0028385717
0.0033435500
0.0037160328
0.0039294093
0.0041463892
0.0043492931
0.0043975022
0.0043485952
0.0043299154
0.0043567519
0.0042462951
0.0039187911
0.0036955653
0.0035324973
0.0033255887
0.0030647552
0.0027188496
0.0023010110
0.0019937805
0.0017246115
0.0013558454
0.0010313784
0.0007203801
0.0002294220
-0.0003858967
-0.0007318910
-0.0007523751
-0.0008498146
-0.0010529612
-0.0011474526
-0.0012236971
-0.0014440952
-0.0016390037
-0.0015512781
-0.0014050592
-0.0013978009
-0.0013677027
-0.0013573801
-0.0014667130
-0.0016449391
-0.0017856119
-0.0018788356
-0.0018679917
-0.0018247610
-0.0018201309
-0.0018478131
-0.0018554884
-0.0017302402
-0.0015522270
-0.0012628285
-0.0008940193
-0.0006025423
-0.0002665805
0.0001954335
0.0004904755
0.0007118149
0.0011373819
0.0014709332
0.0016094567
0.0018661424
0.0020054586
0.0018864232
0.0017504343
0.0014637059
0.0011128967
0.0010278802
0.0011501401
0.0012085273
0.0010185599
0.0007789039
0.0004540733
0.0002599844
0.0001805672
0.0001394658
-0.0000081133
-0.0001405403
-0.0001693414
-0.0002754824
-0.0003823168
-0.0003870547
-0.0003450646
-0.0003198186
-0.0003530000
-0.0005369913
-0.0006972598
-0.0008493777
-0.0010833736
-0.0013084058
-0.0012293175
-0.0010377776
-0.0010043836
-0.0010915509
-0.0011322904
-0.0009463528
-0.0005792277
-0.0001449442
0.0000564220
0.0002672880
0.0005796369
0.0008789975
0.0011268819
0.0013400290
0.0014110806
0.0013407366
0.0010974563
0.0006777394
0.0004727999
0.0003978143
0.0000713404
-0.0003529860
-0.0006739056
-0.0010061948
-0.0011815686
-0.0012910659
-0.0015141864
-0.0018270782
-0.0020957241
-0.0021525994
-0.0020688876
-0.0020211432
-0.0020547892
-0.0021074676
-0.0021346008
-0.0021291611
-0.0021334998
-0.0022921825
-0.0025503568
-0.0025418809
-0.0024989249
-0.0025537755
-0.0026047744
-0.0026247100
-0.0027513945
-0.0030199966
-0.0031987960
-0.0032815728
-0.0033308792
-0.0033431227
-0.0034568900
-0.0035906826
-0.0035075754
-0.0034456225
-0.0035542748
-0.0036395671
-0.0036324199
-0.0035691924
-0.0032837394
-0.0028665782
-0.0025577577
-0.0022570978
-0.0019158592
-0.0015269062
-0.0011546404
-0.0007643759
-0.0002670719
0.0002760710
0.0007750704
0.0011079489
0.0012860063
0.0013396218
0.0013310290
0.0014703732
0.0017527847
0.0016856628
0.0013533907
0.0012311190
0.0013361163
0.0014282333
0.0012855370
0.0009255381
0.0004739862
0.0002428612
0.0003056278
0.0001916337
-0.0000938893
-0.0002130452
-0.0002606831
-0.0002172987
-0.0000927439
-0.0000544638
-0.0001035070
-0.0001466256
-0.0001413669
-0.0001062538
-0.0000964550
-0.0002406937
-0.0005279649
-0.0006767972
-0.0005025955
-0.0003827635
-0.0005022775
-0.0006263596
-0.0006321440
-0.0005708289
-0.0005187756
-0.0003892296
-0.0001104384
0.0003018743
0.0005650641
0.0006524067
0.0008207243
0.0011109800
0.0014076689
0.0015287936
0.0014843819
0.0015390738
0.0015788803
0.0015112564
0.0014760570
0.0015013816
0.0014416151
0.0012879788
0.0012287130
0.0011751982
0.0010544311
0.0009151295
0.0006880728
0.0004074094
0.0001571699
0.0000363566
-0.0001154697
-0.0003797906
-0.0005684688
-0.0007584553
-0.0009027311
-0.0011027320
-0.0013833530
-0.0016457103
-0.0018843463
-0.0019067862
-0.0019206122
-0.0021490538
-0.0022911300
-0.0022395843
-0.0021556915
-0.0019412626
-0.0017494380
-0.0016474779
-0.0014709965
-0.0012970943
-0.0012787820
-0.0013319727
-0.0012409280
-0.0009431151
-0.0007103470
-0.0006259722
-0.0004722929
-0.0002994433
-0.0002706744
-0.0003238352
-0.0003464528
-0.0003257929
-0.0003996307
-0.0006563847
-0.0008754879
-0.0010590643
-0.0012884358
-0.0014394693
-0.0016290273
-0.0018964107
-0.0021757037
-0.0023307158
-0.0024956369
-0.0028481429
-0.0030876225
-0.0029555039
-0.0026681661
-0.0024139106
-0.0022129475
-0.0021253150
-0.0019550345
-0.0016688745
-0.0013665263
-0.0011087939
-0.0008810299
-0.0006458888
-0.0004050361
-0.0002496462
-0.0000679952
0.0001914139
0.0002698296
0.0003092736
0.0005352108
0.0007682734
0.0007915127
0.0007049442
0.0006662574
0.0006992267
0.0007411997
0.0007396748
0.0005279601
0.0002017049
0.0001192243
0.0000330333
-0.0002130146
-0.0003089998
-0.0002480516
-0.0001929355
-0.0002079440
-0.0002506401
-0.0002613691
-0.0002473753
-0.0002294065
-0.0001173390
0.0001455036
0.0003442775
0.0004323175
0.0006118575
0.0007967818
0.0008198478
0.0007586428
0.0007350043
0.0007505523
0.0006592653
0.0005356641
0.0005248963
0.0005754544
0.0005985742
0.0005818430
0.0005670539
0.0005780877
0.0007113239
0.0008638600
0.0008861921
0.0008337746
0.0008042431
0.0008207258
0.0008479361
0.0008567320
0.0008503158
0.0008658872
0.0010022779
0.0011551820
0.0011730991
0.0010983983
0.0009417796
0.0008226078
0.0008427086
0.0009098503
0.0009277429
0.0008846623
0.0007176718
0.0004507416
0.0003135817
0.0003705331
0.0004553694
0.0004428502
0.0002596705
0.0000871368
0.0000919296
0.0001736291
0.0002056644
0.0002002208
0.0003190581
0.0004571108
0.0006292763
0.0008604118
0.0009948252
0.0012556712
0.0015037008
0.0017891771
0.0019917837
0.0022377294
0.0022864685
0.0022996301
0.0023610904
0.0024169188
0.0025691429
0.0026617840
0.0024946907
0.0023176362
0.0022745384
0.0020007187
0.0014815375
0.0011912806
0.0009575641
0.0005489592
0.0002989372
0.0001767304
-0.0000014075
-0.0001134067
-0.0001033874
-0.0000674557
-0.0000713029
-0.0000754461
0.0000422016
0.0001049272
0.0003509949
0.0007148328
0.0009561038
0.0009483813
0.0007924674
0.0005477744
0.0003442999
0.0002901685
0.0001779160
-0.0000447515
-0.0001992909
-0.0003636318
-0.0005603083
-0.0006276371
-0.0006293418
-0.0007593314
-0.0008760974
-0.0008775614
-0.0008329487
-0.0008183074
-0.0007858973
-0.0005838237
-0.0002689434
-0.0000412279
0.0000536098
0.0002851754
0.0005149915
0.0007325936
0.0009806545
0.0012417532
0.0014249400
0.0014996765
0.0015247307
0.0014793794
0.0015601963
0.0016536021
0.0015924576
0.0013951154
0.0013129221
0.0013693626
0.0014318462
0.0014299146
0.0013160874
0.0010474267
0.0008208415
0.0008207249
0.0009237671
0.0009622855
0.0009207825
0.0008734095
0.0008594558
0.0008588378
0.0007628929
0.0005024030
0.0002944820
0.0003035312
0.0002974585
0.0000626409
-0.0001859459
-0.0002108272
-0.0001218402
-0.0001832707
-0.0003908026
-0.0005730878
-0.0006873959
-0.0006789303
-0.0006270400
-0.0006160796
-0.0006501133
-0.0007798161
-0.0010377022
-0.0012200209
-0.0011983109
-0.0012162482
-0.0014633560
-0.0017092765
-0.0018282236
-0.0019957828
-0.0021601478
-0.0021777284
-0.0021223442
-0.0021036103
-0.0021465980
-0.0023033549
-0.0024555827
-0.0024557227
-0.0023728413
-0.0022168645
-0.0020948713
-0.0021128158
-0.0021951355
-0.0023475425
-0.0024594362
-0.0024542895
-0.0025233001
-0.0026489899
-0.0026769107
-0.0026410534
-0.0026259043
-0.0026416057
-0.0026600821
-0.0026348523
-0.0023681723
-0.0020730547
-0.0020449212
-0.0021538908
-0.0020721627
-0.0017592326
-0.0015209578
-0.0012976672
-0.0010876201
-0.0008403530
-0.0006060537
-0.0003312468
-0.0001060188
-0.0000739052
0.0000928539
0.0003512862
0.0004170199
0.0003553713
0.0004161870
0.0004531285
0.0003817581
0.0004629889
0.0006179561
0.0005273116
0.0003189887
0.0002640518
0.0003379663
0.0003972216
0.0003879413
0.0003516954
0.0003353028
0.0003432612
0.0003552356
0.0003943967
0.0006935828
0.0009594826
0.0009842076
0.0011599068
0.0014097832
0.0017453169
0.0019724938
0.0022180326
0.0024234166
0.0027175601
0.0029286823
0.0030705159
0.0032620496
0.0033659377
0.0033499881
0.0033057949
0.0033026505
0.0033324187
0.0033540002
0.0033523786
0.0033412286
0.0033358038
0.0033381215
0.0033193709
0.0031456604
0.0028711259
0.0027657076
0.0028198956
0.0027113870
0.0024178145
0.0022630413
0.0022972751
0.0022101782
0.0019390792
0.0017520158
0.0016148277
0.0014022977
0.0011323341
0.0008373271
0.0004416130
0.0000928535
-0.0001347317
-0.0003299456
-0.0005515309
-0.0006533827
-0.0006204097
-0.0006031657
-0.0007928135
-0.0010808547
-0.0010744088
-0.0010311216
-0.0010890202
-0.0011406373
-0.0011454894
-0.0011313557
-0.0011265167
-0.0011327368
-0.0011389926
-0.0011394916
-0.0011367284
-0.0011349078
-0.0011350536
-0.0011829486
-0.0014750015
-0.0015399255
-0.0012218325
-0.0010148795
-0.0012293458
-0.0014944887
-0.0014900267
-0.0012092027
-0.0010148838
-0.0010123754
-0.0008065020
-0.0005555676
-0.0002407642
-0.0000271123
0.0002183687
0.0003962089
0.0005597516
0.0008330153
0.0011375047
0.0013445107
0.0013563806
0.0012820375
0.0012647470
0.0013148614
0.0013035964
0.0011416529
0.0009843132
0.0008514588
0.0008177020
0.0008599710
0.0008352541
0.0005971263
0.0002989807
0.0001292591
-0.0000852944
-0.0001977314
-0.0002563052
-0.0005340070
-0.0007458760
-0.0007179764
-0.0006689631
-0.0008196618
-0.0010153938
-0.0011787530
-0.0012636147
-0.0014244648
-0.0016474563
-0.0017248669
-0.0016668707
-0.0016175578
-0.0016340070
-0.0016741761
-0.0016870094
-0.0016180570
-0.0014399005
-0.0012994792
-0.0011788454
-0.0011330266
-0.0011604963
-0.0011375726
-0.0009205029
-0.0006451834
-0.0005739236
-0.0006656850
-0.0007332150
-0.0007116641
-0.0006602491
-0.0006395394
-0.0006516762
-0.0006678277
-0.0006712223
-0.0007129202
-0.0008659180
-0.0009587768
-0.0009765226
-0.0010806936
-0.0011672835
-0.0011664294
-0.0011430338
-0.0010442424
-0.0007324150
-0.0005509791
-0.0005185511
-0.0003031604
-0.0001314596
-0.0000988774
0.0000396085
0.0002910525
0.0003970314
0.0003388180
0.0003352005
0.0005015578
0.0006827624
0.0008329289
0.0008512197
0.0007459335
0.0006084987
0.0006971751
0.0008058270
0.0007263444
0.0007325278
0.0008142825
0.0008448696
0.0008216391
0.0007989168
0.0008003429
0.0007153500
0.0004456527
0.0003700275
0.0003658997
0.0004034878
0.0005055548
0.0004727314
0.0005490796
0.0007801841
0.0008913045
0.0008373452
0.0008198596
0.0010391617
0.0013382394
0.0015193777
0.0017511701
0.0019203062
0.0020951568
0.0023051855
0.0023820151
0.0023359222
0.0023435079
0.0024713606
0.0024430462
0.0023338881
0.0023538238
0.0025103007
0.0024750686
0.0023483001
0.0022135913
0.0019273358
0.0016727344
0.0014080886
0.0012137222
0.0008668008
0.0003647998
0.0000069135
-0.0002196526
-0.0005068051
-0.0007456465
-0.0010774136
-0.0014152382
-0.0016098088
-0.0017081108
-0.0019596680
-0.0021356215
-0.0021164883
-0.0020959070
-0.0022106578
-0.0022409970
-0.0022510198
-0.0021450435
-0.0020508536
-0.0020712595
-0.0021244454
-0.0021304431
-0.0021089922
-0.0020895846
-0.0020957036
-0.0021107370
-0.0021147249
-0.0020582676
-0.0018364016
-0.0015793287
-0.0015237163
-0.0016149292
-0.0015755760
-0.0012215473
-0.0009792176
-0.0010279503
-0.0011545296
-0.0011799932
-0.0010274914
-0.0006603024
-0.0004658280
-0.0004581254
-0.0002614043
-0.0000775582
-0.0000239617
0.0001256556
0.0003655649
0.0004577737
0.0003983694
0.0003403958
0.0003525725
0.0003945837
0.0004146346
0.0004065674
0.0003929368
0.0003894037
0.0003939568
0.0003981813
0.0003984432
0.0003967177
0.0003956966
0.0004430913
0.0007599459
0.0010120134
0.0009770184
0.0008488871
0.0008163310
0.0008725165
0.0009240448
0.0009553001
0.0011841029
0.0014489844
0.0014861506
0.0015261960
0.0017589510
0.0019493036
0.0019458215
0.0018656846
0.0018358855
0.0018689919
0.0019059427
0.0019115112
0.0018971086
0.0018865912
0.0018876586
0.0018932551
0.0018905772
0.0017851372
0.0015200598
0.0013147556
0.0013223657
0.0012173508
0.0009186059
0.0007994419
0.0008738290
0.0009496178
0.0009385650
0.0008877387
0.0007847609
0.0006185264
0.0005663327
0.0005495304
0.0004322932
0.0003577976
0.0003210631
0.0001366290
-0.0001191815
-0.0002443503
-0.0003754223
-0.0005719482
-0.0006462286
-0.0006959765
-0.0009817509
-0.0011905543
-0.0012588958
-0.0014874744
-0.0016596393
-0.0016630771
-0.0017413075
-0.0018745492
-0.0020507360
-0.0021419458
-0.0021085368
-0.0020341743
-0.0018486342
-0.0015971682
-0.0014662597
-0.0012298155
-0.0010457028
-0.0010349419
-0.0008601058
-0.0005817417
-0.0005064688
-0.0005596895
-0.0003584797
-0.0000471995
0.0000199341
-0.0000838952
-0.0001435557
-0.0000897587
0.0001951431
0.0005219523
0.0005580479
0.0004230749
0.0003524178
0.0003940324
0.0004632533
0.0005744982
0.0006133461
0.0004731905
0.0003799528
0.0004064163
0.0004582825
0.0004659735
0.0004448736
0.0002702228
-0.0000744752
-0.0001984816
-0.0001881831
-0.0004049424
-0.0005566737
-0.0003989095
-0.0002288456
-0.0002609279
-0.0005032449
-0.0006639094
-0.0006215363
-0.0005064046
-0.0003351164
-0.0001180551
-0.0000129833
-0.0000634392
-0.0001295622
-0.0001193878
0.0000310498
0.0002262840
0.0002522964
0.0001592985
0.0000109999
-0.0001228044
-0.0001188444
-0.0000507416
-0.0000262872
-0.0002088956
-0.0005909213
-0.0007294651
-0.0006040217
-0.0004897750
-0.0005641710
-0.0008422051
-0.0011206733
-0.0011726351
-0.0010676662
-0.0010029433
-0.0010430173
-0.0011070931
-0.0011251076
-0.0011057579
-0.0010875092
-0.0010870224
-0.0010953512
-0.0010999959
-0.0010984633
-0.0010957261
-0.0011021897
-0.0011150011
-0.0011185309
-0.0011141321
-0.0011107059
-0.0011169833
-0.0011317276
-0.0011367323
-0.0010663774
-0.0008447076
-0.0006022472
-0.0005530540
-0.0006403998
-0.0006149963
-0.0002810899
-0.0000172112
-0.0000530757
-0.0001425950
0.0001365510
0.0004438267
0.0004671288
0.0004667295
0.0005453238
0.0004671536
0.0003104576
0.0002811543
0.0003346178
0.0001719924
-0.0001683148
-0.0002823591
-0.0003482068
-0.0005727752
-0.0006934960
-0.0008063958
-0.0012329245
-0.0016957877
-0.0017626178
-0.0015906890
-0.0015005597
-0.0015085810
-0.0013787980
-0.0011454513
-0.0010603113
-0.0010780606
-0.0008206316
-0.0005546835
-0.0005068706
-0.0003365451
-0.0001058801
-0.0000531410
-0.0001164514
-0.0001556025
-0.0001397285
-0.0001052703
-0.0000791475
0.0001101357
0.0004204853
0.0004939569
0.0003850568
0.0004603390
0.0008327798
0.0010362993
0.0009646816
0.0008472184
0.0008367206
0.0009484823
0.0012003560
0.0014481717
0.0014945223
0.0014462746
0.0016950801
0.0019754217
0.0019931217
0.0018765907
0.0018123887
0.0017283892
0.0016407052
0.0016352950
0.0015694665
0.0014126414
0.0013545328
0.0013956426
0.0014345204
0.0014257799
0.0012483032
0.0008968487
0.0007703338
0.0008298869
0.0007256495
0.0004617339
0.0003336211
0.0003311229
0.0000908970
-0.0001527990
-0.0001674552
-0.0000684429
-0.0000454967
-0.0002324688
-0.0005546141
-0.0007193747
-0.0006514295
-0.0005480489
-0.0005413949
-0.0005975571
-0.0006358163
-0.0006369794
-0.0006292741
-0.0006250576
-0.0006257813
-0.0006285724
-0.0006302488
-0.0006300659
-0.0006291601
-0.0006286230
-0.0006285965
-0.0006286614
-0.0006285760
-0.0006057313
-0.0004344581
-0.0001790714
-0.0000652303
-0.0001261843
-0.0002005136
-0.0001835074
-0.0000163453
0.0001607945
0.0001745690
0.0001177073
0.0002818537
0.0006165950
0.0006468941
0.0003794570
0.0002306160
0.0003583028
0.0006699021
0.0009275328
0.0009908924
0.0010910500
0.0012970815
0.0014069826
0.0013792520
0.0013311372
0.0013347754
0.0013887203
0.0015670469
0.0018290848
0.0019575518
0.0018996185
0.0018193113
0.0018201383
0.0018692364
0.0019112014
0.0021113024
0.0024208507
0.0024885344
0.0023866617
0.0025175356
0.0028738822
0.0030080255
0.0029121803
0.0028223403
0.0028398966
0.0028952379
0.0027727484
0.0024208600
0.0022775634
0.0023774394
0.0024803124
0.0023265245
0.0019368548
0.0017764124
0.0018781732
0.0019348301
0.0017185558
0.0014045404
0.0013109526
0.0014074381
0.0013892101
0.0010447934
0.0007981926
0.0008404389
0.0009658093
0.0009947231
0.0009173360
0.0006930191
0.0004066658
0.0003147207
0.0004070898
0.0004860598
0.0004686208
0.0004135696
0.0003974065
0.0004196981
0.0004249260
0.0002847355
0.0000025889
-0.0001604367
-0.0001094228
-0.0000156053
-0.0000055984
-0.0000480252
-0.0000725922
-0.0000743965
-0.0000648509
-0.0000495284
-0.0000449247
-0.0000499666
-0.0000544928
-0.0000540692
-0.0000513356
-0.0000497994
-0.0000500458
-0.0000507184
-0.0000507974
-0.0000503446
-0.0000498836
-0.0000496414
-0.0000459029
-0.0000336529
-0.0000263420
-0.0000285773
-0.0000325778
-0.0000327929
-0.0000296619
0.0000674353
0.0003860513
0.0005801422
0.0005118843
0.0003935095
0.0003904859
0.0004512059
0.0004717719
0.0002871893
-0.0000158272
-0.0001307057
-0.0000147344
0.0003313256
0.0006014353
0.0005634923
0.0004124754
0.0003617400
0.0004283813
0.0004948273
0.0005132421
0.0005048912
0.0004912628
0.0004878607
0.0004990141
0.0006031252
0.0007594837
0.0008823358
0.0008923529
0.0007348150
0.0005569236
0.0004368999
0.0004586123
0.0005334888
0.0005449706
0.0004979402
0.0004524435
0.0002571127
-0.0000476050
-0.0001235667
-0.0000172554
0.0000582158
0.0000323212
-0.0000258195
-0.0000476991
-0.0000254274
0.0000052230
0.0000113844
0.0000004053
-0.0000075418
0.0000051892
0.0002151999
0.0005434215
0.0006040044
0.0003692481
0.0000308738
-0.0001338136
-0.0001594935
-0.0003106401
-0.0005001058
-0.0005387059
-0.0004836730
-0.0004661958
-0.0006942656
-0.0010519018
-0.0011396082
-0.0011233678
-0.0013020253
-0.0015261353
-0.0015663410
-0.0014858746
-0.0014335188
-0.0014555882
-0.0014976637
-0.0015109000
-0.0014977835
-0.0014896516
-0.0015995523
-0.0018727671
-0.0020719257
-0.0020461174
-0.0019407289
-0.0018176357
-0.0017066651
-0.0017180846
-0.0018758014
-0.0020531713
-0.0020638734
-0.0019799153
-0.0019368026
-0.0019605264
-0.0019975351
-0.0020077054
-0.0019959750
-0.0019846832
-0.0019838453
-0.0019884770
-0.0019911661
-0.0019886058
-0.0018355070
-0.0014963098
-0.0014384879
-0.0017791888
-0.0021171415
-0.0021263694
-0.0019647513
-0.0018862926
-0.0019329285
-0.0020017992
-0.0020194600
-0.0019970686
-0.0019764873
-0.0019756065
-0.0019845526
-0.0019895967
-0.0019879284
-0.0019844723
-0.0019831922
-0.0019839312
-0.0019846720
-0.0019789673
-0.0019657777
-0.0019604145
-0.0019639059
-0.0019675187
-0.0019669664
-0.0019644714
-0.0019686067
-0.0019796484
-0.0018284352
-0.0014731815
-0.0013380269
-0.0014528349
-0.0015606128
-0.0013954220
-0.0009872001
-0.0008213027
-0.0009331037
-0.0010549053
-0.0010499838
-0.0009798831
-0.0009403063
-0.0009506708
-0.0009745873
-0.0009825483
-0.0009755009
-0.0009620556
-0.0008494145
-0.0005844354
-0.0003795492
-0.0001991041
0.0000307854
0.0000820480
-0.0000024001
-0.0001569239
-0.0003731311
-0.0003201237
0.0000409578
0.0003979270
0.0006206958
0.0005787136
0.0005594807
0.0007924677
0.0008597807
0.0005704618
0.0003982593
0.0004639003
0.0005746742
0.0005928320
0.0005440793
0.0005120694
0.0006186815
0.0009009038
0.0011153189
0.0010939021
0.0009886096
0.0009597248
0.0010066046
0.0010632200
0.0011865121
0.0014349656
0.0016095289
0.0015799882
0.0014907556
0.0014742748
0.0015196392
0.0015574996
0.0015585295
0.0015417929
0.0015324121
0.0015353248
0.0015554853
0.0016690876
0.0016813039
0.0015500263
0.0014814993
0.0015144785
0.0015766324
0.0017090011
0.0018131789
0.0016959389
0.0016106939
0.0015960623
0.0015498248
0.0015340155
0.0015493963
0.0015600746
0.0015538144
0.0015430171
0.0015393948
0.0015425007
0.0015460659
0.0015467437
0.0015595922
0.0016982809
0.0019632155
0.0021126124
0.0020446469
0.0018106204
0.0015481293
0.0014562635
0.0015393403
0.0015714733
0.0012432821
0.0009374175
0.0009444173
0.0010816530
0.0011323884
0.0010821386
0.0010256431
0.0009946296
0.0008417636
0.0005844767
0.0004787452
0.0005491708
0.0006230504
0.0006121650
0.0005517309
0.0005169345
0.0005265881
0.0005479211
0.0005544403
0.0005477802
0.0004940986
0.0001776971
-0.0000691209
-0.0000204219
0.0001167134
0.0001941877
0.0004493454
0.0006490269
0.0005892190
0.0002989615
-0.0000026913
-0.0000535199
0.0000728788
0.0001521936
0.0001202484
0.0001549898
0.0004596202
0.0006683515
0.0006212481
0.0004596427
0.0002715242
0.0002264234
0.0003514898
0.0005673383
0.0006451648
0.0005718914
0.0004995284
0.0005071862
0.0005608689
0.0005403826
0.0004132143
0.0004654603
0.0005949474
0.0006700308
0.0008199512
0.0010401080
0.0012155200
0.0014796375
0.0015184928
0.0011399907
0.0008771478
0.0009518370
0.0011164778
0.0012294845
0.0014051450
0.0015873746
0.0017517243
0.0020060931
0.0021025840
0.0020396700
0.0019818915
0.0018557741
0.0015764708
0.0014699723
0.0015531872
0.0014824042
0.0011293741
0.0009428405
0.0010149070
0.0011243384
0.0011315979
0.0010743164
0.0010348045
0.0008949636
0.0005885306
0.0003914688
0.0002330841
0.0000900069
0.0000603483
0.0000906490
0.0002496426
0.0005652544
0.0006732738
0.0005701323
0.0004794513
0.0004918180
0.0004499186
0.0002165171
0.0000015878
-0.0000930262
-0.0002595031
-0.0004345305
-0.0004579140
-0.0004001708
-0.0003770997
-0.0004156925
-0.0006519656
-0.0009838726
-0.0010577297
-0.0011361899
-0.0013830152
-0.0014904665
-0.0014367093
-0.0013897071
-0.0016058099
-0.0019737721
-0.0020681487
-0.0019425147
-0.0018486915
-0.0018735770
-0.0019243724
-0.0018020216
-0.0015246977
-0.0014793264
-0.0016542384
-0.0016630108
-0.0017362524
-0.0019234095
-0.0018364043
-0.0014946442
-0.0012779512
-0.0011977871
-0.0010491178
-0.0009205365
-0.0009156096
-0.0009862708
-0.0012527347
-0.0015139487
-0.0015110079
-0.0013876058
-0.0013412927
-0.0013892430
-0.0014439550
-0.0014531624
-0.0014553107
-0.0016162213
-0.0019021863
-0.0020217199
-0.0019337123
-0.0018403847
-0.0018488415
-0.0019083239
-0.0019030951
-0.0016084115
-0.0015118079
-0.0018208222
-0.0020671615
-0.0020279881
-0.0018920384
-0.0018479650
-0.0018958620
-0.0019458234
-0.0019512108
-0.0019298607
-0.0018169299
-0.0014911973
-0.0013067800
-0.0013764473
-0.0014877898
-0.0014962931
-0.0014873191
-0.0015646574
-0.0014985178
-0.0013857567
-0.0013709269
-0.0014190841
-0.0014497267
-0.0015900766
-0.0019078033
-0.0020329501
-0.0020135743
-0.0021572236
-0.0023956284
-0.0024712095
-0.0024073792
-0.0024334992
-0.0026973296
-0.0029684622
-0.0029953453
-0.0027360476
-0.0023420916
-0.0022453002
-0.0023951842
-0.0025073989
-0.0024797861
-0.0024018481
-0.0023628725
-0.0022687031
-0.0020256144
-0.0018240127
-0.0016351049
-0.0013991472
-0.0013481641
-0.0014229014
-0.0014631698
-0.0014272944
-0.0011891131
-0.0008531269
-0.0007881807
-0.0009046099
-0.0007756733
-0.0003128167
0.0000956172
0.0004277230
0.0006262577
0.0005882227
0.0005131894
0.0006581294
0.0009991313
0.0012023832
0.0011489854
0.0010649349
0.0013068293
0.0016503345
0.0017132498
0.0016039352
0.0016680454
0.0019742031
0.0021940475
0.0021466447
0.0018593464
0.0015403896
0.0014771373
0.0016048836
0.0016434008
0.0012970255
0.0009791885
0.0009890587
0.0010867736
0.0008242621
0.0005203262
0.0004963301
0.0006155438
0.0006710335
0.0006321901
0.0006274890
0.0008249643
0.0011056109
0.0011885977
0.0011002327
0.0011281607
0.0014750474
0.0017192158
0.0016750568
0.0015505886
0.0015709521
0.0017849013
0.0019764929
0.0021117932
0.0021226222
0.0020164164
0.0018920701
0.0018462273
0.0016603470
0.0015539220
0.0017365704
0.0020494223
0.0020125759
0.0018172345
0.0016744852
0.0015736724
0.0015763609
0.0014790972
0.0011575818
0.0009225193
0.0007460214
0.0006075343
0.0005028049
0.0002743075
0.0000653525
0.0000462808
0.0000196964
-0.0002080034
-0.0004355688
-0.0004526452
-0.0003635743
-0.0003356839
-0.0005733420
-0.0009409924
-0.0010239277
-0.0008919700
-0.0007947832
-0.0007178374
-0.0005066597
-0.0003325600
-0.0003191158
-0.0001481835
0.0001201079
0.0002099425
0.0003788292
0.0006109467
0.0006726098
0.0007391487
0.0009724674
0.0011740246
0.0013073591
0.0015166180
0.0017940158
0.0020758128
0.0024292706
0.0026770749
0.0027999917
0.0031118446
0.0035363825
0.0037105147
0.0036183122
0.0035173407
0.0035352815
0.0036366840
0.0039112203
0.0040378339
0.0037683380
0.0034805075
0.0033430536
0.0031845576
0.0029109786
0.0026190464
0.0022619161
0.0018970265
0.0016327013
0.0013028153
0.0008957923
0.0006136357
0.0004376482
0.0002235871
-0.0000784520
-0.0003588087
-0.0004540364
-0.0005389203
-0.0006424540
-0.0008097376
-0.0009272672
-0.0008722769
-0.0005306364
-0.0003990131
-0.0004283321
-0.0004379705
-0.0004145087
-0.0003853154
-0.0003721547
-0.0003727593
-0.0003760980
-0.0003762719
-0.0003986441
-0.0005837804
-0.0008665119
-0.0009700911
-0.0008869473
-0.0008079801
-0.0008208341
-0.0008967834
-0.0010996085
-0.0013746511
-0.0014704523
-0.0014098013
-0.0015195007
-0.0018173442
-0.0019743282
-0.0019167923
-0.0018276070
-0.0018230297
-0.0018717370
-0.0018792443
-0.0017349049
-0.0017261934
-0.0017278025
-0.0018116973
-0.0019046477
-0.0019003034
-0.0018639497
-0.0018552462
-0.0018462575
-0.0016741045
-0.0013930299
-0.0012845138
-0.0013396752
-0.0012548074
-0.0011127707
-0.0010552461
-0.0009197638
-0.0006480824
-0.0003681758
-0.0002944580
-0.0003826846
-0.0004459283
-0.0004267528
-0.0003689211
-0.0003387465
-0.0003495121
-0.0003695914
-0.0003750593
-0.0003682045
-0.0003616323
-0.0003610685
-0.0003636552
-0.0003651409
-0.0003645522
-0.0003633614
-0.0003645537
-0.0003763479
-0.0003857937
-0.0003843576
-0.0003793019
-0.0003778251
-0.0003796839
-0.0004057596
-0.0005921954
-0.0008739079
-0.0009762778
-0.0009173399
-0.0010027384
-0.0011404931
-0.0011905287
-0.0012941455
-0.0013723469
-0.0014109682
-0.0015855371
-0.0018426604
-0.0019288604
-0.0018547322
-0.0018383482
-0.0020631400
-0.0023723020
-0.0024605297
-0.0023611483
-0.0022817099
-0.0023012200
-0.0024084056
-0.0026028392
-0.0027374136
-0.0028422852
-0.0028715663
-0.0028398873
-0.0028210900
-0.0028406113
-0.0028248632
-0.0026219090
-0.0023555630
-0.0022864050
-0.0023516591
-0.0022302463
-0.0019253484
-0.0017243511
-0.0014712846
-0.0012893744
-0.0011620293
-0.0009391806
-0.0006378817
-0.0003794327
-0.0003009944
-0.0002279810
-0.0001266298
0.0000542204
0.0001953680
0.0003285803
0.0004204700
0.0005608375
0.0006800677
0.0008334055
0.0010689724
0.0011811166
0.0011539724
0.0012678756
0.0015598889
0.0017391755
0.0018580681
0.0020431876
0.0021433342
0.0021139000
0.0020689716
0.0020758743
0.0021102705
0.0021293272
0.0021245518
0.0021132842
0.0020869460
0.0019155476
0.0016458895
0.0015420969
0.0016193086
0.0016958486
0.0017075950
0.0017861779
0.0017293223
0.0016004355
0.0015727542
0.0016239022
0.0016615221
0.0016769781
0.0017830908
0.0017892895
0.0019729939
0.0021877177
0.0022005006
0.0021125359
0.0020982751
0.0022608692
0.0022703229
0.0021629955
0.0022334896
0.0022370278
0.0021893151
0.0024642190
0.0026946872
0.0023732444
0.0019693363
0.0017712754
0.0016735200
0.0016545225
0.0016800898
0.0016838232
0.0016559808
0.0016065987
0.0014492173
0.0013595554
0.0015132082
0.0015439044
0.0014166501
0.0013315742
0.0013442433
0.0013896994
0.0014377377
0.0015591609
0.0015236898
0.0015096951
0.0014383698
0.0013469765
0.0013439135
0.0013719027
0.0012560838
0.0010918048
0.0010626230
0.0011046836
0.0009928048
0.0008351087
0.0007925437
0.0007219926
0.0006157396
0.0005769232
0.0004835737
0.0003442825
0.0001884473
0.0000969474
0.0000881470
-0.0000255869
-0.0002794250
-0.0004611356
-0.0005634049
-0.0006272096
-0.0007500905
-0.0008831043
-0.0009186882
-0.0010117396
-0.0011565834
-0.0013104006
-0.0014083857
-0.0014073536
-0.0015027860
-0.0017725880
-0.0019590298
-0.0019444331
-0.0019783552
-0.0021177498
-0.0022913035
-0.0022920108
-0.0022730325
-0.0023389434
-0.0024086986
-0.0025495693
-0.0026677425
-0.0027671893
-0.0027285067
-0.0027334034
-0.0028464168
-0.0029065074
-0.0028863552
-0.0028537114
-0.0028648651
-0.0030066819
-0.0031428370
-0.0030252087
-0.0028207634
-0.0027814743
-0.0028622806
-0.0029033107
-0.0027693894
-0.0027022935
-0.0026919907
-0.0026110557
-0.0024526716
-0.0023279987
-0.0023217920
-0.0022664862
-0.0022532237
-0.0022305374
-0.0021159770
-0.0019150438
-0.0017972154
-0.0018346501
-0.0019013503
-0.0019066687
-0.0018548724
-0.0016764860
-0.0013584512
-0.0010693563
-0.0010509175
-0.0012868531
-0.0012920279
-0.0009567963
-0.0007232041
-0.0007672210
-0.0008921282
-0.0009250122
-0.0008526563
-0.0006544675
-0.0005062107
-0.0003790668
-0.0002995347
-0.0001555914
0.0000856550
0.0002005382
0.0001525486
0.0001007153
0.0001388146
0.0003567770
0.0006366312
0.0006018053
0.0005331581
0.0006216887
0.0008714638
0.0011681154
0.0012833363
0.0013442365
0.0014140353
0.0015808843
0.0017287509
0.0018721998
0.0019648241
0.0020900829
0.0021760639
0.0021657611
0.0021316243
0.0021307398
0.0021536855
0.0021695119
0.0021681870
0.0021603008
0.0021323111
0.0019946799
0.0020064682
0.0019920357
0.0018863729
0.0017248221
0.0017537476
0.0017594028
0.0016793824
0.0016124777
0.0014614425
0.0013518187
0.0013725762
0.0014150291
0.0012703170
0.0011336277
0.0012541708
0.0012884578
0.0011782458
0.0011004020
0.0011088372
0.0011467871
0.0011837155
0.0013096150
0.0012619570
0.0011117377
0.0010693061
0.0011454767
0.0013133071
0.0012626549
0.0011087338
0.0010288240
0.0009540407
0.0010396430
0.0011669945
0.0011794369
0.0011211290
0.0010863108
0.0010508415
0.0009177471
0.0008337735
0.0008587482
0.0008581779
0.0007048750
0.0005872407
0.0006010427
0.0006096344
0.0004664462
0.0003500234
0.0003601862
0.0003910375
0.0002764717
0.0002622086
0.0002492743
0.0003235616
0.0004475476
0.0006077653
0.0006842077
0.0006447150
0.0005963727
0.0005780964
0.0004583051
0.0003555799
0.0003681469
0.0003946576
0.0002444953
0.0001000778
0.0000945691
0.0001493591
0.0001740382
0.0001415889
-0.0000375185
-0.0001952905
-0.0002928555
-0.0002128187
-0.0002086780
-0.0003212618
-0.0003856290
-0.0003685477
-0.0003350001
-0.0003296782
-0.0003465411
-0.0003922656
-0.0005528836
-0.0006668271
-0.0006667446
-0.0007444458
-0.0007236566
-0.0007681611
-0.0008745063
-0.0009058913
-0.0008741682
-0.0008486092
-0.0008544278
-0.0008717191
-0.0008789514
-0.0008747767
-0.0008690153
-0.0008677411
-0.0008696830
-0.0008485747
-0.0007165339
-0.0007236923
-0.0007454297
-0.0006718326
-0.0007396242
-0.0008920812
-0.0009394966
-0.0008942834
-0.0008455609
-0.0008498319
-0.0008993980
-0.0010290185
-0.0010496459
-0.0010332008
-0.0010866909
-0.0010219767
-0.0010088809
-0.0011203598
-0.0011862428
-0.0011703768
-0.0011327452
-0.0011006739
-0.0009798586
-0.0008383106
-0.0007137263
-0.0007540326
-0.0009005201
-0.0008175745
-0.0006075780
-0.0005423881
-0.0006174381
-0.0006730286
-0.0005414604
-0.0003387047
-0.0001793060
-0.0002019277
-0.0001262825
0.0001036555
0.0001911925
0.0001171166
-0.0000602379
-0.0000655498
0.0001113088
0.0001939303
0.0001359138
-0.0000214815
-0.0000841177
-0.0000281712
-0.0000833744
-0.0001480098
-0.0001659244
-0.0002542146
-0.0004052752
-0.0004403500
-0.0002923593
-0.0000993997
-0.0000757361
-0.0001605425
-0.0002822144
-0.0004247049
-0.0004552040
-0.0004021603
-0.0003624913
-0.0003052073
-0.0001662731
-0.0001810128
-0.0003131095
-0.0003146894
-0.0003065644
-0.0001486498
0.0000616022
0.0000309276
-0.0000328165
-0.0000918197
0.0000156005
0.0001463521
0.0001583607
0.0001046029
0.0000756776
0.0000895292
0.0001125622
0.0001191714
0.0001121181
0.0001052570
0.0001049116
0.0001080049
0.0001113634
0.0001202492
0.0001207074
0.0001182837
0.0001295289
0.0002438642
0.0002820140
0.0002910057
0.0003696379
0.0004091591
0.0004072381
0.0005012131
0.0005441303
0.0005245281
0.0006048923
0.0006731851
0.0006692725
0.0006396403
0.0006313276
0.0006442841
0.0006623893
0.0007639541
0.0008265492
0.0007853144
0.0008549415
0.0009311301
0.0010128750
0.0011598056
0.0012170765
0.0011772732
0.0011388966
0.0011475899
0.0012527274
0.0013627961
0.0011843610
0.0008897965
0.0007670218
0.0007170321
0.0007057954
0.0006676883
0.0005011650
0.0003956050
0.0003703272
0.0002544831
0.0001394346
-0.0000277544
-0.0002395136
-0.0001846211
-0.0000054886
0.0000382497
-0.0000346414
-0.0001185733
-0.0002774383
-0.0003753357
-0.0003411351
-0.0002811024
-0.0002750771
-0.0003069706
-0.0003300014
-0.0003283163
-0.0003166675
-0.0003110617
-0.0003134008
-0.0003172314
-0.0003181424
-0.0003167845
-0.0003155702
-0.0003154941
-0.0003143231
-0.0001634855
0.0001703049
0.0002944404
0.0001252251
-0.0001408994
-0.0001980783
-0.0000884154
-0.0000066128
-0.0000216972
-0.0000257993
0.0001092373
0.0002127857
0.0001574575
-0.0000460298
-0.0001598131
-0.0001111741
-0.0000117236
0.0001504786
0.0002351441
0.0001913747
0.0001315971
0.0001294762
0.0001629865
0.0001849536
0.0001959778
0.0002956713
0.0003044719
0.0001830030
0.0002116475
0.0003029101
0.0002277772
0.0001354965
0.0000223683
-0.0001887894
-0.0003542571
-0.0003504812
-0.0002790542
-0.0003366576
-0.0005482389
-0.0007236014
-0.0008397146
-0.0008382702
-0.0007872286
-0.0007733502
-0.0008004892
-0.0008269919
-0.0008304136
-0.0008201962
-0.0008130244
-0.0008138505
-0.0008175971
-0.0008192053
-0.0007994376
-0.0006641586
-0.0005182919
-0.0003981662
-0.0004274059
-0.0004545513
-0.0003559647
-0.0002851771
-0.0002930733
-0.0003244407
-0.0003322958
-0.0003190677
-0.0003068219
-0.0003035607
-0.0003885001
-0.0004796125
-0.0004402742
-0.0005678759
-0.0008026251
-0.0008020577
-0.0006381945
-0.0006787226
-0.0008044233
-0.0008466799
-0.0008110712
-0.0006781208
-0.0004026913
-0.0003987145
-0.0005501619
-0.0004619080
-0.0002770832
-0.0002284113
-0.0002872188
-0.0003418478
-0.0003326449
-0.0002882386
-0.0001555908
-0.0000187463
-0.0000017697
0.0000642995
0.0001855423
0.0002204643
0.0001868906
0.0001685640
0.0002728050
0.0003629509
0.0004537826
0.0006822664
0.0007691751
0.0007760243
0.0008779210
0.0009533034
0.0009485683
0.0009212119
0.0009187115
0.0009957443
0.0011650274
0.0012431054
0.0011993968
0.0011458542
0.0011463988
0.0011771698
0.0011956986
0.0011918581
0.0011811799
0.0011771974
0.0011800210
0.0012078046
0.0013722506
0.0014864434
0.0013323198
0.0011161687
0.0011035221
0.0013078246
0.0013923088
0.0013763584
0.0014086708
0.0014336345
0.0014393536
0.0014367748
0.0014316947
0.0013303786
0.0011719279
0.0011390345
0.0011891657
0.0012206606
0.0011340134
0.0009428130
0.0007966555
0.0006876066
0.0006795764
0.0006712987
0.0004680942
0.0001876966
0.0001053817
0.0001920885
0.0002611720
0.0002198228
0.0000169654
-0.0001258242
-0.0000992894
-0.0000557127
-0.0001753301
-0.0001983425
-0.0002371972
-0.0003137399
-0.0003319830
-0.0003061452
-0.0002805626
-0.0002773872
-0.0002902921
-0.0002993300
-0.0002975537
-0.0002917672
-0.0002891769
-0.0002903872
-0.0002922315
-0.0002926544
-0.0002920141
-0.0002915289
-0.0002971284
-0.0003107372
-0.0003884876
-0.0005474422
-0.0005461625
-0.0003417095
-0.0002177462
-0.0002621194
-0.0003424638
-0.0003583181
-0.0003717822
-0.0005016453
-0.0006187224
-0.0007636539
-0.0008465386
-0.0008208442
-0.0007784174
-0.0007803233
-0.0008071413
-0.0008357495
-0.0009529424
-0.0009322635
-0.0009290527
-0.0010183718
-0.0010659478
-0.0010345468
-0.0008829742
-0.0007428718
-0.0007476849
-0.0008158139
-0.0008412441
-0.0008156935
-0.0007864671
-0.0007815258
-0.0007870489
-0.0006908213
-0.0004268408
-0.0002177060
-0.0002336754
-0.0003337819
-0.0003519836
-0.0001103546
0.0002472256
0.0003242293
0.0002728417
0.0004330195
0.0006942722
0.0007723108
0.0006980930
0.0006401447
0.0007348009
0.0008822882
0.0008769803
0.0008370405
0.0007119498
0.0007024655
0.0008421122
0.0008139334
0.0006909251
0.0006477753
0.0006359391
0.0005133624
0.0004192437
0.0003810786
0.0002556466
0.0001647095
0.0001773651
0.0002179979
0.0002234718
0.0001784943
0.0000092357
-0.0001340010
-0.0002610949
-0.0003164447
-0.0002855029
-0.0002536419
-0.0002634334
-0.0003113360
-0.0004689244
-0.0006044718
-0.0005951148
-0.0005347855
-0.0006235834
-0.0006879938
-0.0007170920
-0.0007889785
-0.0008159193
-0.0008101103
-0.0009178213
-0.0010617455
-0.0010847452
-0.0010316542
-0.0010017169
-0.0010177963
-0.0010440153
-0.0010464547
-0.0009399116
-0.0007749114
-0.0007385232
-0.0007939653
-0.0007492697
-0.0006514379
-0.0007330579
-0.0007613405
-0.0005224918
-0.0002356069
-0.0001189671
0.0000052281
0.0001670284
0.0002150595
0.0002518661
0.0003250398
0.0003028521
0.0003819133
0.0004752908
0.0004834020
0.0004944787
0.0006350618
0.0007394902
0.0007237208
0.0006724116
0.0006138774
0.0004798426
0.0004076920
0.0004402268
0.0004859974
0.0005336425
0.0006643077
0.0007392689
0.0006622865
0.0004589329
0.0003138325
0.0002022479
0.0001745444
0.0002119523
0.0002329477
0.0002144027
0.0001876878
0.0001793359
0.0001866361
0.0002170926
0.0003474234
0.0003375946
0.0003613104
0.0004472968
0.0004762571
0.0004529755
0.0004335047
0.0004389058
0.0004532411
0.0004591915
0.0004313434
0.0002871540
0.0002951727
0.0002815536
0.0002006227
0.0001691936
0.0001749721
0.0000674100
-0.0000853533
-0.0001188643
-0.0000805900
-0.0001716249
-0.0003247862
-0.0003620421
-0.0003128311
-0.0002784190
-0.0002902730
-0.0003163058
-0.0003259611
-0.0003192192
-0.0003110632
-0.0003098256
-0.0003119320
-0.0003046257
-0.0002937339
-0.0002918484
-0.0002959014
-0.0002983051
-0.0002971823
-0.0002952358
-0.0002893383
-0.0001966276
-0.0001335120
-0.0001562727
-0.0000966026
-0.0001359077
-0.0001986014
-0.0000947354
0.0000913124
0.0002413159
0.0002341817
0.0001620472
0.0001380178
0.0001738267
0.0003120110
0.0004857617
0.0005120703
0.0004424230
0.0004019820
0.0004214952
0.0004545729
0.0003861377
0.0001284976
-0.0000351829
0.0001273485
0.0002986222
0.0002919981
0.0002024383
0.0001596705
0.0001814656
0.0002146928
0.0002173166
0.0001936177
0.0001788082
0.0001822438
0.0001903840
0.0001916481
0.0001157677
-0.0000504014
-0.0001139935
-0.0000652928
-0.0000170483
-0.0000226594
-0.0000540668
-0.0001418582
-0.0002264346
-0.0000553899
0.0002154857
0.0002430411
-0.0000559206
-0.0003339570
-0.0002216232
-0.0000394933
-0.0000997154
-0.0001707638
-0.0002743650
-0.0003379489
-0.0003173003
-0.0002783240
-0.0002727204
-0.0002924250
-0.0003550240
-0.0005123866
-0.0006012658
-0.0005743892
-0.0005671526
-0.0006774512
-0.0006943593
-0.0007484059
-0.0008141478
-0.0008200219
-0.0007952309
-0.0007854797
-0.0008434349
-0.0010133174
-0.0011079752
-0.0010712248
-0.0009731272
-0.0008432343
-0.0009291300
-0.0010653339
-0.0009438636
-0.0007606246
-0.0007332029
-0.0007794018
-0.0006832052
-0.0006766863
-0.0006074843
-0.0003871000
-0.0003830737
-0.0003967806
-0.0003302802
-0.0002897860
-0.0002962074
-0.0003118247
-0.0002897281
-0.0001283382
-0.0000012806
-0.0000192358
-0.0000617101
0.0000733051
0.0002222463
0.0002312144
0.0001712232
0.0001443578
0.0001644013
0.0001905439
0.0001960110
0.0001867462
0.0001790781
0.0000966081
0.0000831944
-0.0000604801
-0.0001903918
-0.0001952155
-0.0002577574
-0.0003764901
-0.0004107386
-0.0003770870
-0.0003524466
-0.0003908375
-0.0006553718
-0.0008305696
-0.0008142092
-0.0006750188
-0.0004159228
-0.0002762946
-0.0003365561
-0.0004291166
-0.0004357767
-0.0003849788
-0.0003489935
-0.0003510651
-0.0003679037
-0.0003600946
-0.0002207340
-0.0000648233
-0.0000385997
0.0000215668
0.0001298288
0.0001605913
0.0001238406
0.0001035914
0.0001242859
0.0001759208
0.0004295493
0.0007060367
0.0007139445
0.0004646100
0.0002478930
0.0001537143
0.0001338240
0.0001667706
0.0001857230
0.0001677945
0.0001409295
0.0001313278
0.0001378173
0.0001458255
0.0001473139
0.0001445539
0.0001425163
0.0001428314
0.0001440628
0.0001436196
0.0001340193
0.0001232678
0.0001225708
0.0001272177
0.0001294209
0.0001279355
0.0001258807
0.0001254107
0.0001261217
0.0001267316
0.0001267251
0.0001274831
0.0001231063
0.0000111933
-0.0001314341
-0.0001545986
-0.0000996385
-0.0000671056
-0.0000822029
-0.0001087972
-0.0001168069
-0.0001083592
-0.0000994291
-0.0000979020
-0.0001006135
-0.0001021516
-0.0001011000
-0.0000858587
0.0000345813
0.0001667067
0.0001750705
0.0001187227
0.0000931570
0.0001125312
0.0001523241
0.0002710626
0.0002755550
0.0001491967
0.0001841993
0.0002455377
0.0002774728
0.0002456072
0.0002434436
0.0002209118
0.0001278917
0.0000918031
0.0001193073
0.0001462921
0.0001299651
-0.0000162451
-0.0002560514
-0.0002860386
-0.0002206317
-0.0002577428
-0.0003148706
-0.0003429807
-0.0004519874
-0.0005630884
-0.0004493603
-0.0002594709
-0.0002245382
-0.0002988400
-0.0003350578
-0.0002055099
-0.0000439691
-0.0000216542
-0.0000704864
-0.0000048555
0.0000369000
0.0000617680
0.0001335285
0.0001617627
0.0001438855
0.0001351058
0.0001661898
0.0003118544
0.0004194615
0.0004205470
0.0005059599
0.0006244726
0.0007834578
0.0009823016
0.0010539314
0.0009948797
0.0009390560
0.0009462594
0.0010199432
0.0011679717
0.0012768668
0.0013747489
0.0014009737
0.0013614611
0.0013299054
0.0013331961
0.0013467280
0.0013450481
0.0012627018
0.0010360925
0.0008314138
0.0008168772
0.0008949789
0.0009224478
0.0008815123
0.0007736699
0.0006181588
0.0005629024
0.0006031476
0.0005790759
0.0004318527
0.0003470085
0.0003680009
0.0004031737
0.0003225323
0.0001683375
0.0001205244
0.0001602878
0.0001102764
-0.0000364783
-0.0000948524
-0.0000588504
-0.0000218591
-0.0000385287
-0.0001635459
-0.0002869275
-0.0002901497
-0.0002354158
-0.0002119334
-0.0002417033
-0.0003527272
-0.0003676966
-0.0002576889
-0.0001976603
-0.0002219535
-0.0002533231
-0.0002712070
-0.0003806134
-0.0004700846
-0.0004560746
-0.0004084895
-0.0003957015
-0.0004147332
-0.0004316190
-0.0004308530
-0.0004209798
-0.0004145949
-0.0004520997
-0.0005788065
-0.0006499521
-0.0006194662
-0.0005713723
-0.0005638593
-0.0006176611
-0.0007097601
-0.0006556890
-0.0005529706
-0.0005636421
-0.0007104901
-0.0007981138
-0.0007634613
-0.0007058127
-0.0006979155
-0.0006649675
-0.0006038331
-0.0006628523
-0.0007285744
-0.0007221201
-0.0007317214
-0.0008229861
-0.0009227865
-0.0010157521
-0.0010231292
-0.0009770946
-0.0009525849
-0.0010281802
-0.0012156665
-0.0013498545
-0.0013797480
-0.0013351051
-0.0012901586
-0.0014117968
-0.0014905966
-0.0014054847
-0.0013918260
-0.0014689654
-0.0015068397
-0.0015560403
-0.0015964133
-0.0014946425
-0.0013527090
-0.0013187283
-0.0013428065
-0.0012785320
-0.0012480890
-0.0011865949
-0.0011086633
-0.0010696508
-0.0009817518
-0.0009045697
-0.0009003730
-0.0009033805
-0.0008091953
-0.0007814956
-0.0007417204
-0.0006561703
-0.0005690953
-0.0005827389
-0.0005589332
-0.0005004842
-0.0004713658
-0.0004705817
-0.0004695774
-0.0004272335
-0.0003477176
-0.0003348288
-0.0002925510
-0.0002534898
-0.0002456228
-0.0002482606
-0.0002412679
-0.0002252714
-0.0001702333
-0.0000708570
-0.0000304231
-0.0000042734
0.0000674711
0.0001033663
0.0000949719
0.0000875916
0.0001527066
0.0002588033
0.0002878335
0.0002560997
0.0002371591
0.0002989820
0.0003331155
0.0002891121
0.0003166537
0.0003978525
0.0004325245
0.0004731297
0.0005219252
0.0005283822
0.0005181762
0.0005772942
0.0006571948
0.0006679886
0.0006461753
0.0006997466
0.0007622927
0.0007737635
0.0008157560
0.0008552498
0.0008482399
0.0008342994
0.0008984584
0.0009589181
0.0009486140
0.0009085029
0.0008645445
0.0008128703
0.0008485652
0.0009221270
0.0009869540
0.0009898589
0.0009528687
0.0009252925
0.0008874995
0.0008153486
0.0007815601
0.0007899115
0.0007968673
0.0007828235
0.0007287610
0.0006424231
0.0005804511
0.0005332546
0.0005236535
0.0005324917
0.0005028243
0.0003970561
0.0002951035
0.0002848742
0.0003255731
0.0003473375
0.0003331538
0.0002851039
0.0001931128
0.0001169430
0.0001189096
0.0001562298
0.0001713807
0.0001592333
0.0001203071
0.0000888833
0.0001327058
0.0001777596
0.0001793622
0.0001613288
0.0001543428
0.0001619476
0.0001716695
0.0001752120
0.0001524380
0.0001249424
0.0001365557
0.0001252419
0.0001107123
0.0001129389
0.0001231395
0.0001294134
0.0001305706
0.0001313656
0.0001343677
0.0001212637
0.0000867252
0.0000768082
0.0000932868
0.0001094108
0.0001130547
0.0001110995
0.0001125311
0.0001185871
0.0001255812
0.0001308976
0.0001348104
0.0001386589
0.0001430348
0.0001476418
0.0001520520
0.0001561700
0.0001601432
0.0001642301
0.0001808299
0.0001991556
0.0001960497
0.0002087918
0.0002229953
0.0002259447
0.0002348899
0.0002598084
0.0002715186
0.0002662674
0.0002597513
0.0002611397
0.0002770503
0.0003018067
0.0003079889
0.0003076364
0.0003200507
0.0003268637
0.0003224567
0.0003158154
0.0003130424
0.0003215018
0.0003394702
0.0003426650
0.0003237770
0.0002962612
0.0003027052
0.0003419368
0.0003570262
0.0003486207
0.0003372706
0.0003210170
0.0003128115
0.0003128862
0.0003123164
0.0003072065
0.0003001044
0.0002941926
0.0002899345
0.0002860797
0.0002816701
0.0002715601
0.0002557217
0.0002484175
0.0002486118
0.0002433163
0.0002333220
0.0002299384
0.0002272092
0.0002303191
0.0002306871
0.0002217324
0.0002072374
0.0001973263
0.0001941182
0.0001962027
0.0001937015
0.0001912431
0.0001842241
0.0001796898
0.0001836755
0.0001863529
0.0001828806
0.0001773434
0.0001736500
0.0001717510
0.0001698595
0.0001671091
0.0001638823
0.0001607822
0.0001579612
0.0001552289
0.0001524189
0.0001495265
0.0001466251
0.0001437538
0.0001409031
0.0001375768
0.0001321311
0.0001300421
0.0001299302
0.0001278709
0.0001237249
0.0001179868
0.0001154756
0.0001133293
0.0001119103
0.0001103093
0.0001072948
0.0001037741
0.0001007039
0.0000980787
0.0000954538
0.0000926143
0.0000896554
0.0000867281
0.0000838707
0.0000811693
0.0000793203
0.0000764900
0.0000724404
0.0000690170
0.0000664595
0.0000640473
0.0000612076
0.0000574472
0.0000536457
0.0000501666
0.0000471333
0.0000445761
0.0000415349
0.0000382759
0.0000355641
0.0000331540
0.0000303139
0.0000276273
0.0000250170
0.0000222273
0.0000195921
0.0000171103
0.0000146133
0.0000120341
0.0000094178
0.0000068122
0.0000042217
0.0000016260
-0.0000009774
-0.0000034457
-0.0000058490
-0.0000083312
-0.0000108931
-0.0000136233
-0.0000164076
-0.0000191348
-0.0000217216
-0.0000242760
-0.0000269974
-0.0000298120
-0.0000325343
-0.0000351618
-0.0000378619
-0.0000406460
-0.0000434326
-0.0000461755
-0.0000488919
-0.0000515793
-0.0000542721
-0.0000570150
-0.0000597425
-0.0000624595
-0.0000651293
-0.0000678044
-0.0000705185
-0.0000732473
-0.0000759439
-0.0000786036
-0.0000812365
-0.0000838881
-0.0000865456
-0.0000891886
-0.0000918014
-0.0000944112
-0.0000970150
-0.0000996056
-0.0001021958
-0.0001047748
-0.0001073452
-0.0001099112
-0.0001124690
-0.0001150148
-0.0001175545
-0.0001200891
-0.0001226153
-0.0001251312
-0.0001276373
-0.0001301343
-0.0001326223
-0.0001351010
-0.0001375699
-0.0001400291
-0.0001424784
-0.0001449178
-0.0001473472
-0.0001497665
-0.0001521756
-0.0001545744
-0.0001569627
-0.0001593407
-0.0001617078
-0.0001640642
-0.0001664097
-0.0001687443
-0.0001710680
-0.0001733805
-0.0001756817
-0.0001779717
-0.0001802503
-0.0001825174
-0.0001847729
-0.0001870166
-0.0001892486
-0.0001914687
-0.0001936769
-0.0001958731
-0.0001980570
-0.0002002288
-0.0002023881
-0.0002045350
-0.0002066695
-0.0002087913
-0.0002109005
-0.0002129969
0.0000000000
