0.0000262453
0.0000262321
0.0000262056
0.0000262084
0.0000262239
0.0000262896
0.0000263494
0.0000264151
0.0000264368
0.0000264244
0.0000263275
0.0000262601
0.0000263290
0.0000265868
0.0000270008
0.0000275251
0.0000280717
0.0000286070
0.0000288838
0.0000287709
0.0000284756
0.0000283786
0.0000287406
0.0000300668
0.0000324239
0.0000351501
0.0000374772
0.0000388152
0.0000390431
0.0000388923
0.0000388943
0.0000395375
0.0000412501
0.0000441339
0.0000475863
0.0000511349
0.0000543239
0.0000570935
0.0000601864
0.0000644594
0.0000698019
0.0000790496
0.0000945254
0.0001119580
0.0001273346
0.0001364124
0.0001360301
0.0001260898
0.0001094489
0.0000917191
0.0000783149
0.0000737114
0.0000785021
0.0000900021
0.0001042521
0.0001181127
0.0001293891
0.0001378103
0.0001451091
0.0001530967
0.0001625399
0.0001742999
0.0001898809
0.0002076477
0.0002243116
0.0002376924
0.0002466062
0.0002514452
0.0002544510
0.0002572715
0.0002596909
0.0002585916
0.0002539548
0.0002468446
0.0002420223
0.0002407550
0.0002401814
0.0002331216
0.0002105190
0.0001628346
0.0000887941
-0.0000120987
-0.0001324485
-0.0002600300
-0.0003839843
-0.0004807354
-0.0005258284
-0.0005100270
-0.0004332163
-0.0003021603
-0.0001344985
0.0000510700
0.0002282533
0.0003615961
0.0004245339
0.0004124556
0.0003360438
0.0002164385
0.0000763771
-0.0000696122
-0.0002167829
-0.0003737857
-0.0005489443
-0.0007455474
-0.0009631527
-0.0011634226
-0.0012988509
-0.0013465277
-0.0012941569
-0.0011538485
-0.0009589491
-0.0007404088
-0.0005263017
-0.0003529958
-0.0002506016
-0.0002255203
-0.0002419701
-0.0002498941
-0.0002113030
-0.0001011471
0.0000762769
0.0002810782
0.0004502954
0.0005549664
0.0006019235
0.0005907425
0.0005157444
0.0003755663
0.0001756371
-0.0000844553
-0.0003989018
-0.0007556984
-0.0011285957
-0.0014284573
-0.0015860158
-0.0015704329
-0.0013829720
-0.0010610471
-0.0006413762
-0.0001686443
0.0003097196
0.0007550804
0.0011280285
0.0013821937
0.0015079765
0.0015722126
0.0016290014
0.0016685532
0.0016510737
0.0015372531
0.0012910945
0.0009127215
0.0004430547
-0.0000725226
-0.0005950968
-0.0010838818
-0.0014919624
-0.0017726749
-0.0018930345
-0.0018585941
-0.0017169178
-0.0015262164
-0.0013310878
-0.0011465221
-0.0009686226
-0.0007933642
-0.0006188427
-0.0004437772
-0.0002720717
-0.0001236810
-0.0000116676
0.0000460366
0.0000331651
-0.0000554946
-0.0001926346
-0.0003088845
-0.0003443366
-0.0002608045
-0.0000256211
0.0003600570
0.0007792598
0.0010691348
0.0011045614
0.0008245220
0.0002340163
-0.0005642962
-0.0013480121
-0.0018794099
-0.0020435195
-0.0018104925
-0.0012414422
-0.0004439349
0.0004744951
0.0014084332
0.0022533521
0.0029310142
0.0034354631
0.0038062005
0.0041076995
0.0043905069
0.0046609025
0.0048696897
0.0049494418
0.0049197337
0.0048758142
0.0048493992
0.0047814222
0.0046162745
0.0043319594
0.0039293313
0.0034272325
0.0028935685
0.0024008659
0.0019888459
0.0016346113
0.0012746170
0.0008665874
0.0003619511
-0.0002788129
-0.0010192370
-0.0017973516
-0.0025208231
-0.0030862942
-0.0034204786
-0.0034972822
-0.0033444337
-0.0030137603
-0.0025665137
-0.0021242902
-0.0018617607
-0.0019143253
-0.0023603669
-0.0031418309
-0.0041251276
-0.0051682426
-0.0061027494
-0.0067606930
-0.0070425932
-0.0069457984
-0.0065605600
-0.0060203838
-0.0055067565
-0.0051977903
-0.0051608592
-0.0052504742
-0.0052038143
-0.0047507041
-0.0037841821
-0.0024703148
-0.0010631757
0.0002219792
0.0012568056
0.0019922557
0.0024502996
0.0027100020
0.0028690323
0.0029895664
0.0030929045
0.0031603503
0.0031059050
0.0027398321
0.0019290272
0.0007186215
-0.0007061469
-0.0020494528
-0.0029872521
-0.0032867934
-0.0028298300
-0.0016088402
0.0001456250
0.0020767408
0.0038221758
0.0050555514
0.0057026485
0.0059180293
0.0058238647
0.0054791976
0.0049538311
0.0043869145
0.0039277565
0.0035445356
0.0031157941
0.0024983117
0.0015493075
0.0002512131
-0.0012814035
-0.0028389772
-0.0042068159
-0.0052335918
-0.0058637850
-0.0061099197
-0.0060289997
-0.0056810825
-0.0050771893
-0.0041916016
-0.0029348674
-0.0012993806
0.0005519151
0.0023234719
0.0036352826
0.0041354882
0.0036596871
0.0022801868
0.0003057718
-0.0018845485
-0.0039738348
-0.0057464101
-0.0070804242
-0.0078482971
-0.0080215102
-0.0077043637
-0.0070665143
-0.0062908177
-0.0054972838
-0.0046518989
-0.0035731931
-0.0021288079
-0.0002785145
0.0019219427
0.0042701523
0.0065001386
0.0084353175
0.0100246135
0.0112998265
0.0123252191
0.0131681173
0.0138937149
0.0144153286
0.0145457326
0.0141315017
0.0130913281
0.0115043871
0.0095786665
0.0075106137
0.0054147076
0.0033647888
0.0014028834
-0.0004378988
-0.0020859828
-0.0033472483
-0.0040032006
-0.0039864212
-0.0034269094
-0.0027005436
-0.0021328619
-0.0017726306
-0.0014982408
-0.0012150682
-0.0009519159
-0.0008176647
-0.0008071348
-0.0007831558
-0.0005922914
-0.0001325272
0.0006270683
0.0014898580
0.0021043487
0.0021285238
0.0013547147
-0.0001184621
-0.0020004917
-0.0038289201
-0.0052947671
-0.0064054929
-0.0072272056
-0.0077484197
-0.0078645261
-0.0074401332
-0.0063240966
-0.0045954504
-0.0025448448
-0.0005422471
0.0010228961
0.0020343747
0.0026551546
0.0029786098
0.0030224217
0.0028258236
0.0024184806
0.0018889661
0.0014307197
0.0012399948
0.0013668414
0.0016232178
0.0017646738
0.0017074454
0.0016225804
0.0017964136
0.0026238980
0.0042387809
0.0063901255
0.0086208489
0.0104454739
0.0116564721
0.0123744302
0.0126839516
0.0125733665
0.0120921207
0.0113673847
0.0106353635
0.0101358137
0.0099191453
0.0097970700
0.0095181231
0.0088083596
0.0075011147
0.0055876837
0.0031712757
0.0004168600
-0.0025051566
-0.0054396243
-0.0081134562
-0.0100106773
-0.0106875711
-0.0101765860
-0.0090258872
-0.0079766788
-0.0075421192
-0.0078397578
-0.0085393114
-0.0090979951
-0.0091276266
-0.0085293936
-0.0074160877
-0.0060167842
-0.0045898285
-0.0032783019
-0.0021447135
-0.0011612416
-0.0003159020
0.0002272444
0.0002367610
-0.0005706035
-0.0021199021
-0.0040199562
-0.0056396687
-0.0065241411
-0.0066877235
-0.0065043197
-0.0062816202
-0.0062609612
-0.0065356146
-0.0070160682
-0.0074285927
-0.0075712840
-0.0075350924
-0.0074845769
-0.0074393578
-0.0072673031
-0.0067192649
-0.0055709665
-0.0038243681
-0.0017574078
0.0000838103
0.0012512603
0.0015871988
0.0013166009
0.0008864992
0.0006201961
0.0005032978
0.0003733992
0.0000427524
-0.0006231557
-0.0015890239
-0.0027026378
-0.0038230924
-0.0049818567
-0.0064352058
-0.0084345110
-0.0109908220
-0.0137342681
-0.0160894673
-0.0176852300
-0.0183957091
-0.0182881803
-0.0174396003
-0.0158024693
-0.0134806016
-0.0107252633
-0.0078532034
-0.0053118242
-0.0035220074
-0.0025808401
-0.0022082012
-0.0021350948
-0.0023019939
-0.0026942516
-0.0032935975
-0.0041001391
-0.0050557859
-0.0060690875
-0.0069820905
-0.0075674355
-0.0077039569
-0.0074028958
-0.0067461177
-0.0058407183
-0.0047448429
-0.0034091966
-0.0017442929
0.0002619420
0.0024878410
0.0046831148
0.0066579532
0.0083177344
0.0096428693
0.0107384384
0.0117304827
0.0126825515
0.0135850311
0.0142804563
0.0146737745
0.0148823726
0.0148897679
0.0145861268
0.0138595791
0.0126375861
0.0109437768
0.0089003535
0.0067569522
0.0048896379
0.0036853074
0.0033416120
0.0038229010
0.0048708098
0.0062077580
0.0076472810
0.0090921123
0.0105580693
0.0121293079
0.0138098869
0.0155207844
0.0171481436
0.0185852421
0.0196651159
0.0201799685
0.0198479333
0.0182836090
0.0152941551
0.0110404377
0.0059928727
0.0008303454
-0.0037423902
-0.0072929114
-0.0096826892
-0.0108756275
-0.0109543289
-0.0100573396
-0.0084024790
-0.0063331481
-0.0042318786
-0.0024691684
-0.0012367315
-0.0005534591
-0.0003396550
-0.0004686149
-0.0008150579
-0.0013022030
-0.0018796181
-0.0025047282
-0.0031673938
-0.0038731125
-0.0046441637
-0.0055435512
-0.0066785404
-0.0081003959
-0.0097752478
-0.0115600889
-0.0133276694
-0.0150015759
-0.0165453681
-0.0180230283
-0.0193822463
-0.0204084574
-0.0209549376
-0.0211329397
-0.0211957472
-0.0214216872
-0.0220530029
-0.0231429381
-0.0245035705
-0.0257904748
-0.0267285787
-0.0271619824
-0.0270998522
-0.0266543384
-0.0259976393
-0.0253693727
-0.0250328500
-0.0252285028
-0.0260968179
-0.0276050551
-0.0296234253
-0.0319508430
-0.0342647146
-0.0362279910
-0.0375940658
-0.0382651965
-0.0383716746
-0.0381291610
-0.0376896544
-0.0371220581
-0.0364556900
-0.0357115396
-0.0348738109
-0.0339062932
-0.0327906060
-0.0315588196
-0.0302470249
-0.0289172326
-0.0276272410
-0.0263826264
-0.0251711352
-0.0240110283
-0.0229150500
-0.0219079446
-0.0210772164
-0.0205213401
-0.0202780629
-0.0203227531
-0.0205173384
-0.0206598311
-0.0206034879
-0.0203172198
-0.0198564989
-0.0193198959
-0.0188127378
-0.0184132879
-0.0181512688
-0.0180281787
-0.0180517911
-0.0182214405
-0.0184968693
-0.0187700125
-0.0188884691
-0.0187037825
-0.0181197083
-0.0171244235
-0.0158377514
-0.0144404583
-0.0131044171
-0.0120161045
-0.0113005828
-0.0109639069
-0.0108730690
-0.0107966292
-0.0105530147
-0.0100480966
-0.0092246105
-0.0080657289
-0.0065943846
-0.0048312963
-0.0028981134
-0.0009735186
0.0007730800
0.0022718136
0.0035914300
0.0048893363
0.0063090427
0.0079384338
0.0098102260
0.0120455541
0.0148553641
0.0184021159
0.0226927238
0.0275522827
0.0328197565
0.0384313876
0.0442343635
0.0501515958
0.0561375638
0.0618513652
0.0670777220
0.0717558922
0.0759309896
0.0797077213
0.0832264308
0.0866031454
0.0898706536
0.0930436979
0.0961277831
0.0990135829
0.1015726487
0.1037765001
0.1055483359
0.1068177930
0.1075722107
0.1078398541
0.1077115729
0.1072999244
0.1067077727
0.1059985167
0.1051699782
0.1042063138
0.1030880897
0.1017952740
0.1003351183
0.0987417513
0.0970300353
0.0952091607
0.0932876236
0.0912613555
0.0891557254
0.0870405459
0.0849638269
0.0829410291
0.0809907724
0.0791276559
0.0773070206
0.0755201309
0.0737556186
0.0719629610
0.0701134624
0.0681729225
0.0660982618
0.0637801061
0.0612292015
0.0585186156
0.0556858274
0.0528841523
0.0503071367
0.0480881118
0.0462519918
0.0447145085
0.0433895028
0.0421868189
0.0409652040
0.0395230939
0.0377352469
0.0357249900
0.0336817294
0.0318002084
0.0301988956
0.0288772166
0.0277811305
0.0267941314
0.0258919510
0.0252978847
0.0251621364
0.0254693172
0.0260598413
0.0267271906
0.0272741567
0.0275718838
0.0275650629
0.0272376348
0.0265890490
0.0256409650
0.0244057322
0.0229122283
0.0211543023
0.0190911175
0.0168179608
0.0143791083
0.0116776552
0.0086272534
0.0051872167
0.0013847524
-0.0026526321
-0.0068644787
-0.0113624234
-0.0162140293
-0.0215529169
-0.0275883259
-0.0343926608
-0.0418142291
-0.0495789736
-0.0573184208
-0.0648093950
-0.0719419717
-0.0787176109
-0.0851457900
-0.0912512557
-0.0969604619
-0.1022477044
-0.1069943232
-0.1110467876
-0.1142869163
-0.1166542783
-0.1181630659
-0.1189141331
-0.1190298015
-0.1186478539
-0.1178957337
-0.1169055275
-0.1157546587
-0.1145254571
-0.1133885652
-0.1126135411
-0.1123582951
-0.1126872310
-0.1135759610
-0.1149195387
-0.1165690049
-0.1184680209
-0.1206877160
-0.1233529727
-0.1265061048
-0.1302926969
-0.1350437433
-0.1400280890
-0.1440046618
-0.1457742479
-0.1447279187
-0.1410695598
-0.1354174100
-0.1281207244
-0.1193849680
-0.1093529496
-0.0983719138
-0.0866568751
-0.0744741128
-0.0621922197
-0.0500212564
-0.0380968035
-0.0266237280
-0.0155704240
-0.0047022995
0.0058394379
0.0159963821
0.0257943520
0.0350431851
0.0433342653
0.0503635230
0.0564391682
0.0617111414
0.0663328296
0.0703549230
0.0736494515
0.0760138698
0.0772527883
0.0773521105
0.0766177965
0.0755579690
0.0745837980
0.0739694126
0.0737325471
0.0736496909
0.0735656619
0.0734705520
0.0733922669
0.0733252065
0.0730991828
0.0725996281
0.0719560683
0.0712235732
0.0703096417
0.0692511784
0.0683020174
0.0676964872
0.0675837864
0.0679130574
0.0683266924
0.0684407573
0.0680233649
0.0670552010
0.0656314475
0.0638654514
0.0618434673
0.0596897317
0.0575465746
0.0555361741
0.0536156422
0.0514707379
0.0488760119
0.0457449940
0.0421243058
0.0382734055
0.0344513207
0.0305583222
0.0264199620
0.0220565952
0.0176457788
0.0134295405
0.0095333708
0.0059353664
0.0024911390
-0.0008917954
-0.0042406644
-0.0076158521
-0.0109886657
-0.0142353137
-0.0172121477
-0.0197602522
-0.0217872000
-0.0233540133
-0.0246679906
-0.0260348313
-0.0277315413
-0.0298528715
-0.0322513464
-0.0346354616
-0.0366896356
-0.0381324877
-0.0388246316
-0.0387841130
-0.0381441431
-0.0371975669
-0.0362920597
-0.0356644154
-0.0354085710
-0.0354729270
-0.0356597006
-0.0358216795
-0.0359415841
-0.0360909503
-0.0363657736
-0.0369497162
-0.0381484750
-0.0399100435
-0.0418086049
-0.0433699016
-0.0443276546
-0.0446952663
-0.0444912370
-0.0437123597
-0.0424315823
-0.0407765158
-0.0388213528
-0.0365635563
-0.0340772710
-0.0314444914
-0.0287687998
-0.0262100931
-0.0238803275
-0.0218450749
-0.0201236253
-0.0187015232
-0.0175355359
-0.0165364410
-0.0156217316
-0.0147016565
-0.0137403183
-0.0127637684
-0.0118487000
-0.0110943732
-0.0105846996
-0.0103686536
-0.0104250183
-0.0107019214
-0.0111483973
-0.0117999005
-0.0127885702
-0.0142076471
-0.0161638177
-0.0186477600
-0.0215175271
-0.0245608184
-0.0275912457
-0.0305803645
-0.0335299699
-0.0364590407
-0.0393942623
-0.0423499466
-0.0452668594
-0.0479773496
-0.0502739895
-0.0520148320
-0.0531847993
-0.0538759859
-0.0542513041
-0.0545068134
-0.0547939382
-0.0551873977
-0.0557206979
-0.0564307198
-0.0573668852
-0.0586023334
-0.0602454572
-0.0623078403
-0.0645991431
-0.0669920656
-0.0693233844
-0.0716324216
-0.0741265331
-0.0768341992
-0.0796228787
-0.0822554907
-0.0845605310
-0.0865014060
-0.0881468035
-0.0896073900
-0.0909001578
-0.0920049076
-0.0927744271
-0.0928904546
-0.0921080591
-0.0902357044
-0.0872685083
-0.0835027379
-0.0794303612
-0.0754217182
-0.0716216756
-0.0679714062
-0.0643119704
-0.0605764753
-0.0567838999
-0.0530511811
-0.0494501659
-0.0459715682
-0.0425802305
-0.0392090444
-0.0357626127
-0.0321670542
-0.0283765371
-0.0245025175
-0.0206960992
-0.0169685499
-0.0133998491
-0.0100343232
-0.0069073858
-0.0041673024
-0.0019970463
-0.0004566369
0.0005674568
0.0013082401
0.0021076774
0.0033492969
0.0052274410
0.0077958837
0.0110232106
0.0147550918
0.0187521871
0.0227686467
0.0266361014
0.0302354413
0.0334996946
0.0364162005
0.0389413292
0.0410078288
0.0426682323
0.0440261459
0.0452093004
0.0464397945
0.0478755145
0.0495442706
0.0512821454
0.0528570122
0.0540950931
0.0549115213
0.0553183593
0.0554087066
0.0553026353
0.0551514981
0.0550894636
0.0551995317
0.0555212159
0.0560029165
0.0565287018
0.0570052807
0.0574175754
0.0578396827
0.0584461223
0.0593495951
0.0605299495
0.0619057890
0.0633076437
0.0645816480
0.0656392497
0.0663822274
0.0667258822
0.0666348169
0.0661229607
0.0653425038
0.0645196614
0.0637322400
0.0629460631
0.0620873212
0.0610730144
0.0598749496
0.0586407220
0.0576128452
0.0568184353
0.0561250229
0.0554018139
0.0545529803
0.0535404206
0.0525110838
0.0517282336
0.0514043955
0.0516504751
0.0523729662
0.0533521153
0.0543212365
0.0551259854
0.0557623414
0.0563845051
0.0572073953
0.0583065448
0.0595898112
0.0608734845
0.0619600213
0.0627144151
0.0631331956
0.0633165707
0.0633977995
0.0634776402
0.0636118328
0.0638276372
0.0641559508
0.0646431560
0.0653367359
0.0662251548
0.0672899364
0.0685022892
0.0699197483
0.0718174480
0.0742264536
0.0767137680
0.0789160159
0.0805770177
0.0815971642
0.0819685095
0.0817347074
0.0810549369
0.0802078264
0.0794107839
0.0787152654
0.0780255866
0.0772508736
0.0763726502
0.0754736768
0.0746649550
0.0740425041
0.0736628541
0.0734986494
0.0734342934
0.0733593829
0.0732060199
0.0729402673
0.0725728710
0.0721534203
0.0717376552
0.0713481208
0.0709611951
0.0705451669
0.0700887156
0.0696244383
0.0692208792
0.0689174559
0.0686943998
0.0685317029
0.0684032542
0.0682622407
0.0680866917
0.0678679436
0.0676245684
0.0673946435
0.0672403232
0.0671903031
0.0672391505
0.0672743560
0.0669804102
0.0660055451
0.0639992372
0.0608561331
0.0566886942
0.0518228171
0.0466439195
0.0413608892
0.0360894904
0.0308914703
0.0257634783
0.0206860186
0.0156184815
0.0106411027
0.0061386992
0.0024497970
-0.0002951936
-0.0021587816
-0.0033541506
-0.0041679773
-0.0048062360
-0.0051874991
-0.0053437317
-0.0055141853
-0.0058833168
-0.0065636282
-0.0076331988
-0.0097085129
-0.0129874251
-0.0171519058
-0.0218576110
-0.0267799151
-0.0316523500
-0.0363197264
-0.0407259213
-0.0449118844
-0.0488984372
-0.0525293687
-0.0557498005
-0.0585982648
-0.0611413193
-0.0635628897
-0.0661383018
-0.0690168020
-0.0720535955
-0.0749114894
-0.0772515438
-0.0788869133
-0.0798509367
-0.0804028090
-0.0809252676
-0.0817103915
-0.0829786519
-0.0848580668
-0.0873229799
-0.0902462828
-0.0934001568
-0.0965087255
-0.0993952194
-0.1019293709
-0.1040758308
-0.1059775752
-0.1078621836
-0.1099190382
-0.1122890328
-0.1149967468
-0.1180105645
-0.1212985115
-0.1246644562
-0.1279437155
-0.1310529304
-0.1338508720
-0.1364422234
-0.1390658845
-0.1416779141
-0.1439910917
-0.1458000238
-0.1470218541
-0.1476345642
-0.1476874084
-0.1472127441
-0.1461867580
-0.1445807543
-0.1423638594
-0.1393496587
-0.1353641111
-0.1304400288
-0.1247282618
-0.1183535970
-0.1114851694
-0.1045719391
-0.0982249649
-0.0930307262
-0.0890507071
-0.0856756199
-0.0822173175
-0.0781145218
-0.0730454291
-0.0671846070
-0.0610498233
-0.0551909397
-0.0499572355
-0.0454068438
-0.0415025968
-0.0383705737
-0.0362331844
-0.0347583100
-0.0333509267
-0.0314993938
-0.0290274444
-0.0260432797
-0.0227781337
-0.0196812324
-0.0170733073
-0.0146696245
-0.0119772564
-0.0086702109
-0.0048284937
-0.0007282084
0.0034996564
0.0077189055
0.0117524101
0.0153362055
0.0181844783
0.0201020138
0.0210491884
0.0211793435
0.0207789291
0.0201838122
0.0196689978
0.0194004857
0.0194193043
0.0196784753
0.0200959444
0.0206134608
0.0212048370
0.0218693167
0.0226097001
0.0234282536
0.0243760792
0.0254554838
0.0266364365
0.0279288693
0.0293076047
0.0307514859
0.0322232969
0.0336699543
0.0350372018
0.0362502966
0.0372663505
0.0380756228
0.0386878303
0.0391028534
0.0393575011
0.0395119411
0.0396367041
0.0397908569
0.0400265496
0.0403864549
0.0408879242
0.0415158318
0.0422316695
0.0430116238
0.0438351123
0.0447187207
0.0457101235
0.0468332060
0.0480384268
0.0492424030
0.0503730484
0.0514017150
0.0523402976
0.0532266822
0.0540676179
0.0548767705
0.0555999796
0.0561378271
0.0563866591
0.0562926022
0.0558312926
0.0550332209
0.0539714070
0.0527274865
0.0513732586
0.0499469921
0.0484625684
0.0468764531
0.0451670346
0.0433371612
0.0413243195
0.0390742055
0.0365245215
0.0335479436
0.0301539493
0.0264497347
0.0225646198
0.0187362214
0.0152367876
0.0122424777
0.0097962515
0.0078511332
0.0063384612
0.0051964261
0.0044352090
0.0041524735
0.0044954413
0.0056343675
0.0075622828
0.0101071993
0.0130713871
0.0161972977
0.0192244030
0.0219337421
0.0241677180
0.0258809178
0.0271232587
0.0279872659
0.0286092621
0.0290976400
0.0295257305
0.0299199079
0.0302890035
0.0305873530
0.0307839151
0.0308452795
0.0307340387
0.0304617523
0.0300435222
0.0294911951
0.0288081218
0.0279662527
0.0268674144
0.0253121488
0.0231642002
0.0203795702
0.0170424480
0.0132005203
0.0089442108
0.0043464676
-0.0005869218
-0.0057717098
-0.0112472934
-0.0169300871
-0.0227466977
-0.0285972716
-0.0343164818
-0.0396988822
-0.0444812808
-0.0484965533
-0.0517284969
-0.0543577105
-0.0565831016
-0.0587056285
-0.0610366122
-0.0636341863
-0.0663384778
-0.0688923741
-0.0710332815
-0.0725356551
-0.0732225577
-0.0730867376
-0.0723570427
-0.0713573590
-0.0703794783
-0.0696484192
-0.0692656340
-0.0692632885
-0.0696263051
-0.0703565265
-0.0715203431
-0.0731527689
-0.0752394919
-0.0776278192
-0.0801643879
-0.0826986830
-0.0851437078
-0.0875526415
-0.0901588315
-0.0932298253
-0.0967661016
-0.1005010701
-0.1039914189
-0.1067931419
-0.1085041160
-0.1088555250
-0.1077835156
-0.1054164169
-0.1020352028
-0.0979790049
-0.0936603570
-0.0893329018
-0.0850630773
-0.0807493597
-0.0762902726
-0.0715386279
-0.0662045245
-0.0602265023
-0.0536138472
-0.0464275408
-0.0388858763
-0.0310074259
-0.0228202751
-0.0143891387
-0.0058937612
0.0023183316
0.0099244465
0.0167676295
0.0228268758
0.0281931141
0.0330158639
0.0373561233
0.0412692017
0.0448319001
0.0480967516
0.0511496281
0.0539658785
0.0564248562
0.0583278931
0.0594694279
0.0597440358
0.0591763677
0.0578423871
0.0558422778
0.0533095623
0.0504078949
0.0472859955
0.0440747300
0.0409189175
0.0380990293
0.0360326015
0.0348778077
0.0344018271
0.0342271637
0.0340717903
0.0337978286
0.0334054462
0.0328428040
0.0320925985
0.0311983878
0.0302186882
0.0292294393
0.0283539921
0.0277242177
0.0273881737
0.0273604353
0.0276313814
0.0281436445
0.0288096296
0.0295147931
0.0301077346
0.0304778353
0.0306279913
0.0306652790
0.0306918686
0.0307840109
0.0309255749
0.0310336805
0.0310653679
0.0310407408
0.0310211635
0.0310422725
0.0310591931
0.0309423041
0.0306096346
0.0300462266
0.0292592360
0.0282932261
0.0272315319
0.0261539940
0.0251435644
0.0242638810
0.0235553405
0.0230247854
0.0226278701
0.0222948727
0.0219087081
0.0213749124
0.0206064125
0.0195338383
0.0182283596
0.0168527881
0.0155330190
0.0143381995
0.0132689018
0.0122817423
0.0113239199
0.0103482363
0.0093422774
0.0083027739
0.0072307717
0.0061509984
0.0050881458
0.0040791929
0.0031745713
0.0024237674
0.0018448644
0.0014294874
0.0011808081
0.0010973619
0.0011780213
0.0014685133
0.0020163450
0.0028650331
0.0040305250
0.0054983560
0.0072044716
0.0090998283
0.0111204363
0.0131834608
0.0152335399
0.0171792805
0.0189472367
0.0204960763
0.0218126336
0.0229291274
0.0239165167
0.0248740303
0.0259066698
0.0270855403
0.0284003026
0.0297446701
0.0310300666
0.0321796909
0.0331655173
0.0339846740
0.0346343128
0.0351415739
0.0355079172
0.0357394934
0.0358608579
0.0359201640
0.0359769572
0.0360800129
0.0362496025
0.0364605963
0.0366495717
0.0367179963
0.0365730338
0.0361321630
0.0353468477
0.0342195051
0.0327523849
0.0309502977
0.0288600087
0.0264894157
0.0238523234
0.0210168907
0.0181223864
0.0152876645
0.0126059514
0.0101957373
0.0081278184
0.0063690812
0.0048231255
0.0033941307
0.0020422020
0.0007687311
-0.0003784077
-0.0013333583
-0.0020521599
-0.0025101849
-0.0027017523
-0.0026476612
-0.0023767234
-0.0019235307
-0.0013433291
-0.0006958682
-0.0000318770
0.0005977355
0.0011500524
0.0015837275
0.0018629805
0.0019548670
0.0018415181
0.0015457190
0.0011053479
0.0005474320
-0.0000731512
-0.0007220066
-0.0013759503
-0.0020065006
-0.0026144445
-0.0032214657
-0.0038637810
-0.0045605775
-0.0053401489
-0.0061732538
-0.0070096949
-0.0077618294
-0.0083625730
-0.0087337675
-0.0088164155
-0.0085487769
-0.0078593829
-0.0066987135
-0.0050163897
-0.0028411623
-0.0002873922
0.0025533553
0.0055173445
0.0084100538
0.0110772730
0.0134491919
0.0155105147
0.0172717865
0.0187516199
0.0199594446
0.0208997025
0.0215605731
0.0219399599
0.0220398373
0.0218302077
0.0213014021
0.0204607775
0.0193554150
0.0180900409
0.0167740101
0.0155137505
0.0143989847
0.0134637288
0.0127126785
0.0121239181
0.0116597102
0.0112983211
0.0110323674
0.0108411878
0.0106813653
0.0105078889
0.0102813817
0.0099712548
0.0095590869
0.0090619495
0.0084987114
0.0078740634
0.0072071617
0.0065230593
0.0058363697
0.0051478899
0.0044631389
0.0037901653
0.0031322911
0.0024810321
0.0018503310
0.0012453531
0.0006590953
0.0000871242
-0.0005001331
-0.0011832698
-0.0020257579
-0.0030525295
-0.0042663709
-0.0056375243
-0.0071137103
-0.0086448562
-0.0101722517
-0.0116719352
-0.0131107067
-0.0144788015
-0.0157714114
-0.0170115313
-0.0182419607
-0.0194794361
-0.0207017977
-0.0218640347
-0.0229151864
-0.0238091099
-0.0245155371
-0.0250571421
-0.0254907133
-0.0259002318
-0.0263851873
-0.0270279573
-0.0279391366
-0.0291808792
-0.0306541980
-0.0321814619
-0.0337082472
-0.0352543464
-0.0368373744
-0.0385115394
-0.0403458644
-0.0423041866
-0.0443652773
-0.0464927823
-0.0486666216
-0.0509582115
-0.0534544052
-0.0561031003
-0.0590051267
-0.0623199265
-0.0660064546
-0.0698144668
-0.0733418400
-0.0762369737
-0.0782258584
-0.0791046802
-0.0787877108
-0.0771875707
-0.0742640285
-0.0700864181
-0.0648894510
-0.0589524740
-0.0524077409
-0.0455437649
-0.0385610569
-0.0317023222
-0.0249679436
-0.0182012530
-0.0115264701
-0.0049397106
0.0016639822
0.0081527687
0.0142253049
0.0197060869
0.0244215280
0.0281295479
0.0305887172
0.0317913053
0.0320075644
0.0316856648
0.0312361063
0.0309258142
0.0308826390
0.0310527073
0.0312524526
0.0313331548
0.0312481446
0.0310617779
0.0308920447
0.0308237637
0.0309245458
0.0312303384
0.0317263510
0.0323650524
0.0330869930
0.0338312631
0.0345459998
0.0352213906
0.0358494658
0.0364117490
0.0368964651
0.0373033270
0.0376091436
0.0377391958
0.0376061998
0.0371604946
0.0363862363
0.0353087223
0.0340120295
0.0326021572
0.0311422648
0.0296812236
0.0282515347
0.0268683478
0.0255932904
0.0244889474
0.0235916972
0.0229259036
0.0224926268
0.0222539711
0.0221587008
0.0221832609
0.0223128584
0.0225615420
0.0229498151
0.0234837017
0.0241141079
0.0247584336
0.0253357707
0.0258108179
0.0261568181
0.0263431608
0.0263079074
0.0259791391
0.0253321329
0.0243599483
0.0230632769
0.0214839969
0.0197060725
0.0178417570
0.0159516273
0.0141089257
0.0123701103
0.0107675410
0.0093120906
0.0079992214
0.0068086069
0.0057142872
0.0047006529
0.0037546630
0.0028459776
0.0019661162
0.0011332900
0.0003345317
-0.0004657042
-0.0012983474
-0.0022006556
-0.0032120744
-0.0043302410
-0.0055252352
-0.0067706922
-0.0080334145
-0.0093399965
-0.0107483012
-0.0122623565
-0.0139039343
-0.0156641027
-0.0174837688
-0.0192988660
-0.0210601593
-0.0227453263
-0.0242910929
-0.0256519982
-0.0267996838
-0.0277112221
-0.0283753165
-0.0287994820
-0.0290140897
-0.0290574803
-0.0289674203
-0.0287607105
-0.0284374946
-0.0280128264
-0.0274893866
-0.0268857471
-0.0261943930
-0.0254108726
-0.0245482057
-0.0235946554
-0.0225642775
-0.0214631584
-0.0202965273
-0.0190590017
-0.0177657312
-0.0164577037
-0.0151545608
-0.0138720148
-0.0126077344
-0.0113315665
-0.0100335023
-0.0086930861
-0.0073021496
-0.0058754931
-0.0044545709
-0.0030930457
-0.0018353345
-0.0007133024
0.0002434032
0.0010231070
0.0016179350
0.0020120435
0.0022018197
0.0021935152
0.0019969932
0.0016127358
0.0010663035
0.0003935712
-0.0003651533
-0.0011442164
-0.0018961668
-0.0025670474
-0.0031035739
-0.0034718246
-0.0036389276
-0.0035856502
-0.0033107504
-0.0028246700
-0.0021748172
-0.0013935547
-0.0005126381
0.0004226482
0.0013908704
0.0023597298
0.0033066554
0.0042353273
0.0051435149
0.0060340400
0.0069104636
0.0077728434
0.0086314345
0.0094853994
0.0103594705
0.0112782532
0.0122559664
0.0132882732
0.0143579778
0.0154193035
0.0164462732
0.0174297542
0.0183634473
0.0192351897
0.0200221923
0.0207151643
0.0213061312
0.0217868266
0.0221630447
0.0224540563
0.0226815447
0.0228559449
0.0230015632
0.0231367394
0.0232608132
0.0233710082
0.0234559226
0.0234879163
0.0234512078
0.0233609419
0.0232237074
0.0230428764
0.0228249659
0.0225820550
0.0223069781
0.0220037367
0.0216962951
0.0214016457
0.0211287993
0.0208858859
0.0206772807
0.0204736367
0.0202197022
0.0198633127
0.0193284855
0.0185527889
0.0174573203
0.0159209403
0.0139344417
0.0115618145
0.0089122267
0.0061439142
0.0034298365
0.0008934116
-0.0014105582
-0.0034720280
-0.0052905213
-0.0068748967
-0.0082230648
-0.0092939326
-0.0100027842
-0.0102812453
-0.0101339636
-0.0095897715
-0.0087031475
-0.0076005326
-0.0064550320
-0.0054119696
-0.0045709549
-0.0039699050
-0.0035828429
-0.0033834781
-0.0033504290
-0.0034665498
-0.0037619172
-0.0042802162
-0.0050465933
-0.0060537943
-0.0072442579
-0.0085353792
-0.0098368396
-0.0110772611
-0.0122246667
-0.0132740474
-0.0142188191
-0.0150332992
-0.0157056912
-0.0162331039
-0.0165889334
-0.0167601122
-0.0167637763
-0.0166262522
-0.0163733301
-0.0160392103
-0.0156340476
-0.0151554128
-0.0145806916
-0.0138795465
-0.0130469993
-0.0121015886
-0.0110896632
-0.0100785826
-0.0091393155
-0.0083199554
-0.0076251549
-0.0070600189
-0.0066408530
-0.0063952879
-0.0063407277
-0.0064775195
-0.0067881011
-0.0072506552
-0.0078287318
-0.0084949706
-0.0092213341
-0.0099765823
-0.0107261727
-0.0114466390
-0.0121060617
-0.0126806369
-0.0131550810
-0.0135182076
-0.0137859730
-0.0139403484
-0.0139438809
-0.0137843001
-0.0134737783
-0.0130303850
-0.0124689251
-0.0118387989
-0.0111710140
-0.0105047632
-0.0099120181
-0.0094416546
-0.0091253769
-0.0089748212
-0.0090002596
-0.0091730228
-0.0094231304
-0.0096871311
-0.0099405941
-0.0101658209
-0.0103538701
-0.0105308551
-0.0106874538
-0.0108068630
-0.0108872158
-0.0109202363
-0.0108921580
-0.0107888031
-0.0106186200
-0.0103853325
-0.0101010366
-0.0097584923
-0.0093427776
-0.0088560343
-0.0083256012
-0.0077712614
-0.0072215144
-0.0067045676
-0.0062315571
-0.0058252289
-0.0054987006
-0.0052720881
-0.0051586239
-0.0051595812
-0.0053108237
-0.0056037763
-0.0060400519
-0.0066287740
-0.0073656464
-0.0082353401
-0.0092238087
-0.0103062577
-0.0114523423
-0.0126078182
-0.0137582657
-0.0148701763
-0.0158820682
-0.0167868071
-0.0176074979
-0.0183588737
-0.0190302055
-0.0196262390
-0.0201587471
-0.0206420344
-0.0210904513
-0.0215179579
-0.0219409699
-0.0223445314
-0.0226721079
-0.0228856673
-0.0229371091
-0.0228274287
-0.0225695093
-0.0221800491
-0.0217161188
-0.0212213986
-0.0207209082
-0.0202064840
-0.0196640748
-0.0190350591
-0.0182864140
-0.0174237016
-0.0164454811
-0.0153532004
-0.0142063787
-0.0130500843
-0.0118875864
-0.0107084718
-0.0095166273
-0.0082879138
-0.0070189833
-0.0057498086
-0.0044997397
-0.0032661942
-0.0020500585
-0.0008680461
0.0002603507
0.0013208736
0.0022824066
0.0031438269
0.0039042734
0.0045531344
0.0050866524
0.0055368451
0.0059191230
0.0062233480
0.0064487160
0.0065758053
0.0065977878
0.0065474662
0.0064654979
0.0063860162
0.0063151648
0.0062730331
0.0062591088
0.0062849206
0.0063491641
0.0064610344
0.0066239419
0.0068384227
0.0070982256
0.0073632363
0.0076142630
0.0078423809
0.0080606312
0.0082520693
0.0084003298
0.0085262392
0.0086536659
0.0088048869
0.0089733828
0.0091635692
0.0093557588
0.0095407853
0.0097146230
0.0098697020
0.0100016737
0.0101043489
0.0102003635
0.0103142131
0.0104649099
0.0106755615
0.0109460218
0.0112812951
0.0116805942
0.0121276565
0.0125999610
0.0130902750
0.0136160795
0.0141555521
0.0147009433
0.0152432089
0.0157723448
0.0162744531
0.0167479566
0.0171711456
0.0175477562
0.0178872801
0.0181909379
0.0184583419
0.0186773844
0.0188387386
0.0189284182
0.0189223296
0.0188300701
0.0186368849
0.0183210882
0.0178957069
0.0173383204
0.0166517146
0.0158574387
0.0149862660
0.0140702164
0.0131372054
0.0122073559
0.0112887503
0.0104003721
0.0095788556
0.0088199337
0.0081419725
0.0075540163
0.0070316151
0.0065573482
0.0061063776
0.0056712316
0.0052583769
0.0048506629
0.0044260642
0.0039677271
0.0034810316
0.0029874794
0.0025123293
0.0020834195
0.0017413121
0.0015158156
0.0014069704
0.0013898183
0.0014346873
0.0015300371
0.0016434453
0.0017624172
0.0018578510
0.0018937635
0.0018352242
0.0016806040
0.0014316229
0.0011173704
0.0007742827
0.0004387149
0.0001172718
-0.0001824433
-0.0004594787
-0.0007112384
-0.0009078885
-0.0010337751
-0.0010737103
-0.0010385088
-0.0009418114
-0.0007925893
-0.0006298247
-0.0004895375
-0.0003755848
-0.0002861862
-0.0002013350
-0.0001307429
-0.0000899624
-0.0000606433
-0.0000494047
-0.0000650700
-0.0000957601
-0.0001313082
-0.0001577605
-0.0001521657
-0.0001043088
-0.0000090465
0.0001150982
0.0002368504
0.0003370133
0.0004029151
0.0004166297
0.0003684982
0.0002700122
0.0001553940
0.0000629462
0.0000422256
0.0001082248
0.0002643078
0.0005071077
0.0008386855
0.0012562061
0.0017474701
0.0022945165
0.0028629198
0.0034402761
0.0040148058
0.0045764739
0.0051244331
0.0056514318
0.0061625772
0.0066468195
0.0070865678
0.0074631568
0.0077377767
0.0079169802
0.0080233124
0.0080664158
0.0080764485
0.0080839707
0.0080950397
0.0080975599
0.0080931203
0.0080734569
0.0080344676
0.0080110563
0.0080171616
0.0080443782
0.0080554736
0.0080277831
0.0079662320
0.0078635257
0.0077358620
0.0076109004
0.0075160752
0.0074566997
0.0074420598
0.0074723447
0.0075105778
0.0075378567
0.0075419684
0.0075009471
0.0074085608
0.0072477282
0.0070182940
0.0067042852
0.0062778412
0.0057180447
0.0050313814
0.0042415380
0.0033812380
0.0024837820
0.0015769803
0.0006796774
-0.0001991932
-0.0010576136
-0.0018887971
-0.0026565714
-0.0033107264
-0.0038209624
-0.0041742645
-0.0043581278
-0.0043437991
-0.0041478233
-0.0037944087
-0.0033278792
-0.0027750831
-0.0021602322
-0.0014923308
-0.0007859474
-0.0000382103
0.0007327679
0.0014768825
0.0021590051
0.0027697365
0.0033079047
0.0037884709
0.0042148215
0.0045829023
0.0049114409
0.0051833635
0.0053773361
0.0055096667
0.0056079430
0.0056806110
0.0057454313
0.0058267749
0.0059157461
0.0059972453
0.0060500320
0.0060582171
0.0060086422
0.0059305558
0.0058682820
0.0058543219
0.0059147193
0.0060474640
0.0062315810
0.0064639207
0.0067175369
0.0069683026
0.0072244318
0.0074955119
0.0077658118
0.0080144930
0.0082482520
0.0084806132
0.0086988994
0.0088524778
0.0088662704
0.0087132832
0.0084078854
0.0079503453
0.0073508917
0.0066338909
0.0058181925
0.0049295917
0.0039929405
0.0030320404
0.0020628649
0.0010984810
0.0001430442
-0.0007876442
-0.0016452264
-0.0024037211
-0.0030580173
-0.0036102366
-0.0040939069
-0.0045341052
-0.0049346608
-0.0052879390
-0.0056014572
-0.0058738871
-0.0060995926
-0.0062924332
-0.0064438217
-0.0065366676
-0.0065703677
-0.0065286907
-0.0063893525
-0.0061695944
-0.0058658002
-0.0054981382
-0.0050808247
-0.0046408705
-0.0041966635
-0.0037578509
-0.0033460971
-0.0029483608
-0.0025600757
-0.0021879438
-0.0018012148
-0.0014046042
-0.0010052395
-0.0005959271
-0.0001723915
0.0002589171
0.0006883350
0.0011079427
0.0014949184
0.0018344614
0.0021136211
0.0023076115
0.0024034339
0.0023975344
0.0022983999
0.0020943045
0.0018038989
0.0014373661
0.0010194591
0.0005642297
0.0000936667
-0.0003588139
-0.0007758852
-0.0011461099
-0.0014536703
-0.0017022761
-0.0018982344
-0.0020545460
-0.0021807854
-0.0022831550
-0.0023543302
-0.0023943346
-0.0024135648
-0.0024192393
-0.0024218456
-0.0024382374
-0.0024784951
-0.0025674352
-0.0026965037
-0.0028514224
-0.0030373320
-0.0032596341
-0.0035077768
-0.0037765594
-0.0040579858
-0.0043361310
-0.0046002179
-0.0048542912
-0.0051081898
-0.0053616839
-0.0056012873
-0.0058406226
-0.0060797186
-0.0063164979
-0.0065473561
-0.0067714030
-0.0069999661
-0.0072113763
-0.0073975300
-0.0075701543
-0.0077164451
-0.0078385875
-0.0079433544
-0.0080255166
-0.0080865722
-0.0081278280
-0.0081367048
-0.0081241639
-0.0080948578
-0.0080515606
-0.0079846007
-0.0078948469
-0.0077934138
-0.0077117375
-0.0076676504
-0.0076644314
-0.0076768240
-0.0076941874
-0.0077400359
-0.0078224638
-0.0079533345
-0.0081443227
-0.0083858359
-0.0086330380
-0.0088543637
-0.0090459000
-0.0092177920
-0.0094084355
-0.0096461194
-0.0099587737
-0.0103395294
-0.0107624720
-0.0111849048
-0.0115912138
-0.0119757151
-0.0123240775
-0.0126432008
-0.0129517098
-0.0132487573
-0.0135556676
-0.0138747359
-0.0141793894
-0.0144546291
-0.0146945149
-0.0149081102
-0.0151097198
-0.0152990088
-0.0154729638
-0.0156389898
-0.0157934920
-0.0159288526
-0.0160480368
-0.0161668740
-0.0162875349
-0.0164109050
-0.0165243907
-0.0166329463
-0.0167374452
-0.0168218092
-0.0168870531
-0.0169411179
-0.0169715392
-0.0169713668
-0.0169640074
-0.0169341892
-0.0168779753
-0.0168079807
-0.0167391444
-0.0166723329
-0.0166064332
-0.0165537015
-0.0164993352
-0.0164315831
-0.0163577281
-0.0162771958
-0.0161790344
-0.0160569925
-0.0159043260
-0.0157113226
-0.0154720352
-0.0151939163
-0.0148835214
-0.0145356353
-0.0141659390
-0.0137720655
-0.0133399686
-0.0128906183
-0.0124386546
-0.0119863462
-0.0115421104
-0.0111237127
-0.0107321440
-0.0103825252
-0.0100751075
-0.0098138710
-0.0096041672
-0.0094401300
-0.0093214221
-0.0092371394
-0.0091721612
-0.0091230314
-0.0090795786
-0.0090154260
-0.0089313564
-0.0088321898
-0.0087031834
-0.0085458834
-0.0083545793
-0.0081215312
-0.0078524854
-0.0075478463
-0.0072051298
-0.0068208894
-0.0063927270
-0.0058873902
-0.0053090240
-0.0046617928
-0.0039296161
-0.0031100813
-0.0022181930
-0.0012951272
-0.0004014454
0.0004299743
0.0012092322
0.0019421317
0.0025691727
0.0030637325
0.0034783248
0.0038728564
0.0042695109
0.0046530525
0.0050109665
0.0053385047
0.0056299782
0.0058791309
0.0060867286
0.0062657119
0.0064395497
0.0066192199
0.0068181538
0.0070555386
0.0073540724
0.0077099401
0.0081082604
0.0085387729
0.0089943027
0.0094601812
0.0099175586
0.0103705491
0.0108264139
0.0112855313
0.0117496698
0.0122300828
0.0127048260
0.0131487890
0.0135475232
0.0138740395
0.0141168906
0.0142695069
0.0143382761
0.0143447572
0.0142853530
0.0141604870
0.0139903733
0.0137749926
0.0135174298
0.0132290174
0.0129170572
0.0126095461
0.0123188553
0.0120551872
0.0118356373
0.0116759703
0.0115738432
0.0115144198
0.0114857337
0.0114843312
0.0114965610
0.0115188355
0.0115464782
0.0115706817
0.0115817100
0.0115609433
0.0114798940
0.0113382127
0.0111419330
0.0109150667
0.0106597034
0.0103839013
0.0101030637
0.0098189568
0.0095480609
0.0093067535
0.0090959488
0.0088967731
0.0086746481
0.0084198304
0.0081427790
0.0078312185
0.0074963161
0.0071516322
0.0067946133
0.0064205301
0.0060166837
0.0055678217
0.0050717158
0.0045181490
0.0039202582
0.0032787758
0.0025973802
0.0018942412
0.0012002240
0.0005351914
-0.0000912563
-0.0006823357
-0.0012257788
-0.0017135892
-0.0021431282
-0.0025044625
-0.0027968837
-0.0030316718
-0.0032332503
-0.0034075691
-0.0035553007
-0.0036931072
-0.0038200386
-0.0039429037
-0.0040409718
-0.0040912144
-0.0040657760
-0.0039665783
-0.0037972232
-0.0035729944
-0.0032920419
-0.0029627685
-0.0026198150
-0.0022671328
-0.0018923083
-0.0014890208
-0.0010586811
-0.0005936843
-0.0001043553
0.0003971851
0.0009042439
0.0013941808
0.0018486892
0.0022249170
0.0024986683
0.0026532926
0.0026605324
0.0025333904
0.0023046569
0.0020089896
0.0016781721
0.0013267502
0.0009787569
0.0006471687
0.0003481831
0.0000851863
-0.0001324158
-0.0002970846
-0.0004184788
-0.0005180271
-0.0005938731
-0.0006541275
-0.0007209033
-0.0008015671
-0.0008971992
-0.0009761666
-0.0009893487
-0.0009078482
-0.0007466089
-0.0005388781
-0.0003214391
-0.0001316978
0.0000218126
0.0001599065
0.0003051788
0.0004736351
0.0006863485
0.0009475793
0.0012208959
0.0014520991
0.0016400810
0.0017889039
0.0019172349
0.0020461311
0.0021628194
0.0022388410
0.0022703463
0.0022762611
0.0022782430
0.0022825502
0.0022939241
0.0023147552
0.0023306147
0.0023299073
0.0022931743
0.0022225292
0.0021343278
0.0020523212
0.0019891245
0.0019663730
0.0019589332
0.0019671202
0.0019993494
0.0020629151
0.0021770449
0.0023373806
0.0025580438
0.0028402792
0.0031650770
0.0035342348
0.0039423604
0.0043823744
0.0048251694
0.0052533246
0.0056679671
0.0060612854
0.0064433096
0.0068445592
0.0072593669
0.0076546715
0.0080233961
0.0083570014
0.0086370875
0.0088698748
0.0090530249
0.0091983488
0.0093316080
0.0094580439
0.0095727359
0.0096841922
0.0097854768
0.0098779135
0.0099661523
0.0100419746
0.0101016516
0.0101394659
0.0101424718
0.0101135751
0.0100640743
0.0100011831
0.0099453090
0.0098961026
0.0098435600
0.0097826049
0.0097051431
0.0095847766
0.0094139018
0.0091679107
0.0088244833
0.0083610915
0.0077812104
0.0071205336
0.0063998471
0.0056374118
0.0048546071
0.0040907214
0.0033756807
0.0027221217
0.0021560391
0.0016828790
0.0012866984
0.0009352152
0.0005991386
0.0002721497
-0.0000557815
-0.0003878775
-0.0007143689
-0.0010038298
-0.0012700851
-0.0015225723
-0.0017819597
-0.0020694998
-0.0023932849
-0.0027494245
-0.0031173186
-0.0034928259
-0.0038704272
-0.0042384362
-0.0045958836
-0.0049411753
-0.0052824679
-0.0056057843
-0.0059144226
-0.0062048861
-0.0064598401
-0.0066814482
-0.0068645792
-0.0070063083
-0.0070931997
-0.0071120757
-0.0070681849
-0.0069651339
-0.0068036791
-0.0066029670
-0.0063828116
-0.0061451420
-0.0058968485
-0.0056418203
-0.0053685168
-0.0050939376
-0.0048043405
-0.0044967433
-0.0041929539
-0.0038966794
-0.0036331908
-0.0034050035
-0.0032148434
-0.0030791550
-0.0029942596
-0.0029592384
-0.0029763482
-0.0030415490
-0.0031683104
-0.0033759608
-0.0036699496
-0.0040554680
-0.0045424794
-0.0051214032
-0.0057857632
-0.0065032379
-0.0072240824
-0.0079146563
-0.0085563565
-0.0091400861
-0.0096520836
-0.0101088746
-0.0105130919
-0.0108533889
-0.0111318691
-0.0113232282
-0.0114131782
-0.0113994502
-0.0112864647
-0.0111022424
-0.0108614806
-0.0105830937
-0.0103012868
-0.0100341317
-0.0097896579
-0.0095424223
-0.0092664981
-0.0089625220
-0.0086435686
-0.0083060886
-0.0079664905
-0.0076361904
-0.0073016015
-0.0069479548
-0.0065529229
-0.0060963473
-0.0055715169
-0.0049942684
-0.0043834251
-0.0037542514
-0.0031360845
-0.0025472883
-0.0019849510
-0.0014576508
-0.0009736445
-0.0005284428
-0.0001140467
0.0002670402
0.0006388194
0.0010067585
0.0013627326
0.0017411252
0.0021667764
0.0026420082
0.0031725130
0.0037702722
0.0044357451
0.0051211304
0.0058112663
0.0065076440
0.0071827452
0.0078302301
0.0084548947
0.0090557030
0.0096349762
0.0101825717
0.0106850916
0.0111424547
0.0115467366
0.0119056583
0.0122191669
0.0124938873
0.0127192672
0.0129028003
0.0130337284
0.0131157302
0.0131543702
0.0131612366
0.0131467235
0.0131053385
0.0130477963
0.0129778998
0.0129019075
0.0128218491
0.0127508732
0.0126743353
0.0125902226
0.0125071940
0.0124081160
0.0122855237
0.0121501990
0.0119924132
0.0118212823
0.0116540381
0.0115053157
0.0113731646
0.0112539947
0.0111497399
0.0110384656
0.0108883503
0.0106680298
0.0103703241
0.0100054503
0.0095689569
0.0090401943
0.0084252896
0.0077476467
0.0070294372
0.0062800598
0.0055204534
0.0047676990
0.0040317480
0.0033014428
0.0025777599
0.0018821787
0.0012153116
0.0005801255
0.0000075531
-0.0004977884
-0.0009478234
-0.0013351964
-0.0016667185
-0.0019461963
-0.0021694390
-0.0023402001
-0.0024641473
-0.0025522544
-0.0026142315
-0.0026532543
-0.0026774961
-0.0027092026
-0.0027682311
-0.0028617878
-0.0029957626
-0.0031889838
-0.0034428536
-0.0037650955
-0.0041537419
-0.0046033435
-0.0050967833
-0.0056050615
-0.0061413677
-0.0067141982
-0.0073237564
-0.0079466476
-0.0085590682
-0.0091481396
-0.0097181938
-0.0102731870
-0.0108211822
-0.0113426571
-0.0118207581
-0.0122542576
-0.0126485690
-0.0130053247
-0.0133348972
-0.0136426571
-0.0139437445
-0.0142516169
-0.0145895924
-0.0149542483
-0.0153494261
-0.0157762195
-0.0162462479
-0.0167740795
-0.0173414149
-0.0179292132
-0.0185214845
-0.0191054845
-0.0196743086
-0.0202256376
-0.0207611995
-0.0212814969
-0.0217876451
-0.0222806685
-0.0227636183
-0.0232426983
-0.0237029644
-0.0240967086
-0.0244046313
-0.0246391513
-0.0247980428
-0.0248945888
-0.0249283823
-0.0249010268
-0.0248150114
-0.0246602124
-0.0244444798
-0.0241854524
-0.0238851811
-0.0235493597
-0.0232046543
-0.0228494542
-0.0224683850
-0.0220442099
-0.0215836948
-0.0210618896
-0.0204469250
-0.0197004219
-0.0188193122
-0.0178217872
-0.0167386514
-0.0155792529
-0.0143648490
-0.0131171567
-0.0118234650
-0.0104879120
-0.0090857007
-0.0076692396
-0.0063069629
-0.0049888619
-0.0037436562
-0.0026171776
-0.0016275126
-0.0007868903
-0.0001039218
0.0004244058
0.0008138935
0.0010793245
0.0012389968
0.0013102000
0.0013169986
0.0012723992
0.0012091206
0.0011515447
0.0011147964
0.0011270154
0.0011935443
0.0013035801
0.0014562122
0.0016455985
0.0018560026
0.0021016424
0.0023747796
0.0026695695
0.0029923522
0.0033312371
0.0036859824
0.0040501334
0.0044229362
0.0047975985
0.0051714927
0.0055270445
0.0058634787
0.0061863739
0.0064867002
0.0067516128
0.0069969792
0.0072224190
0.0074304380
0.0076122454
0.0077751410
0.0079018090
0.0080003965
0.0080906025
0.0081825557
0.0082703589
0.0083533731
0.0084438281
0.0085333210
0.0086337393
0.0087524664
0.0088883822
0.0090408310
0.0092150732
0.0094098499
0.0096028054
0.0097853739
0.0099442272
0.0100880481
0.0102317589
0.0103785571
0.0105373601
0.0106916038
0.0108392037
0.0109800067
0.0110974270
0.0111838086
0.0112277904
0.0112399819
0.0112269862
0.0111849742
0.0111126796
0.0110128333
0.0108865649
0.0107413008
0.0105816314
0.0104259230
0.0102858404
0.0101666801
0.0100681693
0.0099862488
0.0099150193
0.0098502157
0.0098066384
0.0097955598
0.0098051235
0.0098550430
0.0099516632
0.0100906113
0.0102571088
0.0104413766
0.0106390923
0.0108523238
0.0110822942
0.0113355873
0.0116066100
0.0118922055
0.0121878098
0.0124705836
0.0127228309
0.0129404087
0.0131317127
0.0133124863
0.0134939778
0.0136792938
0.0138541918
0.0140206175
0.0141791596
0.0143099490
0.0144245620
0.0145228694
0.0146110053
0.0146949457
0.0147829020
0.0148818556
0.0149948316
0.0151307809
0.0152784742
0.0154336394
0.0155834747
0.0157288273
0.0158617539
0.0159707713
0.0160493316
0.0160963409
0.0160982388
0.0160600679
0.0160051272
0.0159355778
0.0158442396
0.0157525952
0.0156721730
0.0156057874
0.0155458758
0.0154830109
0.0154055109
0.0153102980
0.0152089224
0.0150958506
0.0149560649
0.0147836009
0.0145710251
0.0143045928
0.0139796776
0.0135678927
0.0130617157
0.0124472513
0.0117107953
0.0108713626
0.0099598459
0.0090083801
0.0080449311
0.0070893273
0.0061519988
0.0052357984
0.0043380983
0.0034544588
0.0025796889
0.0017123392
0.0008738422
0.0001097088
-0.0005619625
-0.0011672780
-0.0017296926
-0.0022761110
-0.0028172484
-0.0033314477
-0.0038156349
-0.0042742856
-0.0047129689
-0.0051494982
-0.0055859653
-0.0060240742
-0.0064620108
-0.0069027045
-0.0073397149
-0.0077594433
-0.0081414052
-0.0084719255
-0.0087719479
-0.0090408908
-0.0092806569
-0.0094983041
-0.0096929588
-0.0098643961
-0.0099960375
-0.0100950485
-0.0101602852
-0.0101850631
-0.0101597013
-0.0100900991
-0.0099724251
-0.0098146728
-0.0096117372
-0.0093672683
-0.0090896711
-0.0087825766
-0.0084503977
-0.0081036628
-0.0077413977
-0.0073811622
-0.0070212306
-0.0066608850
-0.0063067452
-0.0059654622
-0.0056416671
-0.0053263515
-0.0050186586
-0.0047241983
-0.0044656447
-0.0042805632
-0.0041729434
-0.0041097027
-0.0040737744
-0.0040487428
-0.0040134631
-0.0039750123
-0.0039290225
-0.0038515369
-0.0037417583
-0.0036101672
-0.0034789543
-0.0033490528
-0.0031948091
-0.0030023347
-0.0027766555
-0.0025090624
-0.0022090537
-0.0018955783
-0.0015897345
-0.0012981796
-0.0010422498
-0.0008267477
-0.0006490058
-0.0005077347
-0.0003823684
-0.0002536638
-0.0001187064
0.0000219968
0.0001559072
0.0002872309
0.0004274587
0.0005701509
0.0007146154
0.0008638746
0.0010188643
0.0011740412
0.0013330477
0.0015038074
0.0016834649
0.0018762466
0.0020666257
0.0022560463
0.0024403028
0.0026250372
0.0028014071
0.0029630749
0.0031087338
0.0032355623
0.0033492227
0.0034330172
0.0034923544
0.0035226895
0.0035262053
0.0035123983
0.0034837768
0.0034348480
0.0033741825
0.0033127942
0.0032567215
0.0031965538
0.0031435875
0.0031068168
0.0030767665
0.0030462638
0.0030170511
0.0029649895
0.0028842681
0.0027940860
0.0026973031
0.0025973012
0.0024970600
0.0023911646
0.0022818779
0.0021635192
0.0020369693
0.0019045243
0.0017577998
0.0016062416
0.0014663624
0.0013508450
0.0012577823
0.0012117427
0.0012208691
0.0012882038
0.0013929102
0.0015085830
0.0016246743
0.0017390971
0.0018307583
0.0019101559
0.0019869085
0.0020480472
0.0020794093
0.0020654784
0.0019798763
0.0017902073
0.0014842225
0.0010529218
0.0004939904
-0.0001546001
-0.0008306103
-0.0015047250
-0.0021455883
-0.0027335138
-0.0032488667
-0.0036750737
-0.0040212294
-0.0043107093
-0.0045573681
-0.0047748406
-0.0049754714
-0.0051485457
-0.0052787176
-0.0053709196
-0.0054171272
-0.0054220694
-0.0053875340
-0.0053075593
-0.0052185068
-0.0051296146
-0.0050535673
-0.0050057156
-0.0049774363
-0.0049671858
-0.0049655009
-0.0049781040
-0.0050141855
-0.0050819615
-0.0051689342
-0.0052508451
-0.0053249203
-0.0053919783
-0.0054486087
-0.0054891561
-0.0055062228
-0.0054945626
-0.0054600918
-0.0054115173
-0.0053583859
-0.0053113311
-0.0052824750
-0.0052641806
-0.0052475998
-0.0052344773
-0.0052430956
-0.0052616006
-0.0052828269
-0.0052948317
-0.0052997667
-0.0053049697
-0.0053072290
-0.0053099095
-0.0053117236
-0.0052927902
-0.0052495288
-0.0051921589
-0.0051353992
-0.0050773233
-0.0050118472
-0.0049303384
-0.0048402377
-0.0047501369
-0.0046671323
-0.0045786781
-0.0044671237
-0.0043441940
-0.0042182439
-0.0040998279
-0.0040052852
-0.0039518571
-0.0039346707
-0.0039649484
-0.0040482044
-0.0041749873
-0.0043206152
-0.0044694117
-0.0046045713
-0.0047281137
-0.0048313777
-0.0049157704
-0.0049999477
-0.0050732068
-0.0051447619
-0.0052106065
-0.0052795073
-0.0053608845
-0.0054431759
-0.0055274801
-0.0055971109
-0.0056383021
-0.0056455897
-0.0056216447
-0.0055617451
-0.0054633084
-0.0053373200
-0.0051793595
-0.0050024344
-0.0048061953
-0.0045990619
-0.0043884941
-0.0041784050
-0.0039816106
-0.0037883440
-0.0035901927
-0.0034038882
-0.0032257497
-0.0030564712
-0.0029080887
-0.0027833089
-0.0026781016
-0.0025681962
-0.0024285325
-0.0022579705
-0.0020540656
-0.0018104987
-0.0015384069
-0.0012383482
-0.0009099725
-0.0005579472
-0.0001935549
0.0001746950
0.0005254062
0.0008663376
0.0011984259
0.0015035666
0.0017809433
0.0020358258
0.0022656224
0.0024583746
0.0026220336
0.0027602590
0.0028528488
0.0029121453
0.0029780426
0.0030538242
0.0031444420
0.0032504032
0.0033684314
0.0035035096
0.0036301801
0.0037322043
0.0038099819
0.0038648317
0.0039060109
0.0039357046
0.0039743422
0.0040119458
0.0040341221
0.0040383487
0.0040280503
0.0039923183
0.0039251023
0.0038318208
0.0037300192
0.0036185462
0.0034996635
0.0033684290
0.0032019986
0.0029956478
0.0027495872
0.0024845358
0.0022235906
0.0019767990
0.0017696517
0.0016095410
0.0014906870
0.0014028468
0.0013408568
0.0013053801
0.0013000588
0.0013104099
0.0013410229
0.0013783103
0.0014194494
0.0014721844
0.0015383969
0.0016135347
0.0017063456
0.0018055532
0.0019026295
0.0019926235
0.0020659434
0.0021315405
0.0021975996
0.0022604176
0.0023126295
0.0023642375
0.0024173725
0.0024529586
0.0024680268
0.0024654588
0.0024466833
0.0024309880
0.0024292816
0.0024346043
0.0024583220
0.0024781505
0.0024896503
0.0024860700
0.0024589251
0.0024094100
0.0023275994
0.0022313301
0.0021407502
0.0020324539
0.0018961676
0.0017415887
0.0015719769
0.0013783326
0.0011592080
0.0009475252
0.0007505959
0.0005719615
0.0004313837
0.0003346298
0.0002743714
0.0002433195
0.0002492388
0.0002917437
0.0003625070
0.0004402083
0.0005260327
0.0006227129
0.0007178966
0.0008194991
0.0009277548
0.0010318404
0.0011413705
0.0012501883
0.0013608418
0.0014918131
0.0016605828
0.0018645233
0.0020891362
0.0023387122
0.0026110675
0.0028866830
0.0031624947
0.0034333139
0.0036922959
0.0039508519
0.0042027257
0.0044285891
0.0046375199
0.0048506438
0.0050703468
0.0052822764
0.0054801549
0.0056558379
0.0058084087
0.0059612045
0.0061176812
0.0062669708
0.0064227032
0.0065912063
0.0067543842
0.0069182897
0.0070688789
0.0072054936
0.0073376710
0.0074690180
0.0075913638
0.0077085807
0.0078099348
0.0078979869
0.0079760015
0.0080471329
0.0081089401
0.0081473598
0.0081578233
0.0081344623
0.0080700656
0.0079633409
0.0078095926
0.0076114245
0.0073565758
0.0070374668
0.0066432152
0.0062072483
0.0057525849
0.0052687016
0.0047770951
0.0042950355
0.0038279413
0.0033787059
0.0029462428
0.0025193441
0.0020764842
0.0016163255
0.0011355277
0.0006462265
0.0001522688
-0.0003368965
-0.0008223589
-0.0013049809
-0.0017908382
-0.0022790670
-0.0027662231
-0.0032336740
-0.0036850538
-0.0041529761
-0.0046275135
-0.0050762463
-0.0054795733
-0.0058340099
-0.0061307032
-0.0063853485
-0.0066064564
-0.0067839655
-0.0069227987
-0.0070354708
-0.0071208041
-0.0071633666
-0.0071756371
-0.0071680958
-0.0071385265
-0.0070710664
-0.0069621327
-0.0068232396
-0.0066550261
-0.0064640404
-0.0062832046
-0.0060953517
-0.0059044784
-0.0057130546
-0.0055096069
-0.0052980507
-0.0050853839
-0.0048623016
-0.0046341693
-0.0044071403
-0.0041749538
-0.0039395028
-0.0036959864
-0.0034362266
-0.0031657998
-0.0028958445
-0.0026454856
-0.0024230901
-0.0022393755
-0.0020959004
-0.0019761652
-0.0018724157
-0.0017724349
-0.0016739085
-0.0015813301
-0.0015017532
-0.0014306711
-0.0013776910
-0.0013495282
-0.0013395845
-0.0013391922
-0.0013436005
-0.0013499813
-0.0013607452
-0.0013656986
-0.0013512780
-0.0013292114
-0.0013060069
-0.0012882215
-0.0012774732
-0.0012779787
-0.0012829419
-0.0012894263
-0.0012862937
-0.0012699910
-0.0012519323
-0.0012333981
-0.0012390772
-0.0012566493
-0.0012849212
-0.0013174491
-0.0013667715
-0.0014342737
-0.0015117292
-0.0015793104
-0.0016203872
-0.0016295596
-0.0015926517
-0.0015039098
-0.0013813118
-0.0012611078
-0.0011583022
-0.0010979609
-0.0010904787
-0.0011310977
-0.0012127475
-0.0013038309
-0.0013951561
-0.0014956254
-0.0016272550
-0.0018025635
-0.0020180263
-0.0022633820
-0.0025223668
-0.0027791039
-0.0030243770
-0.0032638081
-0.0035085906
-0.0037687237
-0.0040391744
-0.0043310763
-0.0046479428
-0.0049977507
-0.0053591685
-0.0057066908
-0.0060189789
-0.0062959394
-0.0065431583
-0.0067299270
-0.0068327075
-0.0068518324
-0.0067896855
-0.0066561582
-0.0064663643
-0.0062428415
-0.0060068377
-0.0057717289
-0.0055371874
-0.0052890375
-0.0050185533
-0.0047337858
-0.0044403259
-0.0041608189
-0.0039212515
-0.0037198668
-0.0035546473
-0.0034236354
-0.0033123012
-0.0032298590
-0.0031931314
-0.0032052056
-0.0032636381
-0.0033540165
-0.0034641876
-0.0035698065
-0.0036431111
-0.0036758898
-0.0036520094
-0.0035782310
-0.0034601979
-0.0032817291
-0.0030521417
-0.0027738961
-0.0024505533
-0.0020786135
-0.0016811571
-0.0012973424
-0.0009419052
-0.0006284528
-0.0003582362
-0.0001289889
0.0000806932
0.0002688793
0.0004336076
0.0005617215
0.0006290985
0.0006305587
0.0005647344
0.0004366382
0.0002797085
0.0001240599
-0.0000216975
-0.0001291691
-0.0001747181
-0.0001620405
-0.0001099040
-0.0000094075
0.0001374655
0.0003119116
0.0005082950
0.0007492659
0.0010403007
0.0013651785
0.0017129612
0.0020713065
0.0024324456
0.0027930928
0.0031479960
0.0035049432
0.0038682038
0.0042330968
0.0045656466
0.0048653291
0.0051240478
0.0053366332
0.0055221622
0.0056877287
0.0058477475
0.0060116817
0.0061696829
0.0063016761
0.0064027598
0.0064686212
0.0065231742
0.0065847443
0.0066467477
0.0067246689
0.0068371615
0.0069714810
0.0071136481
0.0072574953
0.0073864155
0.0074805155
0.0075386010
0.0075861871
0.0076138752
0.0075929290
0.0075219963
0.0074118228
0.0072513373
0.0070504074
0.0068392676
0.0066204955
0.0063941487
0.0061726770
0.0059605416
0.0057614018
0.0055884496
0.0054478788
0.0053402399
0.0052687327
0.0052259906
0.0051986423
0.0051764325
0.0051573004
0.0051439146
0.0051248974
0.0051011032
0.0050770696
0.0050606994
0.0050604194
0.0050779097
0.0051015675
0.0051153481
0.0051270179
0.0051449414
0.0051824421
0.0052419205
0.0053026530
0.0053411565
0.0053647832
0.0053929979
0.0054133841
0.0054347898
0.0054643950
0.0054903193
0.0055216811
0.0055479213
0.0055535863
0.0055363425
0.0055196205
0.0055184167
0.0055146520
0.0055030588
0.0054854010
0.0054555685
0.0054016617
0.0053167974
0.0051913021
0.0050301058
0.0048334527
0.0046272335
0.0044382629
0.0042704228
0.0041221503
0.0040062569
0.0039097588
0.0038202205
0.0037471840
0.0036974678
0.0036597637
0.0036500780
0.0036525120
0.0036552164
0.0036551231
0.0036307162
0.0035721017
0.0034661429
0.0033162933
0.0031170889
0.0028516713
0.0025144402
0.0021192684
0.0016687164
0.0011730349
0.0006611765
0.0001417799
-0.0004054314
-0.0009821503
-0.0016043480
-0.0022924113
-0.0030474054
-0.0038535233
-0.0046779500
-0.0055003951
-0.0062994910
-0.0070507903
-0.0077532757
-0.0083891794
-0.0089714012
-0.0095023057
-0.0099672364
-0.0103744334
-0.0107488493
-0.0110865255
-0.0113875555
-0.0116613137
-0.0119199128
-0.0121582118
-0.0123669487
-0.0125321562
-0.0126789783
-0.0127997469
-0.0128831584
-0.0129424789
-0.0129597202
-0.0129404589
-0.0129122682
-0.0128699497
-0.0128146117
-0.0127524361
-0.0126785595
-0.0125864220
-0.0124755378
-0.0123591896
-0.0122336536
-0.0121050326
-0.0119689684
-0.0118202196
-0.0116529108
-0.0114575477
-0.0112269934
-0.0109770175
-0.0106968452
-0.0103761446
-0.0100183048
-0.0096443580
-0.0092677020
-0.0088957847
-0.0085265647
-0.0081516653
-0.0077554105
-0.0073375442
-0.0068922673
-0.0064134603
-0.0059054237
-0.0053799855
-0.0048295540
-0.0042552971
-0.0036697773
-0.0030700844
-0.0024540882
-0.0018276333
-0.0012049403
-0.0006122465
-0.0000654144
0.0004372655
0.0009001514
0.0013404846
0.0017541232
0.0021466528
0.0025247171
0.0028904189
0.0032421654
0.0035825557
0.0039110679
0.0042341642
0.0045535532
0.0048805098
0.0052092926
0.0055597945
0.0059196376
0.0062846526
0.0066692663
0.0070739862
0.0075004397
0.0079526692
0.0084213741
0.0088900216
0.0093412028
0.0097704182
0.0101856614
0.0105988943
0.0110076183
0.0114045432
0.0117906264
0.0121771668
0.0125517287
0.0128895533
0.0131864668
0.0134431919
0.0136807944
0.0139118274
0.0141283402
0.0143302298
0.0145017820
0.0146295845
0.0147279158
0.0147871741
0.0147963715
0.0147703156
0.0147236127
0.0146541135
0.0145673729
0.0144559382
0.0143127970
0.0141317315
0.0139155562
0.0136579456
0.0133329155
0.0129170596
0.0123783935
0.0117070091
0.0109216459
0.0100533212
0.0091370131
0.0082038203
0.0072764838
0.0063671881
0.0054797385
0.0046111385
0.0037607755
0.0029444502
0.0021762827
0.0014639861
0.0008177733
0.0002421424
-0.0002719499
-0.0007430263
-0.0011815261
-0.0016022223
-0.0020054593
-0.0023858254
-0.0027461265
-0.0030746651
-0.0033629723
-0.0036273248
-0.0038843299
-0.0041454898
-0.0044196166
-0.0047013661
-0.0050004455
-0.0053131979
-0.0056352483
-0.0059729461
-0.0063243527
-0.0066668730
-0.0070069019
-0.0073415817
-0.0076481857
-0.0079214796
-0.0081756295
-0.0084220179
-0.0086514114
-0.0088656410
-0.0090775730
-0.0092794124
-0.0094696610
-0.0096361801
-0.0097771051
-0.0098997835
-0.0099961164
-0.0100646918
-0.0101121343
-0.0101384319
-0.0101449130
-0.0101393988
-0.0101203122
-0.0100848530
-0.0100382889
-0.0099749788
-0.0098756518
-0.0097690133
-0.0096740589
-0.0095897691
-0.0095203608
-0.0094669231
-0.0094341061
-0.0094329453
-0.0094655541
-0.0095369967
-0.0096419048
-0.0097811593
-0.0099504617
-0.0101309337
-0.0102951217
-0.0104219357
-0.0105150138
-0.0105721396
-0.0105810738
-0.0105225431
-0.0103894586
-0.0101812937
-0.0099051972
-0.0095738919
-0.0092089367
-0.0088364690
-0.0084727536
-0.0081349553
-0.0078310031
-0.0075790120
-0.0073755858
-0.0071894345
-0.0070268573
-0.0068839961
-0.0067443922
-0.0065949231
-0.0064134938
-0.0061800436
-0.0058911692
-0.0055338726
-0.0051135771
-0.0046426081
-0.0041500682
-0.0036623485
-0.0031812701
-0.0027240579
-0.0023043451
-0.0019402470
-0.0016226436
-0.0013521546
-0.0011151920
-0.0008929468
-0.0006880928
-0.0004993778
-0.0003200838
-0.0001522658
0.0000003082
0.0001448990
0.0002758196
0.0004095936
0.0005593641
0.0007217743
0.0008967794
0.0010732604
0.0012543426
0.0014445640
0.0016435207
0.0018403636
0.0020371208
0.0022381762
0.0024268117
0.0026109718
0.0027901705
0.0029572927
0.0031272891
0.0033076199
0.0034932375
0.0036848312
0.0038763243
0.0040721709
0.0042699824
0.0044590679
0.0046428091
0.0048221563
0.0050102413
0.0052097521
0.0054176729
0.0056278314
0.0058366832
0.0060337408
0.0061992953
0.0063583640
0.0065141658
0.0066690461
0.0068502050
0.0070683811
0.0072995433
0.0075307653
0.0077727405
0.0080382562
0.0083185553
0.0086167516
0.0089364948
0.0092467151
0.0095316859
0.0097802738
0.0099970067
0.0101913910
0.0103716308
0.0105531846
0.0107187439
0.0108417622
0.0109004413
0.0109101868
0.0108696921
0.0107974884
0.0107045372
0.0105965106
0.0104536375
0.0102550146
0.0100092461
0.0097161835
0.0094111351
0.0091253410
0.0088556513
0.0086059243
0.0083746137
0.0081644480
0.0079677422
0.0077801501
0.0075980699
0.0074378381
0.0072946945
0.0071658580
0.0070510608
0.0069505826
0.0068560782
0.0067447105
0.0066067627
0.0064387240
0.0062413553
0.0060167053
0.0057678709
0.0055122754
0.0052459029
0.0049725635
0.0046924319
0.0044016022
0.0041080705
0.0037987358
0.0034760847
0.0031427834
0.0027947370
0.0024380722
0.0020872285
0.0017332959
0.0013765415
0.0010167908
0.0006558516
0.0002888062
-0.0000659667
-0.0003985909
-0.0007077713
-0.0009989063
-0.0012723348
-0.0015245341
-0.0017572328
-0.0019852519
-0.0022144262
-0.0024458696
-0.0026694019
-0.0028763894
-0.0030692802
-0.0032354354
-0.0033697310
-0.0034878023
-0.0036124863
-0.0037555605
-0.0039186787
-0.0041012879
-0.0042911009
-0.0044727719
-0.0046477250
-0.0048257462
-0.0050009290
-0.0051693794
-0.0053458402
-0.0055234594
-0.0057010283
-0.0058750886
-0.0060467341
-0.0062189348
-0.0063871770
-0.0065480430
-0.0066862827
-0.0068017788
-0.0068801428
-0.0069143097
-0.0069126463
-0.0068959722
-0.0068764332
-0.0068631767
-0.0068520000
-0.0068433266
-0.0068335117
-0.0068153058
-0.0067830560
-0.0067590751
-0.0067401632
-0.0067233335
-0.0067094978
-0.0066895615
-0.0066550860
-0.0066077703
-0.0065533609
-0.0064962351
-0.0064384416
-0.0063928443
-0.0063490085
-0.0063026885
-0.0062522400
-0.0061983476
-0.0061369880
-0.0060510205
-0.0059355195
-0.0057979380
-0.0056352291
-0.0054590388
-0.0052702955
-0.0050745806
-0.0048927516
-0.0047213670
-0.0045570378
-0.0044175010
-0.0043050300
-0.0041962614
-0.0040970924
-0.0040125345
-0.0039613681
-0.0039392563
-0.0039485639
-0.0039912987
-0.0040523472
-0.0041325085
-0.0042354087
-0.0043471210
-0.0044683491
-0.0046001604
-0.0047429211
-0.0049121326
-0.0051102815
-0.0053219048
-0.0055285834
-0.0057534776
-0.0060052916
-0.0062772405
-0.0065589684
-0.0068432812
-0.0071047713
-0.0073365821
-0.0075368730
-0.0076940558
-0.0077830772
-0.0077895798
-0.0077207746
-0.0075994412
-0.0074487659
-0.0072802772
-0.0070948870
-0.0069189455
-0.0067585031
-0.0065917136
-0.0064161049
-0.0062351375
-0.0060510612
-0.0058797819
-0.0057141627
-0.0055502476
-0.0054061539
-0.0052613852
-0.0051055499
-0.0049328658
-0.0047492945
-0.0045702058
-0.0044132098
-0.0042789022
-0.0041441400
-0.0039914830
-0.0037982404
-0.0035578352
-0.0032844288
-0.0030071524
-0.0027235146
-0.0024340108
-0.0021391486
-0.0018218975
-0.0014884443
-0.0011742657
-0.0008766544
-0.0005948549
-0.0003525147
-0.0001460904
0.0000339790
0.0001792586
0.0003054667
0.0004135766
0.0005025970
0.0005783516
0.0006495962
0.0007199817
0.0007875990
0.0008681964
0.0009580239
0.0010673688
0.0012082476
0.0013793222
0.0015667951
0.0017473624
0.0019107612
0.0020403295
0.0021421383
0.0022411872
0.0023455755
0.0024675099
0.0026182020
0.0027869013
0.0029612105
0.0031439633
0.0033350951
0.0035154115
0.0036617789
0.0037841222
0.0038992283
0.0040293427
0.0041755689
0.0043473053
0.0045436377
0.0047398433
0.0049374394
0.0051166357
0.0052599062
0.0053742775
0.0054748633
0.0055648635
0.0056394222
0.0057036011
0.0057525466
0.0057766711
0.0057524030
0.0056889588
0.0056012801
0.0054941390
0.0053781618
0.0052465539
0.0051086062
0.0049744997
0.0048412644
0.0046960602
0.0045342560
0.0043669831
0.0042056360
0.0040445498
0.0038750894
0.0036944020
0.0035073580
0.0033267807
0.0031535509
0.0029807183
0.0028114159
0.0026578112
0.0025052116
0.0023546935
0.0022190975
0.0020897407
0.0019485204
0.0018104779
0.0016653505
0.0015311562
0.0014147817
0.0013203854
0.0012450966
0.0011849085
0.0011544556
0.0011417618
0.0011367480
0.0011499802
0.0011743648
0.0012146439
0.0012795949
0.0013654059
0.0014570075
0.0015456737
0.0016297048
0.0017144209
0.0017896130
0.0018728446
0.0019727593
0.0020863365
0.0022110839
0.0023394166
0.0024707504
0.0026000775
0.0027256709
0.0028636330
0.0030249753
0.0032006128
0.0033885543
0.0035772234
0.0037645737
0.0039342495
0.0040781518
0.0041967664
0.0042938963
0.0043741869
0.0044411803
0.0044959942
0.0045426397
0.0045822106
0.0046060144
0.0046188426
0.0046304668
0.0046353348
0.0046292869
0.0046130388
0.0045815477
0.0045213297
0.0044459358
0.0043577042
0.0042571710
0.0041600172
0.0040780561
0.0040054719
0.0039462376
0.0038992378
0.0038677563
0.0038546577
0.0038384383
0.0038204430
0.0037952822
0.0037674289
0.0037441852
0.0037039178
0.0036568295
0.0036145446
0.0035627271
0.0034894776
0.0034007578
0.0033052338
0.0032020799
0.0030905663
0.0029844878
0.0028901533
0.0028228727
0.0027863077
0.0027707656
0.0027754493
0.0028043987
0.0028310027
0.0028496346
0.0028699585
0.0029016986
0.0029474538
0.0030017244
0.0030645175
0.0031184698
0.0031590962
0.0031846615
0.0031786543
0.0031319609
0.0030479535
0.0029262682
0.0027680827
0.0026034089
0.0024360403
0.0022659816
0.0020768626
0.0018710714
0.0016369278
0.0013708641
0.0010786752
0.0007522200
0.0003923841
0.0000162269
-0.0003589654
-0.0007263646
-0.0010727982
-0.0013813774
-0.0016525415
-0.0018851201
-0.0020818232
-0.0022552038
-0.0024038144
-0.0025261937
-0.0026074536
-0.0026582515
-0.0026817993
-0.0026755360
-0.0026556931
-0.0026268968
-0.0025894679
-0.0025484108
-0.0025099264
-0.0024568309
-0.0023965938
-0.0023273333
-0.0022586686
-0.0022028467
-0.0021782370
-0.0021805128
-0.0021920876
-0.0022036199
-0.0021980340
-0.0021561935
-0.0020862795
-0.0019956719
-0.0018787196
-0.0017414004
-0.0015999697
-0.0014591787
-0.0013159808
-0.0011722551
-0.0010243867
-0.0008729821
-0.0007307173
-0.0006083196
-0.0004995388
-0.0003818196
-0.0002795084
-0.0001737266
-0.0000637461
0.0000319377
0.0001185850
0.0002132493
0.0003417990
0.0004951715
0.0006682413
0.0008446798
0.0010249869
0.0012415337
0.0015042592
0.0017909093
0.0021123630
0.0024726579
0.0028672565
0.0032547614
0.0036102534
0.0039264952
0.0041923555
0.0044085237
0.0045933610
0.0047381560
0.0048449908
0.0049258797
0.0049769864
0.0050135273
0.0050305581
0.0050111508
0.0049875217
0.0049485324
0.0048939817
0.0048203469
0.0047093717
0.0045617144
0.0043787127
0.0041440227
0.0038568500
0.0035553151
0.0032432161
0.0029199882
0.0025872828
0.0022422716
0.0018939234
0.0015549085
0.0012249773
0.0009023314
0.0005810627
0.0002524047
-0.0000772878
-0.0004070122
-0.0007322397
-0.0010363649
-0.0013137112
-0.0015547094
-0.0017704367
-0.0019684289
-0.0021423236
-0.0023053373
-0.0024615410
-0.0026294170
-0.0028069835
-0.0029873933
-0.0031795924
-0.0033889995
-0.0036298713
-0.0038939079
-0.0041577196
-0.0044083872
-0.0046294593
-0.0048044937
-0.0049503273
-0.0050655506
-0.0051376609
-0.0051748553
-0.0051815374
-0.0051608879
-0.0051157095
-0.0050478378
-0.0049630836
-0.0048652669
-0.0047548182
-0.0046282961
-0.0044838338
-0.0043275366
-0.0041503219
-0.0039540134
-0.0037354998
-0.0035204733
-0.0033066363
-0.0030910736
-0.0028677926
-0.0026387724
-0.0024147710
-0.0022009562
-0.0019906490
-0.0017755710
-0.0015784500
-0.0014018648
-0.0012564071
-0.0011573092
-0.0010975833
-0.0010714448
-0.0010964180
-0.0011670102
-0.0012659719
-0.0013650933
-0.0014577868
-0.0015368479
-0.0015977023
-0.0016507776
-0.0016916737
-0.0017254856
-0.0017630103
-0.0017900460
-0.0017990185
-0.0017945138
-0.0017959790
-0.0017980506
-0.0017803612
-0.0017612809
-0.0017481062
-0.0017264760
-0.0016982515
-0.0016630407
-0.0016148058
-0.0015798305
-0.0015655322
-0.0015666654
-0.0015905089
-0.0016382963
-0.0017113261
-0.0018132857
-0.0019387009
-0.0020880781
-0.0022399980
-0.0024006720
-0.0025569573
-0.0026894770
-0.0027909101
-0.0028705999
-0.0029462212
-0.0030068580
-0.0030588167
-0.0030960804
-0.0031129437
-0.0031067618
-0.0030893026
-0.0030528430
-0.0029962413
-0.0029381342
-0.0028889327
-0.0028418683
-0.0027903668
-0.0027385685
-0.0026756509
-0.0026079538
-0.0025214047
-0.0023998416
-0.0022439282
-0.0020627208
-0.0018709601
-0.0016671732
-0.0014544663
-0.0012426760
-0.0010258025
-0.0008047221
-0.0005803486
-0.0003610301
-0.0001494781
0.0000658186
0.0002784297
0.0004856471
0.0006770996
0.0008524858
0.0010317200
0.0012204874
0.0014249286
0.0016382997
0.0018740175
0.0021235366
0.0023688121
0.0026289910
0.0028874512
0.0031497288
0.0034281923
0.0037126294
0.0039754527
0.0042102838
0.0044048140
0.0045677790
0.0047127224
0.0048243078
0.0048920240
0.0049125131
0.0048789614
0.0048154071
0.0047276111
0.0046400449
0.0045691169
0.0045207984
0.0044909515
0.0044749427
0.0044535752
0.0044119437
0.0043669065
0.0043317249
0.0043095988
0.0042941021
0.0042955405
0.0043047188
0.0043116857
0.0043058556
0.0042778253
0.0042357868
0.0041819016
0.0041077211
0.0040074918
0.0038840739
0.0037375318
0.0035528595
0.0033291573
0.0030693831
0.0027830026
0.0024699008
0.0021348234
0.0018006570
0.0014822234
0.0011864288
0.0009194098
0.0006745488
0.0004543712
0.0002680959
0.0001196376
0.0000090134
-0.0000784021
-0.0001390936
-0.0001702604
-0.0001861358
-0.0002044987
-0.0002262281
-0.0002597797
-0.0003024664
-0.0003449550
-0.0003998172
-0.0004531420
-0.0004868182
-0.0005166213
-0.0005490279
-0.0005894977
-0.0006428955
-0.0006966122
-0.0007407285
-0.0007797236
-0.0008171922
-0.0008539048
-0.0008867374
-0.0009262403
-0.0009600819
-0.0009779802
-0.0009879364
-0.0009844082
-0.0009700562
-0.0009433008
-0.0009108925
-0.0008966459
-0.0009061380
-0.0009186562
-0.0009192380
-0.0009077166
-0.0009111503
-0.0009364947
-0.0009793109
-0.0010463907
-0.0011372468
-0.0012361770
-0.0013456527
-0.0014709564
-0.0016032341
-0.0017444906
-0.0018926116
-0.0020512178
-0.0022146916
-0.0023619658
-0.0025011334
-0.0026316452
-0.0027628486
-0.0028960982
-0.0030284791
-0.0031407874
-0.0032324988
-0.0033170711
-0.0033941020
-0.0034630938
-0.0035410342
-0.0036191038
-0.0037049469
-0.0038140194
-0.0039380166
-0.0040682531
-0.0041994206
-0.0043296619
-0.0044790616
-0.0046580210
-0.0048638452
-0.0051031901
-0.0053717741
-0.0056509938
-0.0059335905
-0.0062135498
-0.0064829642
-0.0067408932
-0.0069969529
-0.0072365347
-0.0074639682
-0.0076703501
-0.0078381040
-0.0079699656
-0.0080800792
-0.0081660826
-0.0082208103
-0.0082385256
-0.0082391143
-0.0082292419
-0.0082091406
-0.0081842909
-0.0081468333
-0.0081046249
-0.0080465394
-0.0079753984
-0.0079064975
-0.0078356676
-0.0077507532
-0.0076608343
-0.0075634866
-0.0074679004
-0.0073575881
-0.0072308363
-0.0071000134
-0.0069503146
-0.0067827760
-0.0065982522
-0.0063905444
-0.0061615625
-0.0059228350
-0.0056743166
-0.0054139585
-0.0051364475
-0.0048350873
-0.0045306373
-0.0042204841
-0.0039094453
-0.0035896518
-0.0032601248
-0.0029304900
-0.0026020256
-0.0022634444
-0.0019243703
-0.0015889231
-0.0012391956
-0.0008914079
-0.0005540253
-0.0002372907
0.0000685549
0.0003641228
0.0006502900
0.0009204033
0.0011751245
0.0014223594
0.0016455483
0.0018422509
0.0020195965
0.0021796328
0.0023214642
0.0024521736
0.0025940511
0.0027431277
0.0028958733
0.0030276247
0.0031410100
0.0032412248
0.0033210655
0.0034034168
0.0034963871
0.0036002829
0.0037218724
0.0038511348
0.0039838388
0.0041043657
0.0042135889
0.0043176403
0.0044179054
0.0045196568
0.0046120480
0.0046851347
0.0047480667
0.0048119656
0.0048752230
0.0049477521
0.0051131367
0.0051790723
0.0052212902
0.0052533725
0.0052909210
0.0053210216
0.0053478434
0.0053878786
0.0054377240
0.0054885937
0.0055428045
0.0056153025
0.0057053458
0.0058092511
0.0059280524
0.0060346000
0.0061238057
0.0061941258
0.0062392635
0.0062633091
0.0062719345
0.0062706350
0.0062713171
0.0062625887
0.0062420996
0.0062126835
0.0061641233
0.0060987095
0.0060171432
0.0059287130
0.0058414076
0.0057599754
0.0056868360
0.0056211924
0.0055617929
0.0055017234
0.0054201906
0.0053095888
0.0051748601
0.0050062493
0.0048117047
0.0046085825
0.0043948411
0.0041748748
0.0039569117
0.0037447165
0.0035468069
0.0033717437
0.0032090804
0.0030633328
0.0029424159
0.0028504914
0.0027729339
0.0027072138
0.0026458781
0.0025719657
0.0024786842
0.0023719067
0.0022600349
0.0021548642
0.0020653652
0.0019917418
0.0019257021
0.0018743351
0.0018231121
0.0017565144
0.0016755065
0.0015951711
0.0015337034
0.0014758325
0.0014101001
0.0013376940
0.0012668620
0.0011989426
0.0011400728
0.0010904766
0.0010334628
0.0009621045
0.0008828291
0.0007969489
0.0006925762
0.0005640042
0.0004216092
0.0002502888
0.0000629321
-0.0001203575
-0.0003059896
-0.0004912135
-0.0006678181
-0.0008342371
-0.0009936193
-0.0011437913
-0.0012897949
-0.0014325209
-0.0015683898
-0.0016967815
-0.0018156486
-0.0019315382
-0.0020629285
-0.0022111081
-0.0023753303
-0.0025456800
-0.0027219661
-0.0029027133
-0.0030852651
-0.0032620011
-0.0034303438
-0.0036004384
-0.0037679291
-0.0039220436
-0.0040628298
-0.0041947105
-0.0043268497
-0.0044526945
-0.0045614511
-0.0046456452
-0.0047033885
-0.0047527049
-0.0048015738
-0.0048392468
-0.0048645321
-0.0048832406
-0.0048882019
-0.0048698189
-0.0048348360
-0.0047673783
-0.0046641191
-0.0045306253
-0.0043770948
-0.0042051645
-0.0040085664
-0.0037988387
-0.0035798871
-0.0033525901
-0.0031216218
-0.0028938294
-0.0026737266
-0.0024523531
-0.0022409613
-0.0020400880
-0.0018406565
-0.0016493014
-0.0014759546
-0.0013245943
-0.0011975765
-0.0010904098
-0.0009961947
-0.0009149951
-0.0008475726
-0.0007895058
-0.0007369684
-0.0006949699
-0.0006625691
-0.0006349447
-0.0005984321
-0.0005543989
-0.0004956234
-0.0004255378
-0.0003560887
-0.0002829560
-0.0002121247
-0.0001535621
-0.0000985687
-0.0000488538
0.0000044074
0.0000693114
0.0001481871
0.0002451460
0.0003626329
0.0004992615
0.0006565445
0.0008207602
0.0009712292
0.0011073233
0.0012200423
0.0013063518
0.0013812926
0.0014487317
0.0015258916
0.0016098751
0.0016949628
0.0017828989
0.0018751206
0.0019720308
0.0020584708
0.0021403340
0.0022208831
0.0023008047
0.0023896681
0.0024783300
0.0025667818
0.0026567414
0.0027422709
0.0028208527
0.0028735270
0.0029095558
0.0029284174
0.0029415638
0.0029482843
0.0029456588
0.0029386344
0.0029314497
0.0029244541
0.0029208929
0.0029235806
0.0029284461
0.0029401159
0.0029632783
0.0029944894
0.0030324161
0.0030762471
0.0031201260
0.0031711895
0.0032222196
0.0032625324
0.0033065310
0.0033488566
0.0033816472
0.0034064395
0.0034134758
0.0034090410
0.0033862783
0.0033498378
0.0032927742
0.0032125698
0.0031139919
0.0030012026
0.0028793451
0.0027522055
0.0026156172
0.0024773200
0.0023315045
0.0021782133
0.0020260575
0.0018722898
0.0017224366
0.0015790218
0.0014392370
0.0013099820
0.0011960104
0.0010844151
0.0009747560
0.0008710887
0.0007770625
0.0006883089
0.0006014573
0.0005269944
0.0004613106
0.0004045009
0.0003455706
0.0002935789
0.0002528721
0.0002085934
0.0001575874
0.0001070407
0.0000555064
-0.0000025191
-0.0000574576
-0.0001016444
-0.0001316995
-0.0001510974
-0.0001681625
-0.0001882869
-0.0002161996
-0.0002484285
-0.0002844735
-0.0003115691
-0.0003371244
-0.0003670009
-0.0003907332
-0.0004081172
-0.0004240605
-0.0004393853
-0.0004552096
-0.0004715759
-0.0004909857
-0.0005120061
-0.0005279661
-0.0005451342
-0.0005656448
-0.0005836463
-0.0006096532
-0.0006443707
-0.0006889443
-0.0007345339
-0.0007706800
-0.0007984175
-0.0008195432
-0.0008305485
-0.0008409822
-0.0008509321
-0.0008538060
-0.0008553777
-0.0008532158
-0.0008402697
-0.0008178566
-0.0007906292
-0.0007597615
-0.0007199963
-0.0006727383
-0.0006238754
-0.0005686326
-0.0005132977
-0.0004651715
-0.0004258595
-0.0003945637
-0.0003681023
-0.0003402088
-0.0003137609
-0.0002937342
-0.0002768782
-0.0002612156
-0.0002469425
-0.0002341010
-0.0002190343
-0.0001996589
-0.0001776821
-0.0001600833
-0.0001461499
-0.0001351547
-0.0001274981
-0.0001222425
-0.0001188947
-0.0001155197
-0.0001143252
-0.0001130257
-0.0001069399
-0.0000979581
-0.0000956149
-0.0000951930
-0.0000959687
-0.0000943226
-0.0000912031
-0.0000849394
-0.0000764720
-0.0000699465
-0.0000657647
-0.0000642973
-0.0000592778
-0.0000456850
-0.0000235257
0.0000056344
0.0000416541
0.0000832779
0.0001239465
0.0001652812
0.0002049903
0.0002411729
0.0002751552
0.0003083537
0.0003361795
0.0003581565
0.0003751576
0.0003905927
0.0004013264
0.0004090377
0.0004145681
0.0004165428
0.0004174315
0.0004174286
0.0004192332
0.0004184707
0.0004133645
0.0004006819
0.0003800643
0.0003540362
0.0003228031
0.0002863145
0.0002508031
0.0002172823
0.0001862897
0.0001555820
0.0001243253
0.0000954508
0.0000691310
0.0000397024
0.0000064841
-0.0000272934
-0.0000614616
-0.0000904415
-0.0001154971
-0.0001389316
-0.0001601862
-0.0001795375
-0.0001984493
-0.0002164344
-0.0002333925
-0.0002490574
-0.0002639263
-0.0002810509
-0.0003018327
-0.0003248149
-0.0003490942
-0.0003752890
-0.0004010565
-0.0004250082
-0.0004476407
-0.0004693337
-0.0004904905
-0.0005088376
-0.0005253956
-0.0005397856
-0.0005501518
-0.0005604573
-0.0005722757
-0.0005820648
-0.0005910203
-0.0006007924
-0.0006127053
-0.0006273878
-0.0006452933
-0.0006647155
-0.0006845260
-0.0007024062
-0.0007190825
-0.0007368207
-0.0007549924
-0.0007731884
-0.0007912861
-0.0008073658
-0.0008211972
-0.0008314910
-0.0008378802
-0.0008425270
-0.0008457688
-0.0008478308
-0.0008497941
-0.0008515175
-0.0008530325
-0.0008545366
-0.0008571023
-0.0008605417
-0.0008640005
-0.0008669122
-0.0008692785
-0.0008712345
-0.0008722165
-0.0008724369
-0.0008717409
-0.0008702200
-0.0008681948
-0.0008646450
-0.0008587970
-0.0008508512
-0.0008431340
-0.0008347404
-0.0008251325
-0.0008152209
-0.0008043964
-0.0007916703
-0.0007777948
-0.0007625878
-0.0007461958
-0.0007285243
-0.0007099918
-0.0006910914
-0.0006719162
-0.0006525326
-0.0006326983
-0.0006127309
-0.0005925401
-0.0005721872
-0.0005514982
-0.0005308706
-0.0005105828
-0.0004904507
-0.0004701696
-0.0004499474
-0.0004299813
-0.0004106438
-0.0003921666
-0.0003741576
-0.0003566640
-0.0003397625
-0.0003236740
-0.0003085866
-0.0002943450
-0.0002805694
-0.0002672779
-0.0002545730
-0.0002424543
-0.0002309521
-0.0002201170
-0.0002100647
-0.0002004794
-0.0001911062
-0.0001817946
-0.0001724594
-0.0001631315
-0.0001539586
-0.0001450558
-0.0001365145
-0.0001282019
-0.0001200495
-0.0001120220
-0.0001040745
-0.0000962065
-0.0000884712
-0.0000809599
-0.0000736558
-0.0000665250
-0.0000595940
-0.0000529247
-0.0000464123
-0.0000399548
-0.0000336639
-0.0000275185
-0.0000215930
-0.0000158877
-0.0000103218
-0.0000048858
0.0000004114
0.0000055831
0.0000106639
0.0000156451
0.0000205170
0.0000252927
0.0000299403
0.0000344232
0.0000387316
0.0000428481
0.0000467750
0.0000505549
0.0000542253
0.0000577561
0.0000611606
0.0000644369
0.0000675627
0.0000705326
0.0000733505
0.0000760213
0.0000785427
0.0000809095
0.0000831408
0.0000852517
0.0000872559
0.0000891596
0.0000909647
0.0000926824
0.0000943164
0.0000958686
0.0000973446
0.0000987451
0.0001000731
0.0001013291
0.0001025122
0.0001036228
0.0001046617
0.0001056288
0.0001065241
0.0001073489
0.0001081049
0.0001087933
0.0001094146
0.0001099700
0.0001104604
0.0001108868
0.0001112505
0.0001115524
0.0001117937
0.0001119758
0.0001120996
0.0001121663
0.0001121766
0.0001121314
0.0001120316
0.0001118780
0.0001116712
0.0001114120
0.0001111010
0.0001107388
0.0001103262
0.0000000000
0.0000000000
0.0000000000
0.0000000000
0.0000000000
0.0000000000
0.0000000000
0.0000000000
0.0000000000
0.0000000000
0.0000000000
0.0000000000
0.0000000000
0.0000000000
0.0000000000
0.0000000000
0.0000000000
0.0000000000
0.0000000000
0.0000000000
0.0000000000
0.0000000000
0.0000000000
0.0000000000
0.0000000000
0.0000000000
0.0000000000
0.0000000000
0.0000000000
0.0000000000
0.0000000000
0.0000000000
0.0000000000
0.0000000000
0.0000000000
0.0000000000
0.0000000000
0.0000000000
0.0000000000
0.0000000000
0.0000000000
0.0000000000
0.0000000000
0.0000000000
0.0000000000
0.0000000000
0.0000000000
0.0000000000
0.0000000000
0.0000000000
0.0000000000
0.0000000000
0.0000000000
0.0000000000
0.0000000000
0.0000000000
0.0000000000
0.0000000000
0.0000000000
0.0000000000
0.0000000000
0.0000000000
0.0000000000
0.0000000000
0.0000000000
0.0000000000
0.0000000000
0.0000000000
0.0000000000
0.0000000000
0.0000000000
0.0000000000
0.0000000000
0.0000000000
0.0000000000
0.0000000000
0.0000000000
0.0000000000
0.0000000000
0.0000000000
0.0000000000
0.0000000000
0.0000000000
0.0000000000
0.0000000000
0.0000000000
0.0000000000
0.0000000000
0.0000000000
0.0000000000
0.0000000000
0.0000000000
0.0000000000
0.0000000000
0.0000000000
0.0000000000
0.0000000000
0.0000000000
0.0000000000
0.0000000000
0.0000000000
0.0000000000
0.0000000000
0.0000000000
0.0000000000
0.0000000000
0.0000000000
0.0000000000
0.0000000000
0.0000000000
0.0000000000
0.0000000000
0.0000000000
0.0000000000
0.0000000000
0.0000000000
0.0000000000
0.0000000000
0.0000000000
0.0000000000
0.0000000000
0.0000000000
0.0000000000
0.0000000000
0.0000000000
0.0000000000
0.0000000000
0.0000000000
0.0000000000
0.0000000000
0.0000000000
0.0000000000
0.0000000000
0.0000000000
0.0000000000
0.0000000000
0.0000000000
0.0000000000
0.0000000000
0.0000000000
0.0000000000
0.0000000000
0.0000000000
0.0000000000
0.0000000000
0.0000000000
0.0000000000
0.0000000000
0.0000000000
0.0000000000
0.0000000000
0.0000000000
0.0000000000
0.0000000000
0.0000000000
0.0000000000
0.0000000000
0.0000000000
0.0000000000
0.0000000000
0.0000000000
0.0000000000
0.0000000000
0.0000000000
0.0000000000
0.0000000000
0.0000000000
0.0000000000
0.0000000000
0.0000000000
0.0000000000
0.0000000000
0.0000000000
0.0000000000
0.0000000000
0.0000000000
0.0000000000
0.0000000000
0.0000000000
0.0000000000
0.0000000000
0.0000000000
0.0000000000
0.0000000000
0.0000000000
0.0000000000
0.0000000000
0.0000000000
0.0000000000
0.0000000000
0.0000000000
0.0000000000
0.0000000000
0.0000000000
0.0000000000
0.0000000000
0.0000000000
0.0000000000
0.0000000000
0.0000000000
0.0000000000
0.0000000000
0.0000000000
0.0000000000
0.0000000000
0.0000000000
0.0000000000
0.0000000000
0.0000000000
0.0000000000
0.0000000000
0.0000000000
0.0000000000
0.0000000000
0.0000000000
0.0000000000
0.0000000000
0.0000000000
0.0000000000
0.0000000000
0.0000000000
0.0000000000
0.0000000000
0.0000000000
0.0000000000
0.0000000000
0.0000000000
0.0000000000
0.0000000000
0.0000000000
0.0000000000
0.0000000000
0.0000000000
0.0000000000
0.0000000000
0.0000000000
0.0000000000
0.0000000000
0.0000000000
0.0000000000
0.0000000000
0.0000000000
0.0000000000
0.0000000000
0.0000000000
0.0000000000
0.0000000000
0.0000000000
0.0000000000
0.0000000000
0.0000000000
0.0000000000
0.0000000000
0.0000000000
0.0000000000
0.0000000000
0.0000000000
0.0000000000
0.0000000000
0.0000000000
0.0000000000
0.0000000000
0.0000000000
0.0000000000
0.0000000000
0.0000000000
0.0000000000
0.0000000000
0.0000000000
0.0000000000
0.0000000000
0.0000000000
0.0000000000
0.0000000000
0.0000000000
0.0000000000
0.0000000000
0.0000000000
0.0000000000
0.0000000000
