0.0027613177
0.0031105706
0.0032646864
0.0032490936
0.0031450607
0.0029180124
0.0023453654
0.0014096028
0.0003857907
-0.0005618343
-0.0012612557
-0.0014652704
-0.0011612487
-0.0010016213
-0.0014341953
-0.0024324993
-0.0038312266
-0.0048992769
-0.0050189387
-0.0039347484
-0.0023658622
-0.0008993002
0.0007997533
0.0016093980
0.0018871190
0.0017787563
0.0015950374
0.0012183948
-0.0000740262
-0.0016817303
-0.0028217604
-0.0035415981
-0.0036650058
-0.0030971361
-0.0026293984
-0.0025844478
-0.0028362948
-0.0030702178
-0.0025594606
-0.0012359359
0.0004413817
0.0022237741
0.0036875379
0.0045602677
0.0044480950
0.0036775833
0.0031973611
0.0028307134
0.0027141004
0.0027582998
0.0029394371
0.0031952158
0.0031857904
0.0027177430
0.0018178542
0.0005862114
-0.0004328609
-0.0010680458
-0.0015364170
-0.0019864991
-0.0022587807
-0.0021981740
-0.0018578304
-0.0015144859
-0.0016098521
-0.0023286427
-0.0034152989
-0.0043183727
-0.0044571977
-0.0033272409
-0.0009398611
0.0013200490
0.0026877785
0.0032190310
0.0025868693
0.0008602454
-0.0005735609
-0.0012479685
-0.0012353251
-0.0004730952
0.0001331085
0.0006003418
0.0006037903
-0.0000002570
-0.0007210471
-0.0012662652
-0.0011475924
-0.0002299883
0.0009511280
0.0018591542
0.0022376946
0.0016949481
0.0002151383
-0.0016234853
-0.0032261149
-0.0034975174
-0.0020395376
0.0002566323
0.0018990199
0.0024405022
0.0019931013
0.0011523510
0.0009399262
0.0009727847
0.0007982978
0.0007126954
0.0002597116
-0.0001001197
0.0000166069
0.0004126734
0.0000878282
-0.0013168646
-0.0032616789
-0.0047201300
-0.0043794376
-0.0022155063
0.0003731141
0.0024360879
0.0039948168
0.0048359402
0.0047187928
0.0041010802
0.0034902477
0.0027676710
0.0018053719
0.0011489415
0.0006509466
0.0002313740
0.0000655469
-0.0001611615
-0.0015334745
-0.0027290091
-0.0034566689
-0.0036448049
-0.0030986463
-0.0023312010
-0.0013690967
-0.0008778950
-0.0006702308
-0.0008697129
-0.0016707828
-0.0026204945
-0.0025410479
-0.0012812459
0.0002729639
0.0016079570
0.0022472784
0.0020650900
0.0016148542
0.0011972469
0.0007358425
0.0004244854
0.0002033792
-0.0000251457
0.0001304861
0.0010962585
0.0029782125
0.0049954256
0.0065143660
0.0066072026
0.0052161361
0.0027811572
0.0002748567
-0.0017968106
-0.0026635374
-0.0021785989
-0.0013509958
-0.0006956017
-0.0005789675
-0.0009000107
-0.0012635151
-0.0015450106
-0.0017851800
-0.0017708556
-0.0012651861
-0.0006075387
-0.0002386608
0.0002251549
0.0008517972
0.0011023503
0.0009978052
0.0008899474
0.0004018007
-0.0005253758
-0.0015351634
-0.0014795469
-0.0012668618
-0.0009826376
-0.0008326456
-0.0008339733
-0.0007000634
-0.0007848157
-0.0007945223
-0.0003604486
0.0005942882
0.0013591787
0.0018011405
0.0022904049
0.0028158486
0.0032990654
0.0036184546
0.0035363807
0.0028272386
0.0010210940
-0.0012289765
-0.0028903791
-0.0041899489
-0.0052845663
-0.0055400301
-0.0044760949
-0.0033030204
-0.0024264728
-0.0015864203
-0.0010688474
-0.0004970108
-0.0005826894
-0.0008506884
-0.0010203347
-0.0014923087
-0.0017343165
-0.0015393618
-0.0010928077
-0.0006054027
-0.0002338798
-0.0002931473
-0.0006351914
-0.0009873420
-0.0009434335
-0.0000676268
0.0012539012
0.0027003560
0.0042417201
0.0056709683
0.0069044210
0.0080139213
0.0082018197
0.0067944866
0.0040423594
0.0010763772
-0.0009117233
-0.0010174116
0.0004953950
0.0018734441
0.0021951799
0.0016941129
0.0007848774
0.0000177684
-0.0004703902
-0.0006840145
-0.0009207736
-0.0012964358
-0.0015566019
-0.0016076583
-0.0012237253
-0.0008311992
-0.0010426223
-0.0018418039
-0.0027900404
-0.0029978171
-0.0016993796
0.0000645669
0.0012134689
0.0016528725
0.0013448997
0.0004164704
-0.0011869069
-0.0034860061
-0.0056815890
-0.0063731324
-0.0049536916
-0.0026366604
-0.0006387189
0.0011125416
0.0025117120
0.0033778091
0.0037201770
0.0039503412
0.0043539005
0.0050630323
0.0057212293
0.0054928619
0.0042176184
0.0023716354
0.0007341293
-0.0003142717
-0.0008168202
-0.0007518230
-0.0004355338
-0.0000745621
-0.0000459201
-0.0003577159
-0.0003721840
0.0002016590
0.0003504279
-0.0010811595
-0.0038135118
-0.0068810886
-0.0091862084
-0.0095835899
-0.0078251012
-0.0054400580
-0.0037610435
-0.0029521101
-0.0024396038
-0.0020315641
-0.0018758744
-0.0015407055
-0.0006955438
0.0003533453
0.0014806389
0.0025283343
0.0036492142
0.0049286554
0.0056701706
0.0054555553
0.0047915600
0.0041666217
0.0039765805
0.0044420773
0.0049798561
0.0051285169
0.0041885755
0.0023340519
0.0008246719
-0.0000942437
-0.0004043890
-0.0002521069
-0.0002727460
-0.0002902964
-0.0001643916
-0.0003732298
-0.0006544966
-0.0009590795
-0.0010737142
-0.0015055830
-0.0025757491
-0.0034401313
-0.0037262695
-0.0036045269
-0.0029894037
-0.0023821012
-0.0019947956
-0.0019056272
-0.0023058728
-0.0027643201
-0.0032134728
-0.0037057794
-0.0038222634
-0.0037277023
-0.0037364771
-0.0036844220
-0.0034519833
-0.0031829868
-0.0026038872
-0.0022855929
-0.0017140985
-0.0008744250
-0.0004789975
-0.0002031879
0.0003721132
0.0010012077
0.0013816102
0.0018284124
0.0023559998
0.0030432170
0.0040540592
0.0048173630
0.0046195177
0.0030498620
0.0007613253
-0.0008931129
-0.0007637820
0.0003018263
0.0011286345
0.0024048592
0.0035454782
0.0038900817
0.0037610022
0.0023970331
0.0003851972
-0.0018282392
-0.0036125970
-0.0047953395
-0.0055821875
-0.0054844794
-0.0046441358
-0.0042146005
-0.0041122843
-0.0037881167
-0.0030320619
-0.0022393563
-0.0016861918
-0.0010716880
-0.0001414907
0.0005823775
0.0007139152
0.0005280820
0.0004952478
0.0009303937
0.0019992488
0.0032821534
0.0042635061
0.0043199087
0.0041524771
0.0041694098
0.0037867459
0.0038724443
0.0045024633
0.0051655214
0.0052005020
0.0045555459
0.0043312058
0.0037510115
0.0018786914
-0.0005985181
-0.0018228439
-0.0013611010
-0.0005220354
-0.0004017754
-0.0009070527
-0.0015764900
-0.0024136451
-0.0035155782
-0.0040612412
-0.0042119776
-0.0041393549
-0.0042042019
-0.0044038775
-0.0044836512
-0.0043682206
-0.0041656510
-0.0048669476
-0.0052992426
-0.0041802912
-0.0019973692
0.0004340027
0.0028313665
0.0039734619
0.0042350622
0.0041411749
0.0035418924
0.0032856876
0.0028008805
0.0024041609
0.0022995585
0.0022001195
0.0028295517
0.0027871026
0.0025064770
0.0017668089
0.0004776274
-0.0001680301
0.0005651723
0.0018934486
0.0030060111
0.0033483661
0.0030554563
0.0019091939
0.0006957367
-0.0007824766
-0.0020419855
-0.0026332553
-0.0029177569
-0.0029649690
-0.0022327771
-0.0014495369
-0.0009931994
-0.0007298459
-0.0008104605
-0.0004948244
0.0005374659
0.0019838050
0.0031866656
0.0032896194
0.0028956146
0.0027921832
0.0016997150
0.0001380915
-0.0006412564
-0.0005570217
-0.0002307498
0.0002722785
0.0004834938
-0.0000074230
-0.0003262247
-0.0000732597
0.0001708831
0.0004850999
0.0010860661
0.0011495575
0.0002359761
-0.0010389436
-0.0021293914
-0.0024234079
-0.0024294747
-0.0027269877
-0.0033403141
-0.0041438107
-0.0040893624
-0.0037344067
-0.0033647024
-0.0030707316
-0.0028610032
-0.0026302194
-0.0022477692
-0.0015542628
-0.0006712877
-0.0002426388
-0.0003778673
-0.0005771888
-0.0001954189
0.0009801386
0.0023486286
0.0028695328
0.0030892002
0.0027587025
0.0020354629
0.0020442971
0.0032858890
0.0044944345
0.0049803724
0.0050906889
0.0045102519
0.0032741918
0.0015391486
-0.0002779138
-0.0015030727
-0.0014565705
-0.0002582899
0.0007846079
0.0012994955
0.0015082919
0.0016722796
0.0018112221
0.0016062993
0.0005280611
-0.0010469537
-0.0019016730
-0.0018656988
-0.0013556267
-0.0005160764
0.0001563834
0.0005145826
0.0005665436
0.0000192098
-0.0008080402
-0.0010561958
-0.0006746237
-0.0005849142
-0.0012251604
-0.0019268066
-0.0016516124
-0.0004104558
0.0012245775
0.0025140935
0.0030440224
0.0025523207
0.0015047636
0.0007170820
0.0005356027
0.0007010821
0.0010094221
0.0009478318
0.0010490758
0.0013446428
0.0019154636
0.0018987519
0.0014258057
0.0000331389
-0.0019787683
-0.0034858151
-0.0033931902
-0.0016456203
-0.0002827992
0.0000950372
-0.0001387696
-0.0008501950
-0.0023379795
-0.0038601508
-0.0042777281
-0.0034963402
-0.0019971350
-0.0000783706
0.0018867909
0.0030260804
0.0031827829
0.0029489580
0.0021580626
0.0009855284
0.0000046123
-0.0004076578
0.0002812160
0.0019134760
0.0032371718
0.0040116540
0.0041499885
0.0040110525
0.0035548287
0.0025116568
0.0012582187
0.0002409162
-0.0000744487
0.0000797610
0.0002138229
0.0002004193
-0.0001789897
-0.0011586181
-0.0018395024
-0.0024966291
-0.0035325393
-0.0048197226
-0.0064008071
-0.0077249149
-0.0081707684
-0.0074191100
-0.0057534166
-0.0042575659
-0.0029853429
-0.0023444397
-0.0023122284
-0.0019898245
-0.0012079058
0.0000372837
0.0013632029
0.0021284917
0.0026496923
0.0032747469
0.0037211399
0.0037862683
0.0037624712
0.0033406858
0.0021596590
0.0005113030
-0.0004079945
-0.0001686625
0.0003167105
0.0007382147
0.0010312695
0.0011841859
0.0011165529
0.0011182477
0.0008784936
0.0003384436
-0.0001589255
-0.0007504870
-0.0006152732
0.0005528217
0.0020488381
0.0030824726
0.0031799509
0.0024131051
0.0006723689
-0.0015856314
-0.0038150736
-0.0049395548
-0.0042546745
-0.0027510584
-0.0011579693
0.0000704644
0.0009002616
0.0015052094
0.0018552279
0.0017832521
0.0011013853
-0.0006733569
-0.0031814740
-0.0054617021
-0.0066929707
-0.0061695999
-0.0042236516
-0.0023708697
-0.0009896042
0.0000082340
0.0005174301
0.0009891372
0.0016009766
0.0019234464
0.0017669687
0.0017686207
0.0022968971
0.0034733615
0.0046863783
0.0050374281
0.0047681218
0.0037773592
0.0025766591
0.0016074159
0.0014006052
0.0015734243
0.0014694906
0.0011488904
0.0007179748
0.0000193778
0.0000429971
0.0003378302
-0.0001304266
-0.0005941542
-0.0004976707
-0.0004888277
-0.0004631236
-0.0000246849
0.0006999261
0.0008267787
0.0004699707
-0.0000512521
0.0000216960
-0.0002784314
-0.0009287520
-0.0015439351
-0.0016272164
-0.0012308288
-0.0005869072
0.0002216331
0.0007540174
0.0007477596
0.0001110468
-0.0002392413
-0.0005803941
-0.0010139236
-0.0010473201
-0.0007923088
0.0003785463
0.0014404221
0.0016875923
0.0011902196
-0.0001530655
-0.0016188392
-0.0026818847
-0.0024434852
-0.0017744791
-0.0012577909
-0.0010223682
-0.0005069442
-0.0003025706
-0.0006667901
-0.0016075385
-0.0020154274
-0.0018652413
-0.0016915393
-0.0016168841
-0.0013328945
-0.0009590026
-0.0003975566
0.0002033174
0.0000970224
-0.0006075041
-0.0014804208
-0.0023986296
-0.0023487817
-0.0017206777
-0.0009705622
-0.0002182792
0.0000297689
-0.0005264900
-0.0013041547
-0.0019487880
-0.0015908589
-0.0005988860
0.0006424795
0.0016172946
0.0023395863
0.0026308002
0.0023677509
0.0023241378
0.0027965744
0.0030348836
0.0026495374
0.0021673044
0.0019760558
0.0019528244
0.0019961298
0.0019467073
0.0007027584
-0.0007722798
-0.0022879178
-0.0038507073
-0.0048192063
-0.0043478235
-0.0028730102
-0.0015852168
-0.0006237663
0.0000155494
0.0003069743
0.0007413374
0.0010491579
0.0010835191
0.0012537786
0.0013894303
0.0011835828
0.0007889336
0.0007623451
0.0009061019
0.0008817235
0.0006606952
0.0003198414
-0.0002604045
-0.0010310940
-0.0014708348
-0.0015317322
-0.0015762951
-0.0016840124
-0.0012433319
-0.0002857539
0.0002995571
0.0001124573
-0.0009431648
-0.0023698208
-0.0033604014
-0.0033022279
-0.0025204362
-0.0014649085
-0.0008536022
-0.0004587886
0.0001395763
0.0006651025
0.0008651520
0.0010090364
0.0010294666
0.0010039958
0.0013615450
0.0023379774
0.0034796993
0.0045909963
0.0052208655
0.0051147338
0.0044432184
0.0042070829
0.0047193762
0.0046174628
0.0033226379
0.0017818715
0.0007757123
0.0007515571
0.0009533213
0.0010524252
0.0010821875
0.0010062573
0.0006875161
0.0003694198
0.0001693568
-0.0001645006
-0.0002727561
-0.0001907705
-0.0001124778
0.0001160261
0.0002786444
0.0001798097
-0.0006270163
-0.0024583273
-0.0044722819
-0.0052666346
-0.0049268922
-0.0040055149
-0.0032521270
-0.0024883827
-0.0017425107
-0.0011264554
-0.0006111253
-0.0004352078
-0.0004883638
-0.0004438590
-0.0001815269
0.0002053868
0.0003445119
0.0002398044
-0.0003270100
-0.0006010930
0.0001432976
0.0018852177
0.0037628636
0.0055930198
0.0066374382
0.0066555429
0.0062885156
0.0059487293
0.0058437748
0.0060268586
0.0056952482
0.0046995083
0.0031849488
0.0020010353
0.0012075196
0.0003073445
-0.0000179923
-0.0001764869
-0.0009602743
-0.0017625457
-0.0015811149
-0.0007986350
-0.0003126169
-0.0005465494
-0.0020620695
-0.0044335787
-0.0064672985
-0.0079892568
-0.0090985195
-0.0098496976
-0.0103805371
-0.0100767640
-0.0086665834
-0.0069926546
-0.0047620112
-0.0021071278
-0.0002892953
0.0011076402
0.0025755268
0.0037157883
0.0046146695
0.0055121670
0.0053465219
0.0042840143
0.0028111837
0.0013610424
-0.0006235683
-0.0021489942
-0.0040133501
-0.0051630328
-0.0052334534
-0.0040334658
-0.0023149825
-0.0006329524
0.0013262585
0.0034098440
0.0054362063
0.0070020490
0.0086867895
0.0102867712
0.0115675031
0.0126474545
0.0133868141
0.0136242558
0.0126939437
0.0109972892
0.0083982477
0.0050720059
0.0009851830
-0.0036397501
-0.0093952991
-0.0149589843
-0.0190970561
-0.0225248267
-0.0250388436
-0.0264101816
-0.0271859494
-0.0275594796
-0.0267195335
-0.0245635522
-0.0213615675
-0.0172939937
-0.0131924462
-0.0096674890
-0.0071233218
-0.0051335613
-0.0034499258
-0.0019644211
-0.0005012709
0.0006010899
0.0014048889
0.0018951504
0.0017513075
0.0012799926
0.0005646867
-0.0003813424
-0.0014641666
-0.0026573906
-0.0038028292
-0.0048748860
-0.0057193318
-0.0063465704
-0.0061841678
-0.0058527716
-0.0067359362
-0.0081932153
-0.0092648281
-0.0096676594
-0.0091875327
-0.0076421594
-0.0046129631
-0.0002951906
0.0050523368
0.0112762972
0.0175277024
0.0233861097
0.0281049438
0.0318550388
0.0350373389
0.0374404636
0.0397300757
0.0422173085
0.0443930726
0.0458751375
0.0471395745
0.0474935105
0.0457981029
0.0421105082
0.0359168866
0.0269453194
0.0170065414
0.0103055316
0.0033403115
-0.0030875738
-0.0103594507
-0.0167611638
-0.0224823105
-0.0260195096
-0.0265604818
-0.0240833429
-0.0205769526
-0.0169870943
-0.0143759322
-0.0134704318
-0.0136233368
-0.0142548944
-0.0154232316
-0.0169009595
-0.0191041994
-0.0216539506
-0.0248443414
-0.0282769035
-0.0313365523
-0.0340607492
-0.0356232566
-0.0358690756
-0.0354795136
-0.0349645381
-0.0342250416
-0.0333111846
-0.0321997327
-0.0307086838
-0.0281661016
-0.0236195242
-0.0173062149
-0.0112511989
-0.0062721354
-0.0002246824
0.0076162712
0.0168428169
0.0260117390
0.0337177850
0.0405963282
0.0451008671
0.0458073708
0.0421740153
0.0363862455
0.0303928521
0.0257580048
0.0228000397
0.0221568572
0.0225407293
0.0222576941
0.0203904895
0.0174640043
0.0136285903
0.0089269057
0.0038889691
-0.0007836150
-0.0031707217
-0.0045732918
-0.0058252054
-0.0076322513
-0.0095913450
-0.0105264821
-0.0111651984
-0.0118473500
-0.0130637746
-0.0145190659
-0.0164212097
-0.0188114006
-0.0215788367
-0.0249015004
-0.0285163718
-0.0314651413
-0.0333506829
-0.0341037327
-0.0329354342
-0.0299563568
-0.0259679552
-0.0204798177
-0.0139437482
-0.0081668624
-0.0040007338
-0.0018407524
-0.0003707398
0.0018299505
0.0046012401
0.0079500321
0.0117607325
0.0161380765
0.0218085853
0.0281962288
0.0350444125
0.0421762613
0.0479295926
0.0515962765
0.0534434299
0.0536453103
0.0523259113
0.0506657940
0.0490660860
0.0474416205
0.0461680964
0.0451862919
0.0442619536
0.0436935649
0.0432964648
0.0423744757
0.0404239554
0.0370563230
0.0321849918
0.0269435639
0.0231653218
0.0208071994
0.0203192712
0.0215630322
0.0228491441
0.0243798153
0.0256156095
0.0254945045
0.0233258993
0.0202916998
0.0166787517
0.0120332038
0.0065283634
0.0008253348
-0.0056445974
-0.0131120219
-0.0223628862
-0.0317278697
-0.0426817624
-0.0532598531
-0.0622119551
-0.0685300351
-0.0720060685
-0.0742019948
-0.0734740380
-0.0717061910
-0.0730118560
-0.0772338656
-0.0818123154
-0.0856216838
-0.0895041369
-0.0911493842
-0.0903535316
-0.0883023293
-0.0857275548
-0.0817069091
-0.0763669161
-0.0662649223
-0.0519725949
-0.0419926844
-0.0377021077
-0.0369479995
-0.0360241775
-0.0328743538
-0.0275366584
-0.0203535676
-0.0120743441
-0.0026142161
0.0059358808
0.0143126471
0.0220386746
0.0288950652
0.0366676646
0.0435549077
0.0497251659
0.0542288012
0.0567067145
0.0586080813
0.0604681427
0.0630601365
0.0674214746
0.0733556721
0.0796123619
0.0841224770
0.0868180184
0.0870711433
0.0845247146
0.0802746430
0.0750512088
0.0702571446
0.0686218106
0.0683741587
0.0696596614
0.0712540772
0.0719248517
0.0719297826
0.0702193243
0.0660227949
0.0601334912
0.0524558169
0.0440215818
0.0377765608
0.0306468805
0.0198423663
0.0048046694
-0.0146169727
-0.0360455272
-0.0612814985
-0.0865402909
-0.1095127757
-0.1313753833
-0.1474065148
-0.1545820957
-0.1531944911
-0.1399330959
-0.1151547373
-0.0883279387
-0.0684284495
-0.0537160716
-0.0462664549
-0.0462422138
-0.0474697340
-0.0443311918
-0.0354980236
-0.0243200799
-0.0121425342
-0.0022426682
0.0033796240
0.0071956115
0.0105128539
0.0135205301
0.0154480613
0.0157979365
0.0146043668
0.0126169091
0.0110710014
0.0110505784
0.0135169340
0.0181519980
0.0236745714
0.0289101417
0.0329748292
0.0364537541
0.0403146509
0.0446694318
0.0490931410
0.0532113966
0.0570247664
0.0602535351
0.0614503344
0.0585861895
0.0510771704
0.0387252692
0.0228008968
0.0065831731
-0.0084143646
-0.0194439444
-0.0272504891
-0.0337821699
-0.0384152203
-0.0402099416
-0.0389012304
-0.0352917546
-0.0300269633
-0.0237672505
-0.0187840848
-0.0159116039
-0.0142581368
-0.0145961212
-0.0172132054
-0.0204137651
-0.0226678778
-0.0229918906
-0.0207691804
-0.0166151052
-0.0112634899
-0.0053198205
0.0001743136
0.0040817932
0.0060428670
0.0069790909
0.0079209866
0.0094023391
0.0118501227
0.0159740112
0.0221752898
0.0296538461
0.0354663475
0.0377759928
0.0373262540
0.0345335416
0.0291925676
0.0227480336
0.0169856512
0.0120392499
0.0080880568
0.0049563197
0.0026780407
0.0024260734
0.0041938884
0.0069748391
0.0112740822
0.0169478386
0.0231696950
0.0293465595
0.0335086504
0.0359003644
0.0358288286
0.0326827223
0.0264677769
0.0195089927
0.0116873173
0.0038374612
-0.0045468563
-0.0135135288
-0.0238090542
-0.0351038665
-0.0459138356
-0.0559836628
-0.0646265162
-0.0716696615
-0.0780890431
-0.0846252675
-0.0913290887
-0.0923257373
-0.0865304551
-0.0745526779
-0.0546586876
-0.0294211932
-0.0112917506
-0.0023141700
0.0021940667
0.0019038702
-0.0017732585
-0.0038527158
-0.0003348926
0.0094008986
0.0202219685
0.0274568356
0.0310304273
0.0311156456
0.0285827703
0.0248990918
0.0210172066
0.0169366139
0.0131772897
0.0104522020
0.0087039286
0.0076722427
0.0075335726
0.0091734372
0.0128157096
0.0172632495
0.0212205146
0.0243048666
0.0269307334
0.0294985377
0.0326643156
0.0364444345
0.0405215137
0.0443285844
0.0474360443
0.0477704634
0.0443698641
0.0376601052
0.0295579917
0.0212546974
0.0134787961
0.0082511126
0.0036444486
-0.0004252129
-0.0033191270
-0.0057115845
-0.0080563936
-0.0101968492
-0.0118745264
-0.0135856559
-0.0155373921
-0.0181761849
-0.0223011681
-0.0276855128
-0.0338354023
-0.0405775859
-0.0475348933
-0.0546094825
-0.0596152628
-0.0589559764
-0.0525998696
-0.0427991473
-0.0307885582
-0.0199301017
-0.0129180748
-0.0115940057
-0.0124595896
-0.0119189375
-0.0094671422
-0.0052814658
0.0004298874
0.0072235856
0.0141445417
0.0187798794
0.0207283577
0.0213521240
0.0215366535
0.0217634384
0.0228061607
0.0247327290
0.0269072667
0.0294414071
0.0325322931
0.0364666878
0.0411750432
0.0457131169
0.0499360818
0.0531591452
0.0545285496
0.0556723747
0.0570425019
0.0587593109
0.0601823091
0.0602702638
0.0580483668
0.0541076730
0.0489687084
0.0416161337
0.0308956425
0.0182272152
0.0066599754
-0.0015870590
-0.0075999685
-0.0132653141
-0.0195345091
-0.0262320777
-0.0331169974
-0.0398945230
-0.0461423063
-0.0515109033
-0.0551640338
-0.0574969650
-0.0593624736
-0.0607104766
-0.0613436890
-0.0610625280
-0.0594765540
-0.0561703118
-0.0505234710
-0.0429289754
-0.0367840169
-0.0337890885
-0.0332371188
-0.0336578663
-0.0339574598
-0.0329396680
-0.0311159812
-0.0301499244
-0.0291516752
-0.0282502873
-0.0275967320
-0.0266907746
-0.0256538532
-0.0244231654
-0.0234748983
-0.0229932872
-0.0226506560
-0.0222980186
-0.0223073794
-0.0233594445
-0.0258620584
-0.0299331483
-0.0345930473
-0.0380157709
-0.0372449856
-0.0300788016
-0.0168015993
0.0013422092
0.0212193993
0.0368745274
0.0484073933
0.0561502012
0.0642583556
0.0757163296
0.0880334051
0.0977722983
0.1041004723
0.1046653759
0.0985810846
0.0901172645
0.0811105618
0.0729386421
0.0650905054
0.0575695593
0.0500407136
0.0417476657
0.0340400707
0.0274957918
0.0219196840
0.0172256074
0.0122756848
0.0070943693
0.0009885055
-0.0053923606
-0.0121232420
-0.0191869781
-0.0252591023
-0.0314332844
-0.0377840990
-0.0438842670
-0.0499205664
-0.0578269955
-0.0685953235
-0.0799103549
-0.0918585211
-0.1072537038
-0.1203839285
-0.1275674090
-0.1267746544
-0.1154581774
-0.0943068236
-0.0699938741
-0.0577756477
-0.0610651612
-0.0607092374
-0.0514476544
-0.0371463430
-0.0194639130
-0.0015578135
0.0134044489
0.0280650066
0.0415025695
0.0491006535
0.0524512991
0.0535616151
0.0514943037
0.0473554470
0.0426883971
0.0383434779
0.0347395525
0.0323455925
0.0322102397
0.0369941583
0.0476441721
0.0629415899
0.0824814894
0.1042640935
0.1183296799
0.1244601815
0.1273808892
0.1267873816
0.1225619901
0.1162541590
0.1071717641
0.0960566769
0.0841826539
0.0717943007
0.0608180514
0.0521844659
0.0468637832
0.0436902863
0.0398579160
0.0350750301
0.0289160019
0.0211614943
0.0126031931
0.0031145386
-0.0082668474
-0.0233858051
-0.0424791592
-0.0620353485
-0.0788220082
-0.0929525731
-0.1051225238
-0.1157779847
-0.1239826390
-0.1319195825
-0.1383049129
-0.1391829891
-0.1304296953
-0.1116429488
-0.0866340543
-0.0687712847
-0.0681981717
-0.0803685354
-0.0894859367
-0.0902107955
-0.0840007034
-0.0726506915
-0.0594446197
-0.0465749033
-0.0363394154
-0.0301267934
-0.0260559100
-0.0219926036
-0.0191905458
-0.0185334976
-0.0187173404
-0.0180240493
-0.0155692308
-0.0109470360
-0.0029679249
0.0088663029
0.0226774478
0.0360014079
0.0466002287
0.0527673631
0.0558136393
0.0571886199
0.0567297681
0.0546947266
0.0536784062
0.0545183782
0.0571006651
0.0611663337
0.0680064370
0.0802080638
0.0977955843
0.1173608092
0.1286646364
0.1281616652
0.1155886251
0.0944669338
0.0730661210
0.0602094416
0.0544807128
0.0538451511
0.0540894212
0.0544054078
0.0536516868
0.0499857516
0.0417526223
0.0276467632
0.0057938623
-0.0218855321
-0.0487413478
-0.0708716405
-0.0828861278
-0.0888238879
-0.0935523539
-0.0982109879
-0.1022127363
-0.1042889284
-0.1025579723
-0.0964519958
-0.0871230590
-0.0778556416
-0.0713853510
-0.0623368266
-0.0535454544
-0.0462159074
-0.0407830030
-0.0355647836
-0.0294529726
-0.0249181723
-0.0211053318
-0.0185059985
-0.0167990977
-0.0150529774
-0.0133895970
-0.0113923680
-0.0089092528
-0.0059278624
-0.0018012045
0.0035081536
0.0096043408
0.0154187784
0.0210697161
0.0265601203
0.0314016858
0.0358161272
0.0390651097
0.0405737909
0.0401430268
0.0379600085
0.0349916190
0.0318554518
0.0294666550
0.0289794832
0.0311133996
0.0352681072
0.0443846824
0.0589731440
0.0744348026
0.0839097024
0.0829425097
0.0684465465
0.0441882492
0.0176496542
0.0038218503
0.0012327092
0.0064238581
0.0160474291
0.0246507067
0.0274367508
0.0233934440
0.0143002761
0.0031076973
-0.0073897057
-0.0130676883
-0.0186468346
-0.0245018316
-0.0281158123
-0.0296496123
-0.0304605413
-0.0316241672
-0.0324671338
-0.0322057736
-0.0309273961
-0.0289312849
-0.0259852777
-0.0216672148
-0.0160963115
-0.0100120513
-0.0045315965
0.0000597389
0.0037827134
0.0068106551
0.0087464113
0.0093746515
0.0099478084
0.0112419414
0.0126185226
0.0135736902
0.0141724513
0.0133002766
0.0109671337
0.0077679913
0.0041399487
0.0006862710
-0.0026105038
-0.0057662832
-0.0085088405
-0.0114981616
-0.0144892149
-0.0174253243
-0.0203103415
-0.0227858745
-0.0240402020
-0.0244447165
-0.0240711527
-0.0233217300
-0.0227288988
-0.0224936670
-0.0224863920
-0.0229599305
-0.0242031494
-0.0262915575
-0.0285749480
-0.0303904254
-0.0319864675
-0.0333310370
-0.0337678162
-0.0341158146
-0.0341844332
-0.0341565262
-0.0336103909
-0.0321681856
-0.0294988216
-0.0248418838
-0.0177217760
-0.0104750956
-0.0037191986
0.0021912257
0.0059269511
0.0094261620
0.0129354179
0.0166908000
0.0207255050
0.0246159043
0.0283526990
0.0318169603
0.0342337158
0.0358857526
0.0366455920
0.0363490448
0.0354030211
0.0338156273
0.0316143572
0.0286779535
0.0250758300
0.0206294157
0.0163498753
0.0129865024
0.0100040793
0.0076946457
0.0065812344
0.0065219120
0.0064766671
0.0058095636
0.0046734833
0.0035375527
0.0023288262
0.0005159968
-0.0016986418
-0.0041380460
-0.0067282430
-0.0091225360
-0.0119953836
-0.0153697282
-0.0192629181
-0.0236358450
-0.0272922851
-0.0314632309
-0.0362830593
-0.0408545130
-0.0447603295
-0.0459605107
-0.0434517990
-0.0379079379
-0.0302292567
-0.0214501728
-0.0132653477
-0.0062424652
-0.0007385761
0.0034301147
0.0068422822
0.0099202680
0.0130534172
0.0162587529
0.0195774668
0.0227211024
0.0250707649
0.0267288014
0.0279479315
0.0287765444
0.0293695872
0.0296037891
0.0297608014
0.0305475926
0.0314814053
0.0318585239
0.0319034436
0.0320577452
0.0316158545
0.0305095657
0.0296966489
0.0293220860
0.0295626644
0.0295699961
0.0290278364
0.0280673300
0.0265500779
0.0249867394
0.0232738441
0.0214583255
0.0196751129
0.0174684188
0.0148168523
0.0119055881
0.0088004440
0.0054199035
0.0014385438
-0.0029197214
-0.0076349568
-0.0134208756
-0.0192556096
-0.0238297404
-0.0283875504
-0.0324801708
-0.0371910303
-0.0411338927
-0.0442941202
-0.0461303535
-0.0465765555
-0.0452662437
-0.0428942014
-0.0396118905
-0.0352828223
-0.0305532204
-0.0256467099
-0.0224459075
-0.0201311094
-0.0182353782
-0.0162594215
-0.0147784072
-0.0135905945
-0.0124999088
-0.0110044325
-0.0099576597
-0.0091165906
-0.0074160250
-0.0054776924
-0.0034522389
-0.0009482332
0.0018033981
0.0050119297
0.0082512933
0.0115571354
0.0147656852
0.0179540649
0.0204495330
0.0224612835
0.0240071292
0.0252988174
0.0272526318
0.0292388297
0.0311441205
0.0330738332
0.0347253538
0.0362204300
0.0376031295
0.0389460985
0.0399864276
0.0403178005
0.0393595917
0.0367147528
0.0321956279
0.0262179048
0.0186816112
0.0105386724
0.0029763073
-0.0043677714
-0.0101267152
-0.0154381480
-0.0192316602
-0.0226170773
-0.0251808362
-0.0271813283
-0.0300864948
-0.0329565258
-0.0355563159
-0.0378152588
-0.0392669901
-0.0397719233
-0.0388226210
-0.0376871603
-0.0363215508
-0.0337175527
-0.0299931703
-0.0253108993
-0.0204559018
-0.0158040936
-0.0109583847
-0.0076820063
-0.0052717048
-0.0032569468
-0.0020198744
-0.0014768569
-0.0010575767
-0.0008173391
-0.0010521977
-0.0012529538
-0.0019285776
-0.0027223150
-0.0040093202
-0.0055000284
-0.0065250977
-0.0072329413
-0.0063846437
-0.0041567342
-0.0015314516
0.0014650252
0.0039385563
0.0052508610
0.0055863980
0.0050443674
0.0037372748
0.0021044765
0.0003168001
-0.0013125586
-0.0027992748
-0.0045940994
-0.0062204288
-0.0065651227
-0.0053008432
-0.0027004025
0.0008398181
0.0052470196
0.0092356613
0.0119719401
0.0140540415
0.0155170724
0.0161945203
0.0166796501
0.0175807283
0.0185876800
0.0195608104
0.0206924426
0.0220892867
0.0237604377
0.0252386354
0.0261989043
0.0266984161
0.0268733188
0.0266094803
0.0254800399
0.0237209987
0.0214831733
0.0191810043
0.0168454812
0.0146174296
0.0121785396
0.0099685334
0.0077813097
0.0059169293
0.0041869827
0.0023328979
0.0004018981
-0.0019864614
-0.0039515133
-0.0054274134
-0.0073033541
-0.0096391019
-0.0119524027
-0.0141689222
-0.0161014411
-0.0183333186
-0.0209576054
-0.0235243177
-0.0259791593
-0.0282639181
-0.0308912022
-0.0329819028
-0.0345728076
-0.0351123341
-0.0346561930
-0.0338938495
-0.0321843206
-0.0295866990
-0.0258450457
-0.0210424649
-0.0149008469
-0.0097917229
-0.0054291508
-0.0016836668
0.0012970148
0.0041123824
0.0065281956
0.0091189864
0.0124083837
0.0154752971
0.0175589629
0.0189482455
0.0195246681
0.0195125630
0.0194899328
0.0201638827
0.0218146107
0.0240588230
0.0261899720
0.0277223005
0.0281465332
0.0269203812
0.0245229851
0.0221024193
0.0196883900
0.0168873855
0.0139488004
0.0110158612
0.0077908177
0.0041379092
0.0006985537
-0.0024787549
-0.0054672163
-0.0083080728
-0.0107548470
-0.0129851522
-0.0154170306
-0.0181367098
-0.0206719732
-0.0231062628
-0.0250667583
-0.0259127867
-0.0257225338
-0.0240274076
-0.0210484542
-0.0174390377
-0.0138622810
-0.0103733035
-0.0080962869
-0.0071776514
-0.0068970583
-0.0067737100
-0.0064062336
-0.0055500363
-0.0039104815
-0.0014771816
0.0016494602
0.0050287152
0.0076478389
0.0093425546
0.0102297361
0.0105349988
0.0107382835
0.0114698054
0.0130259233
0.0150028765
0.0170420796
0.0191895442
0.0212890635
0.0231636825
0.0245875610
0.0251636480
0.0253851381
0.0255670111
0.0250625452
0.0237092886
0.0216134764
0.0184187460
0.0146405710
0.0097416039
0.0043398412
-0.0004473784
-0.0053927323
-0.0099218247
-0.0142929470
-0.0175442401
-0.0197866763
-0.0211718697
-0.0213022658
-0.0209158895
-0.0212018987
-0.0217361665
-0.0216593642
-0.0214681252
-0.0207443325
-0.0192532243
-0.0174146159
-0.0157123619
-0.0140838769
-0.0124660306
-0.0103477380
-0.0081876545
-0.0060227590
-0.0038691063
-0.0017513140
0.0003698151
0.0022598753
0.0042309600
0.0063441128
0.0081390897
0.0095048179
0.0104453066
0.0107641923
0.0103177941
0.0093013473
0.0080168488
0.0067251554
0.0052885316
0.0035341218
0.0016779700
-0.0000904659
-0.0013071648
-0.0013911502
-0.0004006935
0.0009435236
0.0016550893
0.0023476602
0.0031680704
0.0039144494
0.0047747487
0.0059665552
0.0072797042
0.0086569437
0.0096350384
0.0097998007
0.0086728773
0.0071975089
0.0057762662
0.0046669002
0.0043024468
0.0041041601
0.0041403282
0.0040911540
0.0045328176
0.0049344149
0.0053102144
0.0056650823
0.0056069836
0.0056690502
0.0058816932
0.0058938783
0.0058384877
0.0049941038
0.0034600147
0.0013937137
-0.0004663175
-0.0018902624
-0.0032138394
-0.0043890566
-0.0058265220
-0.0075063136
-0.0091450656
-0.0104988694
-0.0117228709
-0.0129925149
-0.0141812416
-0.0146978978
-0.0138096424
-0.0115323935
-0.0089533335
-0.0069333736
-0.0054049432
-0.0042500819
-0.0038830985
-0.0041094807
-0.0046852114
-0.0057263331
-0.0069680004
-0.0078523886
-0.0083179319
-0.0079921120
-0.0072445584
-0.0069600646
-0.0067539092
-0.0066122832
-0.0065111132
-0.0069492245
-0.0071745689
-0.0070045325
-0.0067727109
-0.0061088809
-0.0050579182
-0.0038819962
-0.0030519092
-0.0019991636
-0.0014776714
-0.0011546486
-0.0010620914
-0.0009602273
-0.0013393093
-0.0017471429
-0.0016888968
-0.0009588126
0.0001179311
0.0013244620
0.0032883518
0.0058175536
0.0075333506
0.0087944960
0.0101790156
0.0109791278
0.0109881685
0.0102794704
0.0089909576
0.0072374255
0.0053775655
0.0039084343
0.0027701261
0.0017269972
0.0008414656
0.0004482861
0.0005308317
0.0010365288
0.0020849509
0.0035822452
0.0053693070
0.0071672166
0.0085146310
0.0094509401
0.0099379803
0.0097073772
0.0088469565
0.0077743084
0.0066238822
0.0052565870
0.0035034861
0.0015892041
-0.0005734088
-0.0026129795
-0.0041067210
-0.0048794141
-0.0045769112
-0.0037317477
-0.0029634200
-0.0021455868
-0.0011750600
-0.0000464531
0.0008913876
0.0012613938
0.0012562703
0.0012576073
0.0005870208
-0.0006486371
-0.0023655648
-0.0043301783
-0.0063260339
-0.0080900524
-0.0095103399
-0.0104196249
-0.0103099538
-0.0089937973
-0.0070531309
-0.0043145622
-0.0016748584
-0.0000333932
0.0009517106
0.0014482758
0.0020884753
0.0031288715
0.0045005632
0.0060957561
0.0069813834
0.0071978833
0.0074154984
0.0075515818
0.0071940290
0.0067857944
0.0063295552
0.0068561247
0.0072832048
0.0080136012
0.0088220286
0.0096969062
0.0105172891
0.0112983698
0.0114972064
0.0114887620
0.0118023477
0.0121506843
0.0126092547
0.0125812522
0.0115862919
0.0099832588
0.0077276591
0.0050401155
0.0020037847
-0.0010240522
-0.0038514121
-0.0063659427
-0.0085866418
-0.0106734572
-0.0126593556
-0.0143664397
-0.0159392476
-0.0174081077
-0.0181459261
-0.0185476757
-0.0190691362
-0.0191559112
-0.0188513765
-0.0181137492
-0.0172141038
-0.0160790432
-0.0144479766
-0.0125470435
-0.0103962022
-0.0080641255
-0.0059175902
-0.0039908076
-0.0017562675
0.0005024701
0.0024248056
0.0039988441
0.0053839936
0.0069213924
0.0086096877
0.0101226775
0.0116321642
0.0135112803
0.0154412511
0.0171264743
0.0187604297
0.0200965135
0.0208575482
0.0210616203
0.0206269812
0.0193959784
0.0176525765
0.0155987901
0.0130618590
0.0102044726
0.0073368348
0.0045746962
0.0019293569
-0.0008243680
-0.0037582812
-0.0068679019
-0.0099539061
-0.0128317722
-0.0157562102
-0.0187416022
-0.0213884986
-0.0233574256
-0.0244150979
-0.0248323809
-0.0244306158
-0.0229814093
-0.0214193796
-0.0196312181
-0.0176069159
-0.0157194845
-0.0142088672
-0.0130361128
-0.0116603448
-0.0100445199
-0.0080594399
-0.0057822917
-0.0038363485
-0.0021795959
-0.0005475261
0.0014136521
0.0036196912
0.0056094413
0.0074329938
0.0091950942
0.0102426647
0.0110567562
0.0117144704
0.0120721471
0.0120302273
0.0124411389
0.0131669297
0.0132791824
0.0130688190
0.0117116539
0.0094096347
0.0060842215
0.0012854991
-0.0038703816
-0.0090776577
-0.0123326218
-0.0144348157
-0.0148123087
-0.0134269939
-0.0111501684
-0.0086984660
-0.0066052741
-0.0049777469
-0.0037397015
-0.0031478669
-0.0030752338
-0.0029405162
-0.0031832785
-0.0041004607
-0.0049531882
-0.0057121292
-0.0060253819
-0.0051965392
-0.0041537937
-0.0034572704
-0.0026296927
-0.0017917783
-0.0009909012
-0.0005006849
-0.0002789057
0.0003703260
0.0012424916
0.0019608539
0.0025768473
0.0032059217
0.0038695452
0.0046628058
0.0056988624
0.0069113887
0.0082458358
0.0096303296
0.0109876160
0.0123429275
0.0136057329
0.0147013468
0.0156828647
0.0163655971
0.0166116691
0.0162758843
0.0152563705
0.0140044750
0.0125960576
0.0114932514
0.0110026512
0.0110408897
0.0110577036
0.0108717723
0.0107468234
0.0107489764
0.0107008349
0.0103293467
0.0095438309
0.0086290341
0.0078175191
0.0069119180
0.0056796967
0.0044289809
0.0030949417
0.0015509625
0.0001730568
-0.0011125367
-0.0024394523
-0.0036861181
-0.0051307397
-0.0065701206
-0.0079876304
-0.0093893175
-0.0105447288
-0.0112095734
-0.0115255729
-0.0113692964
-0.0102223708
-0.0083000699
-0.0057269398
-0.0028802386
-0.0000210221
0.0026589344
0.0044776748
0.0055080494
0.0063112336
0.0069573178
0.0073787133
0.0079701814
0.0080697043
0.0077024086
0.0065574321
0.0050526956
0.0030969657
0.0005577499
-0.0022459853
-0.0043538773
-0.0061632233
-0.0076445138
-0.0087354989
-0.0093282087
-0.0098402594
-0.0101094082
-0.0102333477
-0.0102994906
-0.0101030678
-0.0103510166
-0.0104554316
-0.0100778895
-0.0101236560
-0.0103237679
-0.0105679683
-0.0108578886
-0.0115601430
-0.0120616220
-0.0123659863
-0.0120247466
-0.0112911568
-0.0101676334
-0.0086283423
-0.0070916844
-0.0046228790
-0.0024235060
-0.0003200482
0.0014930130
0.0032120607
0.0048465298
0.0057830171
0.0059704741
0.0061423718
0.0064879693
0.0070689458
0.0074455559
0.0071585321
0.0059986289
0.0038435099
0.0008437168
-0.0021240746
-0.0048770210
-0.0076043882
-0.0096213250
-0.0114151531
-0.0125841874
-0.0126894414
-0.0117980339
-0.0104700331
-0.0086220974
-0.0064493177
-0.0043437007
-0.0020514310
0.0000700613
0.0017300910
0.0032353131
0.0043581808
0.0049207609
0.0047921280
0.0039592012
0.0032803154
0.0029969420
0.0028488568
0.0032746591
0.0041306214
0.0049244525
0.0056125470
0.0065013316
0.0075765741
0.0086519664
0.0095957595
0.0101737879
0.0103577959
0.0103342802
0.0102728151
0.0101613756
0.0099955755
0.0095247245
0.0086959154
0.0072476202
0.0052075265
0.0034102778
0.0022384288
0.0015656083
0.0014499092
0.0016095465
0.0016702513
0.0016384724
0.0013570657
0.0007410903
-0.0001476133
-0.0010224994
-0.0016579952
-0.0017854932
-0.0014618924
-0.0008842199
-0.0001384466
0.0006343705
0.0011463961
0.0013508812
0.0010834616
0.0004839015
-0.0002769648
-0.0010467916
-0.0015021758
-0.0017131444
-0.0017119747
-0.0017284922
-0.0018272403
-0.0018846410
-0.0018219775
-0.0016292492
-0.0014756810
-0.0014978713
-0.0012528766
-0.0008536626
-0.0007358969
-0.0007987981
-0.0008316863
-0.0010685748
-0.0016832976
-0.0024663083
-0.0033178000
-0.0043583099
-0.0054756814
-0.0068233978
-0.0085835388
-0.0106819377
-0.0120423478
-0.0127537901
-0.0129592253
-0.0124188134
-0.0115483503
-0.0102634258
-0.0084591500
-0.0060971243
-0.0035622405
-0.0009888897
0.0015917885
0.0036837094
0.0053822795
0.0062709711
0.0064703344
0.0065832067
0.0066449067
0.0064568689
0.0061538341
0.0059509366
0.0058445622
0.0056646202
0.0055535576
0.0055478859
0.0057156634
0.0063512302
0.0072821154
0.0081426626
0.0094187838
0.0107955354
0.0114161445
0.0117997687
0.0117434849
0.0109967471
0.0099013604
0.0081767938
0.0062404722
0.0042968603
0.0026749919
0.0013477464
-0.0002505358
-0.0015270190
-0.0026096467
-0.0035259459
-0.0037435868
-0.0032916511
-0.0027058806
-0.0020843362
-0.0014726574
-0.0009624668
-0.0007790766
-0.0008999337
-0.0008988113
-0.0009798365
-0.0012108661
-0.0014282861
-0.0017454734
-0.0018038940
-0.0018023618
-0.0019894894
-0.0021317569
-0.0022263430
-0.0025348802
-0.0027515102
-0.0025472868
-0.0023443491
-0.0024933055
-0.0028038958
-0.0031697175
-0.0032019770
-0.0033412073
-0.0040423155
-0.0046391481
-0.0047414127
-0.0047266873
-0.0044742542
-0.0038735363
-0.0029142898
-0.0016531787
-0.0005455901
0.0006194835
0.0016610474
0.0025455998
0.0030313855
0.0030298676
0.0026996125
0.0023608067
0.0017853455
0.0008191098
-0.0002851446
-0.0019806322
-0.0035605598
-0.0055153888
-0.0074695311
-0.0087029012
-0.0094391861
-0.0099432312
-0.0098492510
-0.0094026205
-0.0094770555
-0.0095127847
-0.0096580920
-0.0099254596
-0.0103278442
-0.0108136246
-0.0113615206
-0.0116383419
-0.0114373316
-0.0108903959
-0.0100901030
-0.0090411566
-0.0077688122
-0.0062842844
-0.0050635744
-0.0037875126
-0.0021337339
-0.0001026578
0.0018749806
0.0034828204
0.0051690246
0.0068247093
0.0081232516
0.0090400465
0.0099255783
0.0106662029
0.0107838589
0.0106624364
0.0103143219
0.0093598358
0.0078284624
0.0061887836
0.0044431074
0.0029142278
0.0021292391
0.0013171006
0.0010091427
0.0013452108
0.0017430216
0.0020949605
0.0026417849
0.0033637730
0.0041789694
0.0043529453
0.0042434343
0.0046024689
0.0051011056
0.0055114493
0.0060612763
0.0067931623
0.0072539735
0.0073572319
0.0074996763
0.0070335986
0.0059160154
0.0049346782
0.0035561040
0.0024630937
0.0017864990
0.0012085184
0.0010545183
0.0010825921
0.0012640337
0.0014297003
0.0018063901
0.0021749064
0.0023641191
0.0024544704
0.0027573214
0.0031579790
0.0032774291
0.0025760695
0.0019319527
0.0012867561
0.0006487027
-0.0001955808
-0.0012041357
-0.0018347855
-0.0022788686
-0.0026503919
-0.0028269288
-0.0023299389
-0.0012745088
-0.0002120600
0.0011981469
0.0031968448
0.0051400979
0.0064829455
0.0075466922
0.0082343219
0.0083892277
0.0085433357
0.0086276246
0.0080187153
0.0072703976
0.0063757527
0.0054778344
0.0041487854
0.0028145449
0.0012455617
-0.0000653822
-0.0013257753
-0.0027489157
-0.0044316167
-0.0065132740
-0.0087584131
-0.0110188662
-0.0130065407
-0.0143191837
-0.0148825253
-0.0147245346
-0.0144814263
-0.0142083973
-0.0135924945
-0.0128809722
-0.0118948694
-0.0105597795
-0.0086550411
-0.0061373016
-0.0035277169
-0.0011810446
0.0004588841
0.0013166204
0.0012835998
0.0005971298
0.0001619453
0.0003684084
0.0009318450
0.0013169888
0.0016069974
0.0020363081
0.0023480229
0.0020010898
0.0014963786
0.0014357009
0.0011701846
0.0008305811
0.0008197284
0.0009662155
0.0007824347
0.0011100230
0.0014545173
0.0018368322
0.0016884982
0.0017064898
0.0019513268
0.0021127693
0.0028373713
0.0033144672
0.0038087307
0.0043279814
0.0049459701
0.0052575680
0.0054540038
0.0059813038
0.0064712018
0.0071325458
0.0074088456
0.0077538906
0.0083618447
0.0086520258
0.0084752721
0.0075980917
0.0062429454
0.0044664940
0.0022266792
0.0001947259
-0.0016809406
-0.0037070702
-0.0057377825
-0.0075286469
-0.0089112742
-0.0096173494
-0.0093320630
-0.0087257302
-0.0079624341
-0.0071186827
-0.0057759771
-0.0044115190
-0.0034420726
-0.0028494738
-0.0020889846
-0.0012623490
-0.0009800294
-0.0015409270
-0.0019730702
-0.0027568799
-0.0041500478
-0.0050469051
-0.0056564366
-0.0060017139
-0.0061332975
-0.0053828474
-0.0046250785
-0.0038816967
-0.0028968305
-0.0019057891
-0.0008760716
0.0001024641
0.0008764968
0.0013714661
0.0017709186
0.0019013325
0.0015934771
0.0015169100
0.0014078587
0.0014649534
0.0015038846
0.0016506629
0.0020454226
0.0023827161
0.0028933247
0.0035742087
0.0040023886
0.0043544943
0.0050321307
0.0048083610
0.0047513440
0.0050403685
0.0053562364
0.0054283686
0.0055786842
0.0055863412
0.0057144449
0.0060027207
0.0060127166
0.0058706930
0.0055005602
0.0047991473
0.0035578440
0.0022960850
0.0014123417
0.0005878154
-0.0002260689
-0.0009806613
-0.0012887480
-0.0015866480
-0.0020580657
-0.0026153623
-0.0031715297
-0.0034510127
-0.0038129335
-0.0043614620
-0.0049094380
-0.0057096896
-0.0067640832
-0.0076904687
-0.0084419670
-0.0092791379
-0.0100733511
-0.0107829553
-0.0112924140
-0.0112573276
-0.0107579242
-0.0098560071
-0.0084358925
-0.0068003933
-0.0052602167
-0.0036896342
-0.0019218148
-0.0005447369
-0.0000179352
0.0002632272
0.0003498535
0.0000150379
-0.0000766559
0.0000241705
-0.0002772008
-0.0005976830
-0.0003782220
0.0002054525
0.0008860481
0.0017257544
0.0025813099
0.0035458603
0.0046549888
0.0055727053
0.0063947610
0.0072989422
0.0083871521
0.0092173088
0.0097760113
0.0102874269
0.0106085354
0.0105153684
0.0095306415
0.0076855069
0.0052532180
0.0028513300
0.0010463597
-0.0004602443
-0.0013634368
-0.0018036374
-0.0011331135
-0.0001393206
0.0009167125
0.0024988903
0.0042742636
0.0054934582
0.0058896832
0.0060736318
0.0063475359
0.0062862258
0.0059387102
0.0054773284
0.0047312076
0.0038373889
0.0027480689
0.0018096419
0.0009933958
0.0000936254
-0.0011067240
-0.0020905749
-0.0034667810
-0.0042336785
-0.0046764547
-0.0052610118
-0.0054881453
-0.0054539805
-0.0054918112
-0.0056949281
-0.0059709310
-0.0061222871
-0.0063857022
-0.0066307518
-0.0069237571
-0.0075081104
-0.0076993210
-0.0076258722
-0.0077341234
-0.0078740043
-0.0076701929
-0.0075416943
-0.0072845034
-0.0067828488
-0.0057685783
-0.0043555166
-0.0026980816
-0.0012167666
-0.0001761056
0.0008155003
0.0017031095
0.0025643302
0.0035060367
0.0048058879
0.0065453838
0.0082399472
0.0098441679
0.0115731000
0.0128103295
0.0133225996
0.0134194221
0.0128241953
0.0115583668
0.0101559801
0.0085846747
0.0066280644
0.0046104873
0.0028451445
0.0013142598
-0.0000106358
-0.0011105269
-0.0023024142
-0.0036822199
-0.0048009544
-0.0053617765
-0.0057577433
-0.0063269271
-0.0069867686
-0.0075352480
-0.0079717484
-0.0082697155
-0.0086395154
-0.0089363079
-0.0089978788
-0.0089343794
-0.0089666493
-0.0090661722
-0.0091622177
-0.0091067212
-0.0085414537
-0.0072755685
-0.0056749414
-0.0037557048
-0.0013267150
0.0007861114
0.0021595622
0.0035279724
0.0045759018
0.0051862826
0.0056984210
0.0064838103
0.0072892561
0.0081526120
0.0088733790
0.0092166892
0.0098440982
0.0102132449
0.0102249627
0.0097714393
0.0093504465
0.0096711110
0.0097542356
0.0095024506
0.0090810034
0.0087368129
0.0081087921
0.0067553858
0.0050411223
0.0029473393
0.0005521894
-0.0015661709
-0.0035025567
-0.0047014161
-0.0056927854
-0.0069368122
-0.0078308246
-0.0088531497
-0.0095914122
-0.0100360910
-0.0100264281
-0.0096906330
-0.0092380157
-0.0080944230
-0.0072368059
-0.0065842574
-0.0057613911
-0.0052803686
-0.0048306582
-0.0041941724
-0.0038953404
-0.0036041268
-0.0032062857
-0.0026014527
-0.0018270934
-0.0013717890
-0.0011587846
-0.0008022102
-0.0004082859
-0.0002343982
-0.0002972933
-0.0002926446
-0.0003262027
-0.0005286740
-0.0005294823
0.0001794468
0.0009818817
0.0017223687
0.0027849315
0.0040378494
0.0054610851
0.0064737938
0.0069112209
0.0071373760
0.0067885670
0.0060435511
0.0054544736
0.0045467350
0.0031129302
0.0017714527
0.0003245087
-0.0009371776
-0.0022905962
-0.0037456237
-0.0044677925
-0.0048153675
-0.0050289243
-0.0050808685
-0.0048646810
-0.0040060752
-0.0028456840
-0.0016651568
-0.0002600273
0.0018643440
0.0038684377
0.0054406724
0.0068423390
0.0078369739
0.0083974474
0.0082617823
0.0079317648
0.0075278131
0.0067592660
0.0058852455
0.0052835569
0.0047234396
0.0040472799
0.0031406617
0.0018450228
0.0004037299
-0.0008240828
-0.0018694060
-0.0029297896
-0.0036583350
-0.0043424099
-0.0047745345
-0.0047294186
-0.0047342901
-0.0048428227
-0.0048739799
-0.0047154290
-0.0044811213
-0.0045897752
-0.0048428666
-0.0051523889
-0.0060326646
-0.0071137209
-0.0079938959
-0.0088113099
-0.0098087278
-0.0106600381
-0.0107958220
-0.0109335343
-0.0107629196
-0.0102509154
-0.0095051406
-0.0085232845
-0.0072335608
-0.0061043631
-0.0046612827
-0.0033022718
-0.0022317587
-0.0012911187
-0.0000262580
0.0017016974
0.0035413993
0.0052614456
0.0069966871
0.0087353724
0.0100149246
0.0105219437
0.0107867735
0.0111498302
0.0110769597
0.0106364682
0.0108732464
0.0109948058
0.0107651475
0.0104329046
0.0103007350
0.0101792505
0.0103103462
0.0101791214
0.0094929839
0.0083269210
0.0066285962
0.0047626772
0.0026423709
0.0002610798
-0.0022182495
-0.0038495740
-0.0052013436
-0.0065316653
-0.0074876667
-0.0078853607
-0.0082692483
-0.0088078299
-0.0091777175
-0.0090072706
-0.0082916745
-0.0075033241
-0.0066518176
-0.0055846684
-0.0046289199
-0.0040048902
-0.0038580984
-0.0037466047
-0.0033015593
-0.0029795782
-0.0026397222
-0.0019626953
-0.0012584719
-0.0003155351
0.0005474778
0.0015277780
0.0023121332
0.0029667477
0.0037915812
0.0045272078
0.0050239883
0.0057521335
0.0062898064
0.0064545867
0.0064836658
0.0065598588
0.0071195088
0.0080255436
0.0087578735
0.0094960095
0.0102969891
0.0110364339
0.0119296072
0.0124995423
0.0121551246
0.0114136455
0.0106292320
0.0095466758
0.0080730190
0.0069439039
0.0058350206
0.0051792400
0.0048188139
0.0041493173
0.0031804904
0.0022104531
0.0014525871
0.0008786439
0.0002386995
-0.0004844204
-0.0012898816
-0.0022052429
-0.0030847470
-0.0039821954
-0.0050490556
-0.0061025431
-0.0071169814
-0.0080977094
-0.0089788835
-0.0096845740
-0.0099548639
-0.0098130210
-0.0096876099
-0.0097865984
-0.0100034313
-0.0096931268
-0.0092221105
-0.0088813587
-0.0085122094
-0.0080842257
-0.0077571254
-0.0074563288
-0.0070443974
-0.0066994815
-0.0063281198
-0.0060346834
-0.0057545576
-0.0055780801
-0.0052557351
-0.0049602360
-0.0046047639
-0.0043872650
-0.0045109670
-0.0045388069
-0.0045104559
-0.0044746234
-0.0043005545
-0.0039046316
-0.0035116336
-0.0031581468
-0.0027246488
-0.0024860621
-0.0021656532
-0.0015918308
-0.0007407707
0.0000960665
0.0007688881
0.0016988475
0.0027390979
0.0035133787
0.0040325674
0.0043617176
0.0044334600
0.0043643973
0.0041491959
0.0037289182
0.0032190413
0.0027099905
0.0021997077
0.0017253370
0.0015920286
0.0018358037
0.0023225692
0.0028644006
0.0035179791
0.0043342882
0.0053962278
0.0063978589
0.0072615040
0.0082295279
0.0090877362
0.0098624481
0.0100835174
0.0099215304
0.0096058303
0.0087398231
0.0074629764
0.0064705848
0.0055440419
0.0041803660
0.0032499507
0.0025720510
0.0020678618
0.0017351806
0.0013561064
0.0009738565
0.0007523783
0.0004738803
0.0002887204
0.0000819301
-0.0002595533
-0.0003510283
-0.0003893745
-0.0008245152
-0.0013901516
-0.0015684602
-0.0019121235
-0.0024089017
-0.0022853724
-0.0019426911
-0.0018719628
-0.0017274572
-0.0016608878
-0.0016348282
-0.0019863502
-0.0020578958
-0.0020853908
-0.0019383969
-0.0020302775
-0.0016053390
-0.0012680933
-0.0011391485
-0.0009092115
-0.0004692386
-0.0005035143
-0.0006175788
-0.0005658233
-0.0004627836
-0.0003185798
-0.0004032862
-0.0008534582
-0.0010058726
-0.0014439367
-0.0023555785
-0.0033690343
-0.0043273876
-0.0054258051
-0.0068467380
-0.0079687899
-0.0089051455
-0.0100463864
-0.0112499598
-0.0121426917
-0.0129237801
-0.0135338924
-0.0138066890
-0.0133452711
-0.0123890089
-0.0114676962
-0.0102098114
-0.0086158758
-0.0070453010
-0.0054608682
-0.0039170103
-0.0028036738
-0.0018267553
-0.0004507038
0.0011749774
0.0028222561
0.0043946044
0.0058517442
0.0071359096
0.0080331464
0.0088713654
0.0094983174
0.0097884546
0.0097457344
0.0096591169
0.0092460135
0.0085179741
0.0081334515
0.0079269346
0.0076300466
0.0076344947
0.0079624082
0.0078565372
0.0077125026
0.0075350183
0.0072111681
0.0069089337
0.0061702530
0.0047480654
0.0032972687
0.0020393456
0.0008461200
-0.0003188452
-0.0014377664
-0.0021245713
-0.0026307512
-0.0029012347
-0.0029480776
-0.0028522671
-0.0023334047
-0.0014733942
-0.0006425518
-0.0000750676
0.0006353440
0.0015375741
0.0019710762
0.0018653405
0.0019362973
0.0018652024
0.0014662780
0.0014237750
0.0015560035
0.0014575871
0.0012097176
0.0010602068
0.0010515596
0.0009741170
0.0009786036
0.0009467047
0.0006926842
0.0003947610
-0.0000841409
-0.0006928030
-0.0018058452
-0.0026126207
-0.0032742951
-0.0042974437
-0.0052200885
-0.0055807030
-0.0060961975
-0.0067488854
-0.0066092756
-0.0059004433
-0.0053847733
-0.0051937563
-0.0046917145
-0.0041174346
-0.0040429712
-0.0036791917
-0.0030838176
-0.0026602562
-0.0027597971
-0.0028789556
-0.0027867231
-0.0025678660
-0.0022451241
-0.0020364477
-0.0018183220
-0.0011780014
-0.0002809268
0.0005581144
0.0015077319
0.0024375917
0.0029527348
0.0031776171
0.0036361023
0.0041464775
0.0042360432
0.0043054828
0.0046314731
0.0050565964
0.0056498380
0.0059070083
0.0060930196
0.0062705065
0.0064848275
0.0068499108
0.0067382957
0.0063197271
0.0063880540
0.0056893234
0.0049933294
0.0041752674
0.0036190638
0.0028378515
0.0019321037
0.0014104852
0.0008096191
-0.0001608816
-0.0009022079
-0.0014682863
-0.0020632397
-0.0027566966
-0.0035073739
-0.0042354055
-0.0049403758
-0.0055014069
-0.0058213795
-0.0060166303
-0.0061903610
-0.0063983081
-0.0064559550
-0.0062943733
-0.0063809366
-0.0065740705
-0.0065721652
-0.0066496801
-0.0066383185
-0.0059771475
-0.0043702755
-0.0024101306
-0.0006960434
0.0010620251
0.0029073169
0.0048269175
0.0061071796
0.0069470379
0.0079051847
0.0086372617
0.0090287830
0.0089577790
0.0089177824
0.0086467852
0.0080847730
0.0079072422
0.0075233676
0.0068471665
0.0060708308
0.0049460398
0.0034162180
0.0022002362
0.0009400547
-0.0001209874
-0.0007075885
-0.0013393906
-0.0019966804
-0.0026943770
-0.0036067522
-0.0042204246
-0.0048514426
-0.0055994505
-0.0062098546
-0.0065633982
-0.0066625493
-0.0065112681
-0.0063232664
-0.0059705154
-0.0054197409
-0.0050608973
-0.0048065978
-0.0044937298
-0.0042255929
-0.0041559907
-0.0042015428
-0.0041818608
-0.0041681654
-0.0042090836
-0.0041373774
-0.0036715501
-0.0027509423
-0.0017314197
-0.0006435912
0.0008353710
0.0024511190
0.0039347303
0.0048709465
0.0053085286
0.0054398205
0.0054857857
0.0053597318
0.0052773817
0.0049069855
0.0044042312
0.0039050240
0.0034144987
0.0027558447
0.0022635200
0.0018156309
0.0008162308
-0.0003660516
-0.0013711075
-0.0023361755
-0.0033375724
-0.0043440595
-0.0052785331
-0.0061086408
-0.0069958610
-0.0073806934
-0.0075219012
-0.0075981381
-0.0076732443
-0.0074322426
-0.0066535008
-0.0059059085
-0.0053433388
-0.0049192429
-0.0046307063
-0.0041322555
-0.0034181077
-0.0027454177
-0.0019819413
-0.0010842234
-0.0002584647
0.0006039810
0.0014495049
0.0022183458
0.0027210552
0.0031271315
0.0034670908
0.0038235413
0.0039573425
0.0040688723
0.0045262371
0.0049891059
0.0052434209
0.0053722629
0.0053531978
0.0056541622
0.0061207097
0.0065044785
0.0069152740
0.0073275411
0.0075535902
0.0076955260
0.0079488342
0.0079985247
0.0076286267
0.0069251951
0.0061683581
0.0051960436
0.0041353999
0.0032669608
0.0029278612
0.0029010540
0.0029378700
0.0027108192
0.0022756274
0.0019455905
0.0019324427
0.0020246145
0.0020251566
0.0021070994
0.0022991294
0.0023080666
0.0019458972
0.0015599766
0.0012537339
0.0007900997
0.0001023595
-0.0004716157
-0.0009619020
-0.0018536040
-0.0026478516
-0.0032217571
-0.0041663170
-0.0049785472
-0.0053938579
-0.0056826320
-0.0061563537
-0.0067194811
-0.0069298342
-0.0070046125
-0.0072693210
-0.0078258473
-0.0084248123
-0.0088543553
-0.0091067935
-0.0093601817
-0.0094856496
-0.0093846707
-0.0089877022
-0.0081516620
-0.0070739773
-0.0056313435
-0.0036999425
-0.0019902388
-0.0004053127
0.0014853064
0.0029358564
0.0040048696
0.0048261017
0.0053459178
0.0056961672
0.0063186505
0.0064837200
0.0064079167
0.0063535949
0.0061232913
0.0058176930
0.0057882371
0.0058416502
0.0055699456
0.0051569738
0.0049948293
0.0049098433
0.0045684926
0.0041181600
0.0033189721
0.0020706195
0.0008018325
-0.0005628460
-0.0018374789
-0.0029273500
-0.0039183760
-0.0049206654
-0.0057500347
-0.0063926983
-0.0071426243
-0.0079598060
-0.0086363504
-0.0088271660
-0.0083237250
-0.0074814890
-0.0064163715
-0.0051858773
-0.0035605185
-0.0018559781
-0.0004685426
0.0006077148
0.0015535582
0.0022825388
0.0025539259
0.0027357599
0.0031870089
0.0034400590
0.0035673520
0.0038126702
0.0039581583
0.0041219472
0.0040995803
0.0041139882
0.0040482325
0.0036762667
0.0031808338
0.0029022338
0.0024907399
0.0024166571
0.0023004664
0.0018521047
0.0013765810
0.0008421763
0.0003383352
0.0000704956
-0.0001734999
-0.0003139848
-0.0002683772
-0.0002381098
-0.0001196391
0.0000118373
0.0000619292
0.0003525419
0.0006134095
0.0005198845
0.0006711008
0.0003934371
-0.0000642483
-0.0003098827
-0.0003923854
-0.0004820750
-0.0007274577
-0.0009482815
-0.0012789829
-0.0015110276
-0.0018773012
-0.0025075626
-0.0027299333
-0.0027597274
-0.0027022845
-0.0027610905
-0.0028371545
-0.0027966958
-0.0026491347
-0.0026143297
-0.0027600759
-0.0026754540
-0.0026870737
-0.0024970357
-0.0024091756
-0.0021155301
-0.0017242971
-0.0016289789
-0.0011281930
-0.0007653787
-0.0009074320
-0.0005586876
0.0002004550
0.0004772645
0.0006850510
0.0010423611
0.0017421008
0.0024972298
0.0026978880
0.0027812321
0.0033206398
0.0035856658
0.0040626791
0.0043064535
0.0049042723
0.0053065537
0.0057673856
0.0061357397
0.0059457140
0.0059224849
0.0060272742
0.0060951055
0.0060750156
0.0058889707
0.0054954331
0.0050998922
0.0044157632
0.0033817744
0.0027759940
0.0023549264
0.0021250229
0.0021179550
0.0024018153
0.0024467522
0.0025860174
0.0026542901
0.0027073082
0.0024442073
0.0022998894
0.0017955077
0.0009930109
0.0001384473
-0.0009484214
-0.0019773572
-0.0029033929
-0.0037251259
-0.0045770093
-0.0057481837
-0.0067886522
-0.0075047672
-0.0079699258
-0.0085287187
-0.0082450304
-0.0071338676
-0.0062185287
-0.0054942843
-0.0044232859
-0.0035593052
-0.0023961391
-0.0014962033
-0.0003681053
0.0006387760
0.0019960557
0.0030405192
0.0037749454
0.0041444071
0.0042444437
0.0044826212
0.0047831337
0.0046114967
0.0043394333
0.0043013445
0.0039033795
0.0033949225
0.0029651703
0.0028092449
0.0021099823
0.0016189954
0.0015700920
0.0012326421
0.0008669640
0.0006765593
0.0003604168
-0.0005496773
-0.0015183663
-0.0021172722
-0.0028692230
-0.0039352363
-0.0049117434
-0.0056726128
-0.0063831490
-0.0068692624
-0.0075503839
-0.0081085959
-0.0083875858
-0.0087680192
-0.0085980396
-0.0081949372
-0.0080309830
-0.0078465775
-0.0073185649
-0.0069073073
-0.0064844093
-0.0059335135
-0.0055103831
-0.0047914232
-0.0037405225
-0.0024763486
-0.0014567966
-0.0003421980
0.0009480169
0.0019477681
0.0026247387
0.0030606375
0.0036630670
0.0041237647
0.0044463214
0.0046654029
0.0048040446
0.0050356855
0.0050503102
0.0050506071
0.0051051768
0.0050677076
0.0048003065
0.0044142865
0.0043871178
0.0042540085
0.0036528130
0.0031453756
0.0028325128
0.0024294065
0.0021215029
0.0018066578
0.0016678731
0.0014967886
0.0010236275
0.0007714348
0.0006204227
0.0004758789
0.0004251065
0.0005913596
0.0006769628
0.0005857599
0.0004439108
0.0002463168
0.0001719475
0.0002913799
0.0003497737
0.0002818304
0.0000164635
-0.0003799094
-0.0004249320
-0.0000465563
-0.0000434039
-0.0004574268
-0.0006107120
-0.0002953594
0.0001751511
0.0003882115
0.0001829054
0.0001279410
0.0002084905
0.0002551238
0.0002001409
0.0000143604
-0.0001833108
-0.0003486373
-0.0007651626
-0.0011690149
-0.0014206404
-0.0014760465
-0.0013987031
-0.0014498981
-0.0015452832
-0.0015748775
-0.0013295947
-0.0007529695
-0.0003037266
-0.0002119668
0.0001889939
0.0003121227
0.0007105839
0.0009165354
0.0007868748
0.0007790503
0.0008376020
0.0009171054
0.0009328642
0.0007607347
0.0002986265
-0.0002122505
-0.0006839319
-0.0009656866
-0.0014567760
-0.0022087402
-0.0027652468
-0.0030511554
-0.0033748377
-0.0037354393
-0.0039970938
-0.0041280579
-0.0043292567
-0.0043517914
-0.0043922294
-0.0044623247
-0.0042251282
-0.0034090851
-0.0023135104
-0.0013147779
-0.0003179739
0.0007211003
0.0014613258
0.0015300480
0.0012674760
0.0013029540
0.0014160338
0.0012207546
0.0008518867
0.0003878129
-0.0002653598
-0.0009763287
-0.0014257151
-0.0015922671
-0.0018064753
-0.0021857904
-0.0022893878
-0.0021624066
-0.0020695138
-0.0020361643
-0.0017528069
-0.0011570371
-0.0005925603
0.0002747501
0.0014685596
0.0026911423
0.0036629509
0.0044354297
0.0047705149
0.0047697559
0.0049468685
0.0052213122
0.0050654538
0.0044809690
0.0040336801
0.0039721737
0.0041164252
0.0040206715
0.0039222561
0.0041870188
0.0044558475
0.0043211789
0.0042658709
0.0043651537
0.0045358174
0.0046185393
0.0042381807
0.0037019096
0.0033316193
0.0025834848
0.0016487626
0.0007892607
-0.0000177821
-0.0007986425
-0.0014265608
-0.0020468619
-0.0029768830
-0.0036530117
-0.0038249018
-0.0039009063
-0.0040407149
-0.0038931461
-0.0035805775
-0.0032483811
-0.0031089933
-0.0026206520
-0.0020299246
-0.0018784087
-0.0018180682
-0.0015262463
-0.0013639720
-0.0013592830
-0.0015976585
-0.0014740437
-0.0009965792
-0.0004620509
0.0001830317
0.0008349394
0.0016603868
0.0027286322
0.0036695288
0.0042948079
0.0047801210
0.0049969384
0.0050932188
0.0053365440
0.0052788945
0.0052573253
0.0052398480
0.0041117964
0.0027409593
0.0013592644
-0.0001003725
-0.0016756442
-0.0029611585
-0.0039149192
-0.0042411315
-0.0043388111
-0.0044385276
-0.0046203542
-0.0046364788
-0.0042232488
-0.0036050432
-0.0035575471
-0.0035154156
-0.0030075781
-0.0026078989
-0.0022622496
-0.0019408215
-0.0016792879
-0.0015367240
-0.0014034708
-0.0010873244
-0.0007532979
-0.0004619285
-0.0004431914
-0.0000869234
0.0002862382
0.0001088639
0.0001145469
0.0004229692
0.0008458259
0.0011024943
0.0013440558
0.0016908134
0.0021322304
0.0028196151
0.0034519859
0.0039581892
0.0043386924
0.0048488068
0.0054716515
0.0056471093
0.0056065241
0.0057813494
0.0059438476
0.0056226461
0.0053076793
0.0046204523
0.0040747248
0.0033296599
0.0023579146
0.0014502872
0.0009543893
0.0004437929
-0.0004514259
-0.0011047984
-0.0014708043
-0.0018349425
-0.0022945004
-0.0027366506
-0.0027099492
-0.0024225756
-0.0021309184
-0.0021978846
-0.0024654465
-0.0021246911
-0.0018709092
-0.0014776610
-0.0013456119
-0.0015088386
-0.0015387319
-0.0015530158
-0.0016741071
-0.0018442122
-0.0021740424
-0.0028820793
-0.0035469549
-0.0036984038
-0.0038492436
-0.0041977737
-0.0044028087
-0.0045890524
-0.0045549109
-0.0045905239
-0.0048316573
-0.0051175348
-0.0050125287
-0.0047628424
-0.0045150950
-0.0042645543
-0.0038233425
-0.0033803907
-0.0027287845
-0.0024797356
-0.0021721410
-0.0015055962
-0.0008786276
-0.0003409539
0.0000235626
0.0002055171
0.0003482699
0.0002824223
0.0000808801
-0.0000523342
-0.0005375211
-0.0012087926
-0.0017124486
-0.0024786906
-0.0028962032
-0.0026512981
-0.0025037052
-0.0027288852
-0.0025596119
-0.0018927866
-0.0015532288
-0.0010746945
-0.0004297330
0.0001177767
0.0006352087
0.0012491712
0.0019321311
0.0025067636
0.0028958908
0.0030900470
0.0033237403
0.0037989878
0.0038949713
0.0034178805
0.0029757213
0.0031579222
0.0029862206
0.0025337678
0.0024316285
0.0026251775
0.0027214502
0.0025719457
0.0023367971
0.0024815758
0.0028583338
0.0031881552
0.0032206264
0.0030740128
0.0028397438
0.0024440243
0.0022340625
0.0020169286
0.0017667782
0.0017471803
0.0018051148
0.0018199063
0.0017341128
0.0014184443
0.0009481816
0.0007309044
0.0001818140
-0.0004618026
-0.0012270070
-0.0018546047
-0.0027096885
-0.0034594751
-0.0035989687
-0.0039201444
-0.0043655486
-0.0045860190
-0.0045341781
-0.0045512295
-0.0044711976
-0.0041085101
-0.0036822353
-0.0035197862
-0.0031394819
-0.0027380059
-0.0020478633
-0.0016217863
-0.0013773211
-0.0009774478
-0.0003574149
0.0001238125
0.0004398281
0.0007167818
0.0009315538
0.0009691051
0.0012045371
0.0014193370
0.0015758572
0.0017351176
0.0019947055
0.0023263763
0.0026214833
0.0029807709
0.0030129117
0.0032104575
0.0036601008
0.0037236518
0.0039611994
0.0044411066
0.0044003227
0.0042821530
0.0042608084
0.0043526743
0.0045915720
0.0048964578
0.0049032654
0.0047556321
0.0043532887
0.0044227360
0.0039170232
0.0035137505
0.0035314318
0.0033810955
0.0033669148
0.0033858249
0.0035836109
0.0039263014
0.0042304566
0.0044082197
0.0043715818
0.0044802048
0.0045017301
0.0043432773
0.0041294029
0.0035168716
0.0029021976
0.0024768814
0.0018021762
0.0008952778
0.0000382948
-0.0010691554
-0.0024596945
-0.0036669782
-0.0044282297
-0.0050448450
-0.0058285770
-0.0064969687
-0.0066359202
-0.0062786230
-0.0058008094
-0.0056197031
-0.0051593592
-0.0047443092
-0.0041915727
-0.0035664639
-0.0033315289
-0.0031206440
-0.0025713160
-0.0021820042
-0.0020885499
-0.0019446570
-0.0019887813
-0.0022382065
-0.0023649424
-0.0024074785
-0.0023302291
-0.0022318287
-0.0019185238
-0.0017334871
-0.0018668017
-0.0018989871
-0.0018825661
-0.0019634845
-0.0021443045
-0.0021442363
-0.0019457942
-0.0019722702
-0.0020800113
-0.0020629431
-0.0020500199
-0.0018911448
-0.0017109981
-0.0013144782
-0.0010993092
-0.0012617655
-0.0013659471
-0.0014779192
-0.0016168201
-0.0018016144
-0.0022226090
-0.0025539109
-0.0026821119
-0.0027003147
-0.0027067713
-0.0025495981
-0.0026274880
-0.0025468407
-0.0021746477
-0.0018531409
-0.0019088527
-0.0016189979
-0.0011570397
-0.0008849399
-0.0001735223
0.0005960086
0.0012848705
0.0018607783
0.0021677595
0.0023378476
0.0029107169
0.0032074835
0.0035774925
0.0035101285
0.0037901200
0.0044114080
0.0045981990
0.0050360005
0.0051849401
0.0055637265
0.0055839842
0.0055686651
0.0056034288
0.0053299764
0.0046806498
0.0040875966
0.0034105901
0.0027980021
0.0017489836
0.0006731741
-0.0001905772
-0.0010814265
-0.0022478996
-0.0032855431
-0.0044108478
-0.0051217480
-0.0055040892
-0.0055298690
-0.0053148638
-0.0054573779
-0.0056192436
-0.0055270292
-0.0051406246
-0.0047056835
-0.0043851997
-0.0042551521
-0.0043008488
-0.0042313421
-0.0038324890
-0.0032680012
-0.0026056271
-0.0019537277
-0.0013186237
-0.0006374212
0.0000665277
0.0006625849
0.0010332649
0.0012297623
0.0012255453
0.0009298319
0.0004847960
-0.0000566488
-0.0006422273
-0.0011890426
-0.0018908321
-0.0025806539
-0.0030179716
-0.0033495742
-0.0033673795
-0.0033467603
-0.0034735474
-0.0035703647
-0.0033829129
-0.0027569393
-0.0019991347
-0.0015111706
-0.0010271101
-0.0001422548
0.0008542197
0.0010545829
0.0013097991
0.0019404867
0.0020614195
0.0018994053
0.0017240728
0.0015482087
0.0015026927
0.0013953801
0.0014167084
0.0012476447
0.0009559367
0.0010295956
0.0015514798
0.0014424515
0.0012806220
0.0012509466
0.0012843320
0.0015487320
0.0020247604
0.0023194902
0.0025544448
0.0026951567
0.0028150276
0.0032292954
0.0034585354
0.0035687203
0.0039531138
0.0041341039
0.0040399921
0.0040531350
0.0040355053
0.0038441991
0.0036228278
0.0038159591
0.0040072627
0.0039547196
0.0035875400
0.0036722833
0.0039280956
0.0041316463
0.0040678423
0.0039872993
0.0040574385
0.0041971515
0.0042541659
0.0040157277
0.0040467842
0.0040796427
0.0037429105
0.0031137021
0.0027945479
0.0025484857
0.0020786820
0.0014671380
0.0009371045
0.0002814999
-0.0002393342
-0.0006329222
-0.0013379568
-0.0020099358
-0.0023706377
-0.0029937744
-0.0038130239
-0.0045391761
-0.0050985989
-0.0053959825
-0.0055988800
-0.0058050948
-0.0060480018
-0.0061006817
-0.0059734739
-0.0058489173
-0.0058356738
-0.0056097872
-0.0049690779
-0.0044727182
-0.0043016362
-0.0037516491
-0.0028392404
-0.0018905964
-0.0010517284
-0.0002240854
0.0004519497
0.0008452350
0.0011254842
0.0016746069
0.0021819451
0.0023954545
0.0024502134
0.0025291646
0.0026490108
0.0030282541
0.0033009009
0.0035023502
0.0037546205
0.0038920799
0.0040815686
0.0041330145
0.0039882803
0.0037930578
0.0036329218
0.0033693079
0.0031177087
0.0030676904
0.0030043331
0.0029349089
0.0031007219
0.0030501718
0.0025781665
0.0020601454
0.0016873610
0.0015764606
0.0013567061
0.0009719774
0.0006141280
0.0001593592
-0.0003947512
-0.0007454305
-0.0008506313
-0.0011924385
-0.0016264993
-0.0019944522
-0.0024704032
-0.0027514560
-0.0031233005
-0.0035145869
-0.0037634625
-0.0041364119
-0.0044161659
-0.0045234748
-0.0045833471
-0.0044856158
-0.0044227051
-0.0041214774
-0.0035535353
-0.0031917926
-0.0028146636
-0.0025072360
-0.0021407587
-0.0015919824
-0.0011776573
-0.0007513214
-0.0005191030
-0.0004356281
-0.0002191894
-0.0000159093
0.0001700802
0.0002375196
0.0002264783
0.0003210659
0.0005921026
0.0006684524
0.0009553695
0.0014034760
0.0014796729
0.0017587864
0.0023855456
0.0028427952
0.0030869388
0.0034008575
0.0037433881
0.0040193497
0.0042785646
0.0047192575
0.0051406581
0.0052355574
0.0054362915
0.0057835954
0.0058965218
0.0058632348
0.0057351544
0.0051852912
0.0042216741
0.0030840551
0.0018956819
0.0007665866
-0.0004193251
-0.0015014228
-0.0023596455
-0.0030298340
-0.0038093219
-0.0043790116
-0.0043880988
-0.0041169828
-0.0041224610
-0.0041530864
-0.0036038221
-0.0026508643
-0.0017026846
-0.0008783831
-0.0002813863
0.0003717854
0.0009833217
0.0011699884
0.0012400554
0.0012742150
0.0012581040
0.0010253332
0.0006244665
0.0002567036
-0.0000454217
-0.0001668839
-0.0000734966
-0.0001131822
-0.0004267270
-0.0007228855
-0.0010846715
-0.0014034114
-0.0017347438
-0.0021035487
-0.0024463516
-0.0028064490
-0.0032804883
-0.0038207609
-0.0041649901
-0.0044960635
-0.0051032251
-0.0058317833
-0.0061411430
-0.0062989220
-0.0063459947
-0.0064128786
-0.0062051871
-0.0055275120
-0.0045723159
-0.0036946399
-0.0028779358
-0.0015652518
0.0000262340
0.0014895302
0.0026646965
0.0037944106
0.0047655815
0.0054911219
0.0062190760
0.0068907051
0.0072674881
0.0073653407
0.0072097586
0.0069703419
0.0063974742
0.0054613381
0.0043774188
0.0033862432
0.0022007277
0.0009978331
0.0000451804
-0.0011243232
-0.0022797386
-0.0031730993
-0.0039121621
-0.0045863211
-0.0050758809
-0.0052310783
-0.0054231718
-0.0056850638
-0.0059186693
-0.0059827160
-0.0059223816
-0.0058258018
-0.0056500704
-0.0054977127
-0.0052178993
-0.0048522197
-0.0045403946
-0.0042222859
-0.0038646582
-0.0034916030
-0.0031925671
-0.0030031197
-0.0027427741
-0.0020613621
-0.0012581872
-0.0006216766
-0.0000325321
0.0006257018
0.0013580787
0.0020736988
0.0026275216
0.0029706769
0.0033140929
0.0037234040
0.0040038705
0.0040104355
0.0038468349
0.0035590109
0.0032039597
0.0027969204
0.0022453234
0.0015857003
0.0009133516
0.0007340841
0.0004377489
0.0002593336
0.0002787699
0.0002694052
0.0003730612
0.0005972338
0.0007024847
0.0009005755
0.0010602252
0.0012389548
0.0012003743
0.0011655974
0.0012627607
0.0014499492
0.0014992633
0.0010957445
0.0008051775
0.0006632587
0.0002757311
-0.0000243434
-0.0006373287
-0.0011730161
-0.0014912141
-0.0014345828
-0.0014856508
-0.0016871240
-0.0016265465
-0.0017079613
-0.0015169306
-0.0013292354
-0.0010185963
-0.0006808654
-0.0003345248
0.0001989464
0.0008442925
0.0012229454
0.0014757966
0.0021991499
0.0027231230
0.0028763533
0.0032100083
0.0032910289
0.0035830920
0.0041059414
0.0040900775
0.0039477725
0.0038261616
0.0036720432
0.0036858754
0.0035842588
0.0033406161
0.0033419121
0.0034057626
0.0034332694
0.0034034469
0.0031937004
0.0027689643
0.0024528724
0.0023242258
0.0022467095
0.0018871818
0.0014676267
0.0010868295
0.0006352805
0.0002102030
-0.0000057569
-0.0004543369
-0.0007750971
-0.0011674461
-0.0013274659
-0.0016219428
-0.0019227754
-0.0020398880
-0.0022056013
-0.0021044734
-0.0019659822
-0.0019571013
-0.0016194755
-0.0015340177
-0.0012927247
-0.0008521650
-0.0010571022
-0.0014771912
-0.0016829560
-0.0018985604
-0.0024528334
-0.0027809584
-0.0029648528
-0.0031741010
-0.0035011291
-0.0035668486
-0.0039989706
-0.0042404577
-0.0044853886
-0.0045794179
-0.0044570325
-0.0045872530
-0.0043311541
-0.0038740656
-0.0035540930
-0.0033093608
-0.0030998441
-0.0028115916
-0.0022243495
-0.0017655953
-0.0016636290
-0.0017186269
-0.0016120831
-0.0011926804
-0.0007260882
-0.0003984382
-0.0002302771
-0.0002537482
-0.0002879405
-0.0002406497
-0.0001902594
-0.0001621835
-0.0001507522
-0.0001784684
-0.0002862710
-0.0004221202
-0.0003496735
-0.0001214365
0.0001126354
0.0005815403
0.0007624674
0.0006472180
0.0008711077
0.0010818442
0.0012154712
0.0013585664
0.0017237230
0.0019343727
0.0018989246
0.0021547690
0.0024888956
0.0026317064
0.0028451806
0.0032368878
0.0035740022
0.0038211017
0.0039918041
0.0043280252
0.0047596722
0.0048942299
0.0051843257
0.0053013879
0.0052496193
0.0053691856
0.0054845930
0.0052343957
0.0045874595
0.0042370603
0.0037212819
0.0030439321
0.0026326409
0.0023684325
0.0019783191
0.0015721960
0.0013822266
0.0014484349
0.0014363569
0.0009381420
0.0008708222
0.0012995817
0.0014408223
0.0015987962
0.0015377031
0.0014704881
0.0013367623
0.0010404355
0.0008546160
0.0006319983
0.0008152320
0.0003221943
-0.0001212577
-0.0003179246
-0.0004726718
-0.0007600797
-0.0013675875
-0.0015577786
-0.0014813055
-0.0015797183
-0.0017102814
-0.0015301259
-0.0015065266
-0.0014418464
-0.0011953890
-0.0010308831
-0.0008611632
-0.0008123758
-0.0008656017
-0.0009432069
-0.0011386322
-0.0014407074
-0.0019704768
-0.0023631619
-0.0024554315
-0.0025099921
-0.0028271637
-0.0033384037
-0.0037032521
-0.0038064795
-0.0036411390
-0.0035781095
-0.0038117408
-0.0039009167
-0.0039177951
-0.0039641166
-0.0037771475
-0.0037742381
-0.0038940703
-0.0037030223
-0.0036538766
-0.0034880895
-0.0032537663
-0.0032255598
-0.0032142783
-0.0032367304
-0.0030017721
-0.0030420785
-0.0030706851
-0.0029139180
-0.0026656801
-0.0025633588
-0.0022058594
-0.0018035814
-0.0013499686
-0.0008456617
-0.0005444932
-0.0002250179
0.0000942769
0.0002665569
0.0003147980
0.0006118890
0.0010667584
0.0010314637
0.0010827333
0.0014849672
0.0017874033
0.0017611044
0.0016390667
0.0016534214
0.0018444639
0.0022235446
0.0025766057
0.0028511338
0.0031940618
0.0037258384
0.0042890974
0.0047896548
0.0053212119
0.0058141046
0.0061893077
0.0063259358
0.0064959128
0.0065871849
0.0063157669
0.0059993337
0.0059202415
0.0057352706
0.0051191122
0.0045491797
0.0042557123
0.0040143672
0.0039980387
0.0042813966
0.0043795564
0.0040531453
0.0037411292
0.0036767546
0.0033156547
0.0029172793
0.0024653330
0.0019386747
0.0015842967
0.0008687768
0.0000532515
-0.0000528508
-0.0003278537
-0.0009337660
-0.0015352517
-0.0018761852
-0.0023058880
-0.0029232143
-0.0034284212
-0.0039945690
-0.0044407039
-0.0048645029
-0.0051790438
-0.0057252075
-0.0059842753
-0.0060342858
-0.0061376114
-0.0061268048
-0.0061655648
-0.0061013710
-0.0060586715
-0.0059783866
-0.0055383546
-0.0049134266
-0.0044579567
-0.0039931104
-0.0034979485
-0.0031671126
-0.0027925781
-0.0023629995
-0.0022130334
-0.0019614621
-0.0016548583
-0.0016966568
-0.0018713393
-0.0017638842
-0.0015475899
-0.0015464829
-0.0013646122
-0.0009536972
-0.0005252074
0.0000569714
0.0006617449
0.0009324863
0.0011487657
0.0017962256
0.0023948594
0.0030422360
0.0034276673
0.0033514330
0.0033244528
0.0029698482
0.0030118481
0.0032293057
0.0028104789
0.0026861211
0.0026859068
0.0021740862
0.0022691406
0.0022253197
0.0019158124
0.0017620033
0.0015795381
0.0014630043
0.0011040169
0.0006670470
0.0003497505
0.0002191961
0.0001998762
-0.0000200239
-0.0003908478
-0.0009828216
-0.0013977864
-0.0014716529
-0.0014569257
-0.0016083863
-0.0019189854
-0.0019501325
-0.0016570193
-0.0013519536
-0.0014275304
-0.0013001618
-0.0008938680
-0.0006375433
-0.0004227573
0.0001173453
0.0008359537
0.0012106374
0.0014329748
0.0017818883
0.0021833913
0.0025373973
0.0027911738
0.0029414533
0.0030972961
0.0033115758
0.0032746952
0.0031891594
0.0030165595
0.0028097122
0.0027386952
0.0025427678
0.0022950978
0.0017876653
0.0013722586
0.0010357329
0.0003019554
-0.0001737819
-0.0003938068
-0.0007292209
-0.0010759210
-0.0013416448
-0.0016719355
-0.0020149232
-0.0018975690
-0.0018889667
-0.0019479942
-0.0017780461
-0.0013523401
-0.0010017147
-0.0007510085
-0.0005590332
-0.0003093493
0.0001339635
0.0000985220
0.0004286482
0.0009439950
0.0007417739
0.0006320125
0.0007078270
0.0008654520
0.0010717429
0.0009999621
0.0002888789
-0.0001561668
-0.0000136896
-0.0001619816
-0.0003285244
-0.0005957344
-0.0008160073
-0.0011483173
-0.0013095422
-0.0012453905
-0.0014000476
-0.0018065765
-0.0020614631
-0.0021574776
-0.0024543400
-0.0026922188
-0.0028224884
-0.0032081547
-0.0035801954
-0.0037805526
-0.0038731956
-0.0040802055
-0.0041261578
-0.0041485944
-0.0041316824
-0.0038345053
-0.0032881944
-0.0030009538
-0.0026447253
-0.0019905817
-0.0012460860
-0.0004504177
0.0004524691
0.0013072178
0.0021342954
0.0027394490
0.0030689580
0.0034133498
0.0037120346
0.0037907706
0.0037754721
0.0037610255
0.0036921177
0.0036106788
0.0037048088
0.0036146158
0.0033481440
0.0029532279
0.0025038596
0.0022313152
0.0018807084
0.0014361537
0.0009958148
0.0003562176
-0.0002721066
-0.0006539707
-0.0010526846
-0.0016391880
-0.0020410422
-0.0020193475
-0.0018850543
-0.0018302820
-0.0018186181
-0.0015998211
-0.0012276841
-0.0011307253
-0.0010819036
-0.0011242871
-0.0011234860
-0.0010715692
-0.0009733221
-0.0007697062
-0.0005702972
-0.0003824001
-0.0001022384
0.0001408471
0.0005526735
0.0010572274
0.0013601659
0.0016222198
0.0016574618
0.0015761123
0.0017676534
0.0021874457
0.0024446320
0.0022226607
0.0021135745
0.0017701844
0.0017094055
0.0017989502
0.0015559976
0.0011928575
0.0010366904
0.0008687621
0.0004044500
0.0000854332
0.0000958371
0.0004161662
0.0006570632
0.0006331027
0.0005329909
0.0002993857
0.0003314751
0.0002566026
0.0000561715
-0.0001133028
-0.0005916767
-0.0011544104
-0.0016463677
-0.0018951449
-0.0020852042
-0.0020916951
-0.0020737259
-0.0022925482
-0.0021125081
-0.0018592487
-0.0017311959
-0.0013363500
-0.0008743788
-0.0004490547
-0.0002650160
0.0003158180
0.0006665454
0.0010317923
0.0014185243
0.0015314993
0.0012151053
0.0008355812
0.0007651843
0.0006838565
0.0001936326
-0.0001313183
-0.0001295567
-0.0007947321
-0.0009429559
-0.0009011099
-0.0012297724
-0.0016135306
-0.0021549595
-0.0021525684
-0.0020673636
-0.0016156486
-0.0014376237
-0.0014548759
-0.0012838727
-0.0013787299
-0.0013393562
-0.0011108161
-0.0008362358
-0.0007824580
-0.0005651563
-0.0004530530
-0.0002807595
-0.0003071297
-0.0001737672
0.0001307898
0.0002592420
0.0005673289
0.0007304844
0.0009904244
0.0016053989
0.0019913259
0.0021846452
0.0022417324
0.0023056035
0.0028026618
0.0029596432
0.0031055727
0.0032994165
0.0036551700
0.0037510037
0.0034353321
0.0032641107
0.0029784913
0.0026485435
0.0023465179
0.0019819450
0.0014960753
0.0010261655
0.0008543473
0.0005014408
0.0001660098
-0.0005724851
-0.0013710112
-0.0020379742
-0.0026518324
-0.0031151013
-0.0034556544
-0.0039404589
-0.0045525358
-0.0049451182
-0.0051092918
-0.0050594620
-0.0049339915
-0.0049055889
-0.0051303343
-0.0052264805
-0.0051530833
-0.0052650365
-0.0056247914
-0.0058976423
-0.0058844658
-0.0058171199
-0.0057165928
-0.0054277748
-0.0050870901
-0.0046758377
-0.0040086129
-0.0032555760
-0.0025929180
-0.0019880011
-0.0014683485
-0.0009582118
-0.0001415686
0.0007723043
0.0014314224
0.0020625657
0.0025739763
0.0028066401
0.0029549731
0.0031154860
0.0030239764
0.0028199301
0.0026717726
0.0025812001
0.0024081092
0.0021392781
0.0017175099
0.0013589076
0.0011318294
0.0010212538
0.0009053316
0.0007254211
0.0005284613
0.0002352628
0.0003145159
0.0006596037
0.0005155363
0.0002909013
0.0003172511
0.0001808821
-0.0001556756
-0.0004968019
-0.0008658020
-0.0008877489
-0.0012854276
-0.0021883462
-0.0023771766
-0.0023722142
-0.0023436350
-0.0023385503
-0.0021595364
-0.0017501468
-0.0014106492
-0.0011118232
-0.0008830230
-0.0007177644
-0.0004891256
-0.0000959553
0.0000212411
-0.0000301350
0.0001313962
0.0003438376
0.0005371336
0.0011203282
0.0018309759
0.0021705717
0.0024953553
0.0033850169
0.0036626721
0.0038865450
0.0040962243
0.0041941930
0.0044700850
0.0046023915
0.0049327549
0.0052022781
0.0054278523
0.0058513957
0.0059912197
0.0061533100
0.0061918377
0.0061672170
0.0060372262
0.0056706276
0.0053179256
0.0049206731
0.0043840974
0.0038732059
0.0034016475
0.0030535821
0.0027681821
0.0024814986
0.0021833379
0.0017843183
0.0017080494
0.0017770981
0.0016075424
0.0013611921
0.0014458391
0.0017369947
0.0017795124
0.0016601588
0.0016211585
0.0016850004
0.0018475843
0.0020465637
0.0019677077
0.0015616231
0.0013823036
0.0012606578
0.0008806167
0.0005894849
0.0002774835
-0.0000689769
-0.0006071680
-0.0008386971
-0.0010214734
-0.0013931860
-0.0018542611
-0.0018510798
-0.0019175617
-0.0023317798
-0.0023097694
-0.0025802034
-0.0031394664
-0.0034204466
-0.0034304322
-0.0037588905
-0.0039509685
-0.0041266483
-0.0047507709
-0.0051559799
-0.0049199735
-0.0048677505
-0.0049736499
-0.0049836329
-0.0047893399
-0.0044052535
-0.0042330744
-0.0040330399
-0.0034970114
-0.0030703417
-0.0024477510
-0.0016259432
-0.0013459798
-0.0012354563
-0.0011025152
-0.0009903010
-0.0011620632
-0.0012553198
-0.0015043320
-0.0019139983
-0.0023746794
-0.0029400102
-0.0033256868
-0.0035372687
-0.0036552009
-0.0037888447
-0.0041729672
-0.0041410820
-0.0036100696
-0.0033046494
-0.0028826550
-0.0022955596
-0.0017961606
-0.0012212784
-0.0005646033
-0.0001949708
-0.0000252115
0.0002092915
0.0006091850
0.0009519192
0.0010158187
0.0011878071
0.0013964827
0.0018127204
0.0021862417
0.0025111706
0.0028524246
0.0030906692
0.0032143996
0.0033058086
0.0036193013
0.0038142579
0.0040500371
0.0038530230
0.0034490842
0.0030394685
0.0031547675
0.0029562974
0.0024819148
0.0018088284
0.0015257297
0.0009418748
0.0002964626
-0.0002057486
-0.0008482031
-0.0011915760
-0.0011658987
-0.0011761615
-0.0013993772
-0.0015689151
-0.0013365537
-0.0009521660
-0.0006377051
-0.0007010576
-0.0008728407
-0.0006386448
-0.0003171669
-0.0001227646
0.0001108409
0.0001234399
0.0003519722
0.0005942851
0.0005416274
0.0006014382
0.0008598107
0.0006463240
0.0001923789
-0.0000407670
0.0002824301
0.0003183516
0.0000413509
0.0002339075
0.0004751107
0.0005500800
0.0008178758
0.0009510242
0.0010910075
0.0008411440
0.0005519204
0.0005782258
0.0004290744
0.0002572093
-0.0001389619
-0.0004958026
-0.0006687351
-0.0008122913
-0.0011350311
-0.0012235590
-0.0010795264
-0.0013561123
-0.0015753321
-0.0015817407
-0.0013857962
-0.0013483495
-0.0015483721
-0.0016351076
-0.0014092561
-0.0013110042
-0.0015326094
-0.0018069354
-0.0017700906
-0.0012648157
-0.0007483051
-0.0005269516
-0.0002229684
0.0004828374
0.0012813507
0.0018830515
0.0020506896
0.0023513253
0.0029921970
0.0033008726
0.0034566534
0.0035701918
0.0036723375
0.0035141041
0.0034850690
0.0036194278
0.0033769752
0.0030875868
0.0025284585
0.0019636849
0.0015168328
0.0009597197
0.0006234078
0.0004769524
0.0004220510
-0.0003606967
-0.0007198454
-0.0007940083
-0.0008821693
-0.0011137735
-0.0010902504
-0.0010644066
-0.0011656377
-0.0012070942
-0.0010233965
-0.0005600994
-0.0001699339
0.0002674783
0.0006661617
0.0008176097
0.0012998383
0.0015095207
0.0019270952
0.0020913731
0.0022396122
0.0022565546
0.0021640643
0.0020805829
0.0020895159
0.0024664789
0.0025539959
0.0023701392
0.0025677498
0.0027711329
0.0029657564
0.0030835182
0.0032829434
0.0034696311
0.0037647765
0.0038937115
0.0037678925
0.0038120325
0.0034292369
0.0029837888
0.0028114625
0.0023975208
0.0016831572
0.0012225057
0.0005965174
-0.0000450671
-0.0006013788
-0.0010567062
-0.0013548024
-0.0019854389
-0.0026889092
-0.0030333269
-0.0033004182
-0.0036748649
-0.0040522985
-0.0042739022
-0.0043814022
-0.0046548623
-0.0051153121
-0.0056120229
-0.0055192638
-0.0052845869
-0.0053889064
-0.0053917229
-0.0051166416
-0.0047027249
-0.0043217623
-0.0038604038
-0.0033417727
-0.0026416093
-0.0016926249
-0.0010011496
-0.0006351532
-0.0001580546
0.0003514646
0.0006815186
0.0010277465
0.0013862315
0.0016965592
0.0020200851
0.0024087992
0.0027500723
0.0027399163
0.0023677021
0.0020404275
0.0020680748
0.0021529490
0.0018590058
0.0012974795
0.0009292831
0.0007757556
0.0006015740
0.0001194260
-0.0005430109
-0.0010507384
-0.0013948960
-0.0015535371
-0.0018104213
-0.0019763411
-0.0019936749
-0.0021859378
-0.0022157714
-0.0022059999
-0.0020984358
-0.0017948721
-0.0015116812
-0.0015198737
-0.0015868117
-0.0014368123
-0.0012281163
-0.0012904248
-0.0014302161
-0.0012436327
-0.0011030380
-0.0011848331
-0.0013356274
-0.0015154702
-0.0015276646
-0.0015616231
-0.0018046914
-0.0020046795
-0.0021537554
-0.0021929060
-0.0021605262
-0.0021595178
-0.0020716116
-0.0018906930
-0.0018096290
-0.0017096342
-0.0015171413
-0.0015275374
-0.0014310871
-0.0011188237
-0.0008229784
-0.0004318391
-0.0003476702
-0.0001909871
0.0000304542
0.0003910342
0.0005990747
0.0005833170
0.0008478192
0.0012800770
0.0013099824
0.0014904913
0.0019736950
0.0021438638
0.0025122350
0.0029073143
0.0030594526
0.0030923575
0.0033324480
0.0033785061
0.0035461365
0.0037493464
0.0035565093
0.0034403507
0.0035626535
0.0031077670
0.0029311243
0.0030574338
0.0029237952
0.0025583223
0.0022723382
0.0018400244
0.0017879648
0.0014064136
0.0010223566
0.0008347602
0.0007335572
0.0004793840
0.0002753390
0.0001071625
0.0002334043
0.0004418497
0.0005566347
0.0004695610
0.0004112899
0.0003556285
0.0002378675
0.0002764201
0.0005332277
0.0004995955
0.0004294558
0.0003414780
0.0000830751
-0.0002296298
-0.0003087615
-0.0004064861
-0.0009236598
-0.0013627713
-0.0014337807
-0.0016970683
-0.0022426272
-0.0026394899
-0.0030160509
-0.0034393594
-0.0035378057
-0.0035813391
-0.0036144634
-0.0036199106
-0.0037062364
-0.0037038149
-0.0036636169
-0.0034755197
-0.0033125904
-0.0029956692
-0.0028653093
-0.0026331417
-0.0025288349
-0.0026076485
-0.0024445690
-0.0020739825
-0.0018240020
-0.0018123606
-0.0016389985
-0.0012444283
-0.0011373657
-0.0009927367
-0.0004194844
0.0000316933
0.0002928969
0.0006141342
0.0010461816
0.0015801339
0.0021674596
0.0025024263
0.0027693542
0.0029697114
0.0029531117
0.0029501945
0.0030127516
0.0030709123
0.0031005980
0.0030430027
0.0029126737
0.0028217243
0.0029526574
0.0027665118
0.0025840218
0.0023684108
0.0021853053
0.0018458670
0.0016915527
0.0015962781
0.0011348050
0.0007425332
0.0004775110
0.0003076994
0.0000565767
-0.0004877826
-0.0007014175
-0.0011610043
-0.0013842258
-0.0018223900
-0.0019032398
-0.0022325365
-0.0025725916
-0.0028116199
-0.0031763496
-0.0029229097
-0.0029252512
-0.0031697975
-0.0028890418
-0.0024574942
