0.0000353834
0.0000346265
0.0000336002
0.0000333196
0.0000332758
0.0000340052
0.0000341425
0.0000335315
0.0000307461
0.0000264874
0.0000210145
0.0000167870
0.0000136709
0.0000139911
0.0000167161
0.0000216634
0.0000278005
0.0000338434
0.0000379979
0.0000389461
0.0000332181
0.0000212199
0.0000035441
-0.0000144436
-0.0000294969
-0.0000361400
-0.0000366170
-0.0000323222
-0.0000276553
-0.0000282918
-0.0000377302
-0.0000527517
-0.0000685933
-0.0000842307
-0.0000987285
-0.0001106406
-0.0001177856
-0.0001186484
-0.0001108769
-0.0000947947
-0.0000751968
-0.0000554893
-0.0000431888
-0.0000371739
-0.0000378574
-0.0000464661
-0.0000570719
-0.0000755525
-0.0001058949
-0.0001404616
-0.0001754894
-0.0001934098
-0.0001840784
-0.0001565630
-0.0001193266
-0.0000828422
-0.0000540877
-0.0000242465
0.0000024712
0.0000122945
-0.0000108805
-0.0000705587
-0.0001655426
-0.0002783725
-0.0003977938
-0.0005002729
-0.0005597058
-0.0005671281
-0.0005018069
-0.0003524780
-0.0001264160
0.0001516217
0.0004424352
0.0007013059
0.0008765773
0.0009354501
0.0008649356
0.0006990882
0.0004819523
0.0002831539
0.0001484507
0.0001317902
0.0002358893
0.0004183247
0.0005487716
0.0005003377
0.0002571262
-0.0001553216
-0.0005848237
-0.0009153970
-0.0010845258
-0.0010394627
-0.0008232359
-0.0004934593
-0.0001054455
0.0003259544
0.0007274934
0.0010769337
0.0013501199
0.0014766029
0.0014340665
0.0012572782
0.0009953471
0.0007254209
0.0005671879
0.0005630543
0.0006905443
0.0009167898
0.0011538140
0.0013179678
0.0013185888
0.0011253116
0.0007318956
0.0002334570
-0.0002242761
-0.0005191137
-0.0005443961
-0.0002503518
0.0002541743
0.0007996815
0.0012366305
0.0014974390
0.0015385151
0.0014063983
0.0012305312
0.0011633105
0.0012546044
0.0015065778
0.0017966707
0.0019748827
0.0019152412
0.0015444303
0.0009372301
0.0002567567
-0.0002724221
-0.0005615183
-0.0006045536
-0.0005727639
-0.0007270397
-0.0012452314
-0.0021108141
-0.0030585949
-0.0038208509
-0.0040555549
-0.0037176994
-0.0030488864
-0.0023482527
-0.0018736900
-0.0017516419
-0.0019065895
-0.0020738476
-0.0020558252
-0.0017521028
-0.0012451180
-0.0007509178
-0.0004630627
-0.0005025930
-0.0007744853
-0.0011601930
-0.0015098890
-0.0017715043
-0.0019772211
-0.0021684000
-0.0024543313
-0.0028604562
-0.0033792318
-0.0039180195
-0.0042719173
-0.0042233414
-0.0035844595
-0.0024257579
-0.0009991926
0.0003526762
0.0012123648
0.0013560753
0.0007616086
-0.0004522680
-0.0020145149
-0.0037023787
-0.0054248132
-0.0069724340
-0.0079318236
-0.0079127745
-0.0067585787
-0.0045623311
-0.0018522346
0.0007848235
0.0027169186
0.0039005427
0.0044019818
0.0044597720
0.0042261994
0.0038201125
0.0033753546
0.0029693041
0.0026961117
0.0025211590
0.0022872060
0.0018080438
0.0010330056
-0.0001174291
-0.0015337990
-0.0030083597
-0.0042460290
-0.0049393630
-0.0048687704
-0.0039654752
-0.0022886771
-0.0000578327
0.0024782489
0.0050006738
0.0071973987
0.0087882330
0.0094160363
0.0088187817
0.0070826156
0.0045403369
0.0018614329
-0.0005315336
-0.0021319105
-0.0031199226
-0.0037583159
-0.0040594910
-0.0040946947
-0.0039106919
-0.0033994432
-0.0024306304
-0.0009428580
0.0009170484
0.0028858138
0.0048240969
0.0065289198
0.0077402798
0.0082928385
0.0081226291
0.0072349466
0.0056897768
0.0035481497
0.0008406035
-0.0024977579
-0.0062043439
-0.0098773109
-0.0130355395
-0.0145006609
-0.0140292736
-0.0118884299
-0.0083617971
-0.0039641445
0.0003785192
0.0037397750
0.0058302600
0.0069709292
0.0073636410
0.0072710065
0.0068222956
0.0061239784
0.0052112808
0.0039506824
0.0022114141
0.0000042612
-0.0026637990
-0.0055112908
-0.0081406731
-0.0102586411
-0.0115788771
-0.0119480983
-0.0114327479
-0.0100971827
-0.0081781143
-0.0057617254
-0.0028776158
0.0002849608
0.0034157606
0.0061134305
0.0081881147
0.0091861725
0.0090333417
0.0077106800
0.0052935723
0.0022440332
-0.0008431028
-0.0034456075
-0.0052432866
-0.0061524692
-0.0063031606
-0.0059186496
-0.0051569326
-0.0042289564
-0.0032727281
-0.0023402666
-0.0014253082
-0.0005014142
0.0003727537
0.0011794018
0.0019027143
0.0024681553
0.0026924406
0.0025322698
0.0019567870
0.0010737140
0.0000614423
-0.0008532582
-0.0013455956
-0.0012178804
-0.0004273779
0.0009513943
0.0025586788
0.0040773217
0.0053607678
0.0066211781
0.0076906567
0.0084172542
0.0086835907
0.0084333638
0.0076630643
0.0064325513
0.0049099372
0.0033210233
0.0018676533
0.0005869029
-0.0005835886
-0.0015460219
-0.0023854247
-0.0031097677
-0.0036706648
-0.0040232234
-0.0039987361
-0.0034257161
-0.0022658746
-0.0006884014
0.0010460284
0.0027962617
0.0043526085
0.0054715895
0.0059592801
0.0058791335
0.0053685671
0.0045051445
0.0033650482
0.0020617786
0.0006232349
-0.0007481195
-0.0019232519
-0.0027251073
-0.0031734931
-0.0033359509
-0.0033365433
-0.0033729794
-0.0035627994
-0.0038177682
-0.0039935927
-0.0038769313
-0.0033109583
-0.0023003354
-0.0010817738
0.0001292922
0.0010975943
0.0017233967
0.0019856097
0.0018990179
0.0015890560
0.0011807054
0.0007956620
0.0005145556
0.0004491275
0.0006541211
0.0011419974
0.0018632825
0.0026961111
0.0034610096
0.0039000738
0.0038237847
0.0032933803
0.0024441450
0.0015952702
0.0010873316
0.0009579575
0.0011403199
0.0013740918
0.0014540991
0.0012333081
0.0005392555
-0.0006332960
-0.0020929096
-0.0035663397
-0.0047165432
-0.0053017535
-0.0053701730
-0.0047753329
-0.0036100362
-0.0021518852
-0.0006636591
0.0004959375
0.0009466917
0.0006051502
-0.0004488527
-0.0020667929
-0.0039268605
-0.0057487013
-0.0071511109
-0.0080251544
-0.0083479110
-0.0081821207
-0.0077423714
-0.0073044190
-0.0070736230
-0.0070938457
-0.0073494125
-0.0077316607
-0.0080715460
-0.0081970455
-0.0080878073
-0.0077607748
-0.0072680502
-0.0066881209
-0.0061772316
-0.0058146726
-0.0055961597
-0.0054501793
-0.0052462233
-0.0048892176
-0.0043712477
-0.0037651579
-0.0030735618
-0.0025424008
-0.0021256401
-0.0018175178
-0.0016897142
-0.0017592480
-0.0019713208
-0.0022650077
-0.0025670649
-0.0028974763
-0.0032948795
-0.0037398873
-0.0041684794
-0.0044650305
-0.0045721519
-0.0045005598
-0.0042349646
-0.0037781539
-0.0031827215
-0.0024912703
-0.0016479350
-0.0005599579
0.0007953871
0.0022861624
0.0036945148
0.0048217218
0.0056160314
0.0061150869
0.0064090354
0.0065558413
0.0066174160
0.0066328912
0.0066456345
0.0066781008
0.0067501561
0.0068665339
0.0070391016
0.0072968021
0.0075716426
0.0077904307
0.0078453994
0.0076482461
0.0071933053
0.0065739835
0.0059795954
0.0055046426
0.0053067341
0.0052819379
0.0052366188
0.0049500456
0.0043188115
0.0033239375
0.0020671149
0.0007697757
-0.0000524369
-0.0001541846
0.0005520615
0.0020803184
0.0040823359
0.0060135104
0.0074321111
0.0081434104
0.0082713861
0.0080077252
0.0076051140
0.0072665763
0.0070848195
0.0069595643
0.0066909312
0.0061113894
0.0051372265
0.0038716307
0.0023980771
0.0008575209
-0.0006495213
-0.0021179834
-0.0034247896
-0.0046170162
-0.0056730355
-0.0065421040
-0.0070837498
-0.0071139588
-0.0065943522
-0.0056318546
-0.0043459322
-0.0029520350
-0.0016474720
-0.0006342921
0.0000507259
0.0004171520
0.0003985880
0.0000387239
-0.0006641558
-0.0017271282
-0.0029767750
-0.0042676863
-0.0056270341
-0.0068810404
-0.0079895942
-0.0088791437
-0.0094445889
-0.0095387647
-0.0091492899
-0.0083391908
-0.0072273101
-0.0059767795
-0.0047340257
-0.0034683120
-0.0022001936
-0.0010314438
-0.0001622514
0.0002909810
0.0002617821
-0.0003098397
-0.0013918811
-0.0028082024
-0.0043676934
-0.0058717525
-0.0070571288
-0.0076374146
-0.0074629266
-0.0065161568
-0.0049196934
-0.0028130173
-0.0004463655
0.0017095581
0.0033914642
0.0043970686
0.0047719948
0.0045855775
0.0039853469
0.0033084006
0.0028672251
0.0027861658
0.0030234165
0.0034100248
0.0037686392
0.0039808858
0.0040570878
0.0041293621
0.0042796436
0.0046230019
0.0052178673
0.0059690251
0.0066251396
0.0068764782
0.0064936994
0.0053485915
0.0034641484
0.0011731890
-0.0010773169
-0.0030412780
-0.0044812581
-0.0053894243
-0.0056821824
-0.0052623021
-0.0041865627
-0.0026757714
-0.0009681042
0.0007137969
0.0021503329
0.0031211523
0.0036551560
0.0037458589
0.0034972941
0.0031462741
0.0028557957
0.0027018315
0.0027028806
0.0028663435
0.0031593853
0.0035280282
0.0039005230
0.0040906434
0.0039706018
0.0035070391
0.0027864182
0.0017858412
0.0006167164
-0.0005957556
-0.0017574425
-0.0028696817
-0.0039369030
-0.0048981709
-0.0056071904
-0.0060359875
-0.0061272126
-0.0059568825
-0.0054709438
-0.0046775298
-0.0036866789
-0.0025572153
-0.0014440984
-0.0005346506
0.0000959518
0.0005293668
0.0009299072
0.0013726689
0.0018895006
0.0024388972
0.0029263770
0.0031289628
0.0028921616
0.0021643111
0.0009300765
-0.0006962619
-0.0025454781
-0.0042737731
-0.0058056745
-0.0069249530
-0.0075901358
-0.0078397619
-0.0077889512
-0.0076117229
-0.0072925094
-0.0068609750
-0.0063345909
-0.0057204463
-0.0050925447
-0.0044743543
-0.0039371669
-0.0034975019
-0.0031987356
-0.0030558772
-0.0031431381
-0.0034579438
-0.0039773848
-0.0046437776
-0.0054348473
-0.0063340491
-0.0071923395
-0.0078654648
-0.0081865874
-0.0080649231
-0.0074886351
-0.0065534099
-0.0054391007
-0.0043790330
-0.0035192406
-0.0028342900
-0.0022323342
-0.0016661963
-0.0010979511
-0.0004022010
0.0004002136
0.0012839296
0.0021160412
0.0026184902
0.0027203859
0.0022958490
0.0013148661
-0.0001130648
-0.0017860796
-0.0033357712
-0.0046248577
-0.0053476819
-0.0054666988
-0.0051505679
-0.0045023707
-0.0035623530
-0.0023127593
-0.0009062697
0.0004471802
0.0015782072
0.0023805233
0.0027745008
0.0027794277
0.0025424381
0.0023113634
0.0022663244
0.0024787944
0.0029984182
0.0037818964
0.0046269184
0.0054169016
0.0060881430
0.0065800085
0.0068604416
0.0068946513
0.0066743135
0.0062166297
0.0055484709
0.0046497801
0.0034012653
0.0017188412
-0.0002848381
-0.0025547283
-0.0049187079
-0.0070460054
-0.0087553287
-0.0098715527
-0.0101016467
-0.0093069497
-0.0075291731
-0.0049651108
-0.0020633974
0.0008368409
0.0033877892
0.0053577862
0.0066218098
0.0070922342
0.0068457217
0.0059932485
0.0046637701
0.0029889007
0.0013025211
-0.0001043244
-0.0010022589
-0.0012919535
-0.0011026355
-0.0007208185
-0.0003044728
0.0000218000
0.0001478065
0.0000183280
-0.0003502847
-0.0009109771
-0.0016739162
-0.0026232745
-0.0037425348
-0.0048790319
-0.0058514962
-0.0065151292
-0.0068804845
-0.0068872760
-0.0065045168
-0.0057832928
-0.0048577312
-0.0038214517
-0.0027053878
-0.0016050166
-0.0005669147
0.0003141911
0.0008860002
0.0011267631
0.0010194840
0.0005445752
-0.0001711029
-0.0009184328
-0.0015219423
-0.0018190394
-0.0017329198
-0.0013666423
-0.0007913139
-0.0001802799
0.0003328590
0.0006625886
0.0007198297
0.0006204919
0.0005052515
0.0004693224
0.0006199394
0.0008683936
0.0010643694
0.0010876452
0.0008087038
0.0002451913
-0.0003967749
-0.0008547128
-0.0007971093
0.0001020074
0.0019610747
0.0046381794
0.0079037736
0.0114178006
0.0149530665
0.0183371020
0.0214270318
0.0238118977
0.0253654424
0.0260949317
0.0261252530
0.0256454909
0.0249061668
0.0241462494
0.0234369547
0.0227285331
0.0220778344
0.0215602969
0.0211715829
0.0208727044
0.0205628062
0.0201563739
0.0195945420
0.0189590432
0.0184028151
0.0180940737
0.0180933494
0.0183553819
0.0188164234
0.0192939930
0.0195164168
0.0192733773
0.0185144033
0.0172635750
0.0156949623
0.0140720548
0.0127850347
0.0119931143
0.0117836753
0.0120837077
0.0126710882
0.0134465761
0.0142953406
0.0152175023
0.0161652182
0.0171494994
0.0181201248
0.0189365718
0.0195284976
0.0198651235
0.0198865618
0.0195912291
0.0189876520
0.0180152579
0.0166797882
0.0149759199
0.0129532283
0.0107512196
0.0084566663
0.0062265431
0.0041360272
0.0022888394
0.0006954126
-0.0006540787
-0.0016848622
-0.0023416390
-0.0025132799
-0.0021765730
-0.0016140854
-0.0012011908
-0.0013353074
-0.0023416128
-0.0042315815
-0.0065680709
-0.0089162480
-0.0109001339
-0.0121851607
-0.0127137964
-0.0125356585
-0.0117463716
-0.0106172246
-0.0094011059
-0.0083455611
-0.0074021576
-0.0061915669
-0.0042631325
-0.0013695545
0.0023516944
0.0064073846
0.0101739182
0.0127130861
0.0134697073
0.0127146948
0.0107016695
0.0079488429
0.0052720779
0.0036019083
0.0033320540
0.0043799792
0.0065692051
0.0094132569
0.0122506239
0.0146578546
0.0164388374
0.0176522665
0.0183823903
0.0188834111
0.0192540334
0.0196873028
0.0203967295
0.0214524147
0.0226959882
0.0238020714
0.0243135053
0.0237395448
0.0219903517
0.0193488830
0.0164356003
0.0139575103
0.0124765768
0.0121027652
0.0127115896
0.0137751920
0.0148966857
0.0156666708
0.0160063344
0.0157306545
0.0149880344
0.0139692261
0.0130282960
0.0123770779
0.0120201087
0.0117402175
0.0112855069
0.0103406266
0.0086152947
0.0060519146
0.0029136252
-0.0007603859
-0.0043699057
-0.0074545938
-0.0097487091
-0.0112066461
-0.0119153401
-0.0121271234
-0.0121506252
-0.0121735319
-0.0124975238
-0.0132824253
-0.0144490164
-0.0157880825
-0.0169669257
-0.0177007722
-0.0177782573
-0.0172102376
-0.0160210739
-0.0144099945
-0.0127063059
-0.0112870201
-0.0104725862
-0.0103749627
-0.0111319630
-0.0125202452
-0.0141117813
-0.0153558350
-0.0159456215
-0.0160886288
-0.0161315812
-0.0164362770
-0.0172044709
-0.0182137756
-0.0191311730
-0.0197659278
-0.0200585399
-0.0201243119
-0.0201661526
-0.0205377602
-0.0214750125
-0.0228595943
-0.0242757384
-0.0250227439
-0.0243356932
-0.0217360483
-0.0172647514
-0.0116412099
-0.0060745742
-0.0018616109
0.0005613976
0.0009979761
-0.0001463442
-0.0022988550
-0.0048570686
-0.0072016240
-0.0091555311
-0.0108069772
-0.0122370832
-0.0134849382
-0.0147185001
-0.0159702829
-0.0172390541
-0.0184510204
-0.0193188733
-0.0196345577
-0.0190462817
-0.0173230835
-0.0143458705
-0.0103077981
-0.0059220439
-0.0021068934
0.0001956319
0.0005112930
-0.0010188416
-0.0035368242
-0.0064473049
-0.0091560701
-0.0114958640
-0.0133763569
-0.0150008339
-0.0164625919
-0.0175249422
-0.0178348122
-0.0172692631
-0.0157860190
-0.0134267297
-0.0104478911
-0.0071099413
-0.0037891173
-0.0006313810
0.0021012736
0.0039815596
0.0050638180
0.0051502563
0.0042842311
0.0028666945
0.0013415165
0.0000750778
-0.0007575402
-0.0009333933
-0.0003690657
0.0008506904
0.0026258936
0.0047725787
0.0067288105
0.0081629649
0.0090988133
0.0097841093
0.0108151696
0.0125061177
0.0148273678
0.0172441946
0.0189044480
0.0189375235
0.0168228431
0.0126769335
0.0073013363
0.0022677475
-0.0008657363
-0.0024818673
-0.0024807547
-0.0007249310
0.0023356426
0.0063574274
0.0106658033
0.0146128976
0.0179450134
0.0205837757
0.0223316324
0.0232719393
0.0234149184
0.0228252835
0.0215717544
0.0195869897
0.0169960819
0.0139217789
0.0105712934
0.0068395732
0.0026054753
-0.0019893348
-0.0064488013
-0.0101882254
-0.0126316087
-0.0135774744
-0.0137348197
-0.0135176516
-0.0133853579
-0.0136635197
-0.0144890153
-0.0155641258
-0.0165115637
-0.0171169152
-0.0174214004
-0.0178060799
-0.0185223570
-0.0199098783
-0.0219696377
-0.0244277971
-0.0269371771
-0.0289374225
-0.0299887307
-0.0300730970
-0.0294518745
-0.0283706100
-0.0268749004
-0.0252594469
-0.0236103787
-0.0219239396
-0.0201406293
-0.0184311936
-0.0171536967
-0.0165684022
-0.0167477333
-0.0176149207
-0.0188081665
-0.0200051659
-0.0210517322
-0.0218318553
-0.0222540800
-0.0223541881
-0.0222707567
-0.0221040595
-0.0218032747
-0.0211966205
-0.0201031544
-0.0182075120
-0.0154084734
-0.0119915701
-0.0084215104
-0.0051215745
-0.0024644379
-0.0006663373
0.0004059050
0.0008085151
0.0005235816
-0.0003762185
-0.0017104467
-0.0032454108
-0.0046462539
-0.0053849266
-0.0052585989
-0.0042275021
-0.0023984833
-0.0000392020
0.0025045833
0.0048242963
0.0063345629
0.0068877925
0.0066610816
0.0059400598
0.0049694204
0.0040669787
0.0035236372
0.0035076286
0.0039653854
0.0046920279
0.0055139776
0.0062645851
0.0068140078
0.0070311339
0.0069000811
0.0064372259
0.0057630365
0.0050598903
0.0043971753
0.0038442825
0.0034700695
0.0032135931
0.0029869804
0.0027712738
0.0024717773
0.0021065910
0.0016879317
0.0014744335
0.0016500631
0.0024852888
0.0040380471
0.0061598979
0.0085312400
0.0107485693
0.0124438803
0.0132878860
0.0132742919
0.0125481492
0.0112662191
0.0096364135
0.0079448702
0.0065377074
0.0053329283
0.0043969816
0.0037000681
0.0033822724
0.0034598416
0.0039655454
0.0047942557
0.0058368353
0.0071442437
0.0086629020
0.0102808177
0.0118078958
0.0130236018
0.0137151417
0.0136556445
0.0126369486
0.0105940035
0.0076451943
0.0041703576
0.0006436502
-0.0027313358
-0.0055534403
-0.0076733735
-0.0088310619
-0.0089999209
-0.0084760495
-0.0075218145
-0.0062215260
-0.0048022179
-0.0033190018
-0.0017350788
-0.0000651609
0.0015969281
0.0032714142
0.0049365217
0.0066092405
0.0081592505
0.0095297329
0.0105700244
0.0112711604
0.0116674154
0.0118681539
0.0119272777
0.0117615631
0.0112364677
0.0102018419
0.0085384666
0.0062241455
0.0033651043
0.0000957964
-0.0031815339
-0.0061188855
-0.0082366710
-0.0095011944
-0.0099967012
-0.0099084689
-0.0095258866
-0.0090375249
-0.0086645388
-0.0084829926
-0.0083639560
-0.0081780441
-0.0078175037
-0.0071899812
-0.0063888802
-0.0055549142
-0.0048426716
-0.0046965031
-0.0054124825
-0.0073678439
-0.0108418018
-0.0158853242
-0.0224246796
-0.0301359295
-0.0382264489
-0.0461126922
-0.0533793695
-0.0599875965
-0.0656588099
-0.0699527046
-0.0726749993
-0.0740252534
-0.0749526091
-0.0756354288
-0.0762085583
-0.0765803316
-0.0766737382
-0.0765302733
-0.0762341068
-0.0758266217
-0.0752701971
-0.0745770456
-0.0738460487
-0.0730592661
-0.0720796342
-0.0708761016
-0.0694016142
-0.0676751228
-0.0657873387
-0.0634910307
-0.0602487531
-0.0547829668
-0.0454379021
-0.0303926783
-0.0085303472
0.0190811456
0.0487637037
0.0777216212
0.1035288146
0.1233783141
0.1358397668
0.1438543985
0.1496468973
0.1543505511
0.1583183229
0.1608408618
0.1614948201
0.1602873289
0.1575117192
0.1533283570
0.1480034246
0.1415437721
0.1333625134
0.1228257920
0.1085801251
0.0896213149
0.0665138155
0.0401937984
0.0099443491
-0.0219592050
-0.0519129117
-0.0770101927
-0.0913278447
-0.0900772860
-0.0785031537
-0.0599101648
-0.0396267051
-0.0213551983
-0.0040789669
0.0125143830
0.0285510781
0.0432561694
0.0553957386
0.0633479308
0.0664214477
0.0649988435
0.0590087507
0.0500400356
0.0398939260
0.0306953863
0.0231020359
0.0176457643
0.0150102026
0.0150605922
0.0166955104
0.0194147673
0.0230278272
0.0267808369
0.0299132642
0.0324018039
0.0344428511
0.0358093609
0.0360602700
0.0348535930
0.0316478694
0.0260283118
0.0177375649
0.0068321894
-0.0050442355
-0.0142330948
-0.0231347773
-0.0324250503
-0.0416804986
-0.0505541788
-0.0580993351
-0.0629380032
-0.0640313682
-0.0621889819
-0.0574501777
-0.0500116514
-0.0413013415
-0.0335904846
-0.0273375367
-0.0226013941
-0.0195683842
-0.0180803336
-0.0182045360
-0.0201672279
-0.0239468979
-0.0290831333
-0.0350371774
-0.0411079026
-0.0468702484
-0.0521983534
-0.0562987249
-0.0588598673
-0.0594728356
-0.0581745770
-0.0546440221
-0.0486114513
-0.0407108053
-0.0319383085
-0.0237582851
-0.0170825173
-0.0117529917
-0.0077139423
-0.0050032118
-0.0032414690
-0.0023290390
-0.0020799737
-0.0021973641
-0.0023561741
-0.0021826698
-0.0013711096
0.0002102551
0.0026521918
0.0059444283
0.0097176494
0.0133618111
0.0161296468
0.0174429594
0.0168359234
0.0142846916
0.0100888387
0.0050362761
-0.0000523177
-0.0044449146
-0.0076464577
-0.0092868113
-0.0095045774
-0.0087326354
-0.0072993205
-0.0055221307
-0.0036645640
-0.0018418074
-0.0001369852
0.0013917014
0.0026323757
0.0037396683
0.0048092788
0.0057852413
0.0064816073
0.0067463744
0.0066764332
0.0064081595
0.0061693368
0.0061586514
0.0065573517
0.0073411527
0.0084070432
0.0095711945
0.0106208912
0.0114958893
0.0118927450
0.0116122783
0.0105968868
0.0089244965
0.0067518856
0.0043052651
0.0018013632
-0.0006772776
-0.0031315991
-0.0053932902
-0.0074690386
-0.0091384529
-0.0102217866
-0.0106256135
-0.0103311034
-0.0094531378
-0.0080447790
-0.0064034176
-0.0047964006
-0.0033101441
-0.0020374168
-0.0011080712
-0.0005043104
-0.0001921390
-0.0000392704
-0.0000578938
-0.0003164529
-0.0008278307
-0.0016031672
-0.0025591536
-0.0036072820
-0.0047119922
-0.0057123465
-0.0065520707
-0.0070870515
-0.0072296235
-0.0070110516
-0.0064478046
-0.0055719419
-0.0043986099
-0.0028963168
-0.0011033377
0.0009268773
0.0030293657
0.0050101127
0.0069951357
0.0089962851
0.0108717834
0.0125465461
0.0139952576
0.0151622838
0.0159996328
0.0165476433
0.0167575343
0.0165687194
0.0158805823
0.0147137442
0.0132857860
0.0113447963
0.0087492841
0.0053717705
0.0012805692
-0.0032109708
-0.0077476131
-0.0122481364
-0.0163522588
-0.0198405632
-0.0226618430
-0.0248131589
-0.0262953136
-0.0269891024
-0.0269083157
-0.0261300006
-0.0245655009
-0.0222448741
-0.0194613050
-0.0164908104
-0.0134777257
-0.0106533463
-0.0080489707
-0.0055314432
-0.0030635249
-0.0007549483
0.0013100871
0.0030960221
0.0045981328
0.0056409987
0.0061974150
0.0062848668
0.0059809346
0.0053582466
0.0044741045
0.0034982880
0.0025518374
0.0017730243
0.0012178689
0.0009545646
0.0009779946
0.0011397460
0.0013137093
0.0014200011
0.0013859769
0.0011135113
0.0005159847
-0.0004104799
-0.0016945108
-0.0032612341
-0.0049191347
-0.0063351861
-0.0074453346
-0.0084505319
-0.0095107708
-0.0106552161
-0.0119499373
-0.0132871532
-0.0143947244
-0.0151908336
-0.0157317270
-0.0159367694
-0.0158186229
-0.0154298219
-0.0147287644
-0.0137357631
-0.0124746621
-0.0109748227
-0.0092520624
-0.0073436823
-0.0052668503
-0.0031518358
-0.0011241224
0.0007224618
0.0023702693
0.0038423734
0.0050530848
0.0061080484
0.0070634345
0.0080726578
0.0091396573
0.0100910904
0.0107541282
0.0109916875
0.0106930448
0.0098729564
0.0088548136
0.0078685756
0.0071172802
0.0066267735
0.0064781597
0.0067741521
0.0075603002
0.0089798891
0.0110044140
0.0134365953
0.0160695712
0.0184505403
0.0203236270
0.0214894095
0.0216261559
0.0208545256
0.0193981496
0.0175581721
0.0156078839
0.0137662865
0.0122959262
0.0111975076
0.0102780186
0.0093332226
0.0083340923
0.0073196919
0.0063301073
0.0055291607
0.0049720005
0.0045229611
0.0040512032
0.0034879198
0.0027737287
0.0017458471
0.0003625624
-0.0013219944
-0.0030521460
-0.0046170443
-0.0059215582
-0.0070275486
-0.0079293755
-0.0086049489
-0.0090455685
-0.0091348985
-0.0087919586
-0.0079917728
-0.0068045043
-0.0052662410
-0.0034084751
-0.0013662088
0.0006385696
0.0025569078
0.0044666870
0.0063073214
0.0078215606
0.0089857934
0.0098727346
0.0105140225
0.0109112995
0.0111309776
0.0113078099
0.0114528133
0.0115655806
0.0115785009
0.0114369536
0.0111580478
0.0107554141
0.0102505750
0.0096083466
0.0087339073
0.0075298441
0.0058972337
0.0037408250
0.0012152751
-0.0012933463
-0.0036910054
-0.0058862310
-0.0077535510
-0.0091438574
-0.0100460548
-0.0103983747
-0.0102449291
-0.0095816021
-0.0082899916
-0.0063027395
-0.0035784486
-0.0001704665
0.0036237622
0.0075177464
0.0112401007
0.0144664315
0.0172596950
0.0193547648
0.0207323839
0.0215962698
0.0219175356
0.0217983671
0.0213148681
0.0205260556
0.0194876986
0.0182045248
0.0166465582
0.0148594578
0.0129058119
0.0109772259
0.0092253769
0.0076360614
0.0062140355
0.0050851384
0.0045690580
0.0044980078
0.0048006007
0.0052835831
0.0056984773
0.0058822639
0.0057589375
0.0054027965
0.0049651782
0.0044848461
0.0039780081
0.0035746219
0.0032796852
0.0031614095
0.0032784330
0.0036048815
0.0040050137
0.0043894490
0.0046532559
0.0046895404
0.0044672485
0.0039896032
0.0033750037
0.0027750729
0.0021849908
0.0016183551
0.0010399927
0.0004359568
-0.0001914593
-0.0009241304
-0.0018786953
-0.0031892911
-0.0047271585
-0.0063995011
-0.0080299356
-0.0094622371
-0.0106007753
-0.0112361421
-0.0114522939
-0.0112774296
-0.0107270889
-0.0098837037
-0.0089232191
-0.0080037357
-0.0072076462
-0.0065828244
-0.0061113810
-0.0057236244
-0.0054481859
-0.0052561255
-0.0051493298
-0.0051524714
-0.0053804879
-0.0059339422
-0.0067910113
-0.0078026631
-0.0087714889
-0.0095395452
-0.0100898523
-0.0104292968
-0.0104686276
-0.0101358312
-0.0094263063
-0.0084512282
-0.0072416959
-0.0058709917
-0.0044774623
-0.0030845280
-0.0015880815
-0.0000172638
0.0015928889
0.0032318813
0.0048966239
0.0064855968
0.0079138610
0.0090712771
0.0098824768
0.0103880177
0.0105880627
0.0105272235
0.0102032850
0.0096256382
0.0088210671
0.0077551850
0.0065091015
0.0051327654
0.0037040604
0.0023353481
0.0011131463
-0.0000174673
-0.0010682491
-0.0019679220
-0.0026014412
-0.0029137347
-0.0029124095
-0.0025992552
-0.0020527041
-0.0013168007
-0.0004399612
0.0004523823
0.0012832308
0.0019482726
0.0024000224
0.0026462025
0.0026825614
0.0025217699
0.0021508829
0.0015951501
0.0009444552
0.0001836014
-0.0006830965
-0.0015140854
-0.0022372423
-0.0028027524
-0.0030702714
-0.0030699710
-0.0028007610
-0.0023130967
-0.0016839312
-0.0009217322
-0.0000973159
0.0007868432
0.0016727937
0.0024985115
0.0031383905
0.0035220622
0.0035886905
0.0034597153
0.0033030129
0.0032310278
0.0032622757
0.0033351086
0.0033432870
0.0032252612
0.0029930755
0.0027082318
0.0025094378
0.0024658688
0.0024960843
0.0026000057
0.0027891437
0.0029576024
0.0030270438
0.0030008215
0.0029219046
0.0028667534
0.0029015275
0.0030476904
0.0033392329
0.0037518558
0.0042825101
0.0048660415
0.0055180176
0.0061351018
0.0066294042
0.0071388027
0.0076590186
0.0081810005
0.0086857048
0.0091573335
0.0095411624
0.0097947274
0.0098816991
0.0098214635
0.0096734111
0.0094638570
0.0091966979
0.0088829619
0.0084708360
0.0079159526
0.0072028565
0.0063864910
0.0054825192
0.0044814546
0.0033984887
0.0021815965
0.0009381683
-0.0002316427
-0.0012988637
-0.0023366834
-0.0032080426
-0.0039824805
-0.0047198000
-0.0054619990
-0.0062664269
-0.0071520009
-0.0080545661
-0.0088524272
-0.0095404212
-0.0101298119
-0.0106483938
-0.0110034932
-0.0111075262
-0.0109211848
-0.0103622811
-0.0094779929
-0.0083530207
-0.0071007410
-0.0058818147
-0.0048704886
-0.0042033714
-0.0039133478
-0.0039321302
-0.0042239057
-0.0047019356
-0.0052630320
-0.0057631713
-0.0061205476
-0.0063642918
-0.0063816227
-0.0061737840
-0.0057321340
-0.0050964303
-0.0043047429
-0.0033224186
-0.0021857005
-0.0009181793
0.0004653798
0.0019028308
0.0033977138
0.0049734408
0.0065905255
0.0081724908
0.0095568452
0.0106672744
0.0114303559
0.0117872914
0.0117912584
0.0115395099
0.0111597800
0.0107646087
0.0104351421
0.0101117061
0.0098036890
0.0096107133
0.0094562935
0.0092863705
0.0090895513
0.0087694703
0.0082973081
0.0076352079
0.0067601706
0.0056303526
0.0043009556
0.0028132054
0.0012027462
-0.0004935525
-0.0020095928
-0.0034402226
-0.0047419121
-0.0057452003
-0.0064631085
-0.0068576088
-0.0070526817
-0.0070932673
-0.0069795539
-0.0067200650
-0.0063060973
-0.0057807885
-0.0052289935
-0.0048013082
-0.0044530620
-0.0041957658
-0.0040812410
-0.0040909859
-0.0042085429
-0.0044047388
-0.0047426785
-0.0052027066
-0.0057319263
-0.0063659202
-0.0070401853
-0.0077327584
-0.0084076946
-0.0089156079
-0.0091831207
-0.0091322230
-0.0087757114
-0.0081156327
-0.0071666927
-0.0060444466
-0.0048707048
-0.0037679879
-0.0026958879
-0.0016410024
-0.0005990441
0.0004045942
0.0013079789
0.0021088696
0.0028100862
0.0034162351
0.0039657981
0.0043939803
0.0046102838
0.0045367938
0.0040990716
0.0034170212
0.0026022402
0.0016697796
0.0006736534
-0.0003028824
-0.0012410917
-0.0020811360
-0.0027642454
-0.0031579590
-0.0032812939
-0.0031458529
-0.0027369253
-0.0020681430
-0.0011480355
0.0000456623
0.0013938767
0.0028302836
0.0042960901
0.0057373336
0.0071069934
0.0083421780
0.0093829046
0.0101885875
0.0107450515
0.0110828200
0.0112193109
0.0111688764
0.0109321819
0.0104919301
0.0099155186
0.0093053410
0.0087019407
0.0081480850
0.0076859990
0.0072261590
0.0067529047
0.0062489977
0.0056667578
0.0050767720
0.0045225990
0.0040537524
0.0036591876
0.0033529589
0.0031617183
0.0029809245
0.0028362300
0.0027131952
0.0025448332
0.0022975823
0.0019970970
0.0016252134
0.0011645449
0.0006166757
-0.0000773650
-0.0009419245
-0.0019594110
-0.0030238713
-0.0041974166
-0.0054084032
-0.0065213957
-0.0075776928
-0.0084630366
-0.0091788645
-0.0097286858
-0.0101489536
-0.0104348473
-0.0104918964
-0.0103378696
-0.0099763269
-0.0094773977
-0.0088950933
-0.0082401271
-0.0076235174
-0.0070302186
-0.0064821492
-0.0060211974
-0.0056638829
-0.0053430186
-0.0050697307
-0.0048296727
-0.0046371434
-0.0045275093
-0.0044643483
-0.0044481769
-0.0044102556
-0.0043374591
-0.0041969927
-0.0039840555
-0.0037374700
-0.0034450123
-0.0031427675
-0.0028744685
-0.0026969349
-0.0026310879
-0.0026858460
-0.0028180933
-0.0030150332
-0.0032553972
-0.0035553005
-0.0039364931
-0.0043462046
-0.0048633097
-0.0054540480
-0.0061372299
-0.0068475438
-0.0075112807
-0.0081674148
-0.0088272829
-0.0094361635
-0.0100025661
-0.0105363536
-0.0109430330
-0.0112887580
-0.0115637697
-0.0117862778
-0.0119557629
-0.0120892947
-0.0121300320
-0.0120507164
-0.0118713657
-0.0115408463
-0.0111084583
-0.0106252710
-0.0100487753
-0.0094063223
-0.0086876813
-0.0078697435
-0.0069779929
-0.0060623615
-0.0052170868
-0.0044527027
-0.0037397132
-0.0030471205
-0.0023149194
-0.0015368371
-0.0007408682
0.0000718625
0.0008470687
0.0016163416
0.0023142425
0.0029568640
0.0036138600
0.0043067784
0.0050188975
0.0057528873
0.0064138476
0.0069499906
0.0073814155
0.0076880232
0.0078038030
0.0077286847
0.0075228870
0.0072426617
0.0069566360
0.0067219797
0.0065931562
0.0064892607
0.0063359722
0.0061440382
0.0059534236
0.0058299203
0.0057625845
0.0057619921
0.0057778968
0.0057674471
0.0057953793
0.0059607204
0.0062462520
0.0065936868
0.0069590056
0.0072993177
0.0075978004
0.0078390431
0.0080381645
0.0082562114
0.0084607794
0.0086886807
0.0089105178
0.0091620811
0.0093855549
0.0095062226
0.0095401208
0.0094534382
0.0092484267
0.0089285534
0.0085342890
0.0080013886
0.0072803584
0.0063748874
0.0053508797
0.0043470946
0.0033732826
0.0023995957
0.0014567963
0.0005300448
-0.0003168577
-0.0010464484
-0.0016138586
-0.0020455637
-0.0023682937
-0.0026186713
-0.0028101003
-0.0029060140
-0.0029334155
-0.0028926529
-0.0028565032
-0.0028679691
-0.0030134273
-0.0033627741
-0.0038905282
-0.0045422039
-0.0052523185
-0.0059602403
-0.0066569152
-0.0072746619
-0.0077435899
-0.0080867179
-0.0083145154
-0.0084237705
-0.0084089102
-0.0083117303
-0.0081362961
-0.0079390699
-0.0077028470
-0.0074495346
-0.0072335737
-0.0070271472
-0.0068729575
-0.0067954304
-0.0067597102
-0.0067395465
-0.0067948071
-0.0068896652
-0.0069139812
-0.0068634793
-0.0068001442
-0.0067992851
-0.0068544026
-0.0069615436
-0.0071148432
-0.0072548436
-0.0073882912
-0.0074658071
-0.0075337606
-0.0075877298
-0.0076503546
-0.0076612534
-0.0076125287
-0.0075340582
-0.0074956371
-0.0075276233
-0.0075906019
-0.0076596587
-0.0077044108
-0.0077084480
-0.0075680434
-0.0073205847
-0.0069778918
-0.0066622439
-0.0063212496
-0.0058522374
-0.0052219663
-0.0044611477
-0.0036210473
-0.0027549286
-0.0018791063
-0.0010233691
-0.0001888499
0.0006505699
0.0014666075
0.0022153997
0.0028959405
0.0034267577
0.0038097078
0.0040355288
0.0042012826
0.0042825634
0.0042477725
0.0041179803
0.0038815188
0.0035534644
0.0031319557
0.0026615704
0.0022399426
0.0018789864
0.0015892716
0.0014346511
0.0013783295
0.0014070123
0.0015062830
0.0016046488
0.0016940695
0.0017446124
0.0016740335
0.0015466269
0.0013611454
0.0011579301
0.0009908531
0.0008441671
0.0006909663
0.0005478389
0.0004158690
0.0003205516
0.0002600519
0.0002125771
0.0001966765
0.0001199961
0.0000260692
-0.0000387949
-0.0000855745
-0.0000598364
0.0000072260
0.0001160395
0.0001939487
0.0002887218
0.0003739124
0.0004235860
0.0003889237
0.0003079727
0.0002174776
0.0000762255
-0.0000397511
-0.0001106248
-0.0001542721
-0.0001865030
-0.0001607288
-0.0000570559
0.0001158711
0.0003520504
0.0005642658
0.0007403682
0.0008708906
0.0010237719
0.0012070004
0.0013560312
0.0014341909
0.0014413689
0.0014613642
0.0015182024
0.0016207309
0.0017913047
0.0019738594
0.0020729720
0.0020949667
0.0020540284
0.0019324921
0.0017281521
0.0014556531
0.0011633357
0.0008542380
0.0006306656
0.0004924199
0.0003852155
0.0003161387
0.0002778791
0.0002496977
0.0001906198
0.0000503644
-0.0001602229
-0.0003479157
-0.0004635552
-0.0004963390
-0.0005008420
-0.0005357385
-0.0005667311
-0.0005538485
-0.0005323826
-0.0005252175
-0.0005021775
-0.0004543712
-0.0004428766
-0.0004254132
-0.0003318555
-0.0002047790
-0.0000373119
0.0002373299
0.0005229168
0.0007926467
0.0010547730
0.0012266607
0.0012993606
0.0013162906
0.0012932767
0.0012546709
0.0011735880
0.0011354951
0.0011137230
0.0010772102
0.0009433030
0.0007706340
0.0005017643
0.0002810816
0.0001105875
-0.0000000144
-0.0000493579
-0.0000568492
-0.0000122525
0.0000093715
-0.0000309658
-0.0001720257
-0.0003597279
-0.0006004133
-0.0007951308
-0.0009194126
-0.0009793621
-0.0009028695
-0.0006939252
-0.0004000269
-0.0000351417
0.0003594376
0.0007458204
0.0010881245
0.0013502934
0.0014553889
0.0014426329
0.0013188673
0.0010874861
0.0007024612
0.0002907367
-0.0000970032
-0.0005342185
-0.0009857105
-0.0014311470
-0.0018929123
-0.0024109606
-0.0029491180
-0.0035160849
-0.0040550467
-0.0045781123
-0.0050797058
-0.0054758878
-0.0058351311
-0.0059782956
-0.0058940780
-0.0056440786
-0.0053235203
-0.0049152828
-0.0044679363
-0.0040011674
-0.0034463851
-0.0028237112
-0.0021592687
-0.0014922807
-0.0007808194
-0.0001177934
0.0005080295
0.0011085147
0.0016778144
0.0021689236
0.0025485127
0.0028767146
0.0031347155
0.0034238884
0.0037243251
0.0040424549
0.0043790022
0.0046397769
0.0046999114
0.0045772925
0.0044902281
0.0045018541
0.0046205313
0.0047469600
0.0048383592
0.0048825161
0.0049141373
0.0048659095
0.0047336130
0.0044783635
0.0041517269
0.0038242227
0.0034993015
0.0031461646
0.0026906701
0.0022559225
0.0018335392
0.0014290978
0.0011231585
0.0008793764
0.0006961226
0.0005492522
0.0004562064
0.0003681701
0.0003331172
0.0002749370
0.0001506205
0.0000022411
-0.0001842379
-0.0003210640
-0.0004096508
-0.0004167522
-0.0003865738
-0.0002938152
-0.0002032634
-0.0001571439
-0.0001091334
-0.0000881229
-0.0000655330
-0.0000717181
-0.0000141975
0.0000879993
0.0002206042
0.0003861459
0.0005210798
0.0006504037
0.0007790585
0.0009066257
0.0010714708
0.0012529996
0.0014290739
0.0016615111
0.0019780069
0.0023213697
0.0026991927
0.0031216155
0.0035763514
0.0040570064
0.0045386131
0.0049353566
0.0052180441
0.0053937114
0.0054906189
0.0054978624
0.0054022294
0.0052805314
0.0051146456
0.0049718068
0.0048147226
0.0046582869
0.0044588118
0.0042309919
0.0040070829
0.0038448384
0.0038219683
0.0039163182
0.0041435541
0.0044811036
0.0048843016
0.0051853252
0.0053420724
0.0055724978
0.0057659058
0.0058808574
0.0058791953
0.0057010603
0.0053748869
0.0049736120
0.0046127179
0.0042703844
0.0039983570
0.0037690379
0.0035980929
0.0034728181
0.0033880643
0.0033051130
0.0032193654
0.0031199956
0.0029799672
0.0027670580
0.0024985258
0.0022319832
0.0019773533
0.0017553057
0.0014304229
0.0009743925
0.0004823870
-0.0000901182
-0.0006783406
-0.0012307064
-0.0017207966
-0.0021415150
-0.0025042627
-0.0027807852
-0.0029513584
-0.0030462726
-0.0031614207
-0.0032578398
-0.0033258803
-0.0033521869
-0.0033756325
-0.0034217350
-0.0035230673
-0.0036338356
-0.0037085861
-0.0038242087
-0.0039249261
-0.0040374070
-0.0041877138
-0.0043130869
-0.0043758830
-0.0043344186
-0.0042618074
-0.0042725378
-0.0043110234
-0.0042926004
-0.0041731259
-0.0039552081
-0.0036957782
-0.0033906079
-0.0029856833
-0.0026414766
-0.0023524426
-0.0021005764
-0.0019313935
-0.0017513667
-0.0015803704
-0.0013463211
-0.0010874630
-0.0008149567
-0.0005303578
-0.0002833479
-0.0001321160
0.0000059072
0.0001172090
0.0002141871
0.0003347636
0.0004423013
0.0005469849
0.0005832770
0.0005543333
0.0004566694
0.0003501163
0.0001992071
-0.0000493255
-0.0003497086
-0.0006642574
-0.0010585179
-0.0015571481
-0.0020909691
-0.0026970210
-0.0032960531
-0.0038599626
-0.0043811359
-0.0047527632
-0.0050522763
-0.0053651167
-0.0056636162
-0.0059803114
-0.0063235882
-0.0065481430
-0.0067107496
-0.0068594112
-0.0070113043
-0.0070959963
-0.0071462398
-0.0071199164
-0.0070436891
-0.0068721714
-0.0066811189
-0.0064043216
-0.0060274470
-0.0056846530
-0.0052999988
-0.0048443449
-0.0043199177
-0.0037790383
-0.0033212479
-0.0029685517
-0.0026486024
-0.0023046570
-0.0018976908
-0.0014341171
-0.0010000550
-0.0005985747
-0.0002233578
0.0001205526
0.0003899330
0.0006360201
0.0008302735
0.0009438598
0.0010333319
0.0010660601
0.0011383902
0.0012772847
0.0014561073
0.0016447676
0.0019043845
0.0022072528
0.0024513969
0.0026808923
0.0029165226
0.0031194762
0.0032686600
0.0033670780
0.0034042385
0.0034378531
0.0034517700
0.0035379416
0.0036648532
0.0037800883
0.0038679725
0.0039327900
0.0039829212
0.0039869669
0.0040224513
0.0040859324
0.0041474398
0.0041954822
0.0041944547
0.0041452667
0.0040611980
0.0039387138
0.0038072287
0.0035994883
0.0032801344
0.0029738383
0.0026680897
0.0024313570
0.0022067413
0.0020314213
0.0019525261
0.0019757413
0.0019988430
0.0020414897
0.0020890894
0.0021291827
0.0023023596
0.0025441776
0.0028506410
0.0032042131
0.0035334242
0.0037959705
0.0039688948
0.0040725376
0.0041336660
0.0041187945
0.0040473765
0.0039554580
0.0038082479
0.0036202836
0.0034040897
0.0031642423
0.0029671395
0.0028118887
0.0026898748
0.0025792768
0.0024193540
0.0022390397
0.0020762579
0.0019234720
0.0017927913
0.0016874159
0.0016027621
0.0015242697
0.0014076558
0.0012063013
0.0009268885
0.0005918739
0.0002512374
-0.0000620012
-0.0003154531
-0.0005424780
-0.0006973425
-0.0008635632
-0.0009935542
-0.0010210615
-0.0010321412
-0.0010659211
-0.0011510660
-0.0012732447
-0.0013428959
-0.0013419228
-0.0013269957
-0.0013218470
-0.0013181264
-0.0013402930
-0.0013956643
-0.0014399806
-0.0014659031
-0.0014468402
-0.0013932026
-0.0013390639
-0.0013087459
-0.0012522525
-0.0011911342
-0.0011258041
-0.0010509317
-0.0009965335
-0.0009955049
-0.0009395887
-0.0008329774
-0.0006915014
-0.0005609097
-0.0004555686
-0.0003687198
-0.0003255319
-0.0003287409
-0.0003842870
-0.0004668821
-0.0006162422
-0.0007974175
-0.0010303708
-0.0012590616
-0.0014128433
-0.0015017853
-0.0015348249
-0.0015138274
-0.0014461625
-0.0013835663
-0.0013531338
-0.0013004292
-0.0012596543
-0.0012347832
-0.0012557737
-0.0013613571
-0.0015197661
-0.0017078997
-0.0018699998
-0.0020340242
-0.0021484378
-0.0022129280
-0.0021986079
-0.0021001702
-0.0019771431
-0.0018861555
-0.0017870765
-0.0016265767
-0.0014706560
-0.0013018026
-0.0011427068
-0.0009794388
-0.0007811159
-0.0006043661
-0.0004789935
-0.0003962937
-0.0003346766
-0.0002902827
-0.0002624297
-0.0002815367
-0.0003184406
-0.0004620798
-0.0006192002
-0.0007505306
-0.0008459171
-0.0008297836
-0.0007311345
-0.0006238736
-0.0005448969
-0.0005216666
-0.0005735719
-0.0006290872
-0.0006715609
-0.0006379584
-0.0005148504
-0.0003483635
-0.0001465291
0.0000763242
0.0003695051
0.0006989563
0.0010255996
0.0013195813
0.0016424266
0.0019432668
0.0022361356
0.0025668538
0.0028644793
0.0030792499
0.0031261890
0.0030207100
0.0028561550
0.0027710340
0.0027485286
0.0027170559
0.0027229427
0.0028122143
0.0029934573
0.0032077450
0.0034467726
0.0036408432
0.0038854971
0.0041345785
0.0043196201
0.0045375406
0.0047663123
0.0050408833
0.0052643235
0.0054282103
0.0054755144
0.0055065994
0.0055325298
0.0055760240
0.0056010504
0.0055509191
0.0054599803
0.0052701912
0.0050463299
0.0047578841
0.0045298564
0.0043340564
0.0041071685
0.0038571270
0.0035431636
0.0031834879
0.0028534570
0.0025355080
0.0022727966
0.0020566998
0.0019088998
0.0018271524
0.0017401551
0.0015926617
0.0014828637
0.0013600937
0.0011947043
0.0010361972
0.0008843025
0.0006810931
0.0004824288
0.0002659509
0.0000270217
-0.0002154492
-0.0003980925
-0.0004991415
-0.0005613221
-0.0005992471
-0.0006309158
-0.0006863053
-0.0008037432
-0.0009074756
-0.0010397313
-0.0012142284
-0.0014112542
-0.0016265689
-0.0018440680
-0.0020305201
-0.0021723440
-0.0023010367
-0.0024289083
-0.0025727033
-0.0027651172
-0.0030841574
-0.0033401622
-0.0034447006
-0.0034600578
-0.0034569162
-0.0034790255
-0.0035621116
-0.0036781244
-0.0037866355
-0.0038706312
-0.0039498569
-0.0040560069
-0.0041706749
-0.0043282673
-0.0045249938
-0.0048300293
-0.0051611383
-0.0055118298
-0.0058654159
-0.0061808196
-0.0065502206
-0.0068945727
-0.0071436008
-0.0072526144
-0.0072348006
-0.0071071450
-0.0069405320
-0.0068518477
-0.0068231997
-0.0067446141
-0.0065815751
-0.0063608021
-0.0060737881
-0.0057032529
-0.0053002711
-0.0048729255
-0.0044523096
-0.0039879046
-0.0034849606
-0.0029971633
-0.0025859734
-0.0022167917
-0.0018498145
-0.0015362231
-0.0012543657
-0.0009926013
-0.0007413963
-0.0005353173
-0.0003685789
-0.0002043084
-0.0001068981
-0.0000948184
-0.0001385426
-0.0002118379
-0.0003154104
-0.0004110327
-0.0004289209
-0.0004073290
-0.0003630214
-0.0002925392
-0.0002157489
-0.0001224896
0.0000176139
0.0001857765
0.0003832643
0.0005846151
0.0007610462
0.0009014250
0.0009968601
0.0010934293
0.0011965134
0.0013506722
0.0015045869
0.0016875044
0.0019112525
0.0021398370
0.0024108612
0.0027560115
0.0030397844
0.0033038440
0.0035499746
0.0037558621
0.0039246987
0.0040267889
0.0040818278
0.0040752609
0.0040373508
0.0039928234
0.0039369058
0.0039034316
0.0038774423
0.0038445464
0.0038084528
0.0037144875
0.0035826627
0.0034738821
0.0033551544
0.0031900772
0.0029833390
0.0027417944
0.0024956666
0.0022892016
0.0021268367
0.0020677466
0.0020407713
0.0020295861
0.0020449399
0.0020392925
0.0020067277
0.0020292301
0.0020506540
0.0020506962
0.0020327917
0.0020371742
0.0020797249
0.0021622843
0.0022214777
0.0022078208
0.0020985180
0.0019124154
0.0017173265
0.0014924887
0.0012178538
0.0009729955
0.0007812585
0.0006523007
0.0005593638
0.0004271797
0.0002039522
-0.0000842840
-0.0003443471
-0.0005683800
-0.0007774046
-0.0010230100
-0.0013056009
-0.0016444012
-0.0019790030
-0.0022929794
-0.0025748923
-0.0028351603
-0.0031004102
-0.0033618504
-0.0036432324
-0.0039191341
-0.0041621737
-0.0044068781
-0.0046210310
-0.0047957465
-0.0049599955
-0.0050637871
-0.0050773307
-0.0049713267
-0.0047381500
-0.0044300655
-0.0041474678
-0.0038871816
-0.0036418876
-0.0034624246
-0.0031961078
-0.0028807630
-0.0024976321
-0.0020760779
-0.0016793103
-0.0013040003
-0.0008989870
-0.0004861892
-0.0000329494
0.0004463413
0.0009407754
0.0013980206
0.0017534836
0.0020860118
0.0023345791
0.0025047304
0.0026890943
0.0028709114
0.0030108865
0.0031467794
0.0032791517
0.0033927557
0.0034921872
0.0036218137
0.0037376581
0.0038953656
0.0040312894
0.0041414653
0.0042298885
0.0042922298
0.0043240054
0.0043151084
0.0043529651
0.0043515473
0.0043322483
0.0043332057
0.0043034824
0.0042377777
0.0040830406
0.0038353995
0.0034648138
0.0030813471
0.0026926281
0.0022906067
0.0019141190
0.0016313768
0.0014908418
0.0013380035
0.0011893635
0.0010289513
0.0008097134
0.0005413162
0.0002911379
0.0000839918
-0.0000144389
0.0000069470
0.0000138398
-0.0000347746
-0.0000770564
-0.0001683209
-0.0002848075
-0.0004321998
-0.0006202168
-0.0007558225
-0.0008757740
-0.0010890639
-0.0013179417
-0.0015437739
-0.0017333673
-0.0019191813
-0.0021770870
-0.0024535379
-0.0026907044
-0.0028571433
-0.0029889934
-0.0030577554
-0.0031717777
-0.0033003542
-0.0033949624
-0.0035537086
-0.0037728926
-0.0040231953
-0.0042540474
-0.0044809605
-0.0047012394
-0.0048776057
-0.0049753302
-0.0050331626
-0.0050313629
-0.0049776015
-0.0048666310
-0.0046207615
-0.0043193646
-0.0039848051
-0.0037142573
-0.0034958538
-0.0033369728
-0.0031895297
-0.0030099319
-0.0027780905
-0.0024756744
-0.0021746245
-0.0018615915
-0.0015343030
-0.0011807124
-0.0007980023
-0.0003315161
0.0000950776
0.0005119626
0.0009289563
0.0012712443
0.0015589506
0.0017419587
0.0018037058
0.0017864558
0.0017045744
0.0015907288
0.0014245678
0.0012674320
0.0011089637
0.0010110875
0.0009043494
0.0008153540
0.0007591997
0.0007378364
0.0007638616
0.0008007237
0.0008399011
0.0007948969
0.0006571628
0.0004577874
0.0003065650
0.0001163991
-0.0000862862
-0.0002835334
-0.0004926867
-0.0006938244
-0.0009005370
-0.0011022831
-0.0013506346
-0.0015801952
-0.0017853732
-0.0019876806
-0.0021396494
-0.0021724714
-0.0020811655
-0.0019373617
-0.0017567715
-0.0015838921
-0.0014707722
-0.0013830548
-0.0012879837
-0.0011711965
-0.0010623909
-0.0009879405
-0.0009453817
-0.0008736501
-0.0008132961
-0.0007361072
-0.0006579590
-0.0005954679
-0.0005173399
-0.0004339242
-0.0003082813
-0.0001592523
0.0000257093
0.0002362888
0.0004458809
0.0006415709
0.0007736523
0.0008329713
0.0008780293
0.0009811859
0.0010958483
0.0012270625
0.0013914527
0.0015645783
0.0017587772
0.0019907607
0.0022160572
0.0024701082
0.0027346257
0.0029550250
0.0031993196
0.0034141322
0.0035771852
0.0037117586
0.0038118219
0.0039368693
0.0040469442
0.0041120986
0.0040592749
0.0039764780
0.0038625259
0.0036776162
0.0034376509
0.0032169958
0.0029959476
0.0027344480
0.0024484647
0.0021115974
0.0017395414
0.0014363864
0.0012130063
0.0009831242
0.0006949679
0.0004183848
0.0001436761
-0.0001625461
-0.0004576310
-0.0007530987
-0.0010810251
-0.0013892954
-0.0016880855
-0.0019462352
-0.0021371069
-0.0023072532
-0.0024516484
-0.0025633977
-0.0026460969
-0.0026157040
-0.0024657377
-0.0022532273
-0.0020146199
-0.0016986637
-0.0013934559
-0.0010998709
-0.0008075934
-0.0005797653
-0.0004342819
-0.0003723629
-0.0003945884
-0.0004899064
-0.0006595955
-0.0007910217
-0.0009154815
-0.0009881553
-0.0010270660
-0.0010490950
-0.0010385019
-0.0010376813
-0.0010876385
-0.0011156798
-0.0011238964
-0.0009852714
-0.0007473963
-0.0004389342
-0.0001124759
0.0001648535
0.0003894088
0.0005538044
0.0006914321
0.0007879084
0.0008526237
0.0008800190
0.0008450029
0.0007946229
0.0007547346
0.0007320792
0.0007743753
0.0008230270
0.0008795342
0.0009799360
0.0011187532
0.0013179501
0.0015369550
0.0018493880
0.0022191208
0.0025373160
0.0027300264
0.0027466711
0.0026920747
0.0026653490
0.0027060383
0.0027536992
0.0027773751
0.0027139199
0.0026104921
0.0024710193
0.0022972176
0.0021538889
0.0020367907
0.0019701720
0.0019113084
0.0018280544
0.0017131447
0.0015869512
0.0014811219
0.0013862630
0.0013244439
0.0012381225
0.0011678923
0.0010889569
0.0010167416
0.0009829403
0.0010040858
0.0010396901
0.0010533608
0.0010193495
0.0010444595
0.0011400385
0.0012258190
0.0012747703
0.0012907134
0.0012816153
0.0012887630
0.0013186731
0.0013847200
0.0015477146
0.0017292591
0.0019189076
0.0020896417
0.0022244546
0.0023631929
0.0024932788
0.0026151955
0.0027573692
0.0028734747
0.0029680127
0.0030053500
0.0030151904
0.0029822806
0.0029373039
0.0028603214
0.0028238881
0.0027836261
0.0027439273
0.0027183333
0.0026345015
0.0025304643
0.0023675134
0.0021797820
0.0019777183
0.0017926096
0.0016590194
0.0015988860
0.0016018045
0.0016289412
0.0016495120
0.0016322218
0.0015680725
0.0014438513
0.0012838866
0.0011169699
0.0010194730
0.0010005469
0.0010668128
0.0011534254
0.0011702959
0.0010974918
0.0009913000
0.0008442281
0.0007346209
0.0006734805
0.0006508071
0.0005856162
0.0004679113
0.0002829731
0.0000203024
-0.0002693143
-0.0005576018
-0.0008635436
-0.0011700179
-0.0014473829
-0.0016568602
-0.0018236449
-0.0019308963
-0.0019819145
-0.0020045325
-0.0020498935
-0.0021648091
-0.0022811243
-0.0023469250
-0.0023820023
-0.0024280093
-0.0024529986
-0.0024951935
-0.0025434474
-0.0026324829
-0.0027167375
-0.0028319681
-0.0029856019
-0.0031483713
-0.0034326788
-0.0038257584
-0.0042404617
-0.0046405265
-0.0049854345
-0.0053257523
-0.0056536804
-0.0059305058
-0.0061836356
-0.0063693538
-0.0065182989
-0.0066254287
-0.0066896145
-0.0067359107
-0.0067182766
-0.0066673508
-0.0066607952
-0.0066320405
-0.0065990772
-0.0065842928
-0.0065480700
-0.0065154746
-0.0064636475
-0.0063725403
-0.0062789934
-0.0062057926
-0.0061697664
-0.0060967650
-0.0059227935
-0.0057184838
-0.0055427239
-0.0053470530
-0.0050523914
-0.0047347473
-0.0044404815
-0.0041299713
-0.0038619138
-0.0036279482
-0.0033674205
-0.0031250463
-0.0028844521
-0.0026311617
-0.0024145750
-0.0023187534
-0.0022787724
-0.0022391346
-0.0022445343
-0.0023146777
-0.0023993396
-0.0024850067
-0.0025489479
-0.0025935335
-0.0025547048
-0.0024401117
-0.0023123011
-0.0022346939
-0.0022097473
-0.0021608483
-0.0021542323
-0.0021241707
-0.0020927232
-0.0020359956
-0.0018949242
-0.0017063291
-0.0015705620
-0.0015119738
-0.0014918436
-0.0015128734
-0.0014792754
-0.0014428951
-0.0014135533
-0.0013444889
-0.0012512280
-0.0011760965
-0.0010966240
-0.0010475868
-0.0009921041
-0.0009181425
-0.0008498134
-0.0007428548
-0.0006433433
-0.0005708517
-0.0004218400
-0.0002545758
-0.0000820112
0.0001093098
0.0001745516
0.0001592856
0.0001855184
0.0002666863
0.0003982674
0.0005218757
0.0006997289
0.0008970776
0.0010177439
0.0011225344
0.0011993768
0.0012805577
0.0013499125
0.0014020186
0.0014067116
0.0014485534
0.0014680441
0.0014636228
0.0014759962
0.0014204160
0.0013496407
0.0013119496
0.0013039608
0.0013119552
0.0012686190
0.0013052393
0.0013792326
0.0014070398
0.0014731488
0.0015606862
0.0015989301
0.0016283811
0.0016717434
0.0017118872
0.0016982210
0.0016545549
0.0016553334
0.0016223921
0.0016101546
0.0016591472
0.0017448375
0.0018252727
0.0018832539
0.0019439636
0.0020264388
0.0021456264
0.0022635264
0.0024087218
0.0025418283
0.0026382002
0.0027203003
0.0027550864
0.0027370096
0.0027373571
0.0027667132
0.0028404244
0.0028761446
0.0028515254
0.0028233181
0.0027979571
0.0027850635
0.0027330476
0.0026763621
0.0025354855
0.0023778216
0.0021617023
0.0018821617
0.0015728437
0.0012138949
0.0008558041
0.0004816839
0.0000903637
-0.0003074177
-0.0005811486
-0.0007870294
-0.0008872493
-0.0008754792
-0.0007951392
-0.0006764986
-0.0005821259
-0.0005187712
-0.0004558420
-0.0003549947
-0.0002514423
-0.0001458132
-0.0000652970
0.0000096951
0.0001630828
0.0003748417
0.0005400944
0.0006337078
0.0007149522
0.0007618447
0.0008003522
0.0008660892
0.0009794382
0.0011118069
0.0012473837
0.0014047104
0.0014782428
0.0014736266
0.0013856925
0.0012510323
0.0011735200
0.0012097316
0.0013401712
0.0015069119
0.0016566092
0.0017839273
0.0019052691
0.0020093665
0.0020979362
0.0021610417
0.0021907838
0.0022961087
0.0024630647
0.0026193215
0.0027144429
0.0027855549
0.0028455959
0.0028898201
0.0029142597
0.0029134399
0.0029089843
0.0028629549
0.0028098588
0.0027253050
0.0026730888
0.0026483971
0.0026169629
0.0025698295
0.0025819120
0.0026715511
0.0027595425
0.0027917034
0.0027739527
0.0027237479
0.0026066413
0.0024709432
0.0023270047
0.0021364741
0.0019304142
0.0016884867
0.0014775844
0.0013008857
0.0011256707
0.0009422718
0.0008467183
0.0007718235
0.0007056368
0.0006592912
0.0006622950
0.0007017857
0.0007696923
0.0008334379
0.0009052144
0.0009524048
0.0009569490
0.0009177239
0.0008849549
0.0008476678
0.0008235624
0.0007583212
0.0006514222
0.0004179426
0.0001284898
-0.0001297104
-0.0003458039
-0.0005224479
-0.0006125040
-0.0006325003
-0.0006444438
-0.0007353163
-0.0008730760
-0.0009851341
-0.0010289833
-0.0009415747
-0.0007859757
-0.0006466562
-0.0005245311
-0.0004554349
-0.0004315998
-0.0004231174
-0.0004346727
-0.0004744037
-0.0005073114
-0.0005048635
-0.0004602406
-0.0003873004
-0.0003183929
-0.0002072152
-0.0001309012
-0.0000986935
-0.0000645399
-0.0000226194
0.0000611752
0.0001893317
0.0003537487
0.0005597591
0.0007850450
0.0009280643
0.0009013108
0.0007835368
0.0005957163
0.0004082940
0.0002580889
0.0001063156
-0.0000644037
-0.0002919002
-0.0005576858
-0.0008078823
-0.0010057692
-0.0011805487
-0.0013209865
-0.0014546196
-0.0015657485
-0.0016587586
-0.0017674384
-0.0018106854
-0.0017723033
-0.0016503200
-0.0015330811
-0.0014118654
-0.0013043766
-0.0011867921
-0.0010624081
-0.0009144020
-0.0007429357
-0.0005590230
-0.0003466872
-0.0000899123
0.0001810326
0.0004458012
0.0006742789
0.0008464401
0.0009322220
0.0009363681
0.0009463832
0.0009600646
0.0009508646
0.0009242202
0.0008777671
0.0008826940
0.0008764689
0.0008491640
0.0007772182
0.0006473103
0.0005497509
0.0004781465
0.0004296573
0.0003771770
0.0003584201
0.0003902278
0.0004384303
0.0005224078
0.0005789060
0.0005144024
0.0004129342
0.0002778174
0.0000767513
-0.0001376764
-0.0003215185
-0.0004748032
-0.0006258350
-0.0007709125
-0.0008915734
-0.0009975426
-0.0009863787
-0.0009920387
-0.0009880708
-0.0010033769
-0.0010388818
-0.0011236448
-0.0012124425
-0.0013269303
-0.0013923823
-0.0014231219
-0.0014574811
-0.0014503797
-0.0014444339
-0.0014252708
-0.0013886741
-0.0014343198
-0.0015189107
-0.0016474285
-0.0017895609
-0.0019250586
-0.0020555706
-0.0021831676
-0.0023388123
-0.0025094474
-0.0026294839
-0.0026857831
-0.0027205456
-0.0027861147
-0.0028397085
-0.0028289669
-0.0027688102
-0.0026363469
-0.0024926081
-0.0023849269
-0.0023692047
-0.0023714451
-0.0023454471
-0.0022991245
-0.0022516941
-0.0022106019
-0.0021729128
-0.0021988297
-0.0022263235
-0.0022306104
-0.0022215547
-0.0021435800
-0.0020422149
-0.0019838253
-0.0019528402
-0.0019258747
-0.0019032662
-0.0018757404
-0.0018063444
-0.0017151282
-0.0016121901
-0.0015186448
-0.0014873147
-0.0014859143
-0.0014594009
-0.0014329854
-0.0013781860
-0.0013093594
-0.0012414393
-0.0011605175
-0.0009984258
-0.0007408070
-0.0004534534
-0.0001761785
0.0000988888
0.0003544065
0.0005760218
0.0007321657
0.0008531748
0.0009645030
0.0010692377
0.0012403053
0.0014638738
0.0016743881
0.0018346165
0.0020068420
0.0022211501
0.0024840459
0.0028038501
0.0031496572
0.0035271859
0.0039160543
0.0042651568
0.0045567666
0.0047734547
0.0049758328
0.0051172734
0.0052566926
0.0053791543
0.0054736558
0.0055161703
0.0055267238
0.0054819689
0.0053526147
0.0051599619
0.0049562362
0.0047374341
0.0045128709
0.0042876254
0.0040359162
0.0037444916
0.0033679259
0.0029671901
0.0025428749
0.0021802848
0.0019269068
0.0017244102
0.0014671505
0.0011302725
0.0007639054
0.0004158280
0.0001316697
-0.0001690663
-0.0004942252
-0.0007815637
-0.0010032610
-0.0011946939
-0.0013927355
-0.0015435524
-0.0016570132
-0.0017782811
-0.0018899672
-0.0019605837
-0.0020089145
-0.0020471699
-0.0020895038
-0.0021062808
-0.0021299177
-0.0021511269
-0.0022314175
-0.0024588933
-0.0027609101
-0.0030064674
-0.0032299357
-0.0034599343
-0.0036795394
-0.0038729053
-0.0039912343
-0.0040941977
-0.0041281941
-0.0041637712
-0.0041914871
-0.0041822251
-0.0041755656
-0.0041654697
-0.0041077974
-0.0040088067
-0.0038832146
-0.0037509405
-0.0036416237
-0.0035827694
-0.0035639646
-0.0035377338
-0.0035521449
-0.0036421852
-0.0037136958
-0.0037896311
-0.0038191327
-0.0038189783
-0.0038100194
-0.0038161848
-0.0038279820
-0.0038154155
-0.0037401372
-0.0036220131
-0.0034957107
-0.0034072903
-0.0033733332
-0.0033345836
-0.0032510652
-0.0031719574
-0.0030880459
-0.0029920816
-0.0028865746
-0.0027418309
-0.0025767683
-0.0023340943
-0.0020339526
-0.0017027785
-0.0013647396
-0.0009854095
-0.0006027674
-0.0002182852
0.0001794369
0.0005670391
0.0009449511
0.0013288282
0.0016676823
0.0019941674
0.0022647819
0.0024722127
0.0026335683
0.0027733834
0.0028791431
0.0029490001
0.0029416837
0.0028872765
0.0027869519
0.0026398193
0.0025006741
0.0023597262
0.0022201908
0.0021120096
0.0019843840
0.0019099291
0.0019362783
0.0020722889
0.0022922834
0.0025059983
0.0026570752
0.0027507993
0.0028467189
0.0029479641
0.0030293292
0.0030973809
0.0031710197
0.0032416796
0.0032758332
0.0033153577
0.0033724909
0.0034145112
0.0034600045
0.0035024010
0.0035228005
0.0035264223
0.0035118062
0.0035001073
0.0035335730
0.0036348323
0.0037083194
0.0036537129
0.0034977293
0.0033263969
0.0032090140
0.0031488542
0.0030822539
0.0029405550
0.0027168080
0.0024246495
0.0021685774
0.0019921751
0.0018308965
0.0017067904
0.0016197404
0.0015156910
0.0014220719
0.0013380638
0.0012376733
0.0011322578
0.0010593467
0.0010235184
0.0010114949
0.0009921120
0.0009754321
0.0009465233
0.0009309900
0.0009264598
0.0009460494
0.0010338692
0.0011376123
0.0012409477
0.0013624009
0.0014572893
0.0015215649
0.0015695263
0.0015744459
0.0015849582
0.0016039963
0.0015963110
0.0015669647
0.0015191359
0.0014663484
0.0014013377
0.0013147041
0.0012036471
0.0010778189
0.0009255670
0.0007674314
0.0006197016
0.0004842823
0.0003429018
0.0002161090
0.0001103626
0.0000308199
-0.0000420632
-0.0000767358
-0.0000929987
-0.0001014696
-0.0000903115
-0.0000628039
-0.0000561566
-0.0000969568
-0.0001229376
-0.0001333626
-0.0001369706
-0.0001280618
-0.0001236531
-0.0001209300
-0.0001178948
-0.0001153631
-0.0001420340
-0.0001932997
-0.0002502056
-0.0003107474
-0.0003831699
-0.0004167326
-0.0004070264
-0.0004088658
-0.0004266928
-0.0004556503
-0.0005100448
-0.0005879555
-0.0006822001
-0.0007991815
-0.0009331805
-0.0010578062
-0.0011857814
-0.0013336018
-0.0014712666
-0.0015861337
-0.0016924616
-0.0017999395
-0.0019077939
-0.0020220650
-0.0021438655
-0.0022170618
-0.0022311570
-0.0021804962
-0.0021626962
-0.0021991062
-0.0022844063
-0.0023732155
-0.0024414057
-0.0024700540
-0.0024858826
-0.0024766315
-0.0024402246
-0.0023760764
-0.0023013767
-0.0022027751
-0.0020943151
-0.0019895310
-0.0018635223
-0.0017210614
-0.0015607786
-0.0013959352
-0.0012378661
-0.0010993100
-0.0009823892
-0.0008811375
-0.0008039327
-0.0007343073
-0.0006669148
-0.0005930427
-0.0005366953
-0.0005146519
-0.0005118360
-0.0005021716
-0.0004885910
-0.0004631082
-0.0004373957
-0.0004215587
-0.0004129954
-0.0004001235
-0.0003586186
-0.0003275516
-0.0002982570
-0.0002681850
-0.0002142067
-0.0001592831
-0.0001203859
-0.0000671369
-0.0000086227
0.0000644378
0.0001369570
0.0002103991
0.0002904790
0.0003812069
0.0004733127
0.0005516069
0.0006395658
0.0007235876
0.0008015918
0.0008681623
0.0009229383
0.0009637660
0.0009963676
0.0010139686
0.0010239533
0.0010354659
0.0010411447
0.0010273173
0.0009896922
0.0009384047
0.0008855844
0.0008308799
0.0007706390
0.0007157054
0.0006602076
0.0006075136
0.0005554524
0.0004957320
0.0004239167
0.0003529671
0.0002991130
0.0002669855
0.0002438868
0.0002251987
0.0002009495
0.0001679611
0.0001322992
0.0001006167
0.0000675159
0.0000353850
0.0000120150
-0.0000056745
-0.0000186104
-0.0000344717
-0.0000558783
-0.0000802962
-0.0001040161
-0.0001235545
-0.0001368261
-0.0001381177
-0.0001263931
-0.0001040110
-0.0000741834
-0.0000403343
-0.0000091709
0.0000132365
0.0000250142
0.0000303065
0.0000367429
0.0000438054
0.0000484934
0.0000518241
0.0000483260
0.0000415746
0.0000341133
0.0000258114
0.0000145717
0.0000010991
-0.0000116767
-0.0000247861
-0.0000367228
-0.0000477069
-0.0000566303
-0.0000653294
-0.0000712523
-0.0000746868
-0.0000774072
-0.0000783118
-0.0000789200
-0.0000810308
-0.0000840529
-0.0000878763
-0.0000903309
-0.0000901748
-0.0000892897
-0.0000884349
-0.0000871926
-0.0000857711
-0.0000843107
-0.0000828841
-0.0000813220
-0.0000784978
-0.0000766502
-0.0000767352
-0.0000785293
-0.0000823827
-0.0000881782
-0.0000935899
-0.0000959784
-0.0000955433
-0.0000953642
-0.0000959932
-0.0000970123
-0.0000987923
-0.0001006552
-0.0001008470
-0.0000998360
-0.0000981864
-0.0000958123
-0.0000928132
-0.0000895385
-0.0000858253
-0.0000824507
-0.0000795585
-0.0000768950
-0.0000747106
-0.0000730117
-0.0000717996
-0.0000707665
-0.0000700273
-0.0000696503
-0.0000695932
-0.0000695844
-0.0000694683
-0.0000692186
-0.0000689617
-0.0000688920
-0.0000690391
-0.0000692139
-0.0000690624
-0.0000686448
-0.0000678835
-0.0000669730
-0.0000660643
-0.0000652138
-0.0000644644
-0.0000638189
-0.0000632375
-0.0000626556
-0.0000620712
-0.0000614995
-0.0000609691
-0.0000604812
-0.0000600655
-0.0000597324
-0.0000593905
-0.0000590241
-0.0000586512
-0.0000582607
-0.0000578601
-0.0000574625
-0.0000570564
-0.0000566407
-0.0000562150
-0.0000557882
-0.0000553587
-0.0000549274
-0.0000544908
-0.0000540459
-0.0000535938
-0.0000531377
-0.0000526795
-0.0000522190
-0.0000517558
-0.0000512883
-0.0000508154
-0.0000503364
-0.0000498507
-0.0000493579
-0.0000488575
-0.0000483493
-0.0000478333
-0.0000473092
-0.0000467771
0.0000000000
0.0000000000
0.0000000000
0.0000000000
0.0000000000
0.0000000000
0.0000000000
0.0000000000
0.0000000000
0.0000000000
0.0000000000
0.0000000000
0.0000000000
0.0000000000
0.0000000000
0.0000000000
0.0000000000
0.0000000000
0.0000000000
0.0000000000
0.0000000000
0.0000000000
0.0000000000
0.0000000000
0.0000000000
0.0000000000
0.0000000000
0.0000000000
0.0000000000
0.0000000000
0.0000000000
0.0000000000
0.0000000000
0.0000000000
0.0000000000
0.0000000000
0.0000000000
0.0000000000
0.0000000000
0.0000000000
0.0000000000
0.0000000000
0.0000000000
0.0000000000
0.0000000000
0.0000000000
0.0000000000
0.0000000000
0.0000000000
0.0000000000
0.0000000000
0.0000000000
0.0000000000
0.0000000000
0.0000000000
0.0000000000
0.0000000000
0.0000000000
0.0000000000
0.0000000000
0.0000000000
0.0000000000
0.0000000000
0.0000000000
0.0000000000
0.0000000000
0.0000000000
0.0000000000
0.0000000000
0.0000000000
0.0000000000
0.0000000000
0.0000000000
0.0000000000
0.0000000000
0.0000000000
0.0000000000
0.0000000000
0.0000000000
0.0000000000
0.0000000000
0.0000000000
0.0000000000
0.0000000000
0.0000000000
0.0000000000
0.0000000000
0.0000000000
0.0000000000
0.0000000000
0.0000000000
0.0000000000
0.0000000000
0.0000000000
0.0000000000
0.0000000000
0.0000000000
0.0000000000
0.0000000000
0.0000000000
0.0000000000
0.0000000000
0.0000000000
0.0000000000
0.0000000000
0.0000000000
0.0000000000
0.0000000000
0.0000000000
0.0000000000
0.0000000000
0.0000000000
0.0000000000
0.0000000000
0.0000000000
0.0000000000
0.0000000000
0.0000000000
0.0000000000
0.0000000000
0.0000000000
0.0000000000
0.0000000000
0.0000000000
0.0000000000
0.0000000000
0.0000000000
0.0000000000
0.0000000000
0.0000000000
0.0000000000
0.0000000000
0.0000000000
0.0000000000
0.0000000000
0.0000000000
0.0000000000
0.0000000000
0.0000000000
0.0000000000
0.0000000000
0.0000000000
0.0000000000
0.0000000000
0.0000000000
0.0000000000
0.0000000000
0.0000000000
0.0000000000
0.0000000000
0.0000000000
0.0000000000
0.0000000000
0.0000000000
0.0000000000
0.0000000000
0.0000000000
0.0000000000
0.0000000000
0.0000000000
0.0000000000
0.0000000000
0.0000000000
0.0000000000
0.0000000000
0.0000000000
0.0000000000
0.0000000000
0.0000000000
0.0000000000
0.0000000000
0.0000000000
0.0000000000
0.0000000000
0.0000000000
0.0000000000
0.0000000000
0.0000000000
0.0000000000
0.0000000000
0.0000000000
0.0000000000
0.0000000000
0.0000000000
0.0000000000
0.0000000000
0.0000000000
0.0000000000
0.0000000000
0.0000000000
0.0000000000
0.0000000000
0.0000000000
0.0000000000
0.0000000000
0.0000000000
0.0000000000
0.0000000000
0.0000000000
0.0000000000
0.0000000000
0.0000000000
0.0000000000
0.0000000000
0.0000000000
0.0000000000
0.0000000000
0.0000000000
0.0000000000
0.0000000000
0.0000000000
0.0000000000
0.0000000000
0.0000000000
0.0000000000
0.0000000000
0.0000000000
0.0000000000
0.0000000000
0.0000000000
0.0000000000
0.0000000000
0.0000000000
0.0000000000
0.0000000000
0.0000000000
0.0000000000
0.0000000000
0.0000000000
0.0000000000
0.0000000000
0.0000000000
0.0000000000
0.0000000000
0.0000000000
0.0000000000
0.0000000000
0.0000000000
0.0000000000
0.0000000000
0.0000000000
0.0000000000
0.0000000000
0.0000000000
0.0000000000
0.0000000000
0.0000000000
0.0000000000
0.0000000000
0.0000000000
0.0000000000
0.0000000000
0.0000000000
0.0000000000
0.0000000000
0.0000000000
0.0000000000
0.0000000000
0.0000000000
0.0000000000
0.0000000000
0.0000000000
0.0000000000
0.0000000000
0.0000000000
0.0000000000
0.0000000000
0.0000000000
0.0000000000
0.0000000000
0.0000000000
0.0000000000
0.0000000000
0.0000000000
0.0000000000
0.0000000000
0.0000000000
0.0000000000
0.0000000000
0.0000000000
0.0000000000
0.0000000000
0.0000000000
0.0000000000
0.0000000000
0.0000000000
0.0000000000
0.0000000000
0.0000000000
0.0000000000
0.0000000000
0.0000000000
0.0000000000
0.0000000000
0.0000000000
0.0000000000
0.0000000000
0.0000000000
0.0000000000
0.0000000000
0.0000000000
0.0000000000
0.0000000000
0.0000000000
0.0000000000
0.0000000000
0.0000000000
0.0000000000
0.0000000000
0.0000000000
0.0000000000
0.0000000000
0.0000000000
0.0000000000
0.0000000000
0.0000000000
0.0000000000
0.0000000000
0.0000000000
0.0000000000
0.0000000000
0.0000000000
0.0000000000
0.0000000000
0.0000000000
0.0000000000
0.0000000000
0.0000000000
0.0000000000
0.0000000000
0.0000000000
0.0000000000
0.0000000000
0.0000000000
0.0000000000
0.0000000000
0.0000000000
0.0000000000
0.0000000000
0.0000000000
0.0000000000
0.0000000000
0.0000000000
0.0000000000
0.0000000000
0.0000000000
0.0000000000
0.0000000000
0.0000000000
0.0000000000
0.0000000000
0.0000000000
0.0000000000
0.0000000000
0.0000000000
0.0000000000
0.0000000000
0.0000000000
0.0000000000
0.0000000000
0.0000000000
0.0000000000
0.0000000000
0.0000000000
0.0000000000
0.0000000000
0.0000000000
0.0000000000
0.0000000000
0.0000000000
0.0000000000
0.0000000000
0.0000000000
0.0000000000
0.0000000000
0.0000000000
0.0000000000
0.0000000000
0.0000000000
0.0000000000
0.0000000000
0.0000000000
0.0000000000
0.0000000000
0.0000000000
0.0000000000
0.0000000000
0.0000000000
0.0000000000
0.0000000000
0.0000000000
0.0000000000
0.0000000000
0.0000000000
0.0000000000
0.0000000000
0.0000000000
0.0000000000
0.0000000000
0.0000000000
0.0000000000
0.0000000000
0.0000000000
0.0000000000
0.0000000000
0.0000000000
0.0000000000
0.0000000000
0.0000000000
0.0000000000
0.0000000000
0.0000000000
0.0000000000
0.0000000000
0.0000000000
0.0000000000
0.0000000000
0.0000000000
0.0000000000
0.0000000000
0.0000000000
0.0000000000
0.0000000000
0.0000000000
0.0000000000
0.0000000000
0.0000000000
0.0000000000
0.0000000000
0.0000000000
0.0000000000
0.0000000000
0.0000000000
0.0000000000
0.0000000000
0.0000000000
0.0000000000
0.0000000000
0.0000000000
0.0000000000
0.0000000000
0.0000000000
0.0000000000
0.0000000000
0.0000000000
0.0000000000
0.0000000000
0.0000000000
0.0000000000
0.0000000000
0.0000000000
0.0000000000
0.0000000000
0.0000000000
0.0000000000
0.0000000000
0.0000000000
0.0000000000
0.0000000000
0.0000000000
0.0000000000
0.0000000000
0.0000000000
0.0000000000
0.0000000000
0.0000000000
0.0000000000
0.0000000000
0.0000000000
0.0000000000
0.0000000000
0.0000000000
0.0000000000
0.0000000000
0.0000000000
0.0000000000
0.0000000000
0.0000000000
0.0000000000
0.0000000000
0.0000000000
0.0000000000
0.0000000000
0.0000000000
0.0000000000
0.0000000000
0.0000000000
0.0000000000
0.0000000000
0.0000000000
0.0000000000
0.0000000000
0.0000000000
0.0000000000
0.0000000000
0.0000000000
0.0000000000
0.0000000000
0.0000000000
0.0000000000
0.0000000000
0.0000000000
0.0000000000
0.0000000000
0.0000000000
0.0000000000
0.0000000000
0.0000000000
0.0000000000
0.0000000000
0.0000000000
0.0000000000
0.0000000000
0.0000000000
0.0000000000
0.0000000000
0.0000000000
0.0000000000
0.0000000000
0.0000000000
0.0000000000
0.0000000000
0.0000000000
0.0000000000
0.0000000000
0.0000000000
0.0000000000
0.0000000000
0.0000000000
0.0000000000
0.0000000000
0.0000000000
0.0000000000
0.0000000000
0.0000000000
0.0000000000
0.0000000000
0.0000000000
0.0000000000
0.0000000000
0.0000000000
0.0000000000
0.0000000000
0.0000000000
0.0000000000
0.0000000000
0.0000000000
0.0000000000
0.0000000000
0.0000000000
0.0000000000
0.0000000000
0.0000000000
0.0000000000
0.0000000000
0.0000000000
0.0000000000
0.0000000000
0.0000000000
0.0000000000
0.0000000000
0.0000000000
0.0000000000
0.0000000000
0.0000000000
0.0000000000
0.0000000000
0.0000000000
0.0000000000
0.0000000000
0.0000000000
0.0000000000
0.0000000000
0.0000000000
0.0000000000
0.0000000000
0.0000000000
0.0000000000
0.0000000000
0.0000000000
0.0000000000
0.0000000000
0.0000000000
0.0000000000
0.0000000000
0.0000000000
0.0000000000
0.0000000000
0.0000000000
0.0000000000
0.0000000000
0.0000000000
0.0000000000
0.0000000000
0.0000000000
0.0000000000
0.0000000000
0.0000000000
0.0000000000
0.0000000000
0.0000000000
0.0000000000
0.0000000000
0.0000000000
0.0000000000
0.0000000000
0.0000000000
0.0000000000
0.0000000000
0.0000000000
0.0000000000
0.0000000000
0.0000000000
0.0000000000
0.0000000000
0.0000000000
0.0000000000
0.0000000000
0.0000000000
0.0000000000
0.0000000000
0.0000000000
0.0000000000
0.0000000000
0.0000000000
0.0000000000
0.0000000000
0.0000000000
0.0000000000
0.0000000000
0.0000000000
0.0000000000
0.0000000000
0.0000000000
0.0000000000
0.0000000000
0.0000000000
0.0000000000
0.0000000000
0.0000000000
0.0000000000
0.0000000000
0.0000000000
0.0000000000
0.0000000000
0.0000000000
0.0000000000
0.0000000000
0.0000000000
0.0000000000
0.0000000000
0.0000000000
0.0000000000
0.0000000000
0.0000000000
0.0000000000
0.0000000000
0.0000000000
0.0000000000
0.0000000000
0.0000000000
0.0000000000
0.0000000000
0.0000000000
0.0000000000
0.0000000000
0.0000000000
0.0000000000
0.0000000000
0.0000000000
0.0000000000
0.0000000000
0.0000000000
0.0000000000
0.0000000000
0.0000000000
0.0000000000
0.0000000000
0.0000000000
0.0000000000
0.0000000000
0.0000000000
0.0000000000
0.0000000000
0.0000000000
0.0000000000
0.0000000000
0.0000000000
0.0000000000
0.0000000000
0.0000000000
0.0000000000
0.0000000000
0.0000000000
0.0000000000
0.0000000000
0.0000000000
0.0000000000
0.0000000000
0.0000000000
0.0000000000
0.0000000000
0.0000000000
0.0000000000
0.0000000000
0.0000000000
0.0000000000
0.0000000000
0.0000000000
0.0000000000
0.0000000000
0.0000000000
0.0000000000
0.0000000000
0.0000000000
0.0000000000
0.0000000000
0.0000000000
0.0000000000
0.0000000000
0.0000000000
0.0000000000
0.0000000000
0.0000000000
0.0000000000
0.0000000000
0.0000000000
0.0000000000
0.0000000000
0.0000000000
0.0000000000
0.0000000000
0.0000000000
0.0000000000
0.0000000000
0.0000000000
0.0000000000
0.0000000000
0.0000000000
0.0000000000
0.0000000000
0.0000000000
0.0000000000
0.0000000000
0.0000000000
0.0000000000
0.0000000000
0.0000000000
0.0000000000
0.0000000000
0.0000000000
0.0000000000
0.0000000000
0.0000000000
0.0000000000
0.0000000000
0.0000000000
0.0000000000
0.0000000000
0.0000000000
0.0000000000
0.0000000000
0.0000000000
0.0000000000
0.0000000000
0.0000000000
0.0000000000
0.0000000000
0.0000000000
0.0000000000
0.0000000000
0.0000000000
0.0000000000
0.0000000000
0.0000000000
0.0000000000
0.0000000000
0.0000000000
0.0000000000
0.0000000000
0.0000000000
0.0000000000
0.0000000000
0.0000000000
0.0000000000
0.0000000000
0.0000000000
0.0000000000
0.0000000000
0.0000000000
0.0000000000
0.0000000000
0.0000000000
0.0000000000
0.0000000000
0.0000000000
0.0000000000
0.0000000000
0.0000000000
0.0000000000
0.0000000000
0.0000000000
0.0000000000
0.0000000000
0.0000000000
0.0000000000
0.0000000000
0.0000000000
0.0000000000
0.0000000000
0.0000000000
0.0000000000
0.0000000000
0.0000000000
0.0000000000
0.0000000000
0.0000000000
0.0000000000
0.0000000000
0.0000000000
0.0000000000
0.0000000000
0.0000000000
0.0000000000
0.0000000000
0.0000000000
0.0000000000
0.0000000000
0.0000000000
0.0000000000
0.0000000000
0.0000000000
0.0000000000
0.0000000000
0.0000000000
0.0000000000
0.0000000000
0.0000000000
0.0000000000
0.0000000000
0.0000000000
0.0000000000
0.0000000000
0.0000000000
0.0000000000
0.0000000000
0.0000000000
0.0000000000
0.0000000000
0.0000000000
0.0000000000
0.0000000000
0.0000000000
0.0000000000
0.0000000000
0.0000000000
0.0000000000
0.0000000000
0.0000000000
0.0000000000
0.0000000000
0.0000000000
0.0000000000
0.0000000000
0.0000000000
0.0000000000
0.0000000000
0.0000000000
0.0000000000
0.0000000000
0.0000000000
0.0000000000
0.0000000000
0.0000000000
0.0000000000
0.0000000000
0.0000000000
0.0000000000
0.0000000000
0.0000000000
0.0000000000
0.0000000000
0.0000000000
0.0000000000
0.0000000000
0.0000000000
0.0000000000
0.0000000000
0.0000000000
0.0000000000
0.0000000000
0.0000000000
0.0000000000
0.0000000000
0.0000000000
0.0000000000
0.0000000000
0.0000000000
0.0000000000
0.0000000000
0.0000000000
0.0000000000
0.0000000000
0.0000000000
0.0000000000
0.0000000000
0.0000000000
0.0000000000
0.0000000000
0.0000000000
0.0000000000
0.0000000000
0.0000000000
0.0000000000
0.0000000000
0.0000000000
0.0000000000
0.0000000000
0.0000000000
0.0000000000
0.0000000000
0.0000000000
0.0000000000
0.0000000000
0.0000000000
0.0000000000
0.0000000000
0.0000000000
0.0000000000
0.0000000000
0.0000000000
0.0000000000
0.0000000000
0.0000000000
0.0000000000
0.0000000000
0.0000000000
0.0000000000
0.0000000000
0.0000000000
0.0000000000
0.0000000000
0.0000000000
0.0000000000
0.0000000000
0.0000000000
0.0000000000
0.0000000000
0.0000000000
0.0000000000
0.0000000000
0.0000000000
0.0000000000
0.0000000000
0.0000000000
0.0000000000
0.0000000000
0.0000000000
0.0000000000
0.0000000000
0.0000000000
0.0000000000
0.0000000000
0.0000000000
0.0000000000
0.0000000000
0.0000000000
0.0000000000
0.0000000000
0.0000000000
0.0000000000
0.0000000000
0.0000000000
0.0000000000
0.0000000000
0.0000000000
0.0000000000
0.0000000000
0.0000000000
0.0000000000
0.0000000000
0.0000000000
0.0000000000
0.0000000000
0.0000000000
0.0000000000
0.0000000000
0.0000000000
0.0000000000
0.0000000000
0.0000000000
0.0000000000
0.0000000000
0.0000000000
0.0000000000
0.0000000000
0.0000000000
0.0000000000
0.0000000000
0.0000000000
0.0000000000
0.0000000000
0.0000000000
0.0000000000
0.0000000000
0.0000000000
0.0000000000
0.0000000000
0.0000000000
0.0000000000
0.0000000000
0.0000000000
0.0000000000
0.0000000000
0.0000000000
0.0000000000
0.0000000000
0.0000000000
0.0000000000
0.0000000000
0.0000000000
0.0000000000
0.0000000000
0.0000000000
0.0000000000
0.0000000000
0.0000000000
0.0000000000
0.0000000000
0.0000000000
0.0000000000
0.0000000000
0.0000000000
0.0000000000
0.0000000000
0.0000000000
0.0000000000
0.0000000000
0.0000000000
0.0000000000
0.0000000000
0.0000000000
0.0000000000
0.0000000000
0.0000000000
0.0000000000
0.0000000000
0.0000000000
0.0000000000
0.0000000000
0.0000000000
0.0000000000
0.0000000000
0.0000000000
0.0000000000
0.0000000000
0.0000000000
0.0000000000
0.0000000000
0.0000000000
0.0000000000
0.0000000000
0.0000000000
0.0000000000
0.0000000000
0.0000000000
0.0000000000
0.0000000000
0.0000000000
0.0000000000
0.0000000000
0.0000000000
0.0000000000
0.0000000000
0.0000000000
0.0000000000
0.0000000000
0.0000000000
0.0000000000
0.0000000000
0.0000000000
0.0000000000
0.0000000000
0.0000000000
0.0000000000
0.0000000000
0.0000000000
0.0000000000
0.0000000000
0.0000000000
0.0000000000
0.0000000000
0.0000000000
0.0000000000
0.0000000000
0.0000000000
0.0000000000
0.0000000000
0.0000000000
0.0000000000
0.0000000000
0.0000000000
0.0000000000
0.0000000000
0.0000000000
0.0000000000
0.0000000000
0.0000000000
0.0000000000
0.0000000000
0.0000000000
0.0000000000
0.0000000000
0.0000000000
0.0000000000
0.0000000000
0.0000000000
0.0000000000
0.0000000000
0.0000000000
0.0000000000
0.0000000000
0.0000000000
0.0000000000
0.0000000000
0.0000000000
0.0000000000
0.0000000000
0.0000000000
0.0000000000
0.0000000000
0.0000000000
0.0000000000
0.0000000000
0.0000000000
0.0000000000
0.0000000000
0.0000000000
0.0000000000
0.0000000000
0.0000000000
0.0000000000
0.0000000000
0.0000000000
0.0000000000
0.0000000000
0.0000000000
0.0000000000
0.0000000000
0.0000000000
0.0000000000
0.0000000000
0.0000000000
0.0000000000
0.0000000000
0.0000000000
0.0000000000
0.0000000000
0.0000000000
0.0000000000
0.0000000000
0.0000000000
0.0000000000
0.0000000000
0.0000000000
0.0000000000
0.0000000000
0.0000000000
0.0000000000
0.0000000000
0.0000000000
0.0000000000
0.0000000000
0.0000000000
0.0000000000
0.0000000000
0.0000000000
0.0000000000
0.0000000000
0.0000000000
0.0000000000
0.0000000000
0.0000000000
0.0000000000
0.0000000000
0.0000000000
0.0000000000
0.0000000000
0.0000000000
0.0000000000
0.0000000000
0.0000000000
0.0000000000
0.0000000000
0.0000000000
0.0000000000
0.0000000000
0.0000000000
0.0000000000
0.0000000000
0.0000000000
0.0000000000
0.0000000000
0.0000000000
0.0000000000
0.0000000000
0.0000000000
0.0000000000
0.0000000000
0.0000000000
0.0000000000
0.0000000000
0.0000000000
0.0000000000
0.0000000000
0.0000000000
0.0000000000
0.0000000000
0.0000000000
0.0000000000
0.0000000000
0.0000000000
0.0000000000
0.0000000000
0.0000000000
0.0000000000
0.0000000000
0.0000000000
0.0000000000
0.0000000000
0.0000000000
0.0000000000
0.0000000000
0.0000000000
0.0000000000
0.0000000000
0.0000000000
0.0000000000
0.0000000000
0.0000000000
0.0000000000
0.0000000000
0.0000000000
0.0000000000
0.0000000000
0.0000000000
0.0000000000
0.0000000000
0.0000000000
0.0000000000
0.0000000000
0.0000000000
0.0000000000
0.0000000000
0.0000000000
0.0000000000
0.0000000000
0.0000000000
0.0000000000
0.0000000000
0.0000000000
0.0000000000
0.0000000000
0.0000000000
0.0000000000
0.0000000000
0.0000000000
0.0000000000
0.0000000000
0.0000000000
0.0000000000
0.0000000000
0.0000000000
0.0000000000
0.0000000000
0.0000000000
0.0000000000
0.0000000000
0.0000000000
0.0000000000
0.0000000000
0.0000000000
0.0000000000
0.0000000000
0.0000000000
0.0000000000
0.0000000000
0.0000000000
0.0000000000
0.0000000000
0.0000000000
0.0000000000
0.0000000000
0.0000000000
0.0000000000
0.0000000000
0.0000000000
0.0000000000
0.0000000000
0.0000000000
0.0000000000
0.0000000000
0.0000000000
0.0000000000
0.0000000000
0.0000000000
0.0000000000
0.0000000000
0.0000000000
0.0000000000
0.0000000000
0.0000000000
0.0000000000
0.0000000000
0.0000000000
0.0000000000
0.0000000000
0.0000000000
0.0000000000
0.0000000000
0.0000000000
0.0000000000
0.0000000000
0.0000000000
0.0000000000
0.0000000000
0.0000000000
0.0000000000
0.0000000000
0.0000000000
0.0000000000
0.0000000000
0.0000000000
0.0000000000
0.0000000000
0.0000000000
0.0000000000
0.0000000000
0.0000000000
0.0000000000
0.0000000000
0.0000000000
0.0000000000
0.0000000000
0.0000000000
0.0000000000
0.0000000000
0.0000000000
0.0000000000
0.0000000000
0.0000000000
0.0000000000
0.0000000000
0.0000000000
0.0000000000
0.0000000000
0.0000000000
0.0000000000
0.0000000000
0.0000000000
0.0000000000
0.0000000000
0.0000000000
0.0000000000
0.0000000000
0.0000000000
0.0000000000
0.0000000000
0.0000000000
0.0000000000
0.0000000000
0.0000000000
0.0000000000
0.0000000000
0.0000000000
0.0000000000
0.0000000000
0.0000000000
0.0000000000
0.0000000000
0.0000000000
0.0000000000
0.0000000000
0.0000000000
0.0000000000
0.0000000000
0.0000000000
0.0000000000
0.0000000000
0.0000000000
0.0000000000
0.0000000000
0.0000000000
0.0000000000
0.0000000000
0.0000000000
0.0000000000
0.0000000000
0.0000000000
0.0000000000
0.0000000000
0.0000000000
0.0000000000
0.0000000000
0.0000000000
0.0000000000
0.0000000000
0.0000000000
0.0000000000
0.0000000000
0.0000000000
0.0000000000
0.0000000000
0.0000000000
0.0000000000
0.0000000000
0.0000000000
0.0000000000
0.0000000000
0.0000000000
0.0000000000
0.0000000000
0.0000000000
0.0000000000
0.0000000000
0.0000000000
0.0000000000
0.0000000000
0.0000000000
0.0000000000
0.0000000000
0.0000000000
0.0000000000
0.0000000000
0.0000000000
0.0000000000
0.0000000000
0.0000000000
0.0000000000
0.0000000000
0.0000000000
0.0000000000
0.0000000000
0.0000000000
0.0000000000
0.0000000000
0.0000000000
0.0000000000
0.0000000000
0.0000000000
0.0000000000
0.0000000000
0.0000000000
0.0000000000
0.0000000000
0.0000000000
0.0000000000
0.0000000000
0.0000000000
0.0000000000
0.0000000000
0.0000000000
0.0000000000
0.0000000000
0.0000000000
0.0000000000
0.0000000000
0.0000000000
0.0000000000
0.0000000000
0.0000000000
0.0000000000
0.0000000000
0.0000000000
0.0000000000
0.0000000000
0.0000000000
0.0000000000
0.0000000000
0.0000000000
0.0000000000
0.0000000000
0.0000000000
0.0000000000
0.0000000000
0.0000000000
0.0000000000
0.0000000000
0.0000000000
0.0000000000
0.0000000000
0.0000000000
0.0000000000
0.0000000000
0.0000000000
0.0000000000
0.0000000000
0.0000000000
0.0000000000
0.0000000000
0.0000000000
0.0000000000
0.0000000000
0.0000000000
0.0000000000
0.0000000000
0.0000000000
0.0000000000
0.0000000000
0.0000000000
0.0000000000
0.0000000000
0.0000000000
0.0000000000
0.0000000000
0.0000000000
0.0000000000
0.0000000000
0.0000000000
0.0000000000
0.0000000000
0.0000000000
0.0000000000
0.0000000000
0.0000000000
0.0000000000
0.0000000000
0.0000000000
0.0000000000
0.0000000000
0.0000000000
0.0000000000
0.0000000000
0.0000000000
0.0000000000
0.0000000000
0.0000000000
0.0000000000
0.0000000000
0.0000000000
0.0000000000
0.0000000000
0.0000000000
0.0000000000
0.0000000000
0.0000000000
0.0000000000
0.0000000000
0.0000000000
0.0000000000
0.0000000000
0.0000000000
0.0000000000
0.0000000000
0.0000000000
0.0000000000
0.0000000000
0.0000000000
0.0000000000
0.0000000000
0.0000000000
0.0000000000
0.0000000000
0.0000000000
0.0000000000
0.0000000000
0.0000000000
0.0000000000
0.0000000000
0.0000000000
0.0000000000
0.0000000000
0.0000000000
0.0000000000
0.0000000000
0.0000000000
0.0000000000
0.0000000000
0.0000000000
0.0000000000
0.0000000000
0.0000000000
0.0000000000
0.0000000000
0.0000000000
0.0000000000
0.0000000000
0.0000000000
0.0000000000
0.0000000000
0.0000000000
0.0000000000
0.0000000000
0.0000000000
0.0000000000
0.0000000000
0.0000000000
0.0000000000
0.0000000000
0.0000000000
0.0000000000
0.0000000000
0.0000000000
0.0000000000
0.0000000000
0.0000000000
0.0000000000
0.0000000000
0.0000000000
0.0000000000
0.0000000000
0.0000000000
0.0000000000
0.0000000000
0.0000000000
0.0000000000
0.0000000000
0.0000000000
0.0000000000
0.0000000000
0.0000000000
0.0000000000
0.0000000000
0.0000000000
0.0000000000
0.0000000000
0.0000000000
0.0000000000
0.0000000000
0.0000000000
0.0000000000
0.0000000000
0.0000000000
0.0000000000
0.0000000000
0.0000000000
0.0000000000
0.0000000000
0.0000000000
0.0000000000
0.0000000000
0.0000000000
0.0000000000
0.0000000000
0.0000000000
0.0000000000
0.0000000000
0.0000000000
0.0000000000
0.0000000000
0.0000000000
0.0000000000
0.0000000000
