0.0008680064
0.0010546847
0.0009229524
0.0005745665
0.0001344625
-0.0003092032
-0.0008472065
-0.0016034719
-0.0024540151
-0.0031982803
-0.0037063983
-0.0038966582
-0.0038174907
-0.0034840022
-0.0028354300
-0.0018155107
-0.0006108558
0.0004593326
0.0013240504
0.0019776695
0.0021907456
0.0019779276
0.0016145522
0.0012381797
0.0008795708
0.0005959641
0.0005193562
0.0007215761
0.0009696556
0.0010043221
0.0007231611
0.0001612827
-0.0006066396
-0.0014306831
-0.0019760234
-0.0021113127
-0.0019430418
-0.0015785455
-0.0009399787
-0.0000914335
0.0007783359
0.0016360450
0.0023797550
0.0029282203
0.0032842829
0.0034481968
0.0032730052
0.0027454100
0.0020972518
0.0015912462
0.0013209465
0.0011312691
0.0009103911
0.0006963074
0.0005108877
0.0004241536
0.0004384120
0.0005189484
0.0007224873
0.0010417248
0.0013871211
0.0016115899
0.0014926067
0.0010950548
0.0007462563
0.0006431070
0.0005614661
0.0003685335
0.0002726425
0.0002675629
0.0004459472
0.0009654040
0.0018538594
0.0029085672
0.0037806486
0.0043001958
0.0042672445
0.0034772538
0.0019740855
0.0001962637
-0.0013338014
-0.0024987989
-0.0033369558
-0.0038406346
-0.0040201904
-0.0039278942
-0.0036928571
-0.0035245442
-0.0034560433
-0.0035080805
-0.0036393126
-0.0035391972
-0.0029811172
-0.0021292861
-0.0013178502
-0.0006491557
-0.0000467810
0.0003198358
0.0000856690
-0.0007352101
-0.0018441984
-0.0029960075
-0.0039617593
-0.0045762455
-0.0048099015
-0.0045777220
-0.0037838165
-0.0026150417
-0.0013041316
0.0001037398
0.0013846175
0.0021653056
0.0023715317
0.0020760427
0.0014309272
0.0006437508
-0.0002326319
-0.0010818402
-0.0017731839
-0.0020601342
-0.0017194969
-0.0009037116
-0.0000230421
0.0006931449
0.0011706278
0.0012990606
0.0010491556
0.0004122587
-0.0003168251
-0.0007729310
-0.0009575906
-0.0008683232
-0.0004423165
0.0000146702
0.0004888070
0.0010822252
0.0016666402
0.0020486798
0.0019404543
0.0012492112
0.0003478833
-0.0003631913
-0.0005395747
-0.0002363224
0.0001538578
0.0004346078
0.0005469271
0.0005060962
0.0004491254
0.0004742488
0.0005595589
0.0008049782
0.0014522877
0.0022084045
0.0021068811
0.0005651640
-0.0018268344
-0.0042998513
-0.0064488188
-0.0082343235
-0.0094142014
-0.0093286776
-0.0076040557
-0.0047227238
-0.0018461902
0.0000044416
0.0005329848
0.0002324089
-0.0000069097
0.0004411735
0.0015606793
0.0031399222
0.0049432103
0.0067045719
0.0082154660
0.0089170207
0.0077112742
0.0042553537
-0.0005786040
-0.0055426820
-0.0091685863
-0.0112156481
-0.0126580037
-0.0137158260
-0.0137294457
-0.0121301190
-0.0093434328
-0.0062110673
-0.0032314242
-0.0006027344
0.0014946694
0.0030050076
0.0040305808
0.0047433921
0.0053269014
0.0058560308
0.0060229557
0.0055220922
0.0044145856
0.0028703778
0.0012425473
0.0001583589
0.0000187776
0.0007630794
0.0020531616
0.0035957834
0.0051542578
0.0061741365
0.0063728158
0.0058726547
0.0054594770
0.0057084032
0.0065973704
0.0076080216
0.0079080848
0.0067672894
0.0040949078
0.0009612625
-0.0021214358
-0.0054662630
-0.0088941666
-0.0115839906
-0.0128258391
-0.0126257959
-0.0113988730
-0.0096806041
-0.0075800627
-0.0049505930
-0.0020188119
0.0006908912
0.0024976371
0.0032330784
0.0029469970
0.0021677302
0.0016519835
0.0017195034
0.0023632422
0.0032233339
0.0037758609
0.0039004400
0.0038816233
0.0040065741
0.0039260767
0.0031800352
0.0017345246
-0.0001071071
-0.0019696098
-0.0035713743
-0.0044234790
-0.0039568591
-0.0022129207
0.0006115763
0.0039746732
0.0068899213
0.0085582945
0.0081010795
0.0052395156
0.0012238845
-0.0024632601
-0.0053243882
-0.0068429548
-0.0066417351
-0.0054668018
-0.0043342177
-0.0037366147
-0.0037274929
-0.0039329377
-0.0039362113
-0.0036356536
-0.0028342242
-0.0014169812
0.0004839453
0.0025368795
0.0043949233
0.0060065261
0.0071936708
0.0078768795
0.0078919553
0.0071037276
0.0057079497
0.0041333185
0.0028009531
0.0018700666
0.0012836281
0.0009623407
0.0008455628
0.0008058996
0.0008903207
0.0012435209
0.0019001561
0.0028057862
0.0036157526
0.0036774232
0.0026262297
0.0008335752
-0.0011942955
-0.0031671197
-0.0049462623
-0.0063471927
-0.0069060542
-0.0064727675
-0.0055046021
-0.0044940600
-0.0035495467
-0.0026808037
-0.0019224622
-0.0013336646
-0.0007651305
-0.0001461089
0.0001034246
-0.0003284766
-0.0011025849
-0.0014748526
-0.0012845812
-0.0009239791
-0.0006064483
-0.0004170396
-0.0005636608
-0.0009620621
-0.0014145034
-0.0013304138
-0.0004459656
0.0007564237
0.0016643286
0.0020102350
0.0018781228
0.0014609356
0.0007267280
-0.0005256996
-0.0019285195
-0.0030438115
-0.0033433534
-0.0021664190
0.0004811051
0.0039710926
0.0075617405
0.0106180826
0.0124224585
0.0124731965
0.0107819385
0.0074826514
0.0034078601
-0.0006369904
-0.0041491445
-0.0069191795
-0.0088859279
-0.0095212460
-0.0086385703
-0.0070201611
-0.0054073647
-0.0040459055
-0.0031713894
-0.0029461404
-0.0029119343
-0.0021632964
-0.0002686501
0.0022902308
0.0047437126
0.0065742128
0.0071326379
0.0058729446
0.0029694146
-0.0004749469
-0.0033480930
-0.0049276094
-0.0049220476
-0.0036368199
-0.0016013969
0.0012192891
0.0045738175
0.0074681655
0.0087205034
0.0075606629
0.0044938691
0.0005849183
-0.0028924405
-0.0046465264
-0.0040486267
-0.0013402031
0.0025558891
0.0063182517
0.0086585600
0.0087590914
0.0067075966
0.0032062748
-0.0007321496
-0.0041984231
-0.0065305268
-0.0075257543
-0.0072947956
-0.0059109904
-0.0034732060
-0.0003054522
0.0031823493
0.0061173082
0.0070583910
0.0052736979
0.0013586367
-0.0034606400
-0.0081478414
-0.0116288428
-0.0130375959
-0.0123507112
-0.0102443454
-0.0072909798
-0.0040175135
-0.0010843490
0.0010337071
0.0023891060
0.0034824336
0.0043592577
0.0047213052
0.0043042708
0.0031953139
0.0020528278
0.0012223332
0.0003896382
-0.0007153562
-0.0018599405
-0.0026917380
-0.0027414182
-0.0017387899
-0.0000142515
0.0019858252
0.0039358669
0.0054035114
0.0061290080
0.0060307886
0.0051092214
0.0040291213
0.0037998949
0.0048121726
0.0067509042
0.0087678177
0.0098034918
0.0091696366
0.0070434210
0.0042798855
0.0014686102
-0.0013631281
-0.0043524581
-0.0073999067
-0.0102452491
-0.0124235974
-0.0134954588
-0.0135748241
-0.0128355646
-0.0110057088
-0.0078294492
-0.0040478220
-0.0009172160
0.0009319467
0.0018124884
0.0025987513
0.0039547312
0.0059592459
0.0083746467
0.0111596006
0.0140227843
0.0162400617
0.0173044824
0.0170963744
0.0156467826
0.0129864487
0.0092695304
0.0049056316
0.0004923057
-0.0032187873
-0.0059130876
-0.0076353872
-0.0085136162
-0.0087852840
-0.0085526646
-0.0075166870
-0.0058021794
-0.0043450412
-0.0036767173
-0.0030748995
-0.0016756008
0.0008227752
0.0036224397
0.0050457503
0.0045233284
0.0026822073
0.0006495165
-0.0008801103
-0.0018794544
-0.0027269232
-0.0039297424
-0.0054724181
-0.0067606467
-0.0072468811
-0.0066818679
-0.0051674546
-0.0031933746
-0.0006227780
0.0026960899
0.0060155184
0.0080833303
0.0079988601
0.0056638203
0.0021005609
-0.0014867158
-0.0040178784
-0.0050462038
-0.0050213446
-0.0043675100
-0.0029028002
-0.0005218987
0.0021972502
0.0044833968
0.0058860118
0.0061339151
0.0052679281
0.0035869821
0.0014555890
-0.0004040750
-0.0015708920
-0.0021891060
-0.0023324233
-0.0016358434
-0.0000121897
0.0019681067
0.0037728873
0.0054079035
0.0073292200
0.0095725296
0.0115583232
0.0128428791
0.0132163060
0.0130547382
0.0124285522
0.0107328339
0.0078530774
0.0044495010
0.0013544352
-0.0008030117
-0.0017680047
-0.0015309509
-0.0003453803
0.0010751729
0.0022533597
0.0031559085
0.0036747838
0.0034159242
0.0022735465
0.0007890748
-0.0003169529
-0.0005861538
0.0000466767
0.0012931209
0.0027657131
0.0037591346
0.0032958880
0.0009295072
-0.0033058364
-0.0085838187
-0.0134736073
-0.0170127294
-0.0189507040
-0.0194491668
-0.0184676442
-0.0158228908
-0.0116543227
-0.0067016904
-0.0020626497
0.0020470526
0.0059610157
0.0092365723
0.0106132676
0.0097113388
0.0076756598
0.0058389703
0.0044897327
0.0030841377
0.0010258432
-0.0017773615
-0.0047344578
-0.0067534071
-0.0071787894
-0.0063524476
-0.0046845927
-0.0024286823
0.0002050305
0.0026490975
0.0044003521
0.0052933329
0.0052172788
0.0039210980
0.0016459447
-0.0009425663
-0.0032606933
-0.0052476452
-0.0072187380
-0.0094849973
-0.0113726396
-0.0117309224
-0.0102263813
-0.0080757225
-0.0071733367
-0.0087819183
-0.0123507010
-0.0163069122
-0.0191749960
-0.0197062158
-0.0168594174
-0.0101723253
-0.0011897067
0.0065031203
0.0101665999
0.0097991678
0.0071931218
0.0037697944
-0.0003336369
-0.0049342044
-0.0087604862
-0.0109976305
-0.0123978448
-0.0142533168
-0.0166872921
-0.0187725668
-0.0195902403
-0.0188968560
-0.0168830796
-0.0139970180
-0.0108743029
-0.0082832031
-0.0068222115
-0.0065925418
-0.0078053607
-0.0110133167
-0.0161984285
-0.0221663973
-0.0274068643
-0.0310395137
-0.0324929145
-0.0311339037
-0.0268518596
-0.0202880405
-0.0120542694
-0.0034228738
0.0034950644
0.0079765687
0.0110719728
0.0136886616
0.0153157801
0.0145901777
0.0108419416
0.0050497605
-0.0006788169
-0.0046239792
-0.0068042952
-0.0087357906
-0.0115350462
-0.0154688159
-0.0204606500
-0.0262506214
-0.0328136630
-0.0399725105
-0.0467306678
-0.0515899092
-0.0531826374
-0.0511657682
-0.0461448908
-0.0388807856
-0.0303530552
-0.0219047107
-0.0148068279
-0.0096806177
-0.0060592045
-0.0029187479
0.0006163252
0.0049926968
0.0102245331
0.0160697949
0.0221037344
0.0279956490
0.0334175166
0.0376374502
0.0404968726
0.0426166569
0.0448905410
0.0478382494
0.0513539002
0.0550871799
0.0587765724
0.0622447213
0.0647803944
0.0649165573
0.0620684563
0.0570053626
0.0509708161
0.0440997523
0.0354015199
0.0245027636
0.0120457716
-0.0004634932
-0.0119351840
-0.0212781155
-0.0274041124
-0.0298741455
-0.0287783627
-0.0244213250
-0.0177010123
-0.0099712590
-0.0025350101
0.0040127974
0.0102266200
0.0164393684
0.0220079360
0.0257877049
0.0268323337
0.0246475267
0.0195864653
0.0125793988
0.0052600918
-0.0009312401
-0.0056033160
-0.0091666153
-0.0117828949
-0.0123746531
-0.0100157635
-0.0056144941
-0.0011901070
0.0027087916
0.0068740374
0.0116817837
0.0166727005
0.0207395778
0.0232111420
0.0243911393
0.0255581238
0.0274400236
0.0294161053
0.0306900185
0.0309788661
0.0303713262
0.0295746893
0.0289633847
0.0283448611
0.0278715507
0.0280741481
0.0294409577
0.0318550491
0.0345760510
0.0368031835
0.0383264492
0.0393045856
0.0393061201
0.0371860630
0.0322273404
0.0248427720
0.0168625955
0.0105335272
0.0067059394
0.0050674279
0.0054872006
0.0078763680
0.0115531024
0.0152000058
0.0174982682
0.0176756961
0.0154805806
0.0111799824
0.0057796390
0.0008613104
-0.0023530455
-0.0034504918
-0.0029785570
-0.0015485808
0.0006843974
0.0037290410
0.0072200338
0.0100088172
0.0107034155
0.0084505202
0.0038624794
-0.0013038718
-0.0051831511
-0.0071508884
-0.0075927207
-0.0070548105
-0.0060635932
-0.0043582892
-0.0010650918
0.0042001690
0.0111841973
0.0184085721
0.0235701751
0.0256336494
0.0242339432
0.0189774864
0.0100112929
-0.0006293614
-0.0088187126
-0.0107607314
-0.0060811583
0.0015166294
0.0073410085
0.0089373275
0.0069518136
0.0038128496
0.0016076905
0.0010441794
0.0021334524
0.0050075919
0.0094365576
0.0138667817
0.0163311951
0.0164936836
0.0161507322
0.0172843154
0.0202079966
0.0239943638
0.0274597643
0.0296022390
0.0299067831
0.0288465806
0.0281179331
0.0292236528
0.0325409995
0.0364987690
0.0376573649
0.0342583033
0.0279507728
0.0214011532
0.0159866819
0.0117827721
0.0084793418
0.0059933872
0.0040402926
0.0015021889
-0.0024130929
-0.0065646170
-0.0090933574
-0.0096828956
-0.0091560374
-0.0081558891
-0.0064545920
-0.0036419929
-0.0002502666
0.0028299225
0.0049291200
0.0053927868
0.0041322614
0.0014656254
-0.0024425778
-0.0075164176
-0.0134190568
-0.0188337293
-0.0222843029
-0.0229482755
-0.0210519410
-0.0180812729
-0.0153953125
-0.0136721126
-0.0139127797
-0.0168891870
-0.0222241463
-0.0289690454
-0.0355453895
-0.0400308222
-0.0415731500
-0.0403196527
-0.0369482126
-0.0321654106
-0.0264225012
-0.0209810395
-0.0179531951
-0.0188345375
-0.0225648879
-0.0265533445
-0.0288721218
-0.0289463141
-0.0271385384
-0.0236831600
-0.0184229147
-0.0117868540
-0.0053370804
-0.0020263519
-0.0038905986
-0.0098131592
-0.0167795815
-0.0223220214
-0.0253545886
-0.0258882772
-0.0242801492
-0.0208450572
-0.0162523208
-0.0113861331
-0.0074972737
-0.0060539564
-0.0076420947
-0.0113020654
-0.0148845087
-0.0164559446
-0.0145834668
-0.0085297423
0.0021776882
0.0167124684
0.0330509167
0.0487335559
0.0609022902
0.0678665163
0.0689628107
0.0642069617
0.0548247090
0.0434505485
0.0322145050
0.0229346217
0.0173288812
0.0170504002
0.0229178580
0.0332457085
0.0422943056
0.0447588452
0.0400380515
0.0318975859
0.0244362473
0.0193285059
0.0154841168
0.0119538062
0.0093842271
0.0089766487
0.0105388332
0.0122106437
0.0117565762
0.0086062875
0.0039111134
-0.0010678645
-0.0056270976
-0.0085750924
-0.0083999254
-0.0050900842
0.0003787660
0.0077532655
0.0163302300
0.0243920191
0.0304933580
0.0340718798
0.0356359262
0.0357408190
0.0347295029
0.0331223843
0.0313739126
0.0298861489
0.0286429874
0.0269962544
0.0239136788
0.0192315482
0.0134761887
0.0075040596
0.0016701590
-0.0036533176
-0.0074506754
-0.0084135792
-0.0062449904
-0.0027028711
-0.0009394300
-0.0033965425
-0.0098698751
-0.0187434348
-0.0286088393
-0.0386255780
-0.0483957230
-0.0573265885
-0.0647402923
-0.0697447333
-0.0711444872
-0.0678995255
-0.0602533933
-0.0502656195
-0.0414306444
-0.0367201490
-0.0360259667
-0.0373522002
-0.0390377839
-0.0412573801
-0.0450609067
-0.0507664182
-0.0568882617
-0.0613678973
-0.0631638299
-0.0626777967
-0.0614720059
-0.0614298918
-0.0632643579
-0.0662620234
-0.0697957134
-0.0742238914
-0.0798430948
-0.0873874031
-0.0967515826
-0.1065240805
-0.1147284025
-0.1199559626
-0.1218830113
-0.1207293941
-0.1173090881
-0.1136929092
-0.1125898630
-0.1153538724
-0.1201447084
-0.1228834153
-0.1200234814
-0.1117942320
-0.1016402868
-0.0930858900
-0.0872445224
-0.0824686906
-0.0762843410
-0.0686441423
-0.0604401954
-0.0519238205
-0.0424577490
-0.0325151820
-0.0233788683
-0.0154058632
-0.0086081800
-0.0022199263
0.0046573601
0.0121289494
0.0200009627
0.0272405395
0.0330998951
0.0378925213
0.0414051031
0.0422527372
0.0387673676
0.0315182051
0.0247148034
0.0223832180
0.0235799415
0.0238772767
0.0208091461
0.0159235894
0.0119325241
0.0091956893
0.0057345719
-0.0003496521
-0.0092535884
-0.0198096696
-0.0312041812
-0.0424655238
-0.0518306241
-0.0584702142
-0.0625326312
-0.0645474203
-0.0648604962
-0.0637685667
-0.0614773937
-0.0576164421
-0.0519393021
-0.0449616745
-0.0387531477
-0.0349090075
-0.0332815821
-0.0326176742
-0.0320617385
-0.0316873364
-0.0316938155
-0.0315812329
-0.0296744637
-0.0246693850
-0.0173822041
-0.0095380132
-0.0016786569
0.0054837769
0.0109518779
0.0142426399
0.0157398051
0.0156171698
0.0139847657
0.0113437395
0.0083913150
0.0066316993
0.0080277023
0.0135933168
0.0229910988
0.0352933533
0.0499798921
0.0653232389
0.0791631665
0.0902499969
0.0976385686
0.1003150082
0.0979477230
0.0906775138
0.0808813161
0.0713127728
0.0623885569
0.0525942006
0.0403486381
0.0268212613
0.0145258473
0.0040936154
-0.0044711514
-0.0120121179
-0.0192647722
-0.0267556316
-0.0346955389
-0.0422057810
-0.0480514452
-0.0509437404
-0.0497455540
-0.0434919464
-0.0306340665
-0.0106769331
0.0132889637
0.0373886195
0.0574889406
0.0737554540
0.0890005234
0.1006278795
0.1049919828
0.1027036402
0.0954314531
0.0832261632
0.0690375588
0.0572922835
0.0481313084
0.0389929077
0.0290620748
0.0203098273
0.0148228142
0.0120648713
0.0094982589
0.0054027953
0.0005159591
-0.0032192636
-0.0046970155
-0.0048032178
-0.0055224980
-0.0072858886
-0.0088343545
-0.0085205454
-0.0058862949
-0.0019371517
0.0020520841
0.0055698873
0.0090967026
0.0133131307
0.0184855231
0.0238397423
0.0287869867
0.0340615610
0.0409591038
0.0493043628
0.0567652956
0.0616865657
0.0642052567
0.0653021990
0.0654774069
0.0646429356
0.0623565707
0.0580019814
0.0512914282
0.0432713167
0.0358061213
0.0304084309
0.0275309353
0.0263344948
0.0258822346
0.0264789817
0.0292593286
0.0342747738
0.0394774406
0.0418235153
0.0395899038
0.0344672707
0.0296585422
0.0270021572
0.0259182856
0.0243846465
0.0213786606
0.0176785742
0.0146125067
0.0126294548
0.0111283749
0.0097543394
0.0088773722
0.0096200690
0.0128875370
0.0181241473
0.0239029986
0.0290135499
0.0333376125
0.0375403322
0.0420400870
0.0462155128
0.0492461533
0.0505796502
0.0503014249
0.0495695958
0.0500846144
0.0522933667
0.0549182123
0.0566750318
0.0570127964
0.0558602705
0.0536761728
0.0504643567
0.0452313747
0.0374163090
0.0278369252
0.0183518017
0.0101557525
0.0035029382
-0.0016074487
-0.0052878462
-0.0069886079
-0.0058836316
-0.0013840630
0.0067736287
0.0181691053
0.0306935581
0.0408171437
0.0462158197
0.0475147728
0.0464572165
0.0436930707
0.0394012944
0.0342298636
0.0288628601
0.0242184854
0.0205463546
0.0172633095
0.0134456279
0.0076090037
-0.0010757362
-0.0122402463
-0.0239644339
-0.0336745451
-0.0407351322
-0.0467844441
-0.0530566023
-0.0584787734
-0.0599655517
-0.0556133835
-0.0468791410
-0.0367622289
-0.0279418351
-0.0212730106
-0.0167450718
-0.0139197840
-0.0118597811
-0.0103912977
-0.0105149868
-0.0134013076
-0.0190888993
-0.0265972079
-0.0346790684
-0.0421635646
-0.0475097259
-0.0492005952
-0.0468930540
-0.0413349586
-0.0327699360
-0.0213390734
-0.0082677351
0.0026593061
0.0077060978
0.0064817837
0.0006167040
-0.0082976344
-0.0188333883
-0.0296466992
-0.0404325251
-0.0511120600
-0.0612622883
-0.0702389506
-0.0784047050
-0.0868480368
-0.0971760646
-0.1106606318
-0.1265773772
-0.1423233136
-0.1554285136
-0.1649399387
-0.1709729847
-0.1745415935
-0.1754313416
-0.1705755103
-0.1605829623
-0.1487009103
-0.1344260318
-0.1137746820
-0.0880504517
-0.0641068429
-0.0463060494
-0.0340704987
-0.0251247791
-0.0169651628
-0.0078313657
0.0025828110
0.0121466168
0.0177277368
0.0183000953
0.0153532087
0.0106812979
0.0047303623
-0.0029973088
-0.0124426118
-0.0216174351
-0.0280126890
-0.0303357936
-0.0289563669
-0.0254374049
-0.0209008796
-0.0153415395
-0.0085283066
-0.0004064500
0.0083799221
0.0164653256
0.0232370208
0.0288256702
0.0336165301
0.0384613845
0.0444397335
0.0519875883
0.0604934944
0.0687668356
0.0758181201
0.0809476073
0.0824493215
0.0786758374
0.0698928314
0.0587036657
0.0483784682
0.0398290841
0.0318570985
0.0235073076
0.0155236460
0.0099692028
0.0082346236
0.0098605213
0.0137737012
0.0193955882
0.0260410948
0.0321732128
0.0358586701
0.0360661370
0.0331793900
0.0287445965
0.0241810739
0.0198738944
0.0156347554
0.0115179790
0.0083360962
0.0071151103
0.0080734582
0.0101646561
0.0122686144
0.0141014744
0.0157258922
0.0165501027
0.0156860049
0.0123856198
0.0064469774
-0.0016816079
-0.0107607417
-0.0197756476
-0.0282404320
-0.0367050425
-0.0458143213
-0.0546306094
-0.0617484921
-0.0668487893
-0.0703513115
-0.0720174921
-0.0705741236
-0.0649226272
-0.0546226981
-0.0397642251
-0.0232486184
-0.0074536558
0.0075843593
0.0224174889
0.0374913640
0.0515860559
0.0629068492
0.0707856144
0.0752617718
0.0770949421
0.0771790337
0.0767974500
0.0767605192
0.0763402316
0.0742326211
0.0702039295
0.0652011253
0.0606551303
0.0568893529
0.0528839860
0.0470308538
0.0380008925
0.0261501753
0.0129506296
-0.0001652541
-0.0122573101
-0.0223755965
-0.0297451641
-0.0348410795
-0.0387214684
-0.0418457487
-0.0437913822
-0.0438617655
-0.0418932506
-0.0382894161
-0.0330011028
-0.0243122821
-0.0113705117
0.0038811289
0.0182735106
0.0303020581
0.0407034529
0.0497772674
0.0567720816
0.0610435000
0.0628716916
0.0630861492
0.0625218895
0.0615487318
0.0601101374
0.0580390485
0.0548736090
0.0508770400
0.0463053674
0.0401753738
0.0316549069
0.0212383612
0.0097401707
-0.0023037475
-0.0150836995
-0.0291264120
-0.0438826349
-0.0574662979
-0.0673062805
-0.0721446525
-0.0727466954
-0.0703047985
-0.0651747316
-0.0572739715
-0.0473769389
-0.0373054144
-0.0284616380
-0.0210288380
-0.0144531384
-0.0081159235
-0.0012985395
0.0056317148
0.0116686005
0.0162195878
0.0191385904
0.0204652263
0.0200387596
0.0176779024
0.0133269209
0.0071556454
0.0000495092
-0.0072799040
-0.0148363998
-0.0222624036
-0.0285422207
-0.0328301369
-0.0350817262
-0.0351699439
-0.0333880607
-0.0302066280
-0.0256223281
-0.0185281350
-0.0081188220
0.0040094760
0.0154573821
0.0256032045
0.0353385705
0.0452940172
0.0551753636
0.0638734937
0.0703263159
0.0738906621
0.0740624259
0.0706212504
0.0644450167
0.0569262496
0.0488153628
0.0415242841
0.0360611584
0.0320951604
0.0290030401
0.0265191281
0.0240308342
0.0204837155
0.0148063096
0.0067868801
-0.0027748701
-0.0129722425
-0.0228799929
-0.0317260574
-0.0389524305
-0.0438434195
-0.0459733316
-0.0459322406
-0.0456805113
-0.0469459437
-0.0498371136
-0.0533336341
-0.0565238305
-0.0594437130
-0.0620102128
-0.0639667925
-0.0648281008
-0.0635404349
-0.0592384967
-0.0506363592
-0.0365362795
-0.0179215704
0.0035624366
0.0262132099
0.0465835245
0.0615717837
0.0706345496
0.0741530649
0.0717559077
0.0640899291
0.0528451797
0.0410520956
0.0309928371
0.0234605934
0.0184375847
0.0156662881
0.0153383477
0.0176306222
0.0224899864
0.0291227837
0.0366798764
0.0436236082
0.0487289182
0.0517766772
0.0522852167
0.0498490146
0.0457418579
0.0418432253
0.0389286967
0.0372439655
0.0367254686
0.0368299864
0.0369211027
0.0367922713
0.0365404056
0.0358539301
0.0342978598
0.0320522347
0.0301995351
0.0295485241
0.0299111343
0.0306265815
0.0316330281
0.0335179560
0.0360500416
0.0373131552
0.0355551082
0.0309241793
0.0243224849
0.0172798107
0.0106250868
0.0043027669
-0.0016869013
-0.0068559607
-0.0103137704
-0.0116790830
-0.0115173004
-0.0109022789
-0.0108434897
-0.0117841293
-0.0134748519
-0.0152884247
-0.0159868354
-0.0147104533
-0.0120415602
-0.0092584341
-0.0075181397
-0.0070402292
-0.0076984798
-0.0091458277
-0.0112947917
-0.0144429151
-0.0188762764
-0.0239674075
-0.0286073252
-0.0327104854
-0.0367783925
-0.0409060776
-0.0442243552
-0.0455137944
-0.0437279895
-0.0389037010
-0.0319799555
-0.0231530622
-0.0130195636
-0.0037044410
0.0036535461
0.0093640533
0.0147016077
0.0199436809
0.0235114883
0.0240601811
0.0213897432
0.0161088024
0.0088025081
0.0008300584
-0.0058770264
-0.0104412276
-0.0130205559
-0.0139507028
-0.0130681874
-0.0093841453
-0.0026243058
0.0059111097
0.0144996207
0.0226618934
0.0304154726
0.0362541667
0.0390150048
0.0380671496
0.0333568827
0.0252855626
0.0155165429
0.0055712241
-0.0040626522
-0.0133715038
-0.0220340024
-0.0290580714
-0.0332798123
-0.0350480349
-0.0355898565
-0.0356780061
-0.0349801410
-0.0330171913
-0.0299947144
-0.0268772541
-0.0245121617
-0.0230807318
-0.0224033611
-0.0222059435
-0.0223719444
-0.0229743862
-0.0235077338
-0.0231301876
-0.0215763475
-0.0192706545
-0.0168853064
-0.0149396729
-0.0140693757
-0.0147514250
-0.0164808345
-0.0185319781
-0.0203778815
-0.0212312069
-0.0203706624
-0.0179700714
-0.0150665094
-0.0121467634
-0.0094802198
-0.0071796590
-0.0055235551
-0.0047008586
-0.0044589127
-0.0044961095
-0.0044671275
-0.0041363126
-0.0033638828
-0.0022922949
-0.0013268077
-0.0009696959
-0.0015966181
-0.0031659251
-0.0058270829
-0.0096776237
-0.0146752071
-0.0196284634
-0.0222803506
-0.0219010346
-0.0194705171
-0.0156567502
-0.0108750360
-0.0058745200
-0.0009910506
0.0033654750
0.0071316046
0.0108157593
0.0145647286
0.0180967545
0.0208340837
0.0224091820
0.0227184762
0.0212410858
0.0172313438
0.0108737027
0.0031402192
-0.0055761277
-0.0143950176
-0.0224475655
-0.0305800958
-0.0391366751
-0.0467845123
-0.0518149720
-0.0539546027
-0.0545769013
-0.0549568822
-0.0550859864
-0.0545630224
-0.0532286730
-0.0511008069
-0.0483996105
-0.0453291065
-0.0413095197
-0.0360260349
-0.0299621860
-0.0239311928
-0.0175013271
-0.0100496866
-0.0021472890
0.0053553616
0.0115560589
0.0158186317
0.0168468718
0.0138943553
0.0072781069
-0.0011573948
-0.0088937676
-0.0146164044
-0.0181275505
-0.0202645112
-0.0218354323
-0.0230196409
-0.0235926029
-0.0233527645
-0.0223456768
-0.0209036827
-0.0191110748
-0.0166603187
-0.0137408352
-0.0103593456
-0.0062298464
-0.0013751273
0.0037754653
0.0085962210
0.0122505446
0.0145770491
0.0155095898
0.0151224785
0.0133682404
0.0103580055
0.0066560095
0.0025875827
-0.0010290453
-0.0035541195
-0.0050215662
-0.0056016860
-0.0058851321
-0.0065964497
-0.0080793780
-0.0099095407
-0.0113553063
-0.0120688371
-0.0120414784
-0.0114631660
-0.0105977587
-0.0095095462
-0.0077294327
-0.0049511898
-0.0015435742
0.0021105615
0.0055700237
0.0080320057
0.0093087868
0.0092303797
0.0077856268
0.0053569711
0.0022948095
-0.0008182938
-0.0036679228
-0.0059507481
-0.0075143273
-0.0090954682
-0.0111506459
-0.0134598716
-0.0153866203
-0.0161774465
-0.0156988471
-0.0148262754
-0.0143565865
-0.0142905510
-0.0141408502
-0.0132693287
-0.0116194925
-0.0094214648
-0.0070456955
-0.0047706076
-0.0024809197
-0.0001416542
0.0019525770
0.0039525386
0.0063449694
0.0090964128
0.0118488963
0.0144722551
0.0176080000
0.0219480353
0.0268861850
0.0316529325
0.0356630019
0.0381172090
0.0389958063
0.0391302642
0.0394212431
0.0397368425
0.0394164690
0.0381918548
0.0366944372
0.0356004617
0.0348870810
0.0343092153
0.0335716403
0.0323372767
0.0299255758
0.0254591712
0.0189546903
0.0116847914
0.0046720472
-0.0015058980
-0.0068428525
-0.0110659541
-0.0134370346
-0.0134041720
-0.0108351079
-0.0056464291
0.0010554052
0.0072296502
0.0115801747
0.0141916530
0.0157406713
0.0164868737
0.0163110451
0.0155889858
0.0150401771
0.0148877926
0.0149519354
0.0149789327
0.0148782137
0.0147397422
0.0145769604
0.0142594753
0.0138877023
0.0137329341
0.0138321971
0.0142345445
0.0150543083
0.0163252514
0.0177927697
0.0190400471
0.0201301147
0.0213746060
0.0231868625
0.0256566092
0.0287953788
0.0326031406
0.0365581038
0.0405129680
0.0443446956
0.0478320431
0.0506740061
0.0527455042
0.0542196312
0.0550712209
0.0549731481
0.0538188149
0.0518725676
0.0492059831
0.0455962833
0.0411128626
0.0357638027
0.0298800722
0.0241149975
0.0187685088
0.0137147961
0.0087400361
0.0039835427
0.0000282954
-0.0024882230
-0.0032760893
-0.0025728605
-0.0012024111
0.0001870546
0.0017128616
0.0035509652
0.0054663823
0.0069651230
0.0077197107
0.0078376606
0.0074830913
0.0066248554
0.0056273636
0.0051922866
0.0055514901
0.0068092466
0.0087873368
0.0112358014
0.0137108371
0.0153673911
0.0158481319
0.0156835531
0.0155588615
0.0152731136
0.0139807282
0.0115490479
0.0084603956
0.0051821042
0.0017275088
-0.0017130679
-0.0047357979
-0.0067309861
-0.0074240089
-0.0073528584
-0.0076075271
-0.0087496865
-0.0106534515
-0.0134779244
-0.0172013082
-0.0212682673
-0.0252387631
-0.0287738546
-0.0314865975
-0.0329356777
-0.0329290008
-0.0313989321
-0.0285304629
-0.0246188482
-0.0197247357
-0.0145888546
-0.0100229757
-0.0065574116
-0.0041389281
-0.0021586148
-0.0007510143
-0.0004774563
-0.0013082643
-0.0028130107
-0.0043598954
-0.0055727449
-0.0064620668
-0.0071170438
-0.0070455386
-0.0058670145
-0.0037257674
-0.0011726667
0.0009775502
0.0027006386
0.0046508060
0.0067193545
0.0084965762
0.0095919191
0.0098498036
0.0095541222
0.0089144871
0.0079684221
0.0064629909
0.0041654855
0.0010513087
-0.0025422735
-0.0058600785
-0.0081884823
-0.0092012136
-0.0091339505
-0.0086821302
-0.0084915089
-0.0087160772
-0.0089169252
-0.0086226557
-0.0078265064
-0.0066765516
-0.0049217850
-0.0020388579
0.0018547995
0.0062062045
0.0106813729
0.0153999160
0.0200529250
0.0237641860
0.0261981409
0.0274893908
0.0279622408
0.0279473321
0.0275762343
0.0264823372
0.0246612657
0.0224897170
0.0200876972
0.0171552999
0.0133982181
0.0087956982
0.0032419015
-0.0031939778
-0.0102143404
-0.0170129886
-0.0227475571
-0.0274817250
-0.0314054692
-0.0344457192
-0.0365498856
-0.0378033487
-0.0380319238
-0.0370835571
-0.0351461077
-0.0322511664
-0.0283142321
-0.0237891032
-0.0199011815
-0.0174140436
-0.0158940072
-0.0144054149
-0.0131287225
-0.0126492535
-0.0126667607
-0.0122799324
-0.0110763513
-0.0090761981
-0.0066268332
-0.0039555531
-0.0007899130
0.0030622449
0.0071697732
0.0111200373
0.0145268805
0.0166764379
0.0170475221
0.0160120151
0.0143017155
0.0123025444
0.0099891345
0.0075533825
0.0057788615
0.0050942649
0.0049765366
0.0047113718
0.0038476116
0.0025956577
0.0014507000
0.0004094083
-0.0012882835
-0.0038284028
-0.0066962923
-0.0099472660
-0.0133473982
-0.0166217409
-0.0194385889
-0.0214741213
-0.0225435138
-0.0227956353
-0.0223328210
-0.0211406499
-0.0193249936
-0.0170324940
-0.0144032938
-0.0117477851
-0.0095607821
-0.0081589650
-0.0072499911
-0.0063009048
-0.0054150135
-0.0049146444
-0.0045968080
-0.0043034592
-0.0041658913
-0.0044399700
-0.0050043489
-0.0052654183
-0.0049871555
-0.0045114581
-0.0042101365
-0.0038356151
-0.0030522568
-0.0017792664
-0.0002266342
0.0010319291
0.0015079969
0.0013483295
0.0011548260
0.0012630372
0.0015185199
0.0016536217
0.0016652431
0.0019663587
0.0028160801
0.0039212071
0.0049040153
0.0056639806
0.0060852060
0.0060844319
0.0057155404
0.0050681610
0.0044769212
0.0043050448
0.0045875497
0.0055007283
0.0071229772
0.0090640719
0.0109064937
0.0126781025
0.0147698153
0.0168153869
0.0181284781
0.0186827804
0.0188052554
0.0185561178
0.0181846790
0.0176522760
0.0169066908
0.0163048832
0.0161627629
0.0163047400
0.0163063665
0.0157603813
0.0143651184
0.0121000902
0.0092656429
0.0061225903
0.0027648732
-0.0005735701
-0.0037122466
-0.0065949118
-0.0093694378
-0.0122995162
-0.0154016893
-0.0180867937
-0.0199451608
-0.0211305800
-0.0219567274
-0.0223116548
-0.0218532497
-0.0207468821
-0.0193933001
-0.0179813825
-0.0163911675
-0.0146655260
-0.0129853745
-0.0112702804
-0.0094136524
-0.0074745321
-0.0056815594
-0.0045010984
-0.0042594389
-0.0047640160
-0.0057740533
-0.0071877101
-0.0090282188
-0.0112305568
-0.0134228045
-0.0151727527
-0.0163513655
-0.0170671571
-0.0174198339
-0.0174001716
-0.0169200138
-0.0159079679
-0.0143976570
-0.0127119199
-0.0114036744
-0.0108667019
-0.0110954100
-0.0117866869
-0.0127309854
-0.0135428925
-0.0139905082
-0.0141599021
-0.0138635558
-0.0131632662
-0.0122191109
-0.0109319872
-0.0089509404
-0.0062400935
-0.0034307817
-0.0008947483
0.0016359454
0.0045683478
0.0079579805
0.0115576309
0.0149688697
0.0181830149
0.0209595869
0.0225688811
0.0228295583
0.0222943591
0.0213361578
0.0199080868
0.0179900406
0.0159843972
0.0143649240
0.0131792184
0.0124019334
0.0118983146
0.0113661298
0.0105288656
0.0093600874
0.0078166343
0.0059829968
0.0040975267
0.0022948811
0.0005682125
-0.0009439453
-0.0018494498
-0.0018936668
-0.0012978681
-0.0008305331
-0.0008414800
-0.0012866804
-0.0020131144
-0.0031507897
-0.0049957897
-0.0076658320
-0.0104521568
-0.0126326535
-0.0139913198
-0.0147823131
-0.0152290764
-0.0150953857
-0.0140524482
-0.0122735760
-0.0102674791
-0.0084144351
-0.0072798187
-0.0072464037
-0.0082677965
-0.0098861751
-0.0113488307
-0.0124718359
-0.0132441115
-0.0137350859
-0.0139851681
-0.0138381680
-0.0132831769
-0.0123325254
-0.0107543990
-0.0085014389
-0.0062399640
-0.0042251339
-0.0019435192
0.0007541263
0.0034020770
0.0055298466
0.0067069828
0.0065856535
0.0051572143
0.0029119885
0.0006044279
-0.0014561428
-0.0033418744
-0.0051719423
-0.0070620330
-0.0090363756
-0.0110191956
-0.0129396084
-0.0149328904
-0.0171774958
-0.0194490679
-0.0212838341
-0.0223319037
-0.0223281151
-0.0213047786
-0.0195671474
-0.0174325056
-0.0152114976
-0.0129104764
-0.0106581199
-0.0089570035
-0.0083875128
-0.0089278646
-0.0102000660
-0.0120605405
-0.0144064447
-0.0168688223
-0.0189742469
-0.0206438784
-0.0220104254
-0.0234563956
-0.0252789062
-0.0270524109
-0.0284978390
-0.0296671321
-0.0304123388
-0.0304472338
-0.0295207800
-0.0274348096
-0.0242888312
-0.0204883464
-0.0165531990
-0.0124352973
-0.0078986458
-0.0037411194
-0.0009707332
0.0001796552
0.0000032953
-0.0011398771
-0.0027037983
-0.0046013093
-0.0067916405
-0.0088823781
-0.0106199581
-0.0118016945
-0.0122357416
-0.0121053553
-0.0116569279
-0.0112198424
-0.0108403525
-0.0105741510
-0.0102951380
-0.0099214281
-0.0096642836
-0.0094368100
-0.0085374626
-0.0067210936
-0.0045070080
-0.0023065090
-0.0001021068
0.0023317989
0.0048661945
0.0072716176
0.0093603432
0.0106359307
0.0107173762
0.0097034309
0.0080551088
0.0062761956
0.0050548687
0.0048400599
0.0055871114
0.0069019861
0.0084500666
0.0101070980
0.0113766532
0.0115274009
0.0101449018
0.0076413104
0.0045600000
0.0009500493
-0.0028619820
-0.0060921455
-0.0081447349
-0.0089370001
-0.0087306176
-0.0078102439
-0.0064476867
-0.0049496041
-0.0034923159
-0.0021485528
-0.0010955100
-0.0004919719
-0.0006330190
-0.0012344672
-0.0015013303
-0.0012706215
-0.0009656202
-0.0006557050
-0.0000228253
0.0007929520
0.0014690048
0.0022105982
0.0030991654
0.0039103461
0.0044210613
0.0048332978
0.0056166526
0.0068959742
0.0083982204
0.0096528600
0.0104828915
0.0110083380
0.0112046746
0.0107130932
0.0095573618
0.0080901469
0.0065939945
0.0052627551
0.0041121149
0.0031827510
0.0027649673
0.0030531571
0.0039081808
0.0051047917
0.0064234140
0.0076498628
0.0084534119
0.0087995482
0.0089022279
0.0090536577
0.0095742347
0.0102252628
0.0109577057
0.0121992542
0.0138476821
0.0154737469
0.0170439825
0.0182110761
0.0185460070
0.0182116524
0.0173794385
0.0160302009
0.0144497590
0.0128755814
0.0115087309
0.0106215642
0.0105083031
0.0112637160
0.0125895505
0.0139829379
0.0152730318
0.0165680702
0.0175818313
0.0182175143
0.0186637046
0.0191770932
0.0195448219
0.0195116968
0.0191832381
0.0188887435
0.0186027160
0.0179927379
0.0166899417
0.0146849326
0.0122203760
0.0095332698
0.0068133147
0.0041277704
0.0015147842
-0.0008296813
-0.0026123502
-0.0036387636
-0.0041124491
-0.0042266582
-0.0038782372
-0.0031308532
-0.0021946057
-0.0014870654
-0.0009707646
-0.0004963664
-0.0000056602
0.0005145156
0.0007469847
0.0004248360
-0.0002178161
-0.0007554378
-0.0011127717
-0.0014589312
-0.0024263351
-0.0040193822
-0.0056519670
-0.0069967955
-0.0080340177
-0.0089201852
-0.0096961846
-0.0102668414
-0.0101783474
-0.0093062361
-0.0080332368
-0.0067124082
-0.0055979622
-0.0048729839
-0.0044750286
-0.0042159097
-0.0039246035
-0.0035849190
-0.0035486396
-0.0040963571
-0.0048401929
-0.0053538237
-0.0059230415
-0.0067882271
-0.0078356623
-0.0090568017
-0.0104799452
-0.0117971250
-0.0129232879
-0.0141043559
-0.0152907265
-0.0159790605
-0.0159940306
-0.0157099639
-0.0150934419
-0.0137430927
-0.0116686483
-0.0094438210
-0.0076614365
-0.0068035177
-0.0069350567
-0.0079323029
-0.0096253137
-0.0116913114
-0.0140248235
-0.0165870335
-0.0189630278
-0.0206782925
-0.0217406126
-0.0225835682
-0.0235766746
-0.0247204709
-0.0258222315
-0.0267225610
-0.0271914452
-0.0271674453
-0.0267729921
-0.0257572566
-0.0238316844
-0.0213333684
-0.0187392916
-0.0163978477
-0.0144639141
-0.0127718514
-0.0112132065
-0.0100059869
-0.0094608542
-0.0093506826
-0.0093833542
-0.0092019740
-0.0087806838
-0.0088368302
-0.0096298524
-0.0108645127
-0.0120015809
-0.0126159340
-0.0128065076
-0.0128535219
-0.0129210816
-0.0129920037
-0.0128403352
-0.0123563685
-0.0116405086
-0.0111275190
-0.0108956600
-0.0105731075
-0.0098298889
-0.0087260720
-0.0074033952
-0.0059018378
-0.0044082327
-0.0031134514
-0.0022404217
-0.0019831637
-0.0022822124
-0.0032109667
-0.0047233547
-0.0066714809
-0.0085906968
-0.0100015777
-0.0107608917
-0.0109423946
-0.0107667365
-0.0101663271
-0.0090994750
-0.0079764971
-0.0070932485
-0.0064020569
-0.0059101618
-0.0058437069
-0.0063005604
-0.0066522244
-0.0064600140
-0.0062232172
-0.0062908622
-0.0063599360
-0.0057931325
-0.0043942174
-0.0028135420
-0.0017759092
-0.0010398135
-0.0000873275
0.0014130930
0.0033929684
0.0056339518
0.0081756401
0.0110467760
0.0139997972
0.0166718071
0.0190263114
0.0209487532
0.0223382463
0.0231486905
0.0233955878
0.0233966517
0.0236491687
0.0242942532
0.0247724911
0.0247502849
0.0244003396
0.0239483863
0.0234177872
0.0226610000
0.0215125900
0.0198554494
0.0181077894
0.0169118024
0.0164096499
0.0162830760
0.0159796266
0.0154452014
0.0152153885
0.0153441141
0.0153722674
0.0152404488
0.0151327836
0.0151597877
0.0155082735
0.0164755012
0.0180722533
0.0199940097
0.0219820709
0.0238172599
0.0252701833
0.0263794290
0.0271885637
0.0277441106
0.0280964532
0.0282334244
0.0282486877
0.0282535504
0.0282795281
0.0283078519
0.0283148869
0.0282936935
0.0282618744
0.0282409913
0.0281024037
0.0276978807
0.0272916458
0.0272059549
0.0273471204
0.0274888042
0.0277468762
0.0279463568
0.0276442305
0.0268088896
0.0257665046
0.0247815345
0.0236427272
0.0223319003
0.0212022011
0.0203794672
0.0199402504
0.0198770759
0.0199283595
0.0198556097
0.0195314477
0.0190009748
0.0184378814
0.0178312009
0.0171240434
0.0160242197
0.0142812484
0.0120811542
0.0098627515
0.0076112100
0.0052350690
0.0029273569
0.0010890327
-0.0002198304
-0.0011234315
-0.0013691315
-0.0008870160
0.0001646405
0.0015097145
0.0028222209
0.0038072162
0.0043678476
0.0047028262
0.0048996709
0.0048304300
0.0045713930
0.0041252674
0.0036723116
0.0032266743
0.0029078071
0.0028561279
0.0029415263
0.0029741850
0.0027822610
0.0022428612
0.0016785672
0.0010739368
0.0001280821
-0.0012302960
-0.0023838351
-0.0030516822
-0.0033786991
-0.0034968342
-0.0035382731
-0.0036043767
-0.0036911964
-0.0037475269
-0.0039510211
-0.0048232689
-0.0062580610
-0.0076708550
-0.0089587937
-0.0099106762
-0.0101894949
-0.0098283476
-0.0088290348
-0.0069117558
-0.0040583863
-0.0007116164
0.0027375287
0.0056632440
0.0078060905
0.0093294926
0.0102593155
0.0104816979
0.0101581975
0.0096919016
0.0091394475
0.0082444991
0.0071475329
0.0060352898
0.0047106898
0.0030706840
0.0013492707
-0.0003696594
-0.0021006881
-0.0033791417
-0.0037825412
-0.0036040698
-0.0029455617
-0.0019080715
-0.0009088703
-0.0001223473
0.0004984595
0.0008673585
0.0008026229
0.0001115410
-0.0009164385
-0.0016099783
-0.0019876302
-0.0023276598
-0.0025321665
-0.0025700374
-0.0025646989
-0.0026163822
-0.0029362268
-0.0034799409
-0.0038746021
-0.0041580004
-0.0046505025
-0.0052705914
-0.0055553981
-0.0057202463
-0.0061076782
-0.0064282017
-0.0065933159
-0.0068707296
-0.0072365282
-0.0075275923
-0.0078622914
-0.0084623564
-0.0093836167
-0.0104090027
-0.0113348665
-0.0119090323
-0.0119998008
-0.0120500683
-0.0124596859
-0.0129339511
-0.0129055898
-0.0123301111
-0.0116547899
-0.0111814863
-0.0107028699
-0.0099638456
-0.0093192420
-0.0091780321
-0.0093628973
-0.0094739760
-0.0094032040
-0.0094184367
-0.0096157826
-0.0097419644
-0.0095669235
-0.0092346797
-0.0089260948
-0.0085790515
-0.0081497920
-0.0077028378
-0.0074768441
-0.0078308201
-0.0086349966
-0.0094498363
-0.0100513745
-0.0106084253
-0.0113584709
-0.0119989210
-0.0122152268
-0.0124212343
-0.0128909300
-0.0135154246
-0.0140498600
-0.0144766302
-0.0148000215
-0.0146965472
-0.0139881008
-0.0128103780
-0.0112629351
-0.0095042913
-0.0078977115
-0.0065806681
-0.0053760060
-0.0043121889
-0.0037668004
-0.0037641508
-0.0039662060
-0.0044108448
-0.0051707794
-0.0058938208
-0.0063800212
-0.0068704534
-0.0073670135
-0.0079871671
-0.0088379896
-0.0096581115
-0.0103597139
-0.0109376308
-0.0114024229
-0.0118052579
-0.0120363497
-0.0120568781
-0.0119325309
-0.0115021905
-0.0108137133
-0.0099640365
-0.0088361175
-0.0074082238
-0.0058433795
-0.0046512596
-0.0038157106
-0.0031753648
-0.0028531176
-0.0028983023
-0.0034033912
-0.0042987226
-0.0052834233
-0.0060727185
-0.0063847816
-0.0062136043
-0.0055353606
-0.0041180177
-0.0019494636
0.0007349152
0.0037055083
0.0066768346
0.0095235853
0.0119371413
0.0137476587
0.0149677785
0.0156113421
0.0155847608
0.0148806792
0.0137351438
0.0125429864
0.0112430137
0.0097085187
0.0081094341
0.0065081433
0.0048930213
0.0032673456
0.0018286005
0.0007804123
-0.0000003488
-0.0005035701
-0.0006470872
-0.0005667953
-0.0002495474
0.0001614868
0.0004580822
0.0007327641
0.0010190535
0.0014354305
0.0019403575
0.0025320792
0.0035496796
0.0052003377
0.0073938232
0.0099166745
0.0124116657
0.0144827137
0.0160051371
0.0170607735
0.0175744895
0.0172756368
0.0160205709
0.0141200353
0.0120062049
0.0099011281
0.0081004726
0.0067860719
0.0060943927
0.0059865910
0.0060424032
0.0059454079
0.0057434755
0.0055754252
0.0052534866
0.0048031190
0.0044413544
0.0041053732
0.0036890924
0.0031742426
0.0024505171
0.0013383026
-0.0000988798
-0.0015750690
-0.0029172246
-0.0041029896
-0.0050111963
-0.0054196784
-0.0052696741
-0.0046568861
-0.0037898523
-0.0029076660
-0.0019575710
-0.0008582618
0.0001934892
0.0009930206
0.0016272542
0.0025451055
0.0038305580
0.0051662509
0.0063346710
0.0072575750
0.0079578305
0.0085869457
0.0091575378
0.0092079791
0.0086562446
0.0080215540
0.0074884348
0.0070496272
0.0065413980
0.0058342304
0.0051473286
0.0047464543
0.0046362554
0.0044956048
0.0043460301
0.0045865608
0.0053393514
0.0063123319
0.0075212053
0.0088470501
0.0103065753
0.0116575520
0.0123003244
0.0118060150
0.0104356931
0.0087911902
0.0068866682
0.0047984029
0.0026896555
0.0007338495
-0.0008888745
-0.0023415577
-0.0039830107
-0.0057976508
-0.0075533279
-0.0089714552
-0.0098935203
-0.0102334776
-0.0096967916
-0.0084176064
-0.0066288997
-0.0042233505
-0.0014244703
0.0013683407
0.0037718950
0.0056322263
0.0068946067
0.0071258178
0.0060584167
0.0041160569
0.0017218181
-0.0013298710
-0.0048722644
-0.0081996570
-0.0108680966
-0.0129644369
-0.0146119986
-0.0156225645
-0.0159088750
-0.0158605240
-0.0157725006
-0.0153013454
-0.0140633399
-0.0120575192
-0.0093779424
-0.0062336997
-0.0029149761
0.0005477861
0.0040003167
0.0069086629
0.0093168208
0.0114232923
0.0130624278
0.0138123438
0.0136384726
0.0124907480
0.0104278568
0.0077820531
0.0049083119
0.0022440554
-0.0002799744
-0.0026968865
-0.0045630827
-0.0055170862
-0.0054930250
-0.0045990314
-0.0030912217
-0.0014535597
-0.0000888519
0.0005383825
0.0000373248
-0.0013742015
-0.0031829818
-0.0050639565
-0.0070763483
-0.0090675775
-0.0106964692
-0.0118227446
-0.0122599359
-0.0119790917
-0.0110357377
-0.0093396442
-0.0073371517
-0.0056552816
-0.0045569821
-0.0038448222
-0.0032119692
-0.0024870240
-0.0020593417
-0.0023557121
-0.0033472848
-0.0046884836
-0.0059657523
-0.0071275808
-0.0083226743
-0.0094339319
-0.0101061194
-0.0100186722
-0.0092420318
-0.0079069083
-0.0060026182
-0.0037547425
-0.0016482297
0.0000976430
0.0015863160
0.0029355352
0.0039994267
0.0047180452
0.0051767879
0.0053286576
0.0050360726
0.0042329259
0.0032080241
0.0022945524
0.0017656961
0.0015383654
0.0012059129
0.0010576572
0.0015298058
0.0025678321
0.0039450160
0.0052633553
0.0065174970
0.0078471542
0.0092607666
0.0106230067
0.0115968089
0.0118840163
0.0116797275
0.0113268529
0.0108906302
0.0099242993
0.0085801802
0.0074524180
0.0066588569
0.0059067517
0.0049928503
0.0040194811
0.0030980489
0.0022021290
0.0012826450
0.0003311945
-0.0006201390
-0.0015074247
-0.0020934035
-0.0024656308
-0.0028369502
-0.0030520284
-0.0029300109
-0.0024721020
-0.0017795522
-0.0007927993
0.0003810694
0.0013686271
0.0019979036
0.0024062636
0.0028334767
0.0032759269
0.0035036202
0.0034909519
0.0034253973
0.0035047489
0.0038768391
0.0045685319
0.0056861970
0.0071179508
0.0086255883
0.0101445676
0.0114598889
0.0123718023
0.0127324995
0.0127052123
0.0125852061
0.0122062311
0.0113655672
0.0101954931
0.0092698236
0.0087006365
0.0080803669
0.0074637291
0.0070481882
0.0067371924
0.0066615611
0.0069779788
0.0073975743
0.0078378175
0.0085295718
0.0094113301
0.0100570250
0.0103881946
0.0104219711
0.0096768974
0.0080700004
0.0060821199
0.0039743526
0.0018000994
-0.0000288889
-0.0013731519
-0.0023255756
-0.0030048757
-0.0035989820
-0.0039624823
-0.0040304376
-0.0037882564
-0.0032949996
-0.0030026431
-0.0030803986
-0.0032589841
-0.0032943378
-0.0033881763
-0.0037937670
-0.0041470030
-0.0041673473
-0.0040152731
-0.0038178828
-0.0033508793
-0.0026488656
-0.0018928375
-0.0012344188
-0.0005296552
0.0003603647
0.0013007079
0.0019778246
0.0022218503
0.0018837746
0.0012850743
0.0004746649
-0.0006833182
-0.0018816253
-0.0028218001
-0.0036084585
-0.0044572623
-0.0053331963
-0.0058574186
-0.0056909779
-0.0049132838
-0.0038670386
-0.0026367941
-0.0013959750
-0.0006048671
-0.0004316162
-0.0005571289
-0.0006220902
-0.0008623570
-0.0017771099
-0.0033323065
-0.0049814641
-0.0062169394
-0.0070182685
-0.0077481709
-0.0084120140
-0.0086891208
-0.0085168012
-0.0080744573
-0.0077348751
-0.0076379515
-0.0074659081
-0.0071048495
-0.0066460010
-0.0061218435
-0.0056478613
-0.0050067019
-0.0040845242
-0.0030652464
-0.0022182356
-0.0016806125
-0.0012010710
-0.0004521074
0.0003898476
0.0007900201
0.0006888022
0.0004357764
0.0001519759
-0.0002032380
-0.0006221048
-0.0011382771
-0.0018373155
-0.0025177069
-0.0029297780
-0.0029994377
-0.0029143145
-0.0028581170
-0.0026976994
-0.0022994168
-0.0017695556
-0.0013946239
-0.0017107723
-0.0027727132
-0.0041594974
-0.0055120155
-0.0067520499
-0.0079663420
-0.0090038881
-0.0094767757
-0.0093841453
-0.0090417396
-0.0086575881
-0.0081228186
-0.0073077708
-0.0063492012
-0.0055706273
-0.0050817262
-0.0045332278
-0.0036874181
-0.0029237678
-0.0024235212
-0.0020646426
-0.0016050174
-0.0009327525
-0.0002815232
0.0002008693
0.0005911758
0.0009876180
0.0012977054
0.0013932858
0.0014796383
0.0017281352
0.0020636782
0.0023662321
0.0025813785
0.0027659968
0.0028571810
0.0028617525
0.0028667018
0.0031567412
0.0038537463
0.0045541109
0.0048531681
0.0047504099
0.0045946188
0.0045278467
0.0043299825
0.0039952459
0.0038125871
0.0038575450
0.0039544073
0.0040585431
0.0043425962
0.0048187949
0.0053271469
0.0057613339
0.0058654868
0.0053474537
0.0044897600
0.0035701092
0.0024835451
0.0010078651
-0.0006725022
-0.0024196552
-0.0040425603
-0.0050158442
-0.0052279386
-0.0048452603
-0.0040932199
-0.0032461307
-0.0024406174
-0.0015122502
-0.0001788502
0.0011892599
0.0021745755
0.0028629262
0.0036157594
0.0046000646
0.0057141116
0.0069020713
0.0080101405
0.0088452496
0.0092709626
0.0096212353
0.0099137623
0.0096915640
0.0091325183
0.0085577353
0.0082634487
0.0082780778
0.0081555379
0.0076891260
0.0071861994
0.0065861991
0.0055265150
0.0040708977
0.0026590575
0.0014535702
0.0004306985
-0.0001043302
-0.0000171769
0.0007398140
0.0018650549
0.0031734480
0.0048232689
0.0063274349
0.0074031292
0.0083216717
0.0092615065
0.0101083086
0.0106890080
0.0108874486
0.0105538135
0.0099777961
0.0094356335
0.0088117936
0.0083090546
0.0082080287
0.0083406725
0.0083936679
0.0082929558
0.0081731610
0.0080959747
0.0077490814
0.0069071250
0.0058300837
0.0048513574
0.0040791705
0.0036077424
0.0032298644
0.0028121272
0.0025525128
0.0023748998
0.0021816585
0.0021092561
0.0023056923
0.0026237428
0.0029030750
0.0032076265
0.0035046023
0.0039047775
0.0043438000
0.0045037275
0.0043793121
0.0040953375
0.0037015220
0.0032581422
0.0028414631
0.0025768748
0.0023723385
0.0020407733
0.0018804243
0.0021948581
0.0026778138
0.0031230728
0.0034632965
0.0037036703
0.0040261648
0.0043431486
0.0044531668
0.0043989574
0.0043038036
0.0040026867
0.0035288613
0.0030155576
0.0026469597
0.0027902316
0.0035337104
0.0045627758
0.0055106140
0.0062980540
0.0070596903
0.0077550149
0.0081256830
0.0080984674
0.0076908686
0.0069302246
0.0058704211
0.0046473619
0.0036187500
0.0029947758
0.0026087833
0.0021799978
0.0015104265
0.0006812503
0.0000289054
-0.0005040758
-0.0012421439
-0.0019979486
-0.0026473209
-0.0035467197
-0.0047663723
-0.0060369710
-0.0067933353
-0.0069368742
-0.0069412322
-0.0069115853
-0.0065049515
-0.0057178183
-0.0048497240
-0.0038596252
-0.0027571382
-0.0017397242
-0.0008428894
-0.0000107227
0.0005385493
0.0006355428
0.0005269122
0.0005146077
0.0006341894
0.0007443074
0.0007555671
0.0006811320
0.0004584099
0.0000076595
-0.0006832558
-0.0014107503
-0.0019039651
-0.0020908484
-0.0022429168
-0.0026930563
-0.0034407493
-0.0044844540
-0.0056225929
-0.0065833483
-0.0073099294
-0.0077404437
-0.0081414272
-0.0085356553
-0.0087100857
-0.0086464271
-0.0084065647
-0.0081708729
-0.0078849204
-0.0072915186
-0.0065500902
-0.0060239071
-0.0058950655
-0.0060036105
-0.0060625327
-0.0060216019
-0.0061147609
-0.0063132253
-0.0063641372
-0.0061145938
-0.0057805699
-0.0054792757
-0.0051554172
-0.0048173354
-0.0043573685
-0.0040127292
-0.0039139164
-0.0038597411
-0.0039174731
-0.0041044935
-0.0044314721
-0.0048059288
-0.0050426062
-0.0052136403
-0.0052660560
-0.0049953464
-0.0044012558
-0.0035695159
-0.0027054907
-0.0021619079
-0.0020363259
-0.0019674383
-0.0018641420
-0.0019476717
-0.0021788074
-0.0024534170
-0.0025947489
-0.0024827744
-0.0021634001
-0.0017971487
-0.0011595718
-0.0003061357
0.0003589465
0.0006403949
0.0006224271
0.0005527180
0.0005895683
0.0007943723
0.0011128562
0.0012789253
0.0011287010
0.0007850690
0.0005929258
0.0004563076
-0.0001188658
-0.0011592280
-0.0023638130
-0.0037251877
-0.0053087804
-0.0070677073
-0.0090453645
-0.0110522116
-0.0129344728
-0.0148154997
-0.0164526028
-0.0174074588
-0.0177901644
-0.0177131554
-0.0172066517
-0.0164975199
-0.0157072904
-0.0145922408
-0.0130246412
-0.0111098788
-0.0088948759
-0.0063988753
-0.0037993902
-0.0011585863
0.0011112924
0.0027669311
0.0039676246
0.0047690424
0.0050965019
0.0047823518
0.0038986054
0.0026880023
0.0011949278
-0.0005597086
-0.0024064624
-0.0040415850
-0.0052272020
-0.0060847184
-0.0069767171
-0.0081591457
-0.0093870711
-0.0102669847
-0.0105659908
-0.0104147486
-0.0100678894
-0.0096930849
-0.0092939599
-0.0086585771
-0.0077216715
-0.0067254073
-0.0059865262
-0.0053583727
-0.0046081771
-0.0040658918
-0.0039886543
-0.0040843128
-0.0039108542
-0.0035812839
-0.0032960302
-0.0027584599
-0.0018325599
-0.0007820286
0.0001626625
0.0010003423
0.0017944213
0.0024418604
0.0029120110
0.0032769056
0.0034729639
0.0035015026
0.0034952417
0.0035225255
0.0033783162
0.0029148499
0.0024555824
0.0021045233
0.0016323860
0.0008259704
-0.0001062016
-0.0009510047
-0.0017997901
-0.0025918214
-0.0033127820
-0.0039852000
-0.0045866734
-0.0049585623
-0.0051651631
-0.0052597440
-0.0052806987
-0.0051673626
-0.0047977618
-0.0042781976
-0.0037911004
-0.0035199441
-0.0036660746
-0.0043075614
-0.0053802242
-0.0064571768
-0.0071544894
-0.0076160215
-0.0079134215
-0.0078924873
-0.0074840222
-0.0065548438
-0.0051424352
-0.0038616405
-0.0030414480
-0.0025726222
-0.0023418152
-0.0022879038
-0.0024342826
-0.0028024140
-0.0032925679
-0.0039098176
-0.0046053809
-0.0053364393
-0.0061950571
-0.0071141589
-0.0077153629
-0.0079210430
-0.0079969198
-0.0080419869
-0.0079199245
-0.0076887373
-0.0074316372
-0.0073109456
-0.0075598241
-0.0081055331
-0.0086149387
-0.0087365306
-0.0083983022
-0.0079565006
-0.0074440463
-0.0066870545
-0.0057797481
-0.0050032338
-0.0043154045
-0.0036912066
-0.0032479250
-0.0030935173
-0.0031811967
-0.0034879511
-0.0038686413
-0.0041470644
-0.0045129755
-0.0049551113
-0.0054650763
-0.0057758197
-0.0057589605
-0.0056296210
-0.0056144225
-0.0056354420
-0.0054668495
-0.0051641571
-0.0047516273
-0.0042607006
-0.0038657769
-0.0037661593
-0.0039652717
-0.0043730104
-0.0048303379
-0.0052385063
-0.0056117626
-0.0060232012
-0.0065881838
-0.0072324464
-0.0077397549
-0.0081536317
-0.0083489282
-0.0083171568
-0.0081248168
-0.0078749563
-0.0076576445
-0.0074641826
-0.0073812061
-0.0074091821
-0.0075706032
-0.0078037444
-0.0077552126
-0.0073948394
-0.0070203418
-0.0066736053
-0.0061604759
-0.0054262564
-0.0044283485
-0.0030319650
-0.0014815391
-0.0000828216
0.0010640531
0.0022791240
0.0036549783
0.0048305971
0.0055860748
0.0061313507
0.0065469973
0.0065246786
0.0058398365
0.0044740056
0.0027948045
0.0011020710
-0.0008105485
-0.0025751405
-0.0038461760
-0.0046997913
-0.0051092759
-0.0051271923
-0.0047532198
-0.0036692664
-0.0020334311
-0.0002625047
0.0014825825
0.0032326600
0.0050039534
0.0065944855
0.0077366211
0.0083365873
0.0084996214
0.0085476586
0.0088258805
0.0092425126
0.0096003931
0.0095947392
0.0089244717
0.0077532382
0.0063443419
0.0047270307
0.0030696972
0.0016915540
0.0004866668
-0.0003364480
-0.0004919292
0.0000402821
0.0011717627
0.0026146649
0.0040902395
0.0053455032
0.0061825116
0.0066453395
0.0069441887
0.0071396251
0.0073355286
0.0076229610
0.0077248530
0.0074728168
0.0071075604
0.0068402677
0.0067940617
0.0068833161
0.0069342587
0.0068951251
0.0069364411
0.0073765718
0.0083205771
0.0093419085
0.0099362515
0.0101854403
0.0103445733
0.0103222342
0.0099754704
0.0093454925
0.0087523430
0.0083565837
0.0080157398
0.0078481363
0.0078556384
0.0078851386
0.0078317374
0.0074840632
0.0067805613
0.0059635221
0.0049253314
0.0036847173
0.0026372166
0.0020067919
0.0016372122
0.0012478144
0.0008807876
0.0007261183
0.0007268392
0.0005955560
0.0003203157
0.0001434714
0.0000126919
-0.0001977033
-0.0006182113
-0.0010888714
-0.0011875273
-0.0006088602
0.0004786764
0.0015474470
0.0023651863
0.0031001328
0.0039524567
0.0048926360
0.0055729291
0.0055604245
0.0049449699
0.0041320432
0.0035365578
0.0032255027
0.0029746753
0.0027558164
0.0026040986
0.0024322898
0.0024960156
0.0029536630
0.0035557291
0.0040364086
0.0044622034
0.0050172014
0.0055417954
0.0060425430
0.0064144285
0.0066645824
0.0067888613
0.0067367934
0.0064269161
0.0060035492
0.0058813605
0.0063767851
0.0074186892
0.0084355501
0.0089567511
0.0090533303
0.0089002740
0.0084713385
0.0077256919
0.0068129090
0.0059070484
0.0051438094
0.0047234911
0.0047973526
0.0054395112
0.0065381619
0.0076710289
0.0084754510
0.0088643287
0.0088623714
0.0082279331
0.0069466269
0.0054605580
0.0040054454
0.0026721620
0.0016563514
0.0009556441
0.0004623041
0.0001269888
-0.0000028245
0.0000220332
0.0001589687
0.0002107010
0.0001862379
0.0002597683
0.0003632646
0.0004214212
0.0005686599
0.0008469402
0.0012993726
0.0017808722
0.0021090768
0.0024179089
0.0028246096
0.0031631814
0.0032788030
0.0033963038
0.0036274695
0.0039894659
0.0045078196
0.0052471507
0.0061363635
0.0069000014
0.0075388625
0.0080776935
0.0083001919
0.0080855673
0.0077951920
0.0077001234
0.0074211308
0.0067062463
0.0055901907
0.0041464063
0.0027210545
0.0013762342
0.0002306000
-0.0006789847
-0.0014738300
-0.0020028744
-0.0019963132
-0.0017413392
-0.0016125010
-0.0014807476
-0.0010550639
-0.0001933192
0.0007540656
0.0013216432
0.0017214314
0.0021920110
0.0027427369
0.0031983737
0.0033497107
0.0032713302
0.0031008817
0.0027910343
0.0023505030
0.0018845552
0.0014500088
0.0010125451
0.0006350954
0.0003784754
0.0001847508
0.0000960111
0.0000783483
-0.0000669257
-0.0004812251
-0.0009127833
-0.0011426597
-0.0012586410
-0.0012977211
-0.0011713981
-0.0009022896
-0.0005010565
-0.0000423595
0.0004359998
0.0010310995
0.0014615678
0.0016355243
0.0015559097
0.0011538201
0.0004426725
-0.0004413385
-0.0011689630
-0.0015901973
-0.0018910547
-0.0021698969
-0.0024671690
-0.0027341078
-0.0028333124
-0.0027947489
-0.0027522853
-0.0028127931
-0.0030678325
-0.0033686252
-0.0036236912
-0.0037602941
-0.0037514143
-0.0037429131
-0.0039525590
-0.0042253249
-0.0043041139
-0.0042586410
-0.0043918202
-0.0046469254
-0.0047640194
-0.0047075457
-0.0045018383
-0.0040424068
-0.0035284999
-0.0029074218
-0.0020627756
-0.0012834081
-0.0011602337
-0.0016326032
-0.0023543785
-0.0029925702
-0.0036477320
-0.0045439831
-0.0054818741
-0.0061119442
-0.0063744390
-0.0064951203
-0.0067282785
-0.0068676606
-0.0066988226
-0.0064690540
-0.0062375701
-0.0058417086
-0.0055513674
-0.0055502489
-0.0056781493
-0.0058456404
-0.0060259770
-0.0060735130
-0.0060068058
-0.0059571624
-0.0059749526
-0.0059016571
-0.0056623949
-0.0052263324
-0.0045663973
-0.0039517543
-0.0033819346
-0.0026147345
-0.0016374093
-0.0006167443
0.0003541666
0.0011501873
0.0016434959
0.0018677280
0.0020664686
0.0023086573
0.0022795134
0.0018417404
0.0012314104
0.0005593253
-0.0002465354
-0.0011447746
-0.0019012835
-0.0023625609
-0.0025714938
-0.0027248151
-0.0027673257
-0.0026421979
-0.0023429572
-0.0018948996
-0.0014036254
-0.0009456629
-0.0005538682
-0.0003949684
-0.0006511345
-0.0012703855
-0.0022378406
-0.0033347502
-0.0042924311
-0.0051750249
-0.0062354184
-0.0076765396
-0.0090160688
-0.0097156934
-0.0099539155
-0.0101911590
-0.0104016404
-0.0103209827
-0.0099958829
-0.0094955923
-0.0090406518
-0.0085345913
-0.0079381716
-0.0072674914
-0.0065415856
-0.0059355597
-0.0055932836
-0.0055425865
-0.0057061765
-0.0060543042
-0.0065033454
-0.0069563455
-0.0074754767
-0.0081377307
-0.0087608408
-0.0091412958
-0.0091993926
-0.0091005696
-0.0088330621
-0.0081219149
-0.0071062749
-0.0062468454
-0.0057988307
-0.0056594964
-0.0056537607
-0.0056316125
-0.0056862789
-0.0060128995
-0.0065427620
-0.0070711582
-0.0075023342
-0.0078928726
-0.0083263844
-0.0086917465
-0.0088012771
-0.0087127217
-0.0084818380
-0.0080877804
-0.0075513672
-0.0066895064
-0.0054068941
-0.0040956205
-0.0031131182
-0.0023525834
-0.0015464669
-0.0007648714
-0.0003269817
-0.0001491089
-0.0000185380
0.0000813129
0.0001302539
0.0001440791
0.0001483848
0.0000701291
-0.0004244336
-0.0013027202
-0.0019194559
-0.0021171535
-0.0023236768
-0.0027591153
-0.0031337817
-0.0031406397
-0.0028034039
-0.0025347973
-0.0024995569
-0.0023610601
-0.0019143463
-0.0013312636
-0.0008815950
-0.0006889874
-0.0004931729
-0.0000594095
0.0005348146
0.0010173311
0.0013387759
0.0018219352
0.0024587575
0.0031174412
0.0036980369
0.0041382290
0.0046885450
0.0052075840
0.0053715661
0.0052659264
0.0051769550
0.0051090781
0.0049597183
0.0048491000
0.0046960164
0.0042893041
0.0037262925
0.0032117929
0.0027916403
0.0024083294
0.0021194344
0.0018623364
0.0014761185
0.0011095369
0.0008003624
0.0004629947
0.0001889459
-0.0000948000
-0.0004756961
-0.0007453533
-0.0007720198
-0.0007615271
-0.0009699093
-0.0012312519
-0.0013724068
-0.0015280104
-0.0016736622
-0.0017107706
-0.0016749519
-0.0016509656
-0.0015732167
-0.0013566159
-0.0011845452
-0.0010926071
-0.0009301776
-0.0006468686
-0.0002273836
0.0001377718
0.0004759007
0.0009024290
0.0013970420
0.0020219819
0.0024952609
0.0026894277
0.0026111168
0.0023944431
0.0022958356
0.0022344691
0.0020715482
0.0017906075
0.0014969541
0.0012323086
0.0010568838
0.0010872983
0.0013983504
0.0019277683
0.0026564744
0.0035602405
0.0046332614
0.0058521910
0.0070335694
0.0081680255
0.0090818008
0.0094882164
0.0095472510
0.0092549695
0.0083673117
0.0068764517
0.0049507908
0.0027592279
0.0005788287
-0.0012391219
-0.0025201256
-0.0032266890
-0.0031694838
-0.0023577094
-0.0013228142
-0.0004754076
0.0002286837
0.0009013880
0.0016139738
0.0025627167
0.0037277964
0.0049623611
0.0061028496
0.0070138184
0.0076343232
0.0078611354
0.0075844787
0.0068489292
0.0058700051
0.0047082209
0.0033557049
0.0022608008
0.0018158558
0.0015758516
0.0014624087
0.0018703541
0.0025660115
0.0032049537
0.0038726140
0.0045210710
0.0049256724
0.0051228888
0.0050520281
0.0048116509
0.0047131791
0.0046966915
0.0047189489
0.0048395655
0.0049215088
0.0048937715
0.0048717733
0.0050633733
0.0052891727
0.0050845088
0.0042497885
0.0030707011
0.0020182701
0.0012180826
0.0005250438
-0.0000792603
-0.0005179294
-0.0005837975
-0.0002081085
0.0004412638
0.0012413967
0.0020485758
0.0026633937
0.0031904164
0.0037163386
0.0042178705
0.0047543997
0.0053148708
0.0057800005
0.0060832589
0.0063923144
0.0067515862
0.0073472216
0.0081992478
0.0088368984
0.0092215750
0.0094431663
0.0094993570
0.0094881038
0.0094470572
0.0092689643
0.0089754722
0.0085555460
0.0079488826
0.0073396581
0.0068637561
0.0061417241
0.0050885497
0.0041273169
0.0032796869
0.0023323871
0.0015151696
0.0011740846
0.0012840983
0.0016345708
0.0020811247
0.0027297317
0.0036869509
0.0047435728
0.0056262587
0.0061916744
0.0065197136
0.0066611689
0.0065923236
0.0062626135
0.0056835849
0.0048238009
0.0037854568
0.0028085797
0.0020856024
0.0017677790
0.0016519992
0.0014790276
0.0014751858
0.0018428538
0.0024093964
0.0029582260
0.0036363459
0.0044946909
0.0051355776
0.0056421938
0.0061862046
0.0066710035
0.0068912410
0.0068570792
0.0066000405
0.0061377582
0.0056306781
0.0050548278
0.0046489714
0.0046029222
0.0047515421
0.0049662929
0.0051378964
0.0051454019
0.0051021899
0.0052725180
0.0054847352
0.0052999586
0.0046641222
0.0037266540
0.0025834439
0.0012894603
-0.0000703116
-0.0016140625
-0.0032505020
-0.0044634890
-0.0051242358
-0.0053381886
-0.0051514922
-0.0045522115
-0.0035618910
-0.0022932187
-0.0009708280
0.0001006880
0.0007650739
0.0012431028
0.0018556732
0.0024382699
0.0027911070
0.0028687683
0.0029307908
0.0031704734
0.0032486855
0.0028522947
0.0021812036
0.0016223564
0.0012568780
0.0008418046
0.0001876948
-0.0004158863
-0.0008979407
-0.0012611968
-0.0014718658
-0.0013865953
-0.0011917384
-0.0011512588
-0.0011593276
-0.0009973926
-0.0007986062
-0.0006150525
-0.0004078124
-0.0003061733
-0.0003348325
-0.0003638133
-0.0001379000
0.0003547385
0.0007824181
0.0011786898
0.0014865750
0.0016767053
0.0020456077
0.0024205231
0.0027109451
0.0031134814
0.0035260105
0.0039339948
0.0043678067
0.0046897146
0.0047213223
0.0044374602
0.0039541038
0.0034216360
0.0026865056
0.0015787181
0.0006087835
0.0003217140
0.0004632542
0.0003778746
-0.0000488299
-0.0006297549
-0.0011749811
-0.0016210442
-0.0020381656
-0.0023815882
-0.0025113072
-0.0026304947
-0.0028881731
-0.0030842195
-0.0030601661
-0.0027963878
-0.0025104629
-0.0022957418
-0.0020614913
-0.0015477699
-0.0009223884
-0.0005566242
-0.0003222508
0.0000660328
0.0005194585
0.0009735114
0.0014362407
0.0016818811
0.0019772667
0.0025795565
0.0032884203
0.0038486482
0.0041958894
0.0043245571
0.0042624636
0.0040446677
0.0037910254
0.0033782889
0.0026085790
0.0015534654
0.0004704760
-0.0004792425
-0.0016650436
-0.0031880222
-0.0046575033
-0.0060726503
-0.0074780206
-0.0086109047
-0.0092745500
-0.0096173205
-0.0097798022
-0.0097702268
-0.0094777680
-0.0089806555
-0.0084479490
-0.0078323887
-0.0071250199
-0.0064795671
-0.0058437069
-0.0053274879
-0.0050292184
-0.0048254650
-0.0045995019
-0.0045500359
-0.0046947581
-0.0047941608
-0.0047497211
-0.0045669429
-0.0042848983
-0.0040192526
-0.0036840148
-0.0033190817
-0.0029104267
-0.0023117659
-0.0018149283
-0.0015795962
-0.0015301093
-0.0017375046
-0.0022432104
-0.0030182205
-0.0037911447
-0.0044498147
-0.0050728533
-0.0059067483
-0.0068446530
-0.0075539145
-0.0080001730
-0.0083798539
-0.0087406977
-0.0090463500
-0.0092586387
-0.0093108601
-0.0092327428
-0.0090095522
-0.0087028871
-0.0081005339
-0.0072757744
-0.0067539766
-0.0065187076
-0.0063058085
-0.0061325613
-0.0060663758
-0.0060561763
-0.0060507782
-0.0060344817
-0.0060205516
-0.0060186556
-0.0060292847
-0.0060452813
-0.0060982256
-0.0063062722
-0.0065824788
-0.0068506001
-0.0069802158
-0.0068662420
-0.0064488699
-0.0058031205
-0.0051708408
-0.0047552829
-0.0042140274
-0.0033807530
-0.0026033658
-0.0022477598
-0.0021687965
-0.0019056647
-0.0015915634
-0.0014990210
-0.0015988523
-0.0018117869
-0.0020845726
-0.0024720536
-0.0029233941
-0.0032089258
-0.0031702266
-0.0028463913
-0.0025388921
-0.0023632323
-0.0022615244
-0.0020203877
-0.0015692013
-0.0011880190
-0.0009037330
-0.0006043972
-0.0004792282
-0.0007082613
-0.0010707681
-0.0013224251
-0.0013480216
-0.0013494439
-0.0015596396
-0.0018929920
-0.0022009699
-0.0023177045
-0.0023890068
-0.0025848823
-0.0027370940
-0.0027352890
-0.0026716965
-0.0026322665
-0.0025328839
-0.0024572891
-0.0022472073
-0.0017448134
-0.0014403488
-0.0014306234
-0.0014479726
-0.0013987859
-0.0013300288
-0.0012952471
-0.0013500185
-0.0016599719
-0.0021952745
-0.0026092109
-0.0026435500
-0.0027047374
-0.0026969905
-0.0024206121
-0.0021734795
-0.0020818565
-0.0019625261
-0.0018358175
-0.0017912759
-0.0018087530
-0.0018208045
-0.0017959453
-0.0016359209
-0.0013489481
-0.0009521509
-0.0004735358
-0.0000925934
0.0002596342
0.0006943810
0.0011683912
0.0015260875
0.0019338896
0.0023407015
0.0024790387
0.0023969341
0.0023262685
0.0023707259
0.0023994698
0.0022012802
0.0020198636
0.0022018139
0.0026468376
0.0032012760
0.0036623065
0.0042735122
0.0051053476
0.0059028370
0.0065769852
0.0071191444
0.0074724042
0.0075524550
0.0073568447
0.0068128885
0.0059596346
0.0052560032
0.0048897783
0.0046049580
0.0044344184
0.0043972592
0.0044132966
0.0045433113
0.0049064398
0.0054146690
0.0059040135
0.0061943103
0.0062068354
0.0061157771
0.0061002614
0.0060388022
0.0057003317
0.0050996085
0.0043124685
0.0033868324
0.0022941459
0.0011739229
0.0003786418
-0.0000406542
-0.0003624960
-0.0006395237
-0.0006239036
-0.0003624380
-0.0000477475
0.0002941124
0.0005592438
0.0007580741
0.0009593546
0.0012370506
0.0016706494
0.0021751276
0.0024892814
0.0024879491
0.0023556153
0.0023147940
0.0023522322
0.0021871466
0.0017147443
0.0011870751
0.0009993220
0.0012856850
0.0017198318
0.0022575299
0.0030445160
0.0039938785
0.0049398719
0.0057965323
0.0064482493
0.0068650758
0.0070849553
0.0073011383
0.0074874766
0.0073858267
0.0070679801
0.0067394839
0.0065503698
0.0063366011
0.0059207874
0.0054373799
0.0052121637
0.0052117238
0.0050216413
0.0045609037
0.0042357937
0.0043158785
0.0047655437
0.0052547824
0.0053943929
0.0052269496
0.0050828174
0.0050674449
0.0049014884
0.0043556123
0.0034077401
0.0024341533
0.0018365053
0.0014439461
0.0008699481
0.0001797575
-0.0003054395
-0.0004007761
-0.0002879787
-0.0002397482
-0.0003203560
-0.0004192657
-0.0004435540
-0.0004062734
-0.0003705259
-0.0003592435
-0.0001729659
0.0003279025
0.0009223372
0.0016514710
0.0024721282
0.0030870976
0.0036025319
0.0043632918
0.0052616195
0.0059231370
0.0062995954
0.0065084945
0.0067038047
0.0068536965
0.0068847517
0.0067391838
0.0062073946
0.0054173152
0.0046443099
0.0040142740
0.0034305635
0.0029008677
0.0024178070
0.0019431360
0.0015862952
0.0014936212
0.0015373734
0.0014103173
0.0010975411
0.0007626654
0.0005537359
0.0005248058
0.0004348734
0.0002074771
0.0000553070
0.0000394129
-0.0000930434
-0.0005252457
-0.0011233152
-0.0017956042
-0.0024242219
-0.0027789219
-0.0030775355
-0.0034663791
-0.0036930071
-0.0036859245
-0.0036158822
-0.0035759677
-0.0034158082
-0.0032468853
-0.0033461834
-0.0034767457
-0.0035156645
-0.0034257894
-0.0033864270
-0.0033534798
-0.0032568883
-0.0031528207
-0.0029567293
-0.0027115974
-0.0024495122
-0.0022723748
-0.0022581809
-0.0023659337
-0.0026061695
-0.0027943748
-0.0028558112
-0.0030624607
-0.0035377070
-0.0040374793
-0.0042877048
-0.0044168874
-0.0045775174
-0.0048457411
-0.0050572285
-0.0050244545
-0.0047382941
-0.0044435982
-0.0042233846
-0.0040094726
-0.0035861705
-0.0030763914
-0.0024779175
-0.0018598914
-0.0014173822
-0.0012251667
-0.0011799072
-0.0012918698
-0.0014982159
-0.0018228225
-0.0021645333
-0.0022931730
-0.0022218516
-0.0021392727
-0.0019656208
-0.0015451984
-0.0012257164
-0.0011357080
-0.0010381054
-0.0010100421
-0.0012991093
-0.0018655933
-0.0025336420
-0.0030826696
-0.0034765752
-0.0038703600
-0.0040868022
-0.0040685346
-0.0037531807
-0.0032494033
-0.0027740370
-0.0023705073
-0.0021021537
-0.0017746219
-0.0012898170
-0.0007533062
-0.0003812526
-0.0001822390
0.0001104438
0.0004626987
0.0006171494
0.0005658589
0.0004868865
0.0003692271
0.0000446296
-0.0004600678
-0.0009790503
-0.0014189440
-0.0016910261
-0.0017230870
-0.0015192858
-0.0011080839
-0.0006193308
-0.0000593067
0.0004659481
0.0008872704
0.0012861566
0.0014772710
0.0014050508
0.0009699833
0.0001327044
-0.0008643856
-0.0017623765
-0.0023930361
-0.0027961668
-0.0032044439
-0.0037058152
-0.0041022803
-0.0043455971
-0.0045065613
-0.0045667042
-0.0045601160
-0.0045569719
-0.0045815822
-0.0045848115
-0.0044193801
-0.0041580004
-0.0040482346
-0.0040895847
-0.0040086815
-0.0037696410
-0.0036178089
-0.0036301907
-0.0036902688
-0.0036992611
-0.0036299520
-0.0034016535
-0.0031272767
-0.0028951211
-0.0026933721
-0.0024658923
-0.0022846598
-0.0022834145
-0.0025599436
-0.0030054441
-0.0033076509
-0.0035123738
-0.0038130986
-0.0040723913
-0.0041297107
-0.0040679378
-0.0040015068
-0.0038093577
-0.0034332063
-0.0031514400
-0.0031343611
-0.0032369433
-0.0032699116
-0.0031651869
-0.0028476421
-0.0024029180
-0.0020703244
-0.0016254831
-0.0008010372
0.0002517017
0.0012471253
0.0020313851
0.0024271549
0.0025940806
0.0027350663
0.0028043100
0.0025771831
0.0020664243
0.0015806587
0.0013086909
0.0009838206
0.0006775102
0.0005923157
0.0007864532
0.0014088567
0.0022460906
0.0027848929
0.0032342746
0.0040039654
0.0049962296
0.0056967306
0.0058118298
0.0056211573
0.0054766943
0.0053006782
0.0048729498
0.0041432520
0.0033707919
0.0026494596
0.0020374922
0.0014747964
0.0008986558
0.0003913381
-0.0000872996
-0.0004414933
-0.0006834781
-0.0008786109
-0.0011098895
-0.0012660681
-0.0012804063
-0.0012359096
-0.0012263319
-0.0012593588
-0.0012858350
-0.0011881827
-0.0008287414
-0.0001992907
0.0004714038
0.0009276988
0.0014725495
0.0022612322
0.0029827063
0.0033727493
0.0036516160
0.0040697042
0.0043553020
0.0043713292
0.0042938394
0.0042827602
0.0040845140
0.0036079504
0.0033120181
0.0032417297
0.0031392487
0.0030206451
0.0029776223
0.0031205433
0.0033948522
0.0035180106
0.0033166210
0.0029579341
0.0028071979
0.0027819957
0.0026911944
0.0028673337
0.0033871922
0.0040335373
0.0047672487
0.0053312321
0.0057167544
0.0060438695
0.0061811817
0.0059887121
0.0054971307
0.0047869349
0.0039223802
0.0030325369
0.0023241737
0.0018676438
0.0015410579
0.0014369848
0.0016143619
0.0020514764
0.0025067804
0.0027819592
0.0030405706
0.0032915927
0.0033947563
0.0034139259
0.0035568953
0.0036145796
0.0034804933
0.0032775631
0.0028823334
0.0024516404
0.0021201546
0.0018073024
0.0015580369
0.0012919820
0.0008675061
0.0003278348
-0.0001929584
-0.0006434769
-0.0010288396
-0.0012359963
-0.0012399239
-0.0011081020
-0.0006121901
0.0002358438
0.0008877560
0.0013375715
0.0017901676
0.0022185009
0.0024247184
0.0022823246
0.0017788388
0.0013327231
0.0010821212
0.0008629759
0.0007040928
0.0006011948
0.0004499305
0.0004617497
0.0006166406
0.0006986865
0.0006549306
0.0005931590
0.0006875620
0.0009746660
0.0011808746
0.0011687564
0.0011573576
0.0013545020
0.0015749302
0.0017244452
0.0019943347
0.0023540869
0.0025285859
0.0024851560
0.0025132537
0.0027837386
0.0030345069
0.0030562923
0.0028242321
0.0023602758
0.0018327427
0.0013976831
0.0011595210
0.0010212298
0.0008208765
0.0006733561
0.0007697375
0.0009272599
0.0008132755
0.0005917401
0.0003826381
0.0000516111
-0.0004314296
-0.0010654379
-0.0017648419
-0.0022081838
-0.0023673953
-0.0024526811
-0.0025555174
-0.0027897279
-0.0031012626
-0.0034109455
-0.0037939819
-0.0042636128
-0.0047534892
-0.0052187996
-0.0056452663
-0.0059116895
-0.0059455546
-0.0058852344
-0.0058833247
-0.0058872156
-0.0055536282
-0.0049986098
-0.0044294738
-0.0040317368
-0.0037858387
-0.0034418439
-0.0029522407
-0.0026180787
-0.0026039168
-0.0027338230
-0.0027806088
-0.0027091776
-0.0026694091
-0.0028652000
-0.0031811039
-0.0035158009
-0.0038628681
-0.0040233515
-0.0038541930
-0.0036543134
-0.0033805399
-0.0029965003
-0.0024211778
-0.0017842652
-0.0012105144
-0.0005217384
0.0002678264
0.0007582037
0.0009353673
0.0009784177
0.0010088121
0.0010671457
0.0011269012
0.0011513341
0.0010741915
0.0007539214
0.0002338163
-0.0002268563
-0.0003616892
-0.0002444288
-0.0001496270
-0.0001997120
-0.0003073374
-0.0003555231
-0.0003287547
-0.0002864381
-0.0002748894
-0.0002902929
-0.0003037191
-0.0002351181
0.0000703929
0.0005120099
0.0007502051
0.0007908020
0.0009107639
0.0010741178
0.0010419963
0.0006655907
0.0001076162
-0.0003010453
-0.0004485105
-0.0005539081
-0.0006637074
-0.0006281819
-0.0003941398
-0.0002187886
-0.0002420613
-0.0003374551
-0.0002692239
-0.0000701324
-0.0000890034
-0.0002738543
-0.0003684618
-0.0002206722
0.0001166987
0.0004199845
0.0006125349
0.0006599464
0.0007219567
0.0010472075
0.0015021957
0.0017194611
0.0016376102
0.0014940075
0.0014803878
0.0015784477
0.0017930198
0.0021974143
0.0027072254
0.0031951922
0.0037534842
0.0045609992
0.0054259767
0.0060131416
0.0063519941
0.0065868471
0.0068298330
0.0071104965
0.0071256098
0.0067144440
0.0061251478
0.0056302587
0.0052561123
0.0048836062
0.0045622438
0.0044590048
0.0046375000
0.0049400049
0.0051747862
0.0053383046
0.0055087862
0.0057387935
0.0058713657
0.0058620290
0.0058162594
0.0058192262
0.0058848831
0.0060862188
0.0063569795
0.0066261341
0.0069708450
0.0072619978
0.0072992218
0.0070459580
0.0067293391
0.0064581112
0.0059722075
0.0052546051
0.0044843858
0.0037927781
0.0031258807
0.0023192943
0.0015444291
0.0011503299
0.0010070392
0.0007237551
0.0003806006
0.0003752925
0.0006580883
0.0008785618
0.0011553713
0.0015270386
0.0016991372
0.0016672281
0.0017309792
0.0018306151
0.0017690015
0.0016345118
0.0014146896
0.0010378943
0.0006964257
0.0004784070
0.0003146761
0.0000970185
-0.0001709808
-0.0004473934
-0.0006864980
-0.0008991516
-0.0011047738
-0.0013151014
-0.0013902267
-0.0013890853
-0.0014984750
-0.0016250244
-0.0016564633
-0.0015764245
-0.0013386917
-0.0011119962
-0.0010797499
-0.0011719639
-0.0012668425
-0.0014816809
-0.0018678705
-0.0021837465
-0.0024284142
-0.0028339156
-0.0035400940
-0.0043374164
-0.0050720826
-0.0056537675
-0.0060904166
-0.0065222268
-0.0069765023
-0.0072506526
-0.0072661035
-0.0071498143
-0.0069373959
-0.0066843538
-0.0062641889
-0.0058323855
-0.0055131715
-0.0052051186
-0.0049838614
-0.0049407517
-0.0050266404
-0.0052430212
-0.0054720941
-0.0056782312
-0.0058106363
-0.0058229909
-0.0057868512
-0.0057859203
-0.0058240957
-0.0057763278
-0.0053751194
-0.0048589243
-0.0044866364
-0.0042040087
-0.0040042382
-0.0037766350
-0.0035145494
-0.0032241117
-0.0030205424
-0.0030548396
-0.0033443781
-0.0036260339
-0.0038229536
-0.0039936228
-0.0042901464
-0.0046922551
-0.0049215224
-0.0049627328
-0.0051108377
-0.0053835456
-0.0056987187
-0.0059374012
-0.0061460957
-0.0062774574
-0.0062173656
-0.0059320474
-0.0057017025
-0.0055879196
-0.0052590927
-0.0047620689
-0.0041989755
-0.0038755432
-0.0037762735
-0.0035090285
-0.0032585541
-0.0030922556
-0.0029932924
-0.0029070600
-0.0026862983
-0.0024071980
-0.0021975275
-0.0022233145
-0.0022251665
-0.0020927833
-0.0019771651
-0.0019008736
-0.0017053790
-0.0014947666
-0.0013800098
-0.0012211418
-0.0009901261
-0.0007135966
-0.0005429619
-0.0005387024
-0.0006715576
-0.0009238506
-0.0010842006
-0.0011418757
-0.0012774467
-0.0014230507
-0.0014652796
-0.0014377848
-0.0015180207
-0.0017851214
-0.0019834525
-0.0019666178
-0.0018694521
-0.0019299660
-0.0022179737
-0.0024454583
-0.0024409584
-0.0023272584
-0.0023679730
-0.0025667750
-0.0025545350
-0.0022600352
-0.0018932576
-0.0017489412
-0.0017413048
-0.0016063077
-0.0014281995
-0.0013577654
-0.0012940928
-0.0009828041
-0.0004441245
0.0000094572
0.0002071857
0.0004146959
0.0006554138
0.0006395796
0.0005752591
0.0006503318
0.0006312901
0.0004016695
0.0000693248
-0.0002094048
-0.0005338131
-0.0008528273
-0.0010891193
-0.0013963129
-0.0017298365
-0.0020003363
-0.0022177504
-0.0021704084
-0.0018787206
-0.0016914251
-0.0014739933
-0.0008130996
-0.0000458458
0.0001976240
-0.0000198493
-0.0003388901
-0.0006628480
-0.0010287926
-0.0014444074
-0.0017609350
-0.0019461869
-0.0021279009
-0.0022387262
-0.0021224080
-0.0018241930
-0.0014124567
-0.0009393462
-0.0004729694
0.0002358369
0.0010739961
0.0016852683
0.0020594784
0.0024225878
0.0027830068
0.0030735242
0.0033127261
0.0032850526
0.0030007748
0.0028356680
0.0029279400
0.0032065783
0.0034821131
0.0034346112
0.0030902611
0.0028570599
0.0029103193
0.0030668515
0.0031263734
0.0030799215
0.0030155109
0.0029022713
0.0026791509
0.0025214061
0.0024469318
0.0023837318
0.0023800725
0.0023716101
0.0023701155
0.0022536247
0.0021123504
0.0020805958
0.0021338518
0.0021738038
0.0021606721
0.0021268605
0.0021076135
0.0020199151
0.0018862142
0.0019573074
0.0020300235
0.0017329768
0.0011411439
0.0005701709
0.0002528524
0.0002446817
0.0003502345
0.0003614535
0.0003661311
0.0006358640
0.0011552512
0.0017013749
0.0022069399
0.0027226470
0.0031641359
0.0036232683
0.0039812818
0.0042959503
0.0046507174
0.0048770589
0.0048792140
0.0047967831
0.0047162686
0.0044733986
0.0040094931
0.0034795146
0.0030234212
0.0026212920
0.0021893345
0.0017035914
0.0012646508
0.0010154245
0.0007785289
0.0004148036
0.0000848089
-0.0002347513
-0.0005931601
-0.0008007760
-0.0008495236
-0.0010582761
-0.0015590258
-0.0021545262
-0.0026438736
-0.0030406624
-0.0034439342
-0.0039048867
-0.0043962498
-0.0048764519
-0.0052686067
-0.0054301745
-0.0053833921
-0.0053184070
-0.0052651285
-0.0049260066
-0.0044082327
-0.0038591682
-0.0034333802
-0.0029704878
-0.0023697820
-0.0018276010
-0.0015611843
-0.0014252877
-0.0012903353
-0.0011583984
-0.0009239754
-0.0007267297
-0.0008606495
-0.0011637197
-0.0013101906
-0.0014011153
-0.0016912665
-0.0020437220
-0.0023557514
-0.0028575639
-0.0034387373
-0.0039276623
-0.0041373560
-0.0040793614
-0.0038123177
-0.0034659733
-0.0033093460
-0.0031129464
-0.0028749282
-0.0027416167
-0.0026149507
-0.0023981307
-0.0019987831
-0.0016149713
-0.0015032184
-0.0013459698
-0.0007717088
-0.0000435229
0.0004877748
0.0005736925
0.0002658427
-0.0000730934
-0.0002426778
-0.0003309973
-0.0004930948
-0.0006195248
-0.0006498554
-0.0006352847
-0.0006196312
-0.0004322596
-0.0000542163
0.0001378880
0.0001859072
0.0002144876
0.0003387563
0.0005134742
0.0004562844
0.0001716655
-0.0001531241
-0.0002703174
-0.0001909114
-0.0001099931
-0.0001194186
-0.0001124145
0.0000852046
0.0003064814
0.0003560534
0.0002940691
0.0002584611
0.0002884337
0.0003333638
0.0002802227
-0.0000357017
-0.0005006664
-0.0007986966
-0.0010047692
-0.0012954988
-0.0015196244
-0.0015511223
-0.0014905405
-0.0014327990
-0.0012288492
-0.0008291561
-0.0005396722
-0.0005010160
-0.0004190662
-0.0002161340
-0.0000736286
-0.0001182629
-0.0003900911
-0.0006437726
-0.0006951558
-0.0008061162
-0.0011639291
-0.0014862047
-0.0014094699
-0.0011940101
-0.0011027612
-0.0010617656
-0.0010505023
-0.0010838757
-0.0012575696
-0.0014677795
-0.0013758792
-0.0010530625
-0.0008591133
-0.0007685900
-0.0006624231
-0.0006010359
-0.0005673522
-0.0004136978
-0.0003134380
-0.0004348410
-0.0006110161
-0.0007967784
-0.0009882560
-0.0012061298
-0.0014107913
-0.0014783599
-0.0014373531
-0.0013817681
-0.0012444501
-0.0010183152
-0.0007293070
-0.0003333233
0.0001154404
0.0004250494
0.0006331200
0.0009588830
0.0013080944
0.0016086112
0.0019631519
0.0022585942
0.0023260455
0.0022531364
0.0022232787
0.0022533239
0.0021205028
0.0016866394
0.0011159065
0.0006482172
0.0004561176
0.0005075319
0.0005829467
0.0005633464
0.0006486919
0.0010109792
0.0013798704
0.0014812199
0.0015286065
0.0016995059
0.0018482120
0.0018714743
0.0018038521
0.0016123356
0.0013842761
0.0013133251
0.0013861943
0.0014807663
0.0016265122
0.0018346595
0.0020787448
0.0023143037
0.0025274613
0.0027258227
0.0028063427
0.0027814119
0.0027610515
0.0029096919
0.0030777663
0.0029720216
0.0027563334
0.0024190874
0.0018220525
0.0012088155
0.0007582746
0.0002522373
-0.0005761215
-0.0014794033
-0.0020738534
-0.0024066292
-0.0026275941
-0.0028526886
-0.0030126857
-0.0030406286
-0.0030182642
-0.0028765671
-0.0026263327
-0.0021061366
-0.0014683023
-0.0009748641
-0.0006012187
-0.0002212588
0.0001282293
0.0002544797
0.0003342827
0.0002977184
0.0002120525
0.0002125068
0.0002678274
0.0004350961
0.0005628990
0.0005700969
0.0006318201
0.0009618995
0.0014015292
0.0015884145
0.0014950350
0.0013779778
0.0014912430
0.0018343969
0.0020655831
0.0019429907
0.0015821711
0.0013751362
0.0014456702
0.0015263623
0.0013254826
0.0010399455
0.0009544581
0.0011141626
0.0014468037
0.0017286259
0.0019912619
0.0023130805
0.0025803964
0.0028818015
0.0032771355
0.0035248068
0.0035170490
0.0034229011
0.0034108159
0.0034800432
0.0035809020
0.0037940194
0.0040571791
0.0043209595
0.0044434243
0.0042382455
0.0039124945
0.0036503679
0.0033343809
0.0027437139
0.0020002866
0.0014222074
0.0010462496
0.0007087997
0.0004321918
0.0003455054
0.0004136163
0.0006103255
0.0008196360
0.0008746086
0.0009418014
0.0012902476
0.0017259364
0.0018768840
0.0017553675
0.0014985163
0.0011152972
0.0006592907
0.0002233846
-0.0000552292
-0.0002108394
-0.0002866951
-0.0001718451
-0.0000356338
-0.0000332088
-0.0000163721
0.0001827289
0.0003781941
0.0004219102
0.0003708983
0.0003290702
0.0003408828
0.0003818469
0.0004882256
0.0007146851
0.0008774720
0.0009946512
0.0013794738
0.0017826983
0.0018688837
0.0018013955
0.0019507997
0.0022160396
0.0022625041
0.0019718134
0.0017522500
0.0020227836
0.0025785891
0.0028798762
0.0027805410
0.0025814150
0.0025471001
0.0026187045
0.0024788334
0.0020476831
0.0016113880
0.0011800661
0.0008412072
0.0005986301
0.0002675802
-0.0000520849
-0.0001457494
-0.0000758573
-0.0000351773
-0.0000737888
-0.0000014309
0.0002533539
0.0005544002
0.0008035839
0.0010551945
0.0014697372
0.0017712872
0.0017804964
0.0016677918
0.0017099696
0.0020342011
0.0023335465
0.0022947604
0.0019290017
0.0016431866
0.0016681369
0.0018333937
0.0019020838
0.0017967620
0.0014628670
0.0010009257
0.0007518692
0.0008124380
0.0009440029
0.0009516117
0.0008589125
0.0007863853
0.0007885452
0.0008281440
0.0008508522
0.0008433971
0.0008335888
0.0009494433
0.0013097524
0.0017282835
0.0018759984
0.0016761137
0.0013254771
0.0010062675
0.0005020652
-0.0001474103
-0.0003362212
-0.0000678945
0.0001393786
-0.0000535536
-0.0006773588
-0.0011949435
-0.0012150702
-0.0009698094
-0.0008494346
-0.0009078616
-0.0008333218
-0.0004340676
0.0001335264
0.0006689673
0.0012290016
0.0017017510
0.0020954861
0.0026627537
0.0032927190
0.0036807139
0.0037068314
0.0036885672
0.0038031378
0.0037068246
0.0031490321
0.0023012306
0.0015339190
0.0009433857
0.0004498411
-0.0001764722
-0.0008540487
-0.0014041730
-0.0018290291
-0.0022212327
-0.0026248408
-0.0028801650
-0.0029033304
-0.0027949719
-0.0025450486
-0.0021803282
-0.0019335377
-0.0019128845
-0.0018206046
-0.0014211530
-0.0009798991
-0.0007106203
-0.0004522230
-0.0001698670
-0.0000529697
-0.0001139824
-0.0003162077
-0.0006907442
-0.0011600976
-0.0016158511
-0.0019128862
-0.0020708332
-0.0021182532
-0.0019761813
-0.0017187037
-0.0013673582
-0.0010579273
-0.0008805485
-0.0007254714
-0.0006049776
-0.0005558003
-0.0005570078
-0.0006566394
-0.0008906484
-0.0010567034
-0.0011453754
-0.0014135251
-0.0018196488
-0.0020292992
-0.0019711887
-0.0018594556
-0.0018580060
-0.0019383946
-0.0019958122
-0.0019839347
-0.0018463972
-0.0015788102
-0.0014099278
-0.0014389207
-0.0015365345
-0.0016481152
-0.0019652988
-0.0025615607
-0.0030398576
-0.0033134398
-0.0034988734
-0.0033809852
-0.0029761532
-0.0027190750
-0.0027268338
-0.0026657354
-0.0024290246
-0.0020990383
-0.0019046925
-0.0019262324
-0.0020140454
-0.0019638196
-0.0017387749
-0.0016431072
-0.0015985113
-0.0014536514
-0.0011705923
-0.0009228327
-0.0007261766
-0.0006322971
-0.0008014949
-0.0010498223
-0.0011066056
-0.0009984163
-0.0009114701
-0.0009308463
-0.0009977458
-0.0009502433
-0.0005285435
