0.0005707195
0.0009600497
0.0011651089
0.0011778444
0.0010691227
0.0008876438
0.0006275930
0.0003396756
0.0000614404
-0.0001630538
-0.0003272093
-0.0004228744
-0.0004638541
-0.0004612912
-0.0004135075
-0.0003316529
-0.0002460404
-0.0001957357
-0.0001953353
-0.0001951546
-0.0001110230
0.0001516506
0.0005690409
0.0009624369
0.0011445492
0.0010347858
0.0005693317
-0.0000479313
-0.0005378610
-0.0007190731
-0.0005392652
0.0000249715
0.0008396411
0.0015690181
0.0019071348
0.0017267627
0.0008882230
-0.0003805568
-0.0016799171
-0.0024458462
-0.0021404697
-0.0009809289
0.0006935753
0.0024494762
0.0036134192
0.0038030454
0.0029499635
0.0013204689
-0.0003662780
-0.0013854287
-0.0012512996
-0.0000296246
0.0016777391
0.0029172650
0.0029699577
0.0016469178
-0.0006845278
-0.0036645953
-0.0063430743
-0.0078582587
-0.0077636444
-0.0061227151
-0.0035291699
-0.0008003785
0.0011989286
0.0021443129
0.0022998254
0.0022218860
0.0023610972
0.0029116471
0.0038501472
0.0049931618
0.0059176034
0.0063005976
0.0057089716
0.0035419011
-0.0001341199
-0.0045477336
-0.0083541492
-0.0106796565
-0.0110266961
-0.0098002014
-0.0073893821
-0.0042502273
-0.0012928789
0.0008189330
0.0022144956
0.0033407953
0.0046284138
0.0060000829
0.0070834209
0.0076198521
0.0076024566
0.0071727061
0.0062099109
0.0046571195
0.0027445862
0.0008014557
-0.0009389134
-0.0021166251
-0.0026663472
-0.0026835637
-0.0022364758
-0.0013986388
-0.0003869557
0.0005997107
0.0014828633
0.0021799937
0.0026071852
0.0027238253
0.0025322275
0.0020948685
0.0016110695
0.0012747318
0.0012153430
0.0014330999
0.0017790199
0.0020311982
0.0020090491
0.0015617881
0.0002973532
-0.0018698021
-0.0044945692
-0.0073820256
-0.0100373433
-0.0117906278
-0.0122681907
-0.0116449907
-0.0101633392
-0.0079455001
-0.0053825445
-0.0026677484
0.0003032303
0.0035582406
0.0072107369
0.0110050471
0.0144699283
0.0169804758
0.0181176756
0.0171729898
0.0138920667
0.0085944854
0.0025100785
-0.0031607025
-0.0083173895
-0.0123881958
-0.0148950113
-0.0154435740
-0.0144900454
-0.0130991425
-0.0120212216
-0.0112953077
-0.0104643917
-0.0088149847
-0.0054589582
-0.0002880800
0.0056586234
0.0107542417
0.0136260040
0.0140797862
0.0127333938
0.0095660027
0.0052557794
0.0007077560
-0.0027211953
-0.0040704119
-0.0033847811
-0.0014808249
0.0010096296
0.0037386785
0.0060565131
0.0077200041
0.0087896428
0.0094366333
0.0098447412
0.0100807294
0.0099862487
0.0092981114
0.0078227441
0.0052186253
0.0015485360
-0.0021244891
-0.0051088352
-0.0070663872
-0.0081769544
-0.0087894896
-0.0090025803
-0.0087815399
-0.0082591210
-0.0077126117
-0.0073687859
-0.0072612155
-0.0072547064
-0.0071477683
-0.0067225451
-0.0058490221
-0.0045379292
-0.0028868814
-0.0009220143
0.0013440149
0.0035957988
0.0054818295
0.0068523969
0.0075652406
0.0075693148
0.0069233511
0.0055766165
0.0034955360
0.0010915710
-0.0011005973
-0.0027942365
-0.0039003520
-0.0046358388
-0.0052149650
-0.0058149123
-0.0064647254
-0.0071182738
-0.0077557566
-0.0082545708
-0.0084174666
-0.0080402415
-0.0068831625
-0.0043834200
-0.0005354119
0.0036678319
0.0072586829
0.0096768195
0.0114035757
0.0132273874
0.0151363318
0.0165754121
0.0171138347
0.0167216196
0.0157634203
0.0147329565
0.0138800004
0.0127567182
0.0105195964
0.0070151883
0.0016972278
-0.0054044738
-0.0127057182
-0.0186824474
-0.0222983242
-0.0232229580
-0.0221041772
-0.0201245784
-0.0178955498
-0.0151990560
-0.0115427363
-0.0068355131
-0.0012599227
0.0051580198
0.0124715162
0.0195828279
0.0247789372
0.0270249702
0.0258987416
0.0211138107
0.0133031362
0.0048366057
-0.0031221766
-0.0092647546
-0.0126808814
-0.0137395392
-0.0130383088
-0.0115291804
-0.0101836943
-0.0091222530
-0.0079849847
-0.0063059170
-0.0036349346
-0.0000497462
0.0032699715
0.0053664560
0.0059050188
0.0052076737
0.0036536665
0.0012667746
-0.0013721309
-0.0038166274
-0.0063547006
-0.0090945805
-0.0120560485
-0.0150945233
-0.0173355824
-0.0175070961
-0.0147297557
-0.0087699755
-0.0008830441
0.0070997930
0.0134483594
0.0179657902
0.0209465897
0.0226528995
0.0232875987
0.0228607165
0.0211688687
0.0177278269
0.0129621232
0.0076638509
0.0021290526
-0.0035595215
-0.0091173899
-0.0142359968
-0.0184424860
-0.0216220120
-0.0235521947
-0.0243343987
-0.0241400366
-0.0230575134
-0.0207716569
-0.0171221364
-0.0121240985
-0.0049483384
0.0033894192
0.0116548765
0.0188665488
0.0243223845
0.0273070269
0.0280099391
0.0264127153
0.0220354524
0.0151153509
0.0074485698
0.0010289589
-0.0034675539
-0.0061194296
-0.0074395478
-0.0080072171
-0.0083777669
-0.0087710837
-0.0091065817
-0.0089604524
-0.0079371300
-0.0058944714
-0.0024756349
0.0028065023
0.0087623485
0.0133822943
0.0155113046
0.0152754110
0.0127345966
0.0074994493
0.0003839890
-0.0065215761
-0.0109531474
-0.0121568687
-0.0109065411
-0.0081525283
-0.0050317207
-0.0029280931
-0.0025445073
-0.0036712054
-0.0053595787
-0.0061715281
-0.0049080129
-0.0005428098
0.0062708098
0.0150433505
0.0240025708
0.0301993105
0.0327225306
0.0323184740
0.0293687172
0.0229509697
0.0143636616
0.0058434941
-0.0010358953
-0.0050515510
-0.0061441849
-0.0054346136
-0.0042575609
-0.0035651636
-0.0038445866
-0.0050580633
-0.0068122898
-0.0086262190
-0.0099477257
-0.0101781304
-0.0092546895
-0.0077415781
-0.0063742050
-0.0059097711
-0.0068180427
-0.0092453187
-0.0123578995
-0.0145369190
-0.0147609907
-0.0128741125
-0.0093566994
-0.0052751631
-0.0019418136
0.0001608862
0.0009761828
0.0008666659
0.0003099288
-0.0001543232
-0.0002141508
0.0002742060
0.0013165423
0.0028952604
0.0048726091
0.0069735852
0.0087648680
0.0097243874
0.0095779060
0.0082726867
0.0054814319
0.0007110200
-0.0047363591
-0.0096365168
-0.0132072084
-0.0155102811
-0.0166721124
-0.0167567822
-0.0160804635
-0.0149225664
-0.0133026766
-0.0111306128
-0.0076767386
-0.0024475238
0.0034922537
0.0082946388
0.0113063995
0.0129167098
0.0139374280
0.0150193612
0.0161637024
0.0167086178
0.0162445587
0.0153850968
0.0138622757
0.0112050317
0.0083245211
0.0060579734
0.0045926189
0.0037830130
0.0036015549
0.0041363498
0.0056830821
0.0084657809
0.0116062265
0.0138964669
0.0147192832
0.0141525787
0.0128537868
0.0112296566
0.0089078422
0.0054020032
0.0005617825
-0.0058948169
-0.0131330143
-0.0208312162
-0.0273578770
-0.0311708995
-0.0320771861
-0.0307656337
-0.0281574667
-0.0249935859
-0.0218173096
-0.0189514957
-0.0157294539
-0.0114090645
-0.0065895610
-0.0025320759
0.0002885582
0.0021336869
0.0036267176
0.0050465804
0.0061767627
0.0065137014
0.0057219082
0.0039052378
0.0011996890
-0.0019579112
-0.0037610446
-0.0025175191
0.0011115124
0.0055173734
0.0089333406
0.0105153136
0.0104095130
0.0093238510
0.0082791990
0.0081099800
0.0088767669
0.0099278693
0.0102914994
0.0091892046
0.0055773858
-0.0001442585
-0.0064367010
-0.0122793183
-0.0170045074
-0.0206398429
-0.0227071199
-0.0221867772
-0.0193648579
-0.0144424840
-0.0084307487
-0.0029184964
0.0004660764
0.0013876653
0.0008073993
0.0002918052
0.0012159440
0.0051047218
0.0118762657
0.0196916891
0.0268035778
0.0312622152
0.0324775432
0.0312736004
0.0289612448
0.0267388360
0.0253801003
0.0250357856
0.0252157998
0.0254483753
0.0252517087
0.0241940973
0.0219031006
0.0177366696
0.0117646210
0.0058734775
0.0007792493
-0.0031256492
-0.0038880672
-0.0008556041
0.0044201047
0.0094021161
0.0119228558
0.0112365796
0.0059582646
-0.0021237261
-0.0099424487
-0.0155381459
-0.0179487369
-0.0175246089
-0.0152723602
-0.0123355432
-0.0095276002
-0.0077893155
-0.0080001344
-0.0105658019
-0.0167788191
-0.0251686295
-0.0345284416
-0.0423034483
-0.0466819824
-0.0475144368
-0.0453928515
-0.0408325073
-0.0354810706
-0.0316633350
-0.0303175848
-0.0309187284
-0.0322508542
-0.0333799870
-0.0340122482
-0.0342976751
-0.0345742690
-0.0353774538
-0.0369085637
-0.0395415185
-0.0435971750
-0.0492349186
-0.0554688417
-0.0615664886
-0.0671518860
-0.0720503619
-0.0755331438
-0.0772490298
-0.0772078960
-0.0757196149
-0.0731855833
-0.0703263925
-0.0681651727
-0.0670719326
-0.0666681890
-0.0660765075
-0.0646920713
-0.0620439602
-0.0571432354
-0.0496191384
-0.0405007967
-0.0315457875
-0.0245799076
-0.0193695905
-0.0153785421
-0.0119122985
-0.0080537453
-0.0042030733
-0.0005924002
0.0047043028
0.0125036247
0.0220181840
0.0325425848
0.0432319251
0.0545879198
0.0655891925
0.0759057926
0.0846704226
0.0916897667
0.0972887233
0.1018785000
0.1057149936
0.1088370561
0.1110318478
0.1122312145
0.1126135112
0.1125076780
0.1121595400
0.1114378405
0.1103796716
0.1092596391
0.1083265014
0.1078519633
0.1078280718
0.1076131460
0.1046356385
0.0950016249
0.0758467646
0.0491016412
0.0184216421
-0.0108945660
-0.0343133855
-0.0498202768
-0.0587290056
-0.0630286618
-0.0638370292
-0.0616558618
-0.0555746097
-0.0408920568
-0.0184007036
0.0059848256
0.0286154209
0.0448873815
0.0529058339
0.0531991812
0.0485793200
0.0404024602
0.0301151850
0.0179124531
0.0044977081
-0.0089715768
-0.0203500549
-0.0298445102
-0.0372778879
-0.0434420269
-0.0483464675
-0.0511141339
-0.0509911236
-0.0467621640
-0.0380164060
-0.0237554551
-0.0058508995
0.0110310865
0.0243725926
0.0338581431
0.0404924526
0.0459075782
0.0512087221
0.0554570100
0.0577539844
0.0578519624
0.0540449666
0.0439710298
0.0272159817
0.0040007973
-0.0205892503
-0.0437259871
-0.0641434467
-0.0808313542
-0.0939043431
-0.1026866392
-0.1066559213
-0.1057119297
-0.1004079501
-0.0913298948
-0.0805779999
-0.0682058828
-0.0498488945
-0.0222984806
0.0097337386
0.0388325633
0.0601092371
0.0734737807
0.0810231381
0.0852448618
0.0870111384
0.0863479128
0.0834415257
0.0785420394
0.0722923408
0.0664156495
0.0610008173
0.0551618374
0.0488003083
0.0426786395
0.0381384710
0.0359190381
0.0353589078
0.0351901027
0.0344931422
0.0324772303
0.0280816169
0.0208076865
0.0122850842
0.0029154541
-0.0066820730
-0.0162218341
-0.0254443108
-0.0332340956
-0.0383151965
-0.0396785443
-0.0380466208
-0.0353595271
-0.0332962527
-0.0332971001
-0.0360955680
-0.0408030096
-0.0453420046
-0.0482898515
-0.0494738337
-0.0493933913
-0.0488279156
-0.0484144589
-0.0485840462
-0.0495908141
-0.0507018832
-0.0528061284
-0.0567234554
-0.0609836076
-0.0636026121
-0.0636287200
-0.0602488704
-0.0508140070
-0.0357369346
-0.0158641655
0.0070490211
0.0276095299
0.0447936408
0.0577962916
0.0661607308
0.0711923863
0.0749125187
0.0782820685
0.0810791023
0.0825438504
0.0819409566
0.0795081950
0.0747257217
0.0671025059
0.0575628523
0.0461365846
0.0328794714
0.0173109836
0.0001877821
-0.0154778141
-0.0288271362
-0.0412201820
-0.0527427654
-0.0624478016
-0.0696771824
-0.0742549319
-0.0759952309
-0.0753382308
-0.0731197105
-0.0702679838
-0.0672213115
-0.0641076583
-0.0616279612
-0.0600646483
-0.0588806987
-0.0576455437
-0.0563523385
-0.0558253564
-0.0569066019
-0.0600494921
-0.0649418076
-0.0713074436
-0.0790735195
-0.0869821622
-0.0940079925
-0.0995365131
-0.1032144687
-0.1043454529
-0.1022863831
-0.0976647293
-0.0923715058
-0.0880798351
-0.0853495216
-0.0834118324
-0.0807849401
-0.0769654608
-0.0710660514
-0.0616563507
-0.0493823745
-0.0353294427
-0.0198578019
-0.0029553898
0.0140048261
0.0298950442
0.0438866762
0.0556934805
0.0659878840
0.0773394785
0.0903052002
0.1045449290
0.1191761787
0.1342143989
0.1485562126
0.1594963387
0.1659139623
0.1682637067
0.1683153032
0.1674494724
0.1649451992
0.1599015817
0.1531776709
0.1441399345
0.1319110035
0.1184008619
0.1030843203
0.0860571730
0.0670085696
0.0465167627
0.0267484448
0.0095597804
-0.0057619729
-0.0187761229
-0.0308091045
-0.0426761297
-0.0536496974
-0.0628049031
-0.0690523527
-0.0723840607
-0.0739825752
-0.0749173752
-0.0753939994
-0.0749387570
-0.0729216033
-0.0687660783
-0.0637664954
-0.0598580341
-0.0575777479
-0.0568872736
-0.0576210003
-0.0589391400
-0.0596361331
-0.0588651839
-0.0568768108
-0.0541593720
-0.0502348417
-0.0441352391
-0.0352533679
-0.0232430817
-0.0100762216
0.0040522570
0.0193022022
0.0344798764
0.0485658261
0.0610160387
0.0724962172
0.0862957947
0.1026191041
0.1196676006
0.1349691815
0.1469204104
0.1562768197
0.1633335819
0.1680571902
0.1705330738
0.1712588476
0.1708796147
0.1695938084
0.1673284503
0.1640494470
0.1593542608
0.1527080219
0.1441228226
0.1329810366
0.1188766386
0.1029734677
0.0860859862
0.0679661855
0.0504914228
0.0347830345
0.0193581076
0.0035391078
-0.0135244830
-0.0292587543
-0.0419105259
-0.0517241007
-0.0589852933
-0.0642275070
-0.0678401765
-0.0707840795
-0.0745843283
-0.0799591349
-0.0861220354
-0.0930244643
-0.1001489245
-0.1075543136
-0.1148977738
-0.1214243923
-0.1262903392
-0.1289866896
-0.1291977693
-0.1275794049
-0.1254979104
-0.1237159887
-0.1223738923
-0.1213589433
-0.1205808885
-0.1200450734
-0.1197166548
-0.1194478183
-0.1187987386
-0.1172061236
-0.1141619285
-0.1088456609
-0.0999467430
-0.0880020329
-0.0757931798
-0.0617281882
-0.0459850219
-0.0301907219
-0.0117117956
0.0094459324
0.0308925227
0.0489003723
0.0639923077
0.0780584401
0.0903867181
0.1004581451
0.1093331389
0.1169969018
0.1232061837
0.1275637272
0.1300925763
0.1313438002
0.1318595699
0.1317018143
0.1304267966
0.1275169872
0.1213631479
0.1112652219
0.0970801208
0.0800539839
0.0584025752
0.0350374969
0.0113597626
-0.0098190375
-0.0293998283
-0.0494521586
-0.0681840447
-0.0846992359
-0.0991116811
-0.1107293416
-0.1188959995
-0.1232092475
-0.1237570573
-0.1217301254
-0.1186446661
-0.1160711630
-0.1148702644
-0.1145832730
-0.1142233033
-0.1132935879
-0.1117304381
-0.1091473197
-0.1048157212
-0.0985852857
-0.0908477949
-0.0829911072
-0.0757629651
-0.0698946831
-0.0655753400
-0.0615453350
-0.0547915028
-0.0438327003
-0.0295568441
-0.0122853222
0.0072072265
0.0296439976
0.0529888186
0.0741018372
0.0918776068
0.1068763554
0.1195700790
0.1292139034
0.1359539157
0.1406578371
0.1441579265
0.1466716193
0.1481268500
0.1484353210
0.1476673378
0.1452247328
0.1395360445
0.1309296916
0.1194491873
0.1062142054
0.0900156990
0.0701460491
0.0490840403
0.0294806129
0.0128827272
-0.0036238624
-0.0203745331
-0.0370633207
-0.0527567483
-0.0685747181
-0.0819948673
-0.0918534545
-0.0980078153
-0.1012561475
-0.1025212565
-0.1025271561
-0.1019791182
-0.1013384803
-0.1007169100
-0.0999836070
-0.0989006340
-0.0974485976
-0.0958241381
-0.0942322402
-0.0927538677
-0.0913026135
-0.0889412331
-0.0846726064
-0.0785080437
-0.0713338449
-0.0621532158
-0.0518617783
-0.0430838499
-0.0347091762
-0.0244982528
-0.0131064338
-0.0023583798
0.0063315001
0.0137422640
0.0204983485
0.0268378212
0.0331459285
0.0394895960
0.0462705140
0.0524625210
0.0566263249
0.0579121638
0.0561115656
0.0522061028
0.0477814480
0.0435412109
0.0397260665
0.0368034802
0.0351301621
0.0345918698
0.0347301994
0.0352909164
0.0365473554
0.0383163373
0.0417757818
0.0471154519
0.0542434323
0.0622694791
0.0701253518
0.0770282697
0.0824208727
0.0855390565
0.0864254542
0.0853545411
0.0824927428
0.0773495827
0.0694158426
0.0591695480
0.0467902602
0.0337520818
0.0211862870
0.0099962421
0.0011321487
-0.0051096175
-0.0087662076
-0.0104952975
-0.0110566012
-0.0108949050
-0.0101787986
-0.0090874555
-0.0078617756
-0.0066956549
-0.0057966237
-0.0053954583
-0.0057811546
-0.0075202215
-0.0110923798
-0.0164314894
-0.0233612257
-0.0309644026
-0.0385782964
-0.0461512194
-0.0540600903
-0.0617752867
-0.0693169845
-0.0756271779
-0.0797779115
-0.0816089200
-0.0809832429
-0.0770769327
-0.0687854392
-0.0562845101
-0.0402412821
-0.0218926086
-0.0029095207
0.0152282799
0.0322722621
0.0468385647
0.0579075354
0.0659070831
0.0707724759
0.0727905749
0.0729203321
0.0705970217
0.0649451648
0.0566293561
0.0472334101
0.0378597259
0.0286176471
0.0193299658
0.0109694021
0.0025130165
-0.0053162676
-0.0128642202
-0.0189454690
-0.0231367107
-0.0256016492
-0.0264918278
-0.0262235846
-0.0250729299
-0.0235005037
-0.0218260383
-0.0199597694
-0.0181049541
-0.0166441857
-0.0157082677
-0.0151797537
-0.0148976482
-0.0148034837
-0.0150117016
-0.0160834263
-0.0190469151
-0.0238588861
-0.0289367992
-0.0334896989
-0.0373582325
-0.0394106856
-0.0386729172
-0.0351880493
-0.0285279709
-0.0195253808
-0.0112602429
-0.0050444618
-0.0007933000
0.0017068161
0.0029343665
0.0033209585
0.0029476838
0.0017308070
-0.0011457411
-0.0058388462
-0.0104018697
-0.0138163896
-0.0165857933
-0.0190037376
-0.0207952485
-0.0216740388
-0.0214760587
-0.0200583960
-0.0176148360
-0.0147834220
-0.0111245144
-0.0064099510
-0.0008651180
0.0047536307
0.0095349437
0.0126931694
0.0141560988
0.0143549948
0.0136864237
0.0123864227
0.0101773938
0.0069507562
0.0034356703
-0.0001145770
-0.0035183910
-0.0063607925
-0.0087797146
-0.0109584733
-0.0128709574
-0.0142920164
-0.0151594084
-0.0154837397
-0.0153802598
-0.0147150004
-0.0131812308
-0.0101331147
-0.0048631601
0.0019008835
0.0095201786
0.0171448806
0.0233747392
0.0273391484
0.0294084984
0.0304544802
0.0308210894
0.0304135257
0.0289451596
0.0256112254
0.0202214222
0.0134628736
0.0057256924
-0.0016350855
-0.0089430993
-0.0158891098
-0.0218309307
-0.0266446129
-0.0305070807
-0.0333610824
-0.0348112936
-0.0346238773
-0.0327764739
-0.0295906866
-0.0252741335
-0.0204839647
-0.0162604646
-0.0132386519
-0.0115816766
-0.0110340135
-0.0109740663
-0.0108256294
-0.0103316130
-0.0096642023
-0.0091361902
-0.0088969036
-0.0088484002
-0.0086395663
-0.0079658421
-0.0065723187
-0.0044499153
-0.0017927446
0.0011896011
0.0046519175
0.0086369295
0.0121326284
0.0148936554
0.0175343839
0.0203757782
0.0229385742
0.0245014894
0.0245958755
0.0233675880
0.0211062032
0.0176082487
0.0127946871
0.0079050215
0.0038614150
0.0008630267
-0.0010383809
-0.0015477671
-0.0004485997
0.0020966544
0.0062974425
0.0122270830
0.0191596582
0.0261982817
0.0337310911
0.0415743174
0.0490190150
0.0554643763
0.0607247775
0.0646521435
0.0670651856
0.0678754434
0.0669464777
0.0633914998
0.0568502466
0.0482771072
0.0386055125
0.0281516487
0.0175200588
0.0063281788
-0.0055351796
-0.0177448736
-0.0284724272
-0.0379304878
-0.0459131192
-0.0530284531
-0.0599318272
-0.0654606412
-0.0686217841
-0.0695700454
-0.0691339684
-0.0680131862
-0.0664453754
-0.0640937406
-0.0611628754
-0.0573002087
-0.0525425070
-0.0466292451
-0.0408820178
-0.0365540372
-0.0309218509
-0.0244972032
-0.0186736176
-0.0142494745
-0.0110423446
-0.0085062204
-0.0063308808
-0.0043092129
-0.0021579767
0.0004685454
0.0035151674
0.0064946892
0.0096241636
0.0136526464
0.0187244091
0.0241993677
0.0294219402
0.0334762049
0.0361631356
0.0382119382
0.0404558820
0.0427793880
0.0446912300
0.0457170003
0.0456164147
0.0445314209
0.0428185987
0.0386173768
0.0312405141
0.0222357695
0.0133736308
0.0052063895
-0.0019497672
-0.0087206671
-0.0146515559
-0.0193794926
-0.0227436384
-0.0249003243
-0.0255971577
-0.0246884233
-0.0220046086
-0.0169132047
-0.0094200070
-0.0007545762
0.0068813568
0.0124320349
0.0157547176
0.0173837468
0.0178977206
0.0177221587
0.0169446418
0.0152457601
0.0122092735
0.0080423210
0.0029251036
-0.0032841988
-0.0101730783
-0.0176705296
-0.0253193579
-0.0326080274
-0.0394354246
-0.0450678553
-0.0496382059
-0.0531843508
-0.0553151929
-0.0555059012
-0.0538329091
-0.0508030880
-0.0461152681
-0.0397261317
-0.0323896499
-0.0248587570
-0.0171438539
-0.0095072582
-0.0022845883
0.0048556895
0.0120222581
0.0184060164
0.0238200958
0.0283179668
0.0317117047
0.0346387728
0.0372710431
0.0392933141
0.0403001146
0.0399659920
0.0385378471
0.0366568717
0.0349526218
0.0334628087
0.0321225898
0.0312287410
0.0311413757
0.0307167979
0.0289025036
0.0256568474
0.0206655988
0.0142335034
0.0071904796
0.0010120077
-0.0049835563
-0.0105180254
-0.0156530402
-0.0200120048
-0.0233571840
-0.0257703402
-0.0275158250
-0.0287146440
-0.0291901698
-0.0287689002
-0.0272589407
-0.0243321009
-0.0196215856
-0.0130702739
-0.0050954031
0.0028406271
0.0094016760
0.0130596808
0.0136116169
0.0115091709
0.0058900809
-0.0023991606
-0.0118439225
-0.0212027927
-0.0283760919
-0.0362979776
-0.0455705222
-0.0530451087
-0.0575278136
-0.0591753172
-0.0583788467
-0.0553265682
-0.0500141794
-0.0419795929
-0.0312061631
-0.0188030685
-0.0065037993
0.0050167959
0.0152215818
0.0241771450
0.0337873160
0.0439308087
0.0536585630
0.0617051115
0.0678805607
0.0726687379
0.0765794157
0.0796848226
0.0817586901
0.0826211311
0.0823142573
0.0813081413
0.0801384679
0.0787333018
0.0765877598
0.0737962019
0.0705724457
0.0673700060
0.0642566787
0.0608353368
0.0565612669
0.0511051705
0.0450112393
0.0384984408
0.0303592760
0.0199310703
0.0078935972
-0.0048636979
-0.0172293223
-0.0283122465
-0.0379189169
-0.0456724767
-0.0519141245
-0.0566759331
-0.0596424564
-0.0606858927
-0.0602051943
-0.0588767874
-0.0573305213
-0.0559779296
-0.0549717810
-0.0540532129
-0.0528831484
-0.0512491714
-0.0488822826
-0.0456342763
-0.0419736608
-0.0385000705
-0.0356095567
-0.0336263010
-0.0326044094
-0.0323136371
-0.0322746023
-0.0319620995
-0.0309647187
-0.0289865835
-0.0258321941
-0.0213910597
-0.0146038967
-0.0052944816
0.0060896092
0.0186652083
0.0304396271
0.0403289604
0.0491838762
0.0574651677
0.0645203002
0.0692303493
0.0717092316
0.0727745059
0.0726264308
0.0713381473
0.0692177354
0.0666410054
0.0642016272
0.0615541680
0.0589846740
0.0567862643
0.0548337774
0.0531452379
0.0517641263
0.0507256443
0.0500166891
0.0495094265
0.0490095627
0.0482118211
0.0468298295
0.0445978804
0.0410150671
0.0357288513
0.0286080612
0.0201616510
0.0099865225
-0.0013520663
-0.0132734820
-0.0251693694
-0.0358175074
-0.0447381656
-0.0535717322
-0.0617833700
-0.0683152362
-0.0732949692
-0.0767198965
-0.0789020417
-0.0802640205
-0.0810998973
-0.0815248597
-0.0815047492
-0.0808089946
-0.0791191839
-0.0758526315
-0.0708382509
-0.0641908386
-0.0566430131
-0.0491093334
-0.0415548587
-0.0331732750
-0.0235422666
-0.0138843419
-0.0043393038
0.0049588369
0.0131780268
0.0200773919
0.0258733377
0.0310729867
0.0348968206
0.0373461726
0.0390537797
0.0404837500
0.0416765652
0.0424641374
0.0425529891
0.0419129705
0.0408323117
0.0395561859
0.0370843439
0.0322507727
0.0266027359
0.0209748097
0.0155679956
0.0103144619
0.0054303210
0.0013275408
-0.0018266533
-0.0038146033
-0.0047094038
-0.0049068949
-0.0050004173
-0.0054027464
-0.0061723136
-0.0072234193
-0.0085694237
-0.0101950338
-0.0120625086
-0.0140312470
-0.0158061740
-0.0175056619
-0.0194405643
-0.0218076096
-0.0245829682
-0.0272589831
-0.0290831208
-0.0295574992
-0.0286639504
-0.0268068111
-0.0244652284
-0.0217575515
-0.0187786099
-0.0159162249
-0.0137994896
-0.0125197490
-0.0119573273
-0.0119751987
-0.0122912608
-0.0126435579
-0.0128974630
-0.0130351537
-0.0132032221
-0.0135311681
-0.0142019783
-0.0150427833
-0.0158786797
-0.0170737309
-0.0189590478
-0.0213884717
-0.0241487751
-0.0269224062
-0.0296391019
-0.0328250392
-0.0364822323
-0.0399012274
-0.0427525304
-0.0455793552
-0.0486521679
-0.0514430088
-0.0535622799
-0.0549036267
-0.0554556085
-0.0550298312
-0.0536405385
-0.0511076477
-0.0465356347
-0.0407662108
-0.0336866327
-0.0252924221
-0.0160524521
-0.0072318221
0.0001251827
0.0058614144
0.0095150026
0.0108456291
0.0100340219
0.0063874056
0.0005883321
-0.0062311721
-0.0138619497
-0.0217121478
-0.0290970939
-0.0365294612
-0.0426873747
-0.0466996159
-0.0479288062
-0.0460487434
-0.0410734758
-0.0321158884
-0.0198239398
-0.0068050311
0.0050376398
0.0149401802
0.0234665276
0.0312208728
0.0382518335
0.0441939738
0.0494812651
0.0544477324
0.0589011026
0.0624995285
0.0648918408
0.0662090679
0.0668026398
0.0669576575
0.0668373526
0.0665193641
0.0662438784
0.0662550908
0.0666760441
0.0674892680
0.0687287906
0.0704266521
0.0724484341
0.0745532009
0.0772015727
0.0804696244
0.0842402777
0.0883758225
0.0926758047
0.0973019891
0.1019007292
0.1061400212
0.1093741423
0.1112661997
0.1117852940
0.1109819462
0.1090088924
0.1049107657
0.0990127905
0.0922559922
0.0862479139
0.0802959954
0.0742720438
0.0688374269
0.0640318444
0.0599094350
0.0565941218
0.0540094064
0.0523132724
0.0509174934
0.0492777799
0.0471358559
0.0441301870
0.0404656602
0.0363504216
0.0323020336
0.0279359798
0.0228897807
0.0180434359
0.0132953429
0.0079776021
0.0021182679
-0.0038878488
-0.0101914908
-0.0163290004
-0.0215235744
-0.0254539977
-0.0285115206
-0.0307059897
-0.0320027998
-0.0324848117
-0.0323901518
-0.0319237655
-0.0312383042
-0.0304371369
-0.0295968241
-0.0288849452
-0.0285705356
-0.0288257151
-0.0299791273
-0.0323438681
-0.0361509780
-0.0412581542
-0.0482154716
-0.0565338879
-0.0640671764
-0.0720497752
-0.0801160757
-0.0871553349
-0.0929429137
-0.0979882588
-0.1027725248
-0.1069126653
-0.1099772969
-0.1115781582
-0.1112389510
-0.1092172015
-0.1061080137
-0.1021697287
-0.0969510806
-0.0902230303
-0.0828530385
-0.0755588279
-0.0692905181
-0.0639559326
-0.0600197662
-0.0581442992
-0.0575617115
-0.0574129519
-0.0572241014
-0.0569449978
-0.0569128926
-0.0573317599
-0.0580324362
-0.0584959574
-0.0580781005
-0.0565777270
-0.0542518742
-0.0515027864
-0.0483993352
-0.0441511451
-0.0388629410
-0.0334881344
-0.0284511139
-0.0230432372
-0.0170159056
-0.0109042301
-0.0050134810
0.0006665714
0.0059536330
0.0105142999
0.0142869545
0.0174197079
0.0198607289
0.0213968484
0.0219679402
0.0218026259
0.0211454726
0.0199620836
0.0182804834
0.0163543032
0.0146424328
0.0130913101
0.0120232425
0.0120191095
0.0131095596
0.0151947372
0.0183579564
0.0227343882
0.0276877330
0.0326039205
0.0370363653
0.0409963580
0.0447081464
0.0484465315
0.0520879817
0.0553295669
0.0577761484
0.0593433074
0.0601702208
0.0604900345
0.0604572774
0.0601859311
0.0597271686
0.0590559574
0.0581772519
0.0572142254
0.0558272795
0.0538503795
0.0518984793
0.0502424036
0.0481713392
0.0459053944
0.0439325362
0.0422936375
0.0410127529
0.0400404696
0.0390687731
0.0376866836
0.0358272856
0.0336615678
0.0312669642
0.0279485578
0.0237185357
0.0190422541
0.0138205715
0.0086222197
0.0038001054
-0.0015203055
-0.0068168725
-0.0122010728
-0.0175154174
-0.0223315865
-0.0262785513
-0.0291083585
-0.0311994878
-0.0329624235
-0.0342322913
-0.0348469516
-0.0349941793
-0.0349268072
-0.0348036666
-0.0346694765
-0.0345544518
-0.0345713029
-0.0348686919
-0.0354943038
-0.0362923388
-0.0370177541
-0.0375305577
-0.0377485147
-0.0376878896
-0.0373411857
-0.0367675288
-0.0361193617
-0.0353833534
-0.0345225747
-0.0335665885
-0.0324975952
-0.0312985284
-0.0299605551
-0.0285686875
-0.0267617660
-0.0241949121
-0.0212830492
-0.0178654035
-0.0140990428
-0.0098146536
-0.0057949060
-0.0022290374
0.0005834136
0.0025645958
0.0043633615
0.0062851578
0.0081192074
0.0096706331
0.0110815260
0.0124377030
0.0134684146
0.0141119370
0.0144266889
0.0145625934
0.0145328838
0.0142564301
0.0137737956
0.0132845478
0.0128144424
0.0123117039
0.0116750783
0.0107533030
0.0096146592
0.0084843954
0.0075600288
0.0069963848
0.0067386596
0.0066362717
0.0065653370
0.0065464292
0.0066116924
0.0067520852
0.0069519427
0.0070569512
0.0070093149
0.0067597220
0.0063926272
0.0059742912
0.0054995933
0.0046581918
0.0030582451
0.0009759162
-0.0013439937
-0.0040861255
-0.0067661169
-0.0087819603
-0.0101626026
-0.0111710165
-0.0120122289
-0.0126174141
-0.0128536141
-0.0127232114
-0.0122468676
-0.0115148586
-0.0105126865
-0.0092759832
-0.0079934787
-0.0068341116
-0.0058786567
-0.0050158800
-0.0039594875
-0.0026547978
-0.0012677175
0.0000660165
0.0012532112
0.0023789373
0.0036849731
0.0050221804
0.0063518845
0.0077012983
0.0091710660
0.0106334478
0.0118127267
0.0125698267
0.0129601089
0.0132006537
0.0134011957
0.0134934012
0.0133786829
0.0130621612
0.0126506275
0.0123330791
0.0121608777
0.0120480564
0.0118977778
0.0117195335
0.0115874425
0.0115846622
0.0116695080
0.0117006289
0.0116105550
0.0113761021
0.0108014673
0.0098369545
0.0085768878
0.0069572653
0.0046268656
0.0015910273
-0.0014979453
-0.0042769284
-0.0068269800
-0.0091668874
-0.0117461922
-0.0146890717
-0.0175304954
-0.0200433049
-0.0221516244
-0.0239051437
-0.0252477290
-0.0261133251
-0.0264911075
-0.0263906849
-0.0258494657
-0.0249361779
-0.0234498426
-0.0212208531
-0.0183247038
-0.0151009965
-0.0118740265
-0.0089104758
-0.0065909104
-0.0042767361
-0.0015861555
0.0009935901
0.0030155524
0.0044451630
0.0055806973
0.0066350526
0.0076636553
0.0086835032
0.0097221547
0.0108083154
0.0119808114
0.0132701248
0.0147670011
0.0164613521
0.0181984113
0.0197270277
0.0209296472
0.0217272292
0.0221014066
0.0220227537
0.0215170947
0.0206687670
0.0196206763
0.0181367399
0.0156315900
0.0122127383
0.0081432064
0.0037382939
-0.0003208602
-0.0044370634
-0.0085445544
-0.0122714305
-0.0159516482
-0.0196527522
-0.0227577582
-0.0251223589
-0.0268222118
-0.0279161593
-0.0284578804
-0.0285053538
-0.0280532241
-0.0270542854
-0.0253729198
-0.0228526788
-0.0196155231
-0.0159617784
-0.0124189223
-0.0091719199
-0.0059791444
-0.0030395413
-0.0004943042
0.0017149203
0.0037384243
0.0055368256
0.0069885720
0.0079447244
0.0084309768
0.0085370903
0.0082946714
0.0077064873
0.0067798978
0.0052956844
0.0030778759
0.0009944949
-0.0002637672
-0.0007199606
-0.0005052382
0.0002596239
0.0013306881
0.0026775856
0.0043307348
0.0061221545
0.0079189555
0.0095829712
0.0110611709
0.0124257931
0.0136606613
0.0146435605
0.0153498951
0.0158036317
0.0160764707
0.0161530865
0.0158479956
0.0150747712
0.0138637163
0.0122035141
0.0103779293
0.0086303552
0.0066356687
0.0046091800
0.0029964629
0.0020149852
0.0014629532
0.0011689322
0.0009740345
0.0007669728
0.0004168726
-0.0001481605
-0.0008272869
-0.0015297894
-0.0021930470
-0.0030164441
-0.0041205482
-0.0053924955
-0.0066879269
-0.0077905313
-0.0085618097
-0.0091280645
-0.0097978187
-0.0104850923
-0.0109517622
-0.0110806362
-0.0109121538
-0.0105462780
-0.0101635380
-0.0099067255
-0.0099441208
-0.0102861507
-0.0107466603
-0.0111648855
-0.0114453842
-0.0116523179
-0.0119011415
-0.0121867249
-0.0124547824
-0.0127036256
-0.0129362565
-0.0132332837
-0.0136991029
-0.0143063252
-0.0147893411
-0.0149079120
-0.0145078548
-0.0135521196
-0.0120955428
-0.0106448231
-0.0093043010
-0.0078944773
-0.0063249129
-0.0045172352
-0.0026814389
-0.0010379663
0.0003038870
0.0013286986
0.0020845391
0.0025017181
0.0024910451
0.0020587158
0.0013533375
0.0004819041
-0.0007084047
-0.0021313196
-0.0035672463
-0.0047538980
-0.0054763537
-0.0056548979
-0.0054869501
-0.0051000478
-0.0044192181
-0.0034967126
-0.0025312712
-0.0016239934
-0.0008894309
-0.0003732143
-0.0001162638
-0.0000174479
0.0000584238
0.0002497625
0.0005546376
0.0009434257
0.0012158834
0.0009217066
0.0000659375
-0.0008631177
-0.0016176668
-0.0023486420
-0.0031646353
-0.0039427211
-0.0044889859
-0.0047770725
-0.0049269925
-0.0049503038
-0.0049142840
-0.0048053837
-0.0044255935
-0.0036572453
-0.0025197866
-0.0011401591
0.0005759431
0.0023196879
0.0038085766
0.0050136668
0.0061432755
0.0073363417
0.0085587328
0.0097229956
0.0108515319
0.0118290042
0.0126354550
0.0133290127
0.0138627255
0.0141373800
0.0139391783
0.0133732299
0.0128374376
0.0126744213
0.0129023358
0.0132576380
0.0132587756
0.0128662117
0.0124973536
0.0125345272
0.0129494735
0.0135536678
0.0141683901
0.0146883775
0.0151407581
0.0156335945
0.0162457973
0.0168164164
0.0171231110
0.0170859276
0.0167356612
0.0159457715
0.0147737089
0.0135378271
0.0123128740
0.0106265280
0.0083911044
0.0056101201
0.0027617819
-0.0000714045
-0.0023129429
-0.0038143165
-0.0051897013
-0.0064159548
-0.0072853123
-0.0077163340
-0.0075698233
-0.0068860699
-0.0058260693
-0.0046127621
-0.0033548629
-0.0022702576
-0.0016345936
-0.0016390496
-0.0022317600
-0.0026930125
-0.0023577573
-0.0009969378
0.0012179786
0.0039460848
0.0065517551
0.0084351685
0.0093069346
0.0092950671
0.0088380516
0.0083880471
0.0081574794
0.0081635354
0.0083379401
0.0085960531
0.0088529439
0.0090532381
0.0092169031
0.0094725846
0.0098601550
0.0103264664
0.0108190682
0.0113531167
0.0119375231
0.0124154901
0.0126978597
0.0127741072
0.0127576146
0.0128809573
0.0133332532
0.0140186232
0.0146138673
0.0149131467
0.0150120568
0.0150398238
0.0149159726
0.0144858831
0.0138541825
0.0132013968
0.0126110094
0.0120974169
0.0114990798
0.0104971684
0.0091273148
0.0075931803
0.0058171841
0.0035152391
0.0007387945
-0.0021417060
-0.0044849931
-0.0063963625
-0.0082736156
-0.0099071493
-0.0110533060
-0.0115571625
-0.0115939711
-0.0114245891
-0.0112080630
-0.0108826463
-0.0103843471
-0.0097054045
-0.0087555037
-0.0074467674
-0.0056269843
-0.0033579528
-0.0009605500
0.0012008458
0.0031292704
0.0051458295
0.0073154293
0.0095264269
0.0115684759
0.0132312009
0.0144711473
0.0153497289
0.0159182294
0.0162228803
0.0162406539
0.0160059403
0.0155989633
0.0150862216
0.0145094910
0.0138393881
0.0128899044
0.0114320825
0.0093171203
0.0067654325
0.0041281296
0.0015463091
-0.0008798339
-0.0031550618
-0.0051678632
-0.0066817535
-0.0075846276
-0.0080228069
-0.0082485116
-0.0083992595
-0.0084599433
-0.0084250089
-0.0083642208
-0.0083573532
-0.0084119973
-0.0084823583
-0.0084577920
-0.0082733190
-0.0079280199
-0.0074974839
-0.0069612679
-0.0064156028
-0.0059033337
-0.0053444843
-0.0046566893
-0.0039642495
-0.0034433202
-0.0031634688
-0.0031348952
-0.0033476107
-0.0036844647
-0.0040700827
-0.0046330748
-0.0054617059
-0.0066796186
-0.0082233261
-0.0100449573
-0.0119430609
-0.0137844213
-0.0154600959
-0.0170004625
-0.0185596717
-0.0202326378
-0.0219847327
-0.0237302924
-0.0254405950
-0.0270112090
-0.0285474622
-0.0301259280
-0.0317838421
-0.0334960548
-0.0350430705
-0.0361542700
-0.0368317393
-0.0371292586
-0.0370647222
-0.0366590229
-0.0358626177
-0.0345931736
-0.0328604364
-0.0307282124
-0.0283619493
-0.0258548959
-0.0231734182
-0.0204285905
-0.0179456340
-0.0159498979
-0.0144088273
-0.0131111111
-0.0119163076
-0.0108735656
-0.0099967212
-0.0092354003
-0.0085433484
-0.0078060526
-0.0070415994
-0.0062103966
-0.0053269096
-0.0043326644
-0.0031605252
-0.0018274320
-0.0006415459
0.0002852599
0.0009552254
0.0014592632
0.0018809007
0.0022465076
0.0023803815
0.0022161579
0.0017890384
0.0011695443
0.0005299840
0.0000617220
-0.0002810294
-0.0005998144
-0.0009372579
-0.0013073501
-0.0016525615
-0.0019534442
-0.0022947277
-0.0027098714
-0.0031141395
-0.0034194515
-0.0035800656
-0.0034799071
-0.0031107080
-0.0025238332
-0.0018461384
-0.0010998701
-0.0002248782
0.0007967136
0.0018979077
0.0029560540
0.0038779630
0.0047564241
0.0056291387
0.0064704750
0.0072793834
0.0079768753
0.0086317600
0.0093942576
0.0102421518
0.0111085693
0.0119712841
0.0128227083
0.0138369859
0.0151061072
0.0165619181
0.0180095445
0.0191562814
0.0198937174
0.0202876600
0.0204723840
0.0208730703
0.0214517141
0.0218802000
0.0220312901
0.0220025747
0.0218868524
0.0217596701
0.0215989973
0.0213629309
0.0210192746
0.0206077442
0.0201784500
0.0196552554
0.0189985812
0.0182831300
0.0176923872
0.0173367949
0.0171617025
0.0170983916
0.0170660745
0.0169961047
0.0169295539
0.0168891600
0.0168942154
0.0169011514
0.0168592810
0.0167912211
0.0167692234
0.0168355818
0.0170267595
0.0173246047
0.0175459157
0.0175906023
0.0174722986
0.0172672749
0.0170627043
0.0168257481
0.0165070980
0.0161319948
0.0157908613
0.0154939319
0.0152246326
0.0149578821
0.0145849171
0.0138062300
0.0121810861
0.0101356374
0.0082385345
0.0066234524
0.0050886464
0.0034697507
0.0018713096
0.0005582539
-0.0003960361
-0.0012030368
-0.0023995638
-0.0039454655
-0.0053210719
-0.0062610153
-0.0068769696
-0.0073651451
-0.0080714080
-0.0091588725
-0.0101250476
-0.0105752444
-0.0106348004
-0.0106286956
-0.0106695328
-0.0107546132
-0.0108768054
-0.0109418405
-0.0107622794
-0.0102598733
-0.0096465135
-0.0091020381
-0.0085463145
-0.0078605859
-0.0070747378
-0.0062643008
-0.0054324233
-0.0047582167
-0.0041704172
-0.0037891082
-0.0036515837
-0.0037346531
-0.0044841065
-0.0054551577
-0.0060224588
-0.0060646193
-0.0064399246
-0.0072354107
-0.0079438867
-0.0082371949
-0.0081614135
-0.0079857180
-0.0079748772
-0.0081165607
-0.0082743815
-0.0084441351
-0.0086583242
-0.0089550157
-0.0093438573
-0.0098009184
-0.0102823046
-0.0107723412
-0.0112916441
-0.0120724270
-0.0130140229
-0.0138729209
-0.0145704258
-0.0151554091
-0.0157584138
-0.0164752959
-0.0172481323
-0.0179872860
-0.0186586602
-0.0193691179
-0.0201923188
-0.0210753854
-0.0219409555
-0.0227876959
-0.0235899192
-0.0244191761
-0.0252862618
-0.0260521687
-0.0266132671
-0.0269641495
-0.0271867415
-0.0271655944
-0.0268905781
-0.0263909131
-0.0257396593
-0.0250395632
-0.0241965418
-0.0231240283
-0.0219760268
-0.0207873054
-0.0195957287
-0.0184541906
-0.0173814065
-0.0164256844
-0.0155864797
-0.0147343711
-0.0138012953
-0.0127715029
-0.0115912560
-0.0101786552
-0.0085664185
-0.0068250113
-0.0051041938
-0.0032984099
-0.0013192313
0.0008482505
0.0029616843
0.0048597736
0.0066425623
0.0083299122
0.0098498716
0.0111877177
0.0123720650
0.0134339137
0.0144336640
0.0154625926
0.0164828740
0.0173486266
0.0180153528
0.0185967671
0.0191316892
0.0196496133
0.0202323836
0.0209619839
0.0218706597
0.0228964756
0.0240217818
0.0251561623
0.0261906091
0.0271958059
0.0283080549
0.0296812005
0.0310577163
0.0321802944
0.0329329258
0.0333860169
0.0336150886
0.0336410335
0.0334704358
0.0331142144
0.0325158576
0.0316521813
0.0303301075
0.0284878768
0.0264777081
0.0247558932
0.0234641221
0.0223392917
0.0210543296
0.0193688963
0.0176115277
0.0161998917
0.0152745961
0.0147203425
0.0143471494
0.0139367239
0.0134588384
0.0129941242
0.0126712140
0.0125029174
0.0124690032
0.0126127173
0.0129039297
0.0131792361
0.0134014695
0.0135188964
0.0135208259
0.0134058860
0.0131023563
0.0125359809
0.0117950117
0.0109575900
0.0098326032
0.0084084217
0.0069417049
0.0056505857
0.0046971940
0.0039181060
0.0031574591
0.0023052504
0.0013719207
0.0004735727
-0.0003827442
-0.0012952772
-0.0023182486
-0.0034163844
-0.0046091442
-0.0058398338
-0.0070268505
-0.0081876029
-0.0091795078
-0.0098830198
-0.0103538683
-0.0109879254
-0.0117978898
-0.0125975904
-0.0132944987
-0.0139272293
-0.0146165204
-0.0154779445
-0.0165084767
-0.0174723637
-0.0181665733
-0.0186392438
-0.0189738259
-0.0192106289
-0.0193879247
-0.0195159741
-0.0195593993
-0.0194796316
-0.0192171184
-0.0187543044
-0.0181626816
-0.0175130999
-0.0168435836
-0.0161710263
-0.0154653468
-0.0147864826
-0.0142741157
-0.0140012441
-0.0138768974
-0.0137758784
-0.0135850723
-0.0132881038
-0.0129154843
-0.0125427246
-0.0122048766
-0.0118860537
-0.0115346758
-0.0109656864
-0.0100819614
-0.0089139438
-0.0075453940
-0.0060578756
-0.0046205032
-0.0033179663
-0.0021433569
-0.0011255060
-0.0002208407
0.0006139038
0.0012335807
0.0016288955
0.0018643905
0.0020885590
0.0024205499
0.0028817860
0.0034109965
0.0040217130
0.0047156455
0.0055184556
0.0064856118
0.0076479319
0.0089331124
0.0103178191
0.0118097215
0.0133352056
0.0148080632
0.0160572467
0.0170549208
0.0178522224
0.0183762906
0.0186054209
0.0186301468
0.0185527944
0.0184377338
0.0182638538
0.0180210372
0.0176622931
0.0171814382
0.0166289382
0.0160517546
0.0154156114
0.0147090650
0.0139414371
0.0131085589
0.0122124906
0.0113817376
0.0106398134
0.0099160214
0.0091162817
0.0083227187
0.0076134701
0.0069226471
0.0061552799
0.0051352299
0.0037961550
0.0022181653
0.0005229952
-0.0011593802
-0.0027349442
-0.0041389378
-0.0054149463
-0.0065556696
-0.0075842984
-0.0084572575
-0.0091722524
-0.0096757308
-0.0098915660
-0.0098710349
-0.0097651822
-0.0096343102
-0.0094399155
-0.0092261989
-0.0090535380
-0.0089436371
-0.0089758825
-0.0092478415
-0.0096878135
-0.0102413728
-0.0109148852
-0.0117521928
-0.0128743309
-0.0140799980
-0.0152288861
-0.0164261472
-0.0175576105
-0.0185005036
-0.0193074205
-0.0201151685
-0.0210788208
-0.0222379174
-0.0234626195
-0.0245395789
-0.0253777372
-0.0260328762
-0.0265392165
-0.0269144435
-0.0271504674
-0.0272403849
-0.0272194041
-0.0271620905
-0.0270775543
-0.0268865005
-0.0265669736
-0.0260551739
-0.0252704373
-0.0241885171
-0.0228959182
-0.0214996438
-0.0200288429
-0.0184796303
-0.0167063069
-0.0148684862
-0.0131807908
-0.0117175583
-0.0101991699
-0.0083068160
-0.0061163853
-0.0039361534
-0.0020289775
-0.0003787863
0.0012701155
0.0031418331
0.0051493660
0.0070913283
0.0088622462
0.0104923966
0.0120531182
0.0137961715
0.0158616232
0.0180061124
0.0199449684
0.0216382178
0.0231595494
0.0245275027
0.0257810343
0.0269326147
0.0278552832
0.0285080950
0.0290435320
0.0295869806
0.0300669294
0.0303613946
0.0304117624
0.0302242515
0.0298601000
0.0293763182
0.0288981784
0.0284980918
0.0281244456
0.0276653473
0.0271255460
0.0264754460
0.0253058183
0.0237781504
0.0221042554
0.0204166480
0.0187490698
0.0171836937
0.0157602978
0.0143476644
0.0128315120
0.0113107606
0.0097737903
0.0082107969
0.0066317280
0.0051658782
0.0038675134
0.0027743661
0.0018485543
0.0010703310
0.0004151314
-0.0002328741
-0.0009580351
-0.0017991090
-0.0026502643
-0.0033995234
-0.0040228831
-0.0046046886
-0.0052452449
-0.0059462080
-0.0067599273
-0.0076563673
-0.0086663946
-0.0098668238
-0.0112682317
-0.0126500995
-0.0138228172
-0.0148176980
-0.0157715362
-0.0166557045
-0.0174264386
-0.0180217152
-0.0185316049
-0.0190755849
-0.0196797303
-0.0203122327
-0.0209854321
-0.0216392869
-0.0223208011
-0.0231944284
-0.0242904195
-0.0256155962
-0.0269744591
-0.0282104583
-0.0292855141
-0.0302035999
-0.0309541517
-0.0314903253
-0.0318527689
-0.0320993045
-0.0322584747
-0.0322842600
-0.0321298191
-0.0317635523
-0.0312496763
-0.0305985072
-0.0297290585
-0.0286556063
-0.0273020335
-0.0257199008
-0.0240014365
-0.0222644067
-0.0203875643
-0.0184034480
-0.0164859411
-0.0145703443
-0.0126612826
-0.0107682995
-0.0090729054
-0.0076510349
-0.0064298497
-0.0053301820
-0.0043607996
-0.0033687350
-0.0022874615
-0.0010406765
0.0003690051
0.0018997066
0.0034705819
0.0049759684
0.0063844624
0.0076979053
0.0089080084
0.0100715900
0.0111900612
0.0123235844
0.0133704887
0.0141953748
0.0148627724
0.0154447767
0.0160150731
0.0165251975
0.0168884918
0.0170822966
0.0171994204
0.0172783080
0.0172476923
0.0170736885
0.0168463965
0.0166709683
0.0165695451
0.0164465707
0.0162742552
0.0160067127
0.0156307849
0.0152112690
0.0147894356
0.0143565104
0.0138736119
0.0133628095
0.0128518866
0.0123375445
0.0117736626
0.0110953361
0.0102078074
0.0090721493
0.0076677231
0.0060878231
0.0044459746
0.0025807967
0.0006908746
-0.0008949654
-0.0018843479
-0.0024145539
-0.0026369942
-0.0025116525
-0.0023309988
-0.0022028842
-0.0019991836
-0.0015682003
-0.0008124745
0.0001863121
0.0011352057
0.0018005001
0.0022141344
0.0025859765
0.0029321335
0.0031778718
0.0032937587
0.0033356291
0.0033461668
0.0033812609
0.0034350869
0.0033928546
0.0032265564
0.0031241850
0.0031628619
0.0032966433
0.0034442784
0.0036298271
0.0039125161
0.0043583127
0.0049141504
0.0055491755
0.0062826774
0.0071820671
0.0080583899
0.0086799016
0.0090341706
0.0091566431
0.0091139284
0.0089512152
0.0086520597
0.0083249481
0.0080054342
0.0076247184
0.0070811296
0.0063170642
0.0054743003
0.0046202229
0.0039035494
0.0032554159
0.0025853980
0.0020457678
0.0017133616
0.0015316010
0.0014400441
0.0013404859
0.0011970883
0.0010558155
0.0009660086
0.0008975459
0.0008352575
0.0007943704
0.0008593895
0.0010979656
0.0014556801
0.0017552017
0.0018649325
0.0018180788
0.0017475789
0.0017118473
0.0017088643
0.0016814422
0.0016235615
0.0015352542
0.0014381315
0.0013296992
0.0011867798
0.0010610456
0.0010062020
0.0010224124
0.0010133558
0.0009302831
0.0007156002
0.0004280664
0.0001621418
-0.0000905608
-0.0003559205
-0.0006290314
-0.0009278467
-0.0012904529
-0.0016386258
-0.0019199677
-0.0021458243
-0.0024085640
-0.0026659577
-0.0029078316
-0.0032854569
-0.0036392664
-0.0038906976
-0.0041241173
-0.0043233066
-0.0044242800
-0.0044370438
-0.0043909134
-0.0043192225
-0.0042969607
-0.0044088792
-0.0045374142
-0.0046024135
-0.0046182086
-0.0046015921
-0.0046234009
-0.0047095732
-0.0048533395
-0.0050111734
-0.0052275072
-0.0055220800
-0.0058575943
-0.0061444587
-0.0062351225
-0.0061695366
-0.0061901524
-0.0062865365
-0.0062638314
-0.0060332768
-0.0056673489
-0.0052064221
-0.0046794660
-0.0040679543
-0.0033761436
-0.0025675084
-0.0014942778
-0.0001271379
0.0013570891
0.0027606156
0.0040718395
0.0053503904
0.0066126116
0.0079164848
0.0092273006
0.0104583162
0.0115466835
0.0125015680
0.0134103285
0.0142575970
0.0149986444
0.0156212707
0.0161549900
0.0166272693
0.0170465180
0.0174668814
0.0178933204
0.0182862949
0.0186200719
0.0188118983
0.0188334658
0.0187102273
0.0184634049
0.0181264532
0.0176518043
0.0170212184
0.0162649985
0.0153353516
0.0141528622
0.0126718561
0.0110852156
0.0096025342
0.0084070430
0.0073998775
0.0064884768
0.0055722848
0.0045576878
0.0035465034
0.0026337055
0.0018437991
0.0011476955
0.0005207560
0.0000243090
-0.0003418399
-0.0006036425
-0.0007028829
-0.0005936684
-0.0003503740
0.0000255827
0.0005123532
0.0009803549
0.0013809317
0.0016992653
0.0020722854
0.0025925009
0.0031977178
0.0037019449
0.0039588226
0.0040228538
0.0039893666
0.0039095761
0.0037920351
0.0036186538
0.0033565839
0.0030483163
0.0027635709
0.0024896133
0.0020856884
0.0014125438
0.0004724084
-0.0006495230
-0.0019864565
-0.0034498096
-0.0048372380
-0.0059594510
-0.0068082677
-0.0075091102
-0.0082368852
-0.0090025673
-0.0097217342
-0.0102605610
-0.0106996856
-0.0111390025
-0.0115104551
-0.0118163837
-0.0120812014
-0.0123405595
-0.0125909640
-0.0128317467
-0.0130815645
-0.0134234868
-0.0138447661
-0.0142425939
-0.0145919542
-0.0149320513
-0.0152423345
-0.0154593397
-0.0155699284
-0.0155659063
-0.0155356263
-0.0154614127
-0.0152937061
-0.0150260886
-0.0146272700
-0.0140783292
-0.0133625684
-0.0124760240
-0.0112751841
-0.0097261670
-0.0080258545
-0.0064068904
-0.0051217327
-0.0042415116
-0.0036661891
-0.0032037037
-0.0027536614
-0.0023036542
-0.0019531596
-0.0017445320
-0.0016762486
-0.0017834579
-0.0021015520
-0.0025409569
-0.0029897805
-0.0033201534
-0.0034738315
-0.0034316873
-0.0032154261
-0.0028719879
-0.0025177948
-0.0022579139
-0.0021131343
-0.0020575743
-0.0020420761
-0.0020142802
-0.0019920487
-0.0019780071
-0.0019412843
-0.0018727796
-0.0018011422
-0.0017622584
-0.0017713893
-0.0017216822
-0.0016885288
-0.0016458976
-0.0015258961
-0.0012518031
-0.0007797203
-0.0002409774
0.0002484381
0.0007929203
0.0014885272
0.0022373763
0.0028913501
0.0033966258
0.0038084626
0.0041784908
0.0044751268
0.0047029664
0.0049000339
0.0051469801
0.0054388770
0.0056305729
0.0056708853
0.0056145887
0.0055790318
0.0056174863
0.0056442852
0.0057168952
0.0058896442
0.0061569748
0.0064502960
0.0067076822
0.0069099419
0.0070654159
0.0072692890
0.0075441554
0.0078317401
0.0081963251
0.0086035172
0.0089607164
0.0092025030
0.0093505032
0.0093553858
0.0092391779
0.0091360729
0.0090662302
0.0089913451
0.0089198890
0.0088357798
0.0087440175
0.0086596117
0.0085181792
0.0082776638
0.0080362748
0.0078016654
0.0076291023
0.0075701558
0.0075131095
0.0073113355
0.0069736569
0.0065863211
0.0061539533
0.0056161761
0.0049652515
0.0041058743
0.0030584192
0.0020275284
0.0010881434
0.0001728921
-0.0008631173
-0.0019726307
-0.0029022962
-0.0034715304
-0.0037347379
-0.0038023186
-0.0037856206
-0.0037534078
-0.0035436384
-0.0030016562
-0.0023234216
-0.0016994517
-0.0011072462
-0.0003541308
0.0005278497
0.0013710622
0.0019714622
0.0022756683
0.0023432476
0.0023327171
0.0022749183
0.0021681395
0.0019761607
0.0017464450
0.0014249947
0.0009940539
0.0005645384
0.0002306741
-0.0000691621
-0.0003741002
-0.0007035716
-0.0009820270
-0.0011932210
-0.0013582869
-0.0014890562
-0.0015021721
-0.0013409693
-0.0010706935
-0.0007277131
-0.0003628465
-0.0000480340
0.0002491958
0.0006614427
0.0012203146
0.0018283329
0.0023345815
0.0026790915
0.0028534320
0.0028933761
0.0028551631
0.0027045374
0.0023755074
0.0019192037
0.0013812997
0.0008509376
0.0003243033
-0.0002150299
-0.0008462841
-0.0015444425
-0.0020889371
-0.0024815987
-0.0029004986
-0.0034045429
-0.0038955443
-0.0043065956
-0.0045375251
-0.0045845421
-0.0045161726
-0.0043769207
-0.0041873434
-0.0039747807
-0.0037769636
-0.0036061605
-0.0034781633
-0.0034012770
-0.0033234845
-0.0032041786
-0.0030787840
-0.0029289194
-0.0027923001
-0.0026755834
-0.0026495459
-0.0027321319
-0.0029088046
-0.0031556609
-0.0034613121
-0.0037641019
-0.0039639073
-0.0040486977
-0.0039513194
-0.0037546138
-0.0036062355
-0.0035098969
-0.0033835621
-0.0031978951
-0.0029596055
-0.0026830370
-0.0023554317
-0.0020517061
-0.0018027836
-0.0016829676
-0.0016946966
-0.0018228049
-0.0020726912
-0.0024468165
-0.0029086142
-0.0034083760
-0.0038613531
-0.0042708594
-0.0046581234
-0.0050683696
-0.0053751196
-0.0055685299
-0.0057233097
-0.0059041616
-0.0059595097
-0.0057961609
-0.0054562464
-0.0050267436
-0.0045638025
-0.0040387499
-0.0034564328
-0.0028640665
-0.0023457756
-0.0019689365
-0.0017222305
-0.0016141652
-0.0016059121
-0.0017118460
-0.0019892762
-0.0023576569
-0.0028630828
-0.0034226229
-0.0039044914
-0.0043130231
-0.0044620892
-0.0049091798
-0.0056485583
-0.0062787335
-0.0065600307
-0.0064776262
-0.0061634806
-0.0057812230
-0.0053350972
-0.0047859022
-0.0039900510
-0.0028564880
-0.0017757279
-0.0009621168
-0.0003918028
0.0001014651
0.0005821177
0.0010278403
0.0014481460
0.0018429217
0.0021294392
0.0022406159
0.0021707624
0.0020281187
0.0019011749
0.0017442442
0.0014603965
0.0010333428
0.0006277218
0.0003799017
0.0002500006
0.0001663722
0.0000390062
-0.0001697789
-0.0004860546
-0.0010260258
-0.0018924876
-0.0028659006
-0.0037394640
-0.0044263725
-0.0049777383
-0.0054926019
-0.0059751484
-0.0064148466
-0.0068015109
-0.0071595119
-0.0075105117
-0.0077984647
-0.0079837820
-0.0081271180
-0.0082143203
-0.0082189845
-0.0081100419
-0.0078933397
-0.0076436653
-0.0074602711
-0.0073541935
-0.0071938825
-0.0069416266
-0.0066436771
-0.0063514575
-0.0061308636
-0.0060164289
-0.0059198492
-0.0058272133
-0.0057574586
-0.0056973583
-0.0056735678
-0.0057826572
-0.0059864911
-0.0062061691
-0.0064430438
-0.0067172877
-0.0069417570
-0.0071466764
-0.0072903905
-0.0073510254
-0.0073458657
-0.0072699311
-0.0071526802
-0.0070081513
-0.0068130297
-0.0065785246
-0.0063228073
-0.0060477975
-0.0057232543
-0.0053992034
-0.0050883856
-0.0047581353
-0.0043154253
-0.0036394196
-0.0027383193
-0.0017631488
-0.0008540298
-0.0000502820
0.0007224759
0.0015148102
0.0022747090
0.0030212870
0.0037870906
0.0045722900
0.0052846578
0.0058872681
0.0064081648
0.0069098702
0.0073987138
0.0078802825
0.0083794422
0.0088203171
0.0091648014
0.0094466234
0.0097185172
0.0099556298
0.0101510740
0.0103817460
0.0106933037
0.0110293786
0.0113667801
0.0117099410
0.0120447970
0.0123692162
0.0126292197
0.0128111830
0.0129494213
0.0130356784
0.0130217281
0.0128516421
0.0124953197
0.0120176200
0.0115936060
0.0112787857
0.0109309964
0.0104581760
0.0098673420
0.0092519907
0.0087667780
0.0084035880
0.0080868740
0.0077703979
0.0074060932
0.0070266876
0.0065846654
0.0060827873
0.0055465615
0.0050744060
0.0046436809
0.0041863884
0.0037355560
0.0031960375
0.0026777089
0.0022835329
0.0021106004
0.0021570432
0.0023568166
0.0026249608
0.0029267268
0.0032321688
0.0034428312
0.0036096839
0.0037476908
0.0039227181
0.0041086807
0.0042759571
0.0043713178
0.0043473676
0.0041669655
0.0037937561
0.0032111687
0.0023395443
0.0011509096
-0.0001654867
-0.0014559826
-0.0025556904
-0.0034206966
-0.0040829183
-0.0046608678
-0.0052183971
-0.0057722629
-0.0063544366
-0.0069961566
-0.0075322032
-0.0078838222
-0.0080468451
-0.0080759777
-0.0080659616
-0.0080484064
-0.0080567472
-0.0080163044
-0.0078552633
-0.0076128867
-0.0073418338
-0.0070647803
-0.0068060513
-0.0065280689
-0.0061974730
-0.0059255694
-0.0057851702
-0.0058086347
-0.0059892128
-0.0061696637
-0.0062651645
-0.0063881096
-0.0065809496
-0.0067476589
-0.0067943500
-0.0066823304
-0.0064080149
-0.0059866834
-0.0053920131
-0.0044956416
-0.0033299708
-0.0020297556
-0.0006851536
0.0005595756
0.0016002283
0.0023831217
0.0029816883
0.0034318275
0.0037693626
0.0039918046
0.0041137165
0.0041727379
0.0041844099
0.0041560074
0.0040587073
0.0038589281
0.0034915367
0.0029607955
0.0023169712
0.0015742195
0.0007500329
-0.0000459563
-0.0006654570
-0.0010522973
-0.0012121198
-0.0012814328
-0.0013486791
-0.0014000644
-0.0013796061
-0.0012295126
-0.0009479882
-0.0006053736
-0.0002126171
0.0002643004
0.0006897781
0.0010374015
0.0013129589
0.0014944665
0.0015499535
0.0013815725
0.0010862422
0.0009120662
0.0009677820
0.0011322227
0.0013214412
0.0014502099
0.0014934385
0.0014557512
0.0013995641
0.0013854645
0.0014317733
0.0015250907
0.0016539021
0.0018363367
0.0021185162
0.0024373169
0.0027741275
0.0031272186
0.0034933391
0.0037907933
0.0039830042
0.0040741896
0.0041125300
0.0041604565
0.0042167792
0.0042414594
0.0042430728
0.0042238553
0.0042159480
0.0042327112
0.0042973421
0.0043959068
0.0046048515
0.0049843321
0.0054587007
0.0059220851
0.0063523865
0.0068060448
0.0073271110
0.0078339076
0.0082113771
0.0083697064
0.0083623336
0.0082442548
0.0080234360
0.0077182081
0.0073756372
0.0069723010
0.0065077399
0.0059033142
0.0050433927
0.0039745427
0.0029642867
0.0021406324
0.0016213555
0.0013551220
0.0011582827
0.0009623671
0.0007800834
0.0006968751
0.0008283821
0.0012278696
0.0018610858
0.0026994687
0.0036887377
0.0046969821
0.0055283414
0.0060696421
0.0064423887
0.0068071595
0.0071732536
0.0074584719
0.0076720646
0.0078349538
0.0079540170
0.0080464637
0.0080914176
0.0081303546
0.0081877365
0.0082990260
0.0084273785
0.0085536449
0.0087316154
0.0089245662
0.0091116762
0.0093442647
0.0096279348
0.0099322891
0.0101977032
0.0103990698
0.0104746393
0.0103898587
0.0102133256
0.0099808642
0.0096327196
0.0091319628
0.0085358420
0.0078779716
0.0070472838
0.0060470185
0.0050221283
0.0041673371
0.0035022308
0.0028019010
0.0020034322
0.0009794742
-0.0002089292
-0.0012908789
-0.0020672111
-0.0025551021
-0.0028490002
-0.0030294231
-0.0031431959
-0.0031884450
-0.0031539790
-0.0030742521
-0.0029323196
-0.0026928583
-0.0024579986
-0.0023338468
-0.0023778519
-0.0025760947
-0.0029163987
-0.0033935293
-0.0039277832
-0.0045102503
-0.0051778565
-0.0059849820
-0.0068168041
-0.0075385036
-0.0080454598
-0.0083730179
-0.0086741715
-0.0090016840
-0.0093176483
-0.0096202035
-0.0099525399
-0.0102869525
-0.0106164988
-0.0109193701
-0.0111578223
-0.0113215558
-0.0113545019
-0.0112842224
-0.0111239277
-0.0108901299
-0.0106720229
-0.0103955040
-0.0100123045
-0.0094656714
-0.0087005630
-0.0078007854
-0.0067506021
-0.0055218258
-0.0042398037
-0.0029670148
-0.0019027942
-0.0011375284
-0.0006290757
-0.0002842701
-0.0000099036
0.0001668752
0.0003110567
0.0005058396
0.0007490342
0.0009972038
0.0012942244
0.0016784732
0.0020869296
0.0024014543
0.0025771520
0.0027221852
0.0029994342
0.0033906611
0.0038524907
0.0042522122
0.0043870314
0.0042983818
0.0040206732
0.0036868049
0.0033385593
0.0029506757
0.0025185771
0.0020755324
0.0016007035
0.0011224960
0.0007573927
0.0004602316
0.0001926297
-0.0000084356
-0.0002004278
-0.0003958379
-0.0005924425
-0.0007776535
-0.0009444583
-0.0010578285
-0.0010488267
-0.0009254403
-0.0007153821
-0.0005311744
-0.0004033711
-0.0002984728
-0.0002036385
-0.0001567281
-0.0002153878
-0.0004177027
-0.0007448143
-0.0011074492
-0.0013830190
-0.0015398011
-0.0015607324
-0.0014268131
-0.0011626868
-0.0008994269
-0.0006818779
-0.0005164382
-0.0004451597
-0.0004667634
-0.0006432930
-0.0009176874
-0.0012103395
-0.0014480515
-0.0016036712
-0.0017468645
-0.0020005154
-0.0024055934
-0.0029576665
-0.0036209061
-0.0044208022
-0.0052423017
-0.0059528996
-0.0064770297
-0.0068204318
-0.0070083110
-0.0071057349
-0.0071092583
-0.0069860361
-0.0067298820
-0.0064053161
-0.0061728710
-0.0061271023
-0.0061661403
-0.0062281995
-0.0063417966
-0.0064984506
-0.0067064403
-0.0070085783
-0.0074492022
-0.0079963307
-0.0085893094
-0.0091844133
-0.0097351402
-0.0102150824
-0.0104850206
-0.0104759138
-0.0102675166
-0.0099006011
-0.0093739645
-0.0087398618
-0.0078986428
-0.0068984133
-0.0057743717
-0.0046990160
-0.0038597038
-0.0032496986
-0.0027864556
-0.0023782309
-0.0020250962
-0.0017591411
-0.0016027322
-0.0015581903
-0.0015663448
-0.0015820101
-0.0015118483
-0.0013213737
-0.0010709324
-0.0008268019
-0.0005927835
-0.0002144953
0.0004045543
0.0013633354
0.0026472790
0.0040485543
0.0053251462
0.0063162330
0.0070591383
0.0076836844
0.0082497436
0.0086139604
0.0086883826
0.0085069571
0.0081741024
0.0077577807
0.0072277022
0.0064838647
0.0054597437
0.0042924399
0.0030642301
0.0019452504
0.0009351096
-0.0000231237
-0.0009167357
-0.0015889351
-0.0020374914
-0.0023496185
-0.0025751569
-0.0027718649
-0.0029052505
-0.0029790691
-0.0029559474
-0.0028116401
-0.0025291689
-0.0021966855
-0.0018956121
-0.0015966462
-0.0013079707
-0.0010349579
-0.0008141430
-0.0006238173
-0.0004792623
-0.0004495778
-0.0004628062
-0.0004716079
-0.0005493039
-0.0007426856
-0.0009829422
-0.0011755687
-0.0013399667
-0.0014454818
-0.0014943313
-0.0014786838
-0.0014197953
-0.0013004577
-0.0011504151
-0.0010093552
-0.0008784851
-0.0007061958
-0.0004244416
-0.0000710404
0.0002728986
0.0005853817
0.0008198085
0.0009341872
0.0009638349
0.0008770210
0.0007262757
0.0005929807
0.0004114610
0.0001077769
-0.0003087363
-0.0007933884
-0.0012630598
-0.0016812541
-0.0020899116
-0.0025086919
-0.0027993831
-0.0029205417
-0.0030529620
-0.0033385626
-0.0036215743
-0.0037448453
-0.0037009931
-0.0036371706
-0.0036073665
-0.0036252085
-0.0036691128
-0.0036965571
-0.0037030075
-0.0037429711
-0.0038212786
-0.0039448821
-0.0041055908
-0.0042303057
-0.0042672251
-0.0042842490
-0.0043746913
-0.0045646564
-0.0047354302
-0.0048024340
-0.0047431974
-0.0046271818
-0.0044628551
-0.0042494385
-0.0039881215
-0.0037030564
-0.0034276424
-0.0032507882
-0.0030691723
-0.0028367028
-0.0026192568
-0.0024195587
-0.0022120735
-0.0020453851
-0.0019149994
-0.0017085057
-0.0013998112
-0.0011337139
-0.0009341051
-0.0008518658
-0.0008331868
-0.0008321050
-0.0009028793
-0.0010609801
-0.0013121254
-0.0015632340
-0.0018135589
-0.0020547931
-0.0022412765
-0.0024296224
-0.0026998113
-0.0030165735
-0.0033092474
-0.0035694790
-0.0037800959
-0.0039212285
-0.0039731184
-0.0039139372
-0.0036473367
-0.0030317559
-0.0020550072
-0.0008792182
0.0002593992
0.0013380854
0.0024610751
0.0033711111
0.0038673406
0.0040344703
0.0039737898
0.0039142599
0.0036681383
0.0031356288
0.0024415936
0.0017783048
0.0011223708
0.0005175269
0.0000300152
-0.0002941226
-0.0003426990
-0.0001687905
0.0001383093
0.0005402557
0.0010180526
0.0016316944
0.0024705734
0.0035980283
0.0048948286
0.0062266578
0.0075778056
0.0088123739
0.0097915737
0.0105184622
0.0110615001
0.0114875512
0.0118220551
0.0120570654
0.0121712492
0.0121928298
0.0121532409
0.0120549924
0.0118425601
0.0115408491
0.0112110388
0.0108624901
0.0105139348
0.0101405526
0.0096814902
0.0092163034
0.0087870678
0.0084455464
0.0081663711
0.0079061623
0.0076308037
0.0073945516
0.0072201631
0.0070852821
0.0069656485
0.0068258913
0.0067226657
0.0067606770
0.0067760060
0.0065885115
0.0063137950
0.0061010661
0.0059818758
0.0058658309
0.0057697434
0.0056690405
0.0055913002
0.0055463138
0.0055119465
0.0055212163
0.0056149081
0.0057870671
0.0059349239
0.0060863726
0.0062625505
0.0064610684
0.0066576991
0.0068081960
0.0069630801
0.0071422990
0.0073571693
0.0075509904
0.0076929998
0.0077763268
0.0078135525
0.0078333958
0.0078096184
0.0076979215
0.0075055314
0.0071116018
0.0064969610
0.0058221450
0.0050749210
0.0040017654
0.0026055480
0.0011233437
-0.0002479862
-0.0015053220
-0.0026983168
-0.0037534045
-0.0046518523
-0.0053632683
-0.0058773855
-0.0062243339
-0.0064312513
-0.0064803022
-0.0064068806
-0.0062463903
-0.0060071721
-0.0057030720
-0.0052958245
-0.0048090832
-0.0043721065
-0.0040615333
-0.0038994295
-0.0038918970
-0.0040563703
-0.0043432868
-0.0046480094
-0.0048964746
-0.0051327071
-0.0053538519
-0.0055618090
-0.0057699617
-0.0059967159
-0.0062023458
-0.0063878196
-0.0066051117
-0.0068325634
-0.0070253186
-0.0071899321
-0.0073425965
-0.0075096284
-0.0077693288
-0.0081258044
-0.0085349424
-0.0089762443
-0.0094661505
-0.0099692411
-0.0104442714
-0.0108648401
-0.0112295621
-0.0115750274
-0.0119112359
-0.0121654051
-0.0122952145
-0.0122717532
-0.0121839511
-0.0120317006
-0.0117259578
-0.0112237407
-0.0106119845
-0.0099746582
-0.0094676368
-0.0090480296
-0.0085668846
-0.0081117922
-0.0077907399
-0.0075806152
-0.0075148142
-0.0076377136
-0.0079964024
-0.0085722073
-0.0091972325
-0.0097185498
-0.0101208951
-0.0104205298
-0.0106758299
-0.0108970171
-0.0110446392
-0.0110412918
-0.0107687689
-0.0102570604
-0.0095843923
-0.0088262884
-0.0080713168
-0.0072915932
-0.0064282852
-0.0054904507
-0.0044751464
-0.0033902569
-0.0022039608
-0.0009175864
0.0003831005
0.0015828397
0.0026290334
0.0034568891
0.0041071390
0.0046835957
0.0051375995
0.0053893697
0.0053906539
0.0051098163
0.0046344340
0.0041401471
0.0037766898
0.0036221935
0.0037279974
0.0040776836
0.0046268884
0.0052491595
0.0059429258
0.0067733691
0.0077477352
0.0087725015
0.0097752538
0.0106342985
0.0113778165
0.0120006612
0.0124935075
0.0128263556
0.0130257861
0.0131118444
0.0130336576
0.0127456134
0.0122353293
0.0116693385
0.0111967593
0.0107814089
0.0103512477
0.0099254574
0.0095837306
0.0093878529
0.0092814884
0.0093286195
0.0095619284
0.0100605275
0.0108146745
0.0117446212
0.0128376984
0.0140541998
0.0152681849
0.0164543444
0.0175994190
0.0185935762
0.0193572732
0.0199547858
0.0204230006
0.0206871305
0.0207188153
0.0205518811
0.0201919766
0.0196658778
0.0190332940
0.0182406077
0.0171982503
0.0159830494
0.0146415755
0.0132362563
0.0116739310
0.0099187332
0.0081076723
0.0065028410
0.0052057213
0.0040439650
0.0027680217
0.0013864166
0.0000516724
-0.0009932644
-0.0016832850
-0.0022178440
-0.0026845148
-0.0031147520
-0.0035320838
-0.0038916591
-0.0042245822
-0.0045194190
-0.0048471075
-0.0052142675
-0.0055862318
-0.0060111779
-0.0065194738
-0.0071587688
-0.0078015774
-0.0082968976
-0.0087032879
-0.0090593072
-0.0094146061
-0.0097173959
-0.0097863195
-0.0095564004
-0.0091217869
-0.0086140125
-0.0081414007
-0.0076876153
-0.0071080914
-0.0063909779
-0.0056713319
-0.0050364110
-0.0045269124
-0.0041545080
-0.0038754891
-0.0036119264
-0.0033915672
-0.0033062422
-0.0034283008
-0.0037115765
-0.0041190326
-0.0046230228
-0.0051742027
-0.0059117854
-0.0068323189
-0.0077992013
-0.0086755405
-0.0094781223
-0.0102589378
-0.0109049374
-0.0112718041
-0.0113417348
-0.0111302347
-0.0105729433
-0.0098167103
-0.0090260677
-0.0082833645
-0.0074808902
-0.0066053072
-0.0057860698
-0.0051176454
-0.0046314158
-0.0042575512
-0.0039457719
-0.0036854164
-0.0034369317
-0.0031764057
-0.0029594989
-0.0028790980
-0.0029848073
-0.0031475166
-0.0032787328
-0.0033310138
-0.0032888467
-0.0031305429
-0.0029087583
-0.0026852260
-0.0024911429
-0.0023455302
-0.0023241527
-0.0023757841
-0.0024975284
-0.0026576188
-0.0028448761
-0.0030654823
-0.0033166137
-0.0035679732
-0.0038176541
-0.0040481142
-0.0042395788
-0.0044624314
-0.0047899863
-0.0051608620
-0.0055255285
-0.0058934381
-0.0061900905
-0.0063762128
-0.0065143924
-0.0066609650
-0.0068376578
-0.0069634093
-0.0069553748
-0.0067937763
-0.0065370160
-0.0062025740
-0.0058184781
-0.0053518865
-0.0048052599
-0.0042723424
-0.0038359655
-0.0034520326
-0.0030007077
-0.0024631755
-0.0019435766
-0.0014914082
-0.0010426638
-0.0005691090
-0.0001393136
0.0002186545
0.0005184571
0.0007864872
0.0010325022
0.0012403029
0.0015220826
0.0018882611
0.0022346854
0.0024766682
0.0026089183
0.0026634955
0.0026980779
0.0026937109
0.0026960215
0.0027148939
0.0028237775
0.0030563452
0.0033431453
0.0036185821
0.0039127768
0.0042189760
0.0045152079
0.0047941453
0.0050307429
0.0051421790
0.0050924045
0.0049146751
0.0046712979
0.0043298417
0.0038932301
0.0034481734
0.0029780518
0.0022984219
0.0013749562
0.0004589532
-0.0002604526
-0.0007593972
-0.0009693253
-0.0008600030
-0.0004508578
0.0001998121
0.0010055854
0.0019241958
0.0029696552
0.0041253558
0.0053438846
0.0065552948
0.0076842842
0.0086396837
0.0093336455
0.0098176751
0.0102009496
0.0104479871
0.0105252841
0.0103788386
0.0100105998
0.0094933047
0.0089442466
0.0084269580
0.0078700871
0.0071646912
0.0063911279
0.0057968258
0.0054781301
0.0054152592
0.0055039968
0.0055872716
0.0056054330
0.0055981711
0.0056003255
0.0055168454
0.0052855150
0.0049248771
0.0043774618
0.0035301770
0.0022317415
0.0007171239
-0.0006517016
-0.0017256731
-0.0025272109
-0.0031947993
-0.0038013016
-0.0043391213
-0.0048123100
-0.0050586500
-0.0050718082
-0.0049022959
-0.0046557049
-0.0044446904
-0.0042253775
-0.0039429525
-0.0035373445
-0.0030751113
-0.0026499820
-0.0023075991
-0.0020450429
-0.0018174764
-0.0016596321
-0.0016532182
-0.0018316999
-0.0020760810
-0.0023289173
-0.0025729203
-0.0027944399
-0.0029811932
-0.0030451834
-0.0028928142
-0.0025898158
-0.0022784176
-0.0019823539
-0.0016677666
-0.0013415746
-0.0010290753
-0.0006755413
-0.0002819896
0.0001531248
0.0006031526
0.0009660112
0.0011986434
0.0012992654
0.0013659283
0.0014020110
0.0013908576
0.0012699789
0.0009756154
0.0005457071
0.0000853924
-0.0003407685
-0.0007882822
-0.0012406083
-0.0015737149
-0.0018914296
-0.0022747162
-0.0026469214
-0.0028909850
-0.0029806336
-0.0029846166
-0.0029903753
-0.0029863086
-0.0029335530
-0.0028637657
-0.0027934249
-0.0027474049
-0.0026883270
-0.0025557220
-0.0022554860
-0.0018223574
-0.0013062256
-0.0008532925
-0.0003872539
0.0001663589
0.0008111812
0.0014379066
0.0019327795
0.0021856915
0.0021889672
0.0019168680
0.0015184982
0.0010708730
0.0006427923
0.0003406828
0.0000783162
-0.0001957335
-0.0005017317
-0.0007757455
-0.0010123464
-0.0011466636
-0.0011629688
-0.0010690719
-0.0008792120
-0.0006249532
-0.0003465663
-0.0000286701
0.0003041556
0.0006352178
0.0009614636
0.0011322054
0.0011502802
0.0010868836
0.0009854431
0.0007655940
0.0004633349
0.0001762281
-0.0000971596
-0.0003656352
-0.0005902838
-0.0007102769
-0.0007579152
-0.0007737791
-0.0007437683
-0.0006472861
-0.0004687426
-0.0002104941
0.0001378186
0.0005491200
0.0009735636
0.0014467865
0.0019932413
0.0026260070
0.0031326406
0.0034047319
0.0035166765
0.0034629581
0.0032418564
0.0028553948
0.0023356617
0.0017721781
0.0011825468
0.0005283664
-0.0002154568
-0.0009351973
-0.0015798498
-0.0022189160
-0.0027261473
-0.0030218349
-0.0031360806
-0.0031219142
-0.0030391880
-0.0028599675
-0.0026201805
-0.0023367878
-0.0020627447
-0.0017987410
-0.0015018308
-0.0011575933
-0.0007713384
-0.0004608828
-0.0003500924
-0.0004174557
-0.0006217662
-0.0009629072
-0.0014372791
-0.0020265620
-0.0026747190
-0.0033732232
-0.0041546873
-0.0049962289
-0.0057593426
-0.0063432960
-0.0067536627
-0.0069775617
-0.0070189432
-0.0069046942
-0.0066321909
-0.0061884510
-0.0056523360
-0.0052196846
-0.0048577332
-0.0045074113
-0.0041781323
-0.0039129985
-0.0037765659
-0.0037938180
-0.0039342792
-0.0040590202
-0.0041652152
-0.0043400111
-0.0046082185
-0.0049426931
-0.0052746546
-0.0055282957
-0.0056381738
-0.0057325045
-0.0059828797
-0.0063201639
-0.0066196226
-0.0068025376
-0.0068333358
-0.0067520135
-0.0064975314
-0.0060186779
-0.0054398483
-0.0047855241
-0.0040099563
-0.0031072873
-0.0021841498
-0.0013642484
-0.0007262001
-0.0002755301
0.0000139267
0.0001895130
0.0003161325
0.0004130108
0.0005055273
0.0005475568
0.0004618068
0.0003371222
0.0001525901
-0.0000673519
-0.0002614594
-0.0004328496
-0.0006059274
-0.0007666586
-0.0009417559
-0.0011008574
-0.0012877747
-0.0014750476
-0.0016191365
-0.0016863055
-0.0017134141
-0.0015710804
-0.0013042429
-0.0010410308
-0.0007648665
-0.0004143283
0.0000033792
0.0003681137
0.0007434626
0.0011114984
0.0013966055
0.0016280125
0.0018541911
0.0021866321
0.0026527153
0.0031794631
0.0035998829
0.0039053095
0.0041848369
0.0044925810
0.0048568466
0.0051726936
0.0054094314
0.0055834515
0.0057143072
0.0058250915
0.0059060260
0.0059817161
0.0060645900
0.0061335950
0.0062245490
0.0063502353
0.0065367585
0.0067528935
0.0070098625
0.0073170362
0.0076524560
0.0079398548
0.0081012643
0.0081522448
0.0081370657
0.0080910884
0.0080405512
0.0079752130
0.0079217846
0.0078384512
0.0077110048
0.0075543346
0.0074420803
0.0074621942
0.0076301160
0.0078559836
0.0080740319
0.0082902125
0.0085759621
0.0089416651
0.0093277590
0.0096358617
0.0097791032
0.0097912738
0.0097342699
0.0096714643
0.0095879287
0.0095406575
0.0094516722
0.0092495592
0.0089590508
0.0087025610
0.0085428562
0.0084335909
0.0083170147
0.0081995226
0.0081053842
0.0080046487
0.0079283230
0.0079165011
0.0079181569
0.0078083342
0.0076322574
0.0074849253
0.0073058825
0.0070650313
0.0067712570
0.0064402994
0.0060159465
0.0054955060
0.0047708209
0.0039381481
0.0031244927
0.0023459217
0.0015491491
0.0006960632
-0.0002475883
-0.0012062668
-0.0020789294
-0.0027863676
-0.0033536113
-0.0038629795
-0.0043871259
-0.0048385874
-0.0050645561
-0.0050833205
-0.0049353170
-0.0046706135
-0.0043192323
-0.0037612695
-0.0029289543
-0.0018590144
-0.0007821219
0.0001059683
0.0008198724
0.0014206212
0.0018614065
0.0020947215
0.0022312718
0.0023487746
0.0024460740
0.0024821443
0.0023726955
0.0021332912
0.0018628537
0.0016802274
0.0015799942
0.0014324888
0.0012570713
0.0011106454
0.0009503256
0.0007773247
0.0005878774
0.0004810954
0.0004986099
0.0005690628
0.0004728882
0.0000842068
-0.0005151494
-0.0010969350
-0.0015217273
-0.0018342774
-0.0021617185
-0.0026259745
-0.0032595055
-0.0039428254
-0.0045941248
-0.0052724480
-0.0059990464
-0.0067465931
-0.0074194405
-0.0079755356
-0.0084722573
-0.0089478222
-0.0093579836
-0.0096977254
-0.0099815356
-0.0101393271
-0.0101801122
-0.0101135777
-0.0099556624
-0.0096346068
-0.0091495995
-0.0085197111
-0.0077967796
-0.0068625761
-0.0058904036
-0.0050275780
-0.0041477936
-0.0031768158
-0.0022794472
-0.0016237939
-0.0011722780
-0.0008702196
-0.0005687534
-0.0002530673
-0.0000077053
0.0000677316
-0.0000111077
-0.0001679105
-0.0003656388
-0.0005666899
-0.0006584173
-0.0006469588
-0.0006425756
-0.0008172052
-0.0012247402
-0.0016557388
-0.0019324151
-0.0020349472
-0.0020227618
-0.0019817317
-0.0019728351
-0.0020326750
-0.0020850776
-0.0021520683
-0.0022741670
-0.0024421047
-0.0026538216
-0.0029304722
-0.0032596163
-0.0036162940
-0.0040001520
-0.0043771423
-0.0047957065
-0.0053955170
-0.0061305964
-0.0068402393
-0.0074513632
-0.0079334110
-0.0082559463
-0.0084714360
-0.0086606449
-0.0088350758
-0.0089654719
-0.0090289327
-0.0090406666
-0.0090150834
-0.0090253701
-0.0091061710
-0.0091832008
-0.0092391519
-0.0093041185
-0.0094107861
-0.0095108403
-0.0095439658
-0.0095036696
-0.0093852747
-0.0092456902
-0.0092117239
-0.0090684498
-0.0086188984
-0.0081598555
-0.0078329200
-0.0074642965
-0.0070073527
-0.0063880836
-0.0056056775
-0.0047977600
-0.0040694895
-0.0033896017
-0.0027369979
-0.0021328163
-0.0016088123
-0.0012315609
-0.0008403497
-0.0003176449
0.0002959063
0.0009048281
0.0013947868
0.0017412876
0.0019779341
0.0022078620
0.0024816463
0.0028404371
0.0032825365
0.0036806642
0.0039593050
0.0041627935
0.0043318104
0.0044700552
0.0045088096
0.0044044497
0.0042085719
0.0040849750
0.0039877532
0.0038483871
0.0037380234
0.0037233755
0.0037486523
0.0038212297
0.0040274887
0.0043181860
0.0046010478
0.0048070460
0.0050029303
0.0052674937
0.0056297971
0.0059517784
0.0061518380
0.0062418402
0.0062511197
0.0062690889
0.0062647604
0.0061359614
0.0058856383
0.0055432890
0.0051498060
0.0046999417
0.0041572981
0.0034657351
0.0026477089
0.0019868877
0.0015636205
0.0011757062
0.0007513605
0.0004019125
0.0002218541
0.0001943518
0.0002447668
0.0003940146
0.0006680052
0.0009938528
0.0012372518
0.0014581928
0.0017259508
0.0020250261
0.0022788752
0.0024964805
0.0027087496
0.0029935409
0.0033564698
0.0036499018
0.0037619833
0.0036675548
0.0034217070
0.0030953311
0.0027532849
0.0023243792
0.0018859763
0.0014959655
0.0011363632
0.0007692641
0.0003605857
0.0000363637
-0.0001575553
-0.0002396124
-0.0002747364
-0.0002529709
-0.0001082833
0.0001376681
0.0004322198
0.0007142517
0.0009781088
0.0012116116
0.0014255817
0.0016037592
0.0016925366
0.0015834707
0.0012606420
0.0008179546
0.0003395720
-0.0001056129
-0.0005669155
-0.0010725956
-0.0016586413
-0.0024352146
-0.0031185727
-0.0035474584
-0.0037286395
-0.0037890495
-0.0038856846
-0.0040218075
-0.0040560314
-0.0039820655
-0.0038512130
-0.0036779947
-0.0034781894
-0.0031905653
-0.0028363680
-0.0024275165
-0.0018911242
-0.0012447129
-0.0005219564
0.0003542677
0.0013397493
0.0023200142
0.0031670982
0.0038269793
0.0043597077
0.0048251064
0.0051578112
0.0053599568
0.0054032190
0.0053020435
0.0051170000
0.0048587632
0.0045699106
0.0043059926
0.0040523710
0.0037798156
0.0035043788
0.0032841434
0.0031597756
0.0030401257
0.0028628217
0.0026720645
0.0025849123
0.0026632455
0.0028656232
0.0031253369
0.0033791684
0.0036156421
0.0037458818
0.0037223684
0.0035458939
0.0032277422
0.0027789544
0.0023046650
0.0018493395
0.0013789076
0.0007832017
-0.0000184728
-0.0009153612
-0.0016490380
-0.0020225405
-0.0020480477
-0.0018349720
-0.0015272500
-0.0011660734
-0.0006299261
0.0001626569
0.0012335234
0.0024776362
0.0035899188
0.0044713916
0.0051380493
0.0057122538
0.0061774830
0.0064689887
0.0066326309
0.0066973563
0.0066320866
0.0063826860
0.0059379650
0.0053220954
0.0045705299
0.0037204486
0.0028753477
0.0021328417
0.0014553239
0.0008723379
0.0004179449
0.0001038374
-0.0000547241
-0.0001209001
-0.0001173904
-0.0000400690
0.0001003613
0.0002967784
0.0004988041
0.0006366532
0.0006673070
0.0006472160
0.0006340626
0.0004801619
0.0000744353
-0.0005322604
-0.0011797864
-0.0017728756
-0.0023004724
-0.0027497559
-0.0031747021
-0.0036087322
-0.0039497614
-0.0042161631
-0.0044014250
-0.0045037086
-0.0044575521
-0.0042199538
-0.0038810693
-0.0034898548
-0.0030709171
-0.0025457006
-0.0019027473
-0.0012184531
-0.0005676091
0.0000221864
0.0005282803
0.0009609985
0.0013112180
0.0014754123
0.0015239297
0.0015082072
0.0013985514
0.0011862325
0.0008507622
0.0004102159
0.0000066495
-0.0002886959
-0.0005309237
-0.0008097715
-0.0010716260
-0.0013074661
-0.0015459858
-0.0018231814
-0.0021131183
-0.0023170253
-0.0023593681
-0.0022808370
-0.0022087583
-0.0021995228
-0.0021712956
-0.0020987231
-0.0020503583
-0.0020647731
-0.0021318238
-0.0022386895
-0.0024180548
-0.0026647807
-0.0029394225
-0.0032597239
-0.0034857805
-0.0036056390
-0.0036984378
-0.0037849785
-0.0038749905
-0.0039411989
-0.0039876358
-0.0040107190
-0.0039589693
-0.0038121685
-0.0036005250
-0.0034361983
-0.0033373273
-0.0032137642
-0.0030423623
-0.0028349697
-0.0026257877
-0.0024315722
-0.0022583865
-0.0021019359
-0.0020193049
-0.0019717689
-0.0019270394
-0.0019013816
-0.0018785008
-0.0018790908
-0.0019270270
-0.0020158033
-0.0021376431
-0.0022426807
-0.0023376613
-0.0024295129
-0.0025520796
-0.0027059530
-0.0028762476
-0.0029848112
-0.0030392626
-0.0030575626
-0.0030553615
-0.0030004691
-0.0028745527
-0.0027209632
-0.0025385319
-0.0023172144
-0.0020804903
-0.0018661688
-0.0016835927
-0.0015145458
-0.0013394810
-0.0012635093
-0.0013238427
-0.0014414838
-0.0015299550
-0.0016122872
-0.0017413156
-0.0018687187
-0.0019663261
-0.0020173642
-0.0019881087
-0.0018682258
-0.0016967063
-0.0015101303
-0.0012334728
-0.0007881681
-0.0001729887
0.0006259571
0.0014911442
0.0021981447
0.0027289596
0.0031190277
0.0034968104
0.0038290523
0.0040887037
0.0042939588
0.0044293256
0.0045253968
0.0046135542
0.0046227001
0.0045420850
0.0044579725
0.0044391853
0.0045266321
0.0046268591
0.0047038791
0.0047958076
0.0049469075
0.0051560674
0.0053944837
0.0056212347
0.0058021028
0.0059459277
0.0060585372
0.0061170470
0.0060770703
0.0060022863
0.0058925613
0.0056825671
0.0053556413
0.0049828099
0.0045523782
0.0041197822
0.0036756382
0.0031467920
0.0024374613
0.0016537665
0.0008849528
0.0002060753
-0.0002816953
-0.0005550069
-0.0007506379
-0.0010056965
-0.0013187362
-0.0016437764
-0.0019017483
-0.0020701553
-0.0021355659
-0.0021418507
-0.0021587439
-0.0022208540
-0.0022582972
-0.0022106442
-0.0020273576
-0.0018389475
-0.0017974079
-0.0018416130
-0.0019116523
-0.0019868333
-0.0020423323
-0.0020526350
-0.0020712671
-0.0021745091
-0.0023463004
-0.0024801290
-0.0025249170
-0.0024960346
-0.0024728201
-0.0024835807
-0.0024535263
-0.0022817943
-0.0019221926
-0.0014528040
-0.0009930376
-0.0005425953
-0.0000043950
0.0007044416
0.0014926308
0.0022196640
0.0027337437
0.0031996310
0.0037790366
0.0042774727
0.0045923191
0.0047255639
0.0046506691
0.0044479042
0.0041427090
0.0038206006
0.0034926253
0.0031331357
0.0027742824
0.0024677954
0.0021910262
0.0020013648
0.0018958031
0.0017945575
0.0017387547
0.0017662524
0.0018654671
0.0020763267
0.0023676092
0.0025818241
0.0027469574
0.0029485525
0.0032052395
0.0034995907
0.0037027337
0.0037970579
0.0037820874
0.0037452462
0.0036726428
0.0035346001
0.0033692206
0.0030668330
0.0025620489
0.0018894779
0.0010316972
0.0001199151
-0.0006935427
-0.0013949123
-0.0020118500
-0.0025430846
-0.0029236242
-0.0032034530
-0.0034337766
-0.0036719387
-0.0038240067
-0.0038668387
-0.0038472757
-0.0038339349
-0.0037988016
-0.0037198423
-0.0036686761
-0.0036395336
-0.0036344261
-0.0036814562
-0.0037157616
-0.0037427593
-0.0036948133
-0.0035538990
-0.0034345817
-0.0033791847
-0.0033916128
-0.0034152468
-0.0033844030
-0.0032897757
-0.0031852906
-0.0030602914
-0.0028746713
-0.0026724850
-0.0024645122
-0.0022258468
-0.0019132426
-0.0015020486
-0.0009438801
-0.0003701678
-0.0000133265
0.0001443177
0.0002795470
0.0004486391
0.0006248079
0.0008492694
0.0010964093
0.0012473570
0.0013025643
0.0012659571
0.0012150337
0.0011618677
0.0010903777
0.0009252395
0.0006510347
0.0003080641
-0.0000468665
-0.0004265739
-0.0008810040
-0.0013782964
-0.0018610476
-0.0022282425
-0.0024559562
-0.0026306794
-0.0027336945
-0.0027578833
-0.0026569180
-0.0025837077
-0.0026167220
-0.0028275976
-0.0032414024
-0.0037118763
-0.0040651545
-0.0042544678
-0.0042748847
-0.0040766960
-0.0036918146
-0.0031207095
-0.0023640020
-0.0013453750
-0.0003185826
0.0004234468
0.0008123027
0.0011071155
0.0015581571
0.0020326317
0.0024944812
0.0029533279
0.0033801429
0.0036523855
0.0036182888
0.0032343265
0.0026495918
0.0021591950
0.0019043691
0.0018061799
0.0017073141
0.0014942178
0.0011465622
0.0007405164
0.0003656639
0.0001482809
0.0001393815
0.0002241341
0.0002923419
0.0004021814
0.0005247856
0.0005857532
0.0005995135
0.0005348506
0.0004401324
0.0002744968
-0.0000369506
-0.0004169394
-0.0007946703
-0.0011337413
-0.0014414456
-0.0016667448
-0.0018262622
-0.0019577799
-0.0020519046
-0.0019228761
-0.0014535390
-0.0007886883
-0.0000405437
0.0006724188
0.0012170708
0.0013736514
0.0013070111
0.0012473850
0.0012154502
0.0012381058
0.0014346843
0.0018238629
0.0023463656
0.0029425614
0.0034919082
0.0039826228
0.0044167735
0.0047611535
0.0049970112
0.0050447649
0.0050359547
0.0049813595
0.0049015723
0.0048255074
0.0047691423
0.0047644846
0.0048300901
0.0048989159
0.0049864866
0.0049716725
0.0048124925
0.0045789653
0.0043896259
0.0042480923
0.0041261348
0.0040030757
0.0038623602
0.0036760065
0.0034523715
0.0032568650
0.0031459455
0.0030338690
0.0029451819
0.0028946330
0.0028227864
0.0027210307
0.0026577899
0.0026563232
0.0026738275
0.0027258928
0.0026922025
0.0025249215
0.0024501639
0.0025382379
0.0025971935
0.0025838058
0.0026140326
0.0026216649
0.0025520359
0.0023689250
0.0020887650
0.0017714453
0.0013784255
0.0009381288
0.0002226902
-0.0008719164
-0.0019031912
-0.0026800432
-0.0032465878
-0.0036677178
-0.0039852238
-0.0042554195
-0.0044690448
-0.0046236518
-0.0048108595
-0.0050670104
-0.0053521276
-0.0056430760
-0.0059543892
-0.0062499789
-0.0064362936
-0.0064961234
-0.0065126127
-0.0065604023
-0.0066921022
-0.0069614439
-0.0072935782
-0.0075973947
-0.0078648199
-0.0080632595
-0.0081349927
-0.0081646403
-0.0081445493
-0.0080179113
-0.0077616301
-0.0074011291
-0.0070153350
-0.0066349027
-0.0062935149
-0.0058937380
-0.0051858193
-0.0042404392
-0.0031783555
-0.0022650341
-0.0016942875
-0.0014192432
-0.0012139548
-0.0009996692
-0.0008105945
-0.0006362523
-0.0004937247
-0.0003835323
-0.0002309348
-0.0000692499
0.0000508023
0.0001247456
0.0001773694
0.0002428677
0.0002669922
0.0002256630
0.0001219659
0.0000193824
-0.0001293331
-0.0003151135
-0.0004693185
-0.0004979951
-0.0003395192
-0.0000813025
0.0001746307
0.0003970566
0.0006382784
0.0008989660
0.0011573365
0.0014278340
0.0017189916
0.0019433045
0.0020593546
0.0022055413
0.0023222707
0.0024218321
0.0025155556
0.0025524740
0.0025398803
0.0025180758
0.0024199563
0.0023622957
0.0023343961
0.0023493799
0.0023409765
0.0022733436
0.0021640385
0.0020189842
0.0019177399
0.0019534308
0.0021121637
0.0023124608
0.0024894125
0.0026102256
0.0026719984
0.0027117815
0.0027629383
0.0028729732
0.0029877248
0.0030578318
0.0030872780
0.0030970820
0.0031128495
0.0030844195
0.0029772744
0.0027755737
0.0024471043
0.0021438745
0.0018556077
0.0016465642
0.0014867476
0.0012652368
0.0010247706
0.0007781187
0.0005985386
0.0004812352
0.0004290520
0.0004458576
0.0004295145
0.0003786954
0.0003537286
0.0003512948
0.0003685661
0.0003908575
0.0003645880
0.0003256356
0.0002528665
0.0001137896
-0.0000143314
-0.0001266090
-0.0002061319
-0.0001860225
-0.0000146788
0.0001718092
0.0002174169
0.0000980097
-0.0001358291
-0.0002966938
-0.0003583615
-0.0005654836
-0.0009488800
-0.0014491127
-0.0019268223
-0.0024074617
-0.0029339871
-0.0033920463
-0.0037456569
-0.0039513162
-0.0040924912
-0.0041597264
-0.0041334359
-0.0040753369
-0.0039878607
-0.0038571517
-0.0037175053
-0.0035892278
-0.0035079967
-0.0034486689
-0.0034662045
-0.0035130032
-0.0034747344
-0.0034172579
-0.0033779885
-0.0033973331
-0.0034394871
-0.0034826026
-0.0035867865
-0.0037027826
-0.0037751024
-0.0038439608
-0.0038926271
-0.0039022555
-0.0038510044
-0.0037082877
-0.0034966702
-0.0032490780
-0.0029868926
-0.0026288160
-0.0020889263
-0.0016041194
-0.0012220945
-0.0008970143
-0.0005478802
-0.0001359953
0.0002932317
0.0005887770
0.0007179857
0.0007077427
0.0006314802
0.0005052653
0.0003880147
0.0004638896
0.0006418197
0.0007511359
0.0007010625
0.0005372923
0.0003402587
0.0001719477
-0.0000203933
-0.0002797367
-0.0005483159
-0.0007391524
-0.0008204552
-0.0007902117
-0.0006911480
-0.0005128679
-0.0002974026
-0.0001565682
-0.0000582950
0.0001171245
0.0003529268
0.0005819495
0.0007709180
0.0009245293
0.0010514926
0.0011394136
0.0011807942
0.0011795116
0.0011400362
0.0010763329
0.0009497278
0.0007988355
0.0006842452
0.0006277521
0.0006718357
0.0006847166
0.0006454465
0.0005265444
0.0004433419
0.0003005606
0.0001337777
-0.0000228260
-0.0001326758
-0.0001997388
-0.0003045702
-0.0003993900
-0.0004600207
-0.0004552522
-0.0004021804
-0.0003744878
-0.0004432999
-0.0006018997
-0.0007411631
-0.0008219046
-0.0008924393
-0.0009494299
-0.0009060050
-0.0007272001
-0.0004902270
