0.0109257435
0.0118271788
0.0126020733
0.0132768638
0.0138867513
0.0144073642
0.0148048666
0.0151436651
0.0154972542
0.0157606239
0.0158315878
0.0157230060
0.0154953062
0.0151468473
0.0146272343
0.0139141226
0.0130282537
0.0119764435
0.0107600368
0.0094115073
0.0079959133
0.0065299345
0.0050740644
0.0036797875
0.0023493085
0.0010610703
-0.0001990258
-0.0014563486
-0.0026913878
-0.0038735895
-0.0049965119
-0.0060486013
-0.0069563494
-0.0076665615
-0.0082058712
-0.0085792536
-0.0086952962
-0.0085109374
-0.0080464462
-0.0073181784
-0.0062847721
-0.0049447413
-0.0033632125
-0.0015746574
0.0002937269
0.0021373367
0.0039203886
0.0056020967
0.0071724925
0.0086691489
0.0100599816
0.0112798670
0.0123353972
0.0133215666
0.0142764516
0.0150678950
0.0156530695
0.0160864314
0.0163735523
0.0164962180
0.0164428200
0.0162233395
0.0158892230
0.0155147478
0.0150891776
0.0145975117
0.0140841459
0.0136184928
0.0132292028
0.0128873255
0.0125087854
0.0120851805
0.0116929289
0.0113599260
0.0110563044
0.0107705936
0.0105431179
0.0103850961
0.0102346075
0.0100449082
0.0098195908
0.0095729148
0.0093116965
0.0089894228
0.0086147993
0.0082408102
0.0079247217
0.0076902644
0.0075023407
0.0073018260
0.0070353810
0.0067046949
0.0063529710
0.0059188334
0.0052902765
0.0044576193
0.0035321536
0.0025067114
0.0013393461
0.0000198588
-0.0014289253
-0.0030195556
-0.0047833855
-0.0067004198
-0.0086956134
-0.0107444153
-0.0128538277
-0.0149229710
-0.0168244492
-0.0185233200
-0.0200270752
-0.0213276368
-0.0223608777
-0.0231152962
-0.0236510651
-0.0239892430
-0.0241057166
-0.0239859229
-0.0236299204
-0.0230042975
-0.0221427211
-0.0211596891
-0.0200994148
-0.0189602400
-0.0177341177
-0.0163976896
-0.0149397647
-0.0134195192
-0.0118977153
-0.0104240241
-0.0090158667
-0.0076680061
-0.0063652311
-0.0050511338
-0.0037707895
-0.0026540061
-0.0017904803
-0.0012067818
-0.0007952824
-0.0004302111
-0.0001176128
0.0000767578
0.0001424483
0.0001248345
0.0000556847
-0.0000507983
-0.0001874662
-0.0004276581
-0.0008395081
-0.0014068900
-0.0020527860
-0.0027259041
-0.0033708761
-0.0039387510
-0.0044995951
-0.0050969641
-0.0056608214
-0.0060829163
-0.0062949015
-0.0063045895
-0.0061188447
-0.0057246555
-0.0051309446
-0.0043540091
-0.0033744162
-0.0022466129
-0.0011121100
-0.0000997161
0.0008367303
0.0017955898
0.0027409029
0.0035915471
0.0043630524
0.0050860038
0.0057573845
0.0063849898
0.0069934535
0.0076118224
0.0081726940
0.0085494551
0.0087559240
0.0088783828
0.0089083674
0.0088617545
0.0087207781
0.0084417249
0.0079560682
0.0072480902
0.0064140539
0.0055186659
0.0045454943
0.0034909294
0.0024573552
0.0015142214
0.0006207664
-0.0002060093
-0.0008848426
-0.0014097630
-0.0018314052
-0.0021506597
-0.0023491675
-0.0024238132
-0.0023658702
-0.0021650621
-0.0018040194
-0.0012993987
-0.0007477562
-0.0002090524
0.0003635119
0.0010198514
0.0016739281
0.0022123097
0.0026219994
0.0029068538
0.0030885182
0.0032716710
0.0035564392
0.0038855186
0.0041778248
0.0044354058
0.0046891909
0.0049753947
0.0052258494
0.0053833265
0.0054634131
0.0054598998
0.0053090699
0.0050213905
0.0046001162
0.0040200167
0.0032673369
0.0024251196
0.0016325846
0.0009026761
0.0001917183
-0.0005064628
-0.0011708712
-0.0018006931
-0.0024173402
-0.0030084295
-0.0035576665
-0.0040747248
-0.0045559305
-0.0049749259
-0.0053334417
-0.0056183699
-0.0057854523
-0.0058274935
-0.0057595462
-0.0055714501
-0.0052687112
-0.0048817518
-0.0044306721
-0.0038832500
-0.0032810332
-0.0026607653
-0.0020356334
-0.0014061601
-0.0007729272
-0.0001732772
0.0004035097
0.0009924663
0.0015651704
0.0021581436
0.0028008356
0.0034121147
0.0039849226
0.0046084079
0.0052587542
0.0058628083
0.0063291543
0.0066131344
0.0067825198
0.0068889020
0.0069061164
0.0068789140
0.0068992658
0.0069902299
0.0071438697
0.0073536553
0.0076195246
0.0079286521
0.0082007376
0.0084037002
0.0085975298
0.0088058915
0.0089844202
0.0091254483
0.0092479416
0.0093463976
0.0094521936
0.0096148699
0.0098692618
0.0101797167
0.0104155841
0.0105800186
0.0107242428
0.0108685945
0.0110124152
0.0111622729
0.0113463662
0.0114716625
0.0114564512
0.0113111963
0.0110250269
0.0105659486
0.0099516135
0.0092822566
0.0086221464
0.0079669595
0.0073323071
0.0067599271
0.0063273409
0.0060179168
0.0057363122
0.0054448851
0.0051528237
0.0048707157
0.0045818261
0.0042277923
0.0037646319
0.0030908599
0.0021949502
0.0012454705
0.0003979582
-0.0003414094
-0.0010385972
-0.0017653228
-0.0024618910
-0.0030535416
-0.0035226552
-0.0038821571
-0.0041429306
-0.0042564151
-0.0042056788
-0.0040507771
-0.0038300968
-0.0035647067
-0.0032570931
-0.0029024083
-0.0025554815
-0.0022932213
-0.0021307909
-0.0020385481
-0.0020065355
-0.0020706417
-0.0022495824
-0.0025062084
-0.0027872269
-0.0030176145
-0.0031477393
-0.0032470972
-0.0033099228
-0.0032503645
-0.0030605170
-0.0028147647
-0.0024999308
-0.0021114483
-0.0017804313
-0.0016051454
-0.0015975595
-0.0016105601
-0.0015759514
-0.0015995905
-0.0017432127
-0.0020078098
-0.0023802319
-0.0028692821
-0.0034340476
-0.0039489424
-0.0044149679
-0.0048680437
-0.0052087867
-0.0053378548
-0.0052752825
-0.0050722647
-0.0047001891
-0.0041173280
-0.0033005810
-0.0022864707
-0.0011510032
0.0000207165
0.0011396010
0.0022592932
0.0035068026
0.0049252790
0.0064400461
0.0078867729
0.0091015316
0.0100146581
0.0106229080
0.0109235094
0.0109714979
0.0108029262
0.0103999971
0.0098046105
0.0090885752
0.0082472471
0.0072940342
0.0062849514
0.0052806850
0.0043136676
0.0034096941
0.0026387314
0.0020515221
0.0016593909
0.0014420241
0.0013853091
0.0014989770
0.0017428776
0.0021023005
0.0025319813
0.0029485757
0.0033144135
0.0035850964
0.0037629839
0.0039296250
0.0040667227
0.0040429439
0.0037802293
0.0033021524
0.0027532395
0.0022540623
0.0017507600
0.0011561241
0.0004992606
-0.0001450311
-0.0007056177
-0.0011574056
-0.0015743103
-0.0020956716
-0.0027293011
-0.0033136639
-0.0037190361
-0.0040733802
-0.0044492104
-0.0047439197
-0.0048737393
-0.0048418481
-0.0046622747
-0.0043065964
-0.0038898558
-0.0035418968
-0.0032252284
-0.0028168437
-0.0022781673
-0.0016661301
-0.0010017334
-0.0002934652
0.0004053163
0.0010456829
0.0017193732
0.0025841964
0.0035570218
0.0043409768
0.0048485953
0.0052462735
0.0056334777
0.0058877524
0.0059083593
0.0057649005
0.0055567595
0.0052857773
0.0048834239
0.0043820492
0.0038357166
0.0032065581
0.0024954654
0.0017792229
0.0011231399
0.0004637582
-0.0002878784
-0.0010704308
-0.0017620861
-0.0023009131
-0.0026523002
-0.0027655650
-0.0027017522
-0.0025645959
-0.0023847253
-0.0021169546
-0.0017539219
-0.0014486634
-0.0012917221
-0.0011765844
-0.0009295606
-0.0005733113
-0.0002628080
-0.0001133032
-0.0000980849
-0.0000698886
0.0000928744
0.0003534339
0.0005405226
0.0005301561
0.0003854134
0.0002676007
0.0002846598
0.0003625272
0.0004083051
0.0004110760
0.0003771645
0.0003033669
0.0002248467
0.0002257711
0.0003836372
0.0006814390
0.0010815521
0.0016120408
0.0022581403
0.0029303647
0.0035800731
0.0042041894
0.0048232168
0.0054772004
0.0062050027
0.0070098335
0.0078102478
0.0085350196
0.0091396218
0.0095836923
0.0098384186
0.0099576573
0.0100243772
0.0100223396
0.0098479653
0.0094198508
0.0088011681
0.0080864119
0.0072381849
0.0061418512
0.0046827437
0.0027971594
0.0006302483
-0.0016062253
-0.0038718277
-0.0061484467
-0.0083294368
-0.0103031477
-0.0120162989
-0.0134749616
-0.0146913925
-0.0156352931
-0.0161904623
-0.0162499351
-0.0158446615
-0.0151022444
-0.0141365371
-0.0129532662
-0.0114101624
-0.0094035190
-0.0071931442
-0.0051611602
-0.0034279431
-0.0019799348
-0.0007812344
0.0002751802
0.0011683231
0.0017605632
0.0020307352
0.0021544142
0.0023287261
0.0025476104
0.0026604464
0.0025500128
0.0021959538
0.0017205461
0.0012583611
0.0008231122
0.0003571602
-0.0002869194
-0.0011386725
-0.0020141794
-0.0027408581
-0.0034220534
-0.0042928125
-0.0053852916
-0.0065709725
-0.0077366877
-0.0087081527
-0.0093795886
-0.0098399494
-0.0102384689
-0.0106891728
-0.0111709473
-0.0114395024
-0.0111901751
-0.0103922673
-0.0092965990
-0.0082735944
-0.0075650647
-0.0070901028
-0.0065546235
-0.0058072072
-0.0049945846
-0.0043626732
-0.0040276327
-0.0038565544
-0.0036547606
-0.0033081818
-0.0028185682
-0.0023279238
-0.0020064924
-0.0018503479
-0.0016548202
-0.0012334815
-0.0006624364
-0.0001668583
0.0001552769
0.0004318015
0.0008088222
0.0012724784
0.0017571159
0.0021924702
0.0024942797
0.0026620434
0.0028456799
0.0031023986
0.0033683906
0.0036625938
0.0041559802
0.0049282337
0.0058922620
0.0069264509
0.0079348959
0.0089075400
0.0098438557
0.0107402677
0.0114969238
0.0119287722
0.0120074142
0.0118196767
0.0114607126
0.0109260469
0.0101148655
0.0090315606
0.0078217769
0.0066344170
0.0055391418
0.0044931065
0.0033605175
0.0020780904
0.0007700452
-0.0003692161
-0.0013252971
-0.0021990419
-0.0030176973
-0.0037602223
-0.0044858663
-0.0053432366
-0.0064079343
-0.0074867192
-0.0082673437
-0.0087213160
-0.0091552296
-0.0098767467
-0.0108806235
-0.0118932230
-0.0125102197
-0.0124779285
-0.0118292750
-0.0107850705
-0.0094885979
-0.0079867527
-0.0063263134
-0.0046375410
-0.0031644241
-0.0020963256
-0.0013584157
-0.0005971711
0.0003982944
0.0014588293
0.0022762807
0.0026391989
0.0025841702
0.0025149132
0.0028731184
0.0036859037
0.0045575578
0.0051993262
0.0058351956
0.0069526879
0.0086445668
0.0105467794
0.0122500115
0.0135489562
0.0144512913
0.0151304949
0.0157878814
0.0165073437
0.0171244404
0.0172479059
0.0165533981
0.0151152802
0.0133152780
0.0114698007
0.0097434725
0.0082187105
0.0069543738
0.0059386990
0.0050745644
0.0043308716
0.0036697305
0.0030084926
0.0022545919
0.0015241859
0.0010671245
0.0009176926
0.0009052926
0.0009882035
0.0012385461
0.0015850636
0.0019359370
0.0024075046
0.0031566033
0.0041926292
0.0053950969
0.0065491761
0.0075968594
0.0086167990
0.0095989036
0.0104381976
0.0110842377
0.0115762209
0.0119161295
0.0120089829
0.0117085642
0.0109522977
0.0098600461
0.0085780020
0.0071678036
0.0056827246
0.0042440206
0.0030420508
0.0021687366
0.0016293159
0.0014703177
0.0016065587
0.0016383389
0.0011833523
0.0003485951
-0.0004157970
-0.0008787636
-0.0011969534
-0.0015799900
-0.0020399420
-0.0024959305
-0.0029190148
-0.0033021607
-0.0036256379
-0.0039312454
-0.0043337746
-0.0047447437
-0.0048568215
-0.0045645256
-0.0041096017
-0.0037852871
-0.0035695577
-0.0032419839
-0.0026197218
-0.0016729565
-0.0005564948
0.0004616500
0.0010575188
0.0010822409
0.0007442885
0.0003235117
-0.0000594819
-0.0005019577
-0.0011586271
-0.0020662217
-0.0032322872
-0.0046689736
-0.0061842027
-0.0073873255
-0.0080377959
-0.0082458680
-0.0082668748
-0.0081394996
-0.0076801558
-0.0068086810
-0.0056802630
-0.0045430430
-0.0036295442
-0.0029650837
-0.0022684834
-0.0013018762
-0.0002596602
0.0004472617
0.0007164773
0.0007999037
0.0010509282
0.0015753353
0.0020784248
0.0021421207
0.0015515903
0.0004176270
-0.0008503035
-0.0018208831
-0.0023598043
-0.0026757345
-0.0031243636
-0.0038693695
-0.0048253785
-0.0057385808
-0.0063789150
-0.0067966347
-0.0071975193
-0.0077473928
-0.0084317955
-0.0090662720
-0.0095288532
-0.0097921298
-0.0098253036
-0.0096890988
-0.0094968482
-0.0093209466
-0.0091319576
-0.0088358003
-0.0084814768
-0.0083643550
-0.0086857943
-0.0092118408
-0.0095428509
-0.0094846710
-0.0091544917
-0.0088329214
-0.0087651052
-0.0088955041
-0.0088427129
-0.0083579113
-0.0077299233
-0.0074154966
-0.0075093913
-0.0077785393
-0.0079472662
-0.0079350752
-0.0079312482
-0.0081611132
-0.0086345064
-0.0091778706
-0.0095754937
-0.0096892505
-0.0095332456
-0.0092804879
-0.0090491025
-0.0087679220
-0.0082382072
-0.0074106492
-0.0064968711
-0.0056556843
-0.0047658988
-0.0035626761
-0.0019545697
-0.0001571792
0.0015002547
0.0027735816
0.0035569149
0.0039643364
0.0042552877
0.0045572613
0.0047622235
0.0048806037
0.0051273038
0.0056210384
0.0061861990
0.0067533178
0.0075009410
0.0085802775
0.0098788395
0.0111300955
0.0121814609
0.0130839133
0.0139962020
0.0150190135
0.0160638007
0.0168774438
0.0173711508
0.0177695979
0.0183203781
0.0189821294
0.0195531063
0.0199243131
0.0200794423
0.0201728784
0.0203639671
0.0205391585
0.0205195548
0.0202155264
0.0196838947
0.0190084009
0.0181362848
0.0170039054
0.0156585099
0.0142678220
0.0129158932
0.0115697357
0.0101239467
0.0083891440
0.0063629590
0.0042271510
0.0020897829
0.0000650801
-0.0018231479
-0.0037000186
-0.0057149606
-0.0079116584
-0.0101819611
-0.0124010173
-0.0143670882
-0.0158350114
-0.0167504306
-0.0172431412
-0.0174151021
-0.0172044753
-0.0163816923
-0.0147361126
-0.0123105359
-0.0092786537
-0.0057749644
-0.0019131280
0.0021477901
0.0062624690
0.0103884335
0.0145194799
0.0185165522
0.0221401250
0.0252254981
0.0277685862
0.0298457075
0.0314017781
0.0322246989
0.0322712670
0.0317180286
0.0305681487
0.0284501653
0.0251075110
0.0208886172
0.0165054682
0.0123847958
0.0084963467
0.0047006304
0.0009032474
-0.0029861870
-0.0068376106
-0.0103211482
-0.0133090722
-0.0159069476
-0.0180285201
-0.0193445722
-0.0197955657
-0.0197576651
-0.0194111094
-0.0185552319
-0.0169970928
-0.0144527187
-0.0106989194
-0.0062044028
-0.0019174259
0.0016258668
0.0046887738
0.0078102961
0.0111777910
0.0145575563
0.0175703347
0.0199659234
0.0216645494
0.0227868615
0.0235699167
0.0242491168
0.0248686613
0.0252209299
0.0250358919
0.0242325988
0.0227732431
0.0206318843
0.0179756531
0.0152332914
0.0129295874
0.0113149991
0.0101557000
0.0090258788
0.0076680854
0.0061204272
0.0047703291
0.0041536564
0.0044491311
0.0053143104
0.0062728327
0.0071413012
0.0079075177
0.0085073277
0.0089408275
0.0092578296
0.0094386821
0.0095301771
0.0097128190
0.0099866697
0.0100169853
0.0094979791
0.0085040282
0.0073157030
0.0059388990
0.0040255675
0.0015167723
-0.0011117529
-0.0033397327
-0.0049735537
-0.0059701455
-0.0062472439
-0.0058952201
-0.0052235049
-0.0044819394
-0.0035870513
-0.0023845784
-0.0009973644
0.0002915200
0.0012354670
0.0018245101
0.0022764158
0.0027659322
0.0031875823
0.0032980255
0.0030599302
0.0026810805
0.0024985190
0.0027245101
0.0032154469
0.0036045380
0.0037186637
0.0036895755
0.0036887998
0.0037183741
0.0036419386
0.0031727320
0.0020001149
0.0000788436
-0.0023323292
-0.0048890264
-0.0073150548
-0.0094533141
-0.0112063793
-0.0123723703
-0.0127987541
-0.0126015113
-0.0121052426
-0.0115901047
-0.0112220422
-0.0108974034
-0.0103723293
-0.0096404828
-0.0088636887
-0.0080897734
-0.0073287525
-0.0067656365
-0.0064430904
-0.0060185615
-0.0051648975
-0.0038522724
-0.0022187738
-0.0004372671
0.0011851537
0.0024150671
0.0034818206
0.0049014416
0.0069342875
0.0094076149
0.0119469140
0.0143377483
0.0166270202
0.0188765540
0.0210320897
0.0230605743
0.0249461656
0.0265945586
0.0278278039
0.0285470628
0.0289068061
0.0292465526
0.0297602666
0.0304436557
0.0311475655
0.0316840584
0.0319451285
0.0319051904
0.0315152108
0.0308307737
0.0301019405
0.0296135188
0.0294458331
0.0294889776
0.0295696330
0.0294914289
0.0290902305
0.0283522920
0.0273944661
0.0263937371
0.0253679329
0.0241051098
0.0223704829
0.0201530300
0.0176839674
0.0152794734
0.0130243853
0.0108268773
0.0086321654
0.0063864930
0.0040111182
0.0014560401
-0.0013373386
-0.0044697656
-0.0079814915
-0.0116999381
-0.0152439276
-0.0184076635
-0.0212289189
-0.0237351511
-0.0258127171
-0.0273576412
-0.0284460349
-0.0291797707
-0.0295319393
-0.0294641748
-0.0291576434
-0.0288328977
-0.0285080038
-0.0280310285
-0.0272192299
-0.0260368761
-0.0245520798
-0.0228751571
-0.0211552002
-0.0194970432
-0.0178760422
-0.0161987609
-0.0144415964
-0.0126453005
-0.0108887463
-0.0092080449
-0.0074706529
-0.0054288016
-0.0030155638
-0.0005307460
0.0016811238
0.0035509401
0.0052764616
0.0070018142
0.0086432911
0.0100808057
0.0114119552
0.0127860425
0.0141237737
0.0154485382
0.0169466771
0.0186410486
0.0203928416
0.0219712774
0.0231320141
0.0237717898
0.0238522522
0.0233365764
0.0222971194
0.0209427633
0.0195154919
0.0181947268
0.0171335803
0.0162565960
0.0152071200
0.0138046789
0.0123028027
0.0109490189
0.0095223647
0.0076974839
0.0055604485
0.0034502949
0.0014960541
-0.0003283775
-0.0019378429
-0.0031765652
-0.0040799757
-0.0048263611
-0.0055909779
-0.0063684616
-0.0070673894
-0.0077459068
-0.0084343468
-0.0089169384
-0.0089632307
-0.0086291555
-0.0082074503
-0.0078880658
-0.0075815930
-0.0071634319
-0.0067152552
-0.0064205735
-0.0062441513
-0.0060084632
-0.0057889655
-0.0058801157
-0.0063141362
-0.0067362552
-0.0068661955
-0.0068217753
-0.0069102984
-0.0072154784
-0.0076517330
-0.0083096504
-0.0091905374
-0.0099874247
-0.0104314780
-0.0106046421
-0.0107634224
-0.0110704159
-0.0115212680
-0.0120292554
-0.0124257131
-0.0125541296
-0.0124436343
-0.0122566276
-0.0121232603
-0.0120070384
-0.0119580087
-0.0122277290
-0.0127183055
-0.0128787649
-0.0125447484
-0.0123616790
-0.0127276660
-0.0131798972
-0.0132686686
-0.0131940294
-0.0131916367
-0.0130864336
-0.0127279763
-0.0123603482
-0.0121856051
-0.0121370304
-0.0121024155
-0.0120516309
-0.0119719994
-0.0118296198
-0.0116481019
-0.0114631088
-0.0113262110
-0.0111874549
-0.0108381030
-0.0101680979
-0.0093695799
-0.0087881462
-0.0083999043
-0.0078673934
-0.0070079959
-0.0059163372
-0.0048364042
-0.0039404335
-0.0031064679
-0.0021924871
-0.0013555321
-0.0007246477
-0.0001058719
0.0007410401
0.0017016527
0.0025512364
0.0033457000
0.0042747431
0.0053426264
0.0064200529
0.0074361415
0.0083888682
0.0093461217
0.0103848168
0.0114683010
0.0123343664
0.0128319382
0.0130364592
0.0130948942
0.0130915637
0.0130159798
0.0126712789
0.0118913233
0.0109372002
0.0101134105
0.0092927307
0.0083060579
0.0073971170
0.0068004030
0.0061813136
0.0050590980
0.0034944357
0.0017346848
-0.0004012673
-0.0030918728
-0.0059261287
-0.0084189804
-0.0108114282
-0.0136414786
-0.0167423699
-0.0193293437
-0.0211227125
-0.0227682439
-0.0246376069
-0.0263058380
-0.0274912430
-0.0285910486
-0.0300017193
-0.0315965903
-0.0331777670
-0.0348378581
-0.0365689821
-0.0380666279
-0.0390952489
-0.0395638256
-0.0394140231
-0.0389085215
-0.0386152258
-0.0386188114
-0.0383246192
-0.0373291652
-0.0359379843
-0.0345607665
-0.0330812245
-0.0312854596
-0.0293206644
-0.0274277123
-0.0256934991
-0.0241181318
-0.0227196073
-0.0214783495
-0.0203917073
-0.0193909920
-0.0184211199
-0.0175031322
-0.0166844520
-0.0161807880
-0.0161528996
-0.0162497282
-0.0159623487
-0.0154930997
-0.0155284317
-0.0160349366
-0.0163505493
-0.0164702223
-0.0167739577
-0.0169110520
-0.0164935736
-0.0161360196
-0.0164870954
-0.0170032262
-0.0167740163
-0.0160483033
-0.0158614139
-0.0165331394
-0.0172078954
-0.0169779408
-0.0162600610
-0.0165465406
-0.0182876112
-0.0199456475
-0.0202804328
-0.0203310381
-0.0214077372
-0.0228295061
-0.0235059860
-0.0236699758
-0.0239877157
-0.0246422544
-0.0254621585
-0.0259272738
-0.0257023597
-0.0254367283
-0.0258716003
-0.0266930939
-0.0273468224
-0.0279359272
-0.0285274006
-0.0289306262
-0.0294970211
-0.0305124304
-0.0312655767
-0.0314505320
-0.0322845993
-0.0343795658
-0.0361177473
-0.0360842012
-0.0352964365
-0.0353112616
-0.0357574628
-0.0356370691
-0.0354498246
-0.0362434504
-0.0379740917
-0.0398494330
-0.0412740910
-0.0418187930
-0.0415205670
-0.0414384084
-0.0425220546
-0.0437406437
-0.0431704633
-0.0411588690
-0.0400513302
-0.0408394052
-0.0423035049
-0.0432530701
-0.0440129085
-0.0455696479
-0.0480192378
-0.0503456070
-0.0518243250
-0.0526707351
-0.0533044221
-0.0537095267
-0.0530534986
-0.0506608991
-0.0478386818
-0.0472593305
-0.0498734102
-0.0536601212
-0.0562237265
-0.0575866708
-0.0595824057
-0.0628498932
-0.0654314611
-0.0655985021
-0.0646533155
-0.0645458852
-0.0648334577
-0.0644563485
-0.0642868251
-0.0653186524
-0.0661353088
-0.0648458005
-0.0625300157
-0.0620453038
-0.0638084569
-0.0656069145
-0.0663242427
-0.0671999582
-0.0692142072
-0.0711073731
-0.0712786892
-0.0705015779
-0.0709831180
-0.0733359310
-0.0763503575
-0.0789511980
-0.0798794219
-0.0767065737
-0.0688595424
-0.0606430902
-0.0573947374
-0.0594300864
-0.0627366363
-0.0640786875
-0.0624393068
-0.0575552623
-0.0504085965
-0.0440678992
-0.0413863136
-0.0420575806
-0.0433794972
-0.0433814624
-0.0422302069
-0.0412084124
-0.0414037935
-0.0425995588
-0.0431847712
-0.0420196214
-0.0399820659
-0.0386410146
-0.0380634216
-0.0372197352
-0.0355660810
-0.0330196211
-0.0299159061
-0.0277606531
-0.0281263022
-0.0300478530
-0.0305751923
-0.0285534066
-0.0257812465
-0.0240916293
-0.0231621711
-0.0220629930
-0.0208282308
-0.0194402183
-0.0171215995
-0.0135448637
-0.0097216313
-0.0071082619
-0.0065919242
-0.0082819585
-0.0111013624
-0.0130487950
-0.0133014493
-0.0128478494
-0.0117507261
-0.0084578808
-0.0031643510
0.0012037006
0.0027698805
0.0028824023
0.0034980696
0.0047325044
0.0058259834
0.0064663934
0.0063080648
0.0049303850
0.0029823666
0.0019938504
0.0026484560
0.0043505407
0.0059769236
0.0062289022
0.0040791861
-0.0002219116
-0.0049235345
-0.0083128568
-0.0100544170
-0.0106032596
-0.0101990617
-0.0090932261
-0.0080557929
-0.0078694034
-0.0088307597
-0.0111232691
-0.0147194706
-0.0190158410
-0.0233252404
-0.0275837724
-0.0320967066
-0.0367729824
-0.0412595418
-0.0453381349
-0.0489245346
-0.0521824375
-0.0555136730
-0.0587060351
-0.0607223528
-0.0612772944
-0.0616768482
-0.0627818012
-0.0633533262
-0.0622600264
-0.0608500556
-0.0609654500
-0.0618108258
-0.0611273195
-0.0589377550
-0.0575284736
-0.0578340777
-0.0584511813
-0.0584495608
-0.0585424418
-0.0584403900
-0.0562214166
-0.0521414788
-0.0496236244
-0.0505388850
-0.0515684713
-0.0485127759
-0.0436157336
-0.0426515501
-0.0435158537
-0.0375189265
-0.0255536329
-0.0198235679
-0.0243748750
-0.0283446105
-0.0239289531
-0.0168388848
-0.0135649431
-0.0110610967
-0.0043888309
0.0051011909
0.0141811365
0.0241506677
0.0388640462
0.0592640452
0.0818554705
0.1025014972
0.1205740582
0.1377885215
0.1547267896
0.1693416536
0.1764130216
0.1698847006
0.1507581781
0.1300646420
0.1183110233
0.1150355715
0.1127105125
0.1068398400
0.0980501734
0.0881700341
0.0783286126
0.0691549757
0.0618289951
0.0576531079
0.0547339069
0.0486755418
0.0390722872
0.0298961542
0.0217713522
0.0109415271
-0.0034595657
-0.0183139206
-0.0328591548
-0.0496327608
-0.0689722132
-0.0873594802
-0.1017716194
-0.1123605710
-0.1205249285
-0.1269970521
-0.1325014065
-0.1384379990
-0.1455134353
-0.1523335695
-0.1571929285
-0.1609555746
-0.1655947290
-0.1704523297
-0.1733186085
-0.1742683806
-0.1746521095
-0.1739871518
-0.1713252870
-0.1676494885
-0.1643003250
-0.1615039310
-0.1598290735
-0.1601199903
-0.1615185148
-0.1620511153
-0.1610411809
-0.1593909399
-0.1579537322
-0.1563334172
-0.1531764285
-0.1475987759
-0.1407767799
-0.1354769774
-0.1334200114
-0.1339924673
-0.1359360040
-0.1384569958
-0.1405832261
-0.1416887652
-0.1426602233
-0.1448736114
-0.1483523049
-0.1521470490
-0.1556668047
-0.1587670099
-0.1614604211
-0.1639387304
-0.1661679090
-0.1677260964
-0.1685775401
-0.1690996941
-0.1687143792
-0.1657433249
-0.1595819079
-0.1522089697
-0.1462523116
-0.1418047113
-0.1365638644
-0.1294568472
-0.1226414708
-0.1184001118
-0.1155698269
-0.1114690651
-0.1062004298
-0.1024816385
-0.1015982691
-0.1020372646
-0.1022456780
-0.1022798447
-0.1023735187
-0.1017472097
-0.0997192733
-0.0970134849
-0.0950225767
-0.0942390182
-0.0939722698
-0.0935696820
-0.0933600964
-0.0938282249
-0.0944950788
-0.0944276074
-0.0934753185
-0.0922121162
-0.0908792358
-0.0892224097
-0.0870667361
-0.0846191113
-0.0823080499
-0.0803082467
-0.0784241828
-0.0768132110
-0.0762253095
-0.0764568914
-0.0756167562
-0.0734852854
-0.0735796489
-0.0768478259
-0.0766825777
-0.0682149607
-0.0580476971
-0.0556272057
-0.0595349309
-0.0609147689
-0.0564698922
-0.0505320241
-0.0470025459
-0.0453729911
-0.0437624676
-0.0418811963
-0.0402639153
-0.0388693556
-0.0373512305
-0.0355658741
-0.0333696625
-0.0305084449
-0.0270520372
-0.0237335031
-0.0211834747
-0.0188860731
-0.0158348494
-0.0117419345
-0.0071575260
-0.0029637284
0.0002824894
0.0031538435
0.0070767809
0.0121407815
0.0160632146
0.0161478970
0.0117990698
0.0059233947
0.0035818797
0.0065058937
0.0099172296
0.0081835405
0.0022261301
-0.0011026134
0.0029681383
0.0104360600
0.0134556752
0.0111457274
0.0091699271
0.0108596443
0.0154387950
0.0221569118
0.0298346956
0.0348653362
0.0348477874
0.0320448256
0.0305824842
0.0328119282
0.0386334986
0.0451680944
0.0483231525
0.0472677429
0.0455371016
0.0462043003
0.0470851528
0.0428712030
0.0339913205
0.0300022365
0.0385204485
0.0536133704
0.0622735414
0.0605600696
0.0564217623
0.0576367659
0.0636851672
0.0696808187
0.0720591448
0.0698467910
0.0656033978
0.0643431605
0.0668527404
0.0667199006
0.0589380997
0.0477629359
0.0405248716
0.0374472144
0.0335680637
0.0275596005
0.0225296701
0.0197103213
0.0169355203
0.0127979474
0.0083303538
0.0047596343
0.0020654346
-0.0001558532
-0.0020327656
-0.0037363022
-0.0055022479
-0.0072461526
-0.0084707131
-0.0087760896
-0.0084460310
-0.0080297869
-0.0075258506
-0.0067933870
-0.0060912804
-0.0054045643
-0.0040796447
-0.0020677304
-0.0004657551
0.0001301279
0.0007891455
0.0026340146
0.0051117995
0.0070342570
0.0084461345
0.0102189929
0.0124272198
0.0145093954
0.0166813663
0.0197242397
0.0234890612
0.0270903067
0.0303124777
0.0332315028
0.0350509259
0.0354710969
0.0360726859
0.0383662674
0.0414097580
0.0430832020
0.0432225925
0.0434273168
0.0443177885
0.0452640783
0.0462987327
0.0476306822
0.0483540783
0.0479291150
0.0474604003
0.0478292351
0.0482422350
0.0479005680
0.0473273536
0.0471301453
0.0469295237
0.0463167987
0.0458794581
0.0461847863
0.0466332629
0.0464344686
0.0460056438
0.0461307953
0.0466723598
0.0472391615
0.0480460609
0.0490007287
0.0492161754
0.0483841767
0.0474170628
0.0471692422
0.0475013245
0.0480126872
0.0489020556
0.0503900823
0.0519111036
0.0525756820
0.0521500981
0.0511526788
0.0501825309
0.0496395873
0.0500063535
0.0516268753
0.0537629315
0.0547026018
0.0540866015
0.0535758249
0.0538416080
0.0534939766
0.0522230169
0.0518417359
0.0531246591
0.0544735367
0.0545267692
0.0539727240
0.0539209396
0.0541294219
0.0539153543
0.0536211967
0.0539763441
0.0546899143
0.0549878300
0.0549196345
0.0549512499
0.0550691267
0.0550669202
0.0552354782
0.0559137439
0.0567631535
0.0571929091
0.0571826350
0.0572488308
0.0577944981
0.0587066902
0.0594412224
0.0597235545
0.0599498614
0.0606093717
0.0615625570
0.0623132934
0.0627036418
0.0631188137
0.0639232997
0.0648580398
0.0654151535
0.0655419598
0.0655911585
0.0657879876
0.0659334805
0.0657968137
0.0658344281
0.0666216067
0.0677806541
0.0683835187
0.0681169771
0.0674083371
0.0666405690
0.0659532013
0.0653862962
0.0647246139
0.0638266608
0.0630549968
0.0627338782
0.0624464780
0.0616896736
0.0607078725
0.0599397941
0.0591854721
0.0579857764
0.0565160914
0.0554341690
0.0549499053
0.0546240288
0.0541241814
0.0535450715
0.0531436904
0.0530913198
0.0533041463
0.0536456753
0.0539363853
0.0540286457
0.0540056151
0.0541812753
0.0547442500
0.0554824023
0.0560859565
0.0564482407
0.0567489490
0.0571945985
0.0577325774
0.0582121868
0.0586070862
0.0588968653
0.0592467377
0.0601702728
0.0617977590
0.0633848382
0.0643542966
0.0651665744
0.0663955066
0.0678157172
0.0689776951
0.0699346038
0.0709696375
0.0719993962
0.0727275156
0.0731224151
0.0735265198
0.0743646554
0.0757294959
0.0770865101
0.0775846681
0.0770509988
0.0764808874
0.0766628224
0.0771003354
0.0769501192
0.0762734049
0.0757658346
0.0755834514
0.0752998092
0.0745612432
0.0732327759
0.0715717781
0.0706105597
0.0707885644
0.0705772549
0.0683174952
0.0648211150
0.0620965021
0.0602706008
0.0579207183
0.0545075655
0.0507205443
0.0471077008
0.0434601044
0.0394096100
0.0353682176
0.0323800454
0.0308354005
0.0299560408
0.0287920460
0.0271651528
0.0252568722
0.0228095474
0.0194156189
0.0155383852
0.0123414307
0.0102866126
0.0086866218
0.0068783383
0.0052483697
0.0042984839
0.0037018010
0.0028848357
0.0019670538
0.0015025288
0.0015716742
0.0020615311
0.0032567538
0.0050677310
0.0065423462
0.0068556490
0.0062710261
0.0057930441
0.0061712532
0.0073839950
0.0088328801
0.0101087424
0.0112877347
0.0126468796
0.0142341725
0.0157658161
0.0169322519
0.0176709455
0.0182271868
0.0188402187
0.0196318896
0.0205523287
0.0212446921
0.0214171012
0.0212778279
0.0214034931
0.0219401895
0.0223930447
0.0223356612
0.0219318391
0.0214775738
0.0209049800
0.0201381015
0.0192433961
0.0183656154
0.0176488354
0.0170721250
0.0163923940
0.0154537821
0.0144226375
0.0135175442
0.0126331577
0.0115636368
0.0103231754
0.0091375325
0.0081304149
0.0072493727
0.0065165437
0.0060181892
0.0058058282
0.0056588045
0.0052089694
0.0045320931
0.0040701704
0.0038045735
0.0032517805
0.0023535788
0.0015001213
0.0008424762
0.0002616360
-0.0002052668
-0.0004566542
-0.0007216906
-0.0012997273
-0.0020391259
-0.0025919778
-0.0030382190
-0.0036636350
-0.0042791216
-0.0045110621
-0.0044890486
-0.0045135514
-0.0045796058
-0.0046524074
-0.0048764906
-0.0051898416
-0.0053823852
-0.0056819558
-0.0064590878
-0.0073671461
-0.0073237258
-0.0059059045
-0.0045230394
-0.0050502994
-0.0071932993
-0.0088956765
-0.0093645290
-0.0096335978
-0.0103244442
-0.0108944419
-0.0109802275
-0.0109225716
-0.0110256716
-0.0112630802
-0.0115956279
-0.0121206642
-0.0128401576
-0.0135312108
-0.0140814843
-0.0146836731
-0.0154169055
-0.0160614528
-0.0164501602
-0.0167738991
-0.0174465761
-0.0185841443
-0.0197652225
-0.0205355556
-0.0210518692
-0.0218184167
-0.0228628040
-0.0237974372
-0.0245637158
-0.0254620965
-0.0266022918
-0.0278185606
-0.0289590939
-0.0299899041
-0.0310298403
-0.0322009443
-0.0334728348
-0.0346493724
-0.0355933523
-0.0364296951
-0.0372965500
-0.0381497175
-0.0389407920
-0.0396949071
-0.0404047538
-0.0409779337
-0.0413725573
-0.0417316696
-0.0421746644
-0.0428269001
-0.0438543833
-0.0450302899
-0.0457329309
-0.0456950407
-0.0454311883
-0.0454836967
-0.0457186919
-0.0458249155
-0.0458526005
-0.0459829580
-0.0461641001
-0.0463280382
-0.0465745831
-0.0469228351
-0.0472217506
-0.0474051337
-0.0475264927
-0.0476020318
-0.0476003769
-0.0474871545
-0.0471686561
-0.0466157141
-0.0460886989
-0.0459599963
-0.0461780288
-0.0463362782
-0.0460359836
-0.0452201546
-0.0441347501
-0.0432682745
-0.0431533972
-0.0435921513
-0.0434522437
-0.0420034517
-0.0402659839
-0.0397639645
-0.0401882038
-0.0399931331
-0.0388524964
-0.0376899324
-0.0368705178
-0.0359588428
-0.0347840740
-0.0336551009
-0.0327203194
-0.0318750747
-0.0310479166
-0.0301522907
-0.0289338912
-0.0273202509
-0.0258368786
-0.0250076656
-0.0245726798
-0.0239778104
-0.0231179544
-0.0221171495
-0.0209779298
-0.0197334899
-0.0184330317
-0.0170386306
-0.0156669085
-0.0145802318
-0.0138075887
-0.0131184592
-0.0123980419
-0.0117354494
-0.0110541462
-0.0099729237
-0.0084508819
-0.0070328676
-0.0060786997
-0.0052965031
-0.0043579636
-0.0034947150
-0.0030399074
-0.0026992102
-0.0019455650
-0.0007878288
0.0003634450
0.0012839240
0.0020919971
0.0029509474
0.0038938723
0.0049269167
0.0059658186
0.0067976828
0.0074060672
0.0080079871
0.0087148067
0.0095383482
0.0105157466
0.0115462431
0.0125579083
0.0138668753
0.0157282707
0.0175584367
0.0185006342
0.0186383663
0.0188444525
0.0196383093
0.0209020908
0.0221792253
0.0230767957
0.0236146850
0.0242363396
0.0253226646
0.0266355345
0.0276304818
0.0281136836
0.0283939712
0.0289176146
0.0296985632
0.0302758665
0.0304033107
0.0303961050
0.0307365032
0.0315600998
0.0325636905
0.0333745203
0.0338872758
0.0342892534
0.0347201536
0.0349820753
0.0348731970
0.0346222390
0.0347490454
0.0354954032
0.0363839096
0.0366613804
0.0362789617
0.0359010249
0.0359658072
0.0361385369
0.0359060931
0.0354223809
0.0352825423
0.0355971792
0.0358890959
0.0358639277
0.0357093329
0.0355553242
0.0352644763
0.0347611468
0.0341994339
0.0337553014
0.0334076527
0.0329353558
0.0321394167
0.0311278791
0.0302612759
0.0297048414
0.0292122136
0.0284717134
0.0274348869
0.0262405213
0.0250392638
0.0240249267
0.0233482089
0.0227548014
0.0217950344
0.0205618616
0.0196441048
0.0192726705
0.0191330904
0.0190414712
0.0190688425
0.0190124209
0.0186196936
0.0182457562
0.0184075084
0.0189412259
0.0193957326
0.0197364652
0.0202167779
0.0209380055
0.0217891906
0.0226542217
0.0233873334
0.0239762452
0.0246744662
0.0256644798
0.0268303709
0.0279870773
0.0291673590
0.0305902312
0.0322176794
0.0336405861
0.0347786266
0.0360780298
0.0378337704
0.0397252469
0.0412944325
0.0425201928
0.0437272666
0.0450991059
0.0465215575
0.0479721078
0.0495995940
0.0513742279
0.0529979562
0.0543041513
0.0553211879
0.0561892151
0.0573747408
0.0591635103
0.0609507628
0.0619318055
0.0624306531
0.0634733751
0.0650831401
0.0664352931
0.0673674818
0.0684093419
0.0696535474
0.0707201620
0.0715781563
0.0726203956
0.0741492777
0.0761270156
0.0781290597
0.0795519940
0.0802230196
0.0805254862
0.0808387096
0.0812047173
0.0815405232
0.0817843789
0.0818120639
0.0815029088
0.0809347970
0.0801768549
0.0791048274
0.0776865476
0.0760965379
0.0744946681
0.0728112603
0.0709427799
0.0689893483
0.0671079046
0.0653226862
0.0635917001
0.0619378045
0.0603633439
0.0587588194
0.0570191106
0.0551423213
0.0532001982
0.0512957928
0.0493941456
0.0474019618
0.0454473580
0.0436964787
0.0420370668
0.0403487287
0.0387225871
0.0372689684
0.0359239866
0.0346053453
0.0333550408
0.0322296326
0.0312529547
0.0303386871
0.0293761378
0.0283875688
0.0275022791
0.0267595586
0.0260040092
0.0252414058
0.0246820960
0.0244061767
0.0243365504
0.0243416737
0.0243368400
0.0243185086
0.0243271554
0.0243935167
0.0244980234
0.0245704216
0.0246250056
0.0247559561
0.0249531748
0.0251492695
0.0253693672
0.0256729784
0.0260003719
0.0261979009
0.0261953841
0.0261655615
0.0263359467
0.0265955274
0.0266551416
0.0264949167
0.0263378671
0.0262904923
0.0262624211
0.0263044141
0.0264724067
0.0264649838
0.0260898466
0.0256755056
0.0256493824
0.0258881665
0.0259549967
0.0258470837
0.0259121280
0.0262542156
0.0266031158
0.0267607929
0.0267947906
0.0267637924
0.0266410336
0.0264436942
0.0262416005
0.0260618788
0.0258596230
0.0255831383
0.0252099766
0.0246869159
0.0240627445
0.0234666029
0.0229149194
0.0222490895
0.0213750703
0.0203934897
0.0194779120
0.0186357978
0.0178031371
0.0170049914
0.0162129585
0.0153531472
0.0144998384
0.0137194380
0.0129436299
0.0120999091
0.0113266937
0.0107505694
0.0103166110
0.0098388841
0.0093257355
0.0089717878
0.0088129937
0.0087044498
0.0085745474
0.0085187258
0.0086269835
0.0088468674
0.0090640690
0.0092970300
0.0095780898
0.0098557502
0.0100758306
0.0103025961
0.0106564541
0.0111435312
0.0116325356
0.0120755304
0.0126008183
0.0132625903
0.0139580497
0.0146624835
0.0154672006
0.0164012649
0.0172407864
0.0178921464
0.0185940151
0.0195667385
0.0207824039
0.0220458166
0.0231849845
0.0241751464
0.0250721652
0.0259432297
0.0268305157
0.0277616460
0.0287257881
0.0296399971
0.0304195184
0.0310487613
0.0315624339
0.0320297109
0.0324706991
0.0328102561
0.0330054165
0.0331514300
0.0333867941
0.0337383801
0.0340270662
0.0342052743
0.0344918470
0.0349438748
0.0353569436
0.0356493085
0.0359292961
0.0363291946
0.0368627950
0.0374909312
0.0381436495
0.0387573399
0.0393154534
0.0397675156
0.0400569155
0.0401889968
0.0402046149
0.0401396603
0.0399966842
0.0397877881
0.0395539997
0.0394140576
0.0394943200
0.0397572760
0.0400185081
0.0401989607
0.0403223883
0.0402832569
0.0400210939
0.0397580000
0.0397171792
0.0398013031
0.0397701359
0.0396535347
0.0396360204
0.0396852191
0.0396419505
0.0394435699
0.0392159528
0.0390845265
0.0390074705
0.0389118313
0.0386757329
0.0381048974
0.0372305955
0.0363672572
0.0358623762
0.0357363628
0.0357234685
0.0355513249
0.0350357215
0.0341077217
0.0328067153
0.0314081839
0.0302940325
0.0295534564
0.0291133784
0.0288952218
0.0287981863
0.0287459468
0.0287046882
0.0287446677
0.0288918810
0.0289862135
0.0289093298
0.0287673811
0.0287211854
0.0287187651
0.0285714829
0.0281131803
0.0274460092
0.0268854375
0.0265742379
0.0263438868
0.0260220200
0.0255988012
0.0251761512
0.0247593589
0.0242125677
0.0234437860
0.0225313526
0.0216844598
0.0209771920
0.0202666627
0.0193583423
0.0182923001
0.0172300434
0.0161235045
0.0148446668
0.0134794540
0.0121967653
0.0108913596
0.0093852979
0.0077887686
0.0063297611
0.0049914679
0.0036091097
0.0021104109
0.0005788731
-0.0008399256
-0.0020701504
-0.0031181363
-0.0040014681
-0.0046744244
-0.0051340199
-0.0055437686
-0.0060724421
-0.0067012921
-0.0072668732
-0.0076329120
-0.0078365399
-0.0080190060
-0.0083000658
-0.0086829328
-0.0091446417
-0.0096910709
-0.0103289710
-0.0110162629
-0.0117317396
-0.0124199279
-0.0130273710
-0.0135272977
-0.0139856693
-0.0144817862
-0.0149435675
-0.0152793630
-0.0155148340
-0.0157426062
-0.0160448039
-0.0164280397
-0.0168769439
-0.0173896477
-0.0179560805
-0.0185427823
-0.0190845399
-0.0195962370
-0.0202197292
-0.0209890211
-0.0217514452
-0.0224165063
-0.0230572370
-0.0237335513
-0.0243852043
-0.0249638799
-0.0255275303
-0.0261362836
-0.0267891674
-0.0274954837
-0.0282112846
-0.0288868646
-0.0295604518
-0.0302716293
-0.0310018864
-0.0317505749
-0.0325256072
-0.0332329060
-0.0338324126
-0.0342655022
-0.0343932980
-0.0341351516
-0.0336083604
-0.0329336630
-0.0321598960
-0.0314423851
-0.0309698366
-0.0308439404
-0.0309256371
-0.0310877375
-0.0314110731
-0.0319015668
-0.0323851066
-0.0328558036
-0.0335008095
-0.0343103774
-0.0350861613
-0.0357595314
-0.0363947699
-0.0370863782
-0.0378374594
-0.0386943505
-0.0397425543
-0.0407838628
-0.0416083110
-0.0423919729
-0.0434376599
-0.0447139290
-0.0459458952
-0.0470875317
-0.0483409771
-0.0497333992
-0.0510942059
-0.0522570802
-0.0531521717
-0.0538135782
-0.0543062199
-0.0545417322
-0.0543990664
-0.0540602266
-0.0536654306
-0.0528947321
-0.0514636268
-0.0495491197
-0.0474484713
-0.0451791615
-0.0426154182
-0.0399572770
-0.0376817613
-0.0358531709
-0.0340560062
-0.0320560892
-0.0300009539
-0.0280095700
-0.0260225578
-0.0240187760
-0.0219350800
-0.0196655357
-0.0171708188
-0.0145191110
-0.0117806694
-0.0088503289
-0.0055285987
-0.0017984207
0.0021133487
0.0060533247
0.0100843016
0.0141081246
0.0178433718
0.0212035404
0.0243496344
0.0272939071
0.0297130849
0.0314658018
0.0327340585
0.0337288851
0.0345432522
0.0351590457
0.0356078326
0.0359456382
0.0361344686
0.0361299866
0.0359335367
0.0356471364
0.0355062290
0.0355660465
0.0355720455
0.0353473590
0.0350259300
0.0348177580
0.0346946751
0.0344377768
0.0339040075
0.0331794633
0.0324347879
0.0316842860
0.0308846957
0.0300718007
0.0293228364
0.0287850609
0.0286134034
0.0288017271
0.0291425597
0.0295176866
0.0299949584
0.0305809569
0.0310786080
0.0312489692
0.0311475448
0.0312375228
0.0318874968
0.0328965037
0.0337177352
0.0339764126
0.0338479238
0.0339327820
0.0346109995
0.0355275013
0.0359874243
0.0358905784
0.0357352596
0.0357490849
0.0357555321
0.0358320020
0.0362247294
0.0368191471
0.0373197874
0.0377359936
0.0382161202
0.0386613905
0.0389299317
0.0391383106
0.0393959227
0.0396464669
0.0398132666
0.0398861165
0.0398653269
0.0397470708
0.0395604813
0.0393361051
0.0390222956
0.0385537878
0.0379808837
0.0373980847
0.0367338166
0.0358749259
0.0348348241
0.0337976150
0.0329762214
0.0323789766
0.0317392492
0.0308978348
0.0299216776
0.0289226448
0.0281042301
0.0277750714
0.0280093184
0.0283346949
0.0282622450
0.0279323002
0.0278608260
0.0281608620
0.0284596740
0.0286235397
0.0288801140
0.0293312212
0.0297481273
0.0298923756
0.0298179225
0.0297683067
0.0298168985
0.0298569091
0.0297798151
0.0296355186
0.0295357387
0.0294887190
0.0294717046
0.0294542592
0.0293739796
0.0291461177
0.0286917455
0.0280772173
0.0275023274
0.0270336955
0.0265209123
0.0258670080
0.0251666287
0.0244873217
0.0237644944
0.0229787570
0.0222091169
0.0215632974
0.0208431214
0.0196849601
0.0182518310
0.0172174110
0.0169256357
0.0169865842
0.0168904589
0.0166411075
0.0165482989
0.0167237971
0.0170626818
0.0174681829
0.0179020516
0.0183259220
0.0187057378
0.0191396410
0.0196769580
0.0201643798
0.0203780372
0.0203072973
0.0203288695
0.0207751328
0.0213743635
0.0216350509
0.0216077968
0.0217020328
0.0220785525
0.0225745212
0.0229620667
0.0232012370
0.0234415968
0.0238283837
0.0243604395
0.0250186672
0.0258135480
0.0266736109
0.0274500947
0.0281445923
0.0288987074
0.0296815902
0.0303360358
0.0307925111
0.0311442764
0.0315806861
0.0322572659
0.0330686094
0.0336284054
0.0336250025
0.0332604049
0.0332907308
0.0343403138
0.0360652388
0.0371390591
0.0367794641
0.0359813563
0.0360766852
0.0368711729
0.0372910681
0.0371663993
0.0372128398
0.0375797784
0.0378386661
0.0379551638
0.0381914691
0.0383756107
0.0381537168
0.0377341664
0.0375191334
0.0373356469
0.0366425215
0.0354737172
0.0344686164
0.0338520024
0.0330911194
0.0318165397
0.0302729084
0.0287816511
0.0273269498
0.0257737374
0.0241885097
0.0226822859
0.0211723042
0.0195457868
0.0179512985
0.0166571393
0.0155904903
0.0143289532
0.0126765677
0.0109567280
0.0096143734
0.0086449805
0.0075698673
0.0060419645
0.0043178876
0.0028476968
0.0016982492
0.0006906144
-0.0002919640
-0.0012221906
-0.0020139674
-0.0026767223
-0.0032148222
-0.0036866174
-0.0041977249
-0.0047606962
-0.0052794783
-0.0056510299
-0.0057956712
-0.0056999252
-0.0053622541
-0.0047274914
-0.0037114822
-0.0023405089
-0.0007655694
0.0008331719
0.0023282006
0.0036531333
0.0047651162
0.0056906474
0.0065968475
0.0075361213
0.0082668300
0.0086061525
0.0088146521
0.0092735063
0.0097592112
0.0097117088
0.0094795373
0.0100220913
0.0111112194
0.0113128649
0.0102898638
0.0093776372
0.0093793541
0.0095538732
0.0091546848
0.0085383294
0.0082781143
0.0081857746
0.0078244971
0.0072065213
0.0066987925
0.0065064660
0.0063670859
0.0059645809
0.0053947866
0.0048815311
0.0043510717
0.0036973432
0.0030048129
0.0023267019
0.0015563802
0.0005871283
-0.0004461195
-0.0013708805
-0.0023709159
-0.0037549749
-0.0053754692
-0.0067645022
-0.0078365089
-0.0089410102
-0.0101729489
-0.0112501478
-0.0120540788
-0.0128934762
-0.0140198946
-0.0152782391
-0.0163435194
-0.0171543113
-0.0178901708
-0.0187448381
-0.0197221711
-0.0206957012
-0.0215912134
-0.0224347549
-0.0233351904
-0.0243336819
-0.0253985416
-0.0265632811
-0.0277503583
-0.0287221542
-0.0294775933
-0.0303947984
-0.0317264444
-0.0331719990
-0.0342812444
-0.0350821620
-0.0359130919
-0.0368735173
-0.0377616790
-0.0384278089
-0.0389247602
-0.0393732023
-0.0397682052
-0.0399900991
-0.0399743086
-0.0398468472
-0.0397998206
-0.0399688613
-0.0402422293
-0.0402795679
-0.0399120087
-0.0393980603
-0.0391244509
-0.0391236579
-0.0391615136
-0.0390823200
-0.0388846634
-0.0386003662
-0.0383379618
-0.0381973992
-0.0380724201
-0.0377714360
-0.0373870865
-0.0371869131
-0.0372083233
-0.0371670889
-0.0368969617
-0.0365902889
-0.0365070614
-0.0366379016
-0.0367238872
-0.0366391083
-0.0365220589
-0.0365782564
-0.0367999779
-0.0369182340
-0.0367862216
-0.0365928746
-0.0365688787
-0.0366692412
-0.0367353336
-0.0368059769
-0.0369561931
-0.0371069610
-0.0371797764
-0.0372493854
-0.0373927408
-0.0375946035
-0.0378228412
-0.0379994668
-0.0381214119
-0.0382954517
-0.0385179317
-0.0385700264
-0.0382970377
-0.0379128261
-0.0377232027
-0.0377231682
-0.0376914838
-0.0376406992
-0.0376157724
-0.0374684177
-0.0371839826
-0.0369297493
-0.0367149232
-0.0363812894
-0.0359021282
-0.0354690628
-0.0351721814
-0.0348047257
-0.0341742140
-0.0334137068
-0.0327221467
-0.0321163895
-0.0315268571
-0.0310307264
-0.0306622950
-0.0302632583
-0.0297802564
-0.0293373650
-0.0289718710
-0.0285904763
-0.0281153627
-0.0275273439
-0.0268122739
-0.0260573279
-0.0254345563
-0.0249531024
-0.0244344995
-0.0236897621
-0.0227663305
-0.0219321908
-0.0213038718
-0.0206756839
-0.0199438236
-0.0193044238
-0.0189179781
-0.0186865375
-0.0184812374
-0.0183591648
-0.0184390686
-0.0187069169
-0.0191311355
-0.0197998236
-0.0208463829
-0.0223244182
-0.0241244238
-0.0261291676
-0.0282798283
-0.0305427943
-0.0329516290
-0.0354577198
-0.0378216345
-0.0398360559
-0.0415043973
-0.0430210745
-0.0445197546
-0.0459799585
-0.0473941011
-0.0487978316
-0.0501130597
-0.0512340445
-0.0521549593
-0.0528555317
-0.0532171264
-0.0532760475
-0.0532864941
-0.0533574477
-0.0533312452
-0.0531004907
-0.0527396890
-0.0522386695
-0.0514500084
-0.0504725858
-0.0495820797
-0.0488593386
-0.0481851066
-0.0474536773
-0.0466784278
-0.0459693396
-0.0453563387
-0.0447445791
-0.0441232003
-0.0436225945
-0.0433691541
-0.0432641717
-0.0432216271
-0.0433045443
-0.0436144924
-0.0441495408
-0.0448935886
-0.0458460154
-0.0469831354
-0.0481919331
-0.0493192271
-0.0503380910
-0.0512389403
-0.0520229814
-0.0527760278
-0.0535624134
-0.0543446962
-0.0550539913
-0.0556552700
-0.0560394470
-0.0561361895
-0.0560649945
-0.0559889038
-0.0557671823
-0.0551193252
-0.0541063568
-0.0530911819
-0.0522567354
-0.0514451816
-0.0504181121
-0.0491941446
-0.0480283397
-0.0471083558
-0.0463671695
-0.0455407217
-0.0445468191
-0.0435087515
-0.0424156241
-0.0411298738
-0.0395829603
-0.0378936224
-0.0362427953
-0.0347279799
-0.0333072798
-0.0319104860
-0.0304527576
-0.0288602449
-0.0271848633
-0.0256138056
-0.0241564736
-0.0226918016
-0.0212504532
-0.0198736526
-0.0184166413
-0.0167942957
-0.0151793694
-0.0137472712
-0.0124925123
-0.0113917414
-0.0104704646
-0.0095912393
-0.0084043656
-0.0065782506
-0.0040963005
-0.0012950898
0.0013993964
0.0037902173
0.0059788268
0.0081055535
0.0102120423
0.0122770518
0.0143086255
0.0163895634
0.0186116673
0.0208869727
0.0229028076
0.0244450564
0.0255461410
0.0263176808
0.0268895265
0.0272850706
0.0274674401
0.0274556352
0.0271998263
0.0265975478
0.0256338918
0.0244327964
0.0230936274
0.0216120030
0.0199178556
0.0180345639
0.0160107682
0.0139448485
0.0119953714
0.0103365387
0.0089133769
0.0074190271
0.0056914887
0.0038185091
0.0019621729
0.0002539674
-0.0012098851
-0.0023725556
-0.0033303653
-0.0041091673
-0.0045409778
-0.0045393884
-0.0042808455
-0.0039284976
-0.0033234830
-0.0022866955
-0.0009185593
0.0005104973
0.0018265208
0.0030196538
0.0041033752
0.0052631466
0.0066478837
0.0079436048
0.0088309769
0.0094318074
0.0100787991
0.0106990332
0.0109164761
0.0106949615
0.0103935016
0.0101958105
0.0099598087
0.0095179688
0.0089400035
0.0083642964
0.0077455621
0.0069739499
0.0061202100
0.0053498700
0.0047718564
0.0044480830
0.0043932301
0.0046169927
0.0050934957
0.0057554849
0.0064388774
0.0069168318
0.0071247281
0.0072259146
0.0073837813
0.0077342123
0.0083141910
0.0089364076
0.0094247293
0.0097741673
0.0100558547
0.0103049026
0.0105293375
0.0107002951
0.0108403992
0.0109994829
0.0111299197
0.0111104954
0.0108860191
0.0105394909
0.0101556414
0.0097610419
0.0093320724
0.0087626953
0.0080573444
0.0073572960
0.0066492628
0.0057448935
0.0045006053
0.0031737774
0.0024396216
0.0023854745
0.0017241566
-0.0004434706
-0.0027995200
-0.0038237944
-0.0042317709
-0.0056123364
-0.0079060042
-0.0098779672
-0.0111516195
-0.0123752112
-0.0139520266
-0.0155404711
-0.0167090686
-0.0174348919
-0.0179151736
-0.0181745577
-0.0179809212
-0.0170691255
-0.0154065521
-0.0131317294
-0.0104682718
-0.0076598730
-0.0049627417
-0.0024760635
-0.0001541394
0.0020540693
0.0041227995
0.0059426846
0.0074019817
0.0084131848
0.0090260443
0.0093533171
0.0094453913
0.0092130233
0.0086135375
0.0076852584
0.0064437662
0.0049411350
0.0033737363
0.0019723771
0.0008256318
-0.0000884545
-0.0008148122
-0.0013886948
-0.0018006117
-0.0021215042
-0.0024160211
-0.0026453220
-0.0027602748
-0.0027738908
-0.0027835906
-0.0028526987
-0.0028913805
-0.0028532769
-0.0029052795
-0.0031905783
-0.0035948224
-0.0038981165
-0.0040462468
-0.0041166040
-0.0041120117
-0.0039966344
-0.0038011292
-0.0035774150
-0.0034323730
-0.0034420800
-0.0035543119
-0.0036114886
-0.0035528605
-0.0034400569
-0.0033172620
-0.0031506092
-0.0029233600
-0.0028188864
-0.0029913658
-0.0032701974
-0.0034101771
-0.0033167755
-0.0030796652
-0.0028233857
-0.0026368862
-0.0025710117
-0.0026535175
-0.0028545387
-0.0031185211
-0.0034556698
-0.0038776578
-0.0042887649
-0.0046493148
-0.0050524612
-0.0055808899
-0.0061722841
-0.0066907007
-0.0071523407
-0.0077554673
-0.0085134404
-0.0090936674
-0.0093198606
-0.0094944693
-0.0097800215
-0.0099184570
-0.0098539402
-0.0098306682
-0.0098306924
-0.0094603992
-0.0086855771
-0.0079466284
-0.0074452744
-0.0069530878
-0.0063375254
-0.0057485136
-0.0052836983
-0.0048601175
-0.0044387673
-0.0040361658
-0.0036438176
-0.0033392810
-0.0032023302
-0.0032225764
-0.0032777200
-0.0033060183
-0.0033880842
-0.0035988459
-0.0039326900
-0.0043159155
-0.0047067087
-0.0050490204
-0.0052138617
-0.0051807569
-0.0050550849
-0.0048460819
-0.0044811982
-0.0039992478
-0.0034734565
-0.0029005817
-0.0022458092
-0.0014734003
-0.0005993962
0.0003229793
0.0012744139
0.0022320822
0.0031218071
0.0037697310
0.0042177423
0.0046537934
0.0051025976
0.0054664746
0.0056751811
0.0056897372
0.0055514259
0.0054295153
0.0054510151
0.0055770078
0.0056079509
0.0053613750
0.0049386181
0.0046158377
0.0044887417
0.0044008737
0.0042199281
0.0040579966
0.0040793482
0.0042897371
0.0045572578
0.0046459464
0.0044421461
0.0041075986
0.0037889520
0.0033912430
0.0028447941
0.0022763696
0.0016929845
0.0008881506
-0.0002359760
-0.0014480886
-0.0025133110
-0.0034777144
-0.0045074041
-0.0056378149
-0.0068805896
-0.0082016823
-0.0094932695
-0.0106618325
-0.0117106983
-0.0126789087
-0.0136027161
-0.0143646162
-0.0148293005
-0.0150880951
-0.0153208216
-0.0155468459
-0.0157217166
-0.0158154664
-0.0158301191
-0.0157724771
-0.0156406508
-0.0154597260
-0.0153149502
-0.0153180083
-0.0155145788
-0.0157761661
-0.0159616040
-0.0161516239
-0.0164622685
-0.0169089041
-0.0174528578
-0.0180702338
-0.0187611802
-0.0194993222
-0.0202284139
-0.0209185191
-0.0215851454
-0.0222468898
-0.0228931817
-0.0234751842
-0.0240444648
-0.0246298634
-0.0251771855
-0.0256054104
-0.0258918280
-0.0260847164
-0.0261248614
-0.0259966794
-0.0256868382
-0.0251733793
-0.0245180579
-0.0237506174
-0.0228313437
-0.0217609022
-0.0205863333
-0.0192849856
-0.0178785418
-0.0164759214
-0.0151640961
-0.0139473377
-0.0127007085
-0.0113376711
-0.0099790675
-0.0088488498
-0.0080604611
-0.0075363764
-0.0071313270
-0.0068412341
-0.0066665944
-0.0065547924
-0.0065260076
-0.0067013334
-0.0071433422
-0.0077759156
-0.0084995703
-0.0092824048
-0.0101381202
-0.0109688467
-0.0116546284
-0.0122306941
-0.0128444224
-0.0134731826
-0.0139737850
-0.0143406616
-0.0146760640
-0.0149995788
-0.0152302195
-0.0153361122
-0.0153649832
-0.0153320129
-0.0152356255
-0.0150940734
-0.0148971236
-0.0146096648
-0.0141360820
-0.0134279454
-0.0125873723
-0.0117251856
-0.0108197578
-0.0098034521
-0.0086482558
-0.0074863468
-0.0065175469
-0.0057543609
-0.0049618625
-0.0038508519
-0.0024730426
-0.0011843259
-0.0001478879
0.0007409611
0.0015353130
0.0022784172
0.0032375563
0.0046465257
0.0061442749
0.0069799316
0.0069176869
0.0065536099
0.0065807433
0.0072045319
0.0082639546
0.0092751888
0.0095589344
0.0090258064
0.0083787630
0.0082344320
0.0085074897
0.0087305248
0.0086915003
0.0084114610
0.0079220463
0.0074047329
0.0071234352
0.0068417444
0.0060598994
0.0050447693
0.0046410576
0.0049202281
0.0049931814
0.0045122309
0.0041822137
0.0045351960
0.0052315174
0.0058231425
0.0064194151
0.0072190916
0.0081023713
0.0089192311
0.0097016381
0.0104970980
0.0111932367
0.0117884060
0.0124971874
0.0133834804
0.0142434365
0.0149194233
0.0155268009
0.0162619020
0.0170808787
0.0177656020
0.0182863666
0.0188396016
0.0195580468
0.0204806751
0.0215680483
0.0227221551
0.0238220917
0.0247568766
0.0255507540
0.0263413010
0.0271962096
0.0280982380
0.0289953464
0.0297948229
0.0303524503
0.0306876804
0.0309591315
0.0312795744
0.0316439031
0.0319941893
0.0323214517
0.0325573019
0.0324909199
0.0320867772
0.0316067645
0.0313252219
0.0312253973
0.0310924368
0.0308233921
0.0305930169
0.0305458834
0.0306046115
0.0306770201
0.0307852433
0.0309496572
0.0311489894
0.0313484767
0.0315147040
0.0316285677
0.0316951186
0.0317672204
0.0318903963
0.0321244916
0.0324849933
0.0329934289
0.0336006686
0.0342012853
0.0347238772
0.0351630105
0.0355528763
0.0358681339
0.0361184023
0.0363749456
0.0366525888
0.0368853085
0.0370110460
0.0370965145
0.0371539187
0.0369846711
0.0364098363
0.0355068495
0.0344841587
0.0334010089
0.0321937179
0.0307514007
0.0290241071
0.0270814806
0.0250132888
0.0229014872
0.0207898199
0.0186090643
0.0163559897
0.0141413087
0.0120316894
0.0100491972
0.0082488468
0.0066717660
0.0053354207
0.0042029516
0.0032220382
0.0024024089
0.0017981428
0.0013952489
0.0011139601
0.0008780254
0.0006405062
0.0004373327
0.0003258535
0.0002137912
-0.0000102485
-0.0002917585
-0.0005507457
-0.0009077132
-0.0013958239
-0.0016760091
-0.0014623604
-0.0009943039
-0.0008467245
-0.0012839168
-0.0019384303
-0.0022555376
-0.0019765898
-0.0013256291
-0.0008004953
-0.0007823639
-0.0012510723
-0.0019278549
-0.0026440543
-0.0033653146
-0.0040835199
-0.0048860718
-0.0058816327
-0.0070655828
-0.0083941638
-0.0097482682
-0.0111434140
-0.0126708928
-0.0141648703
-0.0153612907
-0.0162484319
-0.0171117149
-0.0181106546
-0.0191692498
-0.0202026906
-0.0211478600
-0.0219045644
-0.0223834187
-0.0225891188
-0.0225904427
-0.0225546797
-0.0226696915
-0.0229558263
-0.0232259156
-0.0233186208
-0.0232451400
-0.0230493072
-0.0227346841
-0.0222584189
-0.0217088971
-0.0212561971
-0.0210268906
-0.0209468075
-0.0206885093
-0.0200400041
-0.0191302598
-0.0182229324
-0.0174676829
-0.0168851184
-0.0164555696
-0.0161573299
-0.0160344091
-0.0159996976
-0.0159111573
-0.0159025691
-0.0162537206
-0.0170827715
-0.0182829292
-0.0195852664
-0.0207390388
-0.0217229396
-0.0226288156
-0.0235341744
-0.0244968615
-0.0255076888
-0.0265217639
-0.0274816929
-0.0282862617
-0.0289276888
-0.0294630716
-0.0299319862
-0.0303640518
-0.0306925244
-0.0308200410
-0.0307877360
-0.0306351374
-0.0303545499
-0.0300511283
-0.0298454386
-0.0297194149
-0.0295077710
-0.0290806321
-0.0284816393
-0.0278142683
-0.0271419256
-0.0264510551
-0.0257514618
-0.0251105139
-0.0245245706
-0.0238555344
-0.0230392124
-0.0221350155
-0.0211533315
-0.0200396042
-0.0187804735
-0.0175185020
-0.0164806861
-0.0156917802
-0.0148898076
-0.0138179042
-0.0125921439
-0.0115940903
-0.0109615755
-0.0103845996
-0.0094878359
-0.0082486951
-0.0069239272
-0.0057592359
-0.0048947703
-0.0041423273
-0.0031425005
-0.0019207168
-0.0009101032
-0.0004003488
-0.0000276298
0.0008444080
0.0022613684
0.0035960463
0.0044122269
0.0049827004
0.0057469794
0.0067460880
0.0077934437
0.0089182072
0.0102876883
0.0118892029
0.0136352521
0.0154472281
0.0171833788
0.0188059003
0.0204861018
0.0223404673
0.0242352880
0.0258853153
0.0271585952
0.0281607689
0.0291002357
0.0299098554
0.0301866125
0.0297579394
0.0292887559
0.0297900686
0.0313271664
0.0326026598
0.0324741951
0.0312813189
0.0300776618
0.0293042430
0.0290402182
0.0296654101
0.0307528005
0.0307588857
0.0292991680
0.0280808650
0.0285153026
0.0298055349
0.0302506018
0.0293152825
0.0278195605
0.0266915217
0.0263577362
0.0267957939
0.0274494052
0.0274547112
0.0263591463
0.0246634957
0.0233478538
0.0227879613
0.0223131994
0.0212525908
0.0201406010
0.0200876030
0.0208310475
0.0205967936
0.0187377497
0.0170700392
0.0173054067
0.0184617717
0.0187479100
0.0183556136
0.0181673969
0.0177663916
0.0168862458
0.0165107466
0.0171241198
0.0176903146
0.0172712503
0.0162994544
0.0157484225
0.0158584420
0.0160886862
0.0159800664
0.0157199962
0.0157084395
0.0158897678
0.0159173218
0.0157719116
0.0157019027
0.0157416443
0.0158586557
0.0161309343
0.0164370244
0.0163910080
0.0160004665
0.0159595251
0.0166704543
0.0174619563
0.0174496342
0.0167813909
0.0163288770
0.0162778028
0.0160286687
0.0153653280
0.0147056177
0.0143330111
0.0140468107
0.0135484218
0.0127171506
0.0115780585
0.0102707394
0.0091261068
0.0085367090
0.0085814739
0.0089131666
0.0091184254
0.0090157150
0.0086554063
0.0081847472
0.0078277656
0.0077913165
0.0080335484
0.0082852131
0.0083243514
0.0080785994
0.0075620411
0.0068330976
0.0060396787
0.0054103357
0.0051106342
0.0050460174
0.0049517780
0.0046641848
0.0042153323
0.0037794949
0.0034487227
0.0032063678
0.0030248840
0.0028822796
0.0027936955
0.0027446947
0.0027090876
0.0027464316
0.0029420410
0.0032276304
0.0034927809
0.0037704068
0.0041042268
0.0044436286
0.0047390688
0.0049532433
0.0049957017
0.0048077849
0.0044537958
0.0040716564
0.0037483450
0.0034560939
0.0031281116
0.0027647362
0.0023360031
0.0018291962
0.0013129540
0.0008601019
0.0005003390
0.0002353025
0.0000709175
-0.0000340245
-0.0001153143
-0.0001345123
-0.0000135086
0.0002930225
0.0007617163
0.0013276547
0.0019613031
0.0026252095
0.0031958130
0.0036217317
0.0040650333
0.0046850054
0.0053389718
0.0057565398
0.0059490042
0.0060457190
0.0059548756
0.0054875194
0.0046395820
0.0036360258
0.0027523962
0.0021007397
0.0015516585
0.0008396626
-0.0001004805
-0.0011142880
-0.0021330105
-0.0032320748
-0.0044275175
-0.0056647207
-0.0068932530
-0.0080544035
-0.0091680102
-0.0102050711
-0.0111527055
-0.0121508971
-0.0133168778
-0.0144928878
-0.0154132027
-0.0160550780
-0.0166121917
-0.0172093676
-0.0177727181
-0.0181475485
-0.0183169373
-0.0183824850
-0.0182625913
-0.0177580930
-0.0168987023
-0.0158619173
-0.0147436148
-0.0135727108
-0.0124327740
-0.0114068147
-0.0105324611
-0.0098237866
-0.0092305859
-0.0086469353
-0.0080507834
-0.0075773833
-0.0073507937
-0.0073393749
-0.0074635817
-0.0076904713
-0.0079945101
-0.0083948706
-0.0088776277
-0.0093918693
-0.0099400499
-0.0105072515
-0.0109969075
-0.0113884109
-0.0117817416
-0.0121891217
-0.0125107437
-0.0127306483
-0.0129407373
-0.0131468028
-0.0133172915
-0.0134190124
-0.0133696034
-0.0131692404
-0.0128764618
-0.0124760599
-0.0119231973
-0.0112909548
-0.0107206503
-0.0102705118
-0.0098636765
-0.0094094560
-0.0089801140
-0.0086808400
-0.0084605700
-0.0082421617
-0.0080380166
-0.0079558234
-0.0080182957
-0.0081414062
-0.0082635823
-0.0083186489
-0.0083119742
-0.0082836927
-0.0082141147
-0.0081099080
-0.0080462117
-0.0080085836
-0.0079011050
-0.0076946603
-0.0074437471
-0.0071413494
-0.0067442125
-0.0062611588
-0.0057561296
-0.0051473453
-0.0043498822
-0.0034387258
-0.0025674930
-0.0017609997
-0.0009365515
-0.0000565511
0.0008093652
0.0015957363
0.0022361688
0.0027414432
0.0032002677
0.0035893888
0.0038185194
0.0038242874
0.0037428045
0.0036829249
0.0035784665
0.0032980717
0.0027555660
0.0020207107
0.0012658764
0.0005291011
-0.0002979020
-0.0012299738
-0.0020941019
-0.0027216006
-0.0032113428
-0.0037192843
-0.0042498714
-0.0046722420
-0.0048271092
-0.0047134283
-0.0045013810
-0.0043470310
-0.0042241895
-0.0040425130
-0.0038518483
-0.0037448421
-0.0036721681
-0.0035043134
-0.0032570779
-0.0031584010
-0.0032365075
-0.0033557107
-0.0035101883
-0.0037909620
-0.0041504949
-0.0045057251
-0.0048845789
-0.0052963031
-0.0056763809
-0.0059620330
-0.0061995967
-0.0064729130
-0.0067824302
-0.0070967845
-0.0074467190
-0.0078473795
-0.0083082472
-0.0088180101
-0.0093548720
-0.0100027567
-0.0107262045
-0.0114154685
-0.0121045083
-0.0127882352
-0.0134304174
-0.0139899410
-0.0144552148
-0.0148393746
-0.0151061610
-0.0152456101
-0.0153253036
-0.0154004704
-0.0154465109
-0.0154301137
-0.0154038801
-0.0153860383
-0.0153490272
-0.0152787218
-0.0151986903
-0.0151635686
-0.0151905090
-0.0152428829
-0.0153014973
-0.0153714407
-0.0154490140
-0.0155071042
-0.0155445221
-0.0155878942
-0.0156324901
-0.0156418989
-0.0155766064
-0.0154448353
-0.0152485544
-0.0149714594
-0.0145382630
-0.0139563018
-0.0133135818
-0.0125934988
-0.0116978591
-0.0107164613
-0.0097729744
-0.0088072361
-0.0077932886
-0.0067733421
-0.0057843180
-0.0048404759
-0.0039623161
-0.0032527541
-0.0027378096
-0.0023363368
-0.0020740663
-0.0019831956
-0.0020379999
-0.0022323263
-0.0024951789
-0.0027088635
-0.0029412473
-0.0032253239
-0.0034454174
-0.0036213697
-0.0038167749
-0.0039662430
-0.0040597204
-0.0041440649
-0.0042200936
-0.0042614763
-0.0043082064
-0.0043781844
-0.0044546647
-0.0044368194
-0.0042482096
-0.0039256050
-0.0035348566
-0.0030730170
-0.0025305374
-0.0019205978
-0.0011892616
-0.0003116924
0.0006459005
0.0015895494
0.0025676754
0.0036477101
0.0047626855
0.0057585740
0.0066136136
0.0074945558
0.0084526299
0.0093659115
0.0101248259
0.0107181162
0.0111754535
0.0114851051
0.0116125527
0.0115365206
0.0112576742
0.0108343830
0.0103020790
0.0096897125
0.0090094264
0.0082273987
0.0074105664
0.0066664082
0.0060022746
0.0054239714
0.0049444310
0.0044822290
0.0039816680
0.0034602863
0.0029883284
0.0025892597
0.0022691577
0.0020103952
0.0018359458
0.0018361502
0.0020722945
0.0024200284
0.0027283030
0.0030279345
0.0033661562
0.0036779188
0.0039215643
0.0041653786
0.0044567816
0.0047339214
0.0049419659
0.0050729750
0.0050983845
0.0049948260
0.0047786863
0.0044931100
0.0041584108
0.0037180087
0.0031089055
0.0023555033
0.0014990746
0.0005104849
-0.0006971074
-0.0021154090
-0.0036649072
-0.0052486111
-0.0067754796
-0.0082232235
-0.0095660539
-0.0106587917
-0.0114131137
-0.0119191255
-0.0122303321
-0.0123018752
-0.0121339689
-0.0117421000
-0.0112025317
-0.0106686211
-0.0102503773
-0.0099902312
-0.0098627284
-0.0098708822
-0.0100636706
-0.0103558493
-0.0105589187
-0.0106633564
-0.0108509526
-0.0112140263
-0.0116603550
-0.0120140751
-0.0122674534
-0.0124855824
-0.0126223078
-0.0125539193
-0.0122178790
-0.0116834305
-0.0110259750
-0.0103404208
-0.0097322226
-0.0092324235
-0.0088268569
-0.0084663311
-0.0081803376
-0.0079770785
-0.0077561500
-0.0074728077
-0.0071721960
-0.0069554219
-0.0068149903
-0.0066740897
-0.0064502720
-0.0061107564
-0.0056717713
-0.0051556232
-0.0045579474
-0.0038311966
-0.0028616275
-0.0015807354
-0.0000960827
0.0014658350
0.0030240952
0.0044313169
0.0054918049
0.0061886468
0.0066715177
0.0070982222
0.0075116564
0.0077697856
0.0077280133
0.0074485808
0.0070759328
0.0066036532
0.0059827192
0.0052877907
0.0046902459
0.0042637104
0.0039523556
0.0037105375
0.0035968945
0.0036914062
0.0039615265
0.0043131091
0.0046274530
0.0049119847
0.0052439188
0.0055704469
0.0056958707
0.0056314815
0.0056401352
0.0057254347
0.0056597836
0.0054773004
0.0054367830
0.0056476374
0.0059527174
0.0062379420
0.0066485354
0.0072620292
0.0079585230
0.0086305243
0.0093513416
0.0102123285
0.0111136259
0.0118608939
0.0123865128
0.0127422429
0.0129748729
0.0129913805
0.0125908717
0.0116047471
0.0100998473
0.0084309508
0.0069269784
0.0055690988
0.0040886432
0.0023102398
0.0003157704
-0.0016614057
-0.0034995349
-0.0052696800
-0.0069809418
-0.0085344576
-0.0099750682
-0.0113505104
-0.0125932023
-0.0136494945
-0.0144291261
-0.0148447461
-0.0149378168
-0.0147561954
-0.0142739520
-0.0134836809
-0.0125306542
-0.0116211616
-0.0108403165
-0.0101447432
-0.0094248948
-0.0086577611
-0.0079772130
-0.0074981001
-0.0072466215
-0.0072283624
-0.0073818436
-0.0075255920
-0.0075405619
-0.0075438303
-0.0077014212
-0.0078534785
-0.0077483064
-0.0074657158
-0.0072891316
-0.0073530726
-0.0075295327
-0.0076171146
-0.0074831577
-0.0071955921
-0.0069200623
-0.0067113042
-0.0065159024
-0.0063033414
-0.0061164727
-0.0060737454
-0.0061530735
-0.0061258401
-0.0058856941
-0.0055791351
-0.0052724036
-0.0048560906
-0.0042662617
-0.0035432414
-0.0027746942
-0.0020328963
-0.0013359591
-0.0006431734
0.0001865406
0.0012332329
0.0024398881
0.0038415121
0.0055460130
0.0074944662
0.0095098771
0.0114881425
0.0134387091
0.0153713994
0.0171542423
0.0186584733
0.0199100948
0.0209752131
0.0218083115
0.0223244389
0.0225424817
0.0225577723
0.0223878318
0.0218988240
0.0210276560
0.0198560004
0.0184878605
0.0169710385
0.0152710851
0.0133177328
0.0111796631
0.0089943910
0.0067296701
0.0044788365
0.0024274909
0.0006099986
-0.0010449727
-0.0025796192
-0.0039529797
-0.0051381641
-0.0061848578
-0.0071975469
-0.0081488842
-0.0088799101
-0.0092708792
-0.0093722725
-0.0093036909
-0.0090585595
-0.0085705791
-0.0077783359
-0.0067005094
-0.0054669711
-0.0042006106
-0.0029391356
-0.0016477690
-0.0003519039
0.0008965978
0.0021285671
0.0033344649
0.0044900174
0.0055786834
0.0065682385
0.0073718832
0.0079188710
0.0081301253
0.0079140270
0.0073049083
0.0065149405
0.0057550263
0.0051465213
0.0047140109
0.0044266314
0.0042306263
0.0041319015
0.0041356146
0.0041994867
0.0044008737
0.0048146354
0.0052518692
0.0055965080
0.0059567718
0.0063944262
0.0067683808
0.0068574590
0.0066496938
0.0063149602
0.0059256908
0.0053808338
0.0045592472
0.0034955425
0.0023337745
0.0011960732
0.0001268673
-0.0008137083
-0.0015397805
-0.0019843278
-0.0020150534
-0.0015198973
-0.0006059741
0.0005188535
0.0017820507
0.0031466850
0.0045228222
0.0058748028
0.0071410184
0.0083197073
0.0094690667
0.0105466691
0.0114995268
0.0122337211
0.0126289377
0.0126182533
0.0122482325
0.0117059302
0.0111347499
0.0105857418
0.0101164721
0.0097399627
0.0094819128
0.0093383782
0.0092186224
0.0089968526
0.0086548237
0.0083389627
0.0081193892
0.0079151130
0.0076667373
0.0073905043
0.0071244385
0.0068273709
0.0064059760
0.0057909858
0.0049770738
0.0040785001
0.0031967932
0.0022932565
0.0013024951
0.0001916334
-0.0010315842
-0.0022784896
-0.0034059912
-0.0043679930
-0.0052304417
-0.0061003719
-0.0069771528
-0.0077230279
-0.0082021374
-0.0084734058
-0.0087604577
-0.0091478205
-0.0094152378
-0.0094080872
-0.0093320207
-0.0092893623
-0.0091139813
-0.0088412407
-0.0086664390
-0.0086223670
-0.0086046838
-0.0085594017
-0.0085425735
-0.0085950130
-0.0086568406
-0.0087247223
-0.0088786414
-0.0091166912
-0.0093627155
-0.0096188519
-0.0100242806
-0.0106153610
-0.0112537541
-0.0118973809
-0.0125729609
-0.0131724950
-0.0135222710
-0.0136263191
-0.0136196271
-0.0135434605
-0.0133726167
-0.0131470165
-0.0128873669
-0.0125776187
-0.0122746832
-0.0121521107
-0.0122009266
-0.0120761096
-0.0116125424
-0.0111854345
-0.0111930815
-0.0115445124
-0.0119441248
-0.0123218547
-0.0128173441
-0.0133798638
-0.0137844478
-0.0140621392
-0.0143878916
-0.0147015494
-0.0148566717
-0.0149425401
-0.0151309741
-0.0153351985
-0.0153327576
-0.0150688052
-0.0147374434
-0.0145066683
-0.0143937216
-0.0144212791
-0.0146151846
-0.0149356861
-0.0152413729
-0.0153844558
-0.0154037353
-0.0155190677
-0.0159084439
-0.0165304571
-0.0171177898
-0.0175295002
-0.0178291983
-0.0180406181
-0.0181507514
-0.0181620357
-0.0181682829
-0.0182043010
-0.0181215045
-0.0178253162
-0.0174636388
-0.0171988728
-0.0168406121
-0.0161051662
-0.0151366352
-0.0144479574
-0.0141793920
-0.0139000698
-0.0133033352
-0.0126522545
-0.0122839748
-0.0120879766
-0.0118434692
-0.0116154970
-0.0115085494
-0.0114130482
-0.0111794597
-0.0108247915
-0.0104208246
-0.0099290586
-0.0092717997
-0.0085272623
-0.0079258526
-0.0076050063
-0.0074852746
-0.0074212991
-0.0072922655
-0.0070102093
-0.0065942789
-0.0061598758
-0.0057977950
-0.0054483983
-0.0050058414
-0.0044487346
-0.0038445427
-0.0032332577
-0.0025235238
-0.0016637574
-0.0007535770
0.0000823375
0.0007521134
0.0013051633
0.0018896330
0.0025574050
0.0032441173
0.0038375128
0.0043029625
0.0047184929
0.0052103037
0.0057964676
0.0063119296
0.0067175100
0.0071155055
0.0075648303
0.0079973579
0.0083213829
0.0084756537
0.0084859519
0.0084294304
0.0082790555
0.0079697142
0.0075205790
0.0069878579
0.0065323203
0.0063273340
0.0062939809
0.0062569457
0.0061795621
0.0061791450
0.0062604417
0.0062927604
0.0062346736
0.0062121394
0.0063414523
0.0065913794
0.0068054126
0.0069068335
0.0069523224
0.0069902954
0.0069968460
0.0069032513
0.0067201096
0.0065061764
0.0062465165
0.0059440533
0.0055944049
0.0052254529
0.0048980801
0.0046067737
0.0042115398
0.0036404561
0.0029858985
0.0022910720
0.0016178185
0.0010836383
0.0007596584
0.0006240873
0.0006230898
0.0006940462
0.0008385872
0.0011238622
0.0015919780
0.0022206148
0.0029830827
0.0038813227
0.0048822724
0.0057704789
0.0063593217
0.0067301079
0.0070643830
0.0074123834
0.0077245587
0.0079722931
0.0082005997
0.0084476997
0.0086325826
0.0086669216
0.0085932478
0.0084804460
0.0083560875
0.0082448957
0.0081608719
0.0080917317
0.0080383096
0.0079993196
0.0079436634
0.0078426424
0.0077656691
0.0077937919
0.0078741819
0.0078365606
0.0076019103
0.0072355061
0.0068881952
0.0066259357
0.0064545575
0.0063357463
0.0062632688
0.0063542467
0.0067508941
0.0074444297
0.0082271332
0.0089744047
0.0097286439
0.0105126196
0.0112902722
0.0120319480
0.0127607502
0.0135313694
0.0143602755
0.0151666198
0.0158212965
0.0162162752
0.0163198647
0.0162080628
0.0160018387
0.0157799448
0.0155888388
0.0154372918
0.0152879685
0.0150689396
0.0147253903
0.0143268983
0.0139663311
0.0136546281
0.0134114033
0.0132676653
0.0133019147
0.0135335070
0.0138261270
0.0140702275
0.0142645950
0.0144258128
0.0145153771
0.0145553360
0.0146568190
0.0148494902
0.0150139385
0.0151058335
0.0151658717
0.0151925603
0.0150943630
0.0148372957
0.0145161391
0.0142026674
0.0139277583
0.0136992448
0.0135202161
0.0134146338
0.0133203841
0.0131577803
0.0128650017
0.0124205381
0.0119657005
0.0116661886
0.0114947793
0.0112611701
0.0108420782
0.0103128530
0.0098243210
0.0093557684
0.0087184682
0.0078908550
0.0070348535
0.0063446276
0.0058524824
0.0054236990
0.0050108888
0.0046423815
0.0043350399
0.0041101568
0.0039499009
0.0038289349
0.0037680141
0.0038242667
0.0039900045
0.0042218829
0.0045044839
0.0047874159
0.0050494892
0.0053142449
0.0056077165
0.0059675149
0.0064181084
0.0069061267
0.0073040980
0.0075726186
0.0078326475
0.0081009233
0.0082778144
0.0083669718
0.0084378083
0.0084382185
0.0082781936
0.0079958340
0.0076944120
0.0073920799
0.0069689817
0.0064218181
0.0058505241
0.0052989923
0.0047421545
0.0041860717
0.0036856141
0.0032535557
0.0028871640
0.0025646359
0.0022602482
0.0019197690
0.0015396050
0.0011609619
0.0008189126
0.0004691015
-0.0000279055
-0.0006650311
-0.0013517575
-0.0020547498
-0.0027943671
-0.0036119575
-0.0044953579
-0.0053964587
-0.0063394526
-0.0073194644
-0.0082844339
-0.0092173640
-0.0100893215
-0.0108674085
-0.0115038950
-0.0120114894
-0.0124720743
-0.0129427369
-0.0133900724
-0.0137340803
-0.0139697409
-0.0141508554
-0.0142984928
-0.0143729148
-0.0143463089
-0.0142886185
-0.0141904039
-0.0139994290
-0.0137737254
-0.0135632503
-0.0133318649
-0.0130113806
-0.0125895271
-0.0121334552
-0.0116836408
-0.0112132333
-0.0107670011
-0.0104043963
-0.0101174685
-0.0098727474
-0.0096335288
-0.0093224912
-0.0088883294
-0.0083514331
-0.0078003322
-0.0072317274
-0.0065579643
-0.0057791188
-0.0050151157
-0.0044035663
-0.0039734625
-0.0037127371
-0.0036048655
-0.0036411939
-0.0038047700
-0.0041431203
-0.0046928765
-0.0054218097
-0.0062183556
-0.0069448858
-0.0075660163
-0.0080997614
-0.0085194636
-0.0087914422
-0.0089198276
-0.0088854644
-0.0086074419
-0.0080693975
-0.0073265564
-0.0064518855
-0.0055405139
-0.0046529901
-0.0038780508
-0.0033201756
-0.0028368510
-0.0022114436
-0.0015239073
-0.0009416610
-0.0004671866
-0.0001208925
0.0000178003
-0.0000317333
-0.0001583353
-0.0002629330
-0.0003665569
-0.0004880817
-0.0005853120
-0.0006291226
-0.0006954946
-0.0008480163
-0.0010421180
-0.0012119189
-0.0013405104
-0.0014395766
-0.0015142445
-0.0015675069
-0.0016329932
-0.0017697875
-0.0019444328
-0.0021061571
-0.0022781690
-0.0025063567
-0.0027731117
-0.0030801441
-0.0034692848
-0.0039213884
-0.0044105341
-0.0049245550
-0.0054457505
-0.0059509211
-0.0064178878
-0.0068646647
-0.0073291732
-0.0078298204
-0.0082749079
-0.0085883107
-0.0088553005
-0.0091913925
-0.0094893805
-0.0095864367
-0.0095153210
-0.0094248637
-0.0093291384
-0.0091355570
-0.0088395238
-0.0085591983
-0.0083257029
-0.0080382234
-0.0076064302
-0.0070843141
-0.0065323962
-0.0059266252
-0.0052743344
-0.0046068013
-0.0038798781
-0.0030354846
-0.0020869855
-0.0010606749
0.0000226166
0.0011145272
0.0021817975
0.0032328592
0.0042371597
0.0050998705
0.0058847253
0.0067552313
0.0076816762
0.0085183913
0.0092188879
0.0098354640
0.0103479161
0.0106881109
0.0108613405
0.0109263503
0.0109461505
0.0108944832
0.0106423324
0.0101096560
0.0092928410
0.0082158971
0.0068969558
0.0053689358
0.0037133232
0.0020479572
0.0004012080
-0.0013139563
-0.0031193796
-0.0049083370
-0.0066095557
-0.0083021068
-0.0099457834
-0.0114026568
-0.0126617323
-0.0137833514
-0.0147356058
-0.0155095624
-0.0161674316
-0.0166418246
-0.0168048249
-0.0167418010
-0.0166251998
-0.0164495327
-0.0160176636
-0.0151670267
-0.0140453248
-0.0129764244
-0.0119702342
-0.0107530655
-0.0092683037
-0.0078296480
-0.0066550412
-0.0055460199
-0.0042366667
-0.0028288992
-0.0015996950
-0.0006660095
0.0000382344
0.0007398427
0.0015194370
0.0021806998
0.0024650639
0.0023452774
0.0020491084
0.0018987198
0.0020879512
0.0023115251
0.0021744757
0.0019192363
0.0021496391
0.0028612907
0.0034561215
0.0036801529
0.0037875039
0.0039097800
0.0038554133
0.0034962389
0.0029383150
0.0021939779
0.0010307626
-0.0007023128
-0.0026932723
-0.0045071386
-0.0061190861
-0.0077069375
-0.0093214224
-0.0107778200
-0.0119619804
-0.0130912293
-0.0143694912
-0.0156105214
-0.0165283195
-0.0173231037
-0.0184285014
-0.0197108144
-0.0204984377
-0.0205510254
-0.0203167060
-0.0200977599
-0.0194980258
-0.0180660517
-0.0160465588
-0.0140822221
-0.0124794248
-0.0110098743
-0.0092705861
-0.0073656705
-0.0060407992
-0.0056482683
-0.0055044614
-0.0048730567
-0.0040567520
-0.0038196813
-0.0041272815
-0.0043404528
-0.0041641995
-0.0036952056
-0.0029941095
-0.0020506695
-0.0008364920
0.0007947084
0.0028283197
0.0048127392
0.0063163461
0.0074775621
0.0087554723
0.0102790621
0.0116461402
0.0124720330
0.0128876255
0.0132161222
0.0135077527
0.0136154554
0.0134203915
0.0128394129
0.0119404495
0.0108470739
0.0095063708
0.0078930926
0.0061157073
0.0042531156
0.0023160633
0.0003351596
-0.0016481386
-0.0036541469
-0.0056731021
-0.0075157523
-0.0089404862
-0.0099894589
-0.0109207892
-0.0119247005
-0.0129530180
-0.0138025723
-0.0144616689
-0.0150965626
-0.0157278983
-0.0161854803
-0.0163497356
-0.0163481221
-0.0164246196
-0.0166347672
-0.0168109136
-0.0167992052
-0.0165902884
-0.0161261351
-0.0153770605
-0.0145630795
-0.0138675614
-0.0131293609
-0.0120457043
-0.0107726933
-0.0098128677
-0.0092215702
-0.0085508031
-0.0075159695
-0.0062339979
-0.0049493060
-0.0037078897
-0.0023543711
-0.0008344489
0.0006484832
0.0019027343
0.0029365129
0.0038612433
0.0047065673
0.0053634091
0.0058097965
0.0061257470
0.0064230766
0.0067575585
0.0070817766
0.0072932481
0.0073883977
0.0075356145
0.0077027175
0.0077131744
0.0076298297
0.0076258476
0.0075939392
0.0073169786
0.0069597212
0.0068954216
0.0071382499
0.0073375649
0.0072730550
0.0071100064
0.0070820938
0.0071157641
0.0069732327
0.0066872841
0.0064888621
0.0063872756
0.0061429648
0.0057085548
0.0052260838
0.0047560625
0.0042131878
0.0034882264
0.0026265303
0.0017824247
0.0010610241
0.0004478561
-0.0000863795
-0.0004715631
-0.0006954839
-0.0008183792
-0.0008516650
-0.0007224408
-0.0004056618
0.0000510135
0.0005869273
0.0011940836
0.0019308127
0.0027611319
0.0035613487
0.0042630795
0.0049270408
0.0056018830
0.0062605072
0.0068349662
0.0072609260
0.0076434895
0.0081083496
0.0086097829
0.0090589146
0.0094352516
0.0098083823
0.0103375489
0.0111445759
0.0120863493
0.0128976514
0.0135060978
0.0139766466
0.0143223026
0.0145902094
0.0148657840
0.0152051927
0.0155901662
0.0159506093
0.0162415847
0.0164507221
0.0166715300
0.0170507907
0.0175040148
0.0178374762
0.0179953257
0.0180167945
0.0179170112
0.0177001061
0.0173644278
0.0168902520
0.0162900766
0.0155822227
0.0147731064
0.0139232383
0.0131019310
0.0122470603
0.0112693343
0.0101706906
0.0089905640
0.0077869069
0.0066206952
0.0055413242
0.0045249253
0.0035271682
0.0025303995
0.0015474741
0.0006133946
-0.0002051346
-0.0008352909
-0.0012539811
-0.0015032918
-0.0015459705
-0.0013492797
-0.0009294199
-0.0002781000
0.0005656988
0.0015408007
0.0025850797
0.0036169084
0.0045385610
0.0053005610
0.0059590784
0.0065464214
0.0070620213
0.0074036848
0.0075795899
0.0077345260
0.0078580674
0.0078687552
0.0077212730
0.0073962619
0.0070112402
0.0066650774
0.0063022519
0.0058476556
0.0052920624
0.0046461912
0.0038731930
0.0030068188
0.0021424338
0.0012832297
0.0003669365
-0.0005793992
-0.0014469292
-0.0021913149
-0.0028711094
-0.0035020724
-0.0040387964
-0.0044827979
-0.0048939498
-0.0052844568
-0.0055817657
-0.0057047071
-0.0057641386
-0.0058568472
-0.0059115415
-0.0058841254
-0.0058705449
-0.0059105727
-0.0059715418
-0.0060274807
-0.0060801029
-0.0061632959
-0.0062564010
-0.0063234587
-0.0063722919
-0.0064284756
-0.0064323888
-0.0063360773
-0.0062087124
-0.0060620370
-0.0058338924
-0.0055257509
-0.0052279869
-0.0049488164
-0.0046136587
-0.0042212417
-0.0038278110
-0.0034450747
-0.0030233946
-0.0025935266
-0.0022322984
-0.0019877393
-0.0017833918
-0.0014975421
-0.0011586816
-0.0008738499
-0.0007013978
-0.0006464725
-0.0006623209
-0.0006909064
-0.0007862498
-0.0010411512
-0.0015010636
-0.0020205552
-0.0024219570
-0.0027635560
-0.0031576245
-0.0035815729
-0.0039768274
-0.0043227212
-0.0045993508
-0.0047975797
-0.0049484717
-0.0050913719
-0.0051935410
-0.0051957958
-0.0050686998
-0.0048453165
-0.0045639774
-0.0042565909
-0.0039264669
-0.0035159873
-0.0030142899
-0.0024353113
-0.0017606746
-0.0010541932
-0.0004197125
0.0001620149
0.0007642690
0.0013620882
0.0018176157
0.0020606220
0.0021840327
0.0022744862
0.0023007525
0.0022386773
0.0021247805
0.0020046782
0.0018524840
0.0016481724
0.0013933937
0.0010805226
0.0007507750
0.0005006579
0.0003559070
0.0002458237
0.0001095281
0.0000042143
-0.0000527682
-0.0001062523
-0.0001709515
-0.0002384363
-0.0002442855
-0.0001490834
-0.0000319391
0.0000799789
0.0002781189
0.0005694909
0.0008539043
0.0011176908
0.0013866831
0.0016434097
0.0019197407
0.0022832078
0.0027468030
0.0032776555
0.0037993020
0.0043065239
0.0048358871
0.0053562827
0.0057837284
0.0061097738
0.0064112475
0.0066799129
0.0068218098
0.0067883189
0.0065879903
0.0062111327
0.0056822247
0.0050800910
0.0044962577
0.0039340311
0.0033598186
0.0028228595
0.0024132888
0.0020690623
0.0016944412
0.0013408287
0.0010995135
0.0009128348
0.0006904465
0.0004735311
0.0002548551
-0.0000618667
-0.0004955498
-0.0009993951
-0.0015486687
-0.0021449630
-0.0028067574
-0.0034919637
-0.0040789034
-0.0045111449
-0.0048448304
-0.0050954781
-0.0052896594
-0.0054448231
-0.0054906671
-0.0054283706
-0.0053286218
-0.0052094866
-0.0050391324
-0.0047999862
-0.0044684244
-0.0041068470
-0.0037258487
-0.0032390461
-0.0026160286
-0.0019124171
-0.0011995602
-0.0004591318
0.0003631699
0.0012240155
0.0020511149
0.0028368213
0.0035905748
0.0042733123
0.0048525670
0.0053713112
0.0058693279
0.0063310851
0.0067671155
0.0071893173
0.0075641338
0.0078065932
0.0078762954
0.0078577192
0.0077675067
0.0075831444
0.0073185887
0.0069520983
0.0064497755
0.0058076037
0.0050442005
0.0042149841
0.0033489656
0.0024811540
0.0016544727
0.0009088382
0.0002606649
-0.0003399298
-0.0009303263
-0.0014464410
-0.0018553674
-0.0021590672
-0.0023332925
-0.0023899630
-0.0023012300
-0.0020173451
-0.0015338867
-0.0009112016
-0.0001679766
0.0006326948
0.0013277574
0.0019509555
0.0026813029
0.0034820551
0.0041827033
0.0047825443
0.0053942832
0.0059760479
0.0063750846
0.0065623222
0.0066582165
0.0067507596
0.0068176209
0.0068398861
0.0068756249
0.0069137013
0.0069300744
0.0069407003
0.0069556943
0.0069299021
0.0068070330
0.0065860389
0.0062818864
0.0058751476
0.0053695564
0.0048252957
0.0042890855
0.0037873419
0.0033144855
0.0028770925
0.0025036499
0.0021692734
0.0019278621
0.0017935936
0.0016507978
0.0014341055
0.0011823679
0.0009132354
0.0005827128
0.0001834439
-0.0002543603
-0.0007070644
-0.0011310838
-0.0015500440
-0.0020353889
-0.0025905822
-0.0031741621
-0.0037478175
-0.0042977737
-0.0047999896
-0.0052240497
-0.0055538841
-0.0057583189
-0.0058974783
-0.0060337934
-0.0061201893
-0.0061587691
-0.0061882917
-0.0062071230
-0.0062274989
-0.0062507640
-0.0062465406
-0.0062182695
-0.0062226756
-0.0062417897
-0.0062117636
-0.0061462194
-0.0061223890
-0.0061341422
-0.0060992652
-0.0060194407
-0.0059932623
-0.0060056223
-0.0059562926
-0.0058878455
-0.0058515067
-0.0058344234
-0.0057722200
-0.0056642760
-0.0056000385
-0.0056175286
-0.0055981905
-0.0054711635
-0.0053401027
-0.0052076179
-0.0050095270
-0.0046971310
-0.0043209284
-0.0039235846
-0.0035189351
-0.0031304353
-0.0027343906
-0.0023310608
-0.0019308826
-0.0014868421
-0.0009553180
-0.0003668534
0.0001539173
0.0005430188
0.0008550951
0.0011459275
0.0014656626
0.0018301785
0.0021571679
0.0023844798
0.0025657788
0.0027654633
0.0029451008
0.0029845042
0.0028401111
0.0026103417
0.0023831876
0.0021215876
0.0017758283
0.0013466184
0.0008855359
0.0003950918
-0.0001340624
-0.0006658041
-0.0011742914
-0.0016481145
-0.0020515014
-0.0023622484
-0.0026380698
-0.0028709498
-0.0029910117
-0.0030247802
-0.0030181758
-0.0029582924
-0.0028115139
-0.0025706607
-0.0022744703
-0.0019611090
-0.0016114282
-0.0012194866
-0.0008450017
-0.0005510784
-0.0003022927
-0.0000359464
0.0002385566
0.0004924265
0.0007781601
0.0011010550
0.0013946662
0.0016537256
0.0019191022
0.0021699264
0.0023631386
0.0024910678
0.0025921409
0.0026902086
0.0027681801
0.0027774685
0.0027233521
0.0026077480
0.0024601365
0.0023370609
0.0022539989
0.0021601412
0.0020027161
0.0018060787
0.0016298827
0.0014960996
0.0013649870
0.0012353136
0.0011512883
0.0010463093
0.0008903223
0.0007473404
0.0006052904
0.0004733290
0.0003498652
0.0002146228
0.0000885846
-0.0000367747
-0.0002077610
-0.0003666200
-0.0004442877
-0.0004789005
-0.0005047345
-0.0005647065
-0.0006762796
-0.0008401583
-0.0010828560
-0.0014106870
-0.0017995281
-0.0022401257
-0.0027646341
-0.0033291138
-0.0038652116
-0.0043849039
-0.0049543741
-0.0056115572
-0.0063048067
-0.0069337256
-0.0074931181
-0.0080834262
-0.0087074287
-0.0092269900
-0.0095765763
-0.0099349646
-0.0103318774
-0.0105885689
-0.0106695244
-0.0106858320
-0.0106891211
-0.0106280416
-0.0104531744
-0.0102355487
-0.0100255356
-0.0097626934
-0.0094104937
-0.0090470304
-0.0087120555
-0.0083901128
-0.0080916352
-0.0078526131
-0.0076693024
-0.0075359627
-0.0075008203
-0.0075705810
-0.0076713952
-0.0077685065
-0.0079182883
-0.0081509425
-0.0084246036
-0.0086917347
-0.0089300397
-0.0091333056
-0.0092847596
-0.0094440054
-0.0096313257
-0.0098122127
-0.0099179915
-0.0099658215
-0.0100396022
-0.0101445226
-0.0102395446
-0.0102920979
-0.0103363732
-0.0104251756
-0.0104944916
-0.0104741777
-0.0104588113
-0.0104904061
-0.0105051105
-0.0104819523
-0.0104363530
-0.0103976285
