-0.0020476840
-0.0045994249
-0.0059284174
-0.0039053211
0.0009723573
0.0056438360
0.0080792314
0.0055637397
-0.0001450670
-0.0044638211
-0.0033896916
0.0002762372
0.0022810176
0.0019446181
-0.0002456867
-0.0026148787
-0.0029645702
-0.0013121283
0.0000895879
-0.0001868374
-0.0014297486
-0.0022477954
-0.0018573031
-0.0002499210
0.0013921744
0.0022793018
0.0018770182
0.0009660697
0.0005052127
0.0003890426
0.0017581609
0.0055104722
0.0090961611
0.0081605481
0.0043011221
0.0014353662
0.0009527360
0.0027958975
0.0046370941
0.0051569825
0.0038056978
0.0009123484
-0.0017031084
-0.0029653047
-0.0027687822
-0.0021590156
-0.0016418834
-0.0005619386
0.0014927243
0.0043662071
0.0072960678
0.0100527946
0.0098266519
0.0047354380
-0.0014457999
-0.0041527662
-0.0018745817
0.0028036608
0.0063144786
0.0057628876
0.0012511006
-0.0031515244
-0.0039012777
-0.0004242892
0.0044068423
0.0073352471
0.0070247792
0.0043966815
0.0023995385
0.0023837900
0.0041201214
0.0066984775
0.0080935012
0.0046939648
-0.0041321822
-0.0125059471
-0.0126875503
-0.0049968478
0.0029449203
0.0051155054
0.0007527702
-0.0039808720
-0.0056891557
-0.0040105045
-0.0010446688
0.0007298829
0.0013824223
0.0021328402
0.0030740588
0.0036132646
0.0029166348
0.0011697646
-0.0009620479
-0.0028241641
-0.0027400545
0.0020063788
0.0120455478
0.0220538994
0.0270742084
0.0259484573
0.0198829146
0.0094029100
-0.0038714791
-0.0133742043
-0.0127382033
-0.0060006740
0.0005014956
0.0045768789
0.0061333736
0.0051779682
0.0028784798
0.0009449871
-0.0002143582
-0.0009143269
-0.0016411245
-0.0022828536
-0.0028044791
-0.0032996501
-0.0034976880
-0.0029464207
-0.0012460272
0.0011179399
0.0030180436
0.0042158585
0.0052800273
0.0066670955
0.0078516250
0.0073928902
0.0041244274
-0.0008782557
-0.0057133816
-0.0095994703
-0.0123156469
-0.0134612907
-0.0115441271
-0.0037317060
0.0098802245
0.0234727860
0.0284141843
0.0187429632
0.0044640335
-0.0035231350
-0.0033297727
0.0019862462
0.0090438861
0.0164064833
0.0231829022
0.0243344470
0.0170303889
0.0030896093
-0.0115643404
-0.0156065049
-0.0080046924
0.0010913849
0.0038999415
0.0002566374
-0.0049999760
-0.0078288203
-0.0066764491
-0.0020421197
0.0033254439
0.0064202992
0.0055208608
0.0005722554
-0.0060881428
-0.0091185564
-0.0062902102
-0.0007073528
0.0038453875
0.0069691907
0.0085963161
0.0064146067
0.0018514256
-0.0012483660
-0.0008039697
0.0009398727
0.0014164327
0.0006580025
0.0000566401
0.0006421450
0.0025994067
0.0055508177
0.0065878024
0.0042668475
0.0013826030
-0.0002075106
0.0017626933
0.0074029234
0.0130258510
0.0164668723
0.0147427160
0.0087846158
0.0034548786
0.0008865156
0.0017345093
0.0041253929
0.0054035587
0.0051453929
0.0027471384
-0.0014336465
-0.0053643292
-0.0083416762
-0.0111856091
-0.0138332173
-0.0143161509
-0.0101008061
0.0006281397
0.0128483956
0.0209221353
0.0229967342
0.0204853748
0.0152825706
0.0080650504
0.0003507505
-0.0021024924
0.0029126736
0.0093718022
0.0104270036
0.0063443583
0.0011819590
-0.0024094015
-0.0033903721
-0.0023572122
-0.0008602256
0.0000405027
-0.0034906701
-0.0122323838
-0.0214554942
-0.0232429976
-0.0170552597
-0.0089722706
-0.0032617600
-0.0007626579
-0.0010873430
-0.0021144818
-0.0016486831
0.0023125487
0.0080039432
0.0133250575
0.0155929612
0.0122888066
0.0051700976
-0.0009854485
-0.0017735870
0.0009617884
0.0024392341
0.0009516956
-0.0023786428
-0.0054886987
-0.0074728552
-0.0084552438
-0.0076898683
-0.0032564405
0.0032621044
0.0089735257
0.0135551046
0.0181061048
0.0211460111
0.0196753052
0.0103114741
-0.0029369211
-0.0064231029
-0.0000048180
0.0071970751
0.0108408165
0.0114784782
0.0092221178
0.0058422270
0.0036668515
0.0035203795
0.0058008465
0.0088296265
0.0094355973
0.0050229737
-0.0041024338
-0.0115418292
-0.0106144652
-0.0027353615
0.0054719727
0.0103841092
0.0108211555
0.0083260123
0.0063261725
0.0058011438
0.0052606945
0.0034087780
0.0002200710
-0.0041087519
-0.0076947691
-0.0078666170
-0.0037266573
0.0050074256
0.0163539110
0.0230569107
0.0221274845
0.0161858014
0.0079511545
0.0005313445
-0.0044516908
-0.0041279958
0.0000256226
0.0034491390
0.0048039833
0.0059229721
0.0082208173
0.0107889316
0.0101145970
0.0072685439
0.0054620128
0.0049971490
0.0047091885
0.0039826098
-0.0000321131
-0.0080332668
-0.0156499864
-0.0169501960
-0.0099180289
0.0040336181
0.0150816424
0.0153439018
0.0085976678
0.0035041483
0.0026086204
0.0024976368
-0.0007794140
-0.0081365501
-0.0166197118
-0.0222358347
-0.0200893731
-0.0052112387
0.0178978776
0.0294557067
0.0214946772
0.0032450784
-0.0106933103
-0.0114644826
-0.0031466480
0.0043452523
0.0063869128
0.0043366556
0.0012825236
-0.0000306787
0.0017257180
0.0071769854
0.0153002698
0.0214449627
0.0212399988
0.0153936202
0.0079890979
0.0023992365
-0.0022977177
-0.0082282283
-0.0120953936
-0.0100132061
-0.0038722244
0.0016719249
0.0045295279
0.0015393280
-0.0094912553
-0.0215058421
-0.0258739299
-0.0208077760
-0.0113957596
-0.0041011555
-0.0014888191
-0.0000822278
0.0035178928
0.0088572161
0.0135110285
0.0162299277
0.0159395960
0.0111878027
0.0045452729
0.0024625204
0.0077582900
0.0153871708
0.0201050525
0.0201607530
0.0152913719
0.0090502390
0.0063654019
0.0093186968
0.0142455279
0.0172939807
0.0167289502
0.0087231456
-0.0047910999
-0.0151715248
-0.0170040930
-0.0125879242
-0.0069691521
0.0000983793
0.0095157206
0.0156261544
0.0140486895
0.0068977991
-0.0030178114
-0.0114859240
-0.0144299812
-0.0113670501
-0.0036381493
0.0065009053
0.0165145786
0.0253429848
0.0297099604
0.0258328120
0.0147153156
0.0032341433
-0.0020835200
0.0010435898
0.0065079108
0.0089428775
0.0070013412
0.0001367543
-0.0082466652
-0.0113739359
-0.0079427935
-0.0016436892
0.0028066418
0.0017805095
-0.0018934912
-0.0037752059
-0.0035104953
-0.0032190668
-0.0040678927
-0.0055700115
-0.0068585967
-0.0074256161
-0.0049595377
0.0033278464
0.0133991369
0.0199690046
0.0203011301
0.0131646370
-0.0009339130
-0.0180201036
-0.0273818145
-0.0234051830
-0.0133439886
-0.0052862489
-0.0008647977
0.0001542265
-0.0014650582
-0.0044132878
-0.0069187810
-0.0087200444
-0.0091128640
-0.0076674421
-0.0053302555
-0.0034037877
-0.0019274642
0.0004093756
0.0052379709
0.0135660377
0.0216817798
0.0241337273
0.0216110409
0.0187305433
0.0180025125
0.0182195527
0.0175923143
0.0159648220
0.0142232948
0.0132043221
0.0131331237
0.0132185070
0.0129297547
0.0124308288
0.0120448719
0.0118338332
0.0110321092
0.0034696273
-0.0145971330
-0.0338425906
-0.0409193320
-0.0349579916
-0.0268264891
-0.0248411702
-0.0265603793
-0.0264296725
-0.0236191413
-0.0207372959
-0.0176559782
-0.0120555386
-0.0025973494
0.0087015033
0.0165579635
0.0173278497
0.0123755068
0.0048161522
-0.0046712180
-0.0133866591
-0.0168661335
-0.0166298725
-0.0174372851
-0.0209719966
-0.0270429577
-0.0348803322
-0.0422806604
-0.0456663326
-0.0446794563
-0.0415303271
-0.0363186365
-0.0265201844
-0.0164837064
-0.0097083882
-0.0044954734
0.0013626797
0.0075144056
0.0105760854
0.0074145555
-0.0005338238
-0.0086918678
-0.0117588385
-0.0073136241
-0.0010050281
0.0022636919
-0.0007933598
-0.0098762274
-0.0188180815
-0.0185509869
-0.0061138014
0.0082445025
0.0176542094
0.0216835292
0.0206690209
0.0152776814
0.0057911569
-0.0025275753
-0.0046005873
-0.0027483997
-0.0018373690
-0.0031684829
-0.0067808601
-0.0119787519
-0.0158748508
-0.0162642950
-0.0149087092
-0.0140635231
-0.0141561978
-0.0139307000
-0.0118200809
-0.0078915650
-0.0024361326
0.0043819676
0.0082291938
0.0073765388
0.0054079227
0.0051769950
0.0060907225
0.0062920138
0.0050569162
0.0012235535
-0.0075177385
-0.0200318033
-0.0308003401
-0.0329882826
-0.0303183410
-0.0297594278
-0.0329949328
-0.0382908867
-0.0437102291
-0.0472311844
-0.0464294103
-0.0421185368
-0.0382974713
-0.0363552939
-0.0362726372
-0.0409630876
-0.0491091998
-0.0552172199
-0.0548233036
-0.0474356347
-0.0381111141
-0.0318337950
-0.0307214255
-0.0331665027
-0.0351388108
-0.0327893935
-0.0233058697
-0.0081385004
0.0071959436
0.0138232342
0.0122533464
0.0099806114
0.0110699020
0.0137830316
0.0152730586
0.0151040415
0.0145390574
0.0145013920
0.0149040363
0.0152858416
0.0154566005
0.0155326456
0.0156587143
0.0158122992
0.0156260231
0.0146705289
0.0096090016
-0.0011183914
-0.0126733268
-0.0197140287
-0.0195976574
-0.0131080675
-0.0040543451
0.0039872171
0.0110170632
0.0149137297
0.0170068195
0.0202247721
0.0243657286
0.0289939557
0.0355225317
0.0429860796
0.0498675273
0.0560643331
0.0616441577
0.0652423902
0.0651813331
0.0598982974
0.0474968849
0.0299003880
0.0068493436
-0.0216046571
-0.0507278869
-0.0676464769
-0.0723497219
-0.0731066591
-0.0755024813
-0.0787322090
-0.0798034682
-0.0774529464
-0.0722251362
-0.0649569553
-0.0564562798
-0.0472305279
-0.0381593611
-0.0300601597
-0.0225219029
-0.0175261248
-0.0183702296
-0.0235966031
-0.0287258261
-0.0302608253
-0.0279376305
-0.0258873153
-0.0260154308
-0.0276825735
-0.0334085064
-0.0436710692
-0.0540956397
-0.0624400231
-0.0671451991
-0.0682688647
-0.0687697949
-0.0703721461
-0.0721577842
-0.0727398921
-0.0717730593
-0.0697553581
-0.0674307112
-0.0652852575
-0.0635541884
-0.0619961721
-0.0602558730
-0.0584423518
-0.0550681496
-0.0465843507
-0.0354253116
-0.0251756437
-0.0182023208
-0.0181467516
-0.0254047138
-0.0336983902
-0.0370506412
-0.0333878528
-0.0241460121
-0.0094225401
0.0053752508
0.0149934785
0.0205423189
0.0231390925
0.0253995736
0.0299264329
0.0370807217
0.0441648935
0.0480293284
0.0455296977
0.0326349281
0.0044819412
-0.0311772137
-0.0559226777
-0.0610945286
-0.0564287056
-0.0541930761
-0.0563493817
-0.0584415022
-0.0575554222
-0.0546060703
-0.0516985817
-0.0496464708
-0.0478663938
-0.0457923858
-0.0434581999
-0.0411232802
-0.0388261302
-0.0363527103
-0.0337408790
-0.0311528102
-0.0285656142
-0.0258526353
-0.0230353226
-0.0198938168
-0.0139343611
-0.0009335469
0.0200404888
0.0431236027
0.0628847624
0.0800461902
0.0980853949
0.1168175833
0.1337288357
0.1478591161
0.1601344368
0.1712578612
0.1804072628
0.1854402390
0.1870065584
0.1870373379
0.1864947761
0.1853053419
0.1829837073
0.1790093620
0.1721935669
0.1630317299
0.1532356490
0.1441807100
0.1396283891
0.1411975277
0.1462064440
0.1515859120
0.1566238700
0.1604182110
0.1574905245
0.1436769220
0.1256575290
0.1156293850
0.1116848923
0.1054068317
0.0920312100
0.0750576262
0.0613403401
0.0542777295
0.0518700511
0.0491533416
0.0430123793
0.0354522485
0.0292013604
0.0242973146
0.0186674047
0.0130732986
0.0103435821
0.0090473425
0.0069713920
0.0040004288
0.0010555138
-0.0019070632
-0.0057653322
-0.0115711721
-0.0181004085
-0.0223509934
-0.0212010397
-0.0171458295
-0.0143446095
-0.0150706011
-0.0205059048
-0.0272414915
-0.0309643483
-0.0299596879
-0.0259105023
-0.0226042352
-0.0213879877
-0.0212759262
-0.0206067706
-0.0189749722
-0.0170007331
-0.0146260009
-0.0120245544
-0.0095234561
-0.0073200195
-0.0064276368
-0.0073516216
-0.0093793484
-0.0104795103
-0.0103371057
-0.0102120141
-0.0104793597
-0.0113162349
-0.0144539560
-0.0206385079
-0.0265279662
-0.0258061029
-0.0186193237
-0.0113478100
-0.0070325649
-0.0034943641
0.0031642016
0.0149751614
0.0288433059
0.0412328430
0.0513403882
0.0568684244
0.0562493579
0.0532428109
0.0517998413
0.0536897514
0.0600474836
0.0679395584
0.0727775073
0.0715370185
0.0628614750
0.0480947880
0.0321536628
0.0195747484
0.0106732515
0.0038938976
-0.0030036814
-0.0111574673
-0.0196538793
-0.0272974701
-0.0336153549
-0.0378594248
-0.0386360462
-0.0380570433
-0.0385500721
-0.0399529626
-0.0410353056
-0.0413093091
-0.0410686726
-0.0409420787
-0.0414880390
-0.0426284654
-0.0443326941
-0.0462580180
-0.0482622025
-0.0504210956
-0.0528715641
-0.0556606461
-0.0586098049
-0.0616113313
-0.0645973715
-0.0677390472
-0.0711823393
-0.0748436370
-0.0785196872
-0.0821099255
-0.0857186624
-0.0901874500
-0.0952878553
-0.0986614396
-0.0998756287
-0.1005309201
-0.1015317765
-0.1028681183
-0.1041024280
-0.1047165127
-0.1044192603
-0.1020402761
-0.0936280387
-0.0788103743
-0.0608398346
-0.0434386972
-0.0292521524
-0.0192150179
-0.0121799389
-0.0064802942
-0.0007892615
0.0048691919
0.0097517460
0.0129071355
0.0135230429
0.0130230743
0.0128213428
0.0130670346
0.0124133266
0.0101306047
0.0074552216
0.0050852434
0.0023322955
-0.0009315055
-0.0042660906
-0.0074511125
-0.0105814690
-0.0137816799
-0.0170519847
-0.0202959590
-0.0233051514
-0.0253945222
-0.0243951294
-0.0205256199
-0.0160999855
-0.0121215814
-0.0074861556
-0.0001306994
0.0094736372
0.0188643860
0.0267404802
0.0319569595
0.0329604111
0.0308729983
0.0292670826
0.0306515787
0.0369207608
0.0446319160
0.0509865200
0.0546877114
0.0540697648
0.0511111057
0.0495965747
0.0499002764
0.0500560279
0.0490647104
0.0475258879
0.0464857171
0.0459603795
0.0445785828
0.0416130881
0.0374041000
0.0325977648
0.0271701463
0.0204718310
0.0127375815
0.0050189650
-0.0037812286
-0.0137127831
-0.0236562815
-0.0332219175
-0.0417467879
-0.0490382562
-0.0531095745
-0.0521353654
-0.0472972620
-0.0409917431
-0.0346431173
-0.0280594819
-0.0196889108
-0.0076362069
0.0060038756
0.0186673004
0.0305028637
0.0401542847
0.0458396944
0.0482960329
0.0479608179
0.0445616676
0.0366613244
0.0222898282
0.0027012931
-0.0155561686
-0.0237031691
-0.0228119025
-0.0227350657
-0.0273359774
-0.0332104167
-0.0373151328
-0.0395821792
-0.0398287631
-0.0384583552
-0.0370368155
-0.0363723791
-0.0358702594
-0.0351638091
-0.0349355886
-0.0354230446
-0.0362867525
-0.0370235343
-0.0375578316
-0.0380621913
-0.0386932027
-0.0396915103
-0.0419056289
-0.0451345455
-0.0482188717
-0.0508010318
-0.0533039838
-0.0560707438
-0.0590492919
-0.0620425925
-0.0649475708
-0.0677989071
-0.0704664543
-0.0725412347
-0.0743167546
-0.0760622287
-0.0773909239
-0.0783979594
-0.0793899333
-0.0803288059
-0.0811006115
-0.0814564106
-0.0805235241
-0.0773395603
-0.0728644006
-0.0687477047
-0.0652977315
-0.0619304808
-0.0582953283
-0.0545611947
-0.0510411662
-0.0481210877
-0.0455881286
-0.0431948552
-0.0409856798
-0.0393252453
-0.0382463626
-0.0376410445
-0.0370778369
-0.0364965400
-0.0360376738
-0.0356798549
-0.0353399476
-0.0349828933
-0.0346253100
-0.0343639465
-0.0342383220
-0.0341446587
-0.0341316247
-0.0340957127
-0.0336188731
-0.0323371158
-0.0303386856
-0.0283867607
-0.0267674132
-0.0252152246
-0.0234867507
-0.0216361782
-0.0199648453
-0.0183782971
-0.0158042162
-0.0124309331
-0.0092637918
-0.0072639521
-0.0064219289
-0.0054680490
-0.0038564937
-0.0020276313
-0.0003299230
0.0007694086
0.0002816745
-0.0017522858
-0.0034862448
-0.0018943698
0.0033579883
0.0090357915
0.0134518368
0.0172953362
0.0216520391
0.0267079048
0.0319812162
0.0368723014
0.0403832968
0.0427513518
0.0444512938
0.0461552908
0.0481384278
0.0501515333
0.0519609608
0.0536101958
0.0552174130
0.0565379981
0.0575356491
0.0584162838
0.0586768865
0.0584063200
0.0578823727
0.0569706495
0.0548355072
0.0498467115
0.0433460110
0.0375458442
0.0326148731
0.0275758531
0.0220629595
0.0167065742
0.0136912954
0.0153452226
0.0191712970
0.0218976343
0.0219459818
0.0201749456
0.0188144088
0.0185915449
0.0197934415
0.0245416084
0.0317250239
0.0381371512
0.0425073554
0.0443340458
0.0439906048
0.0433946326
0.0436409462
0.0441615722
0.0441993805
0.0436269274
0.0424384200
0.0385858142
0.0307647293
0.0217691133
0.0152455386
0.0142336216
0.0183124861
0.0245658111
0.0298069411
0.0334277310
0.0346337560
0.0328029527
0.0307691164
0.0301470414
0.0323414334
0.0380959754
0.0441149974
0.0479916360
0.0496077356
0.0502610574
0.0516359799
0.0551699499
0.0608405684
0.0663407215
0.0707391062
0.0748078369
0.0765322249
0.0746875766
0.0722377647
0.0708007425
0.0701115821
0.0710323421
0.0738741394
0.0765260845
0.0766470013
0.0740460723
0.0707149692
0.0682258042
0.0662352524
0.0638192323
0.0607262554
0.0568337057
0.0506794970
0.0398032357
0.0241621820
0.0052224885
-0.0154892222
-0.0339328592
-0.0514773706
-0.0672525220
-0.0773463187
-0.0824600476
-0.0860730326
-0.0895777293
-0.0927298322
-0.0968561829
-0.1031981197
-0.1100257709
-0.1144274768
-0.1145878625
-0.1125975810
-0.1108841609
-0.1096703966
-0.1081491072
-0.1057773448
-0.1026482203
-0.0983616770
-0.0916968060
-0.0828875627
-0.0729730751
-0.0633854609
-0.0545683779
-0.0467271646
-0.0408069886
-0.0354255780
-0.0293282285
-0.0227531858
-0.0163049649
-0.0093653682
-0.0015368954
0.0070322482
0.0158270904
0.0238628017
0.0301755540
0.0327768731
0.0326685809
0.0329460988
0.0345786502
0.0366351946
0.0384282863
0.0398250556
0.0412365118
0.0414763760
0.0371094274
0.0295736808
0.0226394985
0.0192179104
0.0201103317
0.0213455336
0.0196086716
0.0155293244
0.0119885033
0.0098939035
0.0080490543
0.0074241563
0.0093695661
0.0125349579
0.0151768079
0.0171117982
0.0184475994
0.0172337115
0.0130214755
0.0079783193
0.0033846908
-0.0008862140
-0.0054157739
-0.0103572842
-0.0153971693
-0.0199614545
-0.0241302941
-0.0281510559
-0.0320537432
-0.0359527346
-0.0398856106
-0.0436622254
-0.0470921165
-0.0503476418
-0.0533263829
-0.0560132012
-0.0584688832
-0.0605537819
-0.0618881155
-0.0618116880
-0.0590930861
-0.0534128514
-0.0457287799
-0.0374445807
-0.0291069595
-0.0203023234
-0.0103177343
0.0002230811
0.0108241948
0.0217838118
0.0313582453
0.0385626735
0.0420425728
0.0413298546
0.0393872678
0.0385559190
0.0383405124
0.0374636045
0.0357584605
0.0333501758
0.0294052391
0.0238211509
0.0167325804
0.0098494218
0.0049765148
0.0017313920
-0.0005297769
-0.0020769624
-0.0029132703
-0.0035951584
-0.0040153242
-0.0039906658
-0.0038045334
-0.0036950397
-0.0035413791
-0.0026568273
-0.0009745358
0.0027646627
0.0084117199
0.0139708794
0.0184675694
0.0202692770
0.0192126273
0.0178087559
0.0175848763
0.0178750767
0.0176510542
0.0168156272
0.0158794735
0.0152175087
0.0147536954
0.0142331775
0.0133916718
0.0122989287
0.0112502655
0.0103351631
0.0094445647
0.0082641133
0.0065563818
0.0046619456
0.0020874773
-0.0016368331
-0.0055872086
-0.0092907635
-0.0127678667
-0.0155561184
-0.0172936601
-0.0180235755
-0.0176891482
-0.0165308952
-0.0148644747
-0.0128793141
-0.0108849467
-0.0089328635
-0.0068976871
-0.0047482094
-0.0025644304
-0.0004109586
0.0017034235
0.0036329261
0.0050725647
0.0042326965
-0.0001832235
-0.0056571249
-0.0099679327
-0.0132521830
-0.0164006248
-0.0190609850
-0.0212839166
-0.0233928905
-0.0252457145
-0.0269211410
-0.0285838232
-0.0302624860
-0.0318632846
-0.0333864895
-0.0349160705
-0.0364207767
-0.0373119545
-0.0371192753
-0.0355295951
-0.0328510800
-0.0294928584
-0.0254162725
-0.0202864355
-0.0138053882
-0.0068500194
-0.0002053694
0.0067802730
0.0133416560
0.0166892033
0.0149807457
0.0074025797
-0.0037001579
-0.0130256154
-0.0176614969
-0.0179577683
-0.0165493784
-0.0160690902
-0.0164498721
-0.0161079875
-0.0138024377
-0.0098208127
-0.0047881494
0.0018895980
0.0090807289
0.0154741452
0.0207340480
0.0240622779
0.0259643453
0.0277779283
0.0297006956
0.0307761413
0.0303257559
0.0281055547
0.0241141590
0.0182447247
0.0100990875
0.0012262908
-0.0026828007
-0.0006272117
0.0018263590
0.0016196213
0.0000570503
-0.0029563254
-0.0074723029
-0.0127970822
-0.0181665555
-0.0233125586
-0.0285325870
-0.0340428314
-0.0397329487
-0.0453691188
-0.0508392648
-0.0554134443
-0.0573734097
-0.0562595920
-0.0545137317
-0.0538966347
-0.0538777113
-0.0534018449
-0.0523032046
-0.0510638744
-0.0500322384
-0.0491691369
-0.0482988521
-0.0473789803
-0.0464327701
-0.0450919871
-0.0429916021
-0.0397620676
-0.0356011798
-0.0303709906
-0.0245023983
-0.0181120136
-0.0114672014
-0.0046542333
0.0007849084
0.0031623363
0.0034807875
0.0036481710
0.0041079640
0.0045443229
0.0046865267
0.0046957992
0.0050110056
0.0055768008
0.0063163671
0.0072695828
0.0082568993
0.0092271383
0.0106218840
0.0125133813
0.0150859407
0.0189170781
0.0237240466
0.0287807736
0.0335603572
0.0382911609
0.0433809228
0.0478136399
0.0504194736
0.0507120530
0.0491956297
0.0467275122
0.0435425443
0.0392573913
0.0342793549
0.0294018290
0.0251265548
0.0213750387
0.0173466264
0.0124778787
0.0072843508
0.0023868765
-0.0020262071
-0.0049810641
-0.0057177031
-0.0057155095
-0.0061387456
-0.0069423542
-0.0075854534
-0.0075140426
-0.0065298349
-0.0044759475
-0.0008539260
0.0031344586
0.0066054089
0.0096947711
0.0120200359
0.0137149613
0.0149596828
0.0153859543
0.0148006796
0.0140713358
0.0136783850
0.0133890650
0.0129650682
0.0129615075
0.0138120153
0.0163299554
0.0197340837
0.0227255924
0.0252115017
0.0277736261
0.0306852740
0.0337653328
0.0367755949
0.0396740930
0.0425487166
0.0454624229
0.0483873288
0.0511876104
0.0538879068
0.0564885655
0.0583848864
0.0596566568
0.0607101126
0.0617364191
0.0626150456
0.0629663262
0.0620725224
0.0593699089
0.0562748852
0.0538267339
0.0516705827
0.0493273213
0.0474778842
0.0461679579
0.0449615699
0.0437832967
0.0418120931
0.0372386976
0.0303299383
0.0235681446
0.0192944538
0.0178257716
0.0170216300
0.0153234181
0.0131816102
0.0106892167
0.0083097033
0.0065878372
0.0056778055
0.0051711481
0.0047637420
0.0044949559
0.0044540504
0.0045559782
0.0045232947
0.0040515722
0.0023467723
-0.0008977720
-0.0055516867
-0.0112295308
-0.0157193929
-0.0177701328
-0.0191873433
-0.0216872174
-0.0252276677
-0.0283894448
-0.0301884722
-0.0303953787
-0.0295681853
-0.0281939426
-0.0258537668
-0.0206889793
-0.0133317966
-0.0069062143
-0.0021606967
0.0024907325
0.0069821011
0.0103857930
0.0120425973
0.0128103479
0.0132033682
0.0132016806
0.0125716964
0.0119015907
0.0117153803
0.0120271341
0.0123360031
0.0124516214
0.0126414119
0.0131058933
0.0138279071
0.0145319360
0.0150965996
0.0156359328
0.0164486556
0.0177641700
0.0193731057
0.0209501420
0.0222100833
0.0229805296
0.0231502573
0.0228403572
0.0221077230
0.0212225120
0.0206133551
0.0204298828
0.0205096161
0.0207058830
0.0211293778
0.0222349735
0.0239797292
0.0259048948
0.0273886849
0.0277110514
0.0271398766
0.0262833519
0.0254897495
0.0248797122
0.0243883749
0.0236476771
0.0226918430
0.0217914893
0.0206763933
0.0188297252
0.0148435895
0.0087874775
0.0026775987
-0.0019701257
-0.0051323396
-0.0068592648
-0.0072259662
-0.0067325705
-0.0055319754
-0.0034641499
-0.0001192459
0.0049293491
0.0098443279
0.0124878772
0.0137055227
0.0140230927
0.0130003198
0.0098875892
0.0047677971
-0.0002317992
-0.0028193637
-0.0030053579
-0.0020462412
-0.0006579067
0.0006357786
0.0017942456
0.0023262666
0.0022862594
0.0020979960
0.0025990931
0.0042124523
0.0071061113
0.0102934312
0.0129312841
0.0140896066
0.0135651611
0.0122135454
0.0107765888
0.0096685254
0.0088096179
0.0076144295
0.0052050751
0.0014282684
-0.0027248783
-0.0061642034
-0.0088077603
-0.0104913471
-0.0114639496
-0.0123538491
-0.0133128577
-0.0140582941
-0.0142175908
-0.0136255809
-0.0122720226
-0.0107533246
-0.0094717681
-0.0084859655
-0.0072254448
-0.0048039794
-0.0010951519
0.0034118622
0.0080430066
0.0125129025
0.0160354103
0.0186663117
0.0205915971
0.0215993431
0.0214896876
0.0203101129
0.0183084542
0.0163906186
0.0151434563
0.0145440624
0.0143305868
0.0143827885
0.0145940821
0.0146586226
0.0142707309
0.0135724987
0.0130077579
0.0130701396
0.0136602494
0.0142479146
0.0136247428
0.0113079781
0.0051807025
-0.0041254238
-0.0141220506
-0.0203209148
-0.0229323714
-0.0243441366
-0.0260121250
-0.0276837166
-0.0287581659
-0.0289124961
-0.0282725984
-0.0270668128
-0.0256568550
-0.0241764904
-0.0228139262
-0.0216220049
-0.0200672597
-0.0177666841
-0.0137798918
-0.0082083510
-0.0016140644
0.0035509540
0.0064704540
0.0071431472
0.0062123191
0.0050919207
0.0045123694
0.0052423697
0.0069847581
0.0086377777
0.0091201012
0.0078961800
0.0052182211
0.0015732207
-0.0021429075
-0.0045946824
-0.0061658756
-0.0078618012
-0.0099388292
-0.0118411902
-0.0131045339
-0.0136618173
-0.0135394638
-0.0126609455
-0.0117650098
-0.0113122339
-0.0113191275
-0.0112060426
-0.0103958726
-0.0085573956
-0.0062616552
-0.0050832622
-0.0057217929
-0.0080596553
-0.0111805577
-0.0140018250
-0.0155827541
-0.0153719471
-0.0143670859
-0.0134000754
-0.0125624818
-0.0115730529
-0.0101447587
-0.0085268555
-0.0073933497
-0.0067905651
-0.0064985263
-0.0066753445
-0.0074980813
-0.0090093953
-0.0109860712
-0.0130031081
-0.0143538009
-0.0149389829
-0.0150901463
-0.0150883312
-0.0149186460
-0.0143782314
-0.0132998584
-0.0118191154
-0.0100582400
-0.0082670445
-0.0067219889
-0.0056232867
-0.0051456787
-0.0050129945
-0.0050426155
-0.0054630594
-0.0068531012
-0.0092891377
-0.0117004307
-0.0133094630
-0.0137835838
-0.0127770272
-0.0106222895
-0.0074365183
-0.0037435953
0.0002118006
0.0044472534
0.0090622380
0.0136160033
0.0178075626
0.0215835788
0.0239544143
0.0247679249
0.0246583428
0.0237050344
0.0222590603
0.0209186982
0.0199484900
0.0193934967
0.0188816681
0.0179854004
0.0163096726
0.0133766219
0.0088355778
0.0042385396
0.0007295218
-0.0018171916
-0.0039303078
-0.0061557342
-0.0088145650
-0.0120550558
-0.0156534505
-0.0192068962
-0.0223288298
-0.0245976835
-0.0261063946
-0.0273255347
-0.0285152238
-0.0297618569
-0.0310930740
-0.0326912736
-0.0340454497
-0.0346327519
-0.0345833309
-0.0342760684
-0.0337949305
-0.0331325294
-0.0322767191
-0.0310494960
-0.0291784089
-0.0260263446
-0.0218089259
-0.0171832940
-0.0129857411
-0.0092872183
-0.0054882584
-0.0008978009
0.0045663089
0.0105810248
0.0167680367
0.0226636510
0.0270581930
0.0291536386
0.0295900399
0.0296570559
0.0294339525
0.0284776202
0.0268284355
0.0253214584
0.0243495858
0.0236498089
0.0226521617
0.0213172025
0.0199661390
0.0187679653
0.0179233972
0.0176594655
0.0178139077
0.0179669210
0.0176899979
0.0172116251
0.0169972690
0.0175672582
0.0188813051
0.0206710098
0.0224064159
0.0238682548
0.0247307230
0.0250508688
0.0249052858
0.0240461582
0.0219979555
0.0188272111
0.0153959798
0.0126781735
0.0113140336
0.0110841139
0.0115172403
0.0122560767
0.0131500505
0.0142852517
0.0154495254
0.0163833427
0.0170646403
0.0176264460
0.0181419821
0.0185694315
0.0187997142
0.0185724245
0.0179007779
0.0170399355
0.0161747022
0.0152229927
0.0137174908
0.0117180759
0.0096142692
0.0074173709
0.0052948725
0.0033949353
0.0012971861
-0.0009552347
-0.0029221581
-0.0040899713
-0.0040888089
-0.0031078572
-0.0019052755
-0.0009675500
-0.0010434615
-0.0018723152
-0.0027262616
-0.0027065990
-0.0015458914
0.0007577919
0.0035020026
0.0062659998
0.0084880432
0.0100093673
0.0112358875
0.0124754109
0.0136958718
0.0146143997
0.0148107747
0.0141998800
0.0130259785
0.0117911435
0.0110894047
0.0110449076
0.0111412279
0.0109634442
0.0103556275
0.0096955782
0.0093956418
0.0098747058
0.0109266246
0.0121295137
0.0125991701
0.0118838644
0.0098867975
0.0074722179
0.0055202969
0.0042611627
0.0033599938
0.0024300729
0.0011096124
-0.0006909937
-0.0028471777
-0.0045168569
-0.0053573778
-0.0056278129
-0.0059561769
-0.0066888304
-0.0079176176
-0.0092133165
-0.0102186798
-0.0108548816
-0.0111757303
-0.0113059931
-0.0115415048
-0.0119945318
-0.0126448721
-0.0132778764
-0.0137577051
-0.0141057958
-0.0142873217
-0.0142060089
-0.0141647249
-0.0144843146
-0.0153381205
-0.0162780280
-0.0168237218
-0.0165949723
-0.0159254150
-0.0151976623
-0.0148816951
-0.0151274679
-0.0156277301
-0.0160024333
-0.0161259995
-0.0162360991
-0.0165786788
-0.0173780818
-0.0184322212
-0.0194016029
-0.0199392446
-0.0199622269
-0.0194496839
-0.0185197787
-0.0173543425
-0.0164736422
-0.0159456360
-0.0154412995
-0.0148029697
-0.0141429591
-0.0136432917
-0.0132941196
-0.0126801779
-0.0116951399
-0.0104302746
-0.0092897208
-0.0086525573
-0.0089022578
-0.0099389953
-0.0113882830
-0.0126808653
-0.0135681965
-0.0140483728
-0.0144277567
-0.0149410142
-0.0156218407
-0.0162089575
-0.0162440006
-0.0150613518
-0.0124689499
-0.0086418752
-0.0041934902
-0.0003784376
0.0026943571
0.0053929345
0.0078037565
0.0097603543
0.0109880756
0.0113501426
0.0110396245
0.0100632296
0.0089619708
0.0083959170
0.0088045549
0.0096594885
0.0103545847
0.0104488736
0.0099469161
0.0092594974
0.0086757366
0.0083152684
0.0079757589
0.0074890173
0.0069824989
0.0068542096
0.0074319265
0.0084721552
0.0094235172
0.0092934591
0.0080038042
0.0059665848
0.0037033626
0.0016233859
-0.0000239782
-0.0016731148
-0.0036739791
-0.0058978464
-0.0079206917
-0.0095050386
-0.0105210105
-0.0108047500
-0.0106298820
-0.0104507081
-0.0103788878
-0.0102879356
-0.0102365296
-0.0103176338
-0.0102845063
-0.0098828391
-0.0090202820
-0.0076217053
-0.0056533789
-0.0033775853
-0.0010602679
0.0009414388
0.0025733920
0.0037602394
0.0048300938
0.0060702273
0.0074273771
0.0087440463
0.0099951322
0.0112477089
0.0125500233
0.0136142963
0.0140851963
0.0140922366
0.0138319312
0.0133445100
0.0127769693
0.0122925488
0.0117061966
0.0109112464
0.0102147985
0.0097750836
0.0095442101
0.0094000676
0.0092073382
0.0088027205
0.0082234395
0.0075889060
0.0069708358
0.0065145649
0.0063620922
0.0062995986
0.0061256729
0.0057523677
0.0053778846
0.0052425473
0.0054157083
0.0057367578
0.0060059340
0.0061353084
0.0061193819
0.0058954868
0.0053759961
0.0045038577
0.0032176861
0.0014038104
-0.0007444972
-0.0028804204
-0.0047946645
-0.0062420714
-0.0072179025
-0.0077672304
-0.0079593302
-0.0077965385
-0.0066754527
-0.0048007161
-0.0028696043
-0.0018145659
-0.0018722410
-0.0025998805
-0.0034112477
-0.0037130293
-0.0030946050
-0.0016509319
-0.0001367259
0.0009874795
0.0011057331
0.0002146795
-0.0014182691
-0.0030133440
-0.0040160425
-0.0041082228
-0.0037661266
-0.0035639200
-0.0040186068
-0.0049636430
-0.0059801247
-0.0064656652
-0.0064067786
-0.0060422283
-0.0057199855
-0.0056130256
-0.0055486473
-0.0053256830
-0.0048097298
-0.0040791850
-0.0032501611
-0.0023949147
-0.0015376137
-0.0010046164
-0.0008589461
-0.0008277819
-0.0004388170
0.0006008216
0.0019955704
0.0033693821
0.0046277791
0.0057707428
0.0066194316
0.0069147066
0.0063872102
0.0054874204
0.0047705815
0.0045318566
0.0046069711
0.0047467689
0.0048053620
0.0048115256
0.0047931042
0.0049066796
0.0052767910
0.0061006824
0.0072006011
0.0080361439
0.0083121827
0.0079841392
0.0073831427
0.0069064885
0.0068830427
0.0075037235
0.0089596653
0.0107018760
0.0122121165
0.0131417126
0.0138081032
0.0145975771
0.0154935707
0.0162329207
0.0162441589
0.0152472494
0.0134294801
0.0114338305
0.0097499850
0.0085460995
0.0075705503
0.0065946882
0.0054542078
0.0043801757
0.0039356179
0.0043898730
0.0055531117
0.0070072538
0.0084051315
0.0089471024
0.0085131959
0.0073931296
0.0060637045
0.0048397795
0.0039574262
0.0033253215
0.0027719142
0.0022318403
0.0016970556
0.0011882764
0.0009210968
0.0010127546
0.0018049524
0.0029901288
0.0040191552
0.0046411105
0.0049453452
0.0049511805
0.0045596200
0.0036237667
0.0023875766
0.0011539161
0.0001126920
-0.0008309360
-0.0018177207
-0.0028326213
-0.0037126543
-0.0042247989
-0.0041429763
-0.0033879603
-0.0018579465
0.0000588428
0.0020084364
0.0036711464
0.0048362883
0.0055754143
0.0059924520
0.0062999114
0.0065052075
0.0064585902
0.0061000993
0.0054422127
0.0048214237
0.0045037264
0.0045984710
0.0050518764
0.0057661664
0.0066488131
0.0076944949
0.0089121134
0.0102267898
0.0115569950
0.0125106934
0.0128423169
0.0125355758
0.0117122560
0.0104923512
0.0093660633
0.0087636456
0.0091839968
0.0103447639
0.0117324654
0.0127212996
0.0132172789
0.0136314163
0.0141991153
0.0147988452
0.0152077226
0.0153309412
0.0151310093
0.0146195051
0.0139863735
0.0133582778
0.0127062806
0.0119447052
0.0109850980
0.0095826169
0.0060770668
0.0029656716
0.0060712430
0.0092160893
0.0069809657
0.0023001407
-0.0016481679
-0.0034196177
-0.0038328212
-0.0045550591
-0.0064380254
-0.0087596716
-0.0097987534
-0.0096345096
-0.0093238177
-0.0098982945
-0.0112010993
-0.0123726876
-0.0130792460
-0.0135902134
-0.0142030854
-0.0149496263
-0.0157180566
-0.0165183247
-0.0173405053
-0.0180600938
-0.0186256688
-0.0190948116
-0.0196025311
-0.0201811594
-0.0207780778
-0.0212033607
-0.0212601657
-0.0208776460
-0.0203009756
-0.0200858239
-0.0204438900
-0.0212914319
-0.0222377347
-0.0229557438
-0.0232217609
-0.0231837750
-0.0230568837
-0.0228685570
-0.0225212000
-0.0219662144
-0.0211023057
-0.0197851461
-0.0182169459
-0.0166119957
-0.0152558538
-0.0141282336
-0.0130298249
-0.0117256221
-0.0099744478
-0.0079882560
-0.0060741278
-0.0045895074
-0.0036025385
-0.0029282692
-0.0022409490
-0.0011072926
0.0007189672
0.0033573650
0.0059322484
0.0078809138
0.0088837089
0.0089284802
0.0084227535
0.0077836822
0.0074259868
0.0073289830
0.0071844196
0.0063811702
0.0047969778
0.0026916252
0.0009832866
0.0001538124
0.0001868427
0.0003376524
0.0000500475
-0.0009141164
-0.0022246548
-0.0035314509
-0.0045883102
-0.0055338871
-0.0067242829
-0.0083198525
-0.0101312689
-0.0115095551
-0.0122432088
-0.0125030391
-0.0125805981
-0.0126675880
-0.0128930472
-0.0132754009
-0.0137959034
-0.0140604761
-0.0138703342
-0.0133151594
-0.0127384543
-0.0123537757
-0.0124175399
-0.0128373041
-0.0133397985
-0.0136676797
-0.0136729242
-0.0132157534
-0.0123824042
-0.0111314263
-0.0095759860
-0.0078775694
-0.0060931748
-0.0041769380
-0.0020428720
0.0002869730
0.0023200783
0.0038661612
0.0048818320
0.0056260017
0.0062332855
0.0068095387
0.0074095389
0.0080633589
0.0087126411
0.0091282653
0.0092466990
0.0090071206
0.0085323163
0.0080280455
0.0078955544
0.0080705305
0.0082356085
0.0079776396
0.0071330830
0.0055662075
0.0034911510
0.0012313731
-0.0004549301
-0.0015273186
-0.0024107686
-0.0033238404
-0.0041765402
-0.0048406523
-0.0054161447
-0.0060502302
-0.0067564681
-0.0073697843
-0.0077440163
-0.0080203177
-0.0083486547
-0.0087541143
-0.0092060870
-0.0096695411
-0.0098751422
-0.0098070642
-0.0097789649
-0.0097981702
-0.0096054872
-0.0089038218
-0.0076004570
-0.0058114552
-0.0039926547
-0.0025736434
-0.0016090076
-0.0010701111
-0.0008853679
-0.0010277049
-0.0011299748
-0.0009289080
-0.0002224304
0.0011661325
0.0031606996
0.0050122801
0.0064382842
0.0074869898
0.0084416074
0.0096601180
0.0111938930
0.0129205981
0.0142737200
0.0149660858
0.0151012609
0.0149874268
0.0148305361
0.0145809477
0.0140752248
0.0131117982
0.0117952912
0.0104557208
0.0093550568
0.0085204949
0.0079234182
0.0076073158
0.0077091702
0.0082036240
0.0089390156
0.0099749846
0.0111831568
0.0123031613
0.0129419546
0.0129401086
0.0122801983
0.0112578542
0.0104431425
0.0099516315
0.0095535250
0.0090765233
0.0084855252
0.0078202198
0.0072440516
0.0067503161
0.0061127703
0.0050953809
0.0036503210
0.0018138838
-0.0001352355
-0.0019405866
-0.0035149033
-0.0047481244
-0.0055032620
-0.0057453352
-0.0057090253
-0.0058127335
-0.0061590516
-0.0066274567
-0.0070291393
-0.0072640216
-0.0070378518
-0.0064618496
-0.0058328193
-0.0053602626
-0.0050440946
-0.0049279820
-0.0048788660
-0.0047141086
-0.0042840060
-0.0035642846
-0.0025105357
-0.0012792525
-0.0002637021
0.0004251292
0.0008682846
0.0012368474
0.0015550233
0.0017705345
0.0018456683
0.0017117846
0.0014400013
0.0011258318
0.0007502480
0.0001334265
-0.0009225791
-0.0024046842
-0.0039595812
-0.0050420632
-0.0056021234
-0.0058925479
-0.0060435453
-0.0061481455
-0.0062426468
-0.0060429930
-0.0053208169
-0.0038747965
-0.0020003530
-0.0004201585
0.0004743679
0.0006508486
0.0005310571
0.0003392645
0.0002248238
0.0001195825
-0.0001272599
-0.0006553717
-0.0014331201
-0.0021650525
-0.0024778078
-0.0021879510
-0.0018410818
-0.0018562403
-0.0024156038
-0.0033271095
-0.0043661530
-0.0051121456
-0.0054681301
-0.0056174437
-0.0057759139
-0.0059565013
-0.0059198053
-0.0055443490
-0.0048942944
-0.0039145318
-0.0024162464
-0.0008744915
0.0003201112
0.0009474139
0.0011907917
0.0010901796
0.0007016217
-0.0000001503
-0.0008479369
-0.0018534693
-0.0033339003
-0.0050905767
-0.0067261868
-0.0081023605
-0.0092402843
-0.0101526679
-0.0107093798
-0.0110250303
-0.0112753332
-0.0113275774
-0.0110693189
-0.0103561372
-0.0094206632
-0.0085939951
-0.0080717200
-0.0078181692
-0.0076572659
-0.0074657878
-0.0071556096
-0.0065554047
-0.0054742976
-0.0042351952
-0.0030792018
-0.0017429720
-0.0002208817
0.0011604806
0.0022436647
0.0030444877
0.0037131228
0.0042604985
0.0044646900
0.0042675774
0.0035820637
0.0026909057
0.0018854851
0.0012218817
0.0008503784
0.0010333178
0.0016521167
0.0024447088
0.0034659812
0.0046042716
0.0055528182
0.0062732487
0.0068429714
0.0072989025
0.0076858751
0.0081273857
0.0085357109
0.0087288767
0.0086404811
0.0083214320
0.0079463889
0.0075168695
0.0068713720
0.0058652247
0.0043792295
0.0021917473
-0.0001556848
-0.0023353777
-0.0047939848
-0.0073969452
-0.0096839229
-0.0114109563
-0.0127528940
-0.0139102395
-0.0148310498
-0.0156506738
-0.0165831780
-0.0174150327
-0.0179355699
-0.0181472382
-0.0181080049
-0.0178351174
-0.0172288261
-0.0163159019
-0.0153108669
-0.0147118553
-0.0149149887
-0.0156050490
-0.0164188222
-0.0170263300
-0.0174288005
-0.0177372640
-0.0178336460
-0.0175834705
-0.0169388535
-0.0160723303
-0.0150918726
-0.0141929864
-0.0134626038
-0.0128976313
-0.0124460139
-0.0120553455
-0.0116526549
-0.0111748498
-0.0104496576
-0.0094865554
-0.0083981955
-0.0072072899
-0.0057449219
-0.0041130232
-0.0025126794
-0.0012177278
-0.0003152956
0.0002887024
0.0007215427
0.0009364712
0.0010951596
0.0014516307
0.0020001375
0.0026109272
0.0030990103
0.0033541808
0.0031966495
0.0024986884
0.0013113818
-0.0000503917
-0.0011358994
-0.0016356649
-0.0015632720
-0.0012868126
-0.0012836335
-0.0016296480
-0.0021988019
-0.0027800903
-0.0032403695
-0.0034874628
-0.0036994512
-0.0040740448
-0.0047092696
-0.0055373357
-0.0064363609
-0.0068959686
-0.0066832229
-0.0063714690
-0.0064240839
-0.0069174370
-0.0076314605
-0.0083460363
-0.0087156882
-0.0087436138
-0.0086250527
-0.0086252960
-0.0087993182
-0.0090941954
-0.0092561761
-0.0090686333
-0.0086787450
-0.0082677049
-0.0078953845
-0.0075718286
-0.0073673397
-0.0073178221
-0.0074153279
-0.0077258730
-0.0082164070
-0.0087072344
-0.0090756582
-0.0093043498
-0.0091983168
-0.0085903842
-0.0073708617
-0.0059251039
-0.0045895808
-0.0036649939
-0.0031977903
-0.0029897476
-0.0028752655
-0.0027605629
-0.0024591284
-0.0017957757
-0.0010723789
-0.0005152564
-0.0000158294
0.0007156788
0.0018358671
0.0029242192
0.0036488538
0.0039947324
0.0041292355
0.0039613036
0.0036196577
0.0033534614
0.0031805893
0.0029290208
0.0024189629
0.0017229066
0.0010038289
0.0006625147
0.0007606250
0.0010196327
0.0010901854
0.0009052950
0.0006532735
0.0005797811
0.0009242200
0.0014899155
0.0020109212
0.0022706437
0.0022811045
0.0019241781
0.0014222828
0.0011258028
0.0012144892
0.0015752026
0.0022629427
0.0031103466
0.0038578596
0.0042511758
0.0042491560
0.0040070828
0.0037740049
0.0038803268
0.0043669949
0.0051588015
0.0058305215
0.0062104036
0.0063646952
0.0064942782
0.0066986204
0.0068881289
0.0068938291
0.0063756708
0.0053996852
0.0042385666
0.0032545675
0.0026019513
0.0023368676
0.0022890597
0.0023716191
0.0024192946
0.0024120705
0.0025433018
0.0029843282
0.0037616050
0.0044183006
0.0046169657
0.0042073970
0.0033791358
0.0023164017
0.0012776556
0.0003649330
-0.0004332265
-0.0013598528
-0.0025654820
-0.0036209545
-0.0042880263
-0.0045892101
-0.0048019983
-0.0051311771
-0.0056999653
-0.0064430807
-0.0072381583
-0.0077338711
-0.0077983459
-0.0071416411
-0.0060981451
-0.0052056852
-0.0048490983
-0.0049781870
-0.0051115663
-0.0049198526
-0.0042421775
-0.0031664546
-0.0017184491
-0.0003754360
0.0005521830
0.0008431825
0.0006063689
0.0001253253
-0.0003030572
-0.0006183799
-0.0009421907
-0.0014006502
-0.0020647278
-0.0027539103
-0.0033116309
-0.0038168595
-0.0043469670
-0.0048574980
-0.0052042023
-0.0053740613
-0.0054101008
-0.0053220798
-0.0050960684
-0.0049774687
-0.0050693709
-0.0053037202
-0.0056842665
-0.0063080021
-0.0070020093
-0.0075056352
-0.0075969465
-0.0073096888
-0.0066866214
-0.0060816470
-0.0056820034
-0.0055115883
-0.0056878967
-0.0063937871
-0.0071229802
-0.0074932075
-0.0075994838
-0.0076518013
-0.0076758109
-0.0077457658
-0.0078297665
-0.0076253742
-0.0069589257
-0.0058300851
-0.0042896019
-0.0023847705
-0.0006226991
0.0008120724
0.0020247048
0.0032884177
0.0047870526
0.0063302198
0.0076682917
0.0086196653
0.0091863680
0.0095236067
0.0097799574
0.0100783992
0.0101816787
0.0097327299
0.0086823598
0.0073405920
0.0060975041
0.0053199982
0.0050681351
0.0050847877
0.0050555645
0.0048717871
0.0044986672
0.0039523323
0.0033949523
0.0027963162
0.0020061559
0.0012459801
0.0006679006
0.0001773786
-0.0002753681
-0.0006252499
-0.0009556727
-0.0013054402
-0.0015723575
-0.0016471368
-0.0014781702
-0.0012687098
-0.0013599308
-0.0021700371
-0.0036358499
-0.0053919497
-0.0068115430
-0.0076593900
-0.0080116400
-0.0081607682
-0.0083326470
-0.0087202337
-0.0092931077
-0.0099091735
-0.0100566179
-0.0094927924
-0.0082525469
-0.0068122073
-0.0054428113
-0.0042464990
-0.0031943659
-0.0023262678
-0.0016248368
-0.0010216193
-0.0004656029
0.0000267813
0.0004990615
0.0009927004
0.0013980573
0.0016872927
0.0019708970
0.0022471497
0.0024164152
0.0024904282
0.0025205697
0.0025004205
0.0023125201
0.0018179045
0.0011353483
0.0005210038
0.0002200105
0.0000658136
-0.0001614000
-0.0003654265
-0.0004872050
-0.0006242021
-0.0009774597
-0.0016100928
-0.0023385974
-0.0031639308
-0.0042641905
-0.0055061044
-0.0065912975
-0.0072220000
-0.0073172737
-0.0070228907
-0.0067475432
-0.0066125033
-0.0064943632
-0.0063813633
-0.0064131932
-0.0065985000
-0.0068894265
-0.0073003082
-0.0076747991
-0.0078923143
-0.0080644673
-0.0082859757
-0.0085301111
-0.0088659479
-0.0093865586
-0.0101490493
-0.0108561754
-0.0111729729
-0.0112406725
-0.0112749277
-0.0112741360
-0.0112283259
-0.0111790979
-0.0110138655
-0.0106465231
-0.0101804351
-0.0098389792
-0.0098521290
-0.0099628157
-0.0098663873
-0.0095665436
-0.0092902190
-0.0092119687
-0.0092163674
-0.0091326641
-0.0088857635
-0.0083992884
-0.0074657145
-0.0062374757
-0.0049173192
-0.0038071375
-0.0030508684
-0.0027731616
-0.0026928695
-0.0024884119
-0.0020499251
-0.0014663794
-0.0009391262
-0.0005448013
-0.0002725539
0.0001353689
0.0009121001
0.0019238668
0.0029306490
0.0035253796
0.0037329244
0.0036940858
0.0036518704
0.0037438568
0.0041230758
0.0047974528
0.0056995211
0.0066265916
0.0074664868
0.0082200488
0.0089380578
0.0095653734
0.0099372845
0.0097135516
0.0090503394
0.0082478315
0.0072715562
0.0061559118
0.0050548771
0.0040513482
0.0031463657
0.0023710094
0.0017894861
0.0014419952
0.0013756546
0.0016437788
0.0023114419
0.0032706463
0.0044258622
0.0055966974
0.0067386260
0.0079324667
0.0091625129
0.0103376348
0.0114374607
0.0124915537
0.0135384752
0.0144990401
0.0151764642
0.0155215967
0.0155148885
0.0152369072
0.0148437285
0.0145114910
0.0143935053
0.0144777609
0.0144414163
0.0140767618
0.0133165304
0.0122975886
0.0112017172
0.0103569714
0.0097544339
0.0091990196
0.0085818068
0.0079314471
0.0072957087
0.0067947514
0.0064743043
0.0062059546
0.0059277493
0.0056844094
0.0054078338
0.0050664435
0.0047421925
0.0044744066
0.0042402466
0.0040447482
0.0038873284
0.0037458302
0.0036706258
0.0037126458
0.0038951759
0.0041533069
0.0043556216
0.0045003819
0.0046626214
0.0049045362
0.0051965248
0.0054534277
0.0055648481
0.0055013310
0.0052896898
0.0049621948
0.0045464199
0.0042944294
0.0043611325
0.0045705145
0.0046423849
0.0043880694
0.0040005910
0.0037421838
0.0038285187
0.0041589646
0.0045482659
0.0048289043
0.0049887918
0.0050668413
0.0052377199
0.0057545690
0.0065940433
0.0075540560
0.0082777073
0.0085265350
0.0080645097
0.0072655123
0.0065314531
0.0058575048
0.0050022584
0.0038097818
0.0023406569
0.0007995026
-0.0005903520
-0.0014711334
-0.0016671585
-0.0011972785
-0.0006208260
-0.0004496257
-0.0006355786
-0.0009683417
-0.0014806890
-0.0020631746
-0.0025227834
-0.0028813886
-0.0031662368
-0.0032185566
-0.0029553981
-0.0024346485
-0.0017477283
-0.0009243049
0.0000296634
0.0011362605
0.0024503622
0.0038693125
0.0052453511
0.0063575854
0.0072259391
0.0078914839
0.0083242976
0.0083630867
0.0078921327
0.0071176469
0.0064445521
0.0058228710
0.0050509495
0.0043370805
0.0036777263
0.0028567680
0.0019897509
0.0012948867
0.0008938332
0.0009030226
0.0013190427
0.0018579515
0.0022819190
0.0025094632
0.0024453371
0.0020700283
0.0016285972
0.0013927425
0.0014614740
0.0016723617
0.0018795149
0.0018853113
0.0017427325
0.0016419996
0.0018639116
0.0023983514
0.0031446672
0.0037964558
0.0040873221
0.0040560134
0.0038511897
0.0037227301
0.0036945130
0.0036219204
0.0033333535
0.0028831110
0.0024845893
0.0022661600
0.0022757735
0.0026889840
0.0034740500
0.0043891276
0.0050917701
0.0053793097
0.0053083082
0.0051149339
0.0050352971
0.0052705154
0.0059435214
0.0066853315
0.0072095260
0.0074280182
0.0073720242
0.0070531257
0.0068466904
0.0069660934
0.0073498992
0.0078512659
0.0084561939
0.0088728183
0.0090120291
0.0090036719
0.0089062008
0.0086329696
0.0081908951
0.0076039212
0.0068229048
0.0061030498
0.0056763264
0.0055113875
0.0054373389
0.0053826773
0.0053460353
0.0053407561
0.0052701446
0.0050757044
0.0047989589
0.0048096912
0.0051880092
0.0057297368
0.0061301335
0.0061932528
0.0057967374
0.0050353666
0.0040993211
0.0033807022
0.0030301229
0.0027141166
0.0019413907
0.0005079400
-0.0008747024
-0.0016692613
-0.0018571961
-0.0014812883
-0.0005561600
0.0008359966
0.0024286061
0.0034311517
0.0038831575
0.0043271128
0.0051882834
0.0063905353
0.0074498342
0.0080753579
0.0081946914
0.0081158038
0.0080176994
0.0077578536
0.0072319946
0.0065295105
0.0058602081
0.0053430655
0.0050515211
0.0048349173
0.0045018997
0.0039485477
0.0032435012
0.0025081475
0.0018957856
0.0014590904
0.0011655841
0.0009711207
0.0008910036
0.0009783209
0.0012448312
0.0014996120
0.0015920472
0.0015055273
0.0013629238
0.0012221513
0.0010577051
0.0008260275
0.0004935930
-0.0000312578
-0.0007118207
-0.0013911151
-0.0020714769
-0.0028206733
-0.0035355164
-0.0040751995
-0.0043898498
-0.0047351638
-0.0052715426
-0.0059425443
-0.0064989241
-0.0068401058
-0.0071804379
-0.0075377780
-0.0076233312
-0.0075052026
-0.0074077238
-0.0073358688
-0.0071974883
-0.0069213376
-0.0064822560
-0.0059044773
-0.0052504372
-0.0045321926
-0.0036585221
-0.0028143205
-0.0022010711
-0.0018594391
-0.0017324053
-0.0018014828
-0.0019400769
-0.0020767712
-0.0023230392
-0.0026736170
-0.0029173825
-0.0029994468
-0.0030123542
-0.0030393757
-0.0030810640
-0.0030982418
-0.0032182527
-0.0035801309
-0.0042653993
-0.0050351272
-0.0056033360
-0.0058913120
-0.0059478197
-0.0057303934
-0.0053619696
-0.0049370150
-0.0044679109
-0.0039386689
-0.0033383616
-0.0028203130
-0.0025752766
-0.0025520000
-0.0026260752
-0.0029442715
-0.0035692313
-0.0043941288
-0.0049164696
-0.0049189605
-0.0045283075
-0.0041411959
-0.0039435735
-0.0039014515
-0.0039765350
-0.0040237471
-0.0039904495
-0.0039423145
-0.0039208152
-0.0037929994
-0.0034508518
-0.0028701202
-0.0021359981
-0.0012773536
-0.0003866953
0.0004595466
0.0010950140
0.0013828371
0.0010245408
0.0002562451
-0.0005485949
-0.0012609497
-0.0018719089
-0.0023116902
-0.0024208363
-0.0022192824
-0.0018832506
-0.0015848269
-0.0013593264
-0.0012111703
-0.0011057517
-0.0009849688
-0.0008815009
-0.0008679039
-0.0010823446
-0.0015666562
-0.0022934723
-0.0031347667
-0.0039546727
-0.0044638481
-0.0045920524
-0.0043985391
-0.0039836950
-0.0034452269
-0.0028165878
-0.0022000732
-0.0018713771
-0.0019069887
-0.0021507425
-0.0024614390
-0.0028046656
-0.0028389028
-0.0024676532
-0.0017215788
-0.0008815785
-0.0001974564
0.0002472252
0.0005215966
0.0008399798
0.0012493527
0.0016528555
0.0020853374
0.0026395131
0.0033451783
0.0039567427
0.0042121008
0.0042745057
0.0043907998
0.0048081966
0.0053823335
0.0058497539
0.0062438401
0.0066932600
0.0070644103
0.0072049303
0.0069481548
0.0065003530
0.0061570356
0.0061946237
0.0063356458
0.0061272216
0.0053705199
0.0043150482
0.0033508210
0.0026677357
0.0022665489
0.0020420475
0.0018610820
0.0016046591
0.0013694215
0.0013197274
0.0016573145
0.0023233451
0.0032892070
0.0041446098
0.0046251491
0.0050736962
0.0057600491
0.0066163034
0.0075101382
0.0083812725
0.0090149951
0.0092204263
0.0088128928
0.0081845306
0.0077346319
0.0075237437
0.0073766392
0.0071648474
0.0068292731
0.0063599489
0.0056588049
0.0048185659
0.0040089018
0.0033630575
0.0028852880
0.0025536004
0.0023270830
0.0022421636
0.0023496622
0.0026188198
0.0029717785
0.0033711308
0.0038283356
0.0043870036
0.0049820798
0.0054183692
0.0055796586
0.0055236105
0.0054876096
0.0055954847
0.0058707125
0.0062383214
0.0066007283
0.0066652881
0.0064227322
0.0061431366
0.0059283942
0.0057308877
0.0057158803
0.0058429994
0.0059343416
0.0058049208
0.0054430198
0.0050617745
0.0048364852
0.0047899684
0.0048653106
0.0050189844
0.0051071830
0.0052376272
0.0056553871
0.0064087636
0.0073195599
0.0082124871
0.0089171725
0.0093137960
0.0094973031
0.0095600131
0.0095837677
0.0094404363
0.0089182770
0.0080436360
0.0070070723
0.0059701030
0.0051298872
0.0045818145
0.0043491914
0.0042727524
0.0042762744
0.0042819515
0.0042613829
0.0043197288
0.0044092212
0.0043198331
0.0040533603
0.0038013929
0.0039768131
0.0045414303
0.0052050982
0.0057057620
0.0061084063
0.0067874948
0.0078957900
0.0093253316
0.0106094756
0.0115201406
0.0118468518
0.0117012302
0.0112417770
0.0105819749
0.0098137956
0.0090686256
0.0082405286
0.0071463487
0.0055537567
0.0037327205
0.0021479021
0.0012157385
0.0006294315
-0.0000915168
-0.0009852260
-0.0018777566
-0.0027323716
-0.0032790448
-0.0033194421
-0.0029209972
-0.0024273039
-0.0020742741
-0.0018731601
-0.0017328101
-0.0015667323
-0.0013547547
-0.0011269490
-0.0009659048
-0.0009032181
-0.0009960831
-0.0011002639
-0.0010309338
-0.0009030172
-0.0009299464
-0.0012704979
-0.0020845549
-0.0033309657
-0.0044659336
-0.0052153401
-0.0056659108
-0.0059596758
-0.0061250010
-0.0060916146
-0.0058796876
-0.0055723750
-0.0052844955
-0.0050164471
-0.0046869013
-0.0041976109
-0.0035023154
-0.0025033880
-0.0014234942
-0.0005475460
0.0002890417
0.0013479515
0.0027536234
0.0043542931
0.0060244789
0.0072719154
0.0078134924
0.0078523897
0.0076392539
0.0072415259
0.0067648678
0.0063356883
0.0061963384
0.0061468826
0.0058176497
0.0051488493
0.0043484113
0.0036046923
0.0029834778
0.0024472125
0.0019502129
0.0014451535
0.0009236334
0.0004931836
0.0002226334
0.0001098415
0.0000264341
-0.0001373758
-0.0004755022
-0.0010157812
-0.0017634691
-0.0025544948
-0.0032939993
-0.0040225962
-0.0047815455
-0.0055004042
-0.0058348662
-0.0057455707
-0.0053967501
-0.0049505240
-0.0044373824
-0.0037072589
-0.0028649889
-0.0022159689
-0.0022337562
-0.0027596082
-0.0030903793
-0.0029894943
-0.0026707580
-0.0022108789
-0.0017550667
-0.0014981028
-0.0013552475
-0.0011587415
-0.0008431470
-0.0004250724
0.0000690495
0.0004529242
0.0006679199
0.0008253875
0.0010164315
0.0012401513
0.0015818899
0.0020472403
0.0025273598
0.0029008701
0.0030995974
0.0029196780
0.0024632615
0.0019206865
0.0011368730
0.0000514053
-0.0011108517
-0.0021205072
-0.0029060180
-0.0033250079
-0.0034164532
-0.0032990372
-0.0032888054
-0.0035567276
-0.0041294981
-0.0047953133
-0.0054081080
-0.0060252397
-0.0067091441
-0.0073893835
-0.0076592046
-0.0073993782
-0.0068229396
-0.0061753373
-0.0055522389
-0.0051617906
-0.0049806123
-0.0049421938
-0.0049372738
-0.0049294263
-0.0050125851
-0.0051645480
-0.0052621195
-0.0051975366
-0.0050052861
-0.0047929961
-0.0045874645
-0.0043687521
-0.0042212999
-0.0041585166
-0.0041218824
-0.0040074652
-0.0038180810
-0.0036576586
-0.0035864860
-0.0035862937
-0.0035290272
-0.0033787577
-0.0032254598
-0.0032508296
-0.0035117844
-0.0038529724
-0.0041562729
-0.0044073289
-0.0044134114
-0.0040885888
-0.0034861563
-0.0027165215
-0.0018470250
-0.0010010302
-0.0002223191
0.0004930902
0.0011685114
0.0018271955
0.0025743880
0.0032699778
0.0034873894
0.0032267454
0.0027460787
0.0021808119
0.0016065070
0.0011095232
0.0009351844
0.0009258845
0.0004917953
-0.0004823613
-0.0017181591
-0.0023106243
-0.0022361880
-0.0020171717
-0.0019869089
-0.0021044697
-0.0023095696
-0.0024961346
-0.0025612454
-0.0023111055
-0.0017577693
-0.0009024364
0.0000516787
0.0008840351
0.0015354016
0.0020018808
0.0020407152
0.0017332453
0.0013188546
0.0009015922
0.0004975032
0.0001904847
-0.0000985470
-0.0004670256
-0.0007704613
-0.0008824313
-0.0008116966
-0.0006845698
-0.0005773631
-0.0004759691
-0.0004030335
-0.0004783191
-0.0007143730
-0.0010189993
-0.0011945748
-0.0011721401
-0.0009932391
-0.0008152898
-0.0007138579
-0.0006995587
-0.0007533592
-0.0008806285
-0.0010527043
-0.0012674590
-0.0015758970
-0.0019963911
-0.0025352103
-0.0033201731
-0.0040999081
-0.0044991152
-0.0045295974
-0.0043735679
-0.0042439192
-0.0041587715
-0.0040422457
-0.0040447636
-0.0042170711
-0.0044030962
-0.0044574451
-0.0043403399
-0.0041075045
-0.0037788620
-0.0032912353
-0.0029292228
-0.0029159694
-0.0030515940
-0.0031641328
-0.0033056195
-0.0033629841
-0.0032138594
-0.0029683298
-0.0027601469
-0.0026013836
-0.0025264657
-0.0025185082
-0.0022684498
-0.0016997327
-0.0009559913
-0.0002824243
0.0002460897
0.0006368468
0.0009152290
0.0009689623
0.0008241328
0.0005651197
0.0001471214
-0.0005519525
-0.0016217218
-0.0028224680
-0.0037944565
-0.0041822443
-0.0040943662
-0.0038492093
-0.0038503524
-0.0041036426
-0.0044601445
-0.0047003910
-0.0047251035
-0.0044598858
-0.0040508462
-0.0036751755
-0.0035322635
-0.0037301724
-0.0044892326
-0.0054049528
-0.0058952164
-0.0058719329
-0.0056587740
-0.0054491564
-0.0052487032
-0.0050142535
-0.0048363694
-0.0047926138
-0.0047814103
-0.0047061260
-0.0045776591
-0.0045455008
-0.0046632818
-0.0049279549
-0.0053042531
-0.0057686032
-0.0061633499
-0.0064516271
-0.0067577001
-0.0071492143
-0.0075961394
-0.0080288256
-0.0083495159
-0.0084126391
-0.0082909846
-0.0081293939
-0.0079935083
-0.0078943340
-0.0078932836
-0.0078761946
-0.0077196862
-0.0073882481
-0.0069787567
-0.0066438081
-0.0064058401
-0.0062044910
-0.0059329861
-0.0056327369
-0.0054867870
-0.0054203967
-0.0052867239
-0.0053396940
-0.0057087589
-0.0062087198
-0.0066250893
-0.0069267520
-0.0071696632
-0.0073453692
-0.0073435811
-0.0072218571
-0.0070885705
-0.0069464594
-0.0067085841
-0.0062395418
-0.0056490690
-0.0050970763
-0.0045975866
-0.0041123744
-0.0036722594
-0.0031908388
-0.0025748916
-0.0020606404
-0.0017521487
-0.0014547681
-0.0011196268
-0.0008881546
-0.0008464288
-0.0009735881
-0.0014368947
-0.0020221621
-0.0023521257
-0.0023826901
-0.0022835684
-0.0021383423
-0.0019848204
-0.0018172549
-0.0016262932
-0.0014296293
-0.0012691238
-0.0011092089
-0.0009106932
-0.0008322355
-0.0009167819
-0.0010102165
-0.0010118050
-0.0009247495
-0.0007184983
-0.0004673585
-0.0003726229
-0.0003871460
-0.0003616768
-0.0002895592
-0.0002523155
-0.0003063347
-0.0004421799
-0.0006559827
-0.0009777266
-0.0013791690
-0.0017518563
-0.0017703368
-0.0013077164
-0.0007183968
-0.0002732998
-0.0000141256
0.0000857084
-0.0000188379
-0.0001142680
-0.0000927439
-0.0000645538
0.0000107297
0.0002351125
0.0005628392
0.0009097254
0.0012281438
0.0014718946
0.0016061162
0.0017867894
0.0020554812
0.0022547762
0.0023406697
0.0023653400
0.0022961606
0.0021779374
0.0021890698
0.0022139816
0.0020019943
0.0014354257
0.0006415340
-0.0001850142
-0.0009437683
-0.0016480180
-0.0022904898
-0.0028018654
-0.0031043464
-0.0033414091
-0.0036117778
-0.0038218032
-0.0039986136
-0.0042648238
-0.0045119059
-0.0046201132
-0.0044809024
-0.0041503525
-0.0037431458
-0.0035057753
-0.0034691743
-0.0034980611
-0.0034515855
-0.0032867142
-0.0029985281
-0.0026384515
-0.0025179382
-0.0026703375
-0.0029130486
-0.0030760887
-0.0031658993
-0.0032718044
-0.0033295085
-0.0031917023
-0.0028863971
-0.0024967853
-0.0021086136
-0.0017747174
-0.0015513687
-0.0014341188
-0.0013962144
-0.0014436068
-0.0015807256
-0.0018540641
-0.0021472332
-0.0023275658
-0.0023414123
-0.0022598427
-0.0021431384
-0.0019045078
-0.0014300356
-0.0006600894
0.0002975922
0.0013994325
0.0024338405
0.0032664537
0.0040603542
0.0048706787
0.0055009796
0.0059208326
0.0062009148
0.0064060216
0.0065545281
0.0065762746
0.0065180368
0.0064948652
0.0065622288
0.0065443828
0.0060854896
0.0053662525
0.0047216664
0.0042780973
0.0039951765
0.0038997947
0.0039313853
0.0039696724
0.0036553917
0.0029983427
0.0023822031
0.0019789352
0.0016848013
0.0014140460
0.0011739116
0.0010214930
0.0010135177
0.0011818760
0.0015513008
0.0019427679
0.0021422795
0.0019359091
0.0013153090
0.0007205676
0.0003878662
0.0002229366
-0.0000002347
-0.0003633504
-0.0008923074
-0.0014459351
-0.0018579048
-0.0020032514
-0.0020374769
-0.0023003778
-0.0025764332
-0.0025320972
-0.0022031736
-0.0017356451
-0.0011283073
-0.0005087479
-0.0000251791
0.0003063152
0.0005157848
0.0005547759
0.0004495512
0.0002226807
-0.0000462590
-0.0003192983
-0.0006213922
-0.0009664934
-0.0013408649
-0.0017387404
-0.0022299151
-0.0029592774
-0.0037284164
-0.0043097187
-0.0047251768
-0.0050327598
-0.0051804823
-0.0050072634
-0.0044832620
-0.0040840433
-0.0038359957
-0.0033857617
-0.0027093518
-0.0020130924
-0.0015531101
-0.0012625169
-0.0009551721
-0.0006607348
-0.0004814843
-0.0003379266
-0.0001642279
0.0000068780
0.0000693554
-0.0000247278
-0.0002424457
-0.0004182190
-0.0003449497
-0.0000079060
0.0005019143
0.0011499232
0.0017607333
0.0020508832
0.0020688014
0.0020085878
0.0019541188
0.0018932437
0.0018667671
0.0018631500
0.0018368511
0.0017199194
0.0015632951
0.0014638135
0.0013119580
0.0010227763
0.0008609671
0.0009544052
0.0012161479
0.0014246683
0.0015419792
0.0018347630
0.0022927424
0.0026866842
0.0028952455
0.0029370937
0.0028002519
0.0025556256
0.0022758650
0.0019481630
0.0015489890
0.0010652594
0.0005674141
0.0001466803
-0.0001482041
-0.0003460492
-0.0004948269
-0.0006781706
-0.0009364704
-0.0012801952
-0.0017519710
-0.0024628996
-0.0033152329
-0.0041232843
-0.0046235812
-0.0049416455
-0.0053514150
-0.0059117764
-0.0064358125
-0.0066740547
-0.0066428156
-0.0065213194
-0.0065749693
-0.0068225264
-0.0071070382
-0.0072365826
-0.0071265178
-0.0066266148
-0.0058586440
-0.0049314114
-0.0039772379
-0.0030881618
-0.0024613888
-0.0021613783
-0.0021510550
-0.0023386074
-0.0026354203
-0.0027498170
-0.0026009769
-0.0023195735
-0.0021580972
-0.0022248637
-0.0025138631
-0.0029042365
-0.0033772458
-0.0038812227
-0.0042195544
-0.0042389103
-0.0041870601
-0.0042642870
-0.0044207838
-0.0045379198
-0.0045887582
-0.0046159269
-0.0042053116
-0.0028529833
-0.0012571673
-0.0002305530
0.0003286116
0.0008018437
0.0011179009
0.0010414290
0.0006709928
0.0002198810
-0.0002865159
-0.0008038677
-0.0012542323
-0.0015420101
-0.0016800415
-0.0017415855
-0.0019990570
-0.0025107801
-0.0031025390
-0.0037649313
-0.0045324861
-0.0050406189
-0.0052772583
-0.0054764139
-0.0055265146
-0.0052407399
-0.0047889604
-0.0042813297
-0.0035390682
-0.0027171513
-0.0020909854
-0.0018112419
-0.0016535587
-0.0013504259
-0.0009091388
-0.0005329483
-0.0006464850
-0.0011320525
-0.0016537661
-0.0020467309
-0.0023626321
-0.0026822851
-0.0030822716
-0.0036004878
-0.0041906401
-0.0047287260
-0.0050509109
-0.0051975173
-0.0052794789
-0.0052924009
-0.0052437368
-0.0051642854
-0.0049336899
-0.0044362122
-0.0036432181
-0.0027695376
-0.0020400389
-0.0017250974
-0.0018824118
-0.0021619093
-0.0022717212
-0.0021848526
-0.0018584945
-0.0012489260
-0.0005182413
0.0000671842
0.0003649600
0.0005714617
0.0008380334
0.0011010703
0.0013488656
0.0016515687
0.0018951051
0.0020113051
0.0020384849
0.0020407785
0.0020296577
0.0019770915
0.0018507776
0.0016203852
0.0013460507
0.0010997394
0.0009510959
0.0008881786
0.0008516760
0.0007748071
0.0006101235
0.0002076516
-0.0003164450
-0.0007327674
-0.0009485868
-0.0010586590
-0.0011396439
-0.0012291861
-0.0013287450
-0.0013677674
-0.0013112439
-0.0011728507
-0.0009118591
-0.0005143613
-0.0001459356
0.0001224520
0.0003510723
0.0004593427
0.0003816345
0.0003488677
0.0004401756
0.0005343120
0.0005184425
0.0003813064
0.0001055644
-0.0002218992
-0.0004960499
-0.0006685598
-0.0007833227
-0.0008823139
-0.0009405938
-0.0009042882
-0.0007940469
-0.0006500867
-0.0004761942
-0.0002800094
-0.0000681851
0.0001599545
0.0003643451
0.0004578304
0.0005354412
0.0007018368
0.0008591570
0.0009118205
0.0008625729
0.0007303591
0.0005400311
0.0004165499
0.0002472212
-0.0001918820
-0.0008282755
-0.0014848363
-0.0020946686
-0.0026803731
-0.0032804980
-0.0039494243
-0.0046075774
-0.0050405764
-0.0052232840
-0.0052716469
-0.0052954480
-0.0053583664
-0.0054762440
-0.0055870001
-0.0056171193
-0.0055055753
-0.0053012911
-0.0050632420
-0.0049184585
-0.0048076560
-0.0044790216
-0.0040652241
-0.0037983655
-0.0036019631
-0.0033276896
-0.0029448161
-0.0025480608
-0.0022181231
-0.0020272278
-0.0019839974
-0.0020854077
-0.0023607772
-0.0028098843
-0.0032976079
-0.0036754582
-0.0038705406
-0.0039018840
-0.0038649524
-0.0038606711
-0.0038642534
-0.0038162787
-0.0038395213
-0.0039746388
-0.0040880944
-0.0041028740
-0.0040487530
-0.0039609444
-0.0038508815
-0.0036787405
-0.0033565285
-0.0028826835
-0.0024795920
-0.0022242987
-0.0020327353
-0.0018562117
-0.0017195471
-0.0016119774
-0.0015719590
-0.0016548544
-0.0017264615
-0.0017107921
-0.0016996195
-0.0016212171
-0.0012981060
-0.0008542141
-0.0004388772
-0.0000322700
0.0002621052
0.0002736356
0.0001738588
0.0001435139
0.0001671607
0.0001126315
-0.0000633676
-0.0002271980
-0.0002763186
-0.0001704783
-0.0000653716
-0.0000839687
-0.0001671397
-0.0002823273
-0.0004868609
-0.0007577123
-0.0010541205
-0.0014351912
-0.0018999210
-0.0023786552
-0.0027333988
-0.0028904093
-0.0028144213
-0.0026495534
-0.0025221832
-0.0024393226
-0.0025009376
-0.0028517108
-0.0031937569
-0.0032336216
-0.0027703073
-0.0020521283
-0.0013920184
-0.0008610968
-0.0003339294
0.0003367334
0.0010095693
0.0014480233
0.0017289586
0.0019993620
0.0022693944
0.0024593659
0.0025217453
0.0025998882
0.0027695538
0.0029439066
0.0030895845
0.0032549672
0.0034075804
0.0034947781
0.0034929881
0.0034832054
0.0035477822
0.0037222346
0.0039232212
0.0039966132
0.0039900286
0.0040250717
0.0041338891
0.0042605719
0.0043392200
0.0042902392
0.0041020051
0.0038820685
0.0037177007
0.0036151106
0.0035276060
0.0034269391
0.0033315944
0.0032372738
0.0031024923
0.0028358588
0.0024117160
0.0018592406
0.0013522081
0.0010075510
0.0008215727
0.0006500237
0.0003756988
0.0000993726
-0.0000411902
0.0000213210
0.0002398729
0.0005653058
0.0009117884
0.0012452931
0.0015911377
0.0019510146
0.0022972775
0.0026590804
0.0030605950
0.0035156668
0.0040066812
0.0045002043
0.0048748921
0.0051450607
0.0055288241
0.0060226329
0.0064587485
0.0067789870
0.0070260652
0.0071260157
0.0071272168
0.0071472911
0.0072243867
0.0073714951
0.0076714546
0.0081040752
0.0085965324
0.0091053216
0.0096100984
0.0100558417
0.0104057977
0.0106355938
0.0108343555
0.0110041875
0.0109943242
0.0107981538
0.0105392504
0.0104232111
0.0103985875
0.0102637214
0.0099444059
0.0095280865
0.0092146991
0.0091063643
0.0091811814
0.0091881406
0.0090327136
0.0088420426
0.0087230645
0.0086659427
0.0086294900
0.0085824749
0.0085055802
0.0084389658
0.0084138479
0.0083774376
0.0083363275
0.0083969017
0.0084965857
0.0085113383
0.0083687058
0.0080851363
0.0076893006
0.0073246808
0.0070773786
0.0069886162
0.0069746244
0.0069465366
0.0068724301
0.0067812153
0.0067048381
0.0066372969
0.0065273170
0.0061900551
0.0056445505
0.0051306403
0.0047344995
0.0043839372
0.0040576007
0.0037809548
0.0036260009
0.0035320781
0.0034007680
0.0031748952
0.0029440684
0.0028129139
0.0027073274
0.0025592654
0.0024587643
0.0025203396
0.0027867081
0.0030981708
0.0033061153
0.0033547281
0.0033723763
0.0034530828
0.0034505849
0.0033108211
0.0031870078
0.0030943973
0.0029579138
0.0028349655
0.0027905074
0.0028287606
0.0029410773
0.0031154768
0.0032896879
0.0034663771
0.0037185160
0.0039734069
0.0041451467
0.0043118737
0.0045344132
0.0048010868
0.0051365491
0.0055367565
0.0057996763
0.0059124445
0.0060095178
0.0061142107
0.0061704172
0.0062106971
0.0062502046
0.0062510967
0.0061386722
0.0059095712
0.0055334429
0.0050200425
0.0043946965
0.0037487966
0.0031370885
0.0025710412
0.0021485803
0.0019287402
0.0018041174
0.0016258842
0.0013420914
0.0010858021
0.0009460901
0.0008507079
0.0007841051
0.0008235361
0.0009716070
0.0011752779
0.0014461838
0.0016897091
0.0017842521
0.0018862042
0.0021084958
0.0023642939
0.0026106688
0.0028796407
0.0029785743
0.0028141366
0.0024759201
0.0021761061
0.0020183867
0.0019316428
0.0018495591
0.0018084312
0.0017460352
0.0016082452
0.0015480054
0.0016191467
0.0017011647
0.0018173480
0.0020344700
0.0022009970
0.0023374828
0.0026741562
0.0031749698
0.0036750307
0.0041598181
0.0046147953
0.0048883354
0.0050680192
0.0052985491
0.0054934295
0.0055976049
0.0057281496
0.0058916673
0.0060214898
0.0061378187
0.0062194482
0.0061347407
0.0059361413
0.0057526072
0.0056524327
0.0056511853
0.0057564150
0.0058521907
0.0058843297
0.0059596990
0.0060866791
0.0061712205
0.0061544366
0.0060378257
0.0058339161
0.0056360967
0.0055262906
0.0053995423
0.0052052295
0.0051201320
0.0051601570
0.0051954820
0.0051616825
0.0050751676
0.0049413635
0.0047480085
0.0044705408
0.0042103089
0.0040541945
0.0040269216
0.0040638570
0.0040976566
0.0040315983
0.0038514218
0.0035913664
0.0032925495
0.0029672774
0.0026271052
0.0023890283
0.0023648527
0.0022874473
0.0020160714
0.0017375239
0.0015762032
0.0014901642
0.0014475332
0.0013976155
0.0012377341
0.0011108463
0.0012138925
0.0013931793
0.0014681354
0.0014414503
0.0014354330
0.0015288584
0.0018139356
0.0021758111
0.0023085744
0.0022564797
0.0022302434
0.0022935225
0.0023956256
0.0025247182
0.0026670769
0.0028396798
0.0032583028
0.0038923335
0.0044024899
0.0046481894
0.0046818345
0.0046540981
0.0047155529
0.0049065135
0.0050492503
0.0050303809
0.0049276962
0.0048617113
0.0048691340
0.0049518409
0.0050855137
0.0051437207
0.0050596659
0.0048454179
0.0045616977
0.0042449233
0.0040138528
0.0039241596
0.0039572911
0.0039618443
0.0038371605
0.0034212856
0.0028867775
0.0024988375
0.0021776621
0.0017849009
0.0013625828
0.0009318481
0.0004484069
-0.0000957614
-0.0006121332
-0.0009500454
-0.0012151083
-0.0015787108
-0.0021410985
-0.0027533472
-0.0030966272
-0.0031009606
-0.0029356768
-0.0029103167
-0.0030822005
-0.0033674481
-0.0035914505
-0.0036866605
-0.0037327638
-0.0037317886
-0.0035094704
-0.0031795384
-0.0029392174
-0.0028185095
-0.0027721536
-0.0028607559
-0.0029895727
-0.0030306373
-0.0029275965
-0.0028135249
-0.0028656420
-0.0030274172
-0.0031401229
-0.0030393042
-0.0027798285
-0.0024544458
-0.0021901338
-0.0020299126
-0.0019003987
-0.0017821763
-0.0017655009
-0.0018690653
-0.0020383667
-0.0021990463
-0.0022988056
-0.0022728674
-0.0022023058
-0.0021842818
-0.0022438914
-0.0023827921
-0.0026499033
-0.0028838042
-0.0029587630
-0.0030343903
-0.0032250616
-0.0035113569
-0.0038991227
-0.0043582206
-0.0045702982
-0.0045027223
-0.0042971404
-0.0042899727
-0.0045909866
-0.0047996927
-0.0047621857
-0.0046544843
-0.0046402106
-0.0047015612
-0.0046848893
-0.0045851048
-0.0045150495
-0.0043923832
-0.0041005762
-0.0036762858
-0.0032102759
-0.0027605459
-0.0024297685
-0.0023253942
-0.0023830118
-0.0024813291
-0.0025911197
-0.0026049528
-0.0023906067
-0.0021777629
-0.0021423977
-0.0021282573
-0.0020309576
-0.0019291762
-0.0018200799
-0.0016622562
-0.0015538995
-0.0015701810
-0.0017586560
-0.0019346883
-0.0019559200
-0.0019510548
-0.0020231828
-0.0021131150
-0.0022334024
-0.0024503881
-0.0025640005
-0.0024294592
-0.0020707339
-0.0017802075
-0.0017875872
-0.0020104968
-0.0022831100
-0.0026776133
-0.0030164204
-0.0030034146
-0.0028661398
-0.0028544880
-0.0028788219
-0.0028979501
-0.0030071270
-0.0030424389
-0.0028767454
-0.0027108437
-0.0026647790
-0.0026844910
-0.0028519727
-0.0032350988
-0.0036060197
-0.0038528820
-0.0040423886
-0.0041765132
-0.0042211802
-0.0042820596
-0.0043973072
-0.0044905572
-0.0045416350
-0.0045866110
-0.0046250371
-0.0046206152
-0.0045242950
-0.0043453875
-0.0041395585
-0.0042662180
-0.0047539521
-0.0052270649
-0.0053850562
-0.0051931996
-0.0050030423
-0.0050038726
-0.0050934114
-0.0052023022
-0.0053914438
-0.0055308284
-0.0055270283
-0.0055310254
-0.0056347914
-0.0057964941
-0.0059301785
-0.0060011992
-0.0059972562
-0.0059230146
-0.0057291691
-0.0054669213
-0.0052092614
-0.0049591322
-0.0046918909
-0.0044124112
-0.0041359051
-0.0038708998
-0.0036135458
-0.0033987447
-0.0034486030
-0.0036854490
-0.0038655819
-0.0037966269
-0.0034835963
-0.0030971906
-0.0028138775
-0.0027354225
-0.0027115639
-0.0025949886
-0.0024133272
-0.0022785468
-0.0022762281
-0.0024326696
-0.0027149273
-0.0030475626
-0.0033029972
-0.0032704192
-0.0030777698
-0.0029474908
-0.0029839706
-0.0031817193
-0.0035791167
-0.0039592529
-0.0041380832
-0.0041389792
-0.0040892723
-0.0040826414
-0.0041098796
-0.0041481783
-0.0043801293
-0.0048609312
-0.0054543430
-0.0060660564
-0.0066851345
-0.0071462213
-0.0074229630
-0.0076681990
-0.0079924578
-0.0083769240
-0.0087615369
-0.0091277903
-0.0094880306
-0.0097375187
-0.0098068866
-0.0097940882
-0.0097359430
-0.0095323887
-0.0092067976
-0.0088410887
-0.0084014936
-0.0078288860
-0.0071092163
-0.0063996688
-0.0058449149
-0.0054633104
-0.0052149191
-0.0050442220
-0.0048745252
-0.0046488691
-0.0043611750
-0.0040540632
-0.0039186950
-0.0039845292
-0.0041052530
-0.0041284670
-0.0040380246
-0.0039001384
-0.0037628578
-0.0036358634
-0.0035953801
-0.0037287331
-0.0038940945
-0.0039906890
-0.0040795210
-0.0041004642
-0.0039120332
-0.0036391191
-0.0033908181
-0.0029879310
-0.0025282897
-0.0022891435
-0.0022067196
-0.0021105511
-0.0019511529
-0.0017151240
-0.0013738507
-0.0010431580
-0.0007833903
-0.0004571851
-0.0000410193
0.0003602123
0.0007679298
0.0012473341
0.0017234727
0.0021440661
0.0025468524
0.0029298967
0.0032059416
0.0034598080
0.0037901547
0.0040952892
0.0042900383
0.0043542313
0.0043935341
0.0044773842
0.0044912099
0.0044208726
0.0044399312
0.0045239281
0.0045471962
0.0044864558
0.0043980332
0.0043202193
0.0044901478
0.0050203051
0.0055861080
0.0059211300
0.0059397406
0.0057292425
0.0054078995
0.0051608290
0.0049965388
0.0048190293
0.0045908166
0.0043470481
0.0041167345
0.0038529422
0.0034894444
0.0030718583
0.0026794161
0.0024531038
0.0023543285
0.0022732030
0.0022313815
0.0022603227
0.0023119296
0.0023824403
0.0025047254
0.0025873590
0.0026044206
0.0027089826
0.0029637796
0.0033227197
0.0037154963
0.0040839545
0.0042838593
0.0043379108
0.0043482569
0.0043416916
0.0043059726
0.0042670136
0.0042804994
0.0043843465
0.0044782029
0.0044878152
0.0043686749
0.0041927178
0.0040373179
0.0038499404
0.0036072443
0.0033924340
0.0032271085
0.0030749266
0.0028923557
0.0026770232
0.0024508539
0.0022620973
0.0021334434
0.0020667183
0.0020588955
0.0021217739
0.0022686626
0.0024841410
0.0026619768
0.0027746183
0.0028808031
0.0029302141
0.0028754806
0.0029098000
0.0030801784
0.0031997459
0.0031775781
0.0030485763
0.0026964144
0.0021688469
0.0017603672
0.0015883795
0.0015325338
0.0013371493
0.0010008487
0.0006924338
0.0005739388
0.0006663469
0.0009141276
0.0012034306
0.0014735629
0.0017791883
0.0021611153
0.0024907715
0.0026602559
0.0025864908
0.0026267835
0.0030653108
0.0037219330
0.0042459390
0.0044124691
0.0042549952
0.0039355639
0.0037405753
0.0036899876
0.0036339962
0.0034715567
0.0031929466
0.0026853013
0.0020225769
0.0013587479
0.0007679333
0.0002484343
-0.0000367870
-0.0000872122
-0.0000048445
0.0001255105
0.0002691163
0.0003922078
0.0006843697
0.0013575136
0.0021144802
0.0027043112
0.0031988604
0.0036190336
0.0038449770
0.0039597781
0.0040733612
0.0041305022
0.0041068673
0.0040428404
0.0039098628
0.0037073936
0.0035032619
0.0033728768
0.0033603591
0.0034689742
0.0035931243
0.0035470071
0.0034108156
0.0033408881
0.0032707768
0.0031265447
0.0029715691
0.0027790298
0.0024575412
0.0021087163
0.0018247656
0.0015806892
0.0014239179
0.0013949272
0.0013526677
0.0012486325
0.0011878110
0.0011642834
0.0010954987
0.0009319813
0.0007342809
0.0005846023
0.0005032980
0.0004460488
0.0002897323
0.0000090876
-0.0003421283
-0.0006282208
-0.0007928470
-0.0008654581
-0.0009023735
-0.0009195718
-0.0009469876
-0.0009847472
-0.0009851530
-0.0009248916
-0.0008237122
-0.0008006156
-0.0008632962
-0.0008357657
-0.0006575641
-0.0003875036
-0.0000744657
0.0002384377
0.0004128517
0.0004910171
0.0006240152
0.0009762061
0.0014929540
0.0019734690
0.0022208237
0.0021481829
0.0019360323
0.0017503007
0.0018102262
0.0020618677
0.0023170853
0.0023373229
0.0021200163
0.0016949926
0.0013885064
0.0015458412
0.0020165943
0.0024907043
0.0028477319
0.0030496588
0.0030416094
0.0029643628
0.0029339281
0.0029312680
0.0029613652
0.0030787654
0.0031679685
0.0031574687
0.0030789453
0.0029595246
0.0027879505
0.0026818993
0.0026691974
0.0026085679
0.0024146082
0.0021008565
0.0017264634
0.0013484879
0.0010385059
0.0007605937
0.0004380431
0.0000503155
-0.0003067791
-0.0004687203
-0.0004741150
-0.0004083302
-0.0002439728
0.0000682637
0.0005400546
0.0010220495
0.0013780375
0.0016163394
0.0018368306
0.0021452887
0.0024962435
0.0027761840
0.0028762970
0.0028494883
0.0028521743
0.0029236237
0.0030066428
0.0030637212
0.0031003493
0.0031371345
0.0031837765
0.0032342399
0.0032515062
0.0032191463
0.0031810199
0.0030800487
0.0027325562
0.0023753575
0.0022559282
0.0021633289
0.0019180075
0.0015486264
0.0011537863
0.0007687864
0.0004206795
0.0002107165
0.0000661481
-0.0001742846
-0.0005331294
-0.0009293695
-0.0012107350
-0.0013259158
-0.0013595829
-0.0014069104
-0.0015244156
-0.0016565822
-0.0017410313
-0.0017870748
-0.0018105533
-0.0017760049
-0.0017045864
-0.0016407966
-0.0016145618
-0.0015795060
-0.0014382970
-0.0012964238
-0.0012669511
-0.0012196646
-0.0010104629
-0.0005883268
-0.0000881274
0.0003699486
0.0006565384
0.0008237995
0.0010948251
0.0014385839
0.0016554511
0.0016808683
0.0016145070
0.0015500565
0.0016253883
0.0019500248
0.0023124070
0.0025229715
0.0024659173
0.0021396465
0.0015740672
0.0011136053
0.0008587619
0.0005634610
0.0000885687
-0.0005009469
-0.0010022208
-0.0013067869
-0.0014025294
-0.0014917198
-0.0017334882
-0.0021555900
-0.0025816125
-0.0028522982
-0.0030115238
-0.0031491474
-0.0032579046
-0.0033290355
-0.0033880700
-0.0035869966
-0.0039964703
-0.0044442257
-0.0048379914
-0.0052166686
-0.0054504309
-0.0054848676
-0.0054145265
-0.0052952510
-0.0050743180
-0.0048057598
-0.0045586082
-0.0043449549
-0.0041041060
-0.0037878418
-0.0034521602
-0.0031570497
-0.0029382017
-0.0027034635
-0.0023534206
-0.0020308464
-0.0017999674
-0.0014269738
-0.0008929013
-0.0003679876
0.0001070507
0.0005638062
0.0008319192
0.0009250603
0.0009494723
0.0008442052
0.0005270569
0.0001037645
-0.0002386325
-0.0003934525
-0.0003955225
-0.0003640512
-0.0004376545
-0.0006138328
-0.0008261808
-0.0010158916
-0.0011704980
-0.0012484525
-0.0012879581
-0.0013618911
-0.0015322943
-0.0018496920
-0.0024037871
-0.0029990433
-0.0034327324
-0.0036567719
-0.0037974367
-0.0040291306
-0.0044258545
-0.0049153921
-0.0052553380
-0.0053995307
-0.0054544820
-0.0054291941
-0.0052600341
-0.0049834585
-0.0047157692
-0.0045332739
-0.0044240085
-0.0043529993
-0.0042756836
-0.0041786682
-0.0040760993
-0.0040326565
-0.0040732608
-0.0041247905
-0.0040996030
-0.0039699118
-0.0038721935
-0.0038903176
-0.0039426505
-0.0039876960
-0.0040675915
-0.0040956793
-0.0040025953
-0.0038854013
-0.0038489166
-0.0039024054
-0.0039122996
-0.0037880503
-0.0033973274
-0.0028457554
-0.0023209619
-0.0019968757
-0.0019157746
-0.0020883987
-0.0023244075
-0.0024257197
-0.0023554211
-0.0022324682
-0.0021954984
-0.0022927297
-0.0024914191
-0.0025368261
-0.0024193487
-0.0024411056
-0.0027018709
-0.0031037744
-0.0034180690
-0.0035651532
-0.0036054431
-0.0036655767
-0.0037897399
-0.0039228504
-0.0039923033
-0.0039429981
-0.0037976163
-0.0036356205
-0.0036564630
-0.0037899176
-0.0038280564
-0.0036638303
-0.0033352497
-0.0029568463
-0.0026563453
-0.0024917490
-0.0023872086
-0.0022674491
-0.0020512682
-0.0017819604
-0.0015478776
-0.0014083366
-0.0013636128
-0.0014049651
-0.0014893489
-0.0015834382
-0.0016673308
-0.0017501474
-0.0018763729
-0.0021715657
-0.0027479795
-0.0034170873
-0.0039594769
-0.0042656387
-0.0043260701
-0.0042172333
-0.0042325536
-0.0044187602
-0.0045769446
-0.0047240067
-0.0049680572
-0.0051540822
-0.0052097673
-0.0052093116
-0.0052776329
-0.0054678057
-0.0058544616
-0.0063295671
-0.0067229041
-0.0068818957
-0.0068367653
-0.0067063172
-0.0066346360
-0.0066826359
-0.0068588130
-0.0071051768
-0.0073369116
-0.0074552023
-0.0074329924
-0.0073148715
-0.0071840527
-0.0070673685
-0.0068762496
-0.0065634723
-0.0062579400
-0.0060171760
-0.0057938255
-0.0056463888
-0.0056437820
-0.0057237817
-0.0057483899
-0.0055920052
-0.0053114788
-0.0050285658
-0.0048736254
-0.0048492759
-0.0049554866
-0.0051176063
-0.0052574466
-0.0052799887
-0.0051700744
-0.0049521808
-0.0047300506
-0.0045492005
-0.0044075722
-0.0042492873
-0.0040331393
-0.0038239442
-0.0036774865
-0.0035525938
-0.0034132926
-0.0032747584
-0.0031173518
-0.0028982030
-0.0025427800
-0.0021408189
-0.0018572807
-0.0016883952
-0.0015360211
-0.0013211416
-0.0010348942
-0.0006682489
-0.0003353204
-0.0001383809
-0.0001181109
-0.0001182958
0.0000593078
0.0003106178
0.0004529292
0.0004346743
0.0003808519
0.0004173617
0.0005047817
0.0005563361
0.0005630176
0.0004973518
0.0002336931
-0.0002182603
-0.0007337618
-0.0010632215
-0.0011195967
-0.0009570487
-0.0008379481
-0.0009008909
-0.0011240279
-0.0014597998
-0.0019272391
-0.0022294520
-0.0022476321
-0.0021568722
-0.0021509515
-0.0022649906
-0.0025609407
-0.0029857644
-0.0033670136
-0.0036086245
-0.0037465238
-0.0038699189
-0.0040109293
-0.0041372181
-0.0042120815
-0.0042367515
-0.0042021332
-0.0041959464
-0.0043352576
-0.0046436941
-0.0050057071
-0.0052519472
-0.0053380991
-0.0052873688
-0.0052070524
-0.0051460610
-0.0050739936
-0.0050042125
-0.0049672693
-0.0049341417
-0.0049184160
-0.0050058268
-0.0051127480
-0.0051205723
-0.0049808633
-0.0047315799
-0.0044179569
-0.0040366034
-0.0035541922
-0.0028651878
-0.0020593134
-0.0014451102
-0.0010962073
-0.0009272014
-0.0007282505
-0.0004377978
-0.0001610122
0.0000428805
0.0002250827
0.0005378754
0.0009745412
0.0013137978
0.0014927945
0.0015980973
0.0016883752
0.0017668027
0.0018177825
0.0017519517
0.0014798057
0.0011249933
0.0008166349
0.0005760439
0.0004235717
0.0003734739
0.0004056133
0.0004744880
0.0005140998
0.0005508835
0.0006122757
0.0005665351
0.0004439128
0.0003973457
0.0002545230
-0.0001271139
-0.0003479425
-0.0002799139
-0.0001319296
-0.0000682814
-0.0000641671
-0.0000544239
-0.0000425254
-0.0000792818
-0.0001604732
-0.0002601743
-0.0004020936
-0.0005213212
-0.0005156851
-0.0004227931
-0.0002625248
0.0000709554
0.0004810101
0.0008094559
0.0010014867
0.0011253649
0.0012326097
0.0013840296
0.0016347400
0.0019732095
0.0023584585
0.0028374565
0.0033825768
0.0039180887
0.0044268161
0.0049030378
0.0051894458
0.0053137071
0.0054133139
0.0055101748
0.0055366174
0.0054606959
0.0052866930
0.0050177254
0.0047292126
0.0044858804
0.0043750239
0.0043097689
0.0041468961
0.0038671151
0.0035802853
0.0034218201
0.0033834538
0.0033812070
0.0033481728
0.0032874058
0.0032194225
0.0031534148
0.0030815398
0.0029855146
0.0028495995
0.0026420647
0.0023942350
0.0021432635
0.0018607475
0.0015612259
0.0012962670
0.0010779022
0.0008853953
0.0007055030
0.0005490811
0.0005363229
0.0005415523
0.0003261180
-0.0001152557
-0.0005795413
-0.0008451780
-0.0010065693
-0.0012364242
-0.0014634598
-0.0015587049
-0.0014835163
-0.0013301793
-0.0011821433
-0.0010658078
-0.0009792192
-0.0009499539
-0.0009110937
-0.0007840144
-0.0005124689
-0.0001804112
0.0001077306
0.0002944424
0.0004052584
0.0005838531
0.0008574071
0.0011225229
0.0013229019
0.0015057613
0.0018625893
0.0023831373
0.0028340800
0.0031499375
0.0034335955
0.0038061917
0.0042489204
0.0046527233
0.0049586765
0.0051684138
0.0053366933
0.0055082670
0.0056991041
0.0058908061
0.0060615264
0.0061801454
0.0062428785
0.0062617981
0.0062538039
0.0061997601
0.0060034816
0.0056642849
0.0052842213
0.0049357406
0.0046309189
0.0044385757
0.0043253170
0.0042273632
0.0040917749
0.0038930672
0.0035579854
0.0031981467
0.0029970246
0.0030381951
0.0031971025
0.0032350895
0.0030955593
0.0028522326
0.0026088858
0.0024239529
0.0023400985
0.0023733980
0.0025584633
0.0028318378
0.0031087864
0.0033379364
0.0035165701
0.0036449536
0.0037631861
0.0039153158
0.0041386046
0.0044174857
0.0047406207
0.0050999689
0.0054027554
0.0054559457
0.0053439151
0.0052258947
0.0051949105
0.0052273043
0.0052765940
0.0053211993
0.0053590423
0.0053137573
0.0051739171
0.0050124423
0.0049310908
0.0049343657
0.0048539025
0.0046506301
0.0044000182
0.0042178319
0.0041349087
0.0040741915
0.0038604012
0.0033539341
0.0026347877
0.0019593776
0.0016324132
0.0016540952
0.0019416394
0.0022593345
0.0024670991
0.0025405135
0.0024907159
0.0022600443
0.0018930209
0.0014529507
0.0009550636
0.0005923957
0.0004765793
0.0003690590
0.0001729652
0.0000634105
-0.0000214607
-0.0002356654
-0.0005236882
-0.0007739031
-0.0009574271
-0.0010712840
-0.0011140405
-0.0011004944
-0.0010890805
-0.0011285730
-0.0012164375
-0.0013018567
-0.0011973272
-0.0010210809
-0.0010329417
-0.0012645378
-0.0016230148
-0.0020691347
-0.0024503232
-0.0025855285
-0.0024517950
-0.0021912198
-0.0019160329
-0.0016128340
-0.0012279075
-0.0008311793
-0.0004974924
-0.0003065853
-0.0002338461
-0.0002238146
-0.0002342262
-0.0002372780
-0.0001368874
0.0000000326
0.0000387558
-0.0000005671
-0.0000345484
-0.0000424371
0.0000162829
0.0001866942
0.0003051836
0.0002776986
0.0001141436
-0.0000736088
-0.0001977526
-0.0002345096
-0.0002387861
-0.0002952713
-0.0003595654
-0.0003151433
-0.0000556219
0.0003693128
0.0008832090
0.0013674527
0.0017304056
0.0019391377
0.0020000873
0.0019666763
0.0018906249
0.0017834372
0.0016929137
0.0016503487
0.0017220430
0.0018713443
0.0020097939
0.0020165723
0.0019029935
0.0017443773
0.0015945883
0.0014477023
0.0012264148
0.0009612446
0.0008133464
0.0007924187
0.0008247271
0.0008410662
0.0008367964
0.0008342765
0.0007925697
0.0006775658
0.0005562481
0.0004698533
0.0004019314
0.0004092331
0.0005462743
0.0008130398
0.0011724834
0.0015848339
0.0020514606
0.0026027295
0.0031350630
0.0035878145
0.0040059745
0.0044023624
0.0047340091
0.0050539541
0.0053588839
0.0053696278
0.0052459072
0.0053666116
0.0056508107
0.0058911923
0.0061630293
0.0064211990
0.0064917911
0.0064309117
0.0063484056
0.0061343005
0.0057851555
0.0054057445
0.0050218808
0.0046690206
0.0044839572
0.0045141845
0.0047025382
0.0049748735
0.0052599105
0.0054335890
0.0054114525
0.0052105126
0.0049171995
0.0045518846
0.0040686805
0.0034217518
0.0026527978
0.0020101720
