0.0017005060
0.0019327964
0.0019811900
0.0021762209
0.0022860164
0.0015391017
0.0002815413
-0.0007983251
-0.0012388814
-0.0012152696
-0.0010063149
-0.0003456666
0.0003094680
0.0004094459
0.0001263682
0.0001215677
0.0008252952
0.0016201238
0.0019212946
0.0017312957
0.0010936891
0.0005156213
0.0004706977
0.0006640814
0.0001995085
-0.0006743060
-0.0009815687
-0.0005626601
0.0001538349
0.0005054800
0.0005067413
0.0006119193
0.0009875212
0.0009798151
0.0000624561
-0.0007175427
-0.0012695946
-0.0025356691
-0.0038550046
-0.0046938260
-0.0048322115
-0.0042085454
-0.0033163793
-0.0023747855
-0.0011376819
0.0003066259
0.0009287364
0.0010258857
0.0013836666
0.0016211530
0.0009985403
0.0000486485
-0.0002987445
0.0003679738
0.0014221700
0.0016373605
0.0009676082
0.0004396032
0.0004467989
0.0006260392
0.0009671053
0.0009562177
-0.0002144319
-0.0017017813
-0.0024433110
-0.0025766725
-0.0023741297
-0.0012457829
0.0014920315
0.0045642937
0.0055738723
0.0039151285
0.0016134098
0.0013607769
0.0018930457
0.0010787960
-0.0010368759
-0.0034704186
-0.0045288661
-0.0040015010
-0.0019886141
0.0011599775
0.0038016096
0.0050736307
0.0057130378
0.0055929038
0.0036136775
0.0000868141
-0.0036879538
-0.0069895043
-0.0093516717
-0.0101152001
-0.0082820829
-0.0037874212
0.0013113007
0.0047328244
0.0069432092
0.0083402945
0.0091147397
0.0087749936
0.0069516306
0.0042399818
0.0017767418
-0.0003252365
-0.0025529187
-0.0044124809
-0.0050774892
-0.0048655678
-0.0047313362
-0.0059254629
-0.0072407081
-0.0054809148
0.0007567530
0.0085957544
0.0133121865
0.0147469296
0.0142427310
0.0116405341
0.0073200755
0.0021804305
-0.0023540773
-0.0023300490
0.0031472288
0.0080171943
0.0052655361
-0.0033172109
-0.0091250961
-0.0088138291
-0.0061042856
-0.0029744041
0.0009141170
0.0060312002
0.0123948005
0.0182471894
0.0189237431
0.0154364563
0.0139713483
0.0170345462
0.0209500608
0.0213922234
0.0176303050
0.0117072390
0.0052981919
-0.0043547578
-0.0165701183
-0.0272515077
-0.0325683940
-0.0287542734
-0.0180379223
-0.0049588737
0.0081009011
0.0162562310
0.0170227130
0.0147876621
0.0103041975
0.0055367521
0.0031170639
0.0034634278
0.0025794242
-0.0026601551
-0.0100791365
-0.0159659153
-0.0199220490
-0.0224150438
-0.0211363735
-0.0139278440
-0.0039374316
0.0036496068
0.0044621839
-0.0054783209
-0.0193435647
-0.0229849817
-0.0118710516
0.0037986561
0.0129690400
0.0166558018
0.0158312445
0.0107045861
0.0075282027
0.0111207044
0.0163173166
0.0176751082
0.0163343564
0.0148019755
0.0142538295
0.0145666263
0.0131548907
0.0073565405
-0.0024020703
-0.0118138662
-0.0149905639
-0.0113304258
-0.0050768493
0.0033159738
0.0155337608
0.0255378959
0.0245971503
0.0152623176
0.0063231176
0.0016033075
-0.0000289571
-0.0007411193
-0.0032704458
-0.0063968997
-0.0040186506
0.0027788400
0.0061949787
0.0005553818
-0.0111837514
-0.0158679406
-0.0058741581
0.0137185428
0.0266842923
0.0210559837
0.0024968901
-0.0145025152
-0.0240956894
-0.0311236392
-0.0373782229
-0.0409242515
-0.0388504383
-0.0276914854
-0.0102656763
0.0030907090
0.0078140426
0.0079277205
0.0043303190
-0.0011801685
-0.0057025716
-0.0069074447
-0.0006886444
0.0106897464
0.0166578465
0.0097510380
-0.0010413540
-0.0005121516
0.0130919648
0.0293595253
0.0381297705
0.0367426213
0.0251817840
0.0055319469
-0.0129170082
-0.0215414272
-0.0259601825
-0.0314222248
-0.0312805828
-0.0203135959
-0.0024606291
0.0175064412
0.0338543612
0.0404631937
0.0356102959
0.0216175419
0.0059724206
-0.0029331985
-0.0033493747
-0.0035899650
-0.0087024914
-0.0165572704
-0.0217373730
-0.0223914986
-0.0200349960
-0.0161399139
-0.0133588337
-0.0139740368
-0.0150444398
-0.0086376419
0.0092690062
0.0294047412
0.0350375748
0.0208855862
-0.0002002176
-0.0179721262
-0.0254631406
-0.0207578449
-0.0139271851
-0.0130579156
-0.0172087075
-0.0220642787
-0.0242168420
-0.0235946374
-0.0213460949
-0.0161557874
-0.0079822855
-0.0001695793
0.0028615725
0.0020381641
0.0055008929
0.0135352482
0.0165102785
0.0089588979
0.0005378010
0.0021630170
0.0107677544
0.0138379915
0.0011275028
-0.0253588043
-0.0497033573
-0.0554085303
-0.0430104469
-0.0250534217
-0.0062107272
0.0089014588
0.0139179382
0.0163949497
0.0235653329
0.0334951103
0.0402977946
0.0375390365
0.0244065285
0.0071473038
-0.0023012120
-0.0004902385
-0.0004603803
-0.0133466787
-0.0312399411
-0.0389626356
-0.0290832428
-0.0048158572
0.0187181112
0.0248523489
0.0187809387
0.0117272854
0.0056549701
0.0002664943
-0.0036527716
-0.0067146342
-0.0107479845
-0.0171172647
-0.0220425624
-0.0213038969
-0.0172940123
-0.0141968865
-0.0115922548
-0.0091725840
-0.0078605687
-0.0046573307
0.0031421793
0.0100295319
0.0056766485
-0.0074676738
-0.0165821787
-0.0145190172
-0.0050931355
0.0022603136
0.0042573813
0.0028254782
-0.0014855689
-0.0054769237
-0.0043736946
0.0029626069
0.0115338274
0.0121451795
0.0021814813
-0.0079299849
-0.0127470121
-0.0118955321
-0.0048648483
0.0067469340
0.0178419046
0.0238304335
0.0200469049
0.0084489853
-0.0010167505
-0.0035450599
-0.0032188275
-0.0006459591
0.0070135910
0.0158222400
0.0194531719
0.0196897063
0.0208289272
0.0203921946
0.0131556366
0.0026846617
-0.0032450449
0.0024333712
0.0168481957
0.0257126290
0.0216891088
0.0074212499
-0.0046268977
-0.0079986967
-0.0042030964
0.0040664604
0.0099431328
0.0065112440
-0.0075652282
-0.0234199459
-0.0346491367
-0.0384544724
-0.0369876567
-0.0277441117
-0.0110221200
0.0029772747
0.0048342260
0.0031814730
0.0016382825
-0.0029351361
-0.0112374115
-0.0191973560
-0.0185049440
-0.0071284010
0.0060693768
0.0125902729
0.0123121274
0.0064153405
-0.0068519140
-0.0254118169
-0.0346054544
-0.0308477164
-0.0228417002
-0.0115087373
0.0041095255
0.0156800451
0.0200534595
0.0245388099
0.0328799980
0.0476076197
0.0608228159
0.0627687552
0.0570836513
0.0529321626
0.0523258883
0.0509259782
0.0457330201
0.0375839873
0.0315902973
0.0298320981
0.0334469483
0.0408264812
0.0477864613
0.0526188205
0.0577969351
0.0626675770
0.0644506542
0.0608583343
0.0524447879
0.0440453655
0.0419194107
0.0420831059
0.0371744010
0.0299664963
0.0282790613
0.0348991363
0.0445950678
0.0508870519
0.0509671766
0.0488500824
0.0477074726
0.0485871402
0.0489310023
0.0458392345
0.0400474238
0.0350625400
0.0330662387
0.0329463092
0.0313962562
0.0262378017
0.0172308933
0.0056217578
-0.0072504851
-0.0152877371
-0.0166306549
-0.0152112892
-0.0133472846
-0.0087009540
0.0006395128
0.0124088867
0.0144671179
0.0047407156
-0.0058065747
-0.0083419984
-0.0049312465
0.0007631384
0.0094169037
0.0199724261
0.0270171581
0.0302014025
0.0316208060
0.0291741328
0.0237374003
0.0215130163
0.0229405080
0.0241880524
0.0251104784
0.0271342856
0.0313110915
0.0356288238
0.0354058455
0.0306331405
0.0271457666
0.0288114285
0.0324869895
0.0326107283
0.0268163276
0.0187257034
0.0120236861
0.0060906689
0.0010016101
-0.0009721351
-0.0008722913
-0.0008514952
-0.0025346971
-0.0074307960
-0.0132124472
-0.0184286513
-0.0227619049
-0.0249397401
-0.0248023581
-0.0258702315
-0.0321595991
-0.0412502029
-0.0506915492
-0.0591888554
-0.0691535870
-0.0795847533
-0.0860795105
-0.0874987322
-0.0859923048
-0.0850314902
-0.0876112703
-0.0923189743
-0.0956664897
-0.0964276364
-0.0936676893
-0.0887070019
-0.0831920303
-0.0765030958
-0.0708115167
-0.0679237715
-0.0667557157
-0.0655120412
-0.0637481621
-0.0625696174
-0.0609636400
-0.0565799184
-0.0476042874
-0.0366818538
-0.0252489472
-0.0063317094
0.0241017782
0.0616840048
0.1028297351
0.1310344199
0.1339097450
0.1252452977
0.1135609904
0.0950039464
0.0724408197
0.0537292441
0.0366897072
0.0202581448
0.0017793137
-0.0198163003
-0.0406482075
-0.0500004548
-0.0492358623
-0.0459992567
-0.0409676839
-0.0382368180
-0.0448836833
-0.0587982287
-0.0694091833
-0.0725495333
-0.0703586002
-0.0588269690
-0.0334973254
-0.0003108371
0.0240485877
0.0320914590
0.0361815971
0.0437755695
0.0490373682
0.0468735851
0.0423866027
0.0420388782
0.0448883029
0.0493713094
0.0530897992
0.0515044588
0.0433337098
0.0331077854
0.0219982174
0.0072522194
-0.0078418553
-0.0239038937
-0.0416640795
-0.0555766559
-0.0597287883
-0.0531631837
-0.0449189366
-0.0463789780
-0.0589850979
-0.0734860379
-0.0828510839
-0.0864951289
-0.0846473385
-0.0814621550
-0.0813707462
-0.0867258849
-0.0947050314
-0.1015294130
-0.1051723977
-0.1047473885
-0.1030971077
-0.1029343213
-0.1052349904
-0.1066920782
-0.1042062061
-0.0994785088
-0.0951051247
-0.0923763414
-0.0942349236
-0.1012170554
-0.1094602423
-0.1157232967
-0.1189343048
-0.1223750467
-0.1247052134
-0.1215693695
-0.1154036688
-0.1092289561
-0.0954365289
-0.0719744228
-0.0464500527
-0.0181961761
0.0125897428
0.0400523464
0.0558781079
0.0586698247
0.0562265140
0.0549628084
0.0559598987
0.0582384161
0.0608743895
0.0623747962
0.0638771341
0.0681818291
0.0768166272
0.0870080253
0.0929232416
0.0946394473
0.0954873452
0.0978842320
0.1042965925
0.1119121107
0.1174958092
0.1223759933
0.1301910659
0.1416538944
0.1533949251
0.1627903397
0.1666193607
0.1666213297
0.1654629297
0.1629801247
0.1594737230
0.1542372946
0.1441984211
0.1336854640
0.1254812793
0.1154629293
0.1014882146
0.0855539667
0.0720201651
0.0569029163
0.0395744383
0.0256766789
0.0149288081
0.0061862203
-0.0010478484
-0.0062713357
-0.0099419173
-0.0157455232
-0.0244524866
-0.0331732635
-0.0399341285
-0.0460476874
-0.0519665389
-0.0592538337
-0.0678854889
-0.0792114314
-0.0919682584
-0.1032420971
-0.1151724205
-0.1238759835
-0.1307023341
-0.1340754092
-0.1330759711
-0.1306749948
-0.1303309812
-0.1320823644
-0.1344466107
-0.1386759142
-0.1452411402
-0.1504736684
-0.1518338569
-0.1523201713
-0.1551956100
-0.1580944500
-0.1582066851
-0.1563142128
-0.1545302646
-0.1551445287
-0.1558430448
-0.1463574331
-0.1205918180
-0.0887533500
-0.0621449490
-0.0338291688
0.0067027026
0.0686524669
0.1407970222
0.1835077209
0.1786346935
0.1500436987
0.1300575500
0.1282623556
0.1355915303
0.1463487996
0.1541238098
0.1548428494
0.1500451755
0.1490913282
0.1576163904
0.1673637326
0.1713459977
0.1696395236
0.1661537211
0.1633294774
0.1596998215
0.1523524711
0.1440752805
0.1395359293
0.1370298745
0.1337588107
0.1273837862
0.1170336533
0.1016584607
0.0817691734
0.0591570858
0.0381343902
0.0210051750
0.0028645321
-0.0140353496
-0.0248542081
-0.0288394532
-0.0245660054
-0.0159641053
-0.0133375038
-0.0201508701
-0.0287049036
-0.0321545894
-0.0344257418
-0.0397140506
-0.0501477918
-0.0624211065
-0.0685549238
-0.0714661839
-0.0782232395
-0.0900888877
-0.1010814948
-0.1057124441
-0.1079916052
-0.1130777810
-0.1172208634
-0.1179891289
-0.1180065473
-0.1157782404
-0.1070304498
-0.0892145971
-0.0698076105
-0.0602063935
-0.0579287471
-0.0558777672
-0.0521168674
-0.0485987272
-0.0435999464
-0.0367449804
-0.0302214602
-0.0243654930
-0.0182983540
-0.0114128149
-0.0033232452
0.0045653312
0.0112798367
0.0162832939
0.0186800747
0.0170505105
0.0118041611
0.0062625621
0.0015289490
-0.0023902883
-0.0055618271
-0.0065238837
-0.0037152068
0.0029032245
0.0136458210
0.0275388812
0.0414581257
0.0557974153
0.0676077031
0.0756986303
0.0823230031
0.0844521766
0.0795759305
0.0696132059
0.0554479868
0.0387408916
0.0269578901
0.0199606800
0.0145726054
0.0108897173
0.0083916750
0.0059302037
0.0002595112
-0.0101252006
-0.0208173856
-0.0243995308
-0.0204875528
-0.0158556417
-0.0145288586
-0.0172876735
-0.0240450245
-0.0318370669
-0.0361971184
-0.0365085482
-0.0384552676
-0.0454459571
-0.0538254241
-0.0601619387
-0.0625941546
-0.0594070021
-0.0537299257
-0.0503192117
-0.0501148105
-0.0494221257
-0.0410503077
-0.0236873299
0.0009853061
0.0284151749
0.0431424860
0.0406496843
0.0271599815
0.0041830577
-0.0212163505
-0.0358047422
-0.0420505031
-0.0459635868
-0.0419118753
-0.0284246338
-0.0141983784
-0.0031232091
0.0041126759
0.0073044860
0.0063115571
-0.0013529879
-0.0135471040
-0.0195109329
-0.0168178271
-0.0155049712
-0.0216081322
-0.0309416054
-0.0369082628
-0.0404942061
-0.0437572044
-0.0463859454
-0.0503511328
-0.0552330209
-0.0582226259
-0.0570939130
-0.0544852031
-0.0543230983
-0.0546502236
-0.0517148808
-0.0460219764
-0.0390304538
-0.0336704606
-0.0298236616
-0.0231263965
-0.0101057526
0.0077683307
0.0235293449
0.0369018786
0.0512737785
0.0652555741
0.0773766669
0.0825693979
0.0781191835
0.0676415933
0.0542199510
0.0417160697
0.0360704638
0.0337480331
0.0306252379
0.0282738017
0.0277453726
0.0260223018
0.0217748036
0.0179235856
0.0158436267
0.0125160364
0.0063882928
-0.0002033847
-0.0048509818
-0.0122430255
-0.0231262867
-0.0341288564
-0.0401573113
-0.0396907251
-0.0353320633
-0.0279463470
-0.0174945739
-0.0076074451
0.0000616670
0.0052278063
0.0027028253
-0.0071290296
-0.0154664765
-0.0216855683
-0.0279109914
-0.0353867306
-0.0429666358
-0.0432223077
-0.0329665183
-0.0176639036
-0.0006743628
0.0188023671
0.0372803655
0.0520903232
0.0585121123
0.0557710605
0.0493335569
0.0403610310
0.0287343596
0.0189663311
0.0085925282
-0.0022808442
-0.0079042624
-0.0089622301
-0.0081629826
-0.0064251592
-0.0030697096
0.0028329726
0.0088771374
0.0118747928
0.0132591550
0.0166523294
0.0264734614
0.0392139151
0.0485950163
0.0539027467
0.0551381285
0.0530815822
0.0497742048
0.0462056649
0.0416416249
0.0357546340
0.0313931701
0.0312170359
0.0306239163
0.0263658913
0.0192091665
0.0108571903
0.0029840425
-0.0020221066
-0.0025206715
-0.0022722713
-0.0035737291
-0.0001056946
0.0080402245
0.0140965640
0.0116582933
0.0033177255
-0.0027100342
-0.0064705985
-0.0125722827
-0.0207081229
-0.0275803597
-0.0301723365
-0.0280329392
-0.0228816944
-0.0175579012
-0.0142170918
-0.0142996778
-0.0172196281
-0.0200070243
-0.0229472141
-0.0308074079
-0.0417124724
-0.0470192939
-0.0424336324
-0.0312909430
-0.0219342427
-0.0162583401
-0.0087853159
0.0004481303
0.0082019279
0.0119774667
0.0109079801
0.0081326367
0.0091473348
0.0138570419
0.0169354127
0.0171243911
0.0185037322
0.0227727914
0.0270228191
0.0291011838
0.0303309500
0.0291022554
0.0253454489
0.0226502983
0.0203373569
0.0175769100
0.0159208282
0.0180013020
0.0234248269
0.0267596345
0.0257801632
0.0252570013
0.0277274203
0.0298235972
0.0296176964
0.0291290192
0.0300767208
0.0298627318
0.0276331413
0.0252927885
0.0251399268
0.0267139301
0.0280291526
0.0276135039
0.0251943745
0.0200984293
0.0128940954
0.0062126849
-0.0007417948
-0.0069220648
-0.0154884161
-0.0236662309
-0.0287025900
-0.0326714656
-0.0350786179
-0.0359174431
-0.0368736116
-0.0372443132
-0.0356613773
-0.0299230525
-0.0206672805
-0.0123568814
-0.0077620070
-0.0037729658
-0.0010117938
0.0001006447
-0.0001210629
0.0000791009
0.0017680678
0.0025422730
0.0032652347
0.0058291618
0.0082252989
0.0085890294
0.0078048601
0.0073801084
0.0062566361
0.0030828170
0.0007879827
0.0015378593
0.0028432654
0.0028892871
0.0033462076
0.0040718298
0.0040081617
0.0048338171
0.0079628110
0.0123767497
0.0160813312
0.0192150168
0.0235026947
0.0260272623
0.0223995338
0.0159111041
0.0107200772
0.0064773122
0.0021505375
-0.0028722523
-0.0080725621
-0.0115295940
-0.0128640449
-0.0108833975
-0.0075665573
-0.0078741210
-0.0091428931
-0.0059189234
-0.0001532797
0.0049934568
0.0085168376
0.0096325057
0.0073527388
0.0012625473
-0.0052956359
-0.0097587816
-0.0124413947
-0.0149877088
-0.0153896121
-0.0133978169
-0.0118565489
-0.0097634316
-0.0050211937
-0.0006605356
0.0001082298
-0.0011395658
-0.0025678050
-0.0053561119
-0.0110136304
-0.0178355014
-0.0207818331
-0.0198302956
-0.0198460101
-0.0197844208
-0.0160180948
-0.0106589840
-0.0066743939
-0.0055157251
-0.0083515975
-0.0127936215
-0.0149229767
-0.0150067744
-0.0148495808
-0.0144477040
-0.0146127056
-0.0172775103
-0.0216173336
-0.0243189631
-0.0241922820
-0.0239722496
-0.0256797158
-0.0281698933
-0.0303029594
-0.0310569645
-0.0284565246
-0.0241341576
-0.0201344703
-0.0176730407
-0.0160477288
-0.0136438671
-0.0144531037
-0.0199631981
-0.0254404247
-0.0271502688
-0.0236933014
-0.0168823509
-0.0101890277
-0.0064992556
-0.0047631703
-0.0028999449
-0.0006834530
0.0014896758
0.0021760744
0.0010489083
0.0003369952
0.0015510973
0.0027734675
0.0024807682
0.0047019256
0.0109000207
0.0180077695
0.0235027326
0.0289031403
0.0348543597
0.0384787824
0.0386351695
0.0383653734
0.0401535626
0.0422217337
0.0435535983
0.0440487734
0.0420196801
0.0368974256
0.0311149110
0.0272827321
0.0232879144
0.0183596933
0.0128208775
0.0080396262
0.0057184375
0.0051078957
0.0062071186
0.0089027879
0.0101465609
0.0101879447
0.0087095875
0.0043496648
-0.0007013424
-0.0027873833
-0.0028760355
-0.0025823622
-0.0024091827
-0.0020809903
-0.0020728927
-0.0017743479
-0.0020986605
-0.0024322969
-0.0023038396
-0.0027085813
-0.0035001958
-0.0038536150
-0.0035325834
-0.0033164160
-0.0028538671
-0.0006302977
0.0013180670
0.0009322299
-0.0020257346
-0.0041052655
-0.0026647570
-0.0002200645
0.0001457959
-0.0015000398
-0.0029680444
-0.0031927745
-0.0028611700
-0.0035005373
-0.0042754396
-0.0051430809
-0.0051622677
-0.0032242196
-0.0002239244
0.0022498149
0.0039361366
0.0043094169
0.0057629908
0.0092336696
0.0128555894
0.0145948479
0.0138162071
0.0118368472
0.0108481025
0.0108380414
0.0102170335
0.0096742682
0.0107483101
0.0139570918
0.0174448179
0.0201255074
0.0225405889
0.0232554972
0.0197870260
0.0142253504
0.0095532519
0.0043160018
-0.0001331430
-0.0031970174
-0.0068967399
-0.0095521652
-0.0104971935
-0.0108027957
-0.0105252409
-0.0103369971
-0.0098726450
-0.0081669283
-0.0067761174
-0.0078343881
-0.0113836959
-0.0147536659
-0.0169197020
-0.0194011060
-0.0220963210
-0.0235557868
-0.0246875480
-0.0256024462
-0.0255484226
-0.0237016925
-0.0207684436
-0.0178548094
-0.0152540893
-0.0118774699
-0.0095712611
-0.0097232405
-0.0104238619
-0.0103672294
-0.0113686441
-0.0143325532
-0.0181031164
-0.0199326401
-0.0191210748
-0.0169433343
-0.0162614490
-0.0169437243
-0.0156023477
-0.0117846033
-0.0079986967
-0.0057908072
-0.0058663653
-0.0074009347
-0.0079206319
-0.0067995036
-0.0060788282
-0.0061486609
-0.0055597293
-0.0052015348
-0.0049925253
-0.0042282509
-0.0025446941
-0.0003741903
0.0001806077
-0.0013872961
-0.0036974813
-0.0045515366
-0.0029913715
-0.0009090892
-0.0001811706
0.0001411171
0.0015175498
0.0030990044
0.0047588800
0.0075305732
0.0116053224
0.0147516855
0.0161242903
0.0167857620
0.0179468960
0.0200924313
0.0218186942
0.0225525849
0.0249382709
0.0280662235
0.0298519551
0.0284212486
0.0243409065
0.0216339000
0.0202439374
0.0187613429
0.0168608505
0.0147891806
0.0113917424
0.0058628816
-0.0009934503
-0.0077925195
-0.0132960707
-0.0165489247
-0.0174966755
-0.0176072938
-0.0144124166
-0.0060686195
0.0034451582
0.0096221266
0.0123386147
0.0103776426
0.0031087920
-0.0064403965
-0.0141616672
-0.0195526045
-0.0214811406
-0.0214850181
-0.0218096480
-0.0228395267
-0.0233271475
-0.0213543497
-0.0168864935
-0.0140904638
-0.0145176351
-0.0153972383
-0.0157486093
-0.0150234733
-0.0132218758
-0.0122555630
-0.0120190854
-0.0113505706
-0.0103874272
-0.0123451580
-0.0170896110
-0.0209496481
-0.0219810490
-0.0196308397
-0.0137881445
-0.0079169665
-0.0026643090
0.0050388317
0.0156108865
0.0210079695
0.0202512153
0.0186495471
0.0170946624
0.0159502123
0.0154986551
0.0159045079
0.0158714205
0.0154690135
0.0159880367
0.0178988514
0.0193891744
0.0183868509
0.0163126477
0.0154287202
0.0155217345
0.0154522919
0.0139130308
0.0108204564
0.0065687096
0.0028149313
-0.0001912630
-0.0038254388
-0.0079665787
-0.0108040983
-0.0118660722
-0.0114717459
-0.0104401633
-0.0098767232
-0.0084962877
-0.0041005247
0.0026447720
0.0078009675
0.0085452410
0.0049975993
0.0004804751
-0.0027599376
-0.0067115368
-0.0116235474
-0.0153890327
-0.0171087031
-0.0176385939
-0.0171697585
-0.0153572479
-0.0115939512
-0.0060681424
-0.0012050582
0.0012829681
0.0005110558
-0.0021771596
-0.0044303840
-0.0061508003
-0.0089698450
-0.0130540684
-0.0172050497
-0.0194084445
-0.0199658790
-0.0205543751
-0.0213804357
-0.0226113493
-0.0241898510
-0.0267405348
-0.0305463211
-0.0337692003
-0.0362783033
-0.0385187312
-0.0379340785
-0.0322643822
-0.0221033868
-0.0106231021
-0.0029880730
0.0020353367
0.0069939157
0.0089307786
0.0066744129
0.0048550599
0.0073796388
0.0110545333
0.0132118148
0.0125882660
0.0099530915
0.0085659007
0.0092970574
0.0110598384
0.0120148103
0.0116351230
0.0106966153
0.0101227620
0.0123916690
0.0170876306
0.0211978794
0.0257350988
0.0304857126
0.0343062326
0.0377727120
0.0406875504
0.0416380276
0.0388411611
0.0329994921
0.0263546224
0.0184102560
0.0097537076
0.0021370821
-0.0047600160
-0.0090467587
-0.0102157195
-0.0102758774
-0.0083007282
-0.0052336832
-0.0054309164
-0.0103173976
-0.0152092331
-0.0168953238
-0.0177137960
-0.0182254277
-0.0170115236
-0.0155682341
-0.0161389218
-0.0172560629
-0.0165378905
-0.0150732483
-0.0143449051
-0.0130717973
-0.0104782112
-0.0078655405
-0.0072309765
-0.0081903333
-0.0101232315
-0.0122733904
-0.0130833729
-0.0116401668
-0.0074189779
-0.0003671092
0.0066231194
0.0119773039
0.0146466828
0.0160413673
0.0155090986
0.0123252821
0.0078538513
0.0032427490
-0.0015181523
-0.0046718599
-0.0051808940
-0.0042929678
-0.0034959631
-0.0022873277
0.0014726720
0.0067122676
0.0120063396
0.0154792563
0.0174356315
0.0188991907
0.0201988351
0.0207196380
0.0204051524
0.0191352253
0.0159401702
0.0122027057
0.0094995275
0.0072510039
0.0051261472
0.0040732308
0.0048646363
0.0073540944
0.0079416628
0.0048424278
0.0006121852
-0.0002554658
0.0014268984
0.0033108528
0.0040157690
0.0038076644
0.0026518424
0.0005515676
-0.0004061152
-0.0002930766
-0.0014268908
-0.0053916303
-0.0092770565
-0.0105273349
-0.0094569130
-0.0068598053
-0.0042865495
-0.0018332335
0.0013884234
0.0050398579
0.0095670125
0.0136240783
0.0155290919
0.0157025187
0.0122795285
0.0076579434
0.0047278412
0.0029238229
0.0017220367
0.0010897378
-0.0003397460
-0.0027216652
-0.0044878420
-0.0047892146
-0.0046406014
-0.0049793971
-0.0058870553
-0.0065687588
-0.0046696069
0.0002394934
0.0057425317
0.0104960007
0.0141169776
0.0151436982
0.0129478350
0.0085490200
0.0035490082
-0.0006520188
-0.0023796449
-0.0020893307
-0.0005475068
0.0022261447
0.0057761909
0.0093977510
0.0116968372
0.0107510062
0.0070089334
0.0036251100
0.0024549412
0.0029692827
0.0053364442
0.0077963705
0.0084835647
0.0066574754
0.0052714925
0.0064223874
0.0074889129
0.0070167528
0.0055090304
0.0041867042
0.0050094211
0.0082625629
0.0128663964
0.0167618685
0.0193011092
0.0217054405
0.0226867255
0.0190155798
0.0116305905
0.0054503833
0.0008376188
-0.0035150329
-0.0084499471
-0.0129507393
-0.0148261947
-0.0147967008
-0.0145327286
-0.0144608397
-0.0142331243
-0.0130327800
-0.0098563701
-0.0050465754
0.0009100146
0.0063328681
0.0090367885
0.0103668015
0.0110556012
0.0097809636
0.0074317956
0.0069368629
0.0081137302
0.0074924799
0.0051861915
0.0038037074
0.0033768659
0.0027987534
0.0028640247
0.0040765441
0.0046510638
0.0057029162
0.0088162525
0.0120625897
0.0135079088
0.0120226410
0.0101135416
0.0097560098
0.0101278550
0.0111219767
0.0120575573
0.0126391543
0.0122969961
0.0104128050
0.0080043085
0.0055262140
0.0033105551
0.0018153565
0.0006479171
-0.0009528397
-0.0028689098
-0.0037038507
-0.0021854671
-0.0015402358
-0.0024548072
-0.0023296987
-0.0013331214
-0.0016498756
-0.0034985547
-0.0051939957
-0.0066411058
-0.0074747169
-0.0072456534
-0.0049140743
-0.0013410150
0.0028965396
0.0070994978
0.0107110347
0.0124632132
0.0131922304
0.0127117928
0.0103143039
0.0084563427
0.0078150877
0.0054115971
0.0014164905
-0.0026379387
-0.0059922587
-0.0092262327
-0.0126008906
-0.0148965726
-0.0152153068
-0.0148069473
-0.0140081504
-0.0119418764
-0.0100713285
-0.0092289022
-0.0094434364
-0.0091686497
-0.0075957332
-0.0050255862
-0.0028945103
-0.0019041961
-0.0010843430
-0.0000471458
0.0011229096
0.0012689895
-0.0005861583
-0.0026502743
-0.0039297183
-0.0037755210
-0.0029509290
-0.0022671958
-0.0002361870
0.0029917505
0.0060615991
0.0089791979
0.0111957739
0.0126969569
0.0138544216
0.0159440477
0.0164715150
0.0129749812
0.0085135811
0.0050933703
0.0011935235
-0.0035186400
-0.0070869717
-0.0097241568
-0.0110823612
-0.0115357775
-0.0116115362
-0.0124669960
-0.0133526161
-0.0126416534
-0.0100356397
-0.0069482416
-0.0055436930
-0.0055774393
-0.0050957521
-0.0030565674
-0.0014676355
-0.0013456907
-0.0020273583
-0.0023342582
-0.0023222929
-0.0023012011
-0.0026308543
-0.0021756552
-0.0007562971
0.0005689394
0.0029019969
0.0052112967
0.0049931273
0.0037111036
0.0031385063
0.0018786990
0.0001339470
-0.0012442258
-0.0022744839
-0.0025973189
-0.0021358659
-0.0013492815
-0.0002791502
0.0006312723
0.0010835974
0.0012910363
0.0017945207
0.0021690904
0.0016871551
0.0015503040
0.0029753465
0.0042145244
0.0030887309
0.0000867764
-0.0024297311
-0.0036739721
-0.0040361220
-0.0037550275
-0.0051460004
-0.0093695672
-0.0134846136
-0.0154466763
-0.0161130479
-0.0158514044
-0.0151994409
-0.0145773613
-0.0130525689
-0.0112818171
-0.0092385202
-0.0067629022
-0.0047691645
-0.0030568590
-0.0016803714
-0.0009467421
-0.0007701387
-0.0016823700
-0.0030634848
-0.0031819845
-0.0022734441
-0.0021303443
-0.0027005393
-0.0032537840
-0.0038410018
-0.0050267449
-0.0062202240
-0.0059606064
-0.0052191653
-0.0046167344
-0.0028891353
-0.0006393973
0.0005436532
0.0004262747
-0.0002282053
-0.0004460113
-0.0006474018
-0.0017817557
-0.0034734707
-0.0042556735
-0.0029864315
0.0005271705
0.0047378871
0.0088187933
0.0138725670
0.0202896759
0.0256037867
0.0286054710
0.0279270921
0.0229830089
0.0180820780
0.0158460918
0.0139181427
0.0116173297
0.0095488633
0.0076967562
0.0063780841
0.0047665668
0.0018059230
-0.0009699873
-0.0021133435
-0.0021928915
-0.0019962861
-0.0010507027
0.0008554624
0.0023557230
0.0026060721
0.0017104197
0.0004253913
-0.0015158617
-0.0041088855
-0.0066287880
-0.0085564759
-0.0091197986
-0.0093408685
-0.0103445741
-0.0113375333
-0.0113963924
-0.0109480993
-0.0095117923
-0.0074936764
-0.0057213418
-0.0038594085
-0.0014505832
0.0010393001
0.0032358968
0.0053949057
0.0059874573
0.0053884457
0.0067332568
0.0092721870
0.0099974176
0.0098078220
0.0105381267
0.0110657152
0.0104035468
0.0094456895
0.0086761214
0.0063255373
0.0025769549
0.0000890063
-0.0008182245
-0.0002664860
0.0012823119
0.0022158202
0.0021811030
0.0025604756
0.0047011531
0.0073255092
0.0095556224
0.0108523359
0.0092398645
0.0054927176
0.0015674433
-0.0021201723
-0.0057534447
-0.0085381979
-0.0107223491
-0.0117993483
-0.0106634635
-0.0088699164
-0.0076314977
-0.0059881464
-0.0045636840
-0.0040678917
-0.0039750516
-0.0036953013
-0.0028059415
-0.0023347944
-0.0027061817
-0.0028848840
-0.0019831000
-0.0013549349
-0.0017553399
-0.0003269578
0.0022059553
0.0025536181
0.0011839854
0.0005760492
0.0014128921
0.0027036720
0.0043225640
0.0062379075
0.0071880931
0.0063885730
0.0051186611
0.0041244902
0.0027594253
0.0005488969
-0.0002362949
0.0010282830
0.0021562132
0.0028215935
0.0038039801
0.0043387063
0.0026479217
0.0004466872
-0.0000017641
0.0003147602
0.0007149477
0.0020784192
0.0050899055
0.0091075300
0.0122892752
0.0138339625
0.0150861266
0.0169234924
0.0163048965
0.0121397836
0.0077870895
0.0047249217
0.0036084853
0.0050387371
0.0075013481
0.0092555940
0.0097322602
0.0091924334
0.0101644072
0.0117705133
0.0108161851
0.0088794245
0.0075573294
0.0046258374
0.0010871254
-0.0017225198
-0.0047648099
-0.0071122625
-0.0086428144
-0.0094847787
-0.0089558989
-0.0069226744
-0.0052214600
-0.0046997104
-0.0043692113
-0.0039255189
-0.0039967299
-0.0039961544
-0.0030228749
-0.0014077430
-0.0003952945
-0.0005014310
-0.0011037210
-0.0009597169
0.0009339134
0.0033407863
0.0038831922
0.0032761992
0.0029752871
0.0041352744
0.0066351306
0.0069915037
0.0033785471
-0.0003353936
-0.0017656671
-0.0025969308
-0.0050074937
-0.0080788782
-0.0103731138
-0.0116867497
-0.0125314214
-0.0145679440
-0.0170719314
-0.0184581414
-0.0187256049
-0.0174609640
-0.0162080994
-0.0170461067
-0.0172901424
-0.0154245512
-0.0137770687
-0.0135718382
-0.0136283799
-0.0119503849
-0.0094845969
-0.0083826098
-0.0073652762
-0.0049367333
-0.0023345653
-0.0008041205
0.0019766461
0.0059255045
0.0086411218
0.0097294543
0.0102131105
0.0106144875
0.0099051947
0.0084934818
0.0072690963
0.0070939239
0.0078291701
0.0086475438
0.0084729432
0.0066733413
0.0032126428
-0.0007781163
-0.0037725251
-0.0058774222
-0.0066122026
-0.0062803251
-0.0065248872
-0.0052670356
-0.0016118997
0.0026982882
0.0052020082
0.0052892782
0.0035567261
0.0002812342
-0.0025374420
-0.0040128306
-0.0041862498
-0.0051372420
-0.0083261742
-0.0119923708
-0.0151066727
-0.0177772255
-0.0198618911
-0.0203110400
-0.0179226503
-0.0136638907
-0.0089497003
-0.0044136131
-0.0015350538
0.0008099701
0.0036004940
0.0053757000
0.0047266143
0.0026755950
0.0010514347
0.0002327678
-0.0000902327
0.0004998152
0.0017409269
0.0027402934
0.0033837598
0.0045619763
0.0067803168
0.0084449640
0.0072890290
0.0034589748
-0.0001619331
-0.0029901738
-0.0054122446
-0.0064383177
-0.0068212084
-0.0067004572
-0.0064812616
-0.0068626945
-0.0064086988
-0.0056800375
-0.0059488755
-0.0053232100
-0.0025736045
0.0001850270
0.0007922033
0.0005967725
0.0007750602
0.0004700627
-0.0002157518
-0.0005816431
-0.0008254043
-0.0012508050
-0.0007972917
0.0020669428
0.0053486598
0.0075916777
0.0092354493
0.0094187780
0.0086722856
0.0078477776
0.0070532595
0.0068405656
0.0071982223
0.0069054984
0.0061908854
0.0052522148
0.0031474900
0.0023909930
0.0038178694
0.0052561567
0.0064888538
0.0083472770
0.0107840974
0.0117440260
0.0107607151
0.0082255753
0.0057597646
0.0045818105
0.0044901973
0.0049250554
0.0050326444
0.0050850095
0.0055254264
0.0058794328
0.0049021237
0.0021882302
-0.0003654649
-0.0017118753
-0.0025859046
-0.0029996096
-0.0013827722
0.0007845612
0.0026972506
0.0047129598
0.0069133215
0.0084029969
0.0087742779
0.0083008228
0.0069960627
0.0053815806
0.0041390876
0.0036658649
0.0038515626
0.0029918081
0.0012205974
0.0004319417
0.0000871947
-0.0005159704
-0.0008836458
0.0000518187
0.0027862492
0.0058888729
0.0077795542
0.0079452525
0.0065889301
0.0041998513
0.0015554174
-0.0008037328
-0.0032249573
-0.0047934404
-0.0048965423
-0.0044055817
-0.0042938842
-0.0035775945
-0.0026757128
-0.0026941157
-0.0022772485
-0.0021315620
-0.0033587723
-0.0052800123
-0.0058702920
-0.0045481968
-0.0024274198
-0.0003102765
0.0010841582
0.0010811955
0.0003935898
0.0002558164
0.0003680914
0.0005681829
0.0006910485
0.0007670045
0.0013273529
0.0023765391
0.0039545281
0.0053926034
0.0066456838
0.0059681910
0.0038618773
0.0028052524
0.0029836559
0.0039004743
0.0052607082
0.0065741245
0.0081416602
0.0090695995
0.0099613615
0.0120074567
0.0134481599
0.0136169708
0.0134895059
0.0140110131
0.0129640076
0.0111108819
0.0098223134
0.0081809577
0.0062978382
0.0046862225
0.0034888231
0.0010318363
-0.0020478991
-0.0036745882
-0.0039012127
-0.0037309856
-0.0040300067
-0.0051072482
-0.0065051779
-0.0075159758
-0.0063804128
-0.0037323798
-0.0014065953
-0.0007054714
-0.0018352537
-0.0033279024
-0.0040840984
-0.0042528108
-0.0046259473
-0.0054052810
-0.0048605543
-0.0033139074
-0.0032013156
-0.0049217459
-0.0072722846
-0.0086933770
-0.0098005479
-0.0119283279
-0.0146254362
-0.0168137110
-0.0165699441
-0.0130309776
-0.0080083071
-0.0034399179
-0.0004533429
0.0016688734
0.0045203803
0.0063523162
0.0060171784
0.0040204682
0.0015867842
0.0004275951
0.0004860990
-0.0007068262
-0.0030420060
-0.0034981931
-0.0021737415
0.0003120159
0.0029886273
0.0056099890
0.0084941445
0.0107463146
0.0107540733
0.0085374784
0.0053835156
0.0019889147
-0.0012157176
-0.0033172067
-0.0040686036
-0.0031428355
-0.0000824636
0.0024997312
0.0030244036
0.0024853182
0.0024702096
0.0036730765
0.0044343410
0.0040132850
0.0040136485
0.0050085388
0.0054511255
0.0049142712
0.0043168651
0.0042128242
0.0046064121
0.0050967328
0.0052947158
0.0049672421
0.0044173732
0.0038382830
0.0037161129
0.0033544813
0.0019730352
0.0013438046
0.0021285149
0.0031896301
0.0042494483
0.0051105085
0.0058846924
0.0068613654
0.0075148284
0.0056909922
0.0018290690
-0.0020307325
-0.0067564271
-0.0097194198
-0.0099521146
-0.0085531626
-0.0060843491
-0.0040580427
-0.0012357207
0.0022192156
0.0041471833
0.0040942692
0.0018523029
-0.0017152166
-0.0052329410
-0.0082302631
-0.0107939085
-0.0121096838
-0.0115765328
-0.0101727226
-0.0092561469
-0.0084500835
-0.0074115183
-0.0064463036
-0.0049689991
-0.0030212191
-0.0009899034
0.0006693747
0.0018130899
0.0022705477
0.0015093041
0.0004897705
-0.0005363060
-0.0016969117
-0.0028814484
-0.0034532437
-0.0021887486
-0.0011980216
-0.0011988815
-0.0003698004
0.0006584129
0.0017738212
0.0026916003
0.0028471391
0.0031655276
0.0038821849
0.0040448009
0.0031602680
0.0013515694
-0.0009357143
-0.0029477535
-0.0046368186
-0.0059972987
-0.0059853444
-0.0056364498
-0.0052013644
-0.0030474239
-0.0003037154
0.0018490282
0.0036784562
0.0056616649
0.0068048010
0.0065885818
0.0055923055
0.0039057642
0.0017672647
0.0000319831
-0.0006805892
-0.0015325153
-0.0023396829
-0.0019989197
-0.0004899420
0.0012987682
0.0027554077
0.0042954291
0.0052746051
0.0051360530
0.0043372712
0.0037868494
0.0037725644
0.0040603374
0.0042688926
0.0047063976
0.0055944866
0.0061952248
0.0055107457
0.0058049464
0.0072105742
0.0067050314
0.0049649209
0.0043346130
0.0054245246
0.0053802477
0.0041339188
0.0038095880
0.0035868762
0.0026097303
0.0025238197
0.0029356083
0.0022557523
0.0011816153
0.0005715480
-0.0001653677
-0.0006993139
-0.0006778492
0.0003724663
0.0019519828
0.0030792068
0.0038202208
0.0031960310
0.0007653949
-0.0023508825
-0.0051116293
-0.0070659787
-0.0089591441
-0.0107770543
-0.0114559217
-0.0098211774
-0.0067752617
-0.0048250851
-0.0037781399
-0.0030756826
-0.0042907603
-0.0067661359
-0.0078602734
-0.0072431277
-0.0065020691
-0.0071283896
-0.0081105570
-0.0076235496
-0.0062976981
-0.0042952966
-0.0008808744
0.0018501858
0.0029017026
0.0036187122
0.0035162783
0.0018790935
0.0002950082
-0.0004098843
-0.0011924905
-0.0014879730
-0.0007504074
0.0000380080
0.0005765054
0.0011411668
0.0014548390
0.0008052728
-0.0008769401
-0.0023101780
-0.0027828311
-0.0022250887
-0.0010519156
-0.0008544794
-0.0022150825
-0.0033617990
-0.0043193113
-0.0055723236
-0.0073469604
-0.0092881248
-0.0105587600
-0.0113097017
-0.0112195728
-0.0099120863
-0.0084068517
-0.0059227706
-0.0024921413
0.0015702500
0.0052534568
0.0073293640
0.0069720708
0.0039368787
0.0008733602
-0.0003930794
-0.0017960721
-0.0051616240
-0.0086169291
-0.0105893028
-0.0115122664
-0.0120604692
-0.0117324389
-0.0092095072
-0.0052691978
-0.0016066359
0.0015622341
0.0030950470
0.0028792068
0.0019510868
0.0011550595
0.0008427852
-0.0005912710
-0.0024781395
-0.0042033766
-0.0056120565
-0.0057367155
-0.0050682651
-0.0044831087
-0.0034875883
-0.0011053269
0.0023700988
0.0051924205
0.0073099766
0.0080632016
0.0053850756
0.0003481785
-0.0040719737
-0.0078414388
-0.0109387918
-0.0132236328
-0.0144140903
-0.0129277925
-0.0088379725
-0.0055784882
-0.0026809035
0.0003906256
0.0020101447
0.0011394741
-0.0009022895
-0.0024317850
-0.0036821599
-0.0047292309
-0.0053187759
-0.0051353979
-0.0039331338
-0.0033067378
-0.0034549693
-0.0035379014
-0.0040512268
-0.0047673090
-0.0051385786
-0.0049269450
-0.0031275675
0.0000471165
0.0035742112
0.0066289697
0.0084296358
0.0093188607
0.0087031199
0.0059106800
0.0038001669
0.0038302478
0.0034642620
0.0027219030
0.0027470715
0.0029231288
0.0029472821
0.0034519896
0.0039175822
0.0036095243
0.0033332131
0.0037684715
0.0039190022
0.0020715068
-0.0000655089
-0.0006152675
-0.0011241145
-0.0025559404
-0.0034449991
-0.0042060500
-0.0043823394
-0.0021520351
0.0006643003
0.0021112359
0.0030957695
0.0031085292
0.0020197593
-0.0001339829
-0.0014736903
-0.0024410853
-0.0031886172
-0.0035760810
-0.0028629508
-0.0008319339
0.0018859375
0.0044026622
0.0060811910
0.0070954234
0.0076650281
0.0069729606
0.0060763707
0.0052559295
0.0036568089
0.0015549297
-0.0005433612
-0.0021086621
-0.0029203267
-0.0032847747
-0.0034553972
-0.0042129492
-0.0059071925
-0.0075725023
-0.0089677397
-0.0099875459
-0.0106839302
-0.0109361033
-0.0099948844
-0.0091412384
-0.0091026339
-0.0085454076
-0.0071035154
-0.0047907027
-0.0031823257
-0.0032697476
-0.0037377394
-0.0031692774
-0.0009115455
0.0013371167
0.0016991125
0.0010993414
-0.0000593215
-0.0012585305
-0.0019188734
-0.0024998974
-0.0025986628
-0.0016787038
-0.0000417407
0.0006958197
-0.0001331898
-0.0006832258
-0.0001885302
0.0007142404
0.0014796549
0.0026963725
0.0040444412
0.0039541873
0.0039817274
0.0047597737
0.0048552076
0.0050315122
0.0059246450
0.0070107662
0.0071390982
0.0064718368
0.0063974791
0.0068272481
0.0068912153
0.0057544558
0.0037120287
0.0029597783
0.0038591699
0.0037886670
0.0022981521
0.0010581453
0.0012828352
0.0020997545
0.0025730044
0.0029750675
0.0041508526
0.0063338072
0.0076357463
0.0079025660
0.0085208098
0.0090469366
0.0099562079
0.0113545844
0.0118029949
0.0112279336
0.0107843359
0.0100468821
0.0088068276
0.0077844124
0.0069041920
0.0052535439
0.0028942619
0.0013167883
0.0005278369
-0.0016854724
-0.0043557612
-0.0061753451
-0.0065759345
-0.0059538322
-0.0046323542
-0.0034482102
-0.0022577463
-0.0013031754
-0.0013976994
-0.0006074784
0.0008563258
0.0005709725
-0.0006839373
-0.0007357434
-0.0007451119
-0.0022434764
-0.0042258312
-0.0049157025
-0.0045174268
-0.0042239796
-0.0045111031
-0.0051082252
-0.0058228419
-0.0060665785
-0.0059390076
-0.0065045720
-0.0076419715
-0.0086094619
-0.0083144357
-0.0065303285
-0.0044130375
-0.0029167953
-0.0020027464
-0.0022789089
-0.0022766002
-0.0002575430
0.0020427649
0.0031628300
0.0043938810
0.0053815617
0.0059889378
0.0061249226
0.0063360035
0.0075648193
0.0090898011
0.0093309097
0.0091496939
0.0090628593
0.0077393404
0.0067219235
0.0071712086
0.0074943959
0.0068417546
0.0062158959
0.0061185232
0.0067425340
0.0072206883
0.0068426823
0.0061167095
0.0051335992
0.0038125227
0.0022200684
0.0001616661
-0.0025187165
-0.0052055221
-0.0065711633
-0.0059913272
-0.0051611923
-0.0042492855
-0.0020673157
0.0011001979
0.0034171781
0.0041142057
0.0045740631
0.0048644962
0.0043316026
0.0035558351
0.0018985798
-0.0006839562
-0.0023622624
-0.0040018759
-0.0058767746
-0.0071819664
-0.0086412126
-0.0104282431
-0.0118802569
-0.0122187799
-0.0119306491
-0.0107415624
-0.0081137756
-0.0047955117
-0.0025342105
-0.0019186129
-0.0015252423
-0.0004096318
-0.0000238604
-0.0011628890
-0.0029777408
-0.0040051513
-0.0043782045
-0.0051787773
-0.0056423228
-0.0044476017
-0.0032902407
-0.0033496617
-0.0033497950
-0.0025506228
-0.0012961202
-0.0006315813
-0.0004122669
0.0005903300
0.0018519621
0.0019579531
0.0025201149
0.0044744033
0.0053158602
0.0042366609
0.0026652099
0.0018316492
0.0020880842
0.0032300696
0.0044209818
0.0046960526
0.0043902194
0.0037372070
0.0028263146
0.0019911757
0.0020693817
0.0026963449
0.0021369958
0.0025649476
0.0037370782
0.0043196294
0.0047627764
0.0046569520
0.0036786754
0.0011543445
-0.0010563989
-0.0014143772
-0.0019073178
-0.0028944206
-0.0037833926
-0.0033731951
-0.0018587007
-0.0012782553
-0.0016598120
-0.0021532521
-0.0023344490
-0.0016021135
-0.0013869727
-0.0026082448
-0.0041838529
-0.0049278613
-0.0047286288
-0.0043358626
-0.0047755790
-0.0059296206
-0.0054353467
-0.0041655408
-0.0043455184
-0.0050966684
-0.0050529406
-0.0048263764
-0.0051211678
-0.0048219536
-0.0043378354
-0.0042561961
-0.0048831793
-0.0051003679
-0.0045398511
-0.0037070705
-0.0030239098
-0.0020978850
-0.0009538166
0.0000511178
0.0007866938
0.0011539818
0.0017466114
0.0027639151
0.0032865223
0.0043967248
0.0054067161
0.0063736764
0.0077492689
0.0080932863
0.0072657868
0.0064836851
0.0064576938
0.0069190355
0.0070665543
0.0064743056
0.0049830512
0.0033408173
0.0015053346
0.0000181429
-0.0008726707
-0.0010623719
-0.0012147724
-0.0014212696
-0.0014880464
-0.0015288067
-0.0014271100
-0.0009700544
-0.0010723122
-0.0021707868
-0.0035812058
-0.0043597447
-0.0042246498
-0.0036479846
-0.0032280225
-0.0037136353
-0.0047973482
-0.0050537396
-0.0038349583
-0.0026601415
-0.0019246631
-0.0010715628
-0.0001995864
0.0001593206
0.0004833344
0.0009975296
0.0010296522
0.0006459015
-0.0001377638
-0.0013374582
-0.0020463784
-0.0015234607
-0.0010621322
-0.0014129583
-0.0019567274
-0.0025540130
-0.0032574827
-0.0039735899
-0.0034643923
-0.0014926843
0.0004500084
0.0015691121
0.0023207116
0.0024035066
0.0017563528
0.0005602560
-0.0004560670
-0.0009633452
-0.0011806323
-0.0014407615
-0.0015002560
-0.0014615405
-0.0015625181
-0.0016965914
-0.0016900557
-0.0017966999
-0.0024686601
-0.0026947435
-0.0010650900
0.0008666420
0.0019353743
0.0025972898
0.0037567235
0.0044043245
0.0047916039
0.0060134675
0.0072973179
0.0074261649
0.0073767307
0.0089983847
0.0104856216
0.0112013100
0.0102658164
0.0077876689
0.0058295367
0.0044313912
0.0026102847
0.0003794911
-0.0015885211
-0.0022486190
-0.0008073762
0.0009014254
0.0013895166
0.0015249988
0.0017306035
0.0013540905
-0.0005030808
-0.0035453208
-0.0057960592
-0.0077148372
-0.0101169079
-0.0121219827
-0.0128372357
-0.0115771235
-0.0085345741
-0.0053578726
-0.0028714325
-0.0021204608
-0.0019267325
-0.0017094863
-0.0008727082
0.0002514656
0.0005649445
-0.0001711436
-0.0008348466
-0.0006819122
0.0000557483
0.0016703668
0.0029607147
0.0043996140
0.0057762818
0.0078735871
0.0102672364
0.0117305418
0.0118401945
0.0114078658
0.0108145910
0.0104659236
0.0097472211
0.0078386329
0.0056922682
0.0037143449
0.0020280456
0.0009224332
0.0004285576
0.0008391043
0.0016656938
0.0015846974
0.0001737356
-0.0014974206
-0.0026443191
-0.0035270758
-0.0039339593
-0.0038538914
-0.0040792023
-0.0046837196
-0.0047722846
-0.0049184099
-0.0060986549
-0.0086300383
-0.0110809222
-0.0119642212
-0.0124177057
-0.0123059514
-0.0098620917
-0.0048533219
0.0005055190
0.0049829792
0.0069336556
0.0065874761
0.0056117914
0.0041318097
0.0025665134
0.0017620032
0.0019315892
0.0022063033
0.0024408626
0.0028475636
0.0033295351
0.0041753671
0.0045885318
0.0049642847
0.0059738709
0.0074244193
0.0079516443
0.0079449420
0.0083128302
0.0082856499
0.0076931589
0.0068366540
0.0056007080
0.0034092122
0.0009846430
-0.0005466105
-0.0005732493
-0.0003672130
-0.0005167455
0.0001647240
0.0008171938
-0.0001221341
-0.0015587398
-0.0028255577
-0.0039432213
-0.0055753718
-0.0067147478
-0.0061885604
-0.0055983944
-0.0057414980
-0.0047666729
-0.0034444743
-0.0027866378
-0.0025155653
-0.0015664334
-0.0008344846
-0.0012082386
-0.0019061795
-0.0029246071
-0.0038408238
-0.0040514995
-0.0044324287
-0.0056043356
-0.0060657190
-0.0052643888
-0.0047391328
-0.0029032586
-0.0007495327
0.0001905177
0.0004209117
0.0005932449
0.0006555347
0.0007418096
0.0009093989
0.0006546876
-0.0003690868
-0.0005068772
0.0004650227
0.0018947523
0.0030287385
0.0043552803
0.0056390626
0.0045409076
0.0023353112
0.0015441038
0.0014604477
0.0010805299
0.0010903690
0.0012281952
0.0010551145
0.0011139206
0.0018840415
0.0028658533
0.0039087518
0.0046515561
0.0043561247
0.0034814767
0.0031439049
0.0023386730
0.0010458877
-0.0002266284
-0.0012632577
-0.0011712866
-0.0006572027
-0.0008615407
-0.0015871651
-0.0020412457
-0.0021429563
-0.0029596219
-0.0037015965
-0.0032110930
-0.0020307659
-0.0001266699
0.0014592917
0.0010845387
0.0000969803
0.0003275244
0.0009982082
0.0006810606
-0.0003995817
-0.0021049789
-0.0045870663
-0.0059896724
-0.0060313441
-0.0060713610
-0.0065365310
-0.0075041767
-0.0085693428
-0.0088452958
-0.0068359270
-0.0036047691
-0.0013705263
-0.0002164458
0.0005472584
0.0019543115
0.0030564137
0.0027786332
0.0023572846
0.0025376832
0.0015568662
0.0001993529
0.0006779438
0.0024217183
0.0037360479
0.0042131006
0.0048853453
0.0060745190
0.0071272044
0.0067048686
0.0053327030
0.0044023971
0.0037145297
0.0028866982
0.0022978651
0.0020529656
0.0024284388
0.0027186306
0.0011652719
-0.0011351381
-0.0029841417
-0.0049922640
-0.0059289428
-0.0054221428
-0.0045258141
-0.0036261460
-0.0028074895
-0.0020176483
-0.0012481968
-0.0011616584
-0.0010896825
-0.0006777625
0.0001525485
0.0018513498
0.0031297774
0.0030845732
0.0026697689
0.0011291556
-0.0015126783
-0.0035865968
-0.0048946073
-0.0059499698
-0.0063064376
-0.0060463845
-0.0063127234
-0.0076343831
-0.0081154076
-0.0072976549
-0.0066611294
-0.0075636833
-0.0092932216
-0.0096589135
-0.0082637973
-0.0069449624
-0.0057274837
-0.0036645794
-0.0013897574
0.0002974008
0.0009205202
0.0009623130
0.0015214069
0.0024097462
0.0026058733
0.0026921910
0.0028830358
0.0028331233
0.0029792683
0.0039965141
0.0044013596
0.0037651518
0.0034957976
0.0038432434
0.0041571800
0.0045050446
0.0044309292
0.0036381068
0.0031743977
0.0023401157
0.0013674103
0.0016722613
0.0022679970
0.0023845133
0.0032995247
0.0046863929
0.0056186944
0.0060744433
0.0059445058
0.0059944701
0.0060074733
0.0060999196
0.0052126410
0.0039026591
0.0024942735
0.0015327167
0.0010274211
0.0005010599
-0.0010583471
-0.0032852076
-0.0036743364
-0.0030195760
-0.0029646388
-0.0034045161
-0.0036212511
-0.0035267479
-0.0032757607
-0.0026507446
-0.0018426326
-0.0007676180
0.0003358672
0.0008980629
0.0004940819
0.0000075853
-0.0001616705
-0.0000464560
-0.0006118766
-0.0021079836
-0.0033833838
-0.0040899941
-0.0050850511
-0.0067296065
-0.0078009750
-0.0081055094
-0.0085515003
-0.0086450863
-0.0079466043
-0.0060736065
-0.0040477772
-0.0030542974
-0.0013092431
0.0012394706
0.0028958368
0.0035310396
0.0049525727
0.0065665399
0.0068040740
0.0060600428
0.0046391360
0.0031125938
0.0013706732
0.0000051638
-0.0004953076
0.0001042765
0.0008071703
0.0017000228
0.0026711738
0.0030387090
0.0025145088
0.0023038869
0.0027109453
0.0029634308
0.0028473523
0.0029970370
0.0040291319
0.0051851540
0.0051422857
0.0044874217
0.0044928403
0.0049386910
0.0050628540
0.0048534317
0.0045356139
0.0039339782
0.0041353350
0.0053845039
0.0055987768
0.0050084025
0.0043897612
0.0039392113
0.0035571574
0.0038611541
0.0040905167
0.0032075226
0.0022081046
0.0022475974
0.0020711129
0.0016205608
0.0017019475
0.0022462153
0.0025479934
0.0021450443
0.0008018364
-0.0016614694
-0.0039933977
-0.0055704568
-0.0065395830
-0.0071329184
-0.0075229280
-0.0077448537
-0.0074394105
-0.0060025204
-0.0044076340
-0.0033462311
-0.0024013622
-0.0014843022
-0.0015542504
-0.0019589369
-0.0017649939
-0.0014081213
-0.0017371857
-0.0026031564
-0.0028436482
-0.0023908237
-0.0025584024
-0.0029097246
-0.0029183815
-0.0034712968
-0.0038079939
-0.0034816679
-0.0032903115
-0.0034462998
-0.0031049509
-0.0022117598
-0.0011497044
0.0003229048
0.0012053487
0.0019662378
0.0029757971
0.0037159690
0.0038652399
0.0035160924
0.0035255392
0.0033803893
0.0027271047
0.0025971773
0.0030480801
0.0035266623
0.0035470687
0.0027312730
0.0018497242
0.0016018034
0.0018387934
0.0015788933
0.0006603550
0.0004014114
0.0005181098
0.0007756494
0.0010304133
0.0008922391
0.0015985432
0.0023134481
0.0019217925
0.0024615512
0.0042664388
0.0049992806
0.0037666339
0.0019908129
0.0006613380
-0.0006005891
-0.0025165793
-0.0048292012
-0.0063662926
-0.0068751979
-0.0061945660
-0.0047111460
-0.0033125317
-0.0024990015
-0.0015553913
-0.0002494792
0.0002310411
-0.0006428753
-0.0020618884
-0.0029617363
-0.0029305051
-0.0012550506
-0.0002063734
-0.0009842894
-0.0018898240
-0.0019926214
-0.0023392209
-0.0032830829
-0.0036926586
-0.0034406388
-0.0032501064
-0.0034246423
-0.0032093330
-0.0033017433
-0.0038249162
-0.0037683632
-0.0034783705
-0.0034567819
-0.0028196729
-0.0013339817
0.0004413670
0.0022672908
0.0040646579
0.0060045387
0.0076797543
0.0083103083
0.0068603392
0.0043753494
0.0030715140
0.0024242856
0.0010634129
-0.0004548522
-0.0009570841
-0.0003297720
0.0005681545
0.0012742476
0.0028450849
0.0049911962
0.0060401366
0.0067256192
0.0077433921
0.0078786346
0.0071261821
0.0064768351
0.0066240623
0.0070699206
0.0067178907
0.0060666050
0.0062046118
0.0069064109
0.0075790228
0.0075738996
0.0067545262
0.0054965308
0.0033082033
-0.0000726736
-0.0026843576
-0.0041293711
-0.0057123638
-0.0065949433
-0.0062820140
-0.0049809420
-0.0031245833
-0.0017776589
-0.0007306440
0.0003498095
0.0006202139
0.0001309194
-0.0002230026
-0.0005393777
-0.0006521082
-0.0006720295
-0.0006113071
-0.0002737085
-0.0007117810
-0.0016809050
-0.0012017378
0.0001818379
0.0007191463
0.0014090346
0.0019271418
0.0022054498
0.0034393007
0.0045328269
0.0039278666
0.0021727384
0.0002470607
-0.0016895445
-0.0027961838
-0.0031676791
-0.0040563047
-0.0048008735
-0.0041594785
-0.0031621813
-0.0032704455
-0.0039626731
-0.0043677155
-0.0047101274
-0.0047929065
-0.0045221411
-0.0044559814
-0.0046735374
-0.0050920639
-0.0049786246
-0.0029402901
-0.0006480133
-0.0002513503
-0.0001446658
0.0003781054
0.0003449648
-0.0004967261
-0.0018211879
-0.0027492878
-0.0027063279
-0.0020298313
-0.0002769834
0.0023436509
0.0037039367
0.0047668205
0.0064858245
0.0070893724
0.0063284757
0.0052545739
0.0039109594
0.0035448858
0.0039584814
0.0041813083
0.0041552261
0.0046385870
0.0060639960
0.0081755125
0.0090257089
0.0087812301
0.0083990286
0.0080783405
0.0069830860
0.0055430038
0.0042691349
0.0032578334
0.0019711097
0.0005932726
-0.0010508406
-0.0024622941
-0.0031940964
-0.0040238648
-0.0050520091
-0.0055122679
-0.0055523037
-0.0051503815
-0.0039501357
-0.0017953072
0.0005055667
0.0020798846
0.0028302179
0.0030119044
0.0025565163
0.0016395715
0.0001241698
-0.0016635017
-0.0028141134
-0.0041639921
-0.0044308951
-0.0030801686
-0.0020513415
-0.0015194223
-0.0012141563
-0.0010686369
-0.0003117018
-0.0001418869
-0.0004774897
-0.0007339334
-0.0012392990
-0.0018927446
-0.0026160320
-0.0033449436
-0.0041091998
-0.0049778900
-0.0045728060
-0.0022339251
0.0005595089
0.0022006306
0.0031224359
0.0033100845
0.0024855681
0.0018288721
0.0018006403
0.0012799298
-0.0001254140
-0.0016979989
-0.0025554417
-0.0028139426
-0.0031330312
-0.0031213117
-0.0034514928
-0.0043659321
-0.0046629690
-0.0041883400
-0.0039944655
-0.0039246745
-0.0033587333
-0.0030855214
-0.0040963859
-0.0050114470
-0.0040646541
-0.0026632484
-0.0020025121
-0.0011740955
-0.0004074624
0.0001913889
0.0004796250
0.0005760049
0.0003219829
-0.0009120772
-0.0017258990
-0.0011548993
-0.0000838819
0.0013499268
0.0030422476
0.0044501463
0.0060165612
0.0065135463
0.0064681713
0.0069393658
0.0066148608
0.0056768227
0.0047062840
0.0032606745
0.0014931648
-0.0003988630
-0.0016583833
-0.0025306106
-0.0036891704
-0.0038848507
-0.0027496657
-0.0006657877
0.0008472133
0.0017932817
0.0020495982
0.0013831149
0.0012556364
0.0012799979
0.0008727366
0.0005977275
-0.0000460603
-0.0005049249
-0.0006732742
-0.0013446588
-0.0025339163
-0.0031749608
-0.0031724968
-0.0029256950
-0.0021228282
-0.0007154097
-0.0006314113
-0.0015997359
-0.0016740913
-0.0010743959
-0.0009069755
-0.0011416836
-0.0012347634
-0.0013418916
-0.0022073730
-0.0025779629
-0.0020153502
-0.0016952475
-0.0014454172
-0.0009737024
-0.0009849823
-0.0013058673
-0.0012786787
-0.0010563997
-0.0010167141
-0.0008437466
0.0001493786
0.0003782313
0.0000790281
0.0009560810
0.0017306459
0.0022070640
0.0022910586
0.0026445713
0.0035625204
0.0044894134
0.0041036790
0.0029183315
0.0025431780
0.0031768783
0.0033607141
0.0025831074
0.0024646823
0.0033215677
0.0034976516
0.0028580165
0.0020719986
0.0014377379
0.0008427110
0.0010283954
0.0014339698
0.0012774488
0.0009664866
0.0009663208
0.0010976416
0.0011085519
0.0007220306
-0.0002570921
-0.0006298664
-0.0009887530
-0.0010599614
-0.0008119584
-0.0008313167
-0.0010452587
-0.0015198945
-0.0029065783
-0.0041433172
-0.0044880200
-0.0041422721
-0.0046493902
-0.0054776166
-0.0048416743
-0.0035089595
-0.0037652586
-0.0046131144
-0.0045382418
-0.0035485868
-0.0020500121
-0.0012502249
-0.0015710910
-0.0018015172
-0.0011630765
-0.0008999585
-0.0011447326
-0.0012053525
-0.0010919268
-0.0010494168
-0.0010877956
-0.0011093070
-0.0010959762
-0.0010864726
-0.0010992323
-0.0013460773
-0.0020387435
-0.0024669486
-0.0026252819
-0.0032834025
-0.0033068367
-0.0026617754
-0.0019614887
-0.0013390134
-0.0005783132
-0.0001446023
0.0002382037
0.0008503009
0.0011825472
0.0015523707
0.0023609485
0.0030032970
0.0040644156
0.0045842188
0.0039608291
0.0029717822
0.0018289868
0.0002663393
-0.0013046181
-0.0022562953
-0.0029326427
-0.0032612633
-0.0037260830
-0.0041334569
-0.0040769682
-0.0046215245
-0.0055301407
-0.0056113673
-0.0051061425
-0.0039350536
-0.0026143102
-0.0011156556
0.0004006692
0.0010585868
0.0010284147
0.0007275318
0.0001615508
-0.0006323284
-0.0009072015
-0.0007387201
-0.0002079899
0.0003904530
0.0003838643
-0.0000451488
-0.0000723878
0.0002448137
0.0010627449
0.0024700142
0.0031902810
0.0030887040
0.0026872635
0.0020011137
0.0015341416
0.0012822532
0.0005563652
-0.0000515410
0.0006272657
0.0009622577
0.0004354133
0.0002088123
-0.0003132246
-0.0009808863
-0.0010446021
-0.0006494806
-0.0006062182
-0.0008290917
-0.0004074071
0.0004650219
0.0005142740
-0.0000103319
-0.0001208418
-0.0007670776
-0.0022386447
-0.0032736349
-0.0030107869
-0.0023238014
-0.0024419043
-0.0024672928
-0.0017684764
-0.0015354775
-0.0018967990
-0.0015306625
-0.0004748069
0.0005527774
0.0006612880
0.0004498448
0.0007474255
0.0013364021
0.0016236692
0.0013588359
0.0012106344
0.0013729891
0.0014878715
0.0014348582
0.0013031973
0.0004339312
-0.0001571790
0.0004436814
0.0008633310
0.0009988780
0.0014493647
0.0011087000
0.0000105564
-0.0000712285
0.0006634173
0.0006876451
-0.0005949413
-0.0014109249
-0.0016080756
-0.0023357281
-0.0030757080
-0.0039149770
-0.0044820220
-0.0041377660
-0.0034057267
-0.0032509433
-0.0026394405
-0.0014411258
-0.0013371436
-0.0014853189
-0.0010320037
-0.0016158343
-0.0023564947
-0.0024678668
-0.0027487807
-0.0027691872
-0.0021100234
-0.0018210596
-0.0018141179
-0.0017981328
-0.0017659825
-0.0012086657
-0.0004887560
-0.0004721427
-0.0003578969
0.0002150038
-0.0003095426
-0.0017946911
-0.0018847587
-0.0007805663
0.0001328275
0.0011531457
0.0027869835
0.0042578129
0.0049362600
0.0049405351
0.0042058606
0.0046888807
0.0044719647
0.0031847056
0.0021514841
0.0018225693
0.0013300066
0.0012668887
0.0015367150
0.0011145374
-0.0001286078
-0.0001918194
0.0005526737
0.0004246972
-0.0002949681
0.0000886999
0.0002879510
-0.0006916934
-0.0012906300
-0.0002659549
0.0010289172
0.0006076234
0.0002940066
0.0011484802
0.0012224327
0.0017077846
0.0030454280
0.0038567616
0.0043604074
0.0049994737
0.0062047406
0.0072565021
0.0074403647
0.0071622760
0.0066709708
0.0062717560
0.0058014135
0.0057381733
0.0049052060
0.0033748151
0.0026346951
0.0026726880
0.0022749765
0.0011032245
0.0000208223
-0.0008892981
-0.0018324455
-0.0017480919
-0.0012164991
-0.0010055061
-0.0006504508
0.0002448754
0.0011526341
0.0014553225
0.0020073029
0.0022933476
0.0013083044
0.0003943354
-0.0002709732
-0.0013173029
-0.0019507760
-0.0021044972
-0.0025562664
-0.0028989365
-0.0031237552
-0.0028796964
-0.0019972176
-0.0013766905
-0.0007359172
-0.0004219864
0.0000254946
0.0009266197
0.0005720126
-0.0002389328
0.0000285077
0.0005675300
0.0009373070
0.0009963569
0.0007483623
0.0011151437
0.0016326317
0.0018775948
0.0024378602
0.0034992628
0.0042320186
0.0038674777
0.0030354401
0.0033364631
0.0036965051
0.0033685550
0.0031350442
0.0027108612
0.0021029754
0.0021473435
0.0025256861
0.0024892873
0.0022422182
0.0024081880
0.0034223616
0.0038838965
0.0038264195
0.0041275422
0.0038942112
0.0033928950
0.0032751651
0.0037646557
0.0036486419
0.0030790281
0.0029202714
0.0022972164
0.0017308913
0.0012147304
0.0009560746
0.0007127454
0.0001152210
-0.0001061046
-0.0001369429
0.0001545587
0.0000169310
-0.0012049939
-0.0017665577
-0.0020345547
-0.0019686367
-0.0020767221
-0.0035036658
-0.0054306134
-0.0068651482
-0.0066316279
-0.0063462879
-0.0057697082
-0.0054360131
-0.0047003579
-0.0035989082
-0.0031831792
-0.0032104231
-0.0036498726
-0.0045663309
-0.0047885368
-0.0052472544
-0.0058390032
-0.0056874668
-0.0052258222
-0.0045375375
-0.0035695033
-0.0028310180
-0.0015571578
-0.0002167180
0.0007401578
0.0011212855
0.0012144619
0.0020792632
0.0028170537
0.0033275309
0.0031371390
0.0033631341
0.0047591867
0.0055156342
0.0052501284
0.0048673021
0.0050221934
0.0050581321
0.0043197316
0.0037910829
0.0039465384
0.0035426736
0.0031569009
0.0037875575
0.0037699456
0.0026261120
0.0018491827
0.0019204785
0.0018116411
0.0006342622
-0.0001875395
-0.0000939214
0.0000227230
-0.0007622906
-0.0014502261
-0.0016141512
-0.0021785732
-0.0022185545
-0.0021155004
-0.0023574103
-0.0023645935
-0.0026579842
-0.0027549658
-0.0025465469
-0.0021749168
-0.0022394676
-0.0029067521
-0.0032717730
-0.0032992040
-0.0037737637
-0.0045300589
-0.0043069367
-0.0038856118
-0.0040718373
-0.0046751883
-0.0047168714
-0.0043627286
-0.0047239788
-0.0053354067
-0.0062339732
-0.0067382589
-0.0062065241
-0.0055207613
-0.0048330143
-0.0048064474
-0.0053098471
-0.0046749460
-0.0039162266
-0.0038597985
-0.0034894089
-0.0030304432
-0.0021936715
-0.0008630868
-0.0001427341
0.0006724419
0.0021681289
0.0032681629
0.0029357810
0.0027988121
0.0034438840
0.0035991006
0.0032990862
0.0028734341
0.0031608435
0.0037809101
0.0035415664
0.0026594319
0.0015405096
0.0014015902
0.0021037626
0.0017895239
0.0014399951
0.0018670040
0.0019520797
0.0016606939
0.0015193208
0.0007405842
-0.0007711372
-0.0018304663
-0.0020302876
-0.0021279613
-0.0023788084
-0.0028407734
-0.0032058864
-0.0034177931
-0.0031387945
-0.0026740512
-0.0028831528
-0.0031147355
-0.0021326431
-0.0008487260
-0.0002907614
-0.0008257080
-0.0014986005
-0.0007674381
-0.0004179203
-0.0015857686
-0.0029381541
-0.0029705864
-0.0025774586
-0.0028480865
-0.0030224811
-0.0022947740
-0.0010788338
-0.0008982829
-0.0006184899
0.0000930407
-0.0003460027
-0.0009312454
-0.0005741229
-0.0002120846
-0.0003588828
-0.0005114344
-0.0002409319
0.0011715785
0.0034232882
0.0040328012
0.0035125235
0.0041627766
0.0043937485
0.0034461896
0.0030723179
0.0027722748
0.0025653955
0.0028325943
0.0032607301
0.0040484967
0.0040078512
0.0034441150
0.0034560129
0.0037921204
0.0036502550
0.0028318666
0.0021053591
0.0017771318
0.0015902652
0.0018649922
0.0026640462
0.0030433083
0.0026044124
0.0023045639
0.0025417887
0.0025910400
0.0020169311
0.0016308024
0.0014949006
0.0016462651
0.0017516680
0.0016373722
0.0015334081
0.0015596448
0.0016059592
0.0015986545
0.0015780958
0.0015725719
0.0013396158
0.0006372385
-0.0000162373
-0.0001292223
0.0002041797
0.0000349793
-0.0006797667
-0.0007137235
-0.0003359242
-0.0003051172
-0.0001688541
0.0005076440
0.0008158779
0.0004512519
0.0005953465
0.0008768481
0.0004019961
-0.0004289957
-0.0012807356
-0.0016080381
-0.0018625317
-0.0024367685
-0.0027475940
-0.0024596783
-0.0016258768
-0.0006611960
-0.0004099006
-0.0005956013
-0.0003393408
0.0001240576
-0.0003986317
-0.0009170392
-0.0005469900
-0.0001911839
0.0000780147
0.0006592929
0.0012031327
0.0011795187
0.0012461907
0.0011310323
0.0002980365
-0.0003535411
-0.0005370637
-0.0004860482
-0.0011213287
-0.0009754071
0.0000130534
-0.0001865851
-0.0007956131
-0.0007193512
-0.0003942979
-0.0003871832
-0.0006344501
-0.0012271387
-0.0017059867
-0.0010898995
-0.0005367775
-0.0008153440
-0.0006972154
-0.0002688137
0.0001632845
0.0006445300
0.0008329908
0.0014746161
0.0019253811
0.0020935524
0.0024827013
0.0022579262
0.0020812675
0.0013783930
-0.0001485748
-0.0011096974
-0.0004940759
-0.0000043473
-0.0009056823
-0.0014721582
-0.0010668250
-0.0006324920
-0.0003373356
-0.0004579448
-0.0007018892
-0.0006484658
-0.0003162427
0.0003689102
0.0009995282
0.0015135099
0.0022377359
0.0021832553
0.0019046679
0.0024692948
0.0026646044
0.0019282911
0.0015582279
0.0011379550
0.0002498780
-0.0000479883
-0.0005163445
-0.0006898304
-0.0004171948
-0.0002231390
0.0002675221
0.0009889507
0.0014144052
0.0015013738
0.0013197778
0.0015121475
0.0018728812
0.0011655245
0.0006945405
0.0015636018
0.0021524660
0.0020942844
0.0017934461
0.0017275802
0.0018611333
0.0016860214
0.0009227584
0.0004722324
0.0007826497
0.0005967460
-0.0004063647
-0.0007095208
-0.0006380034
-0.0013345558
-0.0025679894
-0.0028457123
-0.0021956356
-0.0025561006
-0.0037407353
-0.0038870091
-0.0028042989
-0.0019735153
-0.0022412662
-0.0019484567
-0.0012033838
-0.0014525436
-0.0017584551
-0.0006720083
0.0001976020
-0.0005043145
-0.0014208901
-0.0009615527
-0.0004467466
-0.0006155768
-0.0014101907
-0.0020540865
-0.0014766234
-0.0005325739
-0.0001569030
-0.0003120608
0.0005159064
0.0020495796
0.0024458833
0.0018901008
0.0020310775
0.0020545613
0.0011730148
0.0000304188
-0.0003387066
0.0000545749
-0.0001376586
-0.0006236647
-0.0005870300
-0.0004044668
-0.0002562240
0.0003449501
-0.0002250342
-0.0009882354
-0.0001288389
0.0005609932
0.0000834555
-0.0003114272
-0.0000204865
0.0006563049
0.0007833101
0.0004195474
0.0002361691
0.0000623934
0.0002304328
-0.0003113256
-0.0009983941
-0.0011153625
-0.0010703090
-0.0014178779
-0.0016786330
-0.0013038195
-0.0002861679
-0.0000638512
-0.0005996344
-0.0004408501
-0.0004217717
-0.0006271180
-0.0005558480
-0.0004373744
-0.0004764836
-0.0005483179
-0.0005427512
-0.0003402514
0.0003340778
0.0010295091
0.0014046603
0.0014117629
0.0009840766
0.0013314841
0.0014675741
-0.0000026758
-0.0016292810
-0.0023136147
-0.0027542846
-0.0030522568
-0.0029258502
-0.0026935757
-0.0022347582
-0.0016799182
-0.0014414935
-0.0016854667
-0.0016634881
-0.0011475097
-0.0016354357
-0.0023687277
-0.0020125526
-0.0024380689
-0.0025750484
-0.0012658110
-0.0009626167
-0.0017628184
-0.0017971448
-0.0009078301
-0.0005408155
-0.0004979450
-0.0005669583
-0.0006467668
-0.0007553982
-0.0011665738
-0.0013712340
-0.0015791943
-0.0019026731
-0.0027588842
-0.0030433200
-0.0028674467
-0.0023872476
-0.0023254475
-0.0028534430
-0.0034571257
-0.0035207844
-0.0036233864
-0.0031288111
-0.0020527592
-0.0014963827
-0.0004995271
0.0002959265
0.0006422073
0.0006028697
0.0009132018
0.0008527751
0.0002617681
-0.0001921386
-0.0010145289
-0.0015694290
-0.0015449740
-0.0013008485
-0.0011156234
-0.0005910044
0.0002472400
0.0008810735
0.0007619184
0.0010621459
0.0014586139
0.0009183323
0.0006892597
0.0008136052
0.0002306327
-0.0005976915
-0.0007905804
-0.0007463709
-0.0014300469
-0.0022585774
-0.0023596406
-0.0022912601
-0.0026934065
-0.0034545035
-0.0040372164
-0.0033587231
-0.0026111257
-0.0026590157
-0.0027439895
-0.0027758751
-0.0027836781
-0.0030380778
-0.0030430818
-0.0025046977
-0.0028144512
-0.0032524943
-0.0033222126
-0.0031752959
-0.0023495871
-0.0023871920
-0.0029252993
-0.0025819900
-0.0015625802
-0.0012979446
-0.0018050376
-0.0015259622
-0.0004597089
-0.0002753525
-0.0008877221
-0.0009874432
-0.0006366149
-0.0005258254
-0.0006659933
-0.0007263734
-0.0006694739
-0.0006414879
-0.0006962195
-0.0007695866
-0.0011909717
-0.0019044953
-0.0019936771
-0.0015298976
-0.0009887027
-0.0005019032
-0.0006025721
-0.0009208553
0.0000147765
0.0009000339
0.0003627509
-0.0001234172
0.0001527140
0.0003632424
-0.0003093219
-0.0011223022
-0.0011609173
-0.0015891845
-0.0022145441
-0.0027701281
-0.0023638350
-0.0013593766
-0.0014453338
-0.0019084882
-0.0010164623
-0.0001261726
0.0002701172
0.0004671167
0.0011264842
0.0014997664
0.0010237765
0.0002971453
-0.0000846446
0.0001877899
0.0003952828
-0.0002209818
-0.0005156186
0.0002738208
0.0008548036
0.0013240264
0.0014369897
0.0012264594
0.0017935938
0.0022154938
0.0010466855
0.0004029295
0.0005068754
0.0002591631
0.0001066345
0.0002427124
0.0005990865
0.0014757203
0.0015007990
0.0009097753
0.0008788398
0.0015555060
0.0026622472
0.0025762446
0.0018649797
0.0017181804
0.0016292367
0.0014851376
0.0008000938
-0.0002367156
-0.0004780047
-0.0008697819
-0.0011885804
-0.0016161126
-0.0019712585
-0.0013738657
-0.0010894182
-0.0013465306
-0.0010448831
-0.0008101409
-0.0010089421
-0.0011065836
-0.0009775159
-0.0009028125
-0.0011220603
-0.0018333960
-0.0023527478
-0.0020493774
-0.0017142699
-0.0018900936
-0.0021401554
-0.0021318835
-0.0017640499
-0.0010391255
-0.0007144710
-0.0006166117
-0.0003622646
-0.0012009081
-0.0009797238
0.0005316008
0.0003140834
-0.0007926709
-0.0002751808
0.0004009381
-0.0001193551
-0.0011772520
-0.0014505597
-0.0008968683
-0.0006825756
-0.0009901257
-0.0011702298
-0.0010587917
-0.0007132104
-0.0000413737
0.0002914849
0.0004320341
0.0011807512
0.0014926570
0.0017908962
0.0022113664
0.0021113199
0.0018932142
0.0017261364
0.0011440650
0.0007671443
0.0008330362
0.0002892299
-0.0002891583
-0.0000250633
0.0002701143
0.0000899681
-0.0001132408
-0.0000652577
0.0000275711
0.0000142547
-0.0000273400
0.0000007018
0.0003691568
0.0004635001
0.0001880291
0.0005270182
0.0010668182
0.0009096890
-0.0001165040
-0.0004421989
0.0005288040
0.0015252007
0.0014413060
0.0008534771
0.0008151623
0.0011493284
0.0012474918
0.0011008462
0.0007017389
0.0003824909
0.0009428585
0.0015810471
0.0016474037
0.0019996520
0.0023863559
0.0028500775
0.0034649239
0.0035929670
0.0033093960
0.0028890501
0.0027238826
0.0022902551
0.0019892805
0.0019283437
0.0016867507
0.0013240317
0.0010255324
0.0011709246
0.0012616294
0.0004559375
-0.0004074276
-0.0000282891
0.0001372353
-0.0004549791
-0.0002647038
0.0000721354
-0.0004460480
-0.0003188929
0.0003813223
0.0003126506
-0.0000830116
-0.0000517495
0.0001638077
0.0002027678
0.0004580148
0.0008130997
0.0003186061
-0.0003072064
-0.0000315541
0.0003603395
0.0002386727
0.0000177675
0.0000418155
0.0001635443
0.0005091390
0.0008487075
0.0003840729
0.0000082569
0.0006702226
0.0007154915
-0.0001279568
-0.0002075701
0.0002787387
0.0006258810
0.0008396393
0.0008921115
0.0011892306
0.0012190293
0.0010504729
0.0010715969
0.0011730299
0.0011588199
0.0011167988
0.0011241550
0.0011404662
0.0011354069
0.0011428503
0.0016486124
0.0025944426
0.0026347382
0.0022635296
0.0018288316
0.0022265227
0.0030480968
0.0026881995
0.0017173397
0.0015706358
0.0014020480
0.0009709378
0.0005580480
-0.0001965445
-0.0004004742
-0.0004313862
-0.0006991886
-0.0011826006
-0.0011606981
-0.0011634786
-0.0016929979
-0.0020219048
-0.0022065403
-0.0021014210
-0.0019830720
-0.0018343453
-0.0014385630
-0.0012758735
-0.0010702780
-0.0010967305
-0.0012350637
-0.0014370987
-0.0018052701
-0.0017188457
-0.0014748989
-0.0013097838
-0.0009896042
-0.0010507061
-0.0010241885
-0.0002523663
0.0003051956
0.0004172766
0.0010532689
0.0016304427
0.0021904760
0.0022888772
0.0024481000
0.0027413135
0.0031479005
0.0031304927
0.0026688336
0.0022147611
0.0022134119
0.0023214242
0.0027277404
0.0024897319
0.0019503087
0.0022294561
0.0024244764
0.0026527951
0.0023608618
0.0017015314
0.0017771788
0.0018855584
0.0017662423
0.0014053385
0.0006567517
0.0004173197
0.0001154089
-0.0001491637
0.0003389305
0.0005141282
-0.0001865869
-0.0003357016
0.0000189076
0.0000775742
-0.0004376042
-0.0009151227
-0.0006878250
-0.0007686377
-0.0016168344
-0.0019526549
-0.0011824166
-0.0006168173
-0.0010273333
-0.0013826200
-0.0008627342
0.0000936759
0.0002701854
-0.0002781499
-0.0007585774
-0.0008717115
-0.0008769355
-0.0008124287
-0.0007310083
-0.0008094914
-0.0001992152
0.0002486764
-0.0001103679
-0.0003797198
-0.0001691219
0.0000126759
-0.0000976910
-0.0009049864
-0.0016717482
-0.0012440035
-0.0007644974
-0.0010038309
-0.0013353532
-0.0015799941
-0.0014821223
-0.0010031107
-0.0016846011
-0.0027407611
-0.0020739563
-0.0013959750
-0.0021271237
-0.0022044047
-0.0010950269
-0.0002926533
-0.0001379247
-0.0001929560
-0.0003294258
-0.0006705713
-0.0012889044
-0.0014189665
-0.0010178766
-0.0009504181
-0.0015271466
-0.0020049253
-0.0014421042
-0.0014023077
-0.0018100632
-0.0010739245
-0.0008229593
-0.0012846399
-0.0013885555
-0.0007924415
-0.0003497334
-0.0010122717
-0.0016623176
-0.0009874171
-0.0005275696
-0.0012624042
-0.0015749484
-0.0015350583
-0.0020939208
-0.0024993624
-0.0021814839
-0.0019639723
-0.0021215718
-0.0016127657
-0.0007914941
-0.0010274329
-0.0007964386
0.0005287510
0.0011793506
0.0008704956
0.0005591283
0.0007127761
0.0009350835
0.0009194402
0.0005138772
0.0004332682
0.0010147311
0.0010901001
0.0007691777
0.0010813436
0.0019941864
0.0022507679
0.0017486535
0.0015558957
0.0018141683
0.0015274003
0.0010459308
0.0007384630
-0.0001869793
-0.0006274104
-0.0000709085
0.0001360593
-0.0002185302
-0.0004081694
-0.0002881806
-0.0002286423
-0.0002975300
-0.0003203293
-0.0002894034
-0.0002807050
-0.0003348208
-0.0007456575
-0.0006046801
-0.0000430569
-0.0005536468
-0.0007727579
-0.0001700464
-0.0001888471
-0.0014001448
-0.0020860538
-0.0017608752
-0.0016877769
-0.0022944616
-0.0027299707
-0.0023969554
-0.0017022739
-0.0010494422
-0.0002752595
0.0003129913
-0.0003295448
-0.0010116764
-0.0005496020
-0.0000613465
-0.0002300276
-0.0004846608
-0.0004388341
-0.0003236965
-0.0003350509
-0.0003865645
-0.0003852403
-0.0004010820
-0.0008826806
-0.0016076393
-0.0011864512
-0.0003634728
-0.0002171452
-0.0004091675
-0.0005859387
-0.0004745949
0.0001456492
0.0008813685
0.0009342270
0.0013516088
0.0019429763
0.0016610582
0.0013707380
0.0015822763
0.0017147868
0.0007645796
0.0000477801
0.0006424364
0.0010571051
0.0007232741
0.0004472237
0.0006320683
0.0016189227
0.0021779431
0.0015268164
0.0007311158
0.0003051478
0.0000236308
-0.0003879239
-0.0004935359
-0.0002616588
-0.0002641361
-0.0004604992
-0.0005160624
-0.0004410402
-0.0004100184
-0.0004401761
-0.0004947472
-0.0009627148
-0.0017154926
-0.0021642041
-0.0020667371
-0.0022452259
-0.0026704100
-0.0025139279
-0.0014062094
-0.0004267605
-0.0007759345
-0.0009701778
-0.0004612005
-0.0003320790
-0.0005228908
-0.0005345744
-0.0004181115
-0.0004710760
-0.0013029118
-0.0010182136
0.0006378660
0.0012015503
0.0006183324
0.0011384249
0.0025727991
0.0030257459
0.0025735432
0.0023162123
0.0025517588
0.0023394572
0.0019269854
0.0016702608
0.0015298465
0.0012471934
0.0005668556
0.0003945194
0.0007879676
0.0008651009
0.0006147089
0.0005594952
0.0011350658
0.0019063984
0.0018684092
0.0014306422
0.0019210140
0.0029672917
0.0030477443
0.0024190873
0.0019189340
0.0019115406
0.0018088568
0.0010661059
0.0003097740
-0.0004562135
-0.0006636501
-0.0002166292
-0.0005740381
-0.0012711089
-0.0015264491
-0.0010396261
-0.0000551360
0.0004248873
0.0006165561
0.0014785341
0.0019829538
0.0014737558
0.0012481476
0.0015325584
0.0012987666
0.0008687246
0.0005674820
-0.0000184062
-0.0005991857
-0.0005680462
-0.0002262550
-0.0002336270
-0.0000010022
0.0006832814
0.0008134557
0.0004482666
0.0008683888
0.0018697308
0.0019236956
0.0013583702
0.0012294319
0.0011186448
0.0009302071
0.0004934620
-0.0002315975
-0.0006606273
-0.0004484059
0.0000085260
0.0006652042
0.0004227482
0.0000525279
0.0000482994
0.0004881449
0.0007092231
0.0001014655
0.0002080816
0.0008026547
0.0007193962
0.0006119546
0.0015938936
0.0019980136
0.0010248515
0.0010469869
0.0018693434
0.0020769542
0.0025849000
0.0029054874
0.0025187116
0.0022401579
0.0019157600
0.0013148294
0.0007864700
0.0005086251
0.0006124370
0.0005592612
-0.0005093351
-0.0010380297
-0.0005062566
-0.0005682325
-0.0006314541
-0.0003774810
-0.0003466177
-0.0001810924
-0.0002448971
0.0003480497
0.0008887013
0.0002597220
-0.0010037522
-0.0011016561
-0.0003829222
-0.0008055837
-0.0018924285
-0.0019397475
-0.0013982027
-0.0012119525
-0.0010155111
-0.0012157179
-0.0015747159
-0.0005888653
-0.0000737125
-0.0006898690
-0.0011271252
-0.0014845548
-0.0018190557
-0.0016402833
-0.0014159255
-0.0017517562
-0.0022690171
-0.0017592734
-0.0011519200
-0.0008030379
-0.0003658551
0.0001903706
0.0005146686
0.0003219973
-0.0000139297
-0.0003510887
-0.0002290932
-0.0002895756
-0.0015022512
-0.0022161152
-0.0016230005
-0.0013803412
-0.0023989176
-0.0032343481
-0.0028467320
-0.0023800057
-0.0024450290
-0.0020703378
-0.0014693016
-0.0016093570
-0.0016058407
-0.0005277229
-0.0000854899
-0.0002282933
-0.0004621225
-0.0007288995
-0.0003475357
-0.0004642779
-0.0006381106
-0.0002064810
-0.0003350167
-0.0002424222
0.0002101418
0.0003889504
-0.0004847968
-0.0007016109
0.0004610358
0.0002624191
-0.0004594640
-0.0000978638
0.0007618320
0.0003722099
-0.0008480191
-0.0011395639
-0.0005106741
-0.0002803647
-0.0006099397
-0.0007957820
-0.0006667915
-0.0005624901
-0.0006445736
-0.0006934875
-0.0004086105
-0.0001559618
-0.0007343882
-0.0009642582
-0.0006098363
-0.0004694572
-0.0006437288
-0.0007338024
-0.0006659607
-0.0006366830
-0.0011677885
-0.0021413633
-0.0019533785
-0.0010995421
-0.0009763102
-0.0018964146
-0.0018841168
-0.0011475642
-0.0013020890
-0.0012802369
-0.0011259885
-0.0014410046
-0.0017369146
-0.0011373298
-0.0008885309
-0.0012248872
-0.0011484200
-0.0005050907
-0.0002277333
-0.0001113352
-0.0002033384
-0.0003082651
-0.0004769937
-0.0008563788
-0.0007945446
-0.0008094400
-0.0009864712
-0.0009636311
-0.0012452524
-0.0009638860
-0.0003868614
-0.0005000337
-0.0001534550
0.0007076013
0.0005554333
0.0004122461
0.0012492317
0.0017506100
0.0013287835
0.0010932063
0.0013394337
0.0015062971
0.0014220469
0.0012963133
0.0009526685
0.0006328752
0.0008068938
0.0006600964
0.0001778980
0.0002304731
0.0005071745
0.0007844097
0.0009741708
0.0004751152
-0.0000477992
0.0002307104
0.0005673536
0.0003929927
0.0001882223
0.0009160444
0.0014987349
0.0010610769
0.0010945138
0.0013660581
0.0013540561
0.0012612500
0.0012885871
0.0013424675
0.0013355676
0.0012873201
0.0009167544
0.0001853679
-0.0000438454
0.0003533143
0.0001587051
-0.0008136173
-0.0008284597
0.0001020038
0.0004975887
0.0009994797
0.0015218904
0.0011950820
0.0008854637
0.0011048107
0.0010011996
0.0002021579
-0.0004750031
-0.0004149164
-0.0000084432
0.0002863079
0.0004126444
0.0001837284
0.0000426302
0.0001966146
0.0006567744
0.0010133497
0.0007994425
0.0009152871
0.0014126217
0.0013513240
0.0011141697
0.0011976107
0.0013404951
0.0013202310
0.0012820291
0.0016602793
0.0024297504
0.0026119561
0.0017991180
0.0009217186
0.0009818977
0.0015432764
0.0015384803
0.0005156910
-0.0003424015
0.0004780672
0.0010365984
-0.0001063647
-0.0005623693
0.0000177784
-0.0004500735
-0.0008724177
-0.0005611795
-0.0007004507
-0.0005906958
-0.0001084673
0.0001520127
0.0002357270
-0.0002523967
-0.0006986263
-0.0000300551
0.0010580253
0.0014511436
0.0011944126
0.0009180063
0.0010404846
0.0012639552
0.0012775256
0.0011923640
0.0011785770
0.0011896130
0.0011693289
0.0011674163
0.0011803313
0.0011502535
0.0007644717
0.0008557097
0.0013983939
0.0008787293
0.0002294559
0.0005014461
0.0004216406
-0.0000117942
0.0000616895
0.0002476366
0.0001843185
0.0000694066
0.0000793899
0.0001680680
0.0006114017
0.0008574652
0.0000955019
-0.0003798319
0.0001162367
0.0004180441
0.0001706134
-0.0000427926
0.0000540540
0.0001852530
0.0001465092
0.0000802815
0.0000942791
0.0003363927
0.0012801827
0.0016106126
0.0012128011
0.0017492669
0.0014997838
0.0007191433
0.0009892809
0.0014705023
0.0013686395
0.0010836421
0.0009688199
0.0006274433
0.0003766682
0.0001827929
0.0002173785
0.0008208009
0.0009046350
-0.0000788707
-0.0008427712
-0.0005088190
0.0000069785
-0.0001277598
-0.0004732249
-0.0003510599
0.0001617504
-0.0003464736
-0.0013273775
-0.0013125840
-0.0010426494
-0.0006281916
-0.0006403591
-0.0009818250
-0.0010276949
-0.0005208684
0.0003286442
0.0000049820
-0.0001362729
0.0002083268
0.0002651765
0.0001301371
0.0001321686
0.0002113709
0.0002196946
-0.0001576518
-0.0011697129
-0.0010530182
-0.0000766818
-0.0001651112
0.0001063796
0.0003701854
0.0000569573
-0.0000745425
0.0001406496
0.0002534115
0.0001710419
0.0001128708
0.0001441322
0.0001721349
0.0001604317
0.0001547717
0.0003860226
0.0005996704
0.0000775619
-0.0001170466
0.0004407021
0.0010074581
0.0007689486
0.0004097052
0.0005167156
0.0007259671
0.0007104557
0.0006108345
0.0003586877
-0.0000674733
-0.0002152099
-0.0004317085
-0.0003971621
-0.0002848335
-0.0003449707
-0.0007613924
-0.0012105503
-0.0013548596
-0.0014785822
-0.0017482767
-0.0020814689
-0.0019800181
-0.0017857165
-0.0015229438
-0.0012056599
-0.0006789390
-0.0000595351
-0.0000284181
-0.0003425065
-0.0003704816
0.0002344815
0.0003025924
-0.0006875073
-0.0012093754
-0.0006563200
-0.0010506747
-0.0013363166
-0.0012007638
-0.0014768506
-0.0019927081
-0.0021747540
-0.0019099809
-0.0022086317
-0.0022584805
-0.0017563528
-0.0017926100
-0.0020948679
-0.0020865173
-0.0019191101
-0.0014426200
-0.0007375958
-0.0007149856
-0.0011700662
-0.0012310802
-0.0013912289
-0.0016270336
-0.0014478584
-0.0012758539
-0.0014061458
-0.0014476641
-0.0010342086
-0.0011574621
-0.0011750800
-0.0008371364
-0.0007527423
-0.0005614400
-0.0008390918
-0.0012129901
-0.0009042745
-0.0001956825
-0.0001182550
-0.0006602289
-0.0012113811
-0.0010414168
-0.0001831920
0.0001048018
0.0000552097
0.0000742301
0.0000334313
-0.0000592722
-0.0004576831
-0.0007326766
-0.0009629787
-0.0009697662
-0.0006377944
-0.0001580619
-0.0002525775
-0.0005841586
-0.0005310517
-0.0005321669
-0.0010354995
-0.0011330854
-0.0008157200
-0.0007680977
-0.0006250445
0.0001282148
-0.0002090260
-0.0006915665
0.0000337431
0.0004592655
0.0002380541
0.0006955035
0.0014330497
0.0012800570
0.0008636828
0.0009661117
0.0012360517
0.0014625856
0.0015387306
0.0009567914
0.0007783500
0.0011363793
0.0012574649
0.0010940587
0.0010174165
0.0008203352
0.0006330933
0.0009089566
0.0004027621
-0.0003189014
-0.0000756159
0.0003316642
-0.0000657496
-0.0010284609
-0.0013627842
-0.0008572732
-0.0001415465
0.0005009932
0.0001565219
-0.0003308368
-0.0001523666
0.0001646213
0.0001428926
0.0000052142
0.0000194271
0.0005846838
0.0015590208
0.0013873283
0.0009890139
0.0013229824
0.0011864671
0.0009891733
0.0011469281
0.0012582783
0.0011712222
0.0011014142
0.0011088878
0.0008176088
0.0007388231
0.0009540321
0.0006211163
0.0004426597
0.0002872055
-0.0000377452
0.0000406141
0.0002336731
0.0001466810
-0.0003542462
-0.0010895098
-0.0012609001
-0.0011532165
-0.0014298852
-0.0018689636
-0.0021580070
-0.0019767082
-0.0018178436
-0.0019392189
-0.0020587357
-0.0020261515
-0.0019716868
-0.0019830758
-0.0020541194
-0.0023811864
-0.0023965010
-0.0018169386
-0.0017493245
-0.0020975602
-0.0021326689
-0.0016303249
-0.0015094927
-0.0018357353
-0.0018762093
-0.0020207934
-0.0012084450
-0.0003391372
-0.0008393678
-0.0012917849
-0.0001698886
0.0007518013
0.0001638541
0.0001033595
0.0007884326
0.0012583877
0.0012737769
0.0010397216
0.0014703168
0.0023403656
0.0020334873
0.0016449136
0.0021730610
0.0019583795
0.0013711257
0.0015601458
0.0018506879
0.0013070074
0.0008140683
0.0011520957
0.0014502227
0.0016845666
0.0017974110
0.0011435993
0.0007262489
0.0011770131
0.0014448317
0.0011456588
0.0005082654
0.0002309390
0.0001437440
0.0001982942
0.0008667560
0.0014092709
0.0008120512
0.0006700828
0.0012537211
0.0013354665
0.0009591966
0.0005616733
0.0007922033
0.0003501892
-0.0002540934
-0.0000483612
-0.0000955931
0.0000145438
0.0001794882
-0.0003326782
-0.0003463069
-0.0001360767
0.0000080907
-0.0006008787
-0.0013611904
-0.0009608321
0.0000206186
-0.0000360928
-0.0008426410
-0.0013762680
-0.0008727282
-0.0001491658
-0.0005865843
-0.0008424634
-0.0009868457
-0.0010286026
-0.0007043411
-0.0001588743
-0.0003898570
-0.0009267374
0.0000212310
0.0006189905
0.0000559806
-0.0002526178
0.0003055761
0.0007469378
0.0000557441
-0.0002380775
0.0001767800
0.0005958770
0.0008589158
0.0006566373
0.0004825271
0.0008570323
0.0016934337
0.0020256100
0.0015938887
0.0013640595
0.0013792598
0.0010922581
0.0010356017
0.0009165306
0.0008756613
0.0012954117
0.0009489251
-0.0000858196
-0.0003439835
-0.0000838523
-0.0002539969
-0.0000827009
0.0003769365
0.0005951004
0.0010434836
0.0013237443
0.0010663214
0.0009230459
0.0011089900
0.0012382449
0.0012374943
0.0019666733
0.0021787689
0.0009267348
0.0005152881
0.0012448650
0.0015342912
0.0011978307
0.0009980011
0.0011143913
0.0011453089
0.0006677976
0.0003521448
0.0005807044
0.0003251094
-0.0001380244
0.0000243436
0.0002937683
0.0006378781
0.0007912407
0.0001209143
0.0001592291
0.0013573311
0.0015334411
0.0004547314
0.0003675002
0.0002742960
-0.0001245057
0.0000541744
0.0002737037
0.0000354597
-0.0005619471
-0.0006834787
-0.0003281137
-0.0001380670
-0.0000707852
-0.0007141582
-0.0004451551
-0.0000293023
-0.0003511770
-0.0002760779
-0.0006120810
-0.0002188179
0.0005199876
0.0003440924
0.0002583838
0.0004056657
0.0010843672
0.0008430662
0.0002915442
0.0004695129
0.0006165311
0.0000499222
0.0000262177
0.0008613813
0.0011606337
0.0011550125
0.0010905235
0.0010329106
0.0010974992
0.0011805672
0.0011801227
0.0011468720
0.0011439370
0.0011457766
0.0011117800
0.0009323015
0.0006553446
0.0011424072
0.0014158161
0.0011043518
0.0009219826
0.0010397022
0.0011633707
0.0011544710
0.0008362033
0.0000948235
-0.0002705276
0.0001246045
0.0003586430
-0.0001204213
-0.0005309173
0.0001004014
0.0004090505
0.0002636898
0.0002806961
-0.0000942126
-0.0001827721
0.0000925146
0.0001608839
0.0000147972
-0.0000416477
0.0000160820
0.0000457314
0.0000226801
0.0000079823
0.0000171432
0.0000010112
-0.0003273198
-0.0003751886
0.0002067888
0.0002876017
-0.0000582714
-0.0001487481
0.0000247690
0.0000964959
0.0000265763
-0.0000125464
0.0000145095
0.0000336589
0.0000231630
0.0000373938
0.0003896324
0.0007866995
0.0005990097
0.0003546764
0.0004614678
0.0006170631
0.0005555556
0.0000419683
-0.0002604113
0.0000871708
0.0002629393
0.0000423096
-0.0000795602
0.0000059573
0.0000650357
0.0000303901
0.0000014193
0.0000534229
0.0005113398
0.0008160862
0.0005217908
0.0002996107
0.0000229407
-0.0001589974
0.0000728392
0.0001974321
0.0000528676
-0.0000085771
0.0004446405
0.0003580729
-0.0002588357
-0.0001326725
0.0010502703
0.0012586092
0.0006434671
0.0008162858
0.0010915360
0.0010726673
0.0013880087
0.0012943749
0.0007838682
0.0013155860
0.0019128936
0.0011497802
0.0004829095
0.0009274482
0.0013157867
0.0011061925
0.0008849181
0.0009493253
0.0010228973
0.0009334609
0.0000798918
-0.0001350953
0.0002993329
0.0000418936
-0.0002026643
-0.0000857301
0.0000667504
0.0004667130
0.0011247272
0.0011429109
0.0003156814
0.0004166408
0.0012812486
0.0012554471
0.0008019413
0.0007571219
0.0005378491
0.0002200245
-0.0000014399
-0.0001262219
0.0000276419
0.0004952160
0.0002200890
-0.0008480274
-0.0006633745
-0.0005970221
-0.0013318510
-0.0012943507
-0.0009816198
-0.0019088324
-0.0027657035
-0.0021328506
-0.0008078204
-0.0009420739
-0.0021663591
-0.0025180379
-0.0012854753
-0.0003181137
-0.0010098244
-0.0016379981
-0.0017220609
-0.0017049719
-0.0019771122
-0.0018499688
-0.0013231694
-0.0014684704
-0.0018696857
-0.0022557538
-0.0023307620
-0.0015663626
-0.0007473388
-0.0009179298
-0.0014600509
-0.0014047425
-0.0010093567
-0.0005426138
-0.0007844233
-0.0005965249
-0.0002697030
-0.0012103743
-0.0016776765
-0.0010812842
-0.0007953197
-0.0011061251
-0.0012979945
