0.0009923612
0.0012697820
0.0010701307
0.0002109769
-0.0009081852
-0.0017449430
-0.0018271315
-0.0014235573
-0.0009797090
-0.0005086682
-0.0000157366
0.0002332567
-0.0001200158
-0.0007800852
-0.0012724674
-0.0014321791
-0.0010494494
-0.0002089837
0.0010472971
0.0022008279
0.0025552507
0.0023485062
0.0018147416
0.0012157424
0.0004113639
-0.0003639635
-0.0009087539
-0.0016647420
-0.0024694100
-0.0034688315
-0.0045724781
-0.0051368253
-0.0046921356
-0.0029400902
-0.0005740081
0.0011925252
0.0019877485
0.0024633279
0.0030506127
0.0031729411
0.0019885772
0.0006042928
0.0000109481
-0.0001887493
-0.0006263810
-0.0015674431
-0.0027132136
-0.0029828306
-0.0017101143
0.0005038633
0.0025613829
0.0034095401
0.0024721922
0.0006921527
-0.0015742021
-0.0037500843
-0.0051821697
-0.0050532536
-0.0035081718
-0.0013645966
0.0006142830
0.0020798820
0.0029668245
0.0046445350
0.0067112305
0.0066283854
0.0037849057
-0.0008243542
-0.0049511342
-0.0066293873
-0.0052268027
-0.0019573172
0.0016199893
0.0042746289
0.0066517402
0.0089365031
0.0104288165
0.0094426870
0.0069264947
0.0050308625
0.0046783147
0.0049135531
0.0053046801
0.0056332841
0.0051792747
0.0047259728
0.0049197140
0.0048767789
0.0041862271
0.0025509809
0.0001396721
-0.0024112043
-0.0042818720
-0.0061156428
-0.0089442013
-0.0130816728
-0.0173331840
-0.0202919205
-0.0218916691
-0.0226129872
-0.0229380729
-0.0234515076
-0.0250261843
-0.0270194424
-0.0283660933
-0.0278308985
-0.0243138876
-0.0183923876
-0.0105518355
-0.0023912967
0.0052874976
0.0123319442
0.0177630355
0.0212914923
0.0215062250
0.0204043043
0.0190551332
0.0183028959
0.0183148353
0.0198862001
0.0210144585
0.0199015278
0.0163881921
0.0109797902
0.0050292946
0.0015763961
0.0014405630
0.0018797251
0.0029152355
0.0026760291
0.0023744837
0.0036313166
0.0056469826
0.0063357983
0.0044766190
-0.0012591761
-0.0105432462
-0.0201703623
-0.0243209549
-0.0253322098
-0.0217084714
-0.0162374586
-0.0134720502
-0.0173536438
-0.0237835229
-0.0284275492
-0.0289560477
-0.0237152291
-0.0137725880
-0.0015014997
0.0053663349
0.0062154065
0.0029905346
-0.0040435513
-0.0114219482
-0.0152964707
-0.0156047373
-0.0117353890
-0.0043108408
0.0070797102
0.0187904327
0.0290451226
0.0349373364
0.0391068094
0.0418110638
0.0393196299
0.0322972455
0.0242334671
0.0192995154
0.0170785413
0.0170683266
0.0193795726
0.0212671968
0.0226529278
0.0230737923
0.0216147500
0.0183722643
0.0135548686
0.0076448528
0.0033510131
0.0026953344
0.0044450841
0.0090900780
0.0138349388
0.0181496881
0.0208724635
0.0208844679
0.0168702525
0.0093106235
-0.0023904882
-0.0141924620
-0.0231026388
-0.0255389536
-0.0235271210
-0.0154085715
-0.0049479562
0.0073091509
0.0177253167
0.0266218791
0.0344668673
0.0332802774
0.0253144079
0.0093186048
-0.0142083595
-0.0317823040
-0.0416155290
-0.0478331766
-0.0502451805
-0.0482422203
-0.0422751387
-0.0327191464
-0.0193471849
-0.0090836341
-0.0062572975
-0.0059239438
-0.0093766151
-0.0142001220
-0.0171607515
-0.0177698503
-0.0138961998
-0.0091576452
-0.0047999494
-0.0015018439
0.0012363391
0.0037707215
0.0064250146
0.0073311940
0.0040534179
-0.0024472950
-0.0097668396
-0.0152474742
-0.0156424790
-0.0113917174
-0.0052949397
-0.0002214830
0.0064777895
0.0144953325
0.0236670586
0.0355567913
0.0440933486
0.0495275949
0.0508359916
0.0463866473
0.0375758288
0.0268806520
0.0130450860
-0.0023023419
-0.0148487140
-0.0277544093
-0.0377660287
-0.0437257600
-0.0455595729
-0.0447162071
-0.0418999398
-0.0338915063
-0.0182055033
0.0013590874
0.0168112020
0.0317815047
0.0385803989
0.0385286183
0.0308716350
0.0173195772
0.0006420448
-0.0112977322
-0.0184832178
-0.0240287847
-0.0279516382
-0.0271668373
-0.0212125977
-0.0149657022
-0.0114136266
-0.0115851144
-0.0123995305
-0.0133888992
-0.0115983082
-0.0074730667
-0.0027205952
0.0021623515
0.0057536874
0.0054028184
-0.0010382157
-0.0077407272
-0.0119418460
-0.0091581041
0.0009657802
0.0131028669
0.0268963315
0.0386843808
0.0472970525
0.0556650093
0.0559021521
0.0510241074
0.0455210625
0.0394556208
0.0317258808
0.0249473394
0.0168277649
0.0050895688
-0.0077335911
-0.0216610466
-0.0329355120
-0.0376165649
-0.0332581846
-0.0195318664
0.0007857914
0.0162800915
0.0189918224
0.0166629734
0.0090482826
-0.0020489872
-0.0149813396
-0.0296215698
-0.0389674148
-0.0424167514
-0.0428367707
-0.0398961765
-0.0348723200
-0.0285530961
-0.0193225489
-0.0065117108
0.0075776834
0.0195748282
0.0221554747
0.0187191713
0.0110704521
0.0042379694
-0.0029940804
-0.0087744574
-0.0133114272
-0.0183239906
-0.0237263386
-0.0297947594
-0.0331163195
-0.0317976737
-0.0228833094
-0.0107208835
0.0040143568
0.0174522411
0.0271684358
0.0265169948
0.0196273201
0.0112923897
0.0017260412
-0.0123906926
-0.0271310919
-0.0405414452
-0.0485678949
-0.0498707847
-0.0464298997
-0.0380326911
-0.0257412153
-0.0091950350
0.0117999962
0.0350316237
0.0481327697
0.0566280746
0.0611018561
0.0552710332
0.0410955051
0.0180821094
-0.0081566163
-0.0247875079
-0.0319546485
-0.0373909140
-0.0388011356
-0.0333852000
-0.0236809484
-0.0116351320
-0.0014624187
0.0036580188
0.0046334675
0.0044975684
0.0076380341
0.0141930433
0.0212035112
0.0282268823
0.0335675602
0.0384934351
0.0442956524
0.0483574837
0.0456559062
0.0326308899
0.0158574258
0.0026048151
-0.0033491863
-0.0085396626
-0.0138775794
-0.0175929856
-0.0184890689
-0.0156535923
-0.0119378152
-0.0089342888
-0.0074859353
-0.0081977387
-0.0105649795
-0.0119094085
-0.0092754976
-0.0016244920
0.0081624713
0.0174718672
0.0218841735
0.0208931031
0.0152710852
0.0108993238
0.0089325602
0.0096330323
0.0133957178
0.0156698569
0.0163822224
0.0164524895
0.0154945793
0.0134024562
0.0100508985
0.0049098550
-0.0000653190
-0.0009274285
0.0026040170
0.0066045984
0.0079018512
0.0067231354
0.0043682661
0.0053559559
0.0112915828
0.0212588560
0.0341030189
0.0441714784
0.0484027630
0.0424826053
0.0317797724
0.0209605249
0.0126256480
0.0097992005
0.0114760310
0.0161985505
0.0187742445
0.0186293928
0.0199450250
0.0260624614
0.0363061872
0.0433425684
0.0386780707
0.0211514094
-0.0030128935
-0.0290307586
-0.0366667812
-0.0399967547
-0.0455622499
-0.0524141522
-0.0621985413
-0.0723656249
-0.0823889926
-0.0879575471
-0.0881296392
-0.0801398259
-0.0657195447
-0.0490348762
-0.0345445306
-0.0202711739
-0.0048087911
0.0048830852
0.0103296953
0.0095534760
0.0043414082
0.0012840071
0.0022958907
0.0057210664
0.0052283706
-0.0062816925
-0.0260226049
-0.0474614960
-0.0618288111
-0.0628734864
-0.0550378294
-0.0416917467
-0.0218598779
0.0027986768
0.0192112054
0.0336383933
0.0475737382
0.0594951282
0.0738708950
0.0859144321
0.0920734153
0.0864279165
0.0695556295
0.0438077523
0.0193050147
0.0025638354
-0.0053981873
-0.0056358234
-0.0014681636
0.0085526995
0.0250598876
0.0425798564
0.0585394054
0.0686010922
0.0723732735
0.0704872211
0.0607877690
0.0485013909
0.0362075784
0.0272443514
0.0210490567
0.0197720495
0.0255905774
0.0350389281
0.0431473013
0.0474167138
0.0515274192
0.0561140931
0.0590011093
0.0559521736
0.0476935143
0.0359015299
0.0203356969
0.0016352294
-0.0131887026
-0.0291481866
-0.0460548156
-0.0669608255
-0.0870409084
-0.1026087377
-0.1125126734
-0.1135802177
-0.1021688321
-0.0785788746
-0.0556473029
-0.0405410245
-0.0305139512
-0.0204987369
-0.0138380403
-0.0082928329
-0.0029208101
0.0000164837
0.0005373773
-0.0017235784
-0.0049216835
-0.0095813473
-0.0145995591
-0.0197270685
-0.0240431563
-0.0291842265
-0.0362687782
-0.0421934906
-0.0455025531
-0.0449767545
-0.0381590602
-0.0263367570
-0.0099944829
0.0092961678
0.0261902073
0.0446851541
0.0604554783
0.0652056013
0.0680826362
0.0690806172
0.0666010384
0.0629988841
0.0610369582
0.0622706670
0.0670622451
0.0699923608
0.0699088388
0.0649806962
0.0559818881
0.0414085214
0.0186717618
-0.0096216436
-0.0349513141
-0.0664764820
-0.0921843191
-0.1131196229
-0.1342464079
-0.1519511997
-0.1618560533
-0.1650037699
-0.1659635081
-0.1668804146
-0.1666550887
-0.1642640418
-0.1573621562
-0.1435408318
-0.1197891459
-0.0890276155
-0.0586098485
-0.0377097393
-0.0247632850
-0.0018100783
0.0379905821
0.0884320623
0.1277300085
0.1347136951
0.1297315538
0.1328752167
0.1370167074
0.1318762797
0.1083418887
0.0609013497
-0.0003248128
-0.0619490844
-0.0961518439
-0.1219782333
-0.1450195997
-0.1613310196
-0.1746324731
-0.1852947611
-0.1839218872
-0.1560868777
-0.0867717946
0.0142954916
0.0846233975
0.0792648335
0.0775959995
0.0898508656
0.1021637076
0.1076658729
0.1023275392
0.0872601154
0.0633993614
0.0382148601
0.0262079366
0.0189640238
0.0132261307
0.0150971002
0.0282314982
0.0513524590
0.0764965608
0.0892327110
0.1002552450
0.1095435119
0.1097590476
0.1018333674
0.0827565812
0.0529127220
0.0269729431
0.0046035503
-0.0132304827
-0.0254171086
-0.0419854122
-0.0574315533
-0.0674812319
-0.0717135490
-0.0635771516
-0.0383436003
-0.0045545997
0.0264389644
0.0476413895
0.0665336548
0.0826581445
0.0920434331
0.0899907573
0.0663673756
0.0278916393
-0.0062118882
-0.0304016860
-0.0514134178
-0.0671662652
-0.0796412944
-0.0902669842
-0.0968070557
-0.0995766287
-0.0959874769
-0.0827457585
-0.0593517564
-0.0275757318
0.0053870510
0.0352005187
0.0606796951
0.0774719403
0.0788403397
0.0725475836
0.0588953683
0.0372955444
0.0176867949
0.0046502102
-0.0033791364
-0.0092279199
-0.0093644922
-0.0000020492
0.0163572576
0.0308049703
0.0376672900
0.0381803690
0.0293929665
0.0130303511
-0.0064689402
-0.0254664875
-0.0425685366
-0.0552964264
-0.0682471180
-0.0813946064
-0.0886940628
-0.0925485806
-0.0940938525
-0.0928088985
-0.0887661503
-0.0825812767
-0.0726851043
-0.0575198939
-0.0335956418
0.0014723029
0.0458867390
0.0825678536
0.0993321433
0.0993334053
0.0984061733
0.1007660142
0.1036331443
0.1054197274
0.1049400878
0.1010317626
0.0938457340
0.0834488501
0.0698298677
0.0559811233
0.0423581636
0.0289883475
0.0162942681
-0.0000850029
-0.0215796280
-0.0429453417
-0.0632128136
-0.0791935109
-0.0849361844
-0.0821870330
-0.0710686628
-0.0509298009
-0.0251853503
-0.0034719223
0.0135239341
0.0280950636
0.0401555383
0.0504166607
0.0594291978
0.0642543912
0.0653447282
0.0634232249
0.0605462282
0.0558463561
0.0494794856
0.0404604472
0.0301695721
0.0176361807
0.0012954585
-0.0156360313
-0.0342165996
-0.0568243743
-0.0799785183
-0.0986058001
-0.1110410951
-0.1140188230
-0.1027924555
-0.0781161382
-0.0481693297
-0.0246277415
-0.0024084019
0.0220065692
0.0466688018
0.0616401982
0.0661546316
0.0614281426
0.0440085646
0.0159755192
-0.0058260884
-0.0158026317
-0.0199747510
-0.0210680863
-0.0193860050
-0.0148142650
-0.0061913978
0.0079652614
0.0248332691
0.0400204269
0.0468547759
0.0494710722
0.0512365454
0.0508979830
0.0481414890
0.0429774273
0.0363833456
0.0292596105
0.0214584178
0.0104925250
-0.0024268505
-0.0165655425
-0.0304308919
-0.0434084223
-0.0534092267
-0.0559026875
-0.0494343975
-0.0361783534
-0.0199251044
-0.0056347144
0.0042751719
0.0130692975
0.0220553554
0.0290429275
0.0326206485
0.0339494669
0.0332851571
0.0301419723
0.0247653425
0.0174885372
0.0107987341
0.0059992130
0.0031994998
0.0022666550
0.0040817634
0.0065517891
0.0077231738
0.0068098354
0.0031950067
-0.0023396499
-0.0087687860
-0.0161635011
-0.0231007764
-0.0291398191
-0.0341052063
-0.0383665076
-0.0410581420
-0.0400855542
-0.0353486517
-0.0291501293
-0.0240724654
-0.0224507962
-0.0238096618
-0.0260940116
-0.0282772746
-0.0294787143
-0.0295011436
-0.0277898143
-0.0243206489
-0.0204093752
-0.0150542569
-0.0085270119
-0.0024602903
0.0031920666
0.0094152211
0.0158459224
0.0225909288
0.0284252623
0.0305674374
0.0286939248
0.0233506043
0.0146596116
0.0048458177
-0.0047200069
-0.0111682578
-0.0143835606
-0.0139689144
-0.0094815454
-0.0025348635
0.0045971752
0.0093498720
0.0080522482
0.0021586508
-0.0055656558
-0.0152558608
-0.0248103541
-0.0288033027
-0.0236355926
-0.0092257783
0.0087240803
0.0211974115
0.0269777655
0.0290289039
0.0280336803
0.0227227322
0.0138404917
0.0022760153
-0.0101410365
-0.0222169575
-0.0324535433
-0.0431779336
-0.0530180423
-0.0594659108
-0.0614098244
-0.0573382412
-0.0487579228
-0.0376436789
-0.0271852664
-0.0200802435
-0.0186586293
-0.0194342329
-0.0203285761
-0.0206084054
-0.0191862750
-0.0152760874
-0.0092911504
-0.0006439826
0.0099331799
0.0189467687
0.0220847525
0.0205175294
0.0140470136
0.0072424825
-0.0014102901
-0.0106008626
-0.0164158110
-0.0182534940
-0.0151048673
-0.0069779846
0.0028971452
0.0121230321
0.0191591724
0.0243530520
0.0279233692
0.0274090244
0.0227830715
0.0167466560
0.0101589570
0.0053603576
0.0037664579
0.0060753351
0.0118634944
0.0182154464
0.0244615579
0.0297882734
0.0330556743
0.0344476810
0.0339125053
0.0324365292
0.0302087708
0.0266632845
0.0223479807
0.0173192445
0.0110946980
0.0025887287
-0.0051804755
-0.0119712431
-0.0160593051
-0.0167791661
-0.0136066492
-0.0062780365
0.0039204405
0.0160179188
0.0224897616
0.0267376971
0.0279878885
0.0259728932
0.0212985634
0.0152276530
0.0091112759
0.0048810506
0.0018195013
-0.0005744639
-0.0029357917
-0.0043009398
-0.0050812931
-0.0043610917
-0.0022777060
0.0013228073
0.0063775555
0.0112316488
0.0147878775
0.0155197353
0.0132367507
0.0100669987
0.0079999399
0.0074580909
0.0081558553
0.0097348228
0.0103617082
0.0099098022
0.0081483368
0.0050973627
0.0021070090
-0.0009157553
-0.0041635836
-0.0067691375
-0.0091139147
-0.0113271905
-0.0127633866
-0.0137577116
-0.0138753805
-0.0133761720
-0.0127833226
-0.0119901159
-0.0110539351
-0.0103951515
-0.0100166254
-0.0101153757
-0.0111460847
-0.0127941185
-0.0143620835
-0.0156455346
-0.0166521584
-0.0174391429
-0.0182220547
-0.0192012049
-0.0204605860
-0.0215141450
-0.0220509690
-0.0219151845
-0.0212047235
-0.0201973884
-0.0195608352
-0.0198379685
-0.0208183310
-0.0209784263
-0.0182479871
-0.0127384754
-0.0059792465
0.0016225439
0.0085553268
0.0131142900
0.0156427390
0.0163293596
0.0153649404
0.0136728434
0.0126683421
0.0130402522
0.0143039967
0.0155160946
0.0153593761
0.0134886858
0.0115489981
0.0098691999
0.0081678061
0.0069959051
0.0047840328
0.0017986694
-0.0014499417
-0.0049657199
-0.0072298356
-0.0077820981
-0.0063491870
-0.0034280362
-0.0010275291
0.0009007967
0.0024843140
0.0035856572
0.0039016863
0.0036549437
0.0027802901
0.0015382479
0.0006968791
-0.0007223449
-0.0033638573
-0.0062309828
-0.0096254678
-0.0122052233
-0.0134993555
-0.0123940044
-0.0078922370
-0.0000955367
0.0088793264
0.0163258145
0.0190809776
0.0194714162
0.0183949039
0.0163377424
0.0132416572
0.0100174094
0.0075480300
0.0061527459
0.0071628497
0.0109044866
0.0154698860
0.0191997670
0.0209348411
0.0215221071
0.0206467514
0.0182705808
0.0143010253
0.0105082427
0.0066731178
0.0035265401
0.0012675383
-0.0001502757
-0.0000977232
0.0006182155
0.0009262415
0.0002380670
-0.0015007161
-0.0028649992
-0.0043293465
-0.0056894856
-0.0058374274
-0.0047201025
-0.0035684503
-0.0032191149
-0.0035667133
-0.0039358867
-0.0045628792
-0.0055588945
-0.0065626730
-0.0078155681
-0.0090514185
-0.0094274740
-0.0089575824
-0.0072153034
-0.0036930090
0.0009151052
0.0052711107
0.0084073927
0.0102322224
0.0099860236
0.0086374338
0.0063220347
0.0029502582
-0.0006718041
-0.0033224458
-0.0053251361
-0.0050368513
-0.0028614720
0.0005264567
0.0044178783
0.0085201742
0.0118018510
0.0131935212
0.0144426150
0.0159731634
0.0166728323
0.0165618674
0.0147360816
0.0118352445
0.0077434768
0.0022268191
-0.0040020695
-0.0099473221
-0.0151881636
-0.0183263654
-0.0199198498
-0.0207772622
-0.0198463436
-0.0176057242
-0.0147417301
-0.0109547872
-0.0067294875
-0.0028799211
0.0002306499
0.0025717589
0.0040893813
0.0041756874
0.0031456300
0.0013725679
-0.0006016181
-0.0022940226
-0.0036547097
-0.0047740897
-0.0051868620
-0.0047844955
-0.0030590394
0.0004851692
0.0062898421
0.0118555590
0.0147496884
0.0172188231
0.0189214712
0.0193342665
0.0175401457
0.0151716198
0.0125588189
0.0107537836
0.0086696801
0.0069073275
0.0053185584
0.0046214746
0.0044533560
0.0054414550
0.0080456475
0.0112417870
0.0130456100
0.0134118180
0.0130313454
0.0119016720
0.0102879266
0.0083506673
0.0054711505
0.0009820142
-0.0034247240
-0.0071911608
-0.0100242548
-0.0118936793
-0.0133692157
-0.0140118418
-0.0145427993
-0.0150190545
-0.0155070770
-0.0167728714
-0.0180928709
-0.0191211859
-0.0194057306
-0.0183587149
-0.0169682456
-0.0157395121
-0.0146830046
-0.0133659000
-0.0124291074
-0.0122374963
-0.0127897741
-0.0140089813
-0.0149818788
-0.0153829068
-0.0150410517
-0.0144208664
-0.0133160698
-0.0113209302
-0.0097150666
-0.0085793929
-0.0079440253
-0.0077879951
-0.0075300789
-0.0065707689
-0.0053187228
-0.0043113342
-0.0032388802
-0.0020453213
-0.0014586086
-0.0024124345
-0.0041420338
-0.0048859151
-0.0047526394
-0.0040846316
-0.0029307980
-0.0019435839
-0.0011777162
-0.0006751347
-0.0003355832
0.0004426884
0.0006001802
0.0003047432
-0.0004477759
-0.0017604160
-0.0033745048
-0.0051169888
-0.0067730842
-0.0077728702
-0.0085984301
-0.0088532870
-0.0083134495
-0.0085508563
-0.0074663780
-0.0056108548
-0.0038476647
-0.0019363954
-0.0001358178
0.0018099934
0.0043700596
0.0065311878
0.0082078233
0.0093772461
0.0103805542
0.0110328137
0.0105840512
0.0098897859
0.0092182063
0.0084035493
0.0080117072
0.0079164332
0.0085226179
0.0094653228
0.0097472670
0.0104565768
0.0117686984
0.0123308275
0.0116977085
0.0107588164
0.0094109532
0.0075900090
0.0056708346
0.0040774075
0.0024427411
0.0015740227
0.0007758384
0.0005371895
0.0009906200
0.0013377346
0.0008973667
0.0000285086
-0.0010892547
-0.0028141085
-0.0038683769
-0.0042647355
-0.0048076285
-0.0043322185
-0.0036259925
-0.0035439864
-0.0041207824
-0.0049176259
-0.0055649024
-0.0061690679
-0.0061410589
-0.0061980176
-0.0052780899
-0.0040452340
-0.0027077407
-0.0008628890
0.0006689321
0.0020496924
0.0029035306
0.0031202560
0.0034486230
0.0037293923
0.0040563855
0.0043799377
0.0054497040
0.0070695261
0.0086714163
0.0098350683
0.0105343586
0.0109014386
0.0107473015
0.0103915949
0.0094966130
0.0084666268
0.0078226812
0.0072493279
0.0064295349
0.0055457160
0.0040140432
0.0021602065
0.0003878056
-0.0011614707
-0.0021462881
-0.0028245759
-0.0025203213
-0.0017981019
-0.0003788962
0.0013123441
0.0029498145
0.0043892536
0.0052939492
0.0063872117
0.0074100810
0.0083209872
0.0093344831
0.0101718869
0.0106543259
0.0107801481
0.0096632172
0.0080175239
0.0064459525
0.0046269433
0.0024952173
0.0005029960
-0.0010143794
-0.0020074442
-0.0026958384
-0.0030882546
-0.0025890557
-0.0010231392
0.0005720489
0.0015560345
0.0022889390
0.0027407705
0.0024339992
0.0014752098
0.0000866150
-0.0015249073
-0.0032314569
-0.0051837797
-0.0062706710
-0.0066474570
-0.0070449131
-0.0071807091
-0.0067764534
-0.0062391361
-0.0056848888
-0.0048330484
-0.0037498992
-0.0024538254
-0.0005995033
0.0013100465
0.0026261277
0.0034369712
0.0038244055
0.0043565255
0.0048474200
0.0049167540
0.0054105129
0.0060113551
0.0061155205
0.0059381930
0.0056964725
0.0052366846
0.0048277021
0.0041174897
0.0021909395
-0.0003444573
-0.0026379612
-0.0042367915
-0.0053592294
-0.0062426009
-0.0070180400
-0.0071649187
-0.0063329569
-0.0044412866
-0.0022525859
-0.0007119685
0.0003906474
0.0008509665
0.0002852044
-0.0008131300
-0.0020780245
-0.0036508843
-0.0058751576
-0.0087183209
-0.0110314293
-0.0124349088
-0.0138307245
-0.0150381720
-0.0155554425
-0.0156383909
-0.0157941036
-0.0162546793
-0.0166493207
-0.0168748493
-0.0171716163
-0.0174261213
-0.0174553961
-0.0171116441
-0.0170181370
-0.0169242665
-0.0158392108
-0.0139994856
-0.0118555514
-0.0095885407
-0.0078241383
-0.0061108510
-0.0043279506
-0.0030293861
-0.0025128816
-0.0021575593
-0.0019867182
-0.0020398197
-0.0017318851
-0.0007833137
0.0004360097
0.0014059488
0.0026163785
0.0042706669
0.0056893555
0.0066539276
0.0079633684
0.0094988502
0.0105409555
0.0107764921
0.0105256622
0.0102575696
0.0102782168
0.0100736912
0.0092110778
0.0073890858
0.0049375045
0.0026047639
0.0009639755
-0.0002186818
-0.0013149917
-0.0018838385
-0.0019495620
-0.0019211649
-0.0021114192
-0.0026300339
-0.0034102338
-0.0043208260
-0.0053215719
-0.0062740517
-0.0074237910
-0.0089148845
-0.0102436263
-0.0109005743
-0.0108378028
-0.0104575597
-0.0107487624
-0.0115089044
-0.0121015550
-0.0123860538
-0.0121833599
-0.0119454293
-0.0112096593
-0.0099476892
-0.0085296010
-0.0068220616
-0.0049833001
-0.0033347003
-0.0020069333
-0.0006800665
0.0006292836
0.0014872371
0.0016755842
0.0017272543
0.0019133890
0.0026242630
0.0035077863
0.0038224218
0.0039250143
0.0043896858
0.0048826874
0.0055074122
0.0058566596
0.0054460633
0.0050006623
0.0049868337
0.0056875543
0.0068555430
0.0084576321
0.0104548750
0.0124816949
0.0141345473
0.0153897408
0.0159650636
0.0155928247
0.0149521834
0.0150031914
0.0157499409
0.0158947277
0.0152830093
0.0143989533
0.0129748610
0.0108784165
0.0085837373
0.0062112457
0.0041813320
0.0031927810
0.0029328493
0.0028629887
0.0027450326
0.0023040326
0.0015036998
0.0008885675
0.0006905488
0.0007653304
0.0009947372
0.0006082949
0.0000901970
-0.0008022239
-0.0023073310
-0.0034992069
-0.0044930404
-0.0056947860
-0.0065568027
-0.0069652307
-0.0073341043
-0.0070985791
-0.0062641621
-0.0053318974
-0.0045683747
-0.0042751337
-0.0038915864
-0.0032599818
-0.0028445672
-0.0026074951
-0.0031288629
-0.0036849616
-0.0038703693
-0.0045525881
-0.0053085464
-0.0055218182
-0.0052914902
-0.0052943966
-0.0054108188
-0.0054825200
-0.0055464388
-0.0055429090
-0.0052696077
-0.0046106328
-0.0041022462
-0.0038842170
-0.0035193253
-0.0034823274
-0.0033533964
-0.0023544992
-0.0009910330
-0.0001452909
0.0002407506
0.0007335531
0.0017639699
0.0030291811
0.0041089386
0.0050233019
0.0056987556
0.0060163840
0.0056455447
0.0042587352
0.0022315941
0.0003728531
-0.0005605329
-0.0010430044
-0.0016619778
-0.0016868405
-0.0008798504
0.0000112437
0.0009667829
0.0018945472
0.0029135291
0.0040763367
0.0051993368
0.0059196415
0.0059979319
0.0061566046
0.0072040983
0.0082800484
0.0084622747
0.0085867088
0.0093723510
0.0102903512
0.0108795332
0.0110778100
0.0106639248
0.0095730410
0.0086041015
0.0074736824
0.0067334380
0.0063443914
0.0056123195
0.0051102887
0.0048172160
0.0042023808
0.0036323175
0.0031050878
0.0025143375
0.0020763170
0.0020893814
0.0026006260
0.0032693983
0.0041312838
0.0052452854
0.0063049020
0.0070323466
0.0071943388
0.0071065680
0.0071322594
0.0066786783
0.0057082780
0.0049197675
0.0044731389
0.0040707610
0.0032380247
0.0016190883
0.0001850431
-0.0009970180
-0.0021471298
-0.0030821005
-0.0039963598
-0.0047707817
-0.0055280556
-0.0061006020
-0.0054574213
-0.0039384834
-0.0029780059
-0.0024603587
-0.0021726017
-0.0017144533
-0.0009519241
-0.0001666988
0.0008027345
0.0013033483
0.0017691564
0.0020614410
0.0013415512
0.0002716979
-0.0006449880
-0.0012810911
-0.0018127553
-0.0020752420
-0.0019378884
-0.0019761919
-0.0020533725
-0.0021613782
-0.0026617030
-0.0035632393
-0.0044967500
-0.0056401907
-0.0068555277
-0.0074072434
-0.0075570170
-0.0071591976
-0.0060835725
-0.0049814300
-0.0040781877
-0.0033955559
-0.0030192361
-0.0025165116
-0.0017787767
-0.0012182882
-0.0008325626
-0.0009923631
-0.0012780516
-0.0017935315
-0.0022205940
-0.0024461175
-0.0029059467
-0.0029883486
-0.0027376182
-0.0026010042
-0.0028210484
-0.0030706522
-0.0029198598
-0.0031014563
-0.0038758151
-0.0047727015
-0.0055782567
-0.0065937222
-0.0074652767
-0.0078995911
-0.0073016477
-0.0057168367
-0.0042211082
-0.0028847003
-0.0022322752
-0.0023154354
-0.0021457580
-0.0010407489
0.0001281892
0.0005607635
0.0009771758
0.0012979653
0.0004845906
-0.0011257906
-0.0028556393
-0.0039443613
-0.0040799545
-0.0035243098
-0.0027049272
-0.0017221844
-0.0011318024
-0.0008492215
-0.0002888707
0.0005454733
0.0011881828
0.0022700594
0.0036662322
0.0045580568
0.0050256730
0.0054153162
0.0055333139
0.0054841262
0.0052087063
0.0048686179
0.0041879289
0.0034789712
0.0030287562
0.0024987349
0.0016999922
0.0011837076
0.0006876806
0.0002250715
-0.0000127569
-0.0001402811
-0.0000445986
0.0003008247
0.0006239775
0.0010505726
0.0013671960
0.0018417834
0.0024195817
0.0030408967
0.0042372199
0.0056174861
0.0073044203
0.0087429148
0.0093720872
0.0094397040
0.0088131322
0.0076514841
0.0059749404
0.0041695533
0.0023840065
0.0005002674
-0.0007176502
-0.0007879529
0.0002018060
0.0017354294
0.0032261229
0.0043412897
0.0046870149
0.0037553705
0.0013873805
-0.0009800459
-0.0023656397
-0.0037769111
-0.0052866372
-0.0061741044
-0.0070630210
-0.0078265896
-0.0082924275
-0.0081712633
-0.0082767060
-0.0082973838
-0.0075460873
-0.0062175443
-0.0053933534
-0.0051920172
-0.0050337766
-0.0042839677
-0.0040379946
-0.0046459002
-0.0053208720
-0.0054230335
-0.0049301198
-0.0042674736
-0.0038296600
-0.0042599819
-0.0044124555
-0.0041889576
-0.0036822364
-0.0030495010
-0.0030165580
-0.0033529604
-0.0031998750
-0.0022757392
-0.0010413370
-0.0007222026
-0.0010841218
-0.0012694741
-0.0018783090
-0.0029022058
-0.0033118339
-0.0035678896
-0.0040790826
-0.0031866534
-0.0022954613
-0.0013012358
-0.0003206369
0.0004285582
0.0009002464
0.0010064582
0.0002816519
-0.0004607470
0.0002928246
0.0011804777
0.0016150770
0.0020304066
0.0024960028
0.0026809322
0.0024764838
0.0026846540
0.0035512575
0.0046903306
0.0061464817
0.0070286868
0.0082304782
0.0095301174
0.0097563343
0.0097105234
0.0092643881
0.0089704932
0.0081082126
0.0074470617
0.0063778193
0.0052794667
0.0042469450
0.0031058332
0.0023269771
0.0022700739
0.0027622044
0.0032390929
0.0032930575
0.0033574719
0.0041141396
0.0045137909
0.0041958030
0.0035651040
0.0029006088
0.0032546592
0.0033927508
0.0031735495
0.0032131203
0.0038046523
0.0046382211
0.0042720666
0.0040117028
0.0040575902
0.0044780646
0.0055049761
0.0064294049
0.0069072166
0.0075254094
0.0078165892
0.0083095373
0.0078048219
0.0078358406
0.0078252626
0.0073802555
0.0070023911
0.0060194319
0.0053560629
0.0041588262
0.0027448586
0.0018345601
0.0022463171
0.0029183726
0.0044239665
0.0061501760
0.0071527192
0.0073172431
0.0070723676
0.0072531789
0.0072084197
0.0065319412
0.0057262827
0.0050027350
0.0046645206
0.0037280492
0.0019604134
0.0004104036
-0.0013414774
-0.0021038391
-0.0026629489
-0.0028728756
-0.0031043543
-0.0037039513
-0.0038927413
-0.0041105219
-0.0040594450
-0.0045553454
-0.0055387903
-0.0057967716
-0.0064185363
-0.0061796075
-0.0060729449
-0.0062287379
-0.0063129100
-0.0063444947
-0.0062632902
-0.0061615302
-0.0062369716
-0.0068509998
-0.0077250400
-0.0075220632
-0.0070012362
-0.0057808473
-0.0042356404
-0.0035451173
-0.0028470423
-0.0016921169
0.0000856256
0.0020221841
0.0025713673
0.0027314160
0.0025205592
0.0013728429
0.0007873207
0.0001633608
0.0000114870
-0.0000906116
-0.0002726408
0.0002209061
0.0001507838
-0.0001163094
-0.0006604694
-0.0014224096
-0.0010579665
-0.0008841837
-0.0010015379
-0.0010833623
-0.0011208179
-0.0011271456
-0.0011363380
-0.0010939215
-0.0010686813
-0.0011083657
-0.0011405504
-0.0011120795
-0.0010230238
-0.0011112737
-0.0016554158
-0.0023900247
-0.0021654706
-0.0025337258
-0.0033408865
-0.0031744497
-0.0036386986
-0.0044537461
-0.0041593654
-0.0043308647
-0.0051582489
-0.0055850945
-0.0053426283
-0.0046413800
-0.0033688158
-0.0026408818
-0.0023279737
-0.0018728644
-0.0018869499
-0.0026415499
-0.0030886714
-0.0032142542
-0.0033632749
-0.0035478723
-0.0026360831
-0.0012394769
0.0004436606
0.0022177961
0.0021906783
0.0011723580
0.0002662633
-0.0000649921
-0.0008032817
-0.0015418782
-0.0021501506
-0.0018357640
-0.0016865977
-0.0019870567
-0.0027133383
-0.0035085060
-0.0028616334
-0.0019837249
-0.0014892827
-0.0011523693
-0.0010330674
-0.0010999175
-0.0009827978
-0.0011659848
-0.0020941098
-0.0031971904
-0.0038075236
-0.0040542592
-0.0030729888
-0.0021175904
-0.0011955610
-0.0008277670
-0.0011110538
-0.0011496330
-0.0018059883
-0.0032610434
-0.0037851968
-0.0041626428
-0.0039415887
-0.0037176633
-0.0032531769
-0.0024457726
-0.0012255818
-0.0002769079
0.0000309039
0.0002054014
0.0013918178
0.0026337051
0.0040818590
0.0045722869
0.0046243084
0.0049074266
0.0037160506
0.0032388592
0.0027299654
0.0020917552
0.0022700987
0.0023487743
0.0028225999
0.0039574364
0.0043162560
0.0041137840
0.0030392232
0.0019055894
0.0009733821
-0.0002407549
-0.0013952680
-0.0016747811
-0.0018623431
-0.0014728441
-0.0008065790
-0.0007167848
-0.0013151458
-0.0020503376
-0.0022509747
-0.0020405134
-0.0019562418
-0.0013698363
-0.0001092071
0.0003851607
0.0004502161
0.0011664143
0.0010962883
0.0011436530
0.0011693269
0.0006397656
-0.0001845300
-0.0001797514
-0.0003903633
-0.0001729722
0.0002656291
0.0007147683
0.0019953163
0.0025053099
0.0020849636
0.0017939766
0.0011633633
0.0001719049
-0.0010630585
-0.0025783401
-0.0035920166
-0.0036781678
-0.0025494114
-0.0014487875
-0.0001925390
0.0003105279
-0.0003254955
-0.0013294092
-0.0021557535
-0.0020762244
-0.0012679218
-0.0005011068
-0.0007853857
-0.0013692871
-0.0019617840
-0.0021752290
-0.0019291622
-0.0017823910
-0.0018901528
-0.0023997177
-0.0033443340
-0.0039416957
-0.0046201591
-0.0052427461
-0.0047326691
-0.0036472963
-0.0027867340
-0.0015746721
-0.0005767508
0.0004279532
0.0015237286
0.0021995880
0.0020896950
0.0017351315
0.0012491508
0.0010444351
0.0012601372
0.0013259188
0.0011940408
0.0010359115
0.0010831577
0.0016171375
0.0024469382
0.0023960778
0.0019468973
0.0011214463
0.0000074038
-0.0009022209
-0.0015779093
-0.0020620173
-0.0026731720
-0.0030616667
-0.0027308970
-0.0020564090
-0.0018087785
-0.0020926156
-0.0023840118
-0.0022994684
-0.0012202676
0.0009408223
0.0020894350
0.0022760275
0.0013209725
-0.0003729356
-0.0014317397
-0.0020419808
-0.0019393049
-0.0021493563
-0.0024942850
-0.0031217146
-0.0040748721
-0.0054090635
-0.0064222076
-0.0063571033
-0.0063635089
-0.0060307632
-0.0056130461
-0.0050275086
-0.0051891260
-0.0054699267
-0.0053578604
-0.0047056621
-0.0035210462
-0.0029503606
-0.0027554243
-0.0015850473
-0.0002188565
0.0013973630
0.0028891613
0.0026507679
0.0023528479
0.0023208085
0.0018489421
0.0012890742
0.0007039815
0.0006242161
0.0014946653
0.0023086420
0.0015032321
0.0002949953
-0.0005251932
-0.0007874607
-0.0011855938
-0.0013626478
-0.0007085347
-0.0001176563
-0.0005624771
-0.0001692729
0.0013886188
0.0026120135
0.0034614117
0.0038081122
0.0035448381
0.0036364851
0.0037918433
0.0034747431
0.0027817387
0.0022438608
0.0019410109
0.0017580805
0.0014195150
0.0007097386
0.0004937803
0.0008134531
0.0012412785
0.0016409719
0.0015047675
0.0012690970
0.0016251627
0.0017251620
0.0024672726
0.0038476111
0.0045374172
0.0042582457
0.0032711092
0.0020650549
0.0016170174
0.0017957515
0.0020246588
0.0021837873
0.0024409349
0.0026486951
0.0027460507
0.0019817489
0.0009275926
0.0002684306
-0.0007017742
-0.0018197541
-0.0024856368
-0.0024153054
-0.0019960234
-0.0015479022
-0.0014247248
-0.0014638486
-0.0005929929
0.0006398436
0.0013970922
0.0020751043
0.0026581870
0.0027061972
0.0024740642
0.0020869591
0.0017007712
0.0017146212
0.0018600462
0.0018228074
0.0017528191
0.0017439437
0.0017419681
0.0016779786
0.0016169081
0.0018817593
0.0027596960
0.0037540118
0.0040884673
0.0035853084
0.0020687277
0.0002614587
-0.0007474065
-0.0013864883
-0.0020368085
-0.0024645230
-0.0032571350
-0.0042129281
-0.0052750573
-0.0064486563
-0.0071436022
-0.0069204523
-0.0061014357
-0.0051417472
-0.0040345528
-0.0024203795
-0.0001681198
0.0033081653
0.0072370941
0.0098567481
0.0113763591
0.0118314585
0.0107209714
0.0092748054
0.0083020264
0.0074390957
0.0074000652
0.0077175062
0.0073971856
0.0055560683
0.0018020202
-0.0037200504
-0.0099408437
-0.0145922089
-0.0171568126
-0.0180109092
-0.0148468630
-0.0100208474
-0.0049973696
-0.0004401197
0.0038761363
0.0065748877
0.0084101003
0.0093798619
0.0094638543
0.0086218347
0.0071181670
0.0043457564
0.0005351344
-0.0037510036
-0.0071863231
-0.0087288874
-0.0088252054
-0.0064873425
-0.0029584650
0.0007764116
0.0034660628
0.0059069793
0.0070646770
0.0078461928
0.0074303534
0.0066346227
0.0060228432
0.0058113994
0.0054032200
0.0049276073
0.0049960731
0.0055746275
0.0070063492
0.0084759618
0.0099961006
0.0120668575
0.0127638264
0.0118141843
0.0103994996
0.0083112659
0.0069262002
0.0060522212
0.0050243727
0.0043890471
0.0042675042
0.0039125089
0.0028009947
0.0015825791
0.0006114767
-0.0005341867
-0.0015698986
-0.0011418526
-0.0001202865
0.0018662010
0.0035321534
0.0049001108
0.0071257237
0.0078942524
0.0082289370
0.0077976667
0.0070489822
0.0062049242
0.0047847020
0.0023559409
-0.0003758704
-0.0030595037
-0.0043791537
-0.0053511411
-0.0063102828
-0.0054619875
-0.0042005069
-0.0034892179
-0.0027110058
-0.0013137668
0.0005381762
0.0018558713
0.0021352688
0.0018768076
0.0016771288
0.0008315507
-0.0002620480
-0.0007750146
-0.0010266943
-0.0021540747
-0.0040331761
-0.0051687580
-0.0057573395
-0.0058790277
-0.0043821558
-0.0025266754
-0.0010344843
0.0001764873
0.0007362480
0.0017692237
0.0025707512
0.0024545688
0.0024183071
0.0025925407
0.0026336769
0.0023813410
0.0020473799
0.0023184639
0.0027633662
0.0027338184
0.0026687683
0.0025799971
0.0020921628
0.0014006025
0.0015375518
0.0017468880
0.0016606225
0.0015209277
0.0014824617
0.0017559680
0.0022690995
0.0024360739
0.0021798258
0.0011769980
0.0006110878
0.0003379638
-0.0000900033
-0.0006270357
-0.0012883059
-0.0020955852
-0.0027319923
-0.0025008654
-0.0023927346
-0.0027354777
-0.0032621383
-0.0034584464
-0.0035506227
-0.0035887671
-0.0039687142
-0.0048898082
-0.0053816664
-0.0053755514
-0.0055812550
-0.0057341148
-0.0057732791
-0.0058146653
-0.0056173790
-0.0050574144
-0.0046549485
-0.0047298926
-0.0048439858
-0.0047575689
-0.0046795117
-0.0048133037
-0.0051945335
-0.0054268769
-0.0056248746
-0.0058849477
-0.0063833492
-0.0068217212
-0.0068010587
-0.0066932832
-0.0067233458
-0.0067528729
-0.0067583034
-0.0067685677
-0.0067731836
-0.0068063591
-0.0068753642
-0.0068047988
-0.0064109987
-0.0057961253
-0.0057060064
-0.0056007702
-0.0048319815
-0.0041966023
-0.0037115995
-0.0037852947
-0.0042889660
-0.0043864772
-0.0043241378
-0.0042346385
-0.0036808581
-0.0034844846
-0.0035670693
-0.0032687787
-0.0029590008
-0.0024848559
-0.0018966808
-0.0014161049
-0.0009506078
-0.0003833997
0.0002009898
0.0005657209
0.0005206285
0.0004017569
0.0005106044
0.0009564872
0.0016003792
0.0017214972
0.0018474514
0.0025575540
0.0029601542
0.0033244027
0.0037451200
0.0037554443
0.0036572486
0.0037011680
0.0037993186
0.0038957969
0.0038501657
0.0034357222
0.0027408019
0.0026550312
0.0029052584
0.0028924868
0.0027480848
0.0026888825
0.0029037818
0.0034405144
0.0038322529
0.0039271444
0.0041832594
0.0044961955
0.0048164282
0.0049582664
0.0048447851
0.0044504075
0.0037893702
0.0037281834
0.0040227970
0.0040384803
0.0037171971
0.0031150558
0.0027223762
0.0028575503
0.0030025061
0.0027311341
0.0021036502
0.0016937082
0.0017657459
0.0018797626
0.0018430542
0.0018250175
0.0018106409
0.0014998549
0.0008032691
0.0004035734
0.0001872369
-0.0001428782
0.0000697207
0.0005020300
0.0006730149
0.0007375510
0.0004772526
0.0001443323
-0.0001011386
-0.0003132307
-0.0003528141
-0.0002816375
-0.0003097263
-0.0003590364
-0.0003834046
-0.0003837920
-0.0003678567
-0.0003339278
-0.0003413860
-0.0005092525
-0.0008694454
-0.0011150395
-0.0014032864
-0.0016189778
-0.0016665440
-0.0014204879
-0.0013727886
-0.0015331830
-0.0013084705
-0.0005592410
0.0001663096
0.0003198946
0.0006190495
0.0012647110
0.0017294230
0.0018928974
0.0019582205
0.0017348447
0.0016387955
0.0016556559
0.0013183494
0.0008420395
0.0001804608
-0.0001007105
-0.0000711701
0.0001955618
0.0003104507
0.0003391884
0.0006014541
0.0005803613
0.0003340478
0.0002457873
-0.0002630242
-0.0006251588
-0.0007453085
-0.0009332873
-0.0014411734
-0.0022621163
-0.0030992103
-0.0036496368
-0.0041306299
-0.0047292616
-0.0050622636
-0.0050253135
-0.0047724108
-0.0044939965
-0.0045776677
-0.0046942734
-0.0046690753
-0.0046288478
-0.0045951293
-0.0045568560
-0.0045223955
-0.0045563282
-0.0048246427
-0.0054255193
-0.0057531443
-0.0056049119
-0.0054850631
-0.0054075758
-0.0052982018
-0.0052915973
-0.0045721722
-0.0042684565
-0.0038825840
-0.0035602476
-0.0036220550
-0.0034222623
-0.0030246031
-0.0029865627
-0.0028270662
-0.0024256374
-0.0024557945
-0.0025375348
-0.0025118349
-0.0024671361
-0.0024570986
-0.0024669655
-0.0024747185
-0.0024414175
-0.0024016516
-0.0024575055
-0.0027510505
-0.0030826294
-0.0027858999
-0.0023130942
-0.0022066476
-0.0019635064
-0.0017391060
-0.0012131587
-0.0008389388
-0.0007013738
-0.0002168045
0.0001662520
0.0003511144
0.0009386290
0.0015265418
0.0017808942
0.0016824526
0.0017002473
0.0017900893
0.0014691647
0.0008241859
0.0006687990
0.0007681153
0.0004978631
0.0001417863
0.0006997072
0.0015811462
0.0014697124
0.0016898950
0.0019892407
0.0026334287
0.0029396007
0.0026981261
0.0027118782
0.0028611837
0.0028855519
0.0025045225
0.0018365801
0.0017042035
0.0019746408
0.0015953488
0.0007896822
0.0005627689
0.0007921615
0.0005692403
0.0001223286
0.0001201347
-0.0000366046
-0.0001526407
0.0003682376
0.0001941826
0.0000522036
0.0003948664
0.0011394096
0.0016265085
0.0018224445
0.0019015170
0.0022837288
0.0024656450
0.0028412906
0.0030994084
0.0037333676
0.0040209690
0.0037757168
0.0037446970
0.0038283292
0.0039302650
0.0039235114
0.0038771842
0.0038323179
0.0038485136
0.0038941410
0.0039533827
0.0039385484
0.0038039483
0.0035460894
0.0035154486
0.0040919359
0.0039636088
0.0035333921
0.0031601458
0.0032958584
0.0034538221
0.0036980146
0.0040896108
0.0039338292
0.0037510816
0.0032408696
0.0025725364
0.0028890286
0.0027885903
0.0022115259
0.0020031419
0.0016691667
0.0018092075
0.0018649715
0.0017957316
0.0017562472
0.0017473198
0.0017571696
0.0017643810
0.0017610577
0.0017575149
0.0017649340
0.0018022956
0.0018349854
0.0018628846
0.0017171555
0.0012309809
0.0007045391
0.0011001891
0.0007901851
0.0010295564
0.0013549618
0.0009934335
0.0012119766
0.0020998446
0.0013828721
0.0003090020
0.0001066314
-0.0007435356
-0.0011509157
-0.0013488648
-0.0012806773
-0.0012210466
-0.0009830517
-0.0007016162
-0.0011959369
-0.0016271808
-0.0013124872
-0.0012153542
-0.0016684982
-0.0024344321
-0.0025906481
-0.0023201703
-0.0022807512
-0.0023560121
-0.0024227406
-0.0024323303
-0.0024264520
-0.0024400886
-0.0024704693
-0.0025089629
-0.0023997468
-0.0019859067
-0.0015258855
-0.0016173188
-0.0017640586
-0.0013649538
-0.0014003864
-0.0014512978
-0.0013974203
-0.0013708229
-0.0013657917
-0.0013765563
-0.0013763104
-0.0013984357
-0.0014006354
-0.0013749814
-0.0013128119
-0.0011495336
-0.0009721052
-0.0007651599
-0.0001292844
-0.0003482587
-0.0004759806
-0.0003940330
-0.0003646549
-0.0003290449
-0.0002688092
-0.0001958571
-0.0003716807
-0.0009888960
-0.0017524137
-0.0020362409
-0.0024278008
-0.0023121634
-0.0025566595
-0.0030443240
-0.0032412578
-0.0035002093
-0.0033371731
-0.0030272246
-0.0026846379
-0.0025305302
-0.0022935036
-0.0023554216
-0.0023519790
-0.0024393627
-0.0028850647
-0.0033272216
-0.0033356155
-0.0033126374
-0.0038020354
-0.0043579214
-0.0044209186
-0.0042399274
-0.0042109280
-0.0042937846
-0.0045150491
-0.0048358899
-0.0048196826
-0.0043324556
-0.0041179065
-0.0042878570
-0.0043376528
-0.0042924920
-0.0043064659
-0.0043264553
-0.0041527341
-0.0037617012
-0.0035735025
-0.0038658490
-0.0042548268
-0.0043685758
-0.0041723641
-0.0040964218
-0.0041567229
-0.0042591406
-0.0043083857
-0.0041141511
-0.0036050271
-0.0031576899
-0.0031385651
-0.0030472596
-0.0025004554
-0.0022330473
-0.0022884854
-0.0020594615
-0.0020875687
-0.0021131844
-0.0020750236
-0.0020534085
-0.0020728051
-0.0021359331
-0.0020111308
-0.0015216249
-0.0009871927
-0.0009329936
-0.0011044883
-0.0011441548
-0.0011958329
-0.0013009998
-0.0011354542
-0.0009930537
-0.0013013199
-0.0012053652
-0.0008713885
-0.0009583906
-0.0010245630
-0.0009919087
-0.0009452133
-0.0009145323
-0.0010041093
-0.0013290145
-0.0016670025
-0.0019010913
-0.0019975241
-0.0017005758
-0.0013991527
-0.0014220433
-0.0011987557
-0.0002794065
0.0005012808
0.0009144402
0.0011406483
0.0011107639
0.0013126413
0.0020140147
0.0025696154
0.0024478125
0.0019300716
0.0014769663
0.0017736591
0.0021221963
0.0023636549
0.0030124495
0.0034787062
0.0039470077
0.0042340648
0.0045144678
0.0050409318
0.0057452702
0.0058768747
0.0055060698
0.0051946215
0.0051012749
0.0049311677
0.0046229891
0.0041526883
0.0039285364
0.0042865223
0.0044547442
0.0044948723
0.0047843273
0.0048736163
0.0048076400
0.0048384598
0.0048801519
0.0048659945
0.0047914481
0.0048293159
0.0052529110
0.0059852353
0.0061327335
0.0058452977
0.0054737663
0.0049655555
0.0049336687
0.0049101571
0.0042967484
0.0038008009
0.0040481863
0.0046936348
0.0049916829
0.0049062717
0.0051211726
0.0056959524
0.0057327113
0.0058423148
0.0060294362
0.0059424456
0.0057720056
0.0057067101
0.0060050833
0.0059247507
0.0054391528
0.0055291531
0.0060488291
0.0061546274
0.0059803326
0.0059376882
0.0060060661
0.0060591890
0.0058646944
0.0053168833
0.0049140082
0.0048063895
0.0043882823
0.0037824789
0.0034317488
0.0032442220
0.0027530518
0.0022835625
0.0023134958
0.0024475830
0.0023520364
0.0020531446
0.0017804563
0.0020791282
0.0025417070
0.0021554445
0.0019479011
0.0018359136
0.0015154935
0.0012671493
0.0014378597
0.0018754408
0.0018478720
0.0016486583
0.0018463527
0.0024873256
0.0029809272
0.0029067342
0.0025121764
0.0020107262
0.0017417792
0.0018491291
0.0017832809
0.0013490414
0.0010108366
0.0007471713
0.0006935635
0.0007993420
0.0008250013
0.0007835531
0.0005345252
0.0000195888
-0.0003164400
-0.0002424433
-0.0003987931
-0.0010195926
-0.0012895588
-0.0007223258
-0.0001973082
-0.0000837283
0.0002563362
0.0006581844
0.0006983614
0.0006914911
0.0006769922
0.0003116844
-0.0003332207
-0.0003363180
-0.0001371531
-0.0005731120
-0.0013763509
-0.0014900953
-0.0012406231
-0.0013981473
-0.0018685697
-0.0021859140
-0.0024240466
-0.0024474882
-0.0023362372
-0.0023546877
-0.0024198383
-0.0024700861
-0.0025018543
-0.0025014276
-0.0023304063
-0.0017914163
-0.0011997298
-0.0008001443
-0.0004779004
-0.0000755880
0.0005792370
0.0007407599
0.0005712752
0.0006424732
0.0007274419
0.0004199134
-0.0002903513
-0.0006316547
-0.0009419435
-0.0013301484
-0.0013565267
-0.0012770863
-0.0012797285
-0.0013264316
-0.0015601946
-0.0020759686
-0.0024731134
-0.0026137310
-0.0030062213
-0.0034414322
-0.0036546539
-0.0041031449
-0.0045667073
-0.0045706042
-0.0044327700
-0.0044030363
-0.0045147929
-0.0049450918
-0.0056061509
-0.0056534801
-0.0054517079
-0.0057032720
-0.0061337354
-0.0060119861
-0.0055252180
-0.0054940425
-0.0057188253
-0.0056967325
-0.0052719826
-0.0046162698
-0.0044956868
-0.0043182255
-0.0035672315
-0.0033676816
-0.0035932897
-0.0036129804
-0.0035070922
-0.0034200511
-0.0033850013
-0.0034389877
-0.0036982390
-0.0040471040
-0.0038962634
-0.0034416636
-0.0033860170
-0.0032352961
-0.0025371948
-0.0019869809
-0.0014938122
-0.0013327436
-0.0013221033
-0.0011431012
-0.0013504140
-0.0014915386
-0.0014229072
-0.0013918786
-0.0011991821
-0.0007170919
-0.0003973430
-0.0004159863
-0.0001022081
0.0006762434
0.0008032565
0.0004153866
0.0002398628
0.0004118897
0.0003161193
0.0003358973
0.0005816922
0.0003085526
-0.0000763821
-0.0003591715
-0.0003838180
-0.0002628852
-0.0002656666
-0.0003086080
-0.0003620829
-0.0003843829
-0.0003703971
-0.0003071840
-0.0001719803
-0.0000716755
-0.0001549770
0.0002797458
0.0008182369
0.0006367616
0.0001382193
-0.0000996546
-0.0002961241
-0.0003430294
-0.0002505673
-0.0002366749
-0.0002794349
-0.0003465081
-0.0004218496
-0.0004028101
-0.0001238390
0.0004086196
0.0007080685
0.0006210576
0.0007965456
0.0014539335
0.0017353965
0.0011175245
0.0005472627
0.0006385785
0.0008657462
0.0009463640
0.0008412980
0.0003754397
-0.0003427049
-0.0004322589
-0.0001797485
-0.0001805563
-0.0002686119
-0.0003083302
-0.0003245219
-0.0003730089
-0.0003891674
-0.0001493816
0.0004470619
0.0008436499
0.0005898830
0.0001077237
-0.0001028392
-0.0002796948
-0.0002874173
-0.0001616903
-0.0001993673
-0.0004968649
-0.0010313021
-0.0012583703
-0.0010408261
-0.0011982942
-0.0014125117
-0.0013737462
-0.0013610665
-0.0013678893
-0.0013598725
-0.0013429421
-0.0013830656
-0.0014423528
-0.0014382654
-0.0012070877
-0.0007137885
-0.0004606422
-0.0006642738
-0.0006441845
-0.0008234765
-0.0011328823
-0.0013539212
-0.0013812490
-0.0013035889
-0.0013294421
-0.0013709159
-0.0013726016
-0.0013642567
-0.0014052578
-0.0014839463
-0.0014242021
-0.0009530913
-0.0002373852
-0.0003474416
-0.0009470558
-0.0009558302
-0.0007372634
-0.0008824096
-0.0013031934
-0.0013893114
-0.0012454405
-0.0011996564
-0.0012354825
-0.0014342920
-0.0018146001
-0.0019684967
-0.0016455335
-0.0012596526
-0.0011330506
-0.0013441976
-0.0015550544
-0.0016638452
-0.0014352324
-0.0010872122
-0.0011892391
-0.0014409696
-0.0017649569
-0.0018999834
-0.0017406939
-0.0017033610
-0.0017280902
-0.0016628402
-0.0015129021
-0.0015108860
-0.0014203495
-0.0011395484
-0.0012650448
-0.0013562574
-0.0011581841
-0.0006447318
-0.0001813186
-0.0003054563
-0.0006141017
-0.0004029455
-0.0001860423
-0.0007170850
-0.0011543728
-0.0010469250
-0.0010838464
-0.0012330472
-0.0006901037
-0.0001848555
-0.0002116765
-0.0002434377
0.0000944365
0.0003385800
0.0002494051
0.0002077501
0.0002079270
0.0002301592
0.0003960890
0.0007360044
0.0009044822
0.0007650501
0.0007145966
0.0007166789
0.0007271991
0.0008067117
0.0008700163
0.0007017761
0.0001662385
-0.0003895384
-0.0003895327
0.0000663647
0.0005652100
0.0006386206
0.0005207165
0.0007706496
0.0006738345
0.0004808986
0.0005000938
0.0003294593
-0.0001954126
-0.0002413101
-0.0001926844
-0.0007307575
-0.0013578047
-0.0013967006
-0.0009260912
-0.0004043043
-0.0003345495
-0.0004773868
-0.0002091564
-0.0002125206
-0.0002327834
-0.0001994520
-0.0001782037
-0.0001506233
-0.0001467868
-0.0001556240
-0.0001397841
-0.0001052565
-0.0001067621
-0.0001531191
-0.0001462596
0.0000438755
0.0004054164
0.0005606579
0.0004033165
0.0003596606
0.0004495614
0.0006440029
0.0009352285
0.0010581481
0.0010825171
0.0015443300
0.0020714907
0.0021212559
0.0021147868
0.0024710197
0.0027222477
0.0026206889
0.0025793160
0.0025859550
0.0026169640
0.0027833227
0.0031178747
0.0032931359
0.0032836976
0.0035450936
0.0037475809
0.0037299250
0.0039033230
0.0040617319
0.0037286833
0.0032882351
0.0037266912
0.0042602802
0.0039471797
0.0036869968
0.0041437548
0.0044309840
0.0043231971
0.0042701698
0.0041446382
0.0038215258
0.0036520342
0.0038094786
0.0039604270
0.0040867043
0.0040444691
0.0040814498
0.0043672220
0.0042940255
0.0042346155
0.0043830124
0.0047182324
0.0049086083
0.0049361316
0.0052308755
0.0054211099
0.0053186119
0.0053130132
0.0053806874
0.0054184444
0.0054109068
0.0054010019
0.0054016559
0.0054179817
0.0054435775
0.0054510348
0.0054321773
0.0054373516
0.0054719574
0.0054904554
0.0053615967
0.0050163188
0.0047049852
0.0045570549
0.0045040390
0.0045887772
0.0042392773
0.0035103019
0.0031889345
0.0033735843
0.0031339622
0.0027035042
0.0024081028
0.0022674214
0.0023834959
0.0023955936
0.0023450368
0.0023265816
0.0023537007
0.0023773473
0.0022258906
0.0019015407
0.0016457847
0.0014726012
0.0011715358
0.0007717747
0.0002940890
0.0002342523
0.0003676179
0.0003131118
0.0002243260
0.0003066020
0.0006384497
0.0009849432
0.0011971993
0.0012674056
0.0012000009
0.0012673769
0.0013223197
0.0011009964
0.0005878362
0.0003400973
0.0005488417
0.0005304864
0.0002057692
0.0002304215
0.0002758303
0.0002570975
0.0002570559
0.0002765181
0.0002751704
0.0001278763
-0.0001817651
-0.0003502308
-0.0003587842
-0.0006445983
-0.0008619360
-0.0008833764
-0.0011485072
-0.0013677222
-0.0014425731
-0.0017285560
-0.0018879412
-0.0019143374
-0.0023716694
-0.0029198522
-0.0029896225
-0.0028228095
-0.0028119233
-0.0028741881
-0.0030495736
-0.0034008146
-0.0035610989
-0.0034055143
-0.0033559028
-0.0033938009
-0.0034246498
-0.0034475101
-0.0035935673
-0.0039203334
-0.0040569324
-0.0039053308
-0.0040068116
-0.0044051473
-0.0047482109
-0.0049109641
-0.0050026738
-0.0049534555
-0.0051170080
-0.0053551681
-0.0051995127
-0.0048982216
-0.0050001307
-0.0050688337
-0.0050352260
-0.0050349583
-0.0050873508
-0.0050966131
-0.0047960448
-0.0041298612
-0.0037585003
-0.0038933226
-0.0038060593
-0.0038815630
-0.0039656357
-0.0035001611
-0.0032696946
-0.0034392011
-0.0034910773
-0.0034473426
-0.0034224539
-0.0034303575
-0.0034209509
-0.0033084639
-0.0031279826
-0.0031251186
-0.0031132163
-0.0029743040
-0.0031774258
-0.0030921060
-0.0029263565
-0.0032004941
-0.0030877245
-0.0027556347
-0.0028517630
-0.0029547150
-0.0029511607
-0.0027971452
-0.0024299352
-0.0021138552
-0.0019700104
-0.0018933216
-0.0018450314
-0.0013627323
-0.0007969839
-0.0006119230
-0.0004688208
-0.0002909673
-0.0003104367
-0.0002975704
-0.0003657991
-0.0005530098
-0.0005467739
-0.0005702786
-0.0008216944
-0.0007805518
-0.0007481637
-0.0007576788
-0.0006596785
-0.0004999882
-0.0004898352
-0.0004245874
-0.0001779026
-0.0003078722
-0.0003724683
-0.0001798362
0.0001787925
0.0003351414
-0.0000548467
-0.0001904540
-0.0000325566
-0.0002743332
0.0000640361
0.0004006953
0.0003373324
0.0005925527
0.0008125514
0.0004756487
0.0003317121
0.0005713410
0.0005424594
0.0010081179
0.0012390008
0.0013567389
0.0012232620
0.0013023506
0.0017028233
0.0020042613
0.0018562996
0.0017813929
0.0018399956
0.0018698103
0.0018862600
0.0018729562
0.0018788777
0.0018801902
0.0018802269
0.0018430179
0.0018290922
0.0019368945
0.0022634854
0.0025199883
0.0023537144
0.0023186551
0.0024342126
0.0023712147
0.0020772994
0.0017143615
0.0015919643
0.0012976658
0.0011210233
0.0007752946
0.0008575423
0.0009111379
0.0008955093
0.0008487328
0.0007955100
0.0008004823
0.0009116618
0.0011502434
0.0011902942
0.0006139652
0.0007408892
0.0011987649
0.0016052754
0.0014191479
0.0010216531
0.0006339068
0.0005578842
0.0002962032
0.0003323494
0.0001933127
-0.0000296975
0.0001658977
-0.0003175055
-0.0002485103
-0.0001281282
-0.0001697767
-0.0001684630
-0.0001835056
-0.0004828953
-0.0011056016
-0.0013955682
-0.0014766561
-0.0018681441
-0.0017302047
-0.0014073768
-0.0011139071
-0.0012649944
-0.0011265945
-0.0007364339
-0.0007576115
-0.0005675814
0.0000459310
0.0004386867
0.0005337959
0.0008239649
0.0008511589
0.0008676158
0.0009049988
0.0006508716
0.0000731637
-0.0002020083
-0.0001196954
-0.0002730597
-0.0004610380
-0.0000828888
-0.0000336409
-0.0001346587
-0.0001425656
-0.0001281527
-0.0001051965
-0.0001063566
-0.0000914835
-0.0000646448
-0.0000563794
-0.0001024847
-0.0003418584
-0.0006888065
-0.0005984639
-0.0005145881
-0.0005033704
-0.0004952259
-0.0005504548
-0.0008072463
-0.0012072628
-0.0011737821
-0.0009989435
-0.0007494295
-0.0004946897
-0.0007978746
-0.0010021008
-0.0003576750
0.0000544533
0.0000082848
0.0003968993
0.0009731519
0.0005449650
0.0001101966
-0.0003324874
-0.0005908096
-0.0005010039
-0.0004666226
-0.0002153437
0.0003944059
0.0006590036
0.0002239482
-0.0002239500
-0.0000831747
0.0000617908
0.0000497775
0.0000842664
0.0002669187
0.0004133334
0.0001311141
0.0002302077
0.0002550342
0.0008772564
0.0012902284
0.0008874053
0.0004063720
0.0002837190
0.0000790676
0.0000898963
0.0001847668
0.0003724009
0.0006782534
0.0005937241
0.0005384879
0.0008210118
0.0012500204
0.0012322751
0.0011537541
0.0012341818
0.0012576938
0.0010600599
0.0006699253
0.0005095259
0.0003125450
0.0003239580
0.0001218447
-0.0003497959
-0.0002851802
0.0000966255
0.0004806420
0.0003519454
0.0001901462
0.0002833778
0.0006069465
0.0010539713
0.0010398150
0.0009054459
0.0006772931
0.0003620875
0.0004694354
0.0005604048
0.0005366480
0.0005587446
0.0005938858
0.0005166146
0.0001079944
-0.0004186759
-0.0001727452
-0.0003642410
-0.0004558829
-0.0003793775
-0.0004061690
-0.0004211318
-0.0004583851
-0.0004683187
-0.0004075067
-0.0001436985
0.0002212292
0.0001729109
0.0000558109
0.0000674722
0.0000956666
0.0002115704
0.0004326941
0.0006073228
0.0001301237
-0.0001566452
-0.0003675857
-0.0002887628
-0.0002193999
-0.0002866019
-0.0003391677
-0.0003229120
-0.0003122472
-0.0003160630
-0.0003152114
-0.0003137550
-0.0003137923
-0.0003172463
-0.0003220506
-0.0003128737
-0.0002832159
-0.0002554295
-0.0002981465
-0.0003534773
-0.0002881624
0.0000395379
0.0004064577
0.0000435563
-0.0006788435
-0.0009223679
-0.0007466332
-0.0008848602
-0.0013141289
-0.0013365636
-0.0012859980
-0.0013158831
-0.0013620034
-0.0013162200
-0.0010764576
-0.0007181176
-0.0007699800
-0.0008952030
-0.0008461518
-0.0007558673
-0.0007442763
-0.0008047502
-0.0008737224
-0.0008050030
-0.0005034159
-0.0001412900
-0.0002389466
-0.0003522317
-0.0002396338
0.0000015769
0.0001016873
-0.0002903222
-0.0000842767
0.0003878240
0.0002905698
0.0002243584
0.0004776499
0.0008862018
0.0008706886
0.0007119295
0.0005285429
0.0004293995
0.0008770713
0.0009645698
0.0007884803
0.0005232489
0.0001995718
0.0003176051
0.0004417068
0.0003327966
0.0000296204
-0.0001412521
0.0003610120
0.0007061082
0.0008816750
0.0005453899
0.0000661039
0.0002135113
0.0006161656
0.0010187498
0.0009015092
0.0005244830
0.0001220730
0.0000300996
0.0000300493
0.0004129582
0.0003931313
0.0003252023
0.0005798336
0.0009377655
0.0007980207
0.0008220015
0.0011210952
0.0012205747
0.0006642004
0.0007716730
0.0009838116
0.0009341898
0.0005966485
0.0000692950
0.0002375271
0.0007153836
0.0013708677
0.0015374348
0.0012563725
0.0012435915
0.0013512519
0.0013784053
0.0013374845
0.0013812991
0.0016910155
0.0020969527
0.0019206589
0.0017858837
0.0017961591
0.0019281560
0.0023222499
0.0026665434
0.0021108004
0.0013555649
0.0011993294
0.0014932400
0.0015434443
0.0014320648
0.0013792650
0.0013707139
0.0013843081
0.0013667084
0.0013567034
0.0013976880
0.0014954157
0.0013603081
0.0008267639
0.0002702642
0.0006785574
0.0003302162
0.0003290417
0.0003865700
0.0003050358
0.0002780988
0.0001746313
0.0003355076
0.0008826670
0.0016049343
0.0013409049
0.0014951526
0.0019174599
0.0016159271
0.0014320663
0.0017696600
0.0012732249
0.0010405148
0.0007334590
0.0005533111
0.0002236120
0.0003201554
0.0003894432
0.0003311760
0.0003102075
0.0002487272
0.0002722005
0.0002992853
0.0003288843
0.0003125798
0.0002528632
0.0002827461
0.0005801131
0.0009838128
0.0008153427
0.0007151335
0.0007736758
0.0008219380
0.0008774285
0.0009041812
0.0009133709
0.0009445930
0.0008740387
0.0004822941
-0.0000724452
-0.0002859427
-0.0004050905
-0.0006853570
-0.0006053468
-0.0005698327
-0.0006091412
-0.0006354097
-0.0006282939
-0.0006214477
-0.0007072589
-0.0008801002
-0.0009323454
-0.0008309583
-0.0011857291
-0.0011130306
-0.0011140337
-0.0014499264
-0.0018053416
-0.0020110145
-0.0021934501
-0.0020582894
-0.0020232686
-0.0021414194
-0.0022262680
-0.0022361771
-0.0020441109
-0.0016817091
-0.0015253964
-0.0016863246
-0.0017178129
-0.0016519766
-0.0015785170
-0.0015751348
-0.0017549496
-0.0021268195
-0.0022903651
-0.0021217860
-0.0020899750
-0.0021599411
-0.0021972824
-0.0022094692
-0.0021763491
-0.0021889187
-0.0023126066
-0.0025021920
-0.0025073464
-0.0025693557
-0.0028162462
-0.0027419434
-0.0025196490
-0.0022457821
-0.0022122108
-0.0021667315
-0.0017870673
-0.0014796627
-0.0012176518
-0.0011936037
-0.0014436676
-0.0017162583
-0.0017358068
-0.0018115904
-0.0021745150
-0.0022772264
-0.0021770076
-0.0021676887
-0.0022061860
-0.0022524643
-0.0023019274
-0.0022775259
-0.0020886674
-0.0016983504
-0.0014053683
-0.0011740219
-0.0012283514
-0.0012181394
-0.0011706917
-0.0013432993
-0.0017321088
-0.0019460158
-0.0021944436
-0.0021707768
-0.0021209806
-0.0021322652
-0.0020155440
-0.0018639741
-0.0019025143
-0.0013529108
-0.0012485795
-0.0019594431
-0.0020311558
-0.0014692015
-0.0016566567
-0.0022304048
-0.0022139535
-0.0018184129
-0.0011947995
-0.0008794864
-0.0010234674
-0.0010731752
-0.0010715885
-0.0012142207
-0.0012905072
-0.0008744609
-0.0008208079
-0.0009071014
-0.0009223881
-0.0011630310
-0.0016122761
-0.0016741983
-0.0016970770
-0.0012194175
-0.0012483030
-0.0011474490
-0.0008301824
-0.0008894746
-0.0003030887
0.0005144332
0.0002677809
0.0001155803
0.0001714985
-0.0000402203
-0.0003436018
-0.0002388973
-0.0004010135
-0.0006670062
-0.0003643226
-0.0005429336
-0.0001041688
-0.0002018650
-0.0003307189
-0.0000511677
0.0003935466
0.0006051265
0.0012093819
0.0014799545
0.0012536726
0.0012398169
0.0013275341
0.0013732491
0.0013885102
0.0014032523
0.0014073474
0.0013088350
0.0010761390
0.0009960500
0.0015281384
0.0013864416
0.0012960577
0.0016644728
0.0021393891
0.0019376888
0.0014921551
0.0011655515
0.0013789529
0.0014917960
0.0014565600
0.0015267487
0.0016811906
0.0016342890
0.0013200451
0.0017560911
0.0021328985
0.0019472957
0.0019487371
0.0023187775
0.0026805322
0.0025791099
0.0024085437
0.0021280834
0.0019247398
0.0021548043
0.0021074725
0.0016812158
0.0013586794
0.0016576694
0.0020689591
0.0022819616
0.0019690811
0.0016969848
0.0018067669
0.0022514157
0.0021871014
0.0020975508
0.0021594447
0.0022202796
0.0021367878
0.0017968502
0.0014908644
0.0016150785
0.0017850718
0.0020649237
0.0023632625
0.0022208261
0.0020602375
0.0018217083
0.0016120011
0.0016617912
0.0013895966
0.0010781108
0.0013197950
0.0015711526
0.0014905114
0.0010560501
0.0011690167
0.0011756507
0.0008329699
0.0005401805
0.0007040309
0.0007808543
0.0006948381
0.0006362209
0.0006325805
0.0006497878
0.0006803919
0.0007275394
0.0007259925
0.0006166953
0.0003302645
0.0000925845
0.0001681750
-0.0000758684
-0.0003922571
-0.0003756009
-0.0006530966
-0.0009794539
-0.0008436935
-0.0007674977
-0.0007953823
-0.0008435099
-0.0008705303
-0.0008598113
-0.0008143556
-0.0007617039
-0.0008555583
-0.0012806257
-0.0018516523
-0.0019516745
-0.0017763946
-0.0018124601
-0.0018110478
-0.0015091616
-0.0011095547
-0.0010740146
-0.0011951319
-0.0014552643
-0.0009992812
-0.0006265734
-0.0008585011
-0.0008785697
-0.0005257840
-0.0000973415
-0.0002986145
-0.0004228543
-0.0002747556
0.0000765606
0.0003334465
-0.0001760317
-0.0004856732
0.0000027277
0.0004601206
0.0002739684
0.0001937498
0.0002869688
0.0003092039
0.0002947142
0.0002211613
0.0001898123
0.0002550319
0.0004131995
0.0005335905
0.0003111933
-0.0003746385
0.0003828356
0.0008123747
0.0009520419
0.0004061988
-0.0001155500
0.0002994674
0.0007105799
0.0007201949
0.0000432636
0.0001154039
0.0003275186
0.0006241331
0.0009916330
0.0007851260
0.0006889334
0.0007590020
0.0008379621
0.0008830429
0.0007857341
0.0004829029
0.0002139178
0.0006164360
0.0007730968
0.0001813828
0.0002125432
0.0003614215
0.0004066604
0.0003886393
0.0000936214
-0.0004128358
-0.0005215127
-0.0005203486
0.0000166637
-0.0000670299
-0.0002632660
-0.0002336397
-0.0002062076
-0.0001540866
-0.0001770462
-0.0002042013
-0.0002526900
-0.0001494685
0.0001512395
0.0004602701
0.0000666779
-0.0000207670
0.0006952461
0.0005147181
-0.0002164579
0.0005213054
0.0005165129
0.0000659411
-0.0003292818
-0.0001629014
-0.0001232248
-0.0003894340
-0.0005105195
0.0000403393
-0.0000990391
-0.0004345198
-0.0005505053
-0.0003012272
-0.0007190931
-0.0006878814
-0.0006815335
-0.0009407714
-0.0009742781
-0.0004537341
-0.0006668349
-0.0010619820
-0.0010860267
-0.0004321553
-0.0002670198
-0.0003487310
-0.0008267730
-0.0007621257
-0.0008570983
-0.0012982888
-0.0011481362
-0.0011059488
-0.0011468872
-0.0011649481
-0.0011183727
-0.0011591241
-0.0014304310
-0.0018462743
-0.0016677597
-0.0015553163
-0.0015695801
-0.0016246101
-0.0016658472
-0.0016874241
-0.0016227370
-0.0013504331
-0.0009078353
-0.0010155997
-0.0011724933
-0.0014728093
-0.0017447526
-0.0012165910
-0.0007786821
-0.0010493611
-0.0011446791
-0.0010614443
-0.0010243087
-0.0010090797
-0.0010174331
-0.0010321886
-0.0010317454
-0.0009658712
-0.0007861754
-0.0005809656
-0.0006981939
-0.0004861015
-0.0008276882
-0.0010405538
-0.0006322666
-0.0006283203
-0.0010567224
-0.0009617464
-0.0008638952
-0.0008837810
-0.0009616087
-0.0010166070
-0.0008353738
-0.0004816665
-0.0003180991
-0.0007868301
-0.0011159718
-0.0008967690
-0.0007899362
-0.0008620144
-0.0008968436
-0.0009357941
-0.0009355501
-0.0008091634
-0.0004442640
-0.0002857468
-0.0007410899
-0.0010807094
-0.0008467675
-0.0007413014
-0.0007894620
-0.0008178950
-0.0007979962
-0.0008647251
-0.0011293724
-0.0014708696
-0.0015545629
-0.0015989229
-0.0014486323
-0.0015316563
-0.0010899668
-0.0008445677
-0.0006489285
-0.0007547953
-0.0008032266
-0.0007400513
-0.0006170043
-0.0001870921
0.0003990677
0.0005310699
0.0003432281
0.0003871299
0.0004834540
0.0005150711
0.0005203345
0.0005327641
0.0005505022
0.0005610465
0.0005805231
0.0005311874
0.0003023299
0.0000260229
-0.0000067622
-0.0003148194
-0.0004255756
0.0003618996
0.0009932729
0.0006545999
0.0004854904
0.0005563927
0.0006185057
0.0007457712
0.0010296535
0.0013069175
0.0012684263
0.0014299255
0.0014683395
0.0011216597
0.0012354523
0.0012224398
0.0008720164
0.0005692143
0.0007001102
0.0008037502
0.0007402188
0.0006966401
0.0006885173
0.0007264732
0.0007584330
0.0007396180
0.0007032148
0.0006976551
0.0007324815
0.0007607532
0.0007418372
0.0007377445
0.0007399048
0.0007464917
0.0007410819
0.0007357864
0.0007382910
0.0007780978
0.0008231427
0.0008023230
0.0006647755
0.0004542393
0.0005017076
0.0009383835
0.0008447395
0.0007527517
0.0007973790
0.0008135881
0.0008102239
0.0007539578
0.0006932965
0.0006339592
0.0006196048
0.0005863344
0.0005139625
0.0004160012
0.0003665648
0.0003791392
0.0003918968
0.0003508333
0.0003043698
0.0003780236
0.0006982463
0.0010528848
0.0008815591
0.0007777081
0.0008068773
0.0008509374
0.0008787900
0.0008837711
0.0008939195
0.0008238398
0.0006152126
0.0004365157
0.0006468741
0.0001868516
0.0002697799
0.0003062255
-0.0000658575
-0.0004593806
-0.0003374498
-0.0002291466
-0.0003411459
-0.0006653182
-0.0011341226
-0.0009996104
-0.0005175645
-0.0000544566
-0.0002986088
-0.0003636687
-0.0000909446
-0.0002943343
-0.0005080349
-0.0002111347
0.0002206157
0.0000091697
-0.0000611446
0.0003961177
0.0000330237
-0.0006252422
-0.0000950093
0.0009177849
0.0013733290
0.0005856365
-0.0004867566
-0.0007474463
-0.0006388462
-0.0006395197
-0.0004702691
-0.0005682044
-0.0007603635
-0.0002382401
0.0000653586
0.0001269324
-0.0003571519
-0.0005626446
-0.0000199702
0.0002661346
-0.0001378816
-0.0002169264
0.0001299816
-0.0001316946
-0.0001743897
0.0002672343
0.0001484982
0.0000386414
0.0001842042
0.0005285658
0.0007236880
0.0003719101
0.0002485871
0.0004067342
0.0000469731
0.0001026435
0.0002647103
0.0004292844
0.0005051904
0.0004048416
0.0006845401
0.0003356981
-0.0000116675
0.0001731372
0.0002776646
0.0002709339
0.0001226612
-0.0002253096
-0.0005311044
-0.0003589376
-0.0001783032
0.0000082179
-0.0000344886
-0.0005273356
-0.0001725769
0.0001815015
-0.0001568248
-0.0000208704
-0.0002339641
-0.0000688436
-0.0004473667
-0.0004624786
-0.0003005152
-0.0000306104
0.0003483026
0.0001454039
0.0000689102
0.0001481813
0.0002101473
0.0001607150
-0.0000632328
-0.0002428669
-0.0000145538
-0.0003959807
-0.0000854347
0.0002263193
-0.0002573278
-0.0002760770
-0.0005613704
0.0002329716
0.0000399898
0.0001897519
-0.0000785207
-0.0002601893
0.0003816581
0.0002931560
0.0001660936
0.0002021768
0.0004690028
0.0006449953
0.0003640948
0.0008463449
0.0009106473
0.0007283670
0.0004542328
0.0000713496
0.0002833474
0.0003584123
0.0002953796
0.0002254459
0.0002378856
0.0003175406
0.0003875406
0.0001823412
-0.0003460228
-0.0007875502
-0.0000514196
-0.0000545998
-0.0002558905
-0.0002861447
-0.0002976177
-0.0002635322
-0.0001742759
0.0000174283
0.0000520166
-0.0003754605
0.0000337010
0.0004629444
-0.0000184051
-0.0002452048
0.0004359964
0.0007240410
0.0009395652
0.0007630309
0.0006580521
0.0007971002
0.0011066222
0.0015082335
0.0014089769
0.0015583513
0.0016794310
0.0011863162
0.0012663126
0.0014665249
0.0016184248
0.0017312453
0.0014914017
0.0019877661
0.0019124433
0.0015334492
0.0011690278
0.0012949701
0.0013958749
0.0014394777
0.0016714938
0.0019695304
0.0017683082
0.0017598190
0.0021702341
0.0026259449
0.0023660710
0.0019345166
0.0017091590
0.0022030490
0.0023943809
0.0014806574
0.0011017184
0.0011595054
0.0007969438
0.0005338097
0.0001767837
0.0003154226
0.0004181592
0.0002926941
-0.0000254384
-0.0004100502
-0.0002386168
-0.0001441815
-0.0001673500
-0.0002004402
-0.0003113331
-0.0005409197
-0.0006142206
-0.0000851883
-0.0002262032
-0.0003122818
0.0000768520
0.0005531635
0.0003109334
-0.0001300529
-0.0004322692
-0.0002160763
-0.0001324692
-0.0002536397
-0.0002402267
0.0000321321
0.0004513213
0.0003322047
0.0003142060
0.0002707491
-0.0000096691
-0.0003126394
0.0000669012
0.0002722862
-0.0000600247
0.0003905300
0.0003500652
0.0002999827
0.0003559263
0.0002746846
0.0000710358
-0.0000816455
0.0002800800
-0.0000005965
0.0000701711
-0.0002933572
0.0001222728
0.0005837611
0.0000184957
-0.0005165469
-0.0002221031
0.0002508969
0.0005234532
0.0000674868
-0.0002288800
0.0001635095
0.0000309513
0.0004422884
0.0003603958
0.0003265450
0.0005953249
0.0006774277
0.0002241246
0.0005779471
0.0010940003
0.0008890501
0.0007597157
0.0007837210
0.0009605597
0.0012183207
0.0012061725
0.0004299502
0.0005027746
0.0011250805
0.0007025455
0.0001734134
0.0003495797
0.0004719231
0.0004633751
0.0003915874
0.0003668630
0.0002994122
0.0001979174
0.0003039434
0.0006949892
-0.0000728677
0.0003829327
0.0005845512
0.0006987136
0.0007971074
0.0002033683
0.0003244619
0.0005145396
0.0005721992
0.0004708465
0.0001579416
-0.0002062587
-0.0000427993
0.0000455352
0.0000237477
0.0000263255
-0.0000574656
-0.0003712476
-0.0007469055
-0.0005091385
-0.0003594105
-0.0005241316
-0.0008876118
-0.0011759012
-0.0007006636
-0.0003481493
-0.0008055254
-0.0009974249
-0.0003902222
-0.0003841833
-0.0005812015
-0.0007838609
-0.0009154268
-0.0007028706
-0.0009486188
-0.0007900857
-0.0006173753
-0.0010953605
-0.0011921057
-0.0010064238
-0.0006881873
-0.0003701194
-0.0007240685
-0.0012367858
-0.0011552861
-0.0009147079
-0.0006985771
-0.0006404134
-0.0011313741
-0.0011862454
-0.0009633912
-0.0007434357
-0.0006793211
-0.0011402884
-0.0011793713
-0.0010413458
-0.0010253279
-0.0010478192
-0.0010701406
-0.0010738911
-0.0010878252
-0.0010976708
-0.0010593375
-0.0008986792
-0.0007477717
-0.0009400115
-0.0006317557
-0.0004867903
-0.0003765478
-0.0002449339
-0.0006355065
-0.0007218420
-0.0008375701
-0.0009280201
-0.0005296137
-0.0006357998
-0.0010007042
-0.0011543927
-0.0018163000
-0.0014796585
-0.0006698568
-0.0004310443
-0.0007204072
-0.0008050114
-0.0003981659
0.0002281890
0.0002816820
-0.0001695228
0.0000153766
0.0002863947
-0.0000916877
-0.0001568640
-0.0000233843
0.0000256865
-0.0000576981
-0.0003794988
-0.0007098197
-0.0003727002
0.0001156573
-0.0000308794
-0.0003194718
-0.0004014039
-0.0002223731
-0.0007907561
-0.0012351937
-0.0010893366
-0.0010478459
-0.0012852228
-0.0014901351
-0.0010971515
-0.0010220876
-0.0011258553
-0.0011666365
-0.0011109502
-0.0008081294
-0.0005035704
-0.0007420701
-0.0009762809
-0.0006848388
-0.0006550431
-0.0008766342
-0.0006463927
-0.0006559013
-0.0010506093
-0.0010144899
-0.0007624347
-0.0008158127
-0.0004713827
0.0000369048
0.0000257067
-0.0001501423
-0.0002646686
-0.0003446367
-0.0002263865
-0.0004810340
-0.0005765183
-0.0005089079
-0.0007146103
-0.0010801048
-0.0010900307
-0.0008130569
-0.0007191107
-0.0010534026
-0.0010641442
-0.0006091726
-0.0004522235
-0.0003703860
-0.0002049642
-0.0005268889
-0.0009583149
-0.0011463759
-0.0007506858
0.0000387491
0.0001025297
-0.0001895441
-0.0001895699
-0.0000572921
-0.0000308864
-0.0002119753
-0.0003943340
-0.0001189357
0.0000377799
-0.0000961066
-0.0001060756
0.0000938628
0.0003214062
0.0001805086
0.0001012379
-0.0000433604
0.0000493011
0.0005040710
0.0005756563
0.0004287012
0.0004050967
0.0004371257
0.0004502907
0.0004933558
0.0006384841
0.0008052745
0.0007081263
0.0008906689
0.0010578563
0.0009812417
0.0009831286
0.0010420873
0.0010198439
0.0007924900
0.0004796362
0.0006141510
0.0009084407
0.0006405105
0.0003930930
0.0002760638
-0.0000193957
-0.0000189264
0.0002445255
0.0003396248
0.0000051283
0.0000393685
0.0005595565
0.0006406150
0.0002857849
-0.0000803983
-0.0000570565
0.0001018455
0.0000709471
-0.0000216310
-0.0000062130
0.0002406767
0.0005692446
0.0003996100
-0.0000356616
0.0000817918
0.0003985851
0.0002028472
0.0001751229
0.0004041838
0.0001305826
-0.0000566961
0.0000738787
0.0001545660
0.0000960962
-0.0001586095
-0.0004796580
-0.0003126121
0.0001651462
0.0002174597
0.0000464552
0.0000223571
0.0000692422
0.0001029436
0.0001065136
0.0001005473
0.0000940334
0.0000926853
0.0000930993
0.0001084343
0.0001352617
0.0001496869
0.0001489389
0.0001376222
0.0000995137
0.0001496170
0.0003500249
0.0004986073
0.0001763122
-0.0000056286
0.0001444796
0.0002466737
0.0001569688
-0.0000839202
-0.0002386923
0.0000846442
0.0002838704
0.0001619487
0.0000395781
-0.0001084710
-0.0002088775
0.0001073167
0.0002421843
-0.0000670827
-0.0002813790
0.0000356422
0.0002472907
0.0001143031
0.0000453523
0.0000699893
0.0001188272
0.0001460762
0.0000948972
-0.0000927557
-0.0002521991
0.0000194423
0.0002447724
0.0003120933
0.0004048477
0.0001372080
0.0001106112
0.0005715219
0.0006589298
0.0002907459
0.0002726925
0.0004039046
0.0003437714
0.0003954652
0.0004819442
0.0007305258
0.0006514036
0.0005768984
0.0006225468
0.0008012025
0.0011644597
0.0012722111
0.0011466161
0.0011389847
0.0011927895
0.0012443724
0.0012712906
0.0011663581
0.0009412552
0.0008124833
0.0006232195
0.0004894742
0.0006997144
0.0004760797
0.0005763206
0.0009120993
0.0007971789
0.0005502643
0.0002597821
0.0002812721
0.0006312363
0.0004973598
0.0001079374
0.0000607435
-0.0000023452
0.0001516765
0.0002929577
-0.0001390400
-0.0003936472
-0.0003812268
-0.0005191172
-0.0004123857
-0.0001638966
-0.0001133256
0.0001874495
0.0003575676
0.0000942376
-0.0002197700
-0.0002146898
0.0001003436
0.0000026051
-0.0001949214
0.0000412892
-0.0000370709
-0.0002975922
-0.0002277215
-0.0003409911
-0.0006680602
-0.0007089156
-0.0004192399
-0.0005303361
-0.0007256265
-0.0004571055
-0.0005549873
-0.0008747848
-0.0008038167
-0.0007566570
-0.0007420521
-0.0006011248
-0.0004313070
-0.0006054305
-0.0009094985
-0.0007951743
-0.0007144692
-0.0007346629
-0.0007597462
-0.0007737515
-0.0007738517
-0.0007703108
-0.0007541598
-0.0007249018
-0.0007146359
-0.0007437172
-0.0007686182
-0.0007289207
-0.0005641281
-0.0003821633
-0.0005657775
-0.0008716436
-0.0007409504
-0.0006239408
-0.0006364847
-0.0007370848
-0.0010542757
-0.0013074816
-0.0012137599
-0.0011575259
-0.0009780293
-0.0005191455
-0.0003578188
-0.0008460053
-0.0004645789
0.0001249152
0.0002114969
0.0001740089
-0.0000518716
0.0001678443
0.0002135071
0.0005587225
0.0003510407
0.0000330685
0.0001170958
0.0005745955
0.0005006708
0.0003794622
0.0003925936
0.0003863348
0.0004087351
0.0005032339
0.0007333806
0.0008148134
0.0006096544
0.0006457073
0.0002933472
0.0003441202
0.0005701257
0.0008665879
0.0010923007
0.0007594785
0.0005317101
0.0006629502
0.0011294225
0.0009328483
0.0005171309
0.0002656062
0.0004262540
0.0004298110
0.0001905672
0.0000709826
0.0002327671
0.0000411605
0.0001770665
0.0001784569
0.0005025031
0.0003263335
0.0000291255
0.0000991334
0.0004241484
0.0001794770
0.0001345532
0.0004776231
0.0000258436
-0.0003234778
-0.0001078472
0.0000047849
-0.0001685450
-0.0005559445
-0.0008432583
-0.0005365524
-0.0002429513
-0.0003145911
-0.0007725327
-0.0006598105
-0.0006163951
-0.0008648486
-0.0009809671
-0.0007878447
-0.0008316471
-0.0004760525
-0.0005130416
-0.0006913664
-0.0009895373
-0.0013802555
-0.0014035935
-0.0012765498
-0.0008687471
-0.0009879361
-0.0012292355
-0.0015426752
-0.0017691893
-0.0014621640
-0.0011852897
-0.0011658755
-0.0014319810
-0.0013891982
-0.0015946409
-0.0011903550
-0.0008254896
-0.0010471874
-0.0011095926
-0.0009658467
-0.0007453016
-0.0007725243
-0.0010473725
-0.0007407882
-0.0006562111
-0.0011063691
-0.0010511432
-0.0009522083
-0.0009222218
-0.0009608171
-0.0010159990
-0.0010313779
-0.0008999810
-0.0005660888
-0.0003160807
-0.0005091232
-0.0004518544
-0.0001592895
-0.0000550800
-0.0002842127
-0.0002163004
-0.0004090119
-0.0001483160
-0.0000977244
-0.0005663821
-0.0004528029
-0.0002569928
-0.0000929106
-0.0001531064
-0.0004638336
-0.0001699868
-0.0000109968
-0.0001898162
0.0001473678
0.0002280923
0.0004774522
0.0007854186
0.0006439157
0.0005991878
0.0007032113
0.0006781934
0.0003538838
-0.0000781775
-0.0001090218
0.0000378822
0.0002941710
-0.0000644424
-0.0001265371
0.0003067035
0.0002263720
0.0002666274
0.0005924636
0.0008240697
0.0006791314
0.0007618871
0.0011355666
0.0013225343
0.0009523937
0.0008651205
0.0012218895
0.0011104067
0.0009957323
0.0002971418
0.0001547028
0.0007155155
0.0010475339
0.0008478903
0.0007122037
0.0006358136
0.0004761401
0.0005658069
0.0009683432
0.0008103440
0.0007126657
0.0008910414
0.0011142719
0.0010438247
0.0005640397
0.0007899297
0.0012320942
0.0013470153
0.0008529161
0.0006894172
0.0010428583
0.0010533926
0.0006932109
0.0007570318
0.0007176896
0.0003938185
0.0001101170
0.0001917042
0.0002257818
0.0003128911
0.0005892868
0.0007787907
0.0006300015
0.0007159496
0.0009736896
0.0010044566
0.0010173313
0.0011064295
0.0007341994
0.0005591275
0.0007107272
0.0005520025
0.0001797528
0.0001747061
0.0006560627
0.0006965701
0.0001663991
-0.0000653357
0.0001169031
0.0001921913
0.0001815486
0.0001496038
0.0000085175
-0.0002985802
-0.0005013244
-0.0004970324
-0.0004926406
-0.0001780788
-0.0000576584
-0.0004518235
-0.0003880221
-0.0002948626
-0.0004597986
-0.0007642023
-0.0007624986
-0.0003012378
-0.0001133271
-0.0002861308
-0.0003065582
-0.0002163628
-0.0001729619
-0.0001837604
-0.0002096929
-0.0001847958
0.0000137087
0.0003804185
0.0003983652
-0.0000889749
-0.0002719053
-0.0000620924
-0.0000117239
-0.0000531330
0.0000433772
0.0002634144
0.0002789632
0.0001832591
0.0001327331
-0.0000745570
0.0000130636
0.0000533916
-0.0000195152
-0.0000273262
0.0001532307
0.0005017726
0.0005098342
0.0000285297
-0.0002603416
-0.0002630440
-0.0002457592
-0.0003635825
-0.0005169167
0.0000206621
0.0004481571
0.0001099588
-0.0002933465
-0.0001404526
0.0000965545
0.0002479535
0.0002103348
0.0002647220
0.0005338498
0.0003169087
-0.0001105914
-0.0002835719
-0.0000144342
0.0003444833
0.0005130626
0.0005025447
0.0004725158
0.0000061759
-0.0004357868
-0.0001666511
0.0000549522
0.0001174122
-0.0001148251
-0.0002631499
0.0002081813
0.0004331821
0.0000926941
-0.0001938232
-0.0000248943
0.0003656829
0.0005952109
0.0010064586
0.0009624504
0.0005371326
0.0006493282
0.0007765665
0.0007712148
0.0007577110
0.0007669925
0.0007705399
0.0006334376
0.0003309794
0.0001660492
0.0002490787
0.0002502257
0.0003795180
0.0008336265
0.0012130229
0.0010582812
0.0008983377
0.0008825094
0.0007318922
0.0009113177
0.0009987236
0.0007865941
0.0002736685
-0.0002134133
-0.0002013989
-0.0000114174
-0.0000190009
-0.0001162012
-0.0001611201
-0.0001448127
-0.0000509411
0.0001320530
0.0003120827
0.0001098541
-0.0001829166
0.0001180344
0.0005899403
0.0007454611
0.0004045452
0.0000015418
0.0000308205
0.0002450452
0.0002665675
0.0001822600
0.0001627064
0.0002414595
0.0004815185
0.0007616630
0.0006070941
0.0003690603
0.0008537315
0.0012994797
0.0011987359
0.0012967423
0.0010639285
0.0002892242
0.0001794035
0.0004521562
0.0004774939
0.0003794870
0.0003030434
0.0002690567
0.0003367324
0.0005535245
0.0007503913
0.0004244574
0.0000192674
-0.0002685483
-0.0002735288
0.0000346024
0.0003744478
0.0003568398
0.0001959332
0.0001940906
0.0002003718
0.0000740333
-0.0000939008
-0.0000306787
-0.0001932092
-0.0003906363
-0.0005696209
-0.0009466137
-0.0009330265
-0.0008447161
-0.0008801055
-0.0009416395
-0.0009563411
-0.0009753206
-0.0009419298
-0.0009115031
-0.0009998728
-0.0012971389
-0.0016277460
-0.0013315756
-0.0008760384
-0.0009585730
-0.0010829997
-0.0010874397
-0.0010994303
-0.0011340258
-0.0009871598
-0.0004753584
-0.0000242073
-0.0007874152
-0.0013183907
-0.0011016538
-0.0009313985
-0.0009319832
-0.0010302275
-0.0011152800
-0.0010658904
-0.0007716990
-0.0003732432
-0.0004983204
-0.0008043842
-0.0009263237
-0.0005817862
-0.0006498024
-0.0005026927
0.0002555374
-0.0002800457
-0.0008244601
-0.0005168135
-0.0004329262
-0.0007972092
-0.0012862978
-0.0010793759
-0.0007048734
-0.0003877685
-0.0006555590
-0.0007085450
-0.0002973764
0.0001128001
-0.0000834751
-0.0001756757
-0.0001188571
-0.0000758553
-0.0000312141
-0.0000292290
-0.0001279962
-0.0003892715
-0.0005285704
-0.0001873673
-0.0003958519
0.0000000015
0.0000346343
0.0001318966
0.0002460088
-0.0002631806
-0.0001176708
-0.0000301207
-0.0000912649
-0.0000508734
0.0002381604
0.0005949769
0.0003934525
0.0003952262
0.0007772144
0.0011043242
0.0006978788
0.0005145560
0.0011349329
0.0010815347
0.0009623640
0.0010130252
0.0010701605
0.0010433111
0.0010350167
0.0010397431
0.0010508518
0.0011622520
0.0013782290
0.0013412709
0.0009599115
0.0010656250
0.0010458145
0.0006973763
0.0004062187
0.0007088150
0.0010187138
0.0008056447
-0.0000133980
-0.0002257056
0.0001418310
0.0004646248
0.0006843179
0.0006491308
0.0008041299
0.0007686403
0.0002512200
0.0002870390
0.0006969915
0.0010708898
0.0003828222
0.0000184589
-0.0000235140
0.0003318697
0.0004790297
0.0002893957
0.0005123865
0.0002884122
0.0003152166
0.0006316589
0.0001404501
-0.0003991637
-0.0001767328
0.0001964459
-0.0002464998
-0.0005495572
-0.0001573683
-0.0000959802
-0.0004740777
-0.0002292454
-0.0000481714
-0.0001530278
0.0002254768
0.0001415282
0.0000691765
0.0001353499
0.0001816349
0.0000898721
-0.0002177017
-0.0004296852
-0.0003365024
-0.0002722986
-0.0001002816
0.0002128273
0.0001857419
-0.0002740895
-0.0004172926
-0.0002069008
-0.0001406225
-0.0001917407
-0.0003296597
-0.0005268399
-0.0005129016
-0.0003904027
-0.0003136525
-0.0000980692
-0.0001886177
-0.0002189646
-0.0000384428
0.0001543339
0.0000292987
-0.0001342637
0.0001818142
0.0002450434
0.0001170406
0.0000383641
-0.0002081763
-0.0001280408
-0.0000437313
-0.0000741397
-0.0000972868
-0.0000944775
-0.0000850442
-0.0000674065
-0.0000569816
-0.0001211276
-0.0002538564
-0.0002758676
0.0001082992
0.0002470545
-0.0003043971
-0.0006199578
-0.0006817618
-0.0005573289
-0.0005686969
-0.0006192270
-0.0004799609
-0.0002567871
-0.0004252471
-0.0012075401
-0.0013733856
-0.0010983186
-0.0010598388
-0.0011412674
-0.0011954879
-0.0012115617
-0.0012060326
-0.0011521073
-0.0009802505
-0.0007473178
-0.0004294393
0.0000980431
-0.0002660496
-0.0007455922
-0.0007903239
-0.0002150489
0.0001341132
-0.0002484091
-0.0005447356
-0.0004669419
-0.0000076166
-0.0002180422
-0.0005111012
-0.0004645223
-0.0001480748
-0.0004090892
-0.0005372825
-0.0003701834
-0.0008379755
-0.0011423562
-0.0013541778
-0.0012174266
-0.0010785533
-0.0009554268
-0.0009170120
-0.0010367858
-0.0006617781
-0.0007291242
-0.0007906551
-0.0006317063
-0.0004176185
-0.0004814883
-0.0009213399
-0.0007442847
-0.0003257487
-0.0000519377
-0.0002372881
-0.0003540769
-0.0003083415
-0.0002121588
-0.0000751166
0.0000225737
-0.0002159453
-0.0007183030
-0.0005226156
-0.0008144654
-0.0007889847
-0.0006487312
-0.0003951035
-0.0001188247
-0.0003030608
-0.0003504588
-0.0001666882
0.0002157362
0.0003942541
-0.0000937977
-0.0004346934
-0.0002184323
-0.0001288040
-0.0001861318
-0.0002342486
-0.0002134657
-0.0001737200
-0.0003040162
-0.0005908440
-0.0006999328
-0.0003584861
-0.0004672988
-0.0011429283
-0.0010675956
-0.0005703915
-0.0005917137
-0.0003809703
0.0000308492
0.0000897365
-0.0000137177
-0.0003039127
0.0001432655
0.0006638573
0.0006568945
0.0005889212
0.0006138730
0.0013341191
0.0016863740
0.0017022084
0.0017047037
0.0013879679
0.0014304612
0.0011422973
0.0005566011
0.0003469388
0.0002261064
-0.0002062130
-0.0004178949
-0.0002496143
0.0005400382
0.0010290221
0.0010685624
0.0008391078
0.0006700044
0.0006407557
0.0008723709
0.0010634011
0.0001686592
-0.0006591642
-0.0007603979
-0.0008571236
-0.0011066062
-0.0008582812
-0.0002181177
0.0003178497
0.0003991893
0.0004197382
-0.0002554207
-0.0008808417
-0.0004345313
0.0000758244
-0.0000978916
-0.0002870208
-0.0005857600
-0.0000726647
0.0005680900
0.0003882202
0.0005105275
0.0006211380
0.0008596006
0.0008999749
0.0006370087
0.0002327471
-0.0001472136
0.0000820056
0.0001719398
0.0000883336
0.0000255656
0.0000054673
0.0001425918
0.0004456109
0.0006068994
0.0006640371
0.0011076479
0.0013887981
0.0009645916
0.0006774423
0.0006625487
0.0001518811
-0.0000098492
0.0000151408
-0.0001846836
-0.0002276533
-0.0001537891
-0.0001087204
0.0000938455
0.0000605143
0.0001541171
0.0003577626
0.0002194825
-0.0000897105
-0.0000996304
-0.0001826484
-0.0001995142
-0.0002837791
-0.0005762411
-0.0004790377
-0.0002671580
0.0000039649
0.0000102101
-0.0003008543
-0.0001936199
0.0001069575
0.0000253380
0.0001207162
0.0005213720
0.0007370630
0.0004460416
-0.0000753735
-0.0004968642
-0.0004692197
-0.0003213125
-0.0004121746
-0.0004997113
-0.0003003641
0.0001963947
0.0003635970
-0.0002816332
-0.0006121769
0.0000246949
0.0003464320
0.0002987813
0.0005169022
0.0006913492
0.0005984034
0.0006032855
0.0007021073
0.0007536523
0.0006283891
0.0002700858
-0.0000761040
-0.0002646964
-0.0002423836
0.0002022258
0.0004992077
0.0004970294
0.0004295154
0.0005183650
0.0008485645
0.0007869563
0.0007327966
0.0007857907
0.0008118259
0.0007028878
0.0003967571
0.0002031408
0.0001572238
-0.0001677524
-0.0003233849
-0.0001813461
0.0000339717
0.0001647174
-0.0002260497
-0.0005848812
-0.0005862511
-0.0002163414
-0.0000946701
-0.0002380846
-0.0001043209
0.0002589536
0.0003543919
0.0002682256
0.0002314234
0.0001097946
-0.0000570206
0.0000560813
0.0000824007
0.0002462547
0.0003466008
0.0002322798
0.0002611138
0.0004667974
0.0006507420
0.0003989109
0.0002412932
0.0001475971
-0.0003469668
-0.0007764828
-0.0007351684
-0.0006143201
-0.0006491132
-0.0007229553
-0.0007724371
-0.0007846426
-0.0007088915
-0.0005109306
-0.0003945616
-0.0008109215
-0.0011033559
-0.0009541166
-0.0013338189
-0.0016675509
-0.0010631843
-0.0003881823
-0.0003084040
-0.0003740468
0.0002082336
0.0005037096
0.0001780163
-0.0002113788
-0.0004030541
-0.0005465491
-0.0005495167
-0.0006687933
-0.0012815022
-0.0017988216
-0.0017547790
-0.0013930064
-0.0008959751
-0.0005898386
-0.0006336678
-0.0004935768
-0.0001552558
-0.0003695998
-0.0007789276
-0.0003432301
-0.0003278150
-0.0008039693
-0.0011284091
-0.0011577275
-0.0010697334
-0.0010631262
-0.0009241297
-0.0006137078
-0.0005470527
-0.0006799120
-0.0005175229
-0.0000882295
0.0001048395
-0.0001982893
-0.0005847386
-0.0006953903
-0.0004935585
-0.0004229342
-0.0005329354
-0.0007392497
-0.0009007313
-0.0007168253
-0.0005295257
-0.0008396249
-0.0009371766
-0.0008457181
