-0.0001460349
-0.0001422527
-0.0001407273
-0.0001441742
-0.0001522776
-0.0001585773
-0.0001571633
-0.0001422218
-0.0001168293
-0.0000925036
-0.0000674730
-0.0000326781
0.0000115404
0.0000504130
0.0000684325
0.0000360087
-0.0000400005
-0.0001322044
-0.0002471253
-0.0003309320
-0.0003429476
-0.0003714827
-0.0004283517
-0.0005010076
-0.0006193969
-0.0007917123
-0.0009459027
-0.0010182185
-0.0009946174
-0.0008446536
-0.0005894008
-0.0003844549
-0.0003254504
-0.0003743158
-0.0004539425
-0.0005579429
-0.0007286838
-0.0009946665
-0.0012791187
-0.0015246418
-0.0015870586
-0.0013283264
-0.0006497848
0.0004742929
0.0018727765
0.0032783868
0.0045190304
0.0054338089
0.0058802793
0.0059132926
0.0055982567
0.0048273668
0.0037786569
0.0026778385
0.0018114252
0.0013267709
0.0009787608
0.0007849998
0.0007493634
0.0009369978
0.0013636261
0.0017502880
0.0017227939
0.0009760274
-0.0006717972
-0.0028962521
-0.0052369026
-0.0071165081
-0.0084415834
-0.0093022345
-0.0100186409
-0.0107660023
-0.0109914944
-0.0105251208
-0.0091613976
-0.0067943418
-0.0039081945
-0.0012138892
0.0010142296
0.0026963549
0.0037828970
0.0043345968
0.0045884160
0.0044127925
0.0038863906
0.0032735690
0.0029294439
0.0032227384
0.0041323820
0.0056407999
0.0071392905
0.0083305094
0.0091203428
0.0092866426
0.0087767474
0.0076855843
0.0058310443
0.0032837182
0.0001098833
-0.0033596307
-0.0059394865
-0.0073097405
-0.0073319792
-0.0070218170
-0.0064621394
-0.0051597191
-0.0029996993
-0.0000866412
0.0025813580
0.0047346290
0.0061558799
0.0068328923
0.0069942510
0.0070113987
0.0067761893
0.0065155021
0.0060155978
0.0048942482
0.0027813819
-0.0004405602
-0.0042563487
-0.0075247430
-0.0098445245
-0.0108977218
-0.0112542811
-0.0111572469
-0.0106888751
-0.0103726396
-0.0101861554
-0.0098186004
-0.0096267627
-0.0099969082
-0.0109217676
-0.0117592465
-0.0121112357
-0.0115545273
-0.0097891562
-0.0068895015
-0.0028114872
0.0018900711
0.0065698581
0.0109022468
0.0144615000
0.0169888910
0.0185030223
0.0194719957
0.0200781453
0.0200142707
0.0192111360
0.0178620637
0.0159353563
0.0133644061
0.0102456663
0.0065509222
0.0026713213
-0.0007846482
-0.0035251834
-0.0055739298
-0.0067612797
-0.0074407364
-0.0078402099
-0.0082919252
-0.0089985805
-0.0099043540
-0.0108151924
-0.0117840683
-0.0126090706
-0.0134292630
-0.0138860693
-0.0135310433
-0.0125019030
-0.0103168364
-0.0072158966
-0.0037157011
0.0000202719
0.0034652084
0.0064393271
0.0086613696
0.0100472829
0.0108916635
0.0113825178
0.0109826019
0.0094638519
0.0075474166
0.0054956366
0.0038597056
0.0027200269
0.0019464535
0.0018449011
0.0020460906
0.0020131617
0.0018487903
0.0013429983
0.0004774165
-0.0003224539
-0.0011582363
-0.0020992590
-0.0032013285
-0.0043211381
-0.0054264609
-0.0060420017
-0.0062230874
-0.0058751020
-0.0050197032
-0.0034352119
-0.0013214575
0.0015394468
0.0045878836
0.0073914864
0.0088901120
0.0091361746
0.0091586758
0.0088826291
0.0083023435
0.0071251382
0.0054714221
0.0035073560
0.0018511682
0.0007075982
-0.0001759402
-0.0012435040
-0.0027364260
-0.0048729691
-0.0078397376
-0.0114315691
-0.0153759636
-0.0191329103
-0.0219516289
-0.0237197405
-0.0240724871
-0.0224650369
-0.0191726043
-0.0146934928
-0.0091783428
-0.0030489973
0.0030489362
0.0081727759
0.0117022211
0.0143192384
0.0158982678
0.0167454190
0.0173401868
0.0180867235
0.0190637121
0.0202223713
0.0215259314
0.0225332603
0.0229624293
0.0226068860
0.0215366346
0.0197523237
0.0173887882
0.0137311325
0.0082712872
0.0015776412
-0.0042325166
-0.0096907686
-0.0147929975
-0.0192755805
-0.0231459144
-0.0259203615
-0.0271923179
-0.0274236771
-0.0269487033
-0.0256437974
-0.0233753391
-0.0202548110
-0.0164231514
-0.0123675705
-0.0086702358
-0.0052682476
-0.0028385497
-0.0010066927
0.0007593060
0.0028024837
0.0050409710
0.0074373923
0.0099995699
0.0122026802
0.0139598225
0.0154481272
0.0166275294
0.0173997427
0.0173203473
0.0168478666
0.0153915217
0.0133075495
0.0103943310
0.0068451401
0.0029856804
-0.0009359875
-0.0035759911
-0.0051655750
-0.0061010552
-0.0060086060
-0.0051997692
-0.0041647092
-0.0028137973
-0.0013401644
-0.0001315272
0.0002774429
-0.0001895116
-0.0016365935
-0.0038752000
-0.0063045672
-0.0089842820
-0.0108968333
-0.0113520988
-0.0107741751
-0.0096005200
-0.0081284070
-0.0065063209
-0.0043316651
-0.0022797265
-0.0005233682
0.0009381836
0.0020931175
0.0035087975
0.0050067355
0.0061301283
0.0070488507
0.0075111905
0.0076012216
0.0074714853
0.0070502903
0.0065250244
0.0059343017
0.0052572856
0.0047658840
0.0047791890
0.0052341696
0.0054459967
0.0049777749
0.0042408055
0.0032861047
0.0018478699
0.0000808084
-0.0020388877
-0.0046908487
-0.0069898010
-0.0083889518
-0.0088761996
-0.0083247060
-0.0068123067
-0.0041949295
-0.0008291801
0.0031887144
0.0074195698
0.0111255945
0.0134352726
0.0147452658
0.0151464864
0.0146250369
0.0132661760
0.0107605814
0.0069673222
0.0029454894
-0.0010214407
-0.0044009271
-0.0071166618
-0.0094150143
-0.0106294392
-0.0105578717
-0.0095087119
-0.0079556140
-0.0062948311
-0.0045406206
-0.0030755455
-0.0024254724
-0.0030502907
-0.0048656811
-0.0069976550
-0.0089229491
-0.0101415316
-0.0101842922
-0.0086174431
-0.0050141922
0.0003291132
0.0069849648
0.0133269915
0.0192875247
0.0237459382
0.0264731935
0.0269236153
0.0251554137
0.0214392743
0.0164223791
0.0111434508
0.0058500402
0.0007772789
-0.0034771214
-0.0055137703
-0.0063908531
-0.0060793862
-0.0052007626
-0.0042564124
-0.0034160274
-0.0032326420
-0.0038015218
-0.0052417462
-0.0076134020
-0.0100981862
-0.0124691746
-0.0144452895
-0.0156313311
-0.0159863570
-0.0148163272
-0.0120817127
-0.0081172052
-0.0041681433
-0.0007815058
0.0023277491
0.0050300840
0.0070055541
0.0083052039
0.0089359017
0.0088071327
0.0082120125
0.0071147199
0.0059078716
0.0047018144
0.0034583872
0.0017547763
0.0003371100
-0.0004136869
-0.0009101857
-0.0009271313
-0.0005600859
-0.0000577802
0.0005140974
0.0008161874
0.0004231561
-0.0008121310
-0.0028549300
-0.0053769972
-0.0081984975
-0.0107521275
-0.0134340954
-0.0161256269
-0.0185168222
-0.0206937686
-0.0225019491
-0.0243982974
-0.0262933374
-0.0277752765
-0.0294214009
-0.0310398356
-0.0328109727
-0.0342466083
-0.0354586302
-0.0365864842
-0.0377715361
-0.0390061416
-0.0402790614
-0.0415291501
-0.0428319116
-0.0438890417
-0.0446582895
-0.0452032375
-0.0453984080
-0.0449678407
-0.0432225151
-0.0395000288
-0.0332343308
-0.0235991029
-0.0118015459
0.0013651351
0.0145436658
0.0263600163
0.0381567036
0.0519639511
0.0658882785
0.0766792676
0.0836119833
0.0871218290
0.0894998279
0.0932201774
0.0984519177
0.1043467729
0.1103634691
0.1155937848
0.1205199478
0.1248691093
0.1273321346
0.1259989690
0.1191271739
0.1063771689
0.0909149081
0.0741455746
0.0573281044
0.0418405382
0.0285838209
0.0163642028
0.0036680474
-0.0111539291
-0.0307737798
-0.0557175538
-0.0811490705
-0.1048930330
-0.1250402865
-0.1332476465
-0.1370541469
-0.1394979401
-0.1417040870
-0.1439992341
-0.1451528623
-0.1456280797
-0.1456450999
-0.1452117958
-0.1434509121
-0.1384204532
-0.1268285751
-0.1064239558
-0.0786119659
-0.0494419923
-0.0196152208
0.0109789804
0.0384295900
0.0590171582
0.0753457272
0.0930620090
0.1117121928
0.1298777493
0.1465348767
0.1584681346
0.1645036505
0.1629102701
0.1562898798
0.1491329392
0.1425806300
0.1351526025
0.1241180064
0.1062853195
0.0848605349
0.0673998567
0.0549579408
0.0470787267
0.0391461650
0.0289162668
0.0142827049
-0.0058762717
-0.0278887198
-0.0523581162
-0.0801023625
-0.1038480870
-0.1208752736
-0.1351592382
-0.1466602417
-0.1555736047
-0.1649301690
-0.1750000469
-0.1822808529
-0.1820738731
-0.1727665326
-0.1527371836
-0.1219985727
-0.0927345004
-0.0693208208
-0.0464058644
-0.0232741286
0.0010362641
0.0234622361
0.0398331983
0.0513267789
0.0612213556
0.0700066169
0.0752094527
0.0768009212
0.0755618544
0.0713847699
0.0648678132
0.0576428291
0.0511598005
0.0479040964
0.0482629838
0.0508920877
0.0547945613
0.0589461530
0.0616724298
0.0625187936
0.0615563247
0.0587347120
0.0538594223
0.0471520937
0.0394918186
0.0314261953
0.0239363476
0.0179084457
0.0128236195
0.0077949976
0.0025055118
-0.0027121050
-0.0074086041
-0.0116785915
-0.0150079250
-0.0167581842
-0.0169874514
-0.0162714387
-0.0149363088
-0.0132705473
-0.0121803665
-0.0127268965
-0.0147721121
-0.0179720092
-0.0221160917
-0.0264868060
-0.0292629401
-0.0293461894
-0.0276111248
-0.0252249455
-0.0227581488
-0.0212167327
-0.0208489378
-0.0216144817
-0.0233703643
-0.0261078954
-0.0294494206
-0.0328124947
-0.0354311091
-0.0371953218
-0.0374201766
-0.0348117219
-0.0286853500
-0.0192990490
-0.0081859197
0.0021400465
0.0106517117
0.0171393103
0.0225678257
0.0275495669
0.0316353944
0.0342637411
0.0357003777
0.0369345596
0.0383159967
0.0396382527
0.0408009908
0.0418637443
0.0430419280
0.0440783638
0.0447168482
0.0441500064
0.0421825928
0.0388469985
0.0345272475
0.0289605720
0.0223283950
0.0149513758
0.0072542334
-0.0000977427
-0.0071828983
-0.0144980373
-0.0219435274
-0.0286553209
-0.0346752262
-0.0406932833
-0.0457261791
-0.0501798239
-0.0538254567
-0.0562602899
-0.0576456408
-0.0579911444
-0.0569321024
-0.0538005262
-0.0483022353
-0.0408099133
-0.0325605275
-0.0244805045
-0.0157341012
-0.0066257176
0.0012479638
0.0085685830
0.0147837413
0.0203853121
0.0247088008
0.0288121471
0.0326232063
0.0362997755
0.0394613771
0.0418799397
0.0438274838
0.0456823538
0.0470873118
0.0465621583
0.0432809988
0.0371884200
0.0290557242
0.0202506834
0.0114502839
0.0028448112
-0.0050334056
-0.0110228807
-0.0166919327
-0.0226062412
-0.0278747175
-0.0320526717
-0.0358280821
-0.0389054822
-0.0414039351
-0.0437130283
-0.0455882551
-0.0461923240
-0.0449427602
-0.0412278092
-0.0351581328
-0.0278621622
-0.0199102784
-0.0111122820
-0.0021020587
0.0054743613
0.0120710957
0.0184706089
0.0246835928
0.0297762282
0.0339292406
0.0369985355
0.0390961540
0.0400603474
0.0401416997
0.0393891722
0.0373257105
0.0335115884
0.0283182337
0.0220826211
0.0151447693
0.0083681226
0.0026918978
-0.0020145105
-0.0066086373
-0.0111279114
-0.0146305478
-0.0178385877
-0.0211455475
-0.0246389615
-0.0274027092
-0.0288152775
-0.0289139237
-0.0278058867
-0.0255362212
-0.0218646644
-0.0172493421
-0.0117650948
-0.0057916990
-0.0000692501
0.0042248199
0.0081005036
0.0116340314
0.0146889003
0.0175068015
0.0196641933
0.0211344844
0.0223104975
0.0236187662
0.0245318127
0.0243461532
0.0226083856
0.0190892200
0.0136936955
0.0080386533
0.0028404141
-0.0021055366
-0.0067235915
-0.0108172955
-0.0141995681
-0.0169274569
-0.0185613148
-0.0192866699
-0.0189179678
-0.0176002555
-0.0151797358
-0.0122143395
-0.0088571774
-0.0050294692
-0.0011643490
0.0025129838
0.0057685567
0.0090790368
0.0120267456
0.0142094616
0.0157088894
0.0168548022
0.0168730146
0.0160440459
0.0146996748
0.0128119977
0.0102822373
0.0062812712
0.0011027653
-0.0038791926
-0.0076317194
-0.0107468939
-0.0133285136
-0.0156182210
-0.0174732034
-0.0192076457
-0.0208269764
-0.0217423323
-0.0222679768
-0.0223502814
-0.0214246759
-0.0194326692
-0.0164837008
-0.0125705051
-0.0079331690
-0.0036812051
0.0000816022
0.0036134004
0.0076545542
0.0114281763
0.0143035491
0.0167247997
0.0182628268
0.0189274227
0.0187968653
0.0179559187
0.0166355071
0.0147129611
0.0121938552
0.0095446644
0.0070025324
0.0045736789
0.0021947179
-0.0001232338
-0.0020132374
-0.0039081346
-0.0059325697
-0.0080086392
-0.0097326257
-0.0110222433
-0.0119375017
-0.0123028223
-0.0121342656
-0.0115662016
-0.0102790994
-0.0080253595
-0.0050559555
-0.0016373227
0.0018097194
0.0047496623
0.0068762114
0.0085841786
0.0098951691
0.0108750894
0.0114367914
0.0119636919
0.0121058185
0.0118980590
0.0112243682
0.0102024858
0.0091771357
0.0081940325
0.0072662526
0.0063722395
0.0052712842
0.0043012649
0.0034202656
0.0023401353
0.0012886827
0.0003921687
-0.0003859233
-0.0013710847
-0.0027307681
-0.0040008274
-0.0052479507
-0.0064591553
-0.0075577000
-0.0085496770
-0.0089372588
-0.0090914833
-0.0092907177
-0.0094466367
-0.0094490623
-0.0092556763
-0.0089749208
-0.0089001442
-0.0089247898
-0.0089208684
-0.0087861835
-0.0085883962
-0.0084472443
-0.0081941599
-0.0076733365
-0.0066956693
-0.0053418808
-0.0037925618
-0.0019448823
0.0003578884
0.0026417008
0.0046645573
0.0063372468
0.0077142263
0.0087010710
0.0095472699
0.0103623750
0.0111133992
0.0116670784
0.0123435059
0.0130788595
0.0132050905
0.0129249237
0.0119994269
0.0103783080
0.0085893747
0.0063674596
0.0038884226
0.0010993538
-0.0018111069
-0.0041068516
-0.0060689642
-0.0077782022
-0.0096052437
-0.0113085135
-0.0126205986
-0.0134679522
-0.0142260057
-0.0145346308
-0.0145172169
-0.0139826348
-0.0131674735
-0.0120858741
-0.0105692123
-0.0084365748
-0.0059378782
-0.0032798125
-0.0005402498
0.0023220968
0.0048841372
0.0069925265
0.0083383822
0.0095605562
0.0107176783
0.0114190889
0.0113949344
0.0111674253
0.0111561710
0.0108240924
0.0103254890
0.0099046202
0.0094269360
0.0087129664
0.0074616781
0.0060653727
0.0047796089
0.0035453760
0.0020598995
0.0003197101
-0.0015506468
-0.0036571530
-0.0058530919
-0.0078929352
-0.0094615913
-0.0105754430
-0.0113949793
-0.0117497279
-0.0117216632
-0.0110675457
-0.0095092180
-0.0076163562
-0.0052728813
-0.0028866646
-0.0006317471
0.0013868382
0.0029240191
0.0046813076
0.0066115803
0.0084402038
0.0099844204
0.0116642817
0.0133986228
0.0146360963
0.0153425567
0.0157487633
0.0155717714
0.0148331863
0.0137108282
0.0121834818
0.0099925969
0.0073837523
0.0043760078
0.0012244027
-0.0017829249
-0.0043585489
-0.0066304000
-0.0084863534
-0.0100235932
-0.0119561490
-0.0141560502
-0.0158502063
-0.0170640988
-0.0178388389
-0.0180665691
-0.0179109350
-0.0173206435
-0.0163552353
-0.0150535273
-0.0135385862
-0.0119467729
-0.0102456325
-0.0084113106
-0.0064806668
-0.0046102649
-0.0028297367
-0.0014299504
-0.0002634493
0.0007250443
0.0011171875
0.0016867511
0.0028667014
0.0041265561
0.0049025633
0.0053544885
0.0057798861
0.0063625410
0.0071110721
0.0079944344
0.0088845036
0.0095709220
0.0102183851
0.0107152003
0.0110476200
0.0112976790
0.0115386543
0.0113683130
0.0105993164
0.0093988713
0.0077929019
0.0060053519
0.0043809639
0.0032143884
0.0028985491
0.0022981909
0.0013189750
-0.0001578378
-0.0016959649
-0.0030360566
-0.0042638016
-0.0055504501
-0.0072460120
-0.0090032479
-0.0104709822
-0.0115641884
-0.0121924568
-0.0121716989
-0.0115725785
-0.0105393443
-0.0090830294
-0.0071683599
-0.0048844109
-0.0025371087
-0.0001197980
0.0023188791
0.0044210852
0.0060847023
0.0073485496
0.0084934577
0.0093921382
0.0098432536
0.0102881457
0.0103778169
0.0100644981
0.0095184704
0.0088628196
0.0079632506
0.0068920807
0.0058865588
0.0049176941
0.0039867276
0.0031220925
0.0021888706
0.0012067148
-0.0001490186
-0.0017999024
-0.0030372038
-0.0040427183
-0.0051097605
-0.0060112453
-0.0068117257
-0.0069682220
-0.0068114107
-0.0065687597
-0.0060209063
-0.0052266192
-0.0042384886
-0.0032099815
-0.0024666621
-0.0018866652
-0.0014006332
-0.0009733698
-0.0006047513
-0.0005231515
-0.0007375718
-0.0008205339
-0.0007754944
-0.0007389136
-0.0008903117
-0.0010565951
-0.0011984341
-0.0015176073
-0.0018961984
-0.0021187660
-0.0022159126
-0.0024884683
-0.0027108934
-0.0027087295
-0.0028511027
-0.0032370268
-0.0034748027
-0.0030755226
-0.0021936978
-0.0016203830
-0.0015504789
-0.0013393191
-0.0011117354
-0.0009233846
-0.0006570807
-0.0002577416
0.0000222110
0.0002727133
0.0005132340
0.0005647188
0.0003324351
0.0000610879
-0.0002417099
-0.0007366188
-0.0014524587
-0.0022384674
-0.0030935723
-0.0037770674
-0.0043524381
-0.0044302964
-0.0039292487
-0.0033017364
-0.0028830330
-0.0027499099
-0.0023604250
-0.0015860636
-0.0005687051
0.0004911598
0.0014554815
0.0023565381
0.0033614932
0.0045175758
0.0057525637
0.0067770591
0.0078737181
0.0094663525
0.0109890801
0.0121056386
0.0128163728
0.0133230026
0.0137602956
0.0142106650
0.0142473485
0.0139768839
0.0132608187
0.0119626647
0.0103635971
0.0086915299
0.0068730773
0.0046364663
0.0026170465
0.0008763948
-0.0006856526
-0.0022271655
-0.0039707158
-0.0055705145
-0.0072404860
-0.0089767166
-0.0103233034
-0.0112717587
-0.0123292074
-0.0133262867
-0.0139812777
-0.0140695318
-0.0139649135
-0.0136732299
-0.0124464597
-0.0101893832
-0.0083482644
-0.0066923552
-0.0049790195
-0.0033776325
-0.0022338472
-0.0010750665
0.0001041122
0.0011234254
0.0018884550
0.0024003188
0.0030962487
0.0036974445
0.0043394817
0.0047667875
0.0051420278
0.0055797594
0.0061981718
0.0067155875
0.0071452513
0.0076318618
0.0077661531
0.0078872668
0.0079453644
0.0078495298
0.0075006334
0.0067593790
0.0058034857
0.0044345439
0.0032834857
0.0026803499
0.0020493769
0.0012640663
0.0001974349
-0.0008087030
-0.0017594268
-0.0026874294
-0.0034645580
-0.0041631497
-0.0046089603
-0.0050521466
-0.0054651164
-0.0060165013
-0.0066794476
-0.0073684228
-0.0077197823
-0.0077107961
-0.0073352408
-0.0066966928
-0.0058896892
-0.0048751098
-0.0035076049
-0.0020407813
-0.0005970059
0.0000094131
-0.0000741086
-0.0004077737
-0.0004297910
-0.0001438441
0.0003554734
0.0008095754
0.0010918439
0.0014821115
0.0019339571
0.0023770629
0.0027223239
0.0028952126
0.0031519462
0.0035738557
0.0041076951
0.0043032181
0.0042394896
0.0039581793
0.0034217783
0.0028866754
0.0025205627
0.0021963206
0.0018236438
0.0015007936
0.0012060887
0.0008068671
0.0003724882
0.0001014402
0.0000621075
0.0002426584
0.0008219900
0.0008560118
0.0005156143
0.0005629935
0.0007329677
0.0005256558
0.0000224695
-0.0005044416
-0.0008893584
-0.0012744513
-0.0017305419
-0.0022253705
-0.0027169239
-0.0030740980
-0.0033896494
-0.0037102711
-0.0038417218
-0.0037600059
-0.0037788069
-0.0037383032
-0.0036765478
-0.0037726436
-0.0039811492
-0.0041308224
-0.0039836797
-0.0035223634
-0.0031054550
-0.0029073123
-0.0029073487
-0.0028763448
-0.0029897537
-0.0029946266
-0.0027087820
-0.0025346243
-0.0025174957
-0.0024719459
-0.0023325999
-0.0019600210
-0.0017024015
-0.0014798317
-0.0012777852
-0.0011608092
-0.0010786273
-0.0008275081
-0.0003686526
0.0003119616
0.0008759180
0.0009871956
0.0010801490
0.0012328518
0.0015630769
0.0021122608
0.0026655745
0.0032248596
0.0038070365
0.0043207332
0.0049360190
0.0055707619
0.0060660587
0.0065334558
0.0068429357
0.0069153655
0.0066608378
0.0063493184
0.0058041493
0.0050468156
0.0044986361
0.0041883164
0.0037158878
0.0030730277
0.0015860381
-0.0003892055
-0.0019583182
-0.0029305326
-0.0038554468
-0.0046116933
-0.0053589198
-0.0058891156
-0.0062168229
-0.0063884763
-0.0061613534
-0.0056241358
-0.0047147220
-0.0034145544
-0.0018255824
-0.0000898408
0.0014949055
0.0027882740
0.0037944738
0.0043342032
0.0047888163
0.0051557565
0.0055954525
0.0059797690
0.0060882075
0.0060239767
0.0057766020
0.0053111206
0.0048772354
0.0043696458
0.0037053510
0.0029189798
0.0022270016
0.0014294919
0.0005662971
-0.0001457056
-0.0008234866
-0.0016320318
-0.0025063036
-0.0033787916
-0.0040931679
-0.0045057216
-0.0046038317
-0.0045947780
-0.0043334946
-0.0042483034
-0.0040942476
-0.0036652638
-0.0029332892
-0.0020270598
-0.0008124268
0.0002689897
0.0007980177
0.0012983336
0.0018731094
0.0023948640
0.0027976670
0.0031661585
0.0034613968
0.0036422183
0.0035324530
0.0031162520
0.0023495178
0.0012145048
-0.0001300835
-0.0014328371
-0.0023103724
-0.0029961659
-0.0037755603
-0.0047361398
-0.0055738585
-0.0064440170
-0.0075930527
-0.0088527987
-0.0100134036
-0.0103886739
-0.0103578012
-0.0102025046
-0.0101302922
-0.0099110009
-0.0091120763
-0.0077034181
-0.0061861377
-0.0046938441
-0.0035175517
-0.0022900339
-0.0006078269
0.0012140136
0.0033126946
0.0052321751
0.0070887659
0.0087205318
0.0099709054
0.0112860048
0.0120691687
0.0123313256
0.0124135327
0.0126506540
0.0131486988
0.0133897228
0.0129878537
0.0115888303
0.0096064846
0.0074154347
0.0059116093
0.0049693585
0.0041605666
0.0028843631
0.0008850894
-0.0004083499
-0.0013490049
-0.0025751707
-0.0036239316
-0.0044830629
-0.0050345565
-0.0051928711
-0.0051777778
-0.0054040572
-0.0057870841
-0.0064518748
-0.0070151102
-0.0072549645
-0.0071126467
-0.0071393168
-0.0074009825
-0.0076048056
-0.0076782251
-0.0077717278
-0.0079329778
-0.0077361840
-0.0070907341
-0.0061053590
-0.0051804771
-0.0046992726
-0.0042221394
-0.0037439975
-0.0033358241
-0.0025052003
-0.0012053588
-0.0004212220
0.0002120384
0.0012055166
0.0022321276
0.0034644106
0.0045478523
0.0054413180
0.0062206956
0.0067576283
0.0069135622
0.0070680979
0.0072512305
0.0073102503
0.0070350883
0.0067968573
0.0065988788
0.0063925101
0.0059782470
0.0050512206
0.0042569035
0.0037362503
0.0034125532
0.0031708147
0.0028912900
0.0025361006
0.0020911482
0.0015811794
0.0011403070
0.0008471189
0.0009732434
0.0011608703
0.0012140219
0.0009826383
0.0003958468
-0.0004203151
-0.0007365911
-0.0002720508
0.0001970171
0.0002585432
-0.0000515477
-0.0006916610
-0.0014216318
-0.0019207604
-0.0019659890
-0.0016692345
-0.0012614267
-0.0010505379
-0.0010656394
-0.0010963370
-0.0010396704
-0.0006291416
-0.0003079218
0.0002828786
0.0007216526
0.0007868076
0.0009206445
0.0012203430
0.0015423234
0.0020709934
0.0024708610
0.0024687657
0.0020103237
0.0015821879
0.0011476167
0.0007784227
0.0005010023
0.0001106580
-0.0003598906
-0.0008931643
-0.0015925403
-0.0022981665
-0.0025912942
-0.0027577515
-0.0029403458
-0.0031114417
-0.0033192879
-0.0036566375
-0.0038898172
-0.0038965503
-0.0038894985
-0.0039484846
-0.0041990047
-0.0046161433
-0.0050641957
-0.0054991306
-0.0060871578
-0.0063267572
-0.0064729177
-0.0063633695
-0.0058553300
-0.0051285353
-0.0045264383
-0.0040594011
-0.0034905536
-0.0025961210
-0.0018211121
-0.0014188700
-0.0013789125
-0.0012223063
-0.0009460268
-0.0008431660
-0.0007198014
-0.0004955022
-0.0003364418
-0.0001542913
0.0001198225
0.0004103204
0.0006433235
0.0008151542
0.0012082391
0.0016622922
0.0020153885
0.0023055493
0.0026449106
0.0030538750
0.0033604338
0.0035537302
0.0038830128
0.0041024166
0.0040524693
0.0038892098
0.0038402785
0.0037262593
0.0036407284
0.0034734797
0.0032104760
0.0030442912
0.0028607304
0.0024137775
0.0021103016
0.0017095635
0.0011067962
0.0005503881
-0.0003720647
-0.0014135690
-0.0019727903
-0.0020857718
-0.0019935306
-0.0019594504
-0.0022363035
-0.0025227322
-0.0026727841
-0.0026169018
-0.0025699769
-0.0025486248
-0.0024409263
-0.0021955880
-0.0019155265
-0.0016658053
-0.0013209473
-0.0007205846
0.0000794585
0.0009768556
0.0015414754
0.0021510741
0.0028540862
0.0034684966
0.0042552952
0.0049810215
0.0057792450
0.0064327214
0.0065913846
0.0063609552
0.0061463163
0.0056945861
0.0052758654
0.0049799193
0.0043437930
0.0038008357
0.0033290603
0.0024600707
0.0015829085
0.0007692231
-0.0001714944
-0.0010585082
-0.0017964496
-0.0024171542
-0.0028871591
-0.0034198371
-0.0039279515
-0.0041302301
-0.0041547520
-0.0042142666
-0.0042438946
-0.0040690922
-0.0038826754
-0.0036084027
-0.0032225037
-0.0028592335
-0.0024831125
-0.0021334041
-0.0017113694
-0.0011471518
-0.0005454754
-0.0000550381
0.0003088690
0.0007713312
0.0009008684
0.0011073019
0.0012037329
0.0011578974
0.0009991097
0.0007684583
0.0006258425
0.0003342206
0.0001196067
-0.0000842378
-0.0001923265
-0.0002289028
-0.0001399858
-0.0001158112
-0.0001394598
-0.0000575408
-0.0001166556
-0.0001142502
-0.0002499013
-0.0002605277
-0.0003225272
-0.0003510885
-0.0003634500
-0.0004087818
-0.0005436924
-0.0004630880
-0.0001085432
0.0002211724
0.0003023834
0.0002684926
0.0003574735
0.0005770979
0.0009844157
0.0012246685
0.0015737179
0.0018423166
0.0017912037
0.0014240544
0.0014500808
0.0019284241
0.0023393694
0.0026460091
0.0026907304
0.0028014977
0.0029402577
0.0027743748
0.0023834395
0.0019092763
0.0014503736
0.0009254417
0.0001864186
-0.0004969295
-0.0010824505
-0.0015777791
-0.0019919820
-0.0022233235
-0.0023682270
-0.0024238543
-0.0022262072
-0.0016763830
-0.0010943185
-0.0003954130
0.0003392012
0.0007361847
0.0006805949
0.0004155483
0.0001787319
0.0001390839
0.0001505859
0.0002612524
0.0003315628
0.0002307117
0.0002469778
0.0002979191
0.0003658098
0.0004109097
0.0001926988
-0.0001369611
-0.0003414816
-0.0001055646
-0.0000033037
-0.0001392785
0.0000040099
-0.0000545072
-0.0003869277
-0.0007270009
-0.0010122393
-0.0016113874
-0.0019630397
-0.0021301500
-0.0026675198
-0.0031796090
-0.0035206869
-0.0036637789
-0.0037134075
-0.0036547450
-0.0035199915
-0.0034026537
-0.0032450252
-0.0026543843
-0.0019338241
-0.0014049100
-0.0011473899
-0.0008299667
-0.0003731840
0.0004692633
0.0014357826
0.0021015256
0.0026653364
0.0030478066
0.0033488379
0.0037159793
0.0038872229
0.0040464072
0.0042057415
0.0041401611
0.0037136647
0.0033231617
0.0029580207
0.0026220214
0.0022731018
0.0019609931
0.0014442433
0.0009792703
0.0005533276
0.0001327863
-0.0002973019
-0.0007698964
-0.0009702582
-0.0007723966
-0.0008875229
-0.0010886992
-0.0013132095
-0.0015555970
-0.0018030879
-0.0022366709
-0.0030035056
-0.0039338936
-0.0044592046
-0.0042962413
-0.0038794326
-0.0037270297
-0.0036146263
-0.0033850231
-0.0032109521
-0.0031558635
-0.0030087058
-0.0028455933
-0.0026585932
-0.0024478019
-0.0020705282
-0.0016194953
-0.0010357831
-0.0003933196
0.0001414663
0.0004910650
0.0009361363
0.0014515702
0.0021730733
0.0026629525
0.0029835030
0.0033445086
0.0038325856
0.0042876524
0.0044502033
0.0044814658
0.0043883456
0.0040930780
0.0037684635
0.0035512255
0.0035001149
0.0036403666
0.0035379962
0.0033077268
0.0029318477
0.0024971314
0.0020668838
0.0016986844
0.0011448349
0.0003064536
-0.0005969062
-0.0014782264
-0.0020719801
-0.0026582704
-0.0032714070
-0.0037828633
-0.0041975276
-0.0044344727
-0.0046592637
-0.0049057350
-0.0047249529
-0.0042085195
-0.0038458157
-0.0035754490
-0.0031525284
-0.0023444185
-0.0015018280
-0.0009369791
-0.0006061744
-0.0002200898
0.0004045980
0.0008417268
0.0011970916
0.0015191710
0.0018702129
0.0021312249
0.0021657145
0.0020573825
0.0019965403
0.0019131947
0.0016742574
0.0014203767
0.0012301623
0.0010215765
0.0007287472
0.0004061894
0.0002241663
0.0000921173
-0.0000096893
-0.0000318759
0.0000568167
0.0000944156
0.0000643498
-0.0000209433
-0.0000221297
0.0000602097
0.0001040591
0.0001558396
0.0001351643
0.0001703879
0.0002669441
0.0002689891
0.0002541204
0.0003010975
0.0003409241
0.0003127650
0.0002147099
0.0001274063
0.0000654731
0.0001383609
0.0001931416
0.0001739972
0.0001421378
0.0001383361
0.0001293372
0.0000983606
0.0000787037
0.0000625736
0.0000432041
0.0000175854
0.0000038200
-0.0000294912
-0.0000725592
-0.0001050672
-0.0001271517
-0.0001401994
-0.0001604749
-0.0001876369
-0.0002077480
-0.0002188937
-0.0002206855
-0.0002210438
-0.0002087750
-0.0001881654
-0.0001786784
-0.0001779495
-0.0001694919
-0.0001463785
-0.0001196039
-0.0000989480
-0.0000776740
-0.0000564943
-0.0000342871
-0.0000150222
0.0000012757
0.0000146872
0.0000240266
0.0000320728
0.0000381977
0.0000419118
0.0000431028
0.0000435220
0.0000433027
0.0000420684
0.0000407067
0.0000383449
0.0000350657
0.0000318815
0.0000290913
0.0000263283
0.0000235755
0.0000208652
0.0000183891
0.0000161824
0.0000141583
0.0000122922
0.0000106050
0.0000090807
0.0000077016
0.0000064527
0.0000053212
0.0000042997
0.0000033846
0.0000025737
0.0000000000
0.0000000000
0.0000000000
0.0000000000
0.0000000000
0.0000000000
0.0000000000
0.0000000000
0.0000000000
0.0000000000
0.0000000000
0.0000000000
0.0000000000
0.0000000000
0.0000000000
0.0000000000
0.0000000000
0.0000000000
0.0000000000
0.0000000000
0.0000000000
0.0000000000
0.0000000000
0.0000000000
0.0000000000
0.0000000000
0.0000000000
0.0000000000
0.0000000000
0.0000000000
0.0000000000
0.0000000000
0.0000000000
0.0000000000
0.0000000000
0.0000000000
0.0000000000
0.0000000000
0.0000000000
0.0000000000
0.0000000000
0.0000000000
0.0000000000
0.0000000000
0.0000000000
0.0000000000
0.0000000000
0.0000000000
0.0000000000
0.0000000000
0.0000000000
0.0000000000
0.0000000000
0.0000000000
0.0000000000
0.0000000000
0.0000000000
0.0000000000
0.0000000000
0.0000000000
0.0000000000
0.0000000000
0.0000000000
0.0000000000
0.0000000000
0.0000000000
0.0000000000
0.0000000000
0.0000000000
0.0000000000
0.0000000000
0.0000000000
0.0000000000
0.0000000000
0.0000000000
0.0000000000
0.0000000000
0.0000000000
0.0000000000
0.0000000000
0.0000000000
0.0000000000
0.0000000000
0.0000000000
0.0000000000
0.0000000000
0.0000000000
0.0000000000
0.0000000000
0.0000000000
0.0000000000
0.0000000000
0.0000000000
0.0000000000
0.0000000000
0.0000000000
0.0000000000
0.0000000000
0.0000000000
0.0000000000
0.0000000000
0.0000000000
0.0000000000
0.0000000000
0.0000000000
0.0000000000
0.0000000000
0.0000000000
0.0000000000
0.0000000000
0.0000000000
0.0000000000
0.0000000000
0.0000000000
0.0000000000
0.0000000000
0.0000000000
0.0000000000
0.0000000000
0.0000000000
0.0000000000
0.0000000000
0.0000000000
0.0000000000
0.0000000000
0.0000000000
0.0000000000
0.0000000000
0.0000000000
0.0000000000
0.0000000000
0.0000000000
0.0000000000
0.0000000000
0.0000000000
0.0000000000
0.0000000000
0.0000000000
0.0000000000
0.0000000000
0.0000000000
0.0000000000
0.0000000000
0.0000000000
0.0000000000
0.0000000000
0.0000000000
0.0000000000
0.0000000000
0.0000000000
0.0000000000
0.0000000000
0.0000000000
0.0000000000
0.0000000000
0.0000000000
0.0000000000
0.0000000000
0.0000000000
0.0000000000
0.0000000000
0.0000000000
0.0000000000
0.0000000000
0.0000000000
0.0000000000
0.0000000000
0.0000000000
0.0000000000
0.0000000000
0.0000000000
0.0000000000
0.0000000000
0.0000000000
0.0000000000
0.0000000000
0.0000000000
0.0000000000
0.0000000000
0.0000000000
0.0000000000
0.0000000000
0.0000000000
0.0000000000
0.0000000000
0.0000000000
0.0000000000
0.0000000000
0.0000000000
0.0000000000
0.0000000000
0.0000000000
0.0000000000
0.0000000000
0.0000000000
0.0000000000
0.0000000000
0.0000000000
0.0000000000
0.0000000000
0.0000000000
0.0000000000
0.0000000000
0.0000000000
0.0000000000
0.0000000000
0.0000000000
0.0000000000
0.0000000000
0.0000000000
0.0000000000
0.0000000000
0.0000000000
0.0000000000
0.0000000000
0.0000000000
0.0000000000
0.0000000000
0.0000000000
0.0000000000
0.0000000000
0.0000000000
0.0000000000
0.0000000000
0.0000000000
0.0000000000
0.0000000000
0.0000000000
0.0000000000
0.0000000000
0.0000000000
0.0000000000
0.0000000000
0.0000000000
0.0000000000
0.0000000000
0.0000000000
0.0000000000
0.0000000000
0.0000000000
0.0000000000
0.0000000000
0.0000000000
0.0000000000
0.0000000000
0.0000000000
0.0000000000
0.0000000000
0.0000000000
0.0000000000
0.0000000000
0.0000000000
0.0000000000
0.0000000000
0.0000000000
0.0000000000
0.0000000000
0.0000000000
0.0000000000
0.0000000000
0.0000000000
0.0000000000
0.0000000000
0.0000000000
0.0000000000
0.0000000000
0.0000000000
0.0000000000
0.0000000000
0.0000000000
0.0000000000
0.0000000000
0.0000000000
0.0000000000
0.0000000000
0.0000000000
0.0000000000
0.0000000000
0.0000000000
0.0000000000
0.0000000000
0.0000000000
0.0000000000
0.0000000000
0.0000000000
0.0000000000
0.0000000000
0.0000000000
0.0000000000
0.0000000000
0.0000000000
0.0000000000
0.0000000000
0.0000000000
0.0000000000
0.0000000000
0.0000000000
0.0000000000
0.0000000000
0.0000000000
0.0000000000
0.0000000000
0.0000000000
0.0000000000
0.0000000000
0.0000000000
0.0000000000
0.0000000000
0.0000000000
0.0000000000
0.0000000000
0.0000000000
0.0000000000
0.0000000000
0.0000000000
0.0000000000
0.0000000000
0.0000000000
0.0000000000
0.0000000000
0.0000000000
0.0000000000
0.0000000000
0.0000000000
0.0000000000
0.0000000000
0.0000000000
0.0000000000
0.0000000000
0.0000000000
0.0000000000
0.0000000000
0.0000000000
0.0000000000
0.0000000000
0.0000000000
0.0000000000
0.0000000000
0.0000000000
0.0000000000
0.0000000000
0.0000000000
0.0000000000
0.0000000000
0.0000000000
0.0000000000
0.0000000000
0.0000000000
0.0000000000
0.0000000000
0.0000000000
0.0000000000
0.0000000000
0.0000000000
0.0000000000
0.0000000000
0.0000000000
0.0000000000
0.0000000000
0.0000000000
0.0000000000
0.0000000000
0.0000000000
0.0000000000
0.0000000000
0.0000000000
0.0000000000
0.0000000000
0.0000000000
0.0000000000
0.0000000000
0.0000000000
0.0000000000
0.0000000000
0.0000000000
0.0000000000
0.0000000000
0.0000000000
0.0000000000
0.0000000000
0.0000000000
0.0000000000
0.0000000000
0.0000000000
0.0000000000
0.0000000000
0.0000000000
0.0000000000
0.0000000000
0.0000000000
0.0000000000
0.0000000000
0.0000000000
0.0000000000
0.0000000000
0.0000000000
0.0000000000
0.0000000000
0.0000000000
0.0000000000
0.0000000000
0.0000000000
0.0000000000
0.0000000000
0.0000000000
0.0000000000
0.0000000000
0.0000000000
0.0000000000
0.0000000000
0.0000000000
0.0000000000
0.0000000000
0.0000000000
0.0000000000
0.0000000000
0.0000000000
0.0000000000
0.0000000000
0.0000000000
0.0000000000
0.0000000000
0.0000000000
0.0000000000
0.0000000000
0.0000000000
0.0000000000
0.0000000000
0.0000000000
0.0000000000
0.0000000000
0.0000000000
0.0000000000
0.0000000000
0.0000000000
0.0000000000
0.0000000000
0.0000000000
0.0000000000
0.0000000000
0.0000000000
0.0000000000
0.0000000000
0.0000000000
0.0000000000
0.0000000000
0.0000000000
0.0000000000
0.0000000000
0.0000000000
0.0000000000
0.0000000000
0.0000000000
0.0000000000
0.0000000000
0.0000000000
0.0000000000
0.0000000000
0.0000000000
0.0000000000
0.0000000000
0.0000000000
0.0000000000
0.0000000000
0.0000000000
0.0000000000
0.0000000000
0.0000000000
0.0000000000
0.0000000000
0.0000000000
0.0000000000
0.0000000000
0.0000000000
0.0000000000
0.0000000000
0.0000000000
0.0000000000
0.0000000000
0.0000000000
0.0000000000
0.0000000000
0.0000000000
0.0000000000
0.0000000000
0.0000000000
0.0000000000
0.0000000000
0.0000000000
0.0000000000
0.0000000000
0.0000000000
0.0000000000
0.0000000000
0.0000000000
0.0000000000
0.0000000000
0.0000000000
0.0000000000
0.0000000000
0.0000000000
0.0000000000
0.0000000000
0.0000000000
0.0000000000
0.0000000000
0.0000000000
0.0000000000
0.0000000000
0.0000000000
0.0000000000
0.0000000000
0.0000000000
0.0000000000
0.0000000000
0.0000000000
0.0000000000
0.0000000000
0.0000000000
0.0000000000
0.0000000000
0.0000000000
0.0000000000
0.0000000000
0.0000000000
0.0000000000
0.0000000000
0.0000000000
0.0000000000
0.0000000000
0.0000000000
0.0000000000
0.0000000000
0.0000000000
0.0000000000
0.0000000000
0.0000000000
0.0000000000
0.0000000000
0.0000000000
0.0000000000
0.0000000000
0.0000000000
0.0000000000
0.0000000000
0.0000000000
0.0000000000
0.0000000000
0.0000000000
0.0000000000
0.0000000000
0.0000000000
0.0000000000
0.0000000000
0.0000000000
0.0000000000
0.0000000000
0.0000000000
0.0000000000
0.0000000000
0.0000000000
0.0000000000
0.0000000000
0.0000000000
0.0000000000
0.0000000000
0.0000000000
0.0000000000
0.0000000000
0.0000000000
0.0000000000
0.0000000000
0.0000000000
0.0000000000
0.0000000000
0.0000000000
0.0000000000
0.0000000000
0.0000000000
0.0000000000
0.0000000000
0.0000000000
0.0000000000
0.0000000000
0.0000000000
0.0000000000
0.0000000000
0.0000000000
0.0000000000
0.0000000000
0.0000000000
0.0000000000
0.0000000000
0.0000000000
0.0000000000
0.0000000000
0.0000000000
0.0000000000
0.0000000000
0.0000000000
0.0000000000
0.0000000000
0.0000000000
0.0000000000
0.0000000000
0.0000000000
0.0000000000
0.0000000000
0.0000000000
0.0000000000
0.0000000000
0.0000000000
0.0000000000
0.0000000000
0.0000000000
0.0000000000
0.0000000000
0.0000000000
0.0000000000
0.0000000000
0.0000000000
0.0000000000
0.0000000000
0.0000000000
0.0000000000
0.0000000000
0.0000000000
0.0000000000
0.0000000000
0.0000000000
0.0000000000
0.0000000000
0.0000000000
0.0000000000
0.0000000000
0.0000000000
0.0000000000
0.0000000000
0.0000000000
0.0000000000
0.0000000000
0.0000000000
0.0000000000
0.0000000000
0.0000000000
0.0000000000
0.0000000000
0.0000000000
0.0000000000
0.0000000000
0.0000000000
0.0000000000
0.0000000000
0.0000000000
0.0000000000
0.0000000000
0.0000000000
0.0000000000
0.0000000000
0.0000000000
0.0000000000
0.0000000000
0.0000000000
0.0000000000
0.0000000000
0.0000000000
0.0000000000
0.0000000000
0.0000000000
0.0000000000
0.0000000000
0.0000000000
0.0000000000
0.0000000000
0.0000000000
0.0000000000
0.0000000000
0.0000000000
0.0000000000
0.0000000000
0.0000000000
0.0000000000
0.0000000000
0.0000000000
0.0000000000
0.0000000000
0.0000000000
0.0000000000
0.0000000000
0.0000000000
0.0000000000
0.0000000000
0.0000000000
0.0000000000
0.0000000000
0.0000000000
0.0000000000
0.0000000000
0.0000000000
0.0000000000
0.0000000000
0.0000000000
0.0000000000
0.0000000000
0.0000000000
0.0000000000
0.0000000000
0.0000000000
0.0000000000
0.0000000000
0.0000000000
0.0000000000
0.0000000000
0.0000000000
0.0000000000
0.0000000000
0.0000000000
0.0000000000
0.0000000000
0.0000000000
0.0000000000
0.0000000000
0.0000000000
0.0000000000
0.0000000000
0.0000000000
0.0000000000
0.0000000000
0.0000000000
0.0000000000
0.0000000000
0.0000000000
0.0000000000
0.0000000000
0.0000000000
0.0000000000
0.0000000000
0.0000000000
0.0000000000
0.0000000000
0.0000000000
0.0000000000
0.0000000000
0.0000000000
0.0000000000
0.0000000000
0.0000000000
0.0000000000
0.0000000000
0.0000000000
0.0000000000
0.0000000000
0.0000000000
0.0000000000
0.0000000000
0.0000000000
0.0000000000
0.0000000000
0.0000000000
0.0000000000
0.0000000000
0.0000000000
0.0000000000
0.0000000000
0.0000000000
0.0000000000
0.0000000000
0.0000000000
0.0000000000
0.0000000000
0.0000000000
0.0000000000
0.0000000000
0.0000000000
0.0000000000
0.0000000000
0.0000000000
0.0000000000
0.0000000000
0.0000000000
0.0000000000
0.0000000000
0.0000000000
0.0000000000
0.0000000000
0.0000000000
0.0000000000
0.0000000000
0.0000000000
0.0000000000
0.0000000000
0.0000000000
0.0000000000
0.0000000000
0.0000000000
0.0000000000
0.0000000000
0.0000000000
0.0000000000
0.0000000000
0.0000000000
0.0000000000
0.0000000000
0.0000000000
0.0000000000
0.0000000000
0.0000000000
0.0000000000
0.0000000000
0.0000000000
0.0000000000
0.0000000000
0.0000000000
0.0000000000
0.0000000000
0.0000000000
0.0000000000
0.0000000000
0.0000000000
0.0000000000
0.0000000000
0.0000000000
0.0000000000
0.0000000000
0.0000000000
0.0000000000
0.0000000000
0.0000000000
0.0000000000
0.0000000000
0.0000000000
0.0000000000
0.0000000000
0.0000000000
0.0000000000
0.0000000000
0.0000000000
0.0000000000
0.0000000000
0.0000000000
0.0000000000
0.0000000000
0.0000000000
0.0000000000
0.0000000000
0.0000000000
0.0000000000
0.0000000000
0.0000000000
0.0000000000
0.0000000000
0.0000000000
0.0000000000
0.0000000000
0.0000000000
0.0000000000
0.0000000000
0.0000000000
0.0000000000
0.0000000000
0.0000000000
0.0000000000
0.0000000000
0.0000000000
0.0000000000
0.0000000000
0.0000000000
0.0000000000
0.0000000000
0.0000000000
0.0000000000
0.0000000000
0.0000000000
0.0000000000
0.0000000000
0.0000000000
0.0000000000
0.0000000000
0.0000000000
0.0000000000
0.0000000000
0.0000000000
0.0000000000
0.0000000000
0.0000000000
0.0000000000
0.0000000000
0.0000000000
0.0000000000
0.0000000000
0.0000000000
0.0000000000
0.0000000000
0.0000000000
0.0000000000
0.0000000000
0.0000000000
0.0000000000
0.0000000000
0.0000000000
0.0000000000
0.0000000000
0.0000000000
0.0000000000
0.0000000000
0.0000000000
0.0000000000
0.0000000000
0.0000000000
0.0000000000
0.0000000000
0.0000000000
0.0000000000
0.0000000000
0.0000000000
0.0000000000
0.0000000000
0.0000000000
0.0000000000
0.0000000000
0.0000000000
0.0000000000
0.0000000000
0.0000000000
0.0000000000
0.0000000000
0.0000000000
0.0000000000
0.0000000000
0.0000000000
0.0000000000
0.0000000000
0.0000000000
0.0000000000
0.0000000000
0.0000000000
0.0000000000
0.0000000000
0.0000000000
0.0000000000
0.0000000000
0.0000000000
0.0000000000
0.0000000000
0.0000000000
0.0000000000
0.0000000000
0.0000000000
0.0000000000
0.0000000000
0.0000000000
0.0000000000
0.0000000000
0.0000000000
0.0000000000
0.0000000000
0.0000000000
0.0000000000
0.0000000000
0.0000000000
0.0000000000
0.0000000000
0.0000000000
0.0000000000
0.0000000000
0.0000000000
0.0000000000
0.0000000000
0.0000000000
0.0000000000
0.0000000000
0.0000000000
0.0000000000
0.0000000000
0.0000000000
0.0000000000
0.0000000000
0.0000000000
0.0000000000
0.0000000000
0.0000000000
0.0000000000
0.0000000000
0.0000000000
0.0000000000
0.0000000000
0.0000000000
0.0000000000
0.0000000000
0.0000000000
0.0000000000
0.0000000000
0.0000000000
0.0000000000
0.0000000000
0.0000000000
0.0000000000
0.0000000000
0.0000000000
0.0000000000
0.0000000000
0.0000000000
0.0000000000
0.0000000000
0.0000000000
0.0000000000
0.0000000000
0.0000000000
0.0000000000
0.0000000000
0.0000000000
0.0000000000
0.0000000000
0.0000000000
0.0000000000
0.0000000000
0.0000000000
0.0000000000
0.0000000000
0.0000000000
0.0000000000
0.0000000000
0.0000000000
0.0000000000
0.0000000000
0.0000000000
0.0000000000
0.0000000000
0.0000000000
0.0000000000
0.0000000000
0.0000000000
0.0000000000
0.0000000000
0.0000000000
0.0000000000
0.0000000000
0.0000000000
0.0000000000
0.0000000000
0.0000000000
0.0000000000
0.0000000000
0.0000000000
0.0000000000
0.0000000000
0.0000000000
0.0000000000
0.0000000000
0.0000000000
0.0000000000
0.0000000000
0.0000000000
0.0000000000
0.0000000000
0.0000000000
0.0000000000
0.0000000000
0.0000000000
0.0000000000
0.0000000000
0.0000000000
0.0000000000
0.0000000000
0.0000000000
0.0000000000
0.0000000000
0.0000000000
0.0000000000
0.0000000000
0.0000000000
0.0000000000
0.0000000000
0.0000000000
0.0000000000
0.0000000000
0.0000000000
0.0000000000
0.0000000000
0.0000000000
0.0000000000
0.0000000000
0.0000000000
0.0000000000
0.0000000000
0.0000000000
0.0000000000
0.0000000000
0.0000000000
0.0000000000
0.0000000000
0.0000000000
0.0000000000
0.0000000000
0.0000000000
0.0000000000
0.0000000000
0.0000000000
0.0000000000
0.0000000000
0.0000000000
0.0000000000
0.0000000000
0.0000000000
0.0000000000
0.0000000000
0.0000000000
0.0000000000
0.0000000000
0.0000000000
0.0000000000
0.0000000000
0.0000000000
0.0000000000
0.0000000000
0.0000000000
0.0000000000
0.0000000000
0.0000000000
0.0000000000
0.0000000000
0.0000000000
0.0000000000
0.0000000000
0.0000000000
0.0000000000
0.0000000000
0.0000000000
0.0000000000
0.0000000000
0.0000000000
0.0000000000
0.0000000000
0.0000000000
0.0000000000
0.0000000000
0.0000000000
0.0000000000
0.0000000000
0.0000000000
0.0000000000
0.0000000000
0.0000000000
0.0000000000
0.0000000000
0.0000000000
0.0000000000
0.0000000000
0.0000000000
0.0000000000
0.0000000000
0.0000000000
0.0000000000
0.0000000000
0.0000000000
0.0000000000
0.0000000000
0.0000000000
0.0000000000
0.0000000000
0.0000000000
0.0000000000
0.0000000000
0.0000000000
0.0000000000
0.0000000000
0.0000000000
0.0000000000
0.0000000000
0.0000000000
0.0000000000
0.0000000000
0.0000000000
0.0000000000
0.0000000000
0.0000000000
0.0000000000
0.0000000000
0.0000000000
0.0000000000
0.0000000000
0.0000000000
0.0000000000
0.0000000000
0.0000000000
0.0000000000
0.0000000000
0.0000000000
0.0000000000
0.0000000000
0.0000000000
0.0000000000
0.0000000000
0.0000000000
0.0000000000
0.0000000000
0.0000000000
0.0000000000
0.0000000000
0.0000000000
0.0000000000
0.0000000000
0.0000000000
0.0000000000
0.0000000000
0.0000000000
0.0000000000
0.0000000000
0.0000000000
0.0000000000
0.0000000000
0.0000000000
0.0000000000
0.0000000000
0.0000000000
0.0000000000
0.0000000000
0.0000000000
0.0000000000
0.0000000000
0.0000000000
0.0000000000
0.0000000000
0.0000000000
0.0000000000
0.0000000000
0.0000000000
0.0000000000
0.0000000000
0.0000000000
0.0000000000
0.0000000000
0.0000000000
0.0000000000
0.0000000000
0.0000000000
0.0000000000
0.0000000000
0.0000000000
0.0000000000
0.0000000000
0.0000000000
0.0000000000
0.0000000000
0.0000000000
0.0000000000
0.0000000000
0.0000000000
0.0000000000
0.0000000000
0.0000000000
0.0000000000
0.0000000000
0.0000000000
0.0000000000
0.0000000000
0.0000000000
0.0000000000
0.0000000000
0.0000000000
0.0000000000
0.0000000000
0.0000000000
0.0000000000
0.0000000000
0.0000000000
0.0000000000
0.0000000000
0.0000000000
0.0000000000
0.0000000000
0.0000000000
0.0000000000
0.0000000000
0.0000000000
0.0000000000
0.0000000000
0.0000000000
0.0000000000
0.0000000000
0.0000000000
0.0000000000
0.0000000000
0.0000000000
0.0000000000
0.0000000000
0.0000000000
0.0000000000
0.0000000000
0.0000000000
0.0000000000
0.0000000000
0.0000000000
0.0000000000
0.0000000000
0.0000000000
0.0000000000
0.0000000000
0.0000000000
0.0000000000
0.0000000000
0.0000000000
0.0000000000
0.0000000000
0.0000000000
0.0000000000
0.0000000000
0.0000000000
0.0000000000
0.0000000000
0.0000000000
0.0000000000
0.0000000000
0.0000000000
0.0000000000
0.0000000000
0.0000000000
0.0000000000
0.0000000000
0.0000000000
0.0000000000
0.0000000000
0.0000000000
0.0000000000
0.0000000000
0.0000000000
0.0000000000
0.0000000000
0.0000000000
0.0000000000
0.0000000000
0.0000000000
0.0000000000
0.0000000000
0.0000000000
0.0000000000
0.0000000000
0.0000000000
0.0000000000
0.0000000000
0.0000000000
0.0000000000
0.0000000000
0.0000000000
0.0000000000
0.0000000000
0.0000000000
0.0000000000
0.0000000000
0.0000000000
0.0000000000
0.0000000000
0.0000000000
0.0000000000
0.0000000000
0.0000000000
0.0000000000
0.0000000000
0.0000000000
0.0000000000
0.0000000000
0.0000000000
0.0000000000
0.0000000000
0.0000000000
0.0000000000
0.0000000000
0.0000000000
0.0000000000
0.0000000000
0.0000000000
0.0000000000
0.0000000000
0.0000000000
0.0000000000
0.0000000000
0.0000000000
0.0000000000
0.0000000000
0.0000000000
0.0000000000
0.0000000000
0.0000000000
0.0000000000
0.0000000000
0.0000000000
0.0000000000
0.0000000000
0.0000000000
0.0000000000
0.0000000000
0.0000000000
0.0000000000
0.0000000000
0.0000000000
0.0000000000
0.0000000000
0.0000000000
0.0000000000
0.0000000000
0.0000000000
0.0000000000
0.0000000000
0.0000000000
0.0000000000
0.0000000000
0.0000000000
0.0000000000
0.0000000000
0.0000000000
0.0000000000
0.0000000000
0.0000000000
0.0000000000
0.0000000000
0.0000000000
0.0000000000
0.0000000000
0.0000000000
0.0000000000
0.0000000000
0.0000000000
0.0000000000
0.0000000000
0.0000000000
0.0000000000
0.0000000000
0.0000000000
0.0000000000
0.0000000000
0.0000000000
0.0000000000
0.0000000000
0.0000000000
0.0000000000
0.0000000000
0.0000000000
0.0000000000
0.0000000000
0.0000000000
0.0000000000
0.0000000000
0.0000000000
0.0000000000
0.0000000000
0.0000000000
0.0000000000
0.0000000000
0.0000000000
0.0000000000
0.0000000000
0.0000000000
0.0000000000
0.0000000000
0.0000000000
0.0000000000
0.0000000000
0.0000000000
0.0000000000
0.0000000000
0.0000000000
0.0000000000
0.0000000000
0.0000000000
0.0000000000
0.0000000000
0.0000000000
0.0000000000
0.0000000000
0.0000000000
0.0000000000
0.0000000000
0.0000000000
0.0000000000
0.0000000000
0.0000000000
0.0000000000
0.0000000000
0.0000000000
0.0000000000
0.0000000000
0.0000000000
0.0000000000
0.0000000000
0.0000000000
0.0000000000
0.0000000000
0.0000000000
0.0000000000
0.0000000000
0.0000000000
0.0000000000
0.0000000000
0.0000000000
0.0000000000
0.0000000000
0.0000000000
0.0000000000
0.0000000000
0.0000000000
0.0000000000
0.0000000000
0.0000000000
0.0000000000
0.0000000000
0.0000000000
0.0000000000
0.0000000000
0.0000000000
0.0000000000
0.0000000000
0.0000000000
0.0000000000
0.0000000000
0.0000000000
0.0000000000
0.0000000000
0.0000000000
0.0000000000
0.0000000000
0.0000000000
0.0000000000
0.0000000000
0.0000000000
0.0000000000
0.0000000000
0.0000000000
0.0000000000
0.0000000000
0.0000000000
0.0000000000
0.0000000000
0.0000000000
0.0000000000
0.0000000000
0.0000000000
0.0000000000
0.0000000000
0.0000000000
0.0000000000
0.0000000000
0.0000000000
0.0000000000
0.0000000000
0.0000000000
0.0000000000
0.0000000000
0.0000000000
0.0000000000
0.0000000000
0.0000000000
0.0000000000
0.0000000000
0.0000000000
0.0000000000
0.0000000000
0.0000000000
0.0000000000
0.0000000000
0.0000000000
0.0000000000
0.0000000000
0.0000000000
0.0000000000
0.0000000000
0.0000000000
0.0000000000
0.0000000000
0.0000000000
0.0000000000
0.0000000000
0.0000000000
0.0000000000
0.0000000000
0.0000000000
0.0000000000
0.0000000000
0.0000000000
0.0000000000
0.0000000000
0.0000000000
0.0000000000
0.0000000000
0.0000000000
0.0000000000
0.0000000000
0.0000000000
0.0000000000
0.0000000000
0.0000000000
0.0000000000
0.0000000000
0.0000000000
0.0000000000
0.0000000000
0.0000000000
0.0000000000
0.0000000000
0.0000000000
0.0000000000
0.0000000000
0.0000000000
0.0000000000
0.0000000000
0.0000000000
0.0000000000
0.0000000000
0.0000000000
0.0000000000
0.0000000000
0.0000000000
0.0000000000
0.0000000000
0.0000000000
0.0000000000
0.0000000000
0.0000000000
0.0000000000
0.0000000000
0.0000000000
0.0000000000
0.0000000000
0.0000000000
0.0000000000
0.0000000000
0.0000000000
0.0000000000
0.0000000000
0.0000000000
0.0000000000
0.0000000000
0.0000000000
0.0000000000
0.0000000000
0.0000000000
0.0000000000
0.0000000000
0.0000000000
0.0000000000
0.0000000000
0.0000000000
0.0000000000
0.0000000000
0.0000000000
0.0000000000
0.0000000000
0.0000000000
0.0000000000
0.0000000000
0.0000000000
0.0000000000
0.0000000000
0.0000000000
0.0000000000
0.0000000000
0.0000000000
0.0000000000
0.0000000000
0.0000000000
0.0000000000
0.0000000000
0.0000000000
0.0000000000
0.0000000000
0.0000000000
0.0000000000
0.0000000000
0.0000000000
0.0000000000
0.0000000000
0.0000000000
0.0000000000
0.0000000000
0.0000000000
0.0000000000
0.0000000000
0.0000000000
0.0000000000
0.0000000000
0.0000000000
0.0000000000
0.0000000000
0.0000000000
0.0000000000
0.0000000000
0.0000000000
0.0000000000
0.0000000000
0.0000000000
0.0000000000
0.0000000000
0.0000000000
0.0000000000
0.0000000000
0.0000000000
0.0000000000
0.0000000000
0.0000000000
0.0000000000
0.0000000000
0.0000000000
0.0000000000
0.0000000000
0.0000000000
0.0000000000
0.0000000000
0.0000000000
0.0000000000
0.0000000000
0.0000000000
0.0000000000
0.0000000000
0.0000000000
0.0000000000
0.0000000000
0.0000000000
0.0000000000
0.0000000000
0.0000000000
0.0000000000
0.0000000000
0.0000000000
0.0000000000
0.0000000000
0.0000000000
0.0000000000
0.0000000000
0.0000000000
0.0000000000
0.0000000000
0.0000000000
0.0000000000
0.0000000000
0.0000000000
0.0000000000
0.0000000000
0.0000000000
0.0000000000
0.0000000000
0.0000000000
0.0000000000
0.0000000000
0.0000000000
0.0000000000
0.0000000000
0.0000000000
0.0000000000
0.0000000000
0.0000000000
0.0000000000
0.0000000000
0.0000000000
0.0000000000
0.0000000000
0.0000000000
0.0000000000
0.0000000000
0.0000000000
0.0000000000
0.0000000000
0.0000000000
0.0000000000
0.0000000000
0.0000000000
0.0000000000
0.0000000000
0.0000000000
0.0000000000
0.0000000000
0.0000000000
0.0000000000
0.0000000000
0.0000000000
0.0000000000
0.0000000000
0.0000000000
0.0000000000
0.0000000000
0.0000000000
0.0000000000
0.0000000000
0.0000000000
0.0000000000
0.0000000000
0.0000000000
0.0000000000
0.0000000000
0.0000000000
0.0000000000
0.0000000000
0.0000000000
0.0000000000
0.0000000000
0.0000000000
0.0000000000
0.0000000000
0.0000000000
0.0000000000
0.0000000000
0.0000000000
0.0000000000
0.0000000000
0.0000000000
0.0000000000
0.0000000000
0.0000000000
0.0000000000
0.0000000000
0.0000000000
0.0000000000
0.0000000000
0.0000000000
0.0000000000
0.0000000000
0.0000000000
0.0000000000
0.0000000000
0.0000000000
0.0000000000
0.0000000000
0.0000000000
0.0000000000
0.0000000000
0.0000000000
0.0000000000
0.0000000000
0.0000000000
0.0000000000
0.0000000000
0.0000000000
0.0000000000
0.0000000000
0.0000000000
0.0000000000
0.0000000000
0.0000000000
0.0000000000
0.0000000000
0.0000000000
0.0000000000
0.0000000000
0.0000000000
0.0000000000
0.0000000000
0.0000000000
0.0000000000
0.0000000000
0.0000000000
0.0000000000
0.0000000000
0.0000000000
0.0000000000
0.0000000000
0.0000000000
0.0000000000
0.0000000000
0.0000000000
0.0000000000
0.0000000000
0.0000000000
0.0000000000
0.0000000000
0.0000000000
0.0000000000
0.0000000000
0.0000000000
0.0000000000
0.0000000000
0.0000000000
0.0000000000
0.0000000000
0.0000000000
0.0000000000
0.0000000000
0.0000000000
0.0000000000
0.0000000000
0.0000000000
0.0000000000
0.0000000000
0.0000000000
0.0000000000
0.0000000000
0.0000000000
0.0000000000
0.0000000000
0.0000000000
0.0000000000
0.0000000000
0.0000000000
0.0000000000
0.0000000000
0.0000000000
0.0000000000
0.0000000000
0.0000000000
0.0000000000
0.0000000000
0.0000000000
0.0000000000
0.0000000000
0.0000000000
0.0000000000
0.0000000000
0.0000000000
0.0000000000
0.0000000000
0.0000000000
0.0000000000
0.0000000000
0.0000000000
0.0000000000
0.0000000000
0.0000000000
0.0000000000
0.0000000000
0.0000000000
0.0000000000
0.0000000000
0.0000000000
0.0000000000
0.0000000000
0.0000000000
0.0000000000
0.0000000000
0.0000000000
0.0000000000
0.0000000000
0.0000000000
0.0000000000
0.0000000000
0.0000000000
0.0000000000
0.0000000000
0.0000000000
0.0000000000
0.0000000000
0.0000000000
0.0000000000
0.0000000000
0.0000000000
0.0000000000
0.0000000000
0.0000000000
0.0000000000
0.0000000000
0.0000000000
0.0000000000
0.0000000000
0.0000000000
0.0000000000
0.0000000000
0.0000000000
0.0000000000
0.0000000000
0.0000000000
0.0000000000
0.0000000000
0.0000000000
0.0000000000
0.0000000000
0.0000000000
0.0000000000
0.0000000000
0.0000000000
0.0000000000
0.0000000000
0.0000000000
0.0000000000
0.0000000000
0.0000000000
0.0000000000
0.0000000000
0.0000000000
0.0000000000
0.0000000000
0.0000000000
0.0000000000
0.0000000000
0.0000000000
0.0000000000
0.0000000000
0.0000000000
0.0000000000
0.0000000000
0.0000000000
0.0000000000
0.0000000000
0.0000000000
0.0000000000
0.0000000000
0.0000000000
0.0000000000
0.0000000000
0.0000000000
0.0000000000
0.0000000000
0.0000000000
0.0000000000
0.0000000000
0.0000000000
0.0000000000
0.0000000000
0.0000000000
0.0000000000
0.0000000000
0.0000000000
0.0000000000
0.0000000000
0.0000000000
0.0000000000
0.0000000000
0.0000000000
0.0000000000
0.0000000000
0.0000000000
0.0000000000
0.0000000000
0.0000000000
0.0000000000
0.0000000000
0.0000000000
0.0000000000
0.0000000000
0.0000000000
0.0000000000
0.0000000000
0.0000000000
0.0000000000
0.0000000000
0.0000000000
0.0000000000
0.0000000000
0.0000000000
0.0000000000
0.0000000000
0.0000000000
0.0000000000
0.0000000000
0.0000000000
0.0000000000
0.0000000000
0.0000000000
0.0000000000
0.0000000000
0.0000000000
0.0000000000
0.0000000000
0.0000000000
0.0000000000
0.0000000000
0.0000000000
0.0000000000
0.0000000000
0.0000000000
0.0000000000
0.0000000000
0.0000000000
0.0000000000
0.0000000000
0.0000000000
0.0000000000
0.0000000000
0.0000000000
0.0000000000
0.0000000000
0.0000000000
0.0000000000
0.0000000000
0.0000000000
0.0000000000
0.0000000000
0.0000000000
0.0000000000
0.0000000000
0.0000000000
0.0000000000
0.0000000000
0.0000000000
0.0000000000
0.0000000000
0.0000000000
0.0000000000
0.0000000000
0.0000000000
0.0000000000
0.0000000000
0.0000000000
0.0000000000
0.0000000000
0.0000000000
0.0000000000
0.0000000000
0.0000000000
0.0000000000
0.0000000000
0.0000000000
0.0000000000
0.0000000000
0.0000000000
0.0000000000
0.0000000000
0.0000000000
0.0000000000
0.0000000000
0.0000000000
0.0000000000
0.0000000000
0.0000000000
0.0000000000
0.0000000000
0.0000000000
0.0000000000
0.0000000000
0.0000000000
0.0000000000
0.0000000000
0.0000000000
0.0000000000
0.0000000000
0.0000000000
0.0000000000
0.0000000000
0.0000000000
0.0000000000
0.0000000000
0.0000000000
0.0000000000
0.0000000000
0.0000000000
0.0000000000
0.0000000000
0.0000000000
0.0000000000
0.0000000000
0.0000000000
0.0000000000
0.0000000000
0.0000000000
0.0000000000
0.0000000000
0.0000000000
0.0000000000
0.0000000000
0.0000000000
0.0000000000
0.0000000000
0.0000000000
0.0000000000
0.0000000000
0.0000000000
0.0000000000
0.0000000000
0.0000000000
0.0000000000
0.0000000000
0.0000000000
0.0000000000
0.0000000000
0.0000000000
0.0000000000
0.0000000000
0.0000000000
0.0000000000
0.0000000000
0.0000000000
0.0000000000
0.0000000000
0.0000000000
0.0000000000
0.0000000000
0.0000000000
0.0000000000
0.0000000000
0.0000000000
0.0000000000
0.0000000000
0.0000000000
0.0000000000
0.0000000000
0.0000000000
0.0000000000
0.0000000000
0.0000000000
0.0000000000
0.0000000000
0.0000000000
0.0000000000
0.0000000000
0.0000000000
0.0000000000
0.0000000000
0.0000000000
0.0000000000
0.0000000000
0.0000000000
0.0000000000
0.0000000000
0.0000000000
0.0000000000
0.0000000000
0.0000000000
0.0000000000
0.0000000000
0.0000000000
0.0000000000
0.0000000000
0.0000000000
0.0000000000
0.0000000000
0.0000000000
0.0000000000
0.0000000000
0.0000000000
0.0000000000
0.0000000000
0.0000000000
0.0000000000
0.0000000000
0.0000000000
0.0000000000
0.0000000000
0.0000000000
0.0000000000
0.0000000000
0.0000000000
0.0000000000
0.0000000000
0.0000000000
0.0000000000
0.0000000000
0.0000000000
0.0000000000
0.0000000000
0.0000000000
0.0000000000
0.0000000000
0.0000000000
0.0000000000
0.0000000000
0.0000000000
0.0000000000
0.0000000000
0.0000000000
0.0000000000
0.0000000000
0.0000000000
0.0000000000
0.0000000000
0.0000000000
0.0000000000
0.0000000000
0.0000000000
0.0000000000
0.0000000000
0.0000000000
0.0000000000
0.0000000000
0.0000000000
0.0000000000
0.0000000000
0.0000000000
0.0000000000
0.0000000000
0.0000000000
0.0000000000
0.0000000000
0.0000000000
0.0000000000
0.0000000000
0.0000000000
0.0000000000
0.0000000000
0.0000000000
0.0000000000
0.0000000000
0.0000000000
0.0000000000
0.0000000000
0.0000000000
0.0000000000
0.0000000000
0.0000000000
0.0000000000
0.0000000000
0.0000000000
0.0000000000
0.0000000000
0.0000000000
0.0000000000
0.0000000000
0.0000000000
0.0000000000
0.0000000000
0.0000000000
0.0000000000
0.0000000000
0.0000000000
0.0000000000
0.0000000000
0.0000000000
0.0000000000
0.0000000000
0.0000000000
0.0000000000
0.0000000000
0.0000000000
0.0000000000
0.0000000000
0.0000000000
0.0000000000
0.0000000000
0.0000000000
0.0000000000
0.0000000000
0.0000000000
0.0000000000
0.0000000000
0.0000000000
0.0000000000
0.0000000000
0.0000000000
0.0000000000
0.0000000000
0.0000000000
0.0000000000
0.0000000000
0.0000000000
0.0000000000
0.0000000000
0.0000000000
0.0000000000
0.0000000000
0.0000000000
0.0000000000
0.0000000000
0.0000000000
0.0000000000
0.0000000000
0.0000000000
0.0000000000
0.0000000000
0.0000000000
0.0000000000
0.0000000000
0.0000000000
0.0000000000
0.0000000000
0.0000000000
0.0000000000
0.0000000000
0.0000000000
0.0000000000
0.0000000000
0.0000000000
0.0000000000
0.0000000000
0.0000000000
0.0000000000
0.0000000000
0.0000000000
0.0000000000
0.0000000000
0.0000000000
0.0000000000
0.0000000000
0.0000000000
0.0000000000
0.0000000000
0.0000000000
0.0000000000
0.0000000000
0.0000000000
0.0000000000
0.0000000000
0.0000000000
0.0000000000
0.0000000000
0.0000000000
0.0000000000
0.0000000000
0.0000000000
0.0000000000
0.0000000000
0.0000000000
0.0000000000
0.0000000000
0.0000000000
0.0000000000
0.0000000000
0.0000000000
0.0000000000
0.0000000000
0.0000000000
0.0000000000
0.0000000000
0.0000000000
0.0000000000
0.0000000000
0.0000000000
0.0000000000
0.0000000000
0.0000000000
0.0000000000
0.0000000000
0.0000000000
0.0000000000
0.0000000000
0.0000000000
0.0000000000
0.0000000000
0.0000000000
0.0000000000
0.0000000000
0.0000000000
0.0000000000
0.0000000000
0.0000000000
0.0000000000
0.0000000000
0.0000000000
0.0000000000
0.0000000000
0.0000000000
0.0000000000
0.0000000000
0.0000000000
0.0000000000
0.0000000000
0.0000000000
0.0000000000
0.0000000000
0.0000000000
0.0000000000
0.0000000000
0.0000000000
0.0000000000
0.0000000000
0.0000000000
0.0000000000
0.0000000000
0.0000000000
0.0000000000
0.0000000000
0.0000000000
0.0000000000
0.0000000000
0.0000000000
0.0000000000
0.0000000000
0.0000000000
0.0000000000
0.0000000000
0.0000000000
0.0000000000
0.0000000000
0.0000000000
0.0000000000
0.0000000000
0.0000000000
0.0000000000
0.0000000000
0.0000000000
0.0000000000
0.0000000000
0.0000000000
0.0000000000
0.0000000000
0.0000000000
0.0000000000
0.0000000000
0.0000000000
0.0000000000
0.0000000000
0.0000000000
0.0000000000
0.0000000000
0.0000000000
0.0000000000
0.0000000000
0.0000000000
0.0000000000
0.0000000000
0.0000000000
0.0000000000
0.0000000000
0.0000000000
0.0000000000
0.0000000000
0.0000000000
0.0000000000
0.0000000000
0.0000000000
0.0000000000
0.0000000000
0.0000000000
0.0000000000
0.0000000000
0.0000000000
0.0000000000
0.0000000000
0.0000000000
0.0000000000
0.0000000000
0.0000000000
0.0000000000
0.0000000000
0.0000000000
0.0000000000
0.0000000000
0.0000000000
0.0000000000
0.0000000000
0.0000000000
0.0000000000
0.0000000000
0.0000000000
0.0000000000
0.0000000000
0.0000000000
0.0000000000
0.0000000000
0.0000000000
0.0000000000
0.0000000000
0.0000000000
0.0000000000
0.0000000000
0.0000000000
0.0000000000
0.0000000000
0.0000000000
0.0000000000
0.0000000000
0.0000000000
0.0000000000
0.0000000000
0.0000000000
0.0000000000
0.0000000000
0.0000000000
0.0000000000
0.0000000000
0.0000000000
0.0000000000
0.0000000000
0.0000000000
0.0000000000
0.0000000000
0.0000000000
0.0000000000
0.0000000000
0.0000000000
0.0000000000
0.0000000000
0.0000000000
0.0000000000
0.0000000000
0.0000000000
0.0000000000
0.0000000000
0.0000000000
0.0000000000
0.0000000000
0.0000000000
0.0000000000
0.0000000000
0.0000000000
0.0000000000
0.0000000000
0.0000000000
0.0000000000
0.0000000000
0.0000000000
0.0000000000
0.0000000000
0.0000000000
0.0000000000
0.0000000000
0.0000000000
0.0000000000
0.0000000000
0.0000000000
0.0000000000
0.0000000000
0.0000000000
0.0000000000
0.0000000000
0.0000000000
0.0000000000
0.0000000000
0.0000000000
0.0000000000
0.0000000000
0.0000000000
0.0000000000
0.0000000000
0.0000000000
0.0000000000
0.0000000000
0.0000000000
0.0000000000
0.0000000000
0.0000000000
0.0000000000
0.0000000000
0.0000000000
0.0000000000
0.0000000000
0.0000000000
0.0000000000
0.0000000000
0.0000000000
0.0000000000
0.0000000000
0.0000000000
0.0000000000
0.0000000000
0.0000000000
0.0000000000
0.0000000000
0.0000000000
0.0000000000
0.0000000000
0.0000000000
0.0000000000
0.0000000000
0.0000000000
0.0000000000
0.0000000000
0.0000000000
0.0000000000
0.0000000000
0.0000000000
0.0000000000
0.0000000000
0.0000000000
0.0000000000
0.0000000000
0.0000000000
0.0000000000
0.0000000000
0.0000000000
0.0000000000
0.0000000000
0.0000000000
0.0000000000
0.0000000000
0.0000000000
0.0000000000
0.0000000000
0.0000000000
0.0000000000
0.0000000000
0.0000000000
0.0000000000
0.0000000000
0.0000000000
0.0000000000
0.0000000000
0.0000000000
0.0000000000
0.0000000000
0.0000000000
0.0000000000
0.0000000000
0.0000000000
0.0000000000
0.0000000000
0.0000000000
0.0000000000
0.0000000000
0.0000000000
0.0000000000
0.0000000000
0.0000000000
0.0000000000
0.0000000000
0.0000000000
0.0000000000
0.0000000000
0.0000000000
0.0000000000
0.0000000000
0.0000000000
0.0000000000
0.0000000000
0.0000000000
0.0000000000
0.0000000000
0.0000000000
0.0000000000
0.0000000000
0.0000000000
0.0000000000
0.0000000000
0.0000000000
0.0000000000
0.0000000000
0.0000000000
0.0000000000
0.0000000000
0.0000000000
0.0000000000
0.0000000000
0.0000000000
0.0000000000
0.0000000000
0.0000000000
0.0000000000
0.0000000000
0.0000000000
0.0000000000
0.0000000000
0.0000000000
0.0000000000
0.0000000000
0.0000000000
0.0000000000
0.0000000000
0.0000000000
0.0000000000
0.0000000000
0.0000000000
0.0000000000
0.0000000000
0.0000000000
0.0000000000
0.0000000000
0.0000000000
0.0000000000
0.0000000000
0.0000000000
0.0000000000
0.0000000000
0.0000000000
0.0000000000
0.0000000000
0.0000000000
0.0000000000
0.0000000000
0.0000000000
0.0000000000
0.0000000000
0.0000000000
0.0000000000
0.0000000000
0.0000000000
0.0000000000
0.0000000000
0.0000000000
0.0000000000
0.0000000000
0.0000000000
0.0000000000
0.0000000000
0.0000000000
0.0000000000
0.0000000000
0.0000000000
0.0000000000
0.0000000000
0.0000000000
0.0000000000
0.0000000000
0.0000000000
0.0000000000
0.0000000000
0.0000000000
0.0000000000
0.0000000000
0.0000000000
0.0000000000
0.0000000000
0.0000000000
0.0000000000
0.0000000000
0.0000000000
0.0000000000
0.0000000000
0.0000000000
0.0000000000
0.0000000000
0.0000000000
0.0000000000
0.0000000000
0.0000000000
0.0000000000
0.0000000000
0.0000000000
0.0000000000
0.0000000000
0.0000000000
0.0000000000
0.0000000000
0.0000000000
0.0000000000
0.0000000000
0.0000000000
0.0000000000
0.0000000000
0.0000000000
0.0000000000
0.0000000000
0.0000000000
0.0000000000
0.0000000000
0.0000000000
0.0000000000
0.0000000000
0.0000000000
0.0000000000
0.0000000000
0.0000000000
0.0000000000
0.0000000000
0.0000000000
0.0000000000
0.0000000000
0.0000000000
0.0000000000
0.0000000000
0.0000000000
0.0000000000
0.0000000000
0.0000000000
0.0000000000
0.0000000000
0.0000000000
0.0000000000
0.0000000000
0.0000000000
0.0000000000
0.0000000000
0.0000000000
0.0000000000
0.0000000000
0.0000000000
0.0000000000
0.0000000000
0.0000000000
0.0000000000
0.0000000000
0.0000000000
0.0000000000
0.0000000000
0.0000000000
0.0000000000
0.0000000000
0.0000000000
0.0000000000
0.0000000000
0.0000000000
0.0000000000
0.0000000000
0.0000000000
0.0000000000
0.0000000000
0.0000000000
0.0000000000
0.0000000000
0.0000000000
0.0000000000
0.0000000000
0.0000000000
0.0000000000
0.0000000000
0.0000000000
0.0000000000
0.0000000000
0.0000000000
0.0000000000
0.0000000000
0.0000000000
0.0000000000
0.0000000000
0.0000000000
0.0000000000
0.0000000000
0.0000000000
0.0000000000
0.0000000000
0.0000000000
0.0000000000
0.0000000000
0.0000000000
0.0000000000
0.0000000000
0.0000000000
0.0000000000
0.0000000000
0.0000000000
0.0000000000
0.0000000000
0.0000000000
0.0000000000
0.0000000000
0.0000000000
0.0000000000
0.0000000000
0.0000000000
0.0000000000
0.0000000000
0.0000000000
0.0000000000
0.0000000000
0.0000000000
0.0000000000
0.0000000000
0.0000000000
0.0000000000
0.0000000000
0.0000000000
0.0000000000
0.0000000000
0.0000000000
0.0000000000
0.0000000000
0.0000000000
0.0000000000
0.0000000000
0.0000000000
0.0000000000
0.0000000000
0.0000000000
0.0000000000
0.0000000000
0.0000000000
0.0000000000
0.0000000000
0.0000000000
0.0000000000
0.0000000000
0.0000000000
0.0000000000
0.0000000000
0.0000000000
0.0000000000
0.0000000000
0.0000000000
0.0000000000
0.0000000000
0.0000000000
0.0000000000
0.0000000000
0.0000000000
0.0000000000
0.0000000000
0.0000000000
0.0000000000
0.0000000000
0.0000000000
0.0000000000
0.0000000000
0.0000000000
0.0000000000
0.0000000000
0.0000000000
0.0000000000
0.0000000000
0.0000000000
0.0000000000
0.0000000000
0.0000000000
0.0000000000
0.0000000000
0.0000000000
0.0000000000
0.0000000000
0.0000000000
0.0000000000
0.0000000000
0.0000000000
0.0000000000
0.0000000000
0.0000000000
0.0000000000
0.0000000000
0.0000000000
0.0000000000
0.0000000000
0.0000000000
0.0000000000
0.0000000000
0.0000000000
0.0000000000
0.0000000000
0.0000000000
0.0000000000
0.0000000000
0.0000000000
0.0000000000
0.0000000000
0.0000000000
0.0000000000
0.0000000000
0.0000000000
0.0000000000
0.0000000000
0.0000000000
0.0000000000
0.0000000000
0.0000000000
0.0000000000
0.0000000000
0.0000000000
0.0000000000
0.0000000000
0.0000000000
0.0000000000
0.0000000000
0.0000000000
0.0000000000
0.0000000000
0.0000000000
0.0000000000
0.0000000000
0.0000000000
0.0000000000
0.0000000000
0.0000000000
0.0000000000
0.0000000000
0.0000000000
0.0000000000
0.0000000000
0.0000000000
0.0000000000
0.0000000000
0.0000000000
0.0000000000
0.0000000000
0.0000000000
0.0000000000
0.0000000000
0.0000000000
0.0000000000
0.0000000000
0.0000000000
0.0000000000
0.0000000000
0.0000000000
0.0000000000
0.0000000000
0.0000000000
0.0000000000
0.0000000000
0.0000000000
0.0000000000
0.0000000000
0.0000000000
0.0000000000
0.0000000000
0.0000000000
0.0000000000
0.0000000000
0.0000000000
0.0000000000
0.0000000000
0.0000000000
0.0000000000
0.0000000000
0.0000000000
0.0000000000
0.0000000000
0.0000000000
0.0000000000
0.0000000000
0.0000000000
0.0000000000
0.0000000000
0.0000000000
0.0000000000
0.0000000000
0.0000000000
0.0000000000
0.0000000000
0.0000000000
0.0000000000
0.0000000000
0.0000000000
0.0000000000
0.0000000000
0.0000000000
0.0000000000
0.0000000000
0.0000000000
0.0000000000
0.0000000000
0.0000000000
0.0000000000
0.0000000000
0.0000000000
0.0000000000
0.0000000000
0.0000000000
0.0000000000
0.0000000000
0.0000000000
0.0000000000
0.0000000000
0.0000000000
0.0000000000
0.0000000000
0.0000000000
0.0000000000
0.0000000000
0.0000000000
0.0000000000
0.0000000000
0.0000000000
0.0000000000
0.0000000000
0.0000000000
0.0000000000
0.0000000000
0.0000000000
0.0000000000
0.0000000000
0.0000000000
0.0000000000
0.0000000000
0.0000000000
0.0000000000
0.0000000000
0.0000000000
0.0000000000
0.0000000000
0.0000000000
0.0000000000
0.0000000000
0.0000000000
0.0000000000
0.0000000000
0.0000000000
0.0000000000
0.0000000000
0.0000000000
0.0000000000
0.0000000000
0.0000000000
0.0000000000
0.0000000000
0.0000000000
0.0000000000
0.0000000000
0.0000000000
0.0000000000
0.0000000000
0.0000000000
0.0000000000
0.0000000000
0.0000000000
0.0000000000
0.0000000000
0.0000000000
0.0000000000
0.0000000000
0.0000000000
0.0000000000
0.0000000000
0.0000000000
0.0000000000
0.0000000000
0.0000000000
0.0000000000
0.0000000000
0.0000000000
0.0000000000
0.0000000000
0.0000000000
0.0000000000
0.0000000000
0.0000000000
0.0000000000
0.0000000000
0.0000000000
0.0000000000
0.0000000000
0.0000000000
0.0000000000
0.0000000000
0.0000000000
0.0000000000
0.0000000000
0.0000000000
0.0000000000
0.0000000000
0.0000000000
0.0000000000
0.0000000000
0.0000000000
0.0000000000
0.0000000000
0.0000000000
0.0000000000
0.0000000000
0.0000000000
0.0000000000
0.0000000000
0.0000000000
0.0000000000
0.0000000000
0.0000000000
0.0000000000
0.0000000000
0.0000000000
0.0000000000
0.0000000000
0.0000000000
0.0000000000
0.0000000000
0.0000000000
0.0000000000
0.0000000000
0.0000000000
0.0000000000
0.0000000000
0.0000000000
0.0000000000
0.0000000000
0.0000000000
0.0000000000
0.0000000000
0.0000000000
0.0000000000
0.0000000000
0.0000000000
0.0000000000
0.0000000000
0.0000000000
0.0000000000
0.0000000000
0.0000000000
0.0000000000
0.0000000000
0.0000000000
0.0000000000
0.0000000000
0.0000000000
0.0000000000
0.0000000000
0.0000000000
0.0000000000
0.0000000000
0.0000000000
0.0000000000
0.0000000000
0.0000000000
0.0000000000
0.0000000000
0.0000000000
0.0000000000
0.0000000000
0.0000000000
0.0000000000
0.0000000000
0.0000000000
0.0000000000
0.0000000000
0.0000000000
0.0000000000
0.0000000000
0.0000000000
0.0000000000
0.0000000000
0.0000000000
0.0000000000
0.0000000000
0.0000000000
0.0000000000
0.0000000000
0.0000000000
0.0000000000
0.0000000000
0.0000000000
0.0000000000
0.0000000000
0.0000000000
0.0000000000
0.0000000000
0.0000000000
0.0000000000
0.0000000000
0.0000000000
0.0000000000
0.0000000000
0.0000000000
0.0000000000
0.0000000000
0.0000000000
0.0000000000
0.0000000000
0.0000000000
0.0000000000
0.0000000000
0.0000000000
0.0000000000
0.0000000000
0.0000000000
0.0000000000
0.0000000000
0.0000000000
0.0000000000
0.0000000000
0.0000000000
0.0000000000
0.0000000000
0.0000000000
0.0000000000
0.0000000000
0.0000000000
0.0000000000
0.0000000000
0.0000000000
0.0000000000
0.0000000000
0.0000000000
0.0000000000
0.0000000000
0.0000000000
0.0000000000
0.0000000000
0.0000000000
0.0000000000
0.0000000000
0.0000000000
0.0000000000
0.0000000000
0.0000000000
0.0000000000
0.0000000000
0.0000000000
0.0000000000
0.0000000000
0.0000000000
0.0000000000
0.0000000000
0.0000000000
0.0000000000
0.0000000000
0.0000000000
0.0000000000
0.0000000000
0.0000000000
0.0000000000
0.0000000000
0.0000000000
0.0000000000
0.0000000000
0.0000000000
0.0000000000
0.0000000000
0.0000000000
0.0000000000
0.0000000000
0.0000000000
0.0000000000
0.0000000000
0.0000000000
0.0000000000
0.0000000000
0.0000000000
0.0000000000
0.0000000000
0.0000000000
0.0000000000
0.0000000000
0.0000000000
0.0000000000
0.0000000000
0.0000000000
0.0000000000
0.0000000000
0.0000000000
0.0000000000
0.0000000000
0.0000000000
0.0000000000
0.0000000000
0.0000000000
0.0000000000
0.0000000000
0.0000000000
0.0000000000
0.0000000000
0.0000000000
0.0000000000
0.0000000000
0.0000000000
0.0000000000
0.0000000000
0.0000000000
0.0000000000
0.0000000000
0.0000000000
0.0000000000
0.0000000000
0.0000000000
0.0000000000
0.0000000000
0.0000000000
0.0000000000
0.0000000000
0.0000000000
0.0000000000
0.0000000000
0.0000000000
0.0000000000
0.0000000000
0.0000000000
0.0000000000
0.0000000000
0.0000000000
0.0000000000
0.0000000000
0.0000000000
0.0000000000
0.0000000000
0.0000000000
0.0000000000
0.0000000000
0.0000000000
0.0000000000
0.0000000000
0.0000000000
0.0000000000
0.0000000000
0.0000000000
0.0000000000
0.0000000000
0.0000000000
0.0000000000
0.0000000000
0.0000000000
0.0000000000
0.0000000000
0.0000000000
0.0000000000
0.0000000000
0.0000000000
0.0000000000
0.0000000000
0.0000000000
0.0000000000
0.0000000000
0.0000000000
0.0000000000
0.0000000000
0.0000000000
0.0000000000
0.0000000000
0.0000000000
0.0000000000
0.0000000000
0.0000000000
0.0000000000
0.0000000000
0.0000000000
0.0000000000
0.0000000000
0.0000000000
0.0000000000
0.0000000000
0.0000000000
0.0000000000
0.0000000000
0.0000000000
0.0000000000
0.0000000000
0.0000000000
0.0000000000
0.0000000000
0.0000000000
0.0000000000
0.0000000000
0.0000000000
0.0000000000
0.0000000000
0.0000000000
0.0000000000
0.0000000000
0.0000000000
0.0000000000
0.0000000000
0.0000000000
0.0000000000
0.0000000000
0.0000000000
0.0000000000
0.0000000000
0.0000000000
0.0000000000
0.0000000000
0.0000000000
0.0000000000
0.0000000000
0.0000000000
0.0000000000
0.0000000000
0.0000000000
0.0000000000
0.0000000000
0.0000000000
0.0000000000
0.0000000000
0.0000000000
0.0000000000
0.0000000000
0.0000000000
0.0000000000
0.0000000000
0.0000000000
0.0000000000
0.0000000000
0.0000000000
0.0000000000
0.0000000000
0.0000000000
0.0000000000
0.0000000000
0.0000000000
0.0000000000
0.0000000000
0.0000000000
0.0000000000
0.0000000000
0.0000000000
0.0000000000
0.0000000000
0.0000000000
0.0000000000
0.0000000000
0.0000000000
0.0000000000
0.0000000000
0.0000000000
0.0000000000
0.0000000000
0.0000000000
0.0000000000
0.0000000000
0.0000000000
0.0000000000
0.0000000000
0.0000000000
0.0000000000
0.0000000000
0.0000000000
0.0000000000
0.0000000000
0.0000000000
0.0000000000
0.0000000000
0.0000000000
0.0000000000
0.0000000000
0.0000000000
0.0000000000
0.0000000000
0.0000000000
0.0000000000
0.0000000000
0.0000000000
0.0000000000
0.0000000000
0.0000000000
0.0000000000
0.0000000000
0.0000000000
0.0000000000
0.0000000000
0.0000000000
0.0000000000
0.0000000000
0.0000000000
0.0000000000
0.0000000000
0.0000000000
0.0000000000
0.0000000000
0.0000000000
0.0000000000
0.0000000000
0.0000000000
0.0000000000
0.0000000000
0.0000000000
0.0000000000
0.0000000000
0.0000000000
0.0000000000
0.0000000000
0.0000000000
0.0000000000
0.0000000000
0.0000000000
0.0000000000
0.0000000000
0.0000000000
0.0000000000
0.0000000000
0.0000000000
0.0000000000
0.0000000000
0.0000000000
0.0000000000
0.0000000000
0.0000000000
0.0000000000
0.0000000000
0.0000000000
0.0000000000
0.0000000000
0.0000000000
0.0000000000
0.0000000000
0.0000000000
0.0000000000
0.0000000000
0.0000000000
0.0000000000
0.0000000000
0.0000000000
0.0000000000
0.0000000000
0.0000000000
0.0000000000
0.0000000000
0.0000000000
0.0000000000
0.0000000000
0.0000000000
0.0000000000
0.0000000000
0.0000000000
0.0000000000
0.0000000000
0.0000000000
0.0000000000
0.0000000000
0.0000000000
0.0000000000
0.0000000000
0.0000000000
0.0000000000
0.0000000000
0.0000000000
0.0000000000
0.0000000000
0.0000000000
0.0000000000
0.0000000000
0.0000000000
0.0000000000
0.0000000000
0.0000000000
0.0000000000
0.0000000000
0.0000000000
0.0000000000
0.0000000000
0.0000000000
0.0000000000
0.0000000000
0.0000000000
0.0000000000
0.0000000000
0.0000000000
0.0000000000
0.0000000000
0.0000000000
0.0000000000
0.0000000000
0.0000000000
0.0000000000
0.0000000000
0.0000000000
0.0000000000
0.0000000000
0.0000000000
0.0000000000
0.0000000000
0.0000000000
0.0000000000
0.0000000000
0.0000000000
0.0000000000
0.0000000000
0.0000000000
0.0000000000
0.0000000000
0.0000000000
0.0000000000
0.0000000000
0.0000000000
0.0000000000
0.0000000000
0.0000000000
0.0000000000
0.0000000000
0.0000000000
0.0000000000
0.0000000000
0.0000000000
0.0000000000
0.0000000000
0.0000000000
0.0000000000
0.0000000000
0.0000000000
0.0000000000
0.0000000000
0.0000000000
0.0000000000
0.0000000000
0.0000000000
0.0000000000
0.0000000000
0.0000000000
0.0000000000
0.0000000000
0.0000000000
0.0000000000
0.0000000000
0.0000000000
0.0000000000
0.0000000000
0.0000000000
0.0000000000
0.0000000000
0.0000000000
0.0000000000
0.0000000000
0.0000000000
0.0000000000
0.0000000000
0.0000000000
0.0000000000
0.0000000000
0.0000000000
0.0000000000
0.0000000000
0.0000000000
0.0000000000
0.0000000000
0.0000000000
0.0000000000
0.0000000000
0.0000000000
0.0000000000
0.0000000000
0.0000000000
0.0000000000
0.0000000000
0.0000000000
0.0000000000
0.0000000000
0.0000000000
0.0000000000
0.0000000000
0.0000000000
0.0000000000
0.0000000000
0.0000000000
0.0000000000
0.0000000000
0.0000000000
0.0000000000
0.0000000000
0.0000000000
0.0000000000
0.0000000000
0.0000000000
0.0000000000
0.0000000000
0.0000000000
0.0000000000
0.0000000000
0.0000000000
0.0000000000
0.0000000000
0.0000000000
0.0000000000
0.0000000000
0.0000000000
0.0000000000
0.0000000000
0.0000000000
0.0000000000
0.0000000000
0.0000000000
0.0000000000
0.0000000000
0.0000000000
0.0000000000
0.0000000000
0.0000000000
0.0000000000
0.0000000000
0.0000000000
0.0000000000
0.0000000000
0.0000000000
0.0000000000
0.0000000000
0.0000000000
0.0000000000
0.0000000000
0.0000000000
0.0000000000
0.0000000000
0.0000000000
0.0000000000
0.0000000000
0.0000000000
0.0000000000
0.0000000000
0.0000000000
0.0000000000
0.0000000000
0.0000000000
0.0000000000
0.0000000000
0.0000000000
0.0000000000
0.0000000000
0.0000000000
0.0000000000
0.0000000000
0.0000000000
0.0000000000
0.0000000000
0.0000000000
0.0000000000
0.0000000000
0.0000000000
0.0000000000
0.0000000000
0.0000000000
0.0000000000
0.0000000000
0.0000000000
0.0000000000
0.0000000000
0.0000000000
0.0000000000
0.0000000000
0.0000000000
0.0000000000
0.0000000000
0.0000000000
0.0000000000
0.0000000000
0.0000000000
0.0000000000
0.0000000000
0.0000000000
0.0000000000
0.0000000000
0.0000000000
0.0000000000
0.0000000000
0.0000000000
0.0000000000
0.0000000000
0.0000000000
0.0000000000
0.0000000000
0.0000000000
0.0000000000
0.0000000000
0.0000000000
0.0000000000
0.0000000000
0.0000000000
0.0000000000
0.0000000000
0.0000000000
0.0000000000
0.0000000000
0.0000000000
0.0000000000
0.0000000000
0.0000000000
0.0000000000
0.0000000000
0.0000000000
0.0000000000
0.0000000000
0.0000000000
0.0000000000
0.0000000000
0.0000000000
0.0000000000
0.0000000000
0.0000000000
0.0000000000
0.0000000000
0.0000000000
0.0000000000
0.0000000000
0.0000000000
0.0000000000
0.0000000000
0.0000000000
0.0000000000
0.0000000000
0.0000000000
0.0000000000
0.0000000000
0.0000000000
0.0000000000
0.0000000000
0.0000000000
0.0000000000
0.0000000000
0.0000000000
0.0000000000
0.0000000000
0.0000000000
0.0000000000
0.0000000000
0.0000000000
0.0000000000
0.0000000000
0.0000000000
0.0000000000
0.0000000000
0.0000000000
0.0000000000
0.0000000000
0.0000000000
0.0000000000
0.0000000000
0.0000000000
0.0000000000
0.0000000000
0.0000000000
0.0000000000
0.0000000000
0.0000000000
0.0000000000
0.0000000000
0.0000000000
0.0000000000
0.0000000000
0.0000000000
0.0000000000
0.0000000000
0.0000000000
0.0000000000
0.0000000000
0.0000000000
0.0000000000
0.0000000000
0.0000000000
0.0000000000
0.0000000000
0.0000000000
0.0000000000
0.0000000000
0.0000000000
0.0000000000
0.0000000000
0.0000000000
0.0000000000
0.0000000000
0.0000000000
0.0000000000
0.0000000000
0.0000000000
0.0000000000
0.0000000000
0.0000000000
0.0000000000
0.0000000000
0.0000000000
0.0000000000
0.0000000000
0.0000000000
0.0000000000
0.0000000000
0.0000000000
0.0000000000
0.0000000000
0.0000000000
0.0000000000
0.0000000000
0.0000000000
0.0000000000
0.0000000000
0.0000000000
0.0000000000
0.0000000000
0.0000000000
0.0000000000
0.0000000000
0.0000000000
0.0000000000
0.0000000000
0.0000000000
0.0000000000
0.0000000000
0.0000000000
0.0000000000
0.0000000000
0.0000000000
0.0000000000
0.0000000000
0.0000000000
0.0000000000
0.0000000000
0.0000000000
0.0000000000
0.0000000000
0.0000000000
0.0000000000
0.0000000000
0.0000000000
0.0000000000
0.0000000000
0.0000000000
0.0000000000
0.0000000000
0.0000000000
0.0000000000
0.0000000000
