0.0002621582
0.0002702398
0.0002781364
0.0002795416
0.0002721046
0.0002604646
0.0002439531
0.0002323366
0.0002166219
0.0001952105
0.0001619671
0.0000989121
0.0000332453
-0.0000073050
-0.0000273200
-0.0000101656
0.0000754086
0.0002736324
0.0005542741
0.0008377946
0.0010991386
0.0012697566
0.0014240644
0.0015736254
0.0015870267
0.0015094658
0.0013223583
0.0010456817
0.0007021690
0.0002913930
0.0000530803
-0.0000313753
0.0000894129
0.0004383920
0.0009748431
0.0015463187
0.0021013871
0.0026492008
0.0029494252
0.0027702170
0.0019214965
0.0004481876
-0.0013665750
-0.0035368024
-0.0058489472
-0.0078846673
-0.0093763096
-0.0103417552
-0.0106704508
-0.0102724549
-0.0091276346
-0.0072565850
-0.0050938296
-0.0032695225
-0.0018873497
-0.0009053655
0.0000119391
0.0007282459
0.0012891133
0.0016240515
0.0014478478
0.0012021553
0.0011107947
0.0011787170
0.0012541709
0.0017499306
0.0029822827
0.0050929554
0.0077680483
0.0106495724
0.0134017757
0.0157663537
0.0171976841
0.0167608291
0.0150101204
0.0120419813
0.0077777735
0.0029568848
-0.0016275452
-0.0051021435
-0.0074828163
-0.0085568709
-0.0092303319
-0.0096502177
-0.0094664425
-0.0093156063
-0.0092766889
-0.0088892509
-0.0080380596
-0.0068985890
-0.0055478203
-0.0041698327
-0.0030297479
-0.0024791033
-0.0024998621
-0.0028266156
-0.0034334519
-0.0040363828
-0.0044048692
-0.0043505188
-0.0037917214
-0.0029698539
-0.0014104724
0.0001857872
0.0014770384
0.0023591496
0.0026976015
0.0023450156
0.0014908077
0.0007341510
0.0010521804
0.0022265973
0.0038599814
0.0056528115
0.0069614322
0.0069943921
0.0056573119
0.0037579839
0.0027370360
0.0025705825
0.0036030503
0.0059860241
0.0088033354
0.0113438160
0.0122994698
0.0116322786
0.0100014777
0.0076568997
0.0050480014
0.0024343087
-0.0003608260
-0.0033781682
-0.0062209107
-0.0079790590
-0.0088888929
-0.0092743159
-0.0091585753
-0.0086105968
-0.0075594979
-0.0060332845
-0.0045338528
-0.0032166885
-0.0017850708
-0.0002546687
0.0012727936
0.0026798131
0.0036199378
0.0042084045
0.0042258483
0.0037273949
0.0023246010
0.0011613278
0.0004419482
-0.0001784410
-0.0003697247
-0.0006008676
-0.0014156644
-0.0028404973
-0.0048261455
-0.0072830753
-0.0092405733
-0.0097913745
-0.0092094660
-0.0077137354
-0.0053789867
-0.0025632108
0.0002573338
0.0021722632
0.0037348740
0.0048392221
0.0049860074
0.0046799554
0.0044052438
0.0048034354
0.0057311625
0.0064203728
0.0067032900
0.0068033437
0.0070617939
0.0074484992
0.0077350093
0.0076108965
0.0069963862
0.0059957784
0.0040768585
0.0014518316
-0.0017984588
-0.0055181784
-0.0093273382
-0.0131029968
-0.0166243726
-0.0190957860
-0.0200199454
-0.0196239395
-0.0180932715
-0.0157991471
-0.0133440241
-0.0108581311
-0.0083180585
-0.0055611050
-0.0033721811
-0.0021293216
-0.0011722228
-0.0003944197
0.0007463795
0.0028448740
0.0060098416
0.0093330625
0.0125040151
0.0157231940
0.0184525706
0.0203248483
0.0210030886
0.0204212926
0.0188769527
0.0161404570
0.0121450449
0.0075264631
0.0027240348
-0.0017158871
-0.0063900607
-0.0103106271
-0.0120774224
-0.0123430208
-0.0117541681
-0.0106569537
-0.0089097546
-0.0065987109
-0.0041906194
-0.0021441592
-0.0007263075
-0.0000766311
-0.0003304969
-0.0015060611
-0.0036047455
-0.0060236634
-0.0079616070
-0.0091195955
-0.0086022746
-0.0065424164
-0.0038328965
-0.0014411755
0.0003618687
0.0015205677
0.0019341576
0.0018376247
0.0013816553
0.0001256583
-0.0017834680
-0.0036560480
-0.0050813901
-0.0062958729
-0.0069194465
-0.0060792418
-0.0038499806
-0.0004924775
0.0035664934
0.0071957942
0.0099269693
0.0114709179
0.0114232203
0.0108772526
0.0100729304
0.0086796806
0.0067784854
0.0046639314
0.0024002472
-0.0001224711
-0.0028751016
-0.0051098287
-0.0061398286
-0.0058489680
-0.0040221697
-0.0010766370
0.0020580926
0.0044597482
0.0058734517
0.0064255351
0.0063631166
0.0052651070
0.0034945470
0.0014441172
-0.0007026274
-0.0024619955
-0.0038670592
-0.0050179057
-0.0050461737
-0.0040499119
-0.0025580767
-0.0013637120
-0.0009465726
-0.0017056952
-0.0033382625
-0.0048603210
-0.0061635962
-0.0070275476
-0.0068397133
-0.0055001019
-0.0037690163
-0.0023633261
-0.0014174033
-0.0006405548
0.0001649577
0.0017090124
0.0042598240
0.0073438286
0.0106667580
0.0138405333
0.0159619107
0.0165809964
0.0165099934
0.0158784182
0.0146646972
0.0131209734
0.0109162657
0.0075805595
0.0037662270
-0.0002418552
-0.0041053779
-0.0069349876
-0.0089673188
-0.0113972379
-0.0134394109
-0.0145313464
-0.0148495299
-0.0148418197
-0.0143708308
-0.0137509583
-0.0136305508
-0.0142679087
-0.0152447489
-0.0156927320
-0.0152619178
-0.0142483126
-0.0123499733
-0.0089224439
-0.0043512765
0.0004769655
0.0050059616
0.0095236862
0.0136547638
0.0164383534
0.0179895167
0.0188869609
0.0193779414
0.0187774069
0.0161002948
0.0111565353
0.0053542116
0.0008138625
-0.0018333724
-0.0025816103
-0.0011941936
0.0011549385
0.0035234311
0.0061926052
0.0090858404
0.0101201034
0.0092047117
0.0068004961
0.0037343241
0.0000735666
-0.0043633539
-0.0087298053
-0.0123622214
-0.0155081408
-0.0176121536
-0.0178444549
-0.0163099776
-0.0133133831
-0.0100515067
-0.0077226030
-0.0061792706
-0.0051159986
-0.0044817756
-0.0044224586
-0.0046607673
-0.0051054199
-0.0060009699
-0.0069772855
-0.0072568556
-0.0067223366
-0.0046904633
-0.0009880758
0.0037660583
0.0092382669
0.0153569882
0.0213744318
0.0252935828
0.0263045694
0.0252816261
0.0226810208
0.0187719864
0.0148840593
0.0111856526
0.0072335834
0.0037227800
0.0011484311
-0.0012352813
-0.0025016856
-0.0023433053
-0.0009131098
0.0013770658
0.0037628856
0.0055665171
0.0063684038
0.0058496466
0.0040714213
0.0017519444
-0.0010699930
-0.0039458698
-0.0064557598
-0.0080734425
-0.0086556008
-0.0082137333
-0.0063964428
-0.0040451296
-0.0021798023
-0.0008071840
0.0006271244
0.0027891099
0.0056221039
0.0087505962
0.0118977187
0.0149882554
0.0175278159
0.0189129517
0.0195618374
0.0196973281
0.0200695288
0.0208896836
0.0225799138
0.0252162850
0.0279995040
0.0304760423
0.0323599437
0.0338493838
0.0350115438
0.0359220520
0.0364442355
0.0365051845
0.0355850593
0.0333745856
0.0299885756
0.0254444606
0.0192607645
0.0112094951
0.0022779268
-0.0061006489
-0.0139978682
-0.0213062889
-0.0286176072
-0.0359177556
-0.0425869159
-0.0491607851
-0.0541388659
-0.0572369795
-0.0604073243
-0.0640526046
-0.0684695303
-0.0735304167
-0.0787214025
-0.0838853692
-0.0866448082
-0.0849728751
-0.0788666975
-0.0691836406
-0.0578308571
-0.0469167063
-0.0361996570
-0.0238278812
-0.0095276163
0.0054905682
0.0190955487
0.0298237220
0.0367340803
0.0432641820
0.0512428747
0.0591041657
0.0664232441
0.0732585611
0.0806784301
0.0895121151
0.0990644897
0.1114051126
0.1258105061
0.1399860088
0.1508097770
0.1538357427
0.1475171180
0.1351789098
0.1225743831
0.1108822172
0.0979793985
0.0807044916
0.0573035904
0.0295988520
-0.0034751720
-0.0404017419
-0.0752108427
-0.1048812431
-0.1224573977
-0.1307099444
-0.1367384787
-0.1428358720
-0.1471720320
-0.1484734004
-0.1484644079
-0.1504113607
-0.1565843157
-0.1674922634
-0.1813627299
-0.1940689215
-0.1981127847
-0.1941339504
-0.1860550916
-0.1746522667
-0.1606353812
-0.1416022385
-0.1151836563
-0.0806281389
-0.0451712515
-0.0090054203
0.0253517757
0.0474197849
0.0590834747
0.0679935123
0.0807473724
0.0902137358
0.0979618299
0.1055662111
0.1125949077
0.1186039167
0.1213553207
0.1207927502
0.1192450464
0.1185827678
0.1195937128
0.1219580243
0.1239512299
0.1234961944
0.1178652021
0.1050951056
0.0859597985
0.0654550134
0.0434165128
0.0247758206
0.0101516103
0.0013583994
-0.0020717161
-0.0055897976
-0.0129790881
-0.0249716108
-0.0384407342
-0.0471175797
-0.0454008925
-0.0363903265
-0.0266224240
-0.0218098338
-0.0203169716
-0.0177215162
-0.0143338035
-0.0124730619
-0.0137289059
-0.0171574428
-0.0213570630
-0.0261410522
-0.0314453763
-0.0368702079
-0.0409088546
-0.0427061077
-0.0413377621
-0.0371673049
-0.0305446474
-0.0219342754
-0.0124820044
-0.0022689027
0.0079996959
0.0175161174
0.0253973292
0.0329220687
0.0382245861
0.0402201065
0.0404173080
0.0393936570
0.0377451252
0.0359229013
0.0338220775
0.0312483164
0.0277088807
0.0237920445
0.0200244166
0.0162513350
0.0130179763
0.0098234435
0.0059439218
0.0004030273
-0.0073085206
-0.0159309658
-0.0242902148
-0.0320241000
-0.0369256781
-0.0399326972
-0.0406597466
-0.0403903139
-0.0390762895
-0.0360636001
-0.0317258040
-0.0266021535
-0.0210971973
-0.0160576222
-0.0119486636
-0.0089834553
-0.0074388240
-0.0072241913
-0.0079951789
-0.0093282915
-0.0108499046
-0.0118353959
-0.0125591190
-0.0130154992
-0.0120686173
-0.0090675724
-0.0041223962
0.0019713023
0.0077660666
0.0127529108
0.0167906500
0.0202657853
0.0234958301
0.0267194760
0.0297807580
0.0319184926
0.0333913715
0.0341439079
0.0340805693
0.0333651185
0.0321520761
0.0311132878
0.0298173565
0.0274628160
0.0238194590
0.0191932711
0.0142855272
0.0091801281
0.0037018542
-0.0015004704
-0.0061081260
-0.0103469009
-0.0144036866
-0.0185347309
-0.0227630646
-0.0258090053
-0.0282211975
-0.0299589463
-0.0312137995
-0.0321108107
-0.0320647076
-0.0312659100
-0.0295482985
-0.0267384477
-0.0226667619
-0.0174147856
-0.0108321820
-0.0035144099
0.0033719938
0.0089029561
0.0127347677
0.0147393596
0.0160721517
0.0171503154
0.0178566155
0.0181405611
0.0182360727
0.0185787441
0.0195943893
0.0212309769
0.0230164524
0.0246825528
0.0256303341
0.0261647573
0.0263461595
0.0259790087
0.0244833738
0.0213234287
0.0160593791
0.0097167953
0.0029709955
-0.0033171909
-0.0084496108
-0.0131523471
-0.0169131807
-0.0199507117
-0.0223002189
-0.0239720437
-0.0253386783
-0.0264306096
-0.0273784700
-0.0282152483
-0.0287657622
-0.0290147204
-0.0288133849
-0.0277538930
-0.0253662760
-0.0207276860
-0.0133360599
-0.0044732785
0.0030016286
0.0075286654
0.0117113915
0.0160045542
0.0207872860
0.0255598681
0.0295836064
0.0324129243
0.0340453280
0.0349070937
0.0351490911
0.0349027932
0.0340442497
0.0323824041
0.0299548414
0.0263823750
0.0205763211
0.0138655456
0.0072162188
0.0005737541
-0.0048705458
-0.0090762068
-0.0133141075
-0.0182716180
-0.0233364594
-0.0277928063
-0.0302680915
-0.0313274501
-0.0312708184
-0.0311512019
-0.0314813795
-0.0318633013
-0.0311865306
-0.0285977196
-0.0243291197
-0.0192106482
-0.0138665406
-0.0084590903
-0.0035017822
0.0008490160
0.0056543685
0.0107399384
0.0155287444
0.0196505256
0.0226613332
0.0247566783
0.0259884591
0.0263418298
0.0252737077
0.0224223167
0.0177735643
0.0114661802
0.0045487820
-0.0021144932
-0.0090511778
-0.0145157386
-0.0186662167
-0.0225035944
-0.0246405380
-0.0253768630
-0.0257174319
-0.0257522819
-0.0245039566
-0.0217366368
-0.0178872441
-0.0130558072
-0.0079141134
-0.0031312787
0.0010673082
0.0049458827
0.0087152883
0.0123161516
0.0163119759
0.0204662424
0.0239662236
0.0261984083
0.0276669159
0.0284666711
0.0280366687
0.0264520250
0.0237570405
0.0203155520
0.0161499199
0.0115764586
0.0071494913
0.0026154774
-0.0016484977
-0.0052757440
-0.0082415059
-0.0103968258
-0.0124733658
-0.0144611468
-0.0161394204
-0.0165862503
-0.0155771038
-0.0133120967
-0.0106858878
-0.0078920153
-0.0050749621
-0.0021454969
0.0010006965
0.0035210885
0.0054919629
0.0070334760
0.0076611003
0.0074409222
0.0064766881
0.0050160573
0.0034628011
0.0023640492
0.0018451684
0.0008049363
-0.0008078009
-0.0026427849
-0.0036516587
-0.0035921011
-0.0028154957
-0.0019055357
-0.0013129566
-0.0011890750
-0.0010877956
-0.0005984342
0.0003894351
0.0018149158
0.0031943892
0.0045609593
0.0057287978
0.0063915886
0.0070640629
0.0075653389
0.0078237808
0.0078903000
0.0072924133
0.0062103654
0.0047061169
0.0032722494
0.0021293354
0.0012072256
0.0004684206
-0.0007824538
-0.0027338716
-0.0051137505
-0.0077958458
-0.0102226675
-0.0119911696
-0.0127164580
-0.0125159135
-0.0116185817
-0.0101889457
-0.0081956901
-0.0053664888
-0.0019408441
0.0012470052
0.0034447437
0.0048778106
0.0061888376
0.0071082342
0.0077444514
0.0084132246
0.0089019070
0.0091615812
0.0091919307
0.0091432965
0.0087649717
0.0083973129
0.0077360542
0.0064223212
0.0047993638
0.0026286480
0.0002846392
-0.0016283233
-0.0036618356
-0.0058934724
-0.0079402707
-0.0102361687
-0.0124365217
-0.0138258039
-0.0146924781
-0.0152924547
-0.0154713965
-0.0154628329
-0.0153147652
-0.0147169284
-0.0138748295
-0.0131471223
-0.0120501994
-0.0105159052
-0.0082624342
-0.0057971156
-0.0035440006
-0.0012173696
0.0010944642
0.0038224045
0.0064423502
0.0087866868
0.0108714699
0.0123219759
0.0134717505
0.0142687579
0.0142580877
0.0136298764
0.0124513093
0.0109094548
0.0091092167
0.0073761140
0.0055528286
0.0036486696
0.0018564031
0.0005313983
-0.0004240906
-0.0015982556
-0.0029347238
-0.0038581021
-0.0046572120
-0.0053723714
-0.0056996847
-0.0055191609
-0.0052177217
-0.0046402554
-0.0039382175
-0.0029096952
-0.0020894155
-0.0013806928
-0.0006390802
0.0001152260
0.0008299632
0.0014067010
0.0014837124
0.0008073168
-0.0000828194
-0.0008346122
-0.0011734664
-0.0014418761
-0.0016854442
-0.0013955233
-0.0007635022
-0.0000173814
0.0006735563
0.0010961507
0.0016175378
0.0018731445
0.0018335381
0.0014279844
0.0010000866
0.0004302946
-0.0001477217
-0.0005697233
-0.0009245232
-0.0013268054
-0.0020347463
-0.0028623944
-0.0030821624
-0.0029985728
-0.0030314769
-0.0030767715
-0.0032018988
-0.0036168700
-0.0041908068
-0.0049805495
-0.0054734326
-0.0055514172
-0.0050825433
-0.0042810146
-0.0031677511
-0.0020045303
-0.0008278995
0.0001995975
0.0009007885
0.0014441967
0.0015446763
0.0009776554
0.0003202704
-0.0001718735
-0.0003842194
-0.0005100403
-0.0003647660
0.0002053050
0.0010009700
0.0017832860
0.0025555717
0.0035215581
0.0044576416
0.0050833135
0.0055345439
0.0058737931
0.0061049661
0.0066363294
0.0072150489
0.0077307004
0.0085539734
0.0094591611
0.0102070139
0.0106865082
0.0109571107
0.0105731198
0.0099628476
0.0091170185
0.0079597003
0.0064000315
0.0049029603
0.0033916032
0.0014204907
-0.0005953439
-0.0027687012
-0.0047967243
-0.0064842277
-0.0080916564
-0.0093807518
-0.0104739279
-0.0117266787
-0.0128960618
-0.0138940343
-0.0152239496
-0.0164455931
-0.0172336498
-0.0172860226
-0.0163938365
-0.0145481240
-0.0120189214
-0.0090298665
-0.0067197845
-0.0048717948
-0.0025872373
-0.0006336381
0.0012514223
0.0031657657
0.0043362017
0.0045926785
0.0041955028
0.0039910474
0.0038813951
0.0038399052
0.0039235943
0.0036834325
0.0030131760
0.0023281326
0.0019724684
0.0017348062
0.0017336355
0.0018193492
0.0014173221
0.0004110036
-0.0003891510
-0.0008739435
-0.0011284012
-0.0011428982
-0.0013943830
-0.0018988030
-0.0023671995
-0.0028723019
-0.0028295548
-0.0023027027
-0.0014675867
-0.0012309324
-0.0015649543
-0.0020689118
-0.0025108026
-0.0026370822
-0.0025629006
-0.0023898505
-0.0022800671
-0.0021291684
-0.0020340439
-0.0020752161
-0.0017390935
-0.0010991374
-0.0004055771
-0.0000963216
0.0000310052
0.0004070566
0.0011610855
0.0019239199
0.0024626466
0.0031956174
0.0038310693
0.0048426692
0.0057909333
0.0062938038
0.0064770087
0.0063692531
0.0062883500
0.0062753276
0.0063088162
0.0062413769
0.0059306621
0.0053989408
0.0049312824
0.0042582003
0.0036201306
0.0030998209
0.0023023201
0.0012877615
0.0003662663
-0.0005558599
-0.0018153954
-0.0026249411
-0.0031832635
-0.0037283753
-0.0048566408
-0.0060327474
-0.0068130190
-0.0071243790
-0.0067766661
-0.0057032609
-0.0045765712
-0.0034689722
-0.0024837477
-0.0014917281
-0.0000770305
0.0013324224
0.0025690550
0.0038270481
0.0052293203
0.0062794283
0.0067920740
0.0072621220
0.0085831115
0.0097788517
0.0098776647
0.0091506736
0.0085350226
0.0078014370
0.0073088454
0.0066719704
0.0052353112
0.0030170103
0.0004923518
-0.0018835641
-0.0038169819
-0.0046693601
-0.0048159749
-0.0052729921
-0.0064668297
-0.0080741710
-0.0097822572
-0.0111906193
-0.0122928004
-0.0127244264
-0.0123474254
-0.0124817921
-0.0134808637
-0.0147374238
-0.0154574665
-0.0151662979
-0.0138819278
-0.0127241433
-0.0122134293
-0.0116345433
-0.0108205584
-0.0095596894
-0.0075876702
-0.0054526500
-0.0034228450
-0.0016275194
-0.0001197721
0.0010142659
0.0026731537
0.0048624443
0.0071290168
0.0095193482
0.0121385046
0.0147397718
0.0172018306
0.0192681167
0.0207918572
0.0224537570
0.0246435938
0.0263807597
0.0267203170
0.0263234827
0.0263381204
0.0260260360
0.0254993313
0.0237256501
0.0210237921
0.0169692421
0.0132252111
0.0103178211
0.0076140522
0.0055923621
0.0038510193
0.0011522529
-0.0035515289
-0.0092483377
-0.0135801472
-0.0165993310
-0.0185321498
-0.0190501035
-0.0193004480
-0.0200683007
-0.0218625605
-0.0242021802
-0.0247703210
-0.0239018900
-0.0225498016
-0.0210128888
-0.0189738673
-0.0161842620
-0.0127414871
-0.0086133736
-0.0048521571
-0.0021108925
-0.0004413183
0.0006537483
0.0017272076
0.0030400643
0.0049533640
0.0073983371
0.0092574883
0.0102048033
0.0109417236
0.0115010801
0.0124370545
0.0137284979
0.0146519495
0.0142540744
0.0126702259
0.0111277761
0.0095474996
0.0081494039
0.0073133000
0.0067081942
0.0051132009
0.0022384403
-0.0002133744
-0.0014382979
-0.0015445785
-0.0013807482
-0.0014707998
-0.0021665484
-0.0034372362
-0.0045418086
-0.0052116893
-0.0054082205
-0.0053343948
-0.0053308270
-0.0053619634
-0.0057077197
-0.0066838188
-0.0075345730
-0.0074180789
-0.0062599946
-0.0045819042
-0.0029916124
-0.0016103330
-0.0005409948
0.0007569723
0.0026198546
0.0043497487
0.0055143733
0.0059654372
0.0056249890
0.0051958067
0.0051667353
0.0055682240
0.0064988862
0.0068502170
0.0065721540
0.0063164349
0.0060754867
0.0052461562
0.0040588015
0.0026646695
0.0014144304
0.0001074767
-0.0012239428
-0.0026736907
-0.0037731370
-0.0041226489
-0.0043482666
-0.0045564547
-0.0047103342
-0.0046168958
-0.0045646645
-0.0039224711
-0.0030737552
-0.0023518815
-0.0015479948
-0.0005756604
0.0001105543
0.0010053984
0.0017958867
0.0020637670
0.0020362084
0.0018024496
0.0013846507
0.0009503124
0.0008151669
0.0004528441
-0.0001161029
-0.0004193779
-0.0006786883
-0.0012647266
-0.0021997206
-0.0028751662
-0.0026998409
-0.0020612012
-0.0012252705
-0.0005091307
-0.0004267680
-0.0010491480
-0.0018964675
-0.0020849580
-0.0014092110
-0.0012473670
-0.0020498532
-0.0029915874
-0.0031953613
-0.0021365939
-0.0009989842
-0.0000682227
0.0009015345
0.0016876611
0.0028972027
0.0041005923
0.0053219178
0.0064648231
0.0074070381
0.0077129819
0.0073443906
0.0071701615
0.0070411446
0.0065448227
0.0054969212
0.0043182625
0.0034468020
0.0026283279
0.0023871261
0.0020387517
0.0008276880
-0.0005514898
-0.0021249299
-0.0039524422
-0.0061002659
-0.0080757197
-0.0088589180
-0.0085365088
-0.0081686711
-0.0081991206
-0.0083738076
-0.0079646086
-0.0071438669
-0.0061322808
-0.0052187459
-0.0043121177
-0.0032935612
-0.0029970890
-0.0027010820
-0.0024345323
-0.0023711957
-0.0016860591
-0.0008158538
-0.0006374282
-0.0009321222
-0.0013833244
-0.0013907644
-0.0011373620
-0.0009634577
-0.0008451214
-0.0014072027
-0.0021570314
-0.0026539822
-0.0031180819
-0.0030987468
-0.0020628377
-0.0011588852
-0.0006820812
-0.0010127947
-0.0016108892
-0.0011690338
-0.0000014789
0.0013362255
0.0017706649
0.0014902236
0.0016264324
0.0025389390
0.0034943801
0.0042773010
0.0047574947
0.0048836765
0.0044920170
0.0038013946
0.0034655338
0.0034655042
0.0035467150
0.0036695779
0.0033563906
0.0024367342
0.0015741479
0.0005594015
-0.0002716907
-0.0000191225
0.0006811079
0.0008951278
0.0001057232
-0.0006146923
-0.0002508103
0.0007758673
0.0023127047
0.0037833260
0.0046218541
0.0046921952
0.0040700679
0.0035844217
0.0034594847
0.0041467241
0.0044886573
0.0040179303
0.0027113063
0.0014811682
0.0013654814
0.0017634872
0.0014188346
0.0001018464
-0.0011534794
-0.0017904296
-0.0017348678
-0.0017705684
-0.0019259324
-0.0020788702
-0.0026990682
-0.0038693772
-0.0048484310
-0.0054076918
-0.0056053387
-0.0057868492
-0.0064291613
-0.0072960477
-0.0080251246
-0.0083371758
-0.0081314314
-0.0068420655
-0.0054450730
-0.0047368911
-0.0045697144
-0.0040363045
-0.0029799696
-0.0019474377
-0.0010515227
-0.0000129235
0.0018255748
0.0034597703
0.0041646620
0.0047685063
0.0057951131
0.0075131368
0.0086559380
0.0091264814
0.0089295963
0.0083524005
0.0078866073
0.0075493190
0.0071183674
0.0059613239
0.0044121173
0.0028907693
0.0016246323
-0.0001325211
-0.0015721858
-0.0025875949
-0.0034828347
-0.0039562582
-0.0041870891
-0.0045638985
-0.0050010449
-0.0053444198
-0.0056137026
-0.0055971040
-0.0052736124
-0.0049266738
-0.0044435160
-0.0035330252
-0.0023345252
-0.0012964367
-0.0000525500
0.0009028214
0.0015463649
0.0022000441
0.0029065020
0.0035965978
0.0042163021
0.0042769513
0.0036547195
0.0033556296
0.0032246926
0.0030361705
0.0027508261
0.0024336339
0.0022224441
0.0022715546
0.0020923722
0.0016076094
0.0008773881
0.0004555751
-0.0000150681
-0.0005797986
-0.0016215369
-0.0033616874
-0.0043839450
-0.0042202072
-0.0041415530
-0.0054258432
-0.0065215797
-0.0062148241
-0.0055768210
-0.0052482337
-0.0053374922
-0.0058925232
-0.0065414755
-0.0068129940
-0.0069029478
-0.0068133478
-0.0069078437
-0.0071971972
-0.0072101197
-0.0071415938
-0.0071260859
-0.0067661749
-0.0058725025
-0.0047681607
-0.0036937681
-0.0027123080
-0.0013674422
-0.0003077396
0.0008230132
0.0023268658
0.0040544272
0.0052073471
0.0054942151
0.0060481262
0.0072312478
0.0091051867
0.0105057179
0.0108396799
0.0101224639
0.0093566636
0.0090184552
0.0087356920
0.0084678455
0.0080038133
0.0067518743
0.0046056843
0.0028278654
0.0024003330
0.0026968268
0.0030017705
0.0029331934
0.0022818106
0.0017379498
0.0013773419
0.0014597949
0.0019450068
0.0024210473
0.0027518761
0.0028654863
0.0033656237
0.0039042622
0.0042282712
0.0046003763
0.0049966360
0.0047576237
0.0036415543
0.0021165769
0.0013915816
0.0012804855
0.0006051544
-0.0010699035
-0.0033966740
-0.0052395784
-0.0065438569
-0.0071959607
-0.0073663181
-0.0077905128
-0.0086321829
-0.0095344522
-0.0100103286
-0.0101219685
-0.0094776498
-0.0085668334
-0.0080443544
-0.0078832684
-0.0076682360
-0.0073699026
-0.0066440272
-0.0051343665
-0.0032491904
-0.0017356239
-0.0009959080
-0.0006993555
-0.0002569199
0.0007733048
0.0021383366
0.0028802340
0.0029725825
0.0030883859
0.0035951486
0.0042082422
0.0047719742
0.0051363815
0.0053320843
0.0050709946
0.0041702906
0.0030251489
0.0024880525
0.0025526954
0.0030047768
0.0033378699
0.0030341684
0.0021486222
0.0015861932
0.0017469119
0.0022057984
0.0027681450
0.0030322034
0.0024141593
0.0012486496
-0.0000996540
-0.0000047207
0.0000825454
-0.0003637818
-0.0011389049
-0.0023752636
-0.0034191964
-0.0041497995
-0.0046611379
-0.0047521075
-0.0051770932
-0.0059579851
-0.0065071501
-0.0065778576
-0.0060730179
-0.0059885178
-0.0062530046
-0.0064651645
-0.0063054774
-0.0054042072
-0.0042836207
-0.0034035311
-0.0029787719
-0.0027991340
-0.0024700875
-0.0014353021
-0.0000915080
0.0010704231
0.0021492437
0.0031108546
0.0038986893
0.0046080948
0.0056783110
0.0066724991
0.0072686249
0.0078984515
0.0075973163
0.0063203815
0.0053014807
0.0044066302
0.0035427196
0.0029373636
0.0019431859
0.0009121844
-0.0002436279
-0.0008159400
-0.0010780783
-0.0013726246
-0.0018637491
-0.0028623098
-0.0033551658
-0.0036876332
-0.0040903047
-0.0043764596
-0.0044859887
-0.0043513723
-0.0042454777
-0.0042682752
-0.0041558402
-0.0037516246
-0.0032563806
-0.0029950657
-0.0027294465
-0.0023664385
-0.0019021486
-0.0015759226
-0.0012642570
-0.0010118034
-0.0009329157
-0.0005912715
0.0000367657
0.0007121760
0.0016498578
0.0026078321
0.0032342787
0.0043230294
0.0054158225
0.0052983084
0.0052222429
0.0053599401
0.0054831952
0.0056919162
0.0059275106
0.0060392545
0.0060976889
0.0053911806
0.0045902805
0.0041198379
0.0036615280
0.0032962968
0.0026459023
0.0018013522
0.0010176698
0.0002730257
-0.0005171835
-0.0010329162
-0.0013782836
-0.0017327209
-0.0021058909
-0.0026337517
-0.0027560851
-0.0027760167
-0.0024907652
-0.0016538490
-0.0007711092
0.0002617453
0.0011720875
0.0016850762
0.0018696475
0.0019759759
0.0023756150
0.0028656129
0.0030070977
0.0029307929
0.0028762199
0.0025746324
0.0020501063
0.0017753439
0.0014800687
0.0009404232
-0.0001192215
-0.0010891420
-0.0021264611
-0.0029030753
-0.0031556650
-0.0036203858
-0.0042533294
-0.0043053692
-0.0045789400
-0.0048323611
-0.0047368536
-0.0043788201
-0.0038240906
-0.0029462633
-0.0023371326
-0.0019098759
-0.0012488599
-0.0002469387
0.0005830708
0.0009259903
0.0007762882
0.0005286393
0.0011295619
0.0021783448
0.0033729788
0.0041345689
0.0041755113
0.0037564360
0.0037826395
0.0046234819
0.0055889275
0.0061350826
0.0055872622
0.0047447637
0.0041979050
0.0039242987
0.0041367991
0.0042723343
0.0033847997
0.0016671645
-0.0000723804
-0.0007876437
-0.0006845796
-0.0007128051
-0.0013404611
-0.0026008367
-0.0039005407
-0.0046071081
-0.0039425301
-0.0025783706
-0.0016570476
-0.0016426459
-0.0023924450
-0.0030493848
-0.0031753955
-0.0025158950
-0.0013788081
-0.0001651966
0.0005409965
0.0006732516
0.0008276447
0.0016063796
0.0030517612
0.0040415405
0.0037352612
0.0025538124
0.0016462271
0.0016534398
0.0021247904
0.0028958659
0.0032683927
0.0024300793
0.0009062955
-0.0002621238
-0.0002874923
0.0003309902
0.0005200128
-0.0002916925
-0.0017449815
-0.0027708356
-0.0026902989
-0.0021205461
-0.0014091340
-0.0011919825
-0.0018985953
-0.0026464290
-0.0030875504
-0.0032916265
-0.0033837019
-0.0034556350
-0.0035052143
-0.0035842614
-0.0033478290
-0.0029563781
-0.0024457067
-0.0018045649
-0.0012719868
-0.0013881470
-0.0016286206
-0.0016281056
-0.0011682437
-0.0002578923
0.0005385694
0.0005629664
0.0000674523
-0.0000145955
0.0003601573
0.0007319928
0.0007738361
0.0005891920
0.0005208117
0.0006461451
0.0011933218
0.0016923480
0.0020704455
0.0024346605
0.0025975158
0.0025097905
0.0022810071
0.0021717857
0.0023132984
0.0025580738
0.0026099300
0.0024134732
0.0023113038
0.0023412675
0.0021467883
0.0019485252
0.0018544040
0.0017952569
0.0015845671
0.0012917032
0.0009426380
0.0007090557
0.0004660917
0.0000364225
-0.0003667852
-0.0006295890
-0.0008993305
-0.0012075611
-0.0013561829
-0.0013951819
-0.0014688598
-0.0016620393
-0.0017969488
-0.0018813448
-0.0018745721
-0.0018332675
-0.0017876924
-0.0016713102
-0.0015224524
-0.0014230403
-0.0013456634
-0.0012788510
-0.0011577541
-0.0010307863
-0.0009435160
-0.0008062460
-0.0006281527
-0.0005523312
-0.0006258517
-0.0006700559
-0.0005480064
-0.0003226434
-0.0001724651
-0.0002033468
-0.0003168199
-0.0003562078
-0.0002999485
-0.0002165955
-0.0001069755
-0.0000714687
-0.0001175401
-0.0002068695
-0.0002378704
-0.0001757103
-0.0000994958
-0.0000705461
-0.0001033627
-0.0001184581
-0.0000820382
-0.0000564740
-0.0000525632
-0.0000763403
-0.0001076466
-0.0001412531
-0.0001660273
-0.0001679570
-0.0001598010
-0.0001445514
-0.0001418348
-0.0001427174
-0.0001345573
-0.0001182067
-0.0001054542
-0.0000927825
-0.0000767550
-0.0000642853
-0.0000547918
-0.0000397693
-0.0000226967
-0.0000087432
0.0000035928
0.0000155372
0.0000282553
0.0000407744
0.0000531219
0.0000644942
0.0000742493
0.0000834352
0.0000917729
0.0000992969
0.0001063639
0.0001132499
0.0001197700
0.0001256042
0.0001306899
0.0001353300
0.0001397062
0.0001437700
0.0001474010
0.0001505783
0.0001533151
0.0001556340
0.0001575416
0.0001590363
0.0001601182
0.0001607906
0.0000000000
0.0000000000
0.0000000000
0.0000000000
0.0000000000
0.0000000000
0.0000000000
0.0000000000
0.0000000000
0.0000000000
0.0000000000
0.0000000000
0.0000000000
0.0000000000
0.0000000000
0.0000000000
0.0000000000
0.0000000000
0.0000000000
0.0000000000
0.0000000000
0.0000000000
0.0000000000
0.0000000000
0.0000000000
0.0000000000
0.0000000000
0.0000000000
0.0000000000
0.0000000000
0.0000000000
0.0000000000
0.0000000000
0.0000000000
0.0000000000
0.0000000000
0.0000000000
0.0000000000
0.0000000000
0.0000000000
0.0000000000
0.0000000000
0.0000000000
0.0000000000
0.0000000000
0.0000000000
0.0000000000
0.0000000000
0.0000000000
0.0000000000
0.0000000000
0.0000000000
0.0000000000
0.0000000000
0.0000000000
0.0000000000
0.0000000000
0.0000000000
0.0000000000
0.0000000000
0.0000000000
0.0000000000
0.0000000000
0.0000000000
0.0000000000
0.0000000000
0.0000000000
0.0000000000
0.0000000000
0.0000000000
0.0000000000
0.0000000000
0.0000000000
0.0000000000
0.0000000000
0.0000000000
0.0000000000
0.0000000000
0.0000000000
0.0000000000
0.0000000000
0.0000000000
0.0000000000
0.0000000000
0.0000000000
0.0000000000
0.0000000000
0.0000000000
0.0000000000
0.0000000000
0.0000000000
0.0000000000
0.0000000000
0.0000000000
0.0000000000
0.0000000000
0.0000000000
0.0000000000
0.0000000000
0.0000000000
0.0000000000
0.0000000000
0.0000000000
0.0000000000
0.0000000000
0.0000000000
0.0000000000
0.0000000000
0.0000000000
0.0000000000
0.0000000000
0.0000000000
0.0000000000
0.0000000000
0.0000000000
0.0000000000
0.0000000000
0.0000000000
0.0000000000
0.0000000000
0.0000000000
0.0000000000
0.0000000000
0.0000000000
0.0000000000
0.0000000000
0.0000000000
0.0000000000
0.0000000000
0.0000000000
0.0000000000
0.0000000000
0.0000000000
0.0000000000
0.0000000000
0.0000000000
0.0000000000
0.0000000000
0.0000000000
0.0000000000
0.0000000000
0.0000000000
0.0000000000
0.0000000000
0.0000000000
0.0000000000
0.0000000000
0.0000000000
0.0000000000
0.0000000000
0.0000000000
0.0000000000
0.0000000000
0.0000000000
0.0000000000
0.0000000000
0.0000000000
0.0000000000
0.0000000000
0.0000000000
0.0000000000
0.0000000000
0.0000000000
0.0000000000
0.0000000000
0.0000000000
0.0000000000
0.0000000000
0.0000000000
0.0000000000
0.0000000000
0.0000000000
0.0000000000
0.0000000000
0.0000000000
0.0000000000
0.0000000000
0.0000000000
0.0000000000
0.0000000000
0.0000000000
0.0000000000
0.0000000000
0.0000000000
0.0000000000
0.0000000000
0.0000000000
0.0000000000
0.0000000000
0.0000000000
0.0000000000
0.0000000000
0.0000000000
0.0000000000
0.0000000000
0.0000000000
0.0000000000
0.0000000000
0.0000000000
0.0000000000
0.0000000000
0.0000000000
0.0000000000
0.0000000000
0.0000000000
0.0000000000
0.0000000000
0.0000000000
0.0000000000
0.0000000000
0.0000000000
0.0000000000
0.0000000000
0.0000000000
0.0000000000
0.0000000000
0.0000000000
0.0000000000
0.0000000000
0.0000000000
0.0000000000
0.0000000000
0.0000000000
0.0000000000
0.0000000000
0.0000000000
0.0000000000
0.0000000000
0.0000000000
0.0000000000
0.0000000000
0.0000000000
0.0000000000
0.0000000000
0.0000000000
0.0000000000
0.0000000000
0.0000000000
0.0000000000
0.0000000000
0.0000000000
0.0000000000
0.0000000000
0.0000000000
0.0000000000
0.0000000000
0.0000000000
0.0000000000
0.0000000000
0.0000000000
0.0000000000
0.0000000000
0.0000000000
0.0000000000
0.0000000000
0.0000000000
0.0000000000
0.0000000000
0.0000000000
0.0000000000
0.0000000000
0.0000000000
0.0000000000
0.0000000000
0.0000000000
0.0000000000
0.0000000000
0.0000000000
0.0000000000
0.0000000000
0.0000000000
0.0000000000
0.0000000000
0.0000000000
0.0000000000
0.0000000000
0.0000000000
0.0000000000
0.0000000000
0.0000000000
0.0000000000
0.0000000000
0.0000000000
0.0000000000
0.0000000000
0.0000000000
0.0000000000
0.0000000000
0.0000000000
0.0000000000
0.0000000000
0.0000000000
0.0000000000
0.0000000000
0.0000000000
0.0000000000
0.0000000000
0.0000000000
0.0000000000
0.0000000000
0.0000000000
0.0000000000
0.0000000000
0.0000000000
0.0000000000
0.0000000000
0.0000000000
0.0000000000
0.0000000000
0.0000000000
0.0000000000
0.0000000000
0.0000000000
0.0000000000
0.0000000000
0.0000000000
0.0000000000
0.0000000000
0.0000000000
0.0000000000
0.0000000000
0.0000000000
0.0000000000
0.0000000000
0.0000000000
0.0000000000
0.0000000000
0.0000000000
0.0000000000
0.0000000000
0.0000000000
0.0000000000
0.0000000000
0.0000000000
0.0000000000
0.0000000000
0.0000000000
0.0000000000
0.0000000000
0.0000000000
0.0000000000
0.0000000000
0.0000000000
0.0000000000
0.0000000000
0.0000000000
0.0000000000
0.0000000000
0.0000000000
0.0000000000
0.0000000000
0.0000000000
0.0000000000
0.0000000000
0.0000000000
0.0000000000
0.0000000000
0.0000000000
0.0000000000
0.0000000000
0.0000000000
0.0000000000
0.0000000000
0.0000000000
0.0000000000
0.0000000000
0.0000000000
0.0000000000
0.0000000000
0.0000000000
0.0000000000
0.0000000000
0.0000000000
0.0000000000
0.0000000000
0.0000000000
0.0000000000
0.0000000000
0.0000000000
0.0000000000
0.0000000000
0.0000000000
0.0000000000
0.0000000000
0.0000000000
0.0000000000
0.0000000000
0.0000000000
0.0000000000
0.0000000000
0.0000000000
0.0000000000
0.0000000000
0.0000000000
0.0000000000
0.0000000000
0.0000000000
0.0000000000
0.0000000000
0.0000000000
0.0000000000
0.0000000000
0.0000000000
0.0000000000
0.0000000000
0.0000000000
0.0000000000
0.0000000000
0.0000000000
0.0000000000
0.0000000000
0.0000000000
0.0000000000
0.0000000000
0.0000000000
0.0000000000
0.0000000000
0.0000000000
0.0000000000
0.0000000000
0.0000000000
0.0000000000
0.0000000000
0.0000000000
0.0000000000
0.0000000000
0.0000000000
0.0000000000
0.0000000000
0.0000000000
0.0000000000
0.0000000000
0.0000000000
0.0000000000
0.0000000000
0.0000000000
0.0000000000
0.0000000000
0.0000000000
0.0000000000
0.0000000000
0.0000000000
0.0000000000
0.0000000000
0.0000000000
0.0000000000
0.0000000000
0.0000000000
0.0000000000
0.0000000000
0.0000000000
0.0000000000
0.0000000000
0.0000000000
0.0000000000
0.0000000000
0.0000000000
0.0000000000
0.0000000000
0.0000000000
0.0000000000
0.0000000000
0.0000000000
0.0000000000
0.0000000000
0.0000000000
0.0000000000
0.0000000000
0.0000000000
0.0000000000
0.0000000000
0.0000000000
0.0000000000
0.0000000000
0.0000000000
0.0000000000
0.0000000000
0.0000000000
0.0000000000
0.0000000000
0.0000000000
0.0000000000
0.0000000000
0.0000000000
0.0000000000
0.0000000000
0.0000000000
0.0000000000
0.0000000000
0.0000000000
0.0000000000
0.0000000000
0.0000000000
0.0000000000
0.0000000000
0.0000000000
0.0000000000
0.0000000000
0.0000000000
0.0000000000
0.0000000000
0.0000000000
0.0000000000
0.0000000000
0.0000000000
0.0000000000
0.0000000000
0.0000000000
0.0000000000
0.0000000000
0.0000000000
0.0000000000
0.0000000000
0.0000000000
0.0000000000
0.0000000000
0.0000000000
0.0000000000
0.0000000000
0.0000000000
0.0000000000
0.0000000000
0.0000000000
0.0000000000
0.0000000000
0.0000000000
0.0000000000
0.0000000000
0.0000000000
0.0000000000
0.0000000000
0.0000000000
0.0000000000
0.0000000000
0.0000000000
0.0000000000
0.0000000000
0.0000000000
0.0000000000
0.0000000000
0.0000000000
0.0000000000
0.0000000000
0.0000000000
0.0000000000
0.0000000000
0.0000000000
0.0000000000
0.0000000000
0.0000000000
0.0000000000
0.0000000000
0.0000000000
0.0000000000
0.0000000000
0.0000000000
0.0000000000
0.0000000000
0.0000000000
0.0000000000
0.0000000000
0.0000000000
0.0000000000
0.0000000000
0.0000000000
0.0000000000
0.0000000000
0.0000000000
0.0000000000
0.0000000000
0.0000000000
0.0000000000
0.0000000000
0.0000000000
0.0000000000
0.0000000000
0.0000000000
0.0000000000
0.0000000000
0.0000000000
0.0000000000
0.0000000000
0.0000000000
0.0000000000
0.0000000000
0.0000000000
0.0000000000
0.0000000000
0.0000000000
0.0000000000
0.0000000000
0.0000000000
0.0000000000
0.0000000000
0.0000000000
0.0000000000
0.0000000000
0.0000000000
0.0000000000
0.0000000000
0.0000000000
0.0000000000
0.0000000000
0.0000000000
0.0000000000
0.0000000000
0.0000000000
0.0000000000
0.0000000000
0.0000000000
0.0000000000
0.0000000000
0.0000000000
0.0000000000
0.0000000000
0.0000000000
0.0000000000
0.0000000000
0.0000000000
0.0000000000
0.0000000000
0.0000000000
0.0000000000
0.0000000000
0.0000000000
0.0000000000
0.0000000000
0.0000000000
0.0000000000
0.0000000000
0.0000000000
0.0000000000
0.0000000000
0.0000000000
0.0000000000
0.0000000000
0.0000000000
0.0000000000
0.0000000000
0.0000000000
0.0000000000
0.0000000000
0.0000000000
0.0000000000
0.0000000000
0.0000000000
0.0000000000
0.0000000000
0.0000000000
0.0000000000
0.0000000000
0.0000000000
0.0000000000
0.0000000000
0.0000000000
0.0000000000
0.0000000000
0.0000000000
0.0000000000
0.0000000000
0.0000000000
0.0000000000
0.0000000000
0.0000000000
0.0000000000
0.0000000000
0.0000000000
0.0000000000
0.0000000000
0.0000000000
0.0000000000
0.0000000000
0.0000000000
0.0000000000
0.0000000000
0.0000000000
0.0000000000
0.0000000000
0.0000000000
0.0000000000
0.0000000000
0.0000000000
0.0000000000
0.0000000000
0.0000000000
0.0000000000
0.0000000000
0.0000000000
0.0000000000
0.0000000000
0.0000000000
0.0000000000
0.0000000000
0.0000000000
0.0000000000
0.0000000000
0.0000000000
0.0000000000
0.0000000000
0.0000000000
0.0000000000
0.0000000000
0.0000000000
0.0000000000
0.0000000000
0.0000000000
0.0000000000
0.0000000000
0.0000000000
0.0000000000
0.0000000000
0.0000000000
0.0000000000
0.0000000000
0.0000000000
0.0000000000
0.0000000000
0.0000000000
0.0000000000
0.0000000000
0.0000000000
0.0000000000
0.0000000000
0.0000000000
0.0000000000
0.0000000000
0.0000000000
0.0000000000
0.0000000000
0.0000000000
0.0000000000
0.0000000000
0.0000000000
0.0000000000
0.0000000000
0.0000000000
0.0000000000
0.0000000000
0.0000000000
0.0000000000
0.0000000000
0.0000000000
0.0000000000
0.0000000000
0.0000000000
0.0000000000
0.0000000000
0.0000000000
0.0000000000
0.0000000000
0.0000000000
0.0000000000
0.0000000000
0.0000000000
0.0000000000
0.0000000000
0.0000000000
0.0000000000
0.0000000000
0.0000000000
0.0000000000
0.0000000000
0.0000000000
0.0000000000
0.0000000000
0.0000000000
0.0000000000
0.0000000000
0.0000000000
0.0000000000
0.0000000000
0.0000000000
0.0000000000
0.0000000000
0.0000000000
0.0000000000
0.0000000000
0.0000000000
0.0000000000
0.0000000000
0.0000000000
0.0000000000
0.0000000000
0.0000000000
0.0000000000
0.0000000000
0.0000000000
0.0000000000
0.0000000000
0.0000000000
0.0000000000
0.0000000000
0.0000000000
0.0000000000
0.0000000000
0.0000000000
0.0000000000
0.0000000000
0.0000000000
0.0000000000
0.0000000000
0.0000000000
0.0000000000
0.0000000000
0.0000000000
0.0000000000
0.0000000000
0.0000000000
0.0000000000
0.0000000000
0.0000000000
0.0000000000
0.0000000000
0.0000000000
0.0000000000
0.0000000000
0.0000000000
0.0000000000
0.0000000000
0.0000000000
0.0000000000
0.0000000000
0.0000000000
0.0000000000
0.0000000000
0.0000000000
0.0000000000
0.0000000000
0.0000000000
0.0000000000
0.0000000000
0.0000000000
0.0000000000
0.0000000000
0.0000000000
0.0000000000
0.0000000000
0.0000000000
0.0000000000
0.0000000000
0.0000000000
0.0000000000
0.0000000000
0.0000000000
0.0000000000
0.0000000000
0.0000000000
0.0000000000
0.0000000000
0.0000000000
0.0000000000
0.0000000000
0.0000000000
0.0000000000
0.0000000000
0.0000000000
0.0000000000
0.0000000000
0.0000000000
0.0000000000
0.0000000000
0.0000000000
0.0000000000
0.0000000000
0.0000000000
0.0000000000
0.0000000000
0.0000000000
0.0000000000
0.0000000000
0.0000000000
0.0000000000
0.0000000000
0.0000000000
0.0000000000
0.0000000000
0.0000000000
0.0000000000
0.0000000000
0.0000000000
0.0000000000
0.0000000000
0.0000000000
0.0000000000
0.0000000000
0.0000000000
0.0000000000
0.0000000000
0.0000000000
0.0000000000
0.0000000000
0.0000000000
0.0000000000
0.0000000000
0.0000000000
0.0000000000
0.0000000000
0.0000000000
0.0000000000
0.0000000000
0.0000000000
0.0000000000
0.0000000000
0.0000000000
0.0000000000
0.0000000000
0.0000000000
0.0000000000
0.0000000000
0.0000000000
0.0000000000
0.0000000000
0.0000000000
0.0000000000
0.0000000000
0.0000000000
0.0000000000
0.0000000000
0.0000000000
0.0000000000
0.0000000000
0.0000000000
0.0000000000
0.0000000000
0.0000000000
0.0000000000
0.0000000000
0.0000000000
0.0000000000
0.0000000000
0.0000000000
0.0000000000
0.0000000000
0.0000000000
0.0000000000
0.0000000000
0.0000000000
0.0000000000
0.0000000000
0.0000000000
0.0000000000
0.0000000000
0.0000000000
0.0000000000
0.0000000000
0.0000000000
0.0000000000
0.0000000000
0.0000000000
0.0000000000
0.0000000000
0.0000000000
0.0000000000
0.0000000000
0.0000000000
0.0000000000
0.0000000000
0.0000000000
0.0000000000
0.0000000000
0.0000000000
0.0000000000
0.0000000000
0.0000000000
0.0000000000
0.0000000000
0.0000000000
0.0000000000
0.0000000000
0.0000000000
0.0000000000
0.0000000000
0.0000000000
0.0000000000
0.0000000000
0.0000000000
0.0000000000
0.0000000000
0.0000000000
0.0000000000
0.0000000000
0.0000000000
0.0000000000
0.0000000000
0.0000000000
0.0000000000
0.0000000000
0.0000000000
0.0000000000
0.0000000000
0.0000000000
0.0000000000
0.0000000000
0.0000000000
0.0000000000
0.0000000000
0.0000000000
0.0000000000
0.0000000000
0.0000000000
0.0000000000
0.0000000000
0.0000000000
0.0000000000
0.0000000000
0.0000000000
0.0000000000
0.0000000000
0.0000000000
0.0000000000
0.0000000000
0.0000000000
0.0000000000
0.0000000000
0.0000000000
0.0000000000
0.0000000000
0.0000000000
0.0000000000
0.0000000000
0.0000000000
0.0000000000
0.0000000000
0.0000000000
0.0000000000
0.0000000000
0.0000000000
0.0000000000
0.0000000000
0.0000000000
0.0000000000
0.0000000000
0.0000000000
0.0000000000
0.0000000000
0.0000000000
0.0000000000
0.0000000000
0.0000000000
0.0000000000
0.0000000000
0.0000000000
0.0000000000
0.0000000000
0.0000000000
0.0000000000
0.0000000000
0.0000000000
0.0000000000
0.0000000000
0.0000000000
0.0000000000
0.0000000000
0.0000000000
0.0000000000
0.0000000000
0.0000000000
0.0000000000
0.0000000000
0.0000000000
0.0000000000
0.0000000000
0.0000000000
0.0000000000
0.0000000000
0.0000000000
0.0000000000
0.0000000000
0.0000000000
0.0000000000
0.0000000000
0.0000000000
0.0000000000
0.0000000000
0.0000000000
0.0000000000
0.0000000000
0.0000000000
0.0000000000
0.0000000000
0.0000000000
0.0000000000
0.0000000000
0.0000000000
0.0000000000
0.0000000000
0.0000000000
0.0000000000
0.0000000000
0.0000000000
0.0000000000
0.0000000000
0.0000000000
0.0000000000
0.0000000000
0.0000000000
0.0000000000
0.0000000000
0.0000000000
0.0000000000
0.0000000000
0.0000000000
0.0000000000
0.0000000000
0.0000000000
0.0000000000
0.0000000000
0.0000000000
0.0000000000
0.0000000000
0.0000000000
0.0000000000
0.0000000000
0.0000000000
0.0000000000
0.0000000000
0.0000000000
0.0000000000
0.0000000000
0.0000000000
0.0000000000
0.0000000000
0.0000000000
0.0000000000
0.0000000000
0.0000000000
0.0000000000
0.0000000000
0.0000000000
0.0000000000
0.0000000000
0.0000000000
0.0000000000
0.0000000000
0.0000000000
0.0000000000
0.0000000000
0.0000000000
0.0000000000
0.0000000000
0.0000000000
0.0000000000
0.0000000000
0.0000000000
0.0000000000
0.0000000000
0.0000000000
0.0000000000
0.0000000000
0.0000000000
0.0000000000
0.0000000000
0.0000000000
0.0000000000
0.0000000000
0.0000000000
0.0000000000
0.0000000000
0.0000000000
0.0000000000
0.0000000000
0.0000000000
0.0000000000
0.0000000000
0.0000000000
0.0000000000
0.0000000000
0.0000000000
0.0000000000
0.0000000000
0.0000000000
0.0000000000
0.0000000000
0.0000000000
0.0000000000
0.0000000000
0.0000000000
0.0000000000
0.0000000000
0.0000000000
0.0000000000
0.0000000000
0.0000000000
0.0000000000
0.0000000000
0.0000000000
0.0000000000
0.0000000000
0.0000000000
0.0000000000
0.0000000000
0.0000000000
0.0000000000
0.0000000000
0.0000000000
0.0000000000
0.0000000000
0.0000000000
0.0000000000
0.0000000000
0.0000000000
0.0000000000
0.0000000000
0.0000000000
0.0000000000
0.0000000000
0.0000000000
0.0000000000
0.0000000000
0.0000000000
0.0000000000
0.0000000000
0.0000000000
0.0000000000
0.0000000000
0.0000000000
0.0000000000
0.0000000000
0.0000000000
0.0000000000
0.0000000000
0.0000000000
0.0000000000
0.0000000000
0.0000000000
0.0000000000
0.0000000000
0.0000000000
0.0000000000
0.0000000000
0.0000000000
0.0000000000
0.0000000000
0.0000000000
0.0000000000
0.0000000000
0.0000000000
0.0000000000
0.0000000000
0.0000000000
0.0000000000
0.0000000000
0.0000000000
0.0000000000
0.0000000000
0.0000000000
0.0000000000
0.0000000000
0.0000000000
0.0000000000
0.0000000000
0.0000000000
0.0000000000
0.0000000000
0.0000000000
0.0000000000
0.0000000000
0.0000000000
0.0000000000
0.0000000000
0.0000000000
0.0000000000
0.0000000000
0.0000000000
0.0000000000
0.0000000000
0.0000000000
0.0000000000
0.0000000000
0.0000000000
0.0000000000
0.0000000000
0.0000000000
0.0000000000
0.0000000000
0.0000000000
0.0000000000
0.0000000000
0.0000000000
0.0000000000
0.0000000000
0.0000000000
0.0000000000
0.0000000000
0.0000000000
0.0000000000
0.0000000000
0.0000000000
0.0000000000
0.0000000000
0.0000000000
0.0000000000
0.0000000000
0.0000000000
0.0000000000
0.0000000000
0.0000000000
0.0000000000
0.0000000000
0.0000000000
0.0000000000
0.0000000000
0.0000000000
0.0000000000
0.0000000000
0.0000000000
0.0000000000
0.0000000000
0.0000000000
0.0000000000
0.0000000000
0.0000000000
0.0000000000
0.0000000000
0.0000000000
0.0000000000
0.0000000000
0.0000000000
0.0000000000
0.0000000000
0.0000000000
0.0000000000
0.0000000000
0.0000000000
0.0000000000
0.0000000000
0.0000000000
0.0000000000
0.0000000000
0.0000000000
0.0000000000
0.0000000000
0.0000000000
0.0000000000
0.0000000000
0.0000000000
0.0000000000
0.0000000000
0.0000000000
0.0000000000
0.0000000000
0.0000000000
0.0000000000
0.0000000000
0.0000000000
0.0000000000
0.0000000000
0.0000000000
0.0000000000
0.0000000000
0.0000000000
0.0000000000
0.0000000000
0.0000000000
0.0000000000
0.0000000000
0.0000000000
0.0000000000
0.0000000000
0.0000000000
0.0000000000
0.0000000000
0.0000000000
0.0000000000
0.0000000000
0.0000000000
0.0000000000
0.0000000000
0.0000000000
0.0000000000
0.0000000000
0.0000000000
0.0000000000
0.0000000000
0.0000000000
0.0000000000
0.0000000000
0.0000000000
0.0000000000
0.0000000000
0.0000000000
0.0000000000
0.0000000000
0.0000000000
0.0000000000
0.0000000000
0.0000000000
0.0000000000
0.0000000000
0.0000000000
0.0000000000
0.0000000000
0.0000000000
0.0000000000
0.0000000000
0.0000000000
0.0000000000
0.0000000000
0.0000000000
0.0000000000
0.0000000000
0.0000000000
0.0000000000
0.0000000000
0.0000000000
0.0000000000
0.0000000000
0.0000000000
0.0000000000
0.0000000000
0.0000000000
0.0000000000
0.0000000000
0.0000000000
0.0000000000
0.0000000000
0.0000000000
0.0000000000
0.0000000000
0.0000000000
0.0000000000
0.0000000000
0.0000000000
0.0000000000
0.0000000000
0.0000000000
0.0000000000
0.0000000000
0.0000000000
0.0000000000
0.0000000000
0.0000000000
0.0000000000
0.0000000000
0.0000000000
0.0000000000
0.0000000000
0.0000000000
0.0000000000
0.0000000000
0.0000000000
0.0000000000
0.0000000000
0.0000000000
0.0000000000
0.0000000000
0.0000000000
0.0000000000
0.0000000000
0.0000000000
0.0000000000
0.0000000000
0.0000000000
0.0000000000
0.0000000000
0.0000000000
0.0000000000
0.0000000000
0.0000000000
0.0000000000
0.0000000000
0.0000000000
0.0000000000
0.0000000000
0.0000000000
0.0000000000
0.0000000000
0.0000000000
0.0000000000
0.0000000000
0.0000000000
0.0000000000
0.0000000000
0.0000000000
0.0000000000
0.0000000000
0.0000000000
0.0000000000
0.0000000000
0.0000000000
0.0000000000
0.0000000000
0.0000000000
0.0000000000
0.0000000000
0.0000000000
0.0000000000
0.0000000000
0.0000000000
0.0000000000
0.0000000000
0.0000000000
0.0000000000
0.0000000000
0.0000000000
0.0000000000
0.0000000000
0.0000000000
0.0000000000
0.0000000000
0.0000000000
0.0000000000
0.0000000000
0.0000000000
0.0000000000
0.0000000000
0.0000000000
0.0000000000
0.0000000000
0.0000000000
0.0000000000
0.0000000000
0.0000000000
0.0000000000
0.0000000000
0.0000000000
0.0000000000
0.0000000000
0.0000000000
0.0000000000
0.0000000000
0.0000000000
0.0000000000
0.0000000000
0.0000000000
0.0000000000
0.0000000000
0.0000000000
0.0000000000
0.0000000000
0.0000000000
0.0000000000
0.0000000000
0.0000000000
0.0000000000
0.0000000000
0.0000000000
0.0000000000
0.0000000000
0.0000000000
0.0000000000
0.0000000000
0.0000000000
0.0000000000
0.0000000000
0.0000000000
0.0000000000
0.0000000000
0.0000000000
0.0000000000
0.0000000000
0.0000000000
0.0000000000
0.0000000000
0.0000000000
0.0000000000
0.0000000000
0.0000000000
0.0000000000
0.0000000000
0.0000000000
0.0000000000
0.0000000000
0.0000000000
0.0000000000
0.0000000000
0.0000000000
0.0000000000
0.0000000000
0.0000000000
0.0000000000
0.0000000000
0.0000000000
0.0000000000
0.0000000000
0.0000000000
0.0000000000
0.0000000000
0.0000000000
0.0000000000
0.0000000000
0.0000000000
0.0000000000
0.0000000000
0.0000000000
0.0000000000
0.0000000000
0.0000000000
0.0000000000
0.0000000000
0.0000000000
0.0000000000
0.0000000000
0.0000000000
0.0000000000
0.0000000000
0.0000000000
0.0000000000
0.0000000000
0.0000000000
0.0000000000
0.0000000000
0.0000000000
0.0000000000
0.0000000000
0.0000000000
0.0000000000
0.0000000000
0.0000000000
0.0000000000
0.0000000000
0.0000000000
0.0000000000
0.0000000000
0.0000000000
0.0000000000
0.0000000000
0.0000000000
0.0000000000
0.0000000000
0.0000000000
0.0000000000
0.0000000000
0.0000000000
0.0000000000
0.0000000000
0.0000000000
0.0000000000
0.0000000000
0.0000000000
0.0000000000
0.0000000000
0.0000000000
0.0000000000
0.0000000000
0.0000000000
0.0000000000
0.0000000000
0.0000000000
0.0000000000
0.0000000000
0.0000000000
0.0000000000
0.0000000000
0.0000000000
0.0000000000
0.0000000000
0.0000000000
0.0000000000
0.0000000000
0.0000000000
0.0000000000
0.0000000000
0.0000000000
0.0000000000
0.0000000000
0.0000000000
0.0000000000
0.0000000000
0.0000000000
0.0000000000
0.0000000000
0.0000000000
0.0000000000
0.0000000000
0.0000000000
0.0000000000
0.0000000000
0.0000000000
0.0000000000
0.0000000000
0.0000000000
0.0000000000
0.0000000000
0.0000000000
0.0000000000
0.0000000000
0.0000000000
0.0000000000
0.0000000000
0.0000000000
0.0000000000
0.0000000000
0.0000000000
0.0000000000
0.0000000000
0.0000000000
0.0000000000
0.0000000000
0.0000000000
0.0000000000
0.0000000000
0.0000000000
0.0000000000
0.0000000000
0.0000000000
0.0000000000
0.0000000000
0.0000000000
0.0000000000
0.0000000000
0.0000000000
0.0000000000
0.0000000000
0.0000000000
0.0000000000
0.0000000000
0.0000000000
0.0000000000
0.0000000000
0.0000000000
0.0000000000
0.0000000000
0.0000000000
0.0000000000
0.0000000000
0.0000000000
0.0000000000
0.0000000000
0.0000000000
0.0000000000
0.0000000000
0.0000000000
0.0000000000
0.0000000000
0.0000000000
0.0000000000
0.0000000000
0.0000000000
0.0000000000
0.0000000000
0.0000000000
0.0000000000
0.0000000000
0.0000000000
0.0000000000
0.0000000000
0.0000000000
0.0000000000
0.0000000000
0.0000000000
0.0000000000
0.0000000000
0.0000000000
0.0000000000
0.0000000000
0.0000000000
0.0000000000
0.0000000000
0.0000000000
0.0000000000
0.0000000000
0.0000000000
0.0000000000
0.0000000000
0.0000000000
0.0000000000
0.0000000000
0.0000000000
0.0000000000
0.0000000000
0.0000000000
0.0000000000
0.0000000000
0.0000000000
0.0000000000
0.0000000000
0.0000000000
0.0000000000
0.0000000000
0.0000000000
0.0000000000
0.0000000000
0.0000000000
0.0000000000
0.0000000000
0.0000000000
0.0000000000
0.0000000000
0.0000000000
0.0000000000
0.0000000000
0.0000000000
0.0000000000
0.0000000000
0.0000000000
0.0000000000
0.0000000000
0.0000000000
0.0000000000
0.0000000000
0.0000000000
0.0000000000
0.0000000000
0.0000000000
0.0000000000
0.0000000000
0.0000000000
0.0000000000
0.0000000000
0.0000000000
0.0000000000
0.0000000000
0.0000000000
0.0000000000
0.0000000000
0.0000000000
0.0000000000
0.0000000000
0.0000000000
0.0000000000
0.0000000000
0.0000000000
0.0000000000
0.0000000000
0.0000000000
0.0000000000
0.0000000000
0.0000000000
0.0000000000
0.0000000000
0.0000000000
0.0000000000
0.0000000000
0.0000000000
0.0000000000
0.0000000000
0.0000000000
0.0000000000
0.0000000000
0.0000000000
0.0000000000
0.0000000000
0.0000000000
0.0000000000
0.0000000000
0.0000000000
0.0000000000
0.0000000000
0.0000000000
0.0000000000
0.0000000000
0.0000000000
0.0000000000
0.0000000000
0.0000000000
0.0000000000
0.0000000000
0.0000000000
0.0000000000
0.0000000000
0.0000000000
0.0000000000
0.0000000000
0.0000000000
0.0000000000
0.0000000000
0.0000000000
0.0000000000
0.0000000000
0.0000000000
0.0000000000
0.0000000000
0.0000000000
0.0000000000
0.0000000000
0.0000000000
0.0000000000
0.0000000000
0.0000000000
0.0000000000
0.0000000000
0.0000000000
0.0000000000
0.0000000000
0.0000000000
0.0000000000
0.0000000000
0.0000000000
0.0000000000
0.0000000000
0.0000000000
0.0000000000
0.0000000000
0.0000000000
0.0000000000
0.0000000000
0.0000000000
0.0000000000
0.0000000000
0.0000000000
0.0000000000
0.0000000000
0.0000000000
0.0000000000
0.0000000000
0.0000000000
0.0000000000
0.0000000000
0.0000000000
0.0000000000
0.0000000000
0.0000000000
0.0000000000
0.0000000000
0.0000000000
0.0000000000
0.0000000000
0.0000000000
0.0000000000
0.0000000000
0.0000000000
0.0000000000
0.0000000000
0.0000000000
0.0000000000
0.0000000000
0.0000000000
0.0000000000
0.0000000000
0.0000000000
0.0000000000
0.0000000000
0.0000000000
0.0000000000
0.0000000000
0.0000000000
0.0000000000
0.0000000000
0.0000000000
0.0000000000
0.0000000000
0.0000000000
0.0000000000
0.0000000000
0.0000000000
0.0000000000
0.0000000000
0.0000000000
0.0000000000
0.0000000000
0.0000000000
0.0000000000
0.0000000000
0.0000000000
0.0000000000
0.0000000000
0.0000000000
0.0000000000
0.0000000000
0.0000000000
0.0000000000
0.0000000000
0.0000000000
0.0000000000
0.0000000000
0.0000000000
0.0000000000
0.0000000000
0.0000000000
0.0000000000
0.0000000000
0.0000000000
0.0000000000
0.0000000000
0.0000000000
0.0000000000
0.0000000000
0.0000000000
0.0000000000
0.0000000000
0.0000000000
0.0000000000
0.0000000000
0.0000000000
0.0000000000
0.0000000000
0.0000000000
0.0000000000
0.0000000000
0.0000000000
0.0000000000
0.0000000000
0.0000000000
0.0000000000
0.0000000000
0.0000000000
0.0000000000
0.0000000000
0.0000000000
0.0000000000
0.0000000000
0.0000000000
0.0000000000
0.0000000000
0.0000000000
0.0000000000
0.0000000000
0.0000000000
0.0000000000
0.0000000000
0.0000000000
0.0000000000
0.0000000000
0.0000000000
0.0000000000
0.0000000000
0.0000000000
0.0000000000
0.0000000000
0.0000000000
0.0000000000
0.0000000000
0.0000000000
0.0000000000
0.0000000000
0.0000000000
0.0000000000
0.0000000000
0.0000000000
0.0000000000
0.0000000000
0.0000000000
0.0000000000
0.0000000000
0.0000000000
0.0000000000
0.0000000000
0.0000000000
0.0000000000
0.0000000000
0.0000000000
0.0000000000
0.0000000000
0.0000000000
0.0000000000
0.0000000000
0.0000000000
0.0000000000
0.0000000000
0.0000000000
0.0000000000
0.0000000000
0.0000000000
0.0000000000
0.0000000000
0.0000000000
0.0000000000
0.0000000000
0.0000000000
0.0000000000
0.0000000000
0.0000000000
0.0000000000
0.0000000000
0.0000000000
0.0000000000
0.0000000000
0.0000000000
0.0000000000
0.0000000000
0.0000000000
0.0000000000
0.0000000000
0.0000000000
0.0000000000
0.0000000000
0.0000000000
0.0000000000
0.0000000000
0.0000000000
0.0000000000
0.0000000000
0.0000000000
0.0000000000
0.0000000000
0.0000000000
0.0000000000
0.0000000000
0.0000000000
0.0000000000
0.0000000000
0.0000000000
0.0000000000
0.0000000000
0.0000000000
0.0000000000
0.0000000000
0.0000000000
0.0000000000
0.0000000000
0.0000000000
0.0000000000
0.0000000000
0.0000000000
0.0000000000
0.0000000000
0.0000000000
0.0000000000
0.0000000000
0.0000000000
0.0000000000
0.0000000000
0.0000000000
0.0000000000
0.0000000000
0.0000000000
0.0000000000
0.0000000000
0.0000000000
0.0000000000
0.0000000000
0.0000000000
0.0000000000
0.0000000000
0.0000000000
0.0000000000
0.0000000000
0.0000000000
0.0000000000
0.0000000000
0.0000000000
0.0000000000
0.0000000000
0.0000000000
0.0000000000
0.0000000000
0.0000000000
0.0000000000
0.0000000000
0.0000000000
0.0000000000
0.0000000000
0.0000000000
0.0000000000
0.0000000000
0.0000000000
0.0000000000
0.0000000000
0.0000000000
0.0000000000
0.0000000000
0.0000000000
0.0000000000
0.0000000000
0.0000000000
0.0000000000
0.0000000000
0.0000000000
0.0000000000
0.0000000000
0.0000000000
0.0000000000
0.0000000000
0.0000000000
0.0000000000
0.0000000000
0.0000000000
0.0000000000
0.0000000000
0.0000000000
0.0000000000
0.0000000000
0.0000000000
0.0000000000
0.0000000000
0.0000000000
0.0000000000
0.0000000000
0.0000000000
0.0000000000
0.0000000000
0.0000000000
0.0000000000
0.0000000000
0.0000000000
0.0000000000
0.0000000000
0.0000000000
0.0000000000
0.0000000000
0.0000000000
0.0000000000
0.0000000000
0.0000000000
0.0000000000
0.0000000000
0.0000000000
0.0000000000
0.0000000000
0.0000000000
0.0000000000
0.0000000000
0.0000000000
0.0000000000
0.0000000000
0.0000000000
0.0000000000
0.0000000000
0.0000000000
0.0000000000
0.0000000000
0.0000000000
0.0000000000
0.0000000000
0.0000000000
0.0000000000
0.0000000000
0.0000000000
0.0000000000
0.0000000000
0.0000000000
0.0000000000
0.0000000000
0.0000000000
0.0000000000
0.0000000000
0.0000000000
0.0000000000
0.0000000000
0.0000000000
0.0000000000
0.0000000000
0.0000000000
0.0000000000
0.0000000000
0.0000000000
0.0000000000
0.0000000000
0.0000000000
0.0000000000
0.0000000000
0.0000000000
0.0000000000
0.0000000000
0.0000000000
0.0000000000
0.0000000000
0.0000000000
0.0000000000
0.0000000000
0.0000000000
0.0000000000
0.0000000000
0.0000000000
0.0000000000
0.0000000000
0.0000000000
0.0000000000
0.0000000000
0.0000000000
0.0000000000
0.0000000000
0.0000000000
0.0000000000
0.0000000000
0.0000000000
0.0000000000
0.0000000000
0.0000000000
0.0000000000
0.0000000000
0.0000000000
0.0000000000
0.0000000000
0.0000000000
0.0000000000
0.0000000000
0.0000000000
0.0000000000
0.0000000000
0.0000000000
0.0000000000
0.0000000000
0.0000000000
0.0000000000
0.0000000000
0.0000000000
0.0000000000
0.0000000000
0.0000000000
0.0000000000
0.0000000000
0.0000000000
0.0000000000
0.0000000000
0.0000000000
0.0000000000
0.0000000000
0.0000000000
0.0000000000
0.0000000000
0.0000000000
0.0000000000
0.0000000000
0.0000000000
0.0000000000
0.0000000000
0.0000000000
0.0000000000
0.0000000000
0.0000000000
0.0000000000
0.0000000000
0.0000000000
0.0000000000
0.0000000000
0.0000000000
0.0000000000
0.0000000000
0.0000000000
0.0000000000
0.0000000000
0.0000000000
0.0000000000
0.0000000000
0.0000000000
0.0000000000
0.0000000000
0.0000000000
0.0000000000
0.0000000000
0.0000000000
0.0000000000
0.0000000000
0.0000000000
0.0000000000
0.0000000000
0.0000000000
0.0000000000
0.0000000000
0.0000000000
0.0000000000
0.0000000000
0.0000000000
0.0000000000
0.0000000000
0.0000000000
0.0000000000
0.0000000000
0.0000000000
0.0000000000
0.0000000000
0.0000000000
0.0000000000
0.0000000000
0.0000000000
0.0000000000
0.0000000000
0.0000000000
0.0000000000
0.0000000000
0.0000000000
0.0000000000
0.0000000000
0.0000000000
0.0000000000
0.0000000000
0.0000000000
0.0000000000
0.0000000000
0.0000000000
0.0000000000
0.0000000000
0.0000000000
0.0000000000
0.0000000000
0.0000000000
0.0000000000
0.0000000000
0.0000000000
0.0000000000
0.0000000000
0.0000000000
0.0000000000
0.0000000000
0.0000000000
0.0000000000
0.0000000000
0.0000000000
0.0000000000
0.0000000000
0.0000000000
0.0000000000
0.0000000000
0.0000000000
0.0000000000
0.0000000000
0.0000000000
0.0000000000
0.0000000000
0.0000000000
0.0000000000
0.0000000000
0.0000000000
0.0000000000
0.0000000000
0.0000000000
0.0000000000
0.0000000000
0.0000000000
0.0000000000
0.0000000000
0.0000000000
0.0000000000
0.0000000000
0.0000000000
0.0000000000
0.0000000000
0.0000000000
0.0000000000
0.0000000000
0.0000000000
0.0000000000
0.0000000000
0.0000000000
0.0000000000
0.0000000000
0.0000000000
0.0000000000
0.0000000000
0.0000000000
0.0000000000
0.0000000000
0.0000000000
0.0000000000
0.0000000000
0.0000000000
0.0000000000
0.0000000000
0.0000000000
0.0000000000
0.0000000000
0.0000000000
0.0000000000
0.0000000000
0.0000000000
0.0000000000
0.0000000000
0.0000000000
0.0000000000
0.0000000000
0.0000000000
0.0000000000
0.0000000000
0.0000000000
0.0000000000
0.0000000000
0.0000000000
0.0000000000
0.0000000000
0.0000000000
0.0000000000
0.0000000000
0.0000000000
0.0000000000
0.0000000000
0.0000000000
0.0000000000
0.0000000000
0.0000000000
0.0000000000
0.0000000000
0.0000000000
0.0000000000
0.0000000000
0.0000000000
0.0000000000
0.0000000000
0.0000000000
0.0000000000
0.0000000000
0.0000000000
0.0000000000
0.0000000000
0.0000000000
0.0000000000
0.0000000000
0.0000000000
0.0000000000
0.0000000000
0.0000000000
0.0000000000
0.0000000000
0.0000000000
0.0000000000
0.0000000000
0.0000000000
0.0000000000
0.0000000000
0.0000000000
0.0000000000
0.0000000000
0.0000000000
0.0000000000
0.0000000000
0.0000000000
0.0000000000
0.0000000000
0.0000000000
0.0000000000
0.0000000000
0.0000000000
0.0000000000
0.0000000000
0.0000000000
0.0000000000
0.0000000000
0.0000000000
0.0000000000
0.0000000000
0.0000000000
0.0000000000
0.0000000000
0.0000000000
0.0000000000
0.0000000000
0.0000000000
0.0000000000
0.0000000000
0.0000000000
0.0000000000
0.0000000000
0.0000000000
0.0000000000
0.0000000000
0.0000000000
0.0000000000
0.0000000000
0.0000000000
0.0000000000
0.0000000000
0.0000000000
0.0000000000
0.0000000000
0.0000000000
0.0000000000
0.0000000000
0.0000000000
0.0000000000
0.0000000000
0.0000000000
0.0000000000
0.0000000000
0.0000000000
0.0000000000
0.0000000000
0.0000000000
0.0000000000
0.0000000000
0.0000000000
0.0000000000
0.0000000000
0.0000000000
0.0000000000
0.0000000000
0.0000000000
0.0000000000
0.0000000000
0.0000000000
0.0000000000
0.0000000000
0.0000000000
0.0000000000
0.0000000000
0.0000000000
0.0000000000
0.0000000000
0.0000000000
0.0000000000
0.0000000000
0.0000000000
0.0000000000
0.0000000000
0.0000000000
0.0000000000
0.0000000000
0.0000000000
0.0000000000
0.0000000000
0.0000000000
0.0000000000
0.0000000000
0.0000000000
0.0000000000
0.0000000000
0.0000000000
0.0000000000
0.0000000000
0.0000000000
0.0000000000
0.0000000000
0.0000000000
0.0000000000
0.0000000000
0.0000000000
0.0000000000
0.0000000000
0.0000000000
0.0000000000
0.0000000000
0.0000000000
0.0000000000
0.0000000000
0.0000000000
0.0000000000
0.0000000000
0.0000000000
0.0000000000
0.0000000000
0.0000000000
0.0000000000
0.0000000000
0.0000000000
0.0000000000
0.0000000000
0.0000000000
0.0000000000
0.0000000000
0.0000000000
0.0000000000
0.0000000000
0.0000000000
0.0000000000
0.0000000000
0.0000000000
0.0000000000
0.0000000000
0.0000000000
0.0000000000
0.0000000000
0.0000000000
0.0000000000
0.0000000000
0.0000000000
0.0000000000
0.0000000000
0.0000000000
0.0000000000
0.0000000000
0.0000000000
0.0000000000
0.0000000000
0.0000000000
0.0000000000
0.0000000000
0.0000000000
0.0000000000
0.0000000000
0.0000000000
0.0000000000
0.0000000000
0.0000000000
0.0000000000
0.0000000000
0.0000000000
0.0000000000
0.0000000000
0.0000000000
0.0000000000
0.0000000000
0.0000000000
0.0000000000
0.0000000000
0.0000000000
0.0000000000
0.0000000000
0.0000000000
0.0000000000
0.0000000000
0.0000000000
0.0000000000
0.0000000000
0.0000000000
0.0000000000
0.0000000000
0.0000000000
0.0000000000
0.0000000000
0.0000000000
0.0000000000
0.0000000000
0.0000000000
0.0000000000
0.0000000000
0.0000000000
0.0000000000
0.0000000000
0.0000000000
0.0000000000
0.0000000000
0.0000000000
0.0000000000
0.0000000000
0.0000000000
0.0000000000
0.0000000000
0.0000000000
0.0000000000
0.0000000000
0.0000000000
0.0000000000
0.0000000000
0.0000000000
0.0000000000
0.0000000000
0.0000000000
0.0000000000
0.0000000000
0.0000000000
0.0000000000
0.0000000000
0.0000000000
0.0000000000
0.0000000000
0.0000000000
0.0000000000
0.0000000000
0.0000000000
0.0000000000
0.0000000000
0.0000000000
0.0000000000
0.0000000000
0.0000000000
0.0000000000
0.0000000000
0.0000000000
0.0000000000
0.0000000000
0.0000000000
0.0000000000
0.0000000000
0.0000000000
0.0000000000
0.0000000000
0.0000000000
0.0000000000
0.0000000000
0.0000000000
0.0000000000
0.0000000000
0.0000000000
0.0000000000
0.0000000000
0.0000000000
0.0000000000
0.0000000000
0.0000000000
0.0000000000
0.0000000000
0.0000000000
0.0000000000
0.0000000000
0.0000000000
0.0000000000
0.0000000000
0.0000000000
0.0000000000
0.0000000000
0.0000000000
0.0000000000
0.0000000000
0.0000000000
0.0000000000
0.0000000000
0.0000000000
0.0000000000
0.0000000000
0.0000000000
0.0000000000
0.0000000000
0.0000000000
0.0000000000
0.0000000000
0.0000000000
0.0000000000
0.0000000000
0.0000000000
0.0000000000
0.0000000000
0.0000000000
0.0000000000
0.0000000000
0.0000000000
0.0000000000
0.0000000000
0.0000000000
0.0000000000
0.0000000000
0.0000000000
0.0000000000
0.0000000000
0.0000000000
0.0000000000
0.0000000000
0.0000000000
0.0000000000
0.0000000000
0.0000000000
0.0000000000
0.0000000000
0.0000000000
0.0000000000
0.0000000000
0.0000000000
0.0000000000
0.0000000000
0.0000000000
0.0000000000
0.0000000000
0.0000000000
0.0000000000
0.0000000000
0.0000000000
0.0000000000
0.0000000000
0.0000000000
0.0000000000
0.0000000000
0.0000000000
0.0000000000
0.0000000000
0.0000000000
0.0000000000
0.0000000000
0.0000000000
0.0000000000
0.0000000000
0.0000000000
0.0000000000
0.0000000000
0.0000000000
0.0000000000
0.0000000000
0.0000000000
0.0000000000
0.0000000000
0.0000000000
0.0000000000
0.0000000000
0.0000000000
0.0000000000
0.0000000000
0.0000000000
0.0000000000
0.0000000000
0.0000000000
0.0000000000
0.0000000000
0.0000000000
0.0000000000
0.0000000000
0.0000000000
0.0000000000
0.0000000000
0.0000000000
0.0000000000
0.0000000000
0.0000000000
0.0000000000
0.0000000000
0.0000000000
0.0000000000
0.0000000000
0.0000000000
0.0000000000
0.0000000000
0.0000000000
0.0000000000
0.0000000000
0.0000000000
0.0000000000
0.0000000000
0.0000000000
0.0000000000
0.0000000000
0.0000000000
0.0000000000
0.0000000000
0.0000000000
0.0000000000
0.0000000000
0.0000000000
0.0000000000
0.0000000000
0.0000000000
0.0000000000
0.0000000000
0.0000000000
0.0000000000
0.0000000000
0.0000000000
0.0000000000
0.0000000000
0.0000000000
0.0000000000
0.0000000000
0.0000000000
0.0000000000
0.0000000000
0.0000000000
0.0000000000
0.0000000000
0.0000000000
0.0000000000
0.0000000000
0.0000000000
0.0000000000
0.0000000000
0.0000000000
0.0000000000
0.0000000000
0.0000000000
0.0000000000
0.0000000000
0.0000000000
0.0000000000
0.0000000000
0.0000000000
0.0000000000
0.0000000000
0.0000000000
0.0000000000
0.0000000000
0.0000000000
0.0000000000
0.0000000000
0.0000000000
0.0000000000
0.0000000000
0.0000000000
0.0000000000
0.0000000000
0.0000000000
0.0000000000
0.0000000000
0.0000000000
0.0000000000
0.0000000000
0.0000000000
0.0000000000
0.0000000000
0.0000000000
0.0000000000
0.0000000000
0.0000000000
0.0000000000
0.0000000000
0.0000000000
0.0000000000
0.0000000000
0.0000000000
0.0000000000
0.0000000000
0.0000000000
0.0000000000
0.0000000000
0.0000000000
0.0000000000
0.0000000000
0.0000000000
0.0000000000
0.0000000000
0.0000000000
0.0000000000
0.0000000000
0.0000000000
0.0000000000
0.0000000000
0.0000000000
0.0000000000
0.0000000000
0.0000000000
0.0000000000
0.0000000000
0.0000000000
0.0000000000
0.0000000000
0.0000000000
0.0000000000
0.0000000000
0.0000000000
0.0000000000
0.0000000000
0.0000000000
0.0000000000
0.0000000000
0.0000000000
0.0000000000
0.0000000000
0.0000000000
0.0000000000
0.0000000000
0.0000000000
0.0000000000
0.0000000000
0.0000000000
0.0000000000
0.0000000000
0.0000000000
0.0000000000
0.0000000000
0.0000000000
0.0000000000
0.0000000000
0.0000000000
0.0000000000
0.0000000000
0.0000000000
0.0000000000
0.0000000000
0.0000000000
0.0000000000
0.0000000000
0.0000000000
0.0000000000
0.0000000000
0.0000000000
0.0000000000
0.0000000000
0.0000000000
0.0000000000
0.0000000000
0.0000000000
0.0000000000
0.0000000000
0.0000000000
0.0000000000
0.0000000000
0.0000000000
0.0000000000
0.0000000000
0.0000000000
0.0000000000
0.0000000000
0.0000000000
0.0000000000
0.0000000000
0.0000000000
0.0000000000
0.0000000000
0.0000000000
0.0000000000
0.0000000000
0.0000000000
0.0000000000
0.0000000000
0.0000000000
0.0000000000
0.0000000000
0.0000000000
0.0000000000
0.0000000000
0.0000000000
0.0000000000
0.0000000000
0.0000000000
0.0000000000
0.0000000000
0.0000000000
0.0000000000
0.0000000000
0.0000000000
0.0000000000
0.0000000000
0.0000000000
0.0000000000
0.0000000000
0.0000000000
0.0000000000
0.0000000000
0.0000000000
0.0000000000
0.0000000000
0.0000000000
0.0000000000
0.0000000000
0.0000000000
0.0000000000
0.0000000000
0.0000000000
0.0000000000
0.0000000000
0.0000000000
0.0000000000
0.0000000000
0.0000000000
0.0000000000
0.0000000000
0.0000000000
0.0000000000
0.0000000000
0.0000000000
0.0000000000
0.0000000000
0.0000000000
0.0000000000
0.0000000000
0.0000000000
0.0000000000
0.0000000000
0.0000000000
0.0000000000
0.0000000000
0.0000000000
0.0000000000
0.0000000000
0.0000000000
0.0000000000
0.0000000000
0.0000000000
0.0000000000
0.0000000000
0.0000000000
0.0000000000
0.0000000000
0.0000000000
0.0000000000
0.0000000000
0.0000000000
0.0000000000
0.0000000000
0.0000000000
0.0000000000
0.0000000000
0.0000000000
0.0000000000
0.0000000000
0.0000000000
0.0000000000
0.0000000000
0.0000000000
0.0000000000
0.0000000000
0.0000000000
0.0000000000
0.0000000000
0.0000000000
0.0000000000
0.0000000000
0.0000000000
0.0000000000
0.0000000000
0.0000000000
0.0000000000
0.0000000000
0.0000000000
0.0000000000
0.0000000000
0.0000000000
0.0000000000
0.0000000000
0.0000000000
0.0000000000
0.0000000000
0.0000000000
0.0000000000
0.0000000000
0.0000000000
0.0000000000
0.0000000000
0.0000000000
0.0000000000
0.0000000000
0.0000000000
0.0000000000
0.0000000000
0.0000000000
0.0000000000
0.0000000000
0.0000000000
0.0000000000
0.0000000000
0.0000000000
0.0000000000
0.0000000000
0.0000000000
0.0000000000
0.0000000000
0.0000000000
0.0000000000
0.0000000000
0.0000000000
0.0000000000
0.0000000000
0.0000000000
0.0000000000
0.0000000000
0.0000000000
0.0000000000
0.0000000000
0.0000000000
0.0000000000
0.0000000000
0.0000000000
0.0000000000
0.0000000000
0.0000000000
0.0000000000
0.0000000000
0.0000000000
0.0000000000
0.0000000000
0.0000000000
0.0000000000
0.0000000000
0.0000000000
0.0000000000
0.0000000000
0.0000000000
0.0000000000
0.0000000000
0.0000000000
0.0000000000
0.0000000000
0.0000000000
0.0000000000
0.0000000000
0.0000000000
0.0000000000
0.0000000000
0.0000000000
0.0000000000
0.0000000000
0.0000000000
0.0000000000
0.0000000000
0.0000000000
0.0000000000
0.0000000000
0.0000000000
0.0000000000
0.0000000000
0.0000000000
0.0000000000
0.0000000000
0.0000000000
0.0000000000
0.0000000000
0.0000000000
0.0000000000
0.0000000000
0.0000000000
0.0000000000
0.0000000000
0.0000000000
0.0000000000
0.0000000000
0.0000000000
0.0000000000
0.0000000000
0.0000000000
0.0000000000
0.0000000000
0.0000000000
0.0000000000
0.0000000000
0.0000000000
0.0000000000
0.0000000000
0.0000000000
0.0000000000
0.0000000000
0.0000000000
0.0000000000
0.0000000000
0.0000000000
0.0000000000
0.0000000000
0.0000000000
0.0000000000
0.0000000000
0.0000000000
0.0000000000
0.0000000000
0.0000000000
0.0000000000
0.0000000000
0.0000000000
0.0000000000
0.0000000000
0.0000000000
0.0000000000
0.0000000000
0.0000000000
0.0000000000
0.0000000000
0.0000000000
0.0000000000
0.0000000000
0.0000000000
0.0000000000
0.0000000000
0.0000000000
0.0000000000
0.0000000000
0.0000000000
0.0000000000
0.0000000000
0.0000000000
0.0000000000
0.0000000000
0.0000000000
0.0000000000
0.0000000000
0.0000000000
0.0000000000
0.0000000000
0.0000000000
0.0000000000
0.0000000000
0.0000000000
0.0000000000
0.0000000000
0.0000000000
0.0000000000
0.0000000000
0.0000000000
0.0000000000
0.0000000000
0.0000000000
0.0000000000
0.0000000000
0.0000000000
0.0000000000
0.0000000000
0.0000000000
0.0000000000
0.0000000000
0.0000000000
0.0000000000
0.0000000000
0.0000000000
0.0000000000
0.0000000000
0.0000000000
0.0000000000
0.0000000000
0.0000000000
0.0000000000
0.0000000000
0.0000000000
0.0000000000
0.0000000000
0.0000000000
0.0000000000
0.0000000000
0.0000000000
0.0000000000
0.0000000000
0.0000000000
0.0000000000
0.0000000000
0.0000000000
0.0000000000
0.0000000000
0.0000000000
0.0000000000
0.0000000000
0.0000000000
0.0000000000
0.0000000000
0.0000000000
0.0000000000
0.0000000000
0.0000000000
0.0000000000
0.0000000000
0.0000000000
0.0000000000
0.0000000000
0.0000000000
0.0000000000
0.0000000000
0.0000000000
0.0000000000
0.0000000000
0.0000000000
0.0000000000
0.0000000000
0.0000000000
0.0000000000
0.0000000000
0.0000000000
0.0000000000
0.0000000000
0.0000000000
0.0000000000
0.0000000000
0.0000000000
0.0000000000
0.0000000000
0.0000000000
0.0000000000
0.0000000000
0.0000000000
0.0000000000
0.0000000000
0.0000000000
0.0000000000
0.0000000000
0.0000000000
0.0000000000
0.0000000000
0.0000000000
0.0000000000
0.0000000000
0.0000000000
0.0000000000
0.0000000000
0.0000000000
0.0000000000
0.0000000000
0.0000000000
0.0000000000
0.0000000000
0.0000000000
0.0000000000
0.0000000000
0.0000000000
0.0000000000
0.0000000000
0.0000000000
0.0000000000
0.0000000000
0.0000000000
0.0000000000
0.0000000000
0.0000000000
0.0000000000
0.0000000000
0.0000000000
0.0000000000
0.0000000000
0.0000000000
0.0000000000
0.0000000000
0.0000000000
0.0000000000
0.0000000000
0.0000000000
0.0000000000
0.0000000000
0.0000000000
0.0000000000
0.0000000000
0.0000000000
0.0000000000
0.0000000000
0.0000000000
0.0000000000
0.0000000000
0.0000000000
0.0000000000
0.0000000000
0.0000000000
0.0000000000
0.0000000000
0.0000000000
0.0000000000
0.0000000000
0.0000000000
0.0000000000
0.0000000000
0.0000000000
0.0000000000
0.0000000000
0.0000000000
0.0000000000
0.0000000000
0.0000000000
0.0000000000
0.0000000000
0.0000000000
0.0000000000
0.0000000000
0.0000000000
0.0000000000
0.0000000000
0.0000000000
0.0000000000
0.0000000000
0.0000000000
0.0000000000
0.0000000000
0.0000000000
0.0000000000
0.0000000000
0.0000000000
0.0000000000
0.0000000000
0.0000000000
0.0000000000
0.0000000000
0.0000000000
0.0000000000
0.0000000000
0.0000000000
0.0000000000
0.0000000000
0.0000000000
0.0000000000
0.0000000000
0.0000000000
0.0000000000
0.0000000000
0.0000000000
0.0000000000
0.0000000000
0.0000000000
0.0000000000
0.0000000000
0.0000000000
0.0000000000
0.0000000000
0.0000000000
0.0000000000
0.0000000000
0.0000000000
0.0000000000
0.0000000000
0.0000000000
0.0000000000
0.0000000000
0.0000000000
0.0000000000
0.0000000000
0.0000000000
0.0000000000
0.0000000000
0.0000000000
0.0000000000
0.0000000000
0.0000000000
0.0000000000
0.0000000000
0.0000000000
0.0000000000
0.0000000000
0.0000000000
0.0000000000
0.0000000000
0.0000000000
0.0000000000
0.0000000000
0.0000000000
0.0000000000
0.0000000000
0.0000000000
0.0000000000
0.0000000000
0.0000000000
0.0000000000
0.0000000000
0.0000000000
0.0000000000
0.0000000000
0.0000000000
0.0000000000
0.0000000000
0.0000000000
0.0000000000
0.0000000000
0.0000000000
0.0000000000
0.0000000000
0.0000000000
0.0000000000
0.0000000000
0.0000000000
0.0000000000
0.0000000000
0.0000000000
0.0000000000
0.0000000000
0.0000000000
0.0000000000
0.0000000000
0.0000000000
0.0000000000
0.0000000000
0.0000000000
0.0000000000
0.0000000000
0.0000000000
0.0000000000
0.0000000000
0.0000000000
0.0000000000
0.0000000000
0.0000000000
0.0000000000
0.0000000000
0.0000000000
0.0000000000
0.0000000000
0.0000000000
0.0000000000
0.0000000000
0.0000000000
0.0000000000
0.0000000000
0.0000000000
0.0000000000
0.0000000000
0.0000000000
0.0000000000
0.0000000000
0.0000000000
0.0000000000
0.0000000000
0.0000000000
0.0000000000
0.0000000000
0.0000000000
0.0000000000
0.0000000000
0.0000000000
0.0000000000
0.0000000000
0.0000000000
0.0000000000
0.0000000000
0.0000000000
0.0000000000
0.0000000000
0.0000000000
0.0000000000
0.0000000000
0.0000000000
0.0000000000
0.0000000000
0.0000000000
0.0000000000
0.0000000000
0.0000000000
0.0000000000
0.0000000000
0.0000000000
0.0000000000
0.0000000000
0.0000000000
0.0000000000
0.0000000000
0.0000000000
0.0000000000
0.0000000000
0.0000000000
0.0000000000
0.0000000000
0.0000000000
0.0000000000
0.0000000000
0.0000000000
0.0000000000
0.0000000000
0.0000000000
0.0000000000
0.0000000000
0.0000000000
0.0000000000
0.0000000000
0.0000000000
0.0000000000
0.0000000000
0.0000000000
0.0000000000
0.0000000000
0.0000000000
0.0000000000
0.0000000000
0.0000000000
0.0000000000
0.0000000000
0.0000000000
0.0000000000
0.0000000000
0.0000000000
0.0000000000
0.0000000000
0.0000000000
0.0000000000
0.0000000000
0.0000000000
0.0000000000
0.0000000000
0.0000000000
0.0000000000
0.0000000000
0.0000000000
0.0000000000
0.0000000000
0.0000000000
0.0000000000
0.0000000000
0.0000000000
0.0000000000
0.0000000000
0.0000000000
0.0000000000
0.0000000000
0.0000000000
0.0000000000
0.0000000000
0.0000000000
0.0000000000
0.0000000000
0.0000000000
0.0000000000
0.0000000000
0.0000000000
0.0000000000
0.0000000000
0.0000000000
0.0000000000
0.0000000000
0.0000000000
0.0000000000
0.0000000000
0.0000000000
0.0000000000
0.0000000000
0.0000000000
0.0000000000
0.0000000000
0.0000000000
0.0000000000
0.0000000000
0.0000000000
0.0000000000
0.0000000000
0.0000000000
0.0000000000
0.0000000000
0.0000000000
0.0000000000
0.0000000000
0.0000000000
0.0000000000
0.0000000000
0.0000000000
0.0000000000
0.0000000000
0.0000000000
0.0000000000
0.0000000000
0.0000000000
0.0000000000
0.0000000000
0.0000000000
0.0000000000
0.0000000000
0.0000000000
0.0000000000
0.0000000000
0.0000000000
0.0000000000
0.0000000000
0.0000000000
0.0000000000
0.0000000000
0.0000000000
0.0000000000
0.0000000000
0.0000000000
0.0000000000
0.0000000000
0.0000000000
0.0000000000
0.0000000000
0.0000000000
0.0000000000
0.0000000000
0.0000000000
0.0000000000
0.0000000000
0.0000000000
0.0000000000
0.0000000000
0.0000000000
0.0000000000
0.0000000000
0.0000000000
0.0000000000
0.0000000000
0.0000000000
0.0000000000
0.0000000000
0.0000000000
0.0000000000
0.0000000000
0.0000000000
0.0000000000
0.0000000000
0.0000000000
0.0000000000
0.0000000000
0.0000000000
0.0000000000
0.0000000000
0.0000000000
0.0000000000
0.0000000000
0.0000000000
0.0000000000
0.0000000000
0.0000000000
0.0000000000
0.0000000000
0.0000000000
0.0000000000
0.0000000000
0.0000000000
0.0000000000
0.0000000000
0.0000000000
0.0000000000
0.0000000000
0.0000000000
0.0000000000
0.0000000000
0.0000000000
0.0000000000
0.0000000000
0.0000000000
0.0000000000
0.0000000000
0.0000000000
0.0000000000
0.0000000000
0.0000000000
0.0000000000
0.0000000000
0.0000000000
0.0000000000
0.0000000000
0.0000000000
0.0000000000
0.0000000000
0.0000000000
0.0000000000
0.0000000000
0.0000000000
0.0000000000
0.0000000000
0.0000000000
0.0000000000
0.0000000000
0.0000000000
0.0000000000
0.0000000000
0.0000000000
0.0000000000
0.0000000000
0.0000000000
0.0000000000
0.0000000000
0.0000000000
0.0000000000
0.0000000000
0.0000000000
0.0000000000
0.0000000000
0.0000000000
0.0000000000
0.0000000000
0.0000000000
0.0000000000
0.0000000000
0.0000000000
0.0000000000
0.0000000000
0.0000000000
0.0000000000
0.0000000000
0.0000000000
0.0000000000
0.0000000000
0.0000000000
0.0000000000
0.0000000000
0.0000000000
0.0000000000
0.0000000000
0.0000000000
0.0000000000
0.0000000000
0.0000000000
0.0000000000
0.0000000000
0.0000000000
0.0000000000
0.0000000000
0.0000000000
0.0000000000
0.0000000000
0.0000000000
0.0000000000
0.0000000000
0.0000000000
0.0000000000
0.0000000000
0.0000000000
0.0000000000
0.0000000000
0.0000000000
0.0000000000
0.0000000000
0.0000000000
0.0000000000
0.0000000000
0.0000000000
0.0000000000
0.0000000000
0.0000000000
0.0000000000
0.0000000000
0.0000000000
0.0000000000
0.0000000000
0.0000000000
0.0000000000
0.0000000000
0.0000000000
0.0000000000
0.0000000000
0.0000000000
0.0000000000
0.0000000000
0.0000000000
0.0000000000
0.0000000000
0.0000000000
0.0000000000
0.0000000000
0.0000000000
0.0000000000
0.0000000000
0.0000000000
0.0000000000
0.0000000000
0.0000000000
0.0000000000
0.0000000000
0.0000000000
0.0000000000
0.0000000000
0.0000000000
0.0000000000
0.0000000000
0.0000000000
0.0000000000
0.0000000000
0.0000000000
0.0000000000
0.0000000000
0.0000000000
0.0000000000
0.0000000000
0.0000000000
0.0000000000
0.0000000000
0.0000000000
0.0000000000
0.0000000000
0.0000000000
0.0000000000
0.0000000000
0.0000000000
0.0000000000
0.0000000000
0.0000000000
0.0000000000
0.0000000000
0.0000000000
0.0000000000
0.0000000000
0.0000000000
0.0000000000
0.0000000000
0.0000000000
0.0000000000
0.0000000000
0.0000000000
0.0000000000
0.0000000000
0.0000000000
0.0000000000
0.0000000000
0.0000000000
0.0000000000
0.0000000000
0.0000000000
0.0000000000
0.0000000000
0.0000000000
0.0000000000
0.0000000000
0.0000000000
0.0000000000
0.0000000000
0.0000000000
0.0000000000
0.0000000000
0.0000000000
0.0000000000
0.0000000000
0.0000000000
0.0000000000
0.0000000000
0.0000000000
0.0000000000
0.0000000000
0.0000000000
0.0000000000
0.0000000000
0.0000000000
0.0000000000
0.0000000000
0.0000000000
0.0000000000
0.0000000000
0.0000000000
0.0000000000
0.0000000000
0.0000000000
0.0000000000
0.0000000000
