0.0003261781
0.0006444332
0.0010819134
0.0015802569
0.0020737739
0.0025045490
0.0028311082
0.0030383901
0.0031647948
0.0032872895
0.0034472721
0.0036395633
0.0038538335
0.0040830536
0.0043090657
0.0044980925
0.0046075962
0.0045918278
0.0043984544
0.0039823529
0.0033454977
0.0025436936
0.0016484110
0.0007110818
-0.0002260544
-0.0010834881
-0.0017550846
-0.0021739103
-0.0023509532
-0.0023652537
-0.0023261417
-0.0023415029
-0.0024918946
-0.0028284402
-0.0033742933
-0.0041098809
-0.0049733941
-0.0058817683
-0.0067367612
-0.0074271816
-0.0078539906
-0.0079396184
-0.0076241525
-0.0068991907
-0.0058479190
-0.0046163376
-0.0033493768
-0.0021461187
-0.0010702019
-0.0001640762
0.0005640823
0.0011242175
0.0015022614
0.0016557487
0.0015405725
0.0011336013
0.0004435312
-0.0004807081
-0.0015489045
-0.0026395718
-0.0036124227
-0.0043329093
-0.0047135551
-0.0047396497
-0.0044656227
-0.0039784814
-0.0033503019
-0.0025875839
-0.0016524093
-0.0005320794
0.0007257538
0.0020259745
0.0032722314
0.0043754523
0.0052448720
0.0058081721
0.0060519258
0.0060442291
0.0058991796
0.0057235532
0.0055899014
0.0055213455
0.0054832862
0.0053983682
0.0051755304
0.0047303637
0.0039834543
0.0028450461
0.0012328038
-0.0008828952
-0.0034434103
-0.0062724867
-0.0090545352
-0.0113463575
-0.0127065458
-0.0128675066
-0.0118266637
-0.0099064521
-0.0076274383
-0.0054778709
-0.0038006085
-0.0027551686
-0.0022707046
-0.0020284817
-0.0015177780
-0.0002812345
0.0017731794
0.0043152779
0.0068013169
0.0086980992
0.0096077948
0.0093599383
0.0080823241
0.0061023025
0.0037513202
0.0013197165
-0.0009006105
-0.0026747409
-0.0038735180
-0.0044739221
-0.0046061765
-0.0045582999
-0.0046606605
-0.0051573021
-0.0060750873
-0.0071176757
-0.0077879928
-0.0076495150
-0.0065847829
-0.0048987666
-0.0031760536
-0.0020460238
-0.0019318039
-0.0029016904
-0.0046089311
-0.0063337656
-0.0072314251
-0.0067076620
-0.0046469502
-0.0013790886
0.0024641526
0.0062199225
0.0093945734
0.0116898556
0.0130216367
0.0134334318
0.0129888008
0.0116898913
0.0094447626
0.0062113775
0.0021898617
-0.0022107169
-0.0065225442
-0.0102413919
-0.0127411765
-0.0133829658
-0.0118208287
-0.0082587764
-0.0035737250
0.0008978658
0.0040687558
0.0054235610
0.0049409422
0.0031291440
0.0009757652
-0.0004641651
-0.0006216811
0.0003806707
0.0019894246
0.0035322589
0.0043605500
0.0040184533
0.0024582220
0.0000150272
-0.0028321238
-0.0056600778
-0.0081654251
-0.0101717289
-0.0116241480
-0.0125097893
-0.0127470070
-0.0121543711
-0.0106034531
-0.0081691172
-0.0050797772
-0.0015748674
0.0021430579
0.0058562228
0.0092444166
0.0118863354
0.0133343392
0.0132494301
0.0115864682
0.0086380659
0.0048761230
0.0007713267
-0.0032937102
-0.0069900777
-0.0100386351
-0.0122167616
-0.0133656483
-0.0134364408
-0.0124901636
-0.0107190106
-0.0084169826
-0.0058807326
-0.0033103729
-0.0008789870
0.0012412424
0.0029881540
0.0044203823
0.0055931069
0.0064435416
0.0068002232
0.0064304474
0.0050832951
0.0025257872
-0.0012979765
-0.0060217998
-0.0108884493
-0.0150366640
-0.0177425671
-0.0186689195
-0.0179642174
-0.0161029497
-0.0135682622
-0.0107016662
-0.0077154815
-0.0047422436
-0.0018587595
0.0008253236
0.0030124964
0.0043676332
0.0048755114
0.0049556748
0.0053881045
0.0071358326
0.0108340948
0.0162406954
0.0221234727
0.0267260597
0.0283846688
0.0259525517
0.0192791766
0.0093922206
-0.0018803174
-0.0124957084
-0.0208137547
-0.0259900887
-0.0279536142
-0.0273215440
-0.0251484534
-0.0223695612
-0.0194214849
-0.0162117525
-0.0123551010
-0.0075694632
-0.0020134263
0.0036044809
0.0082082703
0.0108220096
0.0109960957
0.0089120572
0.0053329731
0.0014824327
-0.0013686744
-0.0024376481
-0.0016899628
0.0002371536
0.0024171952
0.0040518361
0.0047610567
0.0046629730
0.0042781535
0.0042957875
0.0052071296
0.0070365882
0.0093661215
0.0115865217
0.0131523599
0.0136846322
0.0129682421
0.0108956192
0.0074096721
0.0025400524
-0.0034938616
-0.0101089455
-0.0162632765
-0.0206261056
-0.0220853062
-0.0203027956
-0.0159819814
-0.0105435092
-0.0055366943
-0.0021505622
-0.0009595495
-0.0018680014
-0.0041203928
-0.0064839581
-0.0076901458
-0.0068685826
-0.0037950909
0.0009436392
0.0061096554
0.0103753875
0.0128391574
0.0131944461
0.0117359509
0.0093199905
0.0069298034
0.0050552228
0.0034532723
0.0015229322
-0.0012054225
-0.0048240499
-0.0089316561
-0.0126931391
-0.0151491276
-0.0155890263
-0.0138032656
-0.0102279941
-0.0057785907
-0.0013554369
0.0025740089
0.0060663370
0.0095099969
0.0132218667
0.0170802101
0.0204534078
0.0224470728
0.0221585185
0.0189136286
0.0126221502
0.0038464029
-0.0063268100
-0.0164562874
-0.0251881109
-0.0315902002
-0.0351735121
-0.0358909558
-0.0340725914
-0.0302190472
-0.0248042320
-0.0182048906
-0.0108372824
-0.0033535547
0.0034595770
0.0088843822
0.0124585509
0.0141261693
0.0141713002
0.0130643435
0.0113289551
0.0094175429
0.0076375458
0.0061491567
0.0049319329
0.0039012413
0.0030514539
0.0024968264
0.0024105271
0.0028605917
0.0037005185
0.0046371284
0.0053695860
0.0057468665
0.0059256626
0.0063698739
0.0076670647
0.0103305824
0.0146872505
0.0208220987
0.0283764498
0.0365243386
0.0441952114
0.0503412386
0.0542199398
0.0556967750
0.0549846529
0.0522603653
0.0477956177
0.0421777734
0.0360413135
0.0297970509
0.0237367588
0.0182073460
0.0134602407
0.0096302286
0.0069261827
0.0056226257
0.0058926035
0.0076459524
0.0104129066
0.0134528878
0.0161154948
0.0180487470
0.0191593154
0.0194065335
0.0185504245
0.0160878063
0.0114491288
0.0043189883
-0.0051936783
-0.0165814122
-0.0289557504
-0.0412182636
-0.0524724260
-0.0621424372
-0.0698595258
-0.0754245782
-0.0786782585
-0.0793427897
-0.0769092707
-0.0705387896
-0.0591193895
-0.0418670219
-0.0191508910
0.0070954920
0.0335458907
0.0565789027
0.0743588282
0.0873913180
0.0966500208
0.1026877228
0.1058821601
0.1066010235
0.1051305725
0.1014375471
0.0953643974
0.0870411723
0.0769118154
0.0651074918
0.0512397062
0.0349725411
0.0166919248
-0.0024995774
-0.0209988100
-0.0371499220
-0.0496671535
-0.0579390822
-0.0620670775
-0.0628350050
-0.0615144251
-0.0593844431
-0.0574182612
-0.0563421091
-0.0567398456
-0.0589250973
-0.0627606275
-0.0676986499
-0.0731470466
-0.0787625024
-0.0844115754
-0.0900250669
-0.0954857854
-0.1004197898
-0.1041447805
-0.1058574272
-0.1048140887
-0.1004689432
-0.0926454671
-0.0817832285
-0.0685414013
-0.0530254802
-0.0349510136
-0.0144870876
0.0071202919
0.0280773996
0.0470228239
0.0632815824
0.0766358241
0.0868529071
0.0938302389
0.0974744233
0.0978218903
0.0952689924
0.0904860198
0.0842765262
0.0774789773
0.0709530892
0.0654885759
0.0615596498
0.0590929601
0.0573319636
0.0552878774
0.0525523840
0.0496926454
0.0476724885
0.0470944781
0.0482569277
0.0512579210
0.0557260170
0.0607149787
0.0650288731
0.0678588785
0.0691622703
0.0694018319
0.0690995004
0.0686498871
0.0683636275
0.0684019770
0.0687068533
0.0691213315
0.0695480868
0.0699662705
0.0703628909
0.0707031255
0.0709245615
0.0709096949
0.0704550815
0.0692326298
0.0667890659
0.0625994614
0.0562616153
0.0475936466
0.0363850348
0.0226499412
0.0071447659
-0.0091234393
-0.0254973356
-0.0415582035
-0.0569432899
-0.0712956453
-0.0841739335
-0.0950955937
-0.1035392692
-0.1091349922
-0.1119746855
-0.1127540419
-0.1125816701
-0.1124373349
-0.1127867662
-0.1136070169
-0.1145698616
-0.1152815372
-0.1155052054
-0.1153028326
-0.1150307253
-0.1152557774
-0.1165856434
-0.1194339977
-0.1238775839
-0.1295780426
-0.1356957920
-0.1407726137
-0.1428148695
-0.1396098515
-0.1292652642
-0.1111156389
-0.0863780698
-0.0573757597
-0.0261196689
0.0055691686
0.0360026426
0.0649871752
0.0929821748
0.1186376764
0.1389844735
0.1520440624
0.1591201028
0.1625468693
0.1627723233
0.1586212468
0.1480827244
0.1286477882
0.0987152238
0.0596155669
0.0158613791
-0.0261905106
-0.0606964959
-0.0846822987
-0.0981943582
-0.1025370928
-0.0993784156
-0.0909979119
-0.0798388331
-0.0674369001
-0.0544001244
-0.0412753324
-0.0288192236
-0.0175624450
-0.0074890319
0.0020475458
0.0120566669
0.0231003312
0.0347396583
0.0457176910
0.0544126249
0.0597244544
0.0615104964
0.0600512511
0.0557981177
0.0494689326
0.0420667786
0.0344292462
0.0269223163
0.0198153641
0.0136403182
0.0092010133
0.0073603892
0.0087274305
0.0133444645
0.0205771307
0.0294319896
0.0390172212
0.0488140892
0.0587782621
0.0692872299
0.0807947579
0.0928550277
0.1042396051
0.1143474881
0.1228736664
0.1295067902
0.1344799477
0.1384244547
0.1417971569
0.1446133672
0.1463769977
0.1460883273
0.1423499433
0.1339277864
0.1206451096
0.1036863277
0.0852938817
0.0678678520
0.0529690051
0.0411630117
0.0320498138
0.0244293668
0.0168860518
0.0080752123
-0.0031364193
-0.0173618668
-0.0346074039
-0.0541858762
-0.0746380786
-0.0944095440
-0.1125408205
-0.1284434956
-0.1419064016
-0.1531157947
-0.1625661556
-0.1708680407
-0.1785950850
-0.1860138155
-0.1929898079
-0.1990316619
-0.2032873847
-0.2045454179
-0.2013429446
-0.1923769303
-0.1769583785
-0.1552475625
-0.1282928656
-0.0978483644
-0.0661521249
-0.0354476061
-0.0075224750
0.0164323759
0.0358703480
0.0509717061
0.0626846874
0.0723513056
0.0806981029
0.0868526392
0.0895518814
0.0884382280
0.0833460933
0.0739476537
0.0602498292
0.0428027809
0.0222821789
-0.0006689644
-0.0246879067
-0.0476271299
-0.0675480645
-0.0830470654
-0.0928942700
-0.0958663338
-0.0911340772
-0.0790809059
-0.0617563082
-0.0424009907
-0.0247028536
-0.0118879961
-0.0056683013
-0.0058208645
-0.0107174837
-0.0181253656
-0.0256129287
-0.0308560641
-0.0321617462
-0.0289534557
-0.0219889905
-0.0132996952
-0.0053805372
0.0000566274
0.0023690427
0.0016747842
-0.0013198259
-0.0058518387
-0.0115165194
-0.0181293568
-0.0255725122
-0.0337401651
-0.0424435903
-0.0513256465
-0.0598132521
-0.0671321131
-0.0724050128
-0.0747688866
-0.0734629500
-0.0679957581
-0.0583286041
-0.0449360130
-0.0286312262
-0.0105871758
0.0075821868
0.0243320019
0.0387765792
0.0506506686
0.0602411682
0.0684734973
0.0760864307
0.0830986297
0.0894314756
0.0953012703
0.1008084635
0.1056805909
0.1093681250
0.1111966237
0.1103684264
0.1060939529
0.0979566716
0.0860939531
0.0711837666
0.0544709750
0.0375438147
0.0215020367
0.0067707847
-0.0063145998
-0.0175012465
-0.0267861510
-0.0341425803
-0.0394133996
-0.0424714350
-0.0433744474
-0.0425273431
-0.0407081215
-0.0387546633
-0.0371731014
-0.0360218084
-0.0349602639
-0.0333599738
-0.0307350600
-0.0271855305
-0.0231968032
-0.0191659317
-0.0152474255
-0.0113550453
-0.0072228757
-0.0025803422
0.0027228420
0.0087120996
0.0152240899
0.0219413951
0.0286162212
0.0351368993
0.0413725812
0.0470797008
0.0519196396
0.0555423502
0.0577525581
0.0582318152
0.0560149553
0.0496467957
0.0380387286
0.0214575575
0.0017787836
-0.0185120036
-0.0373876443
-0.0535138894
-0.0659085454
-0.0737965772
-0.0766968529
-0.0745851304
-0.0681041546
-0.0587694225
-0.0488287326
-0.0402741159
-0.0341979304
-0.0309075033
-0.0301308166
-0.0310993534
-0.0328579793
-0.0346719418
-0.0361321246
-0.0369929793
-0.0370689283
-0.0361593532
-0.0340695645
-0.0307290152
-0.0262231902
-0.0207099343
-0.0143733293
-0.0074771878
-0.0003902552
0.0064274339
0.0123922719
0.0168856500
0.0193467056
0.0192741541
0.0163708962
0.0107565609
0.0029263948
-0.0064793776
-0.0168865965
-0.0278794510
-0.0392052185
-0.0506230337
-0.0617872021
-0.0721459416
-0.0808244464
-0.0864738319
-0.0873264944
-0.0816175979
-0.0682894733
-0.0478897279
-0.0230745313
0.0026719176
0.0267420558
0.0479128091
0.0660291744
0.0814366990
0.0945987914
0.1060623447
0.1164048784
0.1259553767
0.1346581233
0.1421626602
0.1479471395
0.1512550181
0.1509980006
0.1460400221
0.1356785592
0.1201628167
0.1009168600
0.0795882443
0.0572914712
0.0347348591
0.0124327688
-0.0090237931
-0.0291142468
-0.0478074038
-0.0654268774
-0.0822702091
-0.0981601159
-0.1121077703
-0.1223681137
-0.1268913455
-0.1237044531
-0.1116797203
-0.0915053396
-0.0657946576
-0.0380426260
-0.0111452079
0.0129681171
0.0330587494
0.0488061426
0.0600237055
0.0659234119
0.0657785410
0.0597965104
0.0495942939
0.0376100982
0.0259329127
0.0154641337
0.0061245532
-0.0024398678
-0.0104860162
-0.0179589002
-0.0244672966
-0.0294909201
-0.0325724474
-0.0335298946
-0.0326440703
-0.0306243777
-0.0281411562
-0.0254426552
-0.0222900497
-0.0180849535
-0.0122680713
-0.0047553020
0.0039882424
0.0130526958
0.0212249158
0.0271737712
0.0297505628
0.0283180371
0.0230831744
0.0152077278
0.0065594204
-0.0008996748
-0.0056416129
-0.0067671685
-0.0040885377
0.0018582707
0.0101545006
0.0198001226
0.0295982987
0.0382612941
0.0447504264
0.0483757710
0.0488084194
0.0463334705
0.0419316892
0.0366900718
0.0313644561
0.0262784376
0.0213656973
0.0162950052
0.0107916112
0.0049294195
-0.0008282085
-0.0057851847
-0.0093431297
-0.0112771230
-0.0118583210
-0.0117413216
-0.0116326795
-0.0119903567
-0.0130312487
-0.0147539537
-0.0169487102
-0.0192898599
-0.0214041138
-0.0229439689
-0.0236454834
-0.0233418840
-0.0220748148
-0.0201248477
-0.0178606737
-0.0156239426
-0.0137267095
-0.0125070079
-0.0122972598
-0.0132856768
-0.0154099399
-0.0183609449
-0.0216780381
-0.0248868062
-0.0275746462
-0.0295044072
-0.0307172246
-0.0313916489
-0.0316198218
-0.0311887002
-0.0295814812
-0.0261538754
-0.0202877460
-0.0116120851
-0.0002800637
0.0128421263
0.0263248052
0.0385641122
0.0481183070
0.0540573897
0.0562341590
0.0550499676
0.0509465713
0.0443912180
0.0360657384
0.0267681549
0.0174491867
0.0091685569
0.0027674529
-0.0015200411
-0.0041376443
-0.0060072546
-0.0080537428
-0.0107366004
-0.0138995188
-0.0169529514
-0.0191857047
-0.0199665656
-0.0189047756
-0.0159849324
-0.0115942720
-0.0063404265
-0.0007423829
0.0047537841
0.0095727267
0.0131845976
0.0153708761
0.0162002610
0.0160079912
0.0154585040
0.0153442279
0.0161897562
0.0179896468
0.0202491510
0.0222662676
0.0234056138
0.0232756184
0.0218425034
0.0194308602
0.0165039319
0.0133325266
0.0097946269
0.0054961438
0.0001040642
-0.0062997510
-0.0131027957
-0.0194441285
-0.0244825293
-0.0274819065
-0.0280543765
-0.0264827078
-0.0236374028
-0.0205064542
-0.0178415436
-0.0160750157
-0.0153309685
-0.0153431475
-0.0154897461
-0.0151105058
-0.0138451643
-0.0117058740
-0.0089379867
-0.0058020558
-0.0023720731
0.0014852528
0.0060193042
0.0115373192
0.0181421028
0.0254236412
0.0325021817
0.0382089932
0.0412832256
0.0408239289
0.0367322429
0.0297508530
0.0211514401
0.0120889448
0.0032369360
-0.0050266459
-0.0126227886
-0.0197799656
-0.0265756440
-0.0327820392
-0.0381432589
-0.0424451573
-0.0453525448
-0.0464290094
-0.0453196419
-0.0417607192
-0.0355028982
-0.0264722834
-0.0151957184
-0.0029458477
0.0086727992
0.0181067936
0.0242209759
0.0267015366
0.0259447657
0.0227096530
0.0178060871
0.0118933267
0.0054909606
-0.0009448687
-0.0069929528
-0.0122579996
-0.0163797179
-0.0190693927
-0.0201233566
-0.0194131632
-0.0169505227
-0.0128919806
-0.0075028538
-0.0012498284
0.0051808029
0.0109649161
0.0152464300
0.0173950197
0.0172427513
0.0151299305
0.0118964071
0.0086586737
0.0063916068
0.0056672165
0.0064728684
0.0081824033
0.0099037869
0.0109127492
0.0109062579
0.0100895788
0.0090083194
0.0081141109
0.0074989474
0.0070664463
0.0067441543
0.0064601359
0.0061290087
0.0057321428
0.0053318124
0.0050765940
0.0051814100
0.0058864961
0.0073478665
0.0094938088
0.0120248132
0.0145303256
0.0166388873
0.0181076329
0.0187527616
0.0183612217
0.0166976035
0.0137196333
0.0098841746
0.0061948815
0.0036543665
0.0028632365
0.0037093666
0.0056118039
0.0080555643
0.0107328816
0.0133945644
0.0157960332
0.0176790605
0.0187152425
0.0185708761
0.0170958490
0.0144902663
0.0112941236
0.0082406464
0.0060173666
0.0050339274
0.0052297375
0.0060342734
0.0066257128
0.0062450528
0.0043970186
0.0009246836
-0.0040341288
-0.0101453083
-0.0169940733
-0.0241646035
-0.0312353714
-0.0377117266
-0.0429768090
-0.0463020409
-0.0469126863
-0.0440737654
-0.0372959403
-0.0265807870
-0.0126850183
0.0025494746
0.0158090515
0.0231886913
0.0237849211
0.0196694084
0.0128449433
0.0044764222
-0.0043438628
-0.0124368672
-0.0190360300
-0.0237816219
-0.0265507414
-0.0275283991
-0.0271572304
-0.0259897315
-0.0245340667
-0.0229725234
-0.0211414130
-0.0188522694
-0.0162420972
-0.0137942564
-0.0120229649
-0.0111652844
-0.0110966348
-0.0113207807
-0.0111358236
-0.0099686819
-0.0076323983
-0.0043867919
-0.0008101646
0.0025096612
0.0051123765
0.0068451979
0.0078052702
0.0080903824
0.0077807426
0.0069529917
0.0056165630
0.0037749960
0.0016107584
-0.0004930763
-0.0020316091
-0.0025622371
-0.0019324178
-0.0003725505
0.0017741308
0.0044013388
0.0075475696
0.0111122827
0.0148060134
0.0182711428
0.0211050011
0.0229139679
0.0233925285
0.0223693559
0.0198207125
0.0159473820
0.0112666584
0.0065149725
0.0024014496
-0.0006559041
-0.0026149344
-0.0037235519
-0.0043452231
-0.0047793832
-0.0051734276
-0.0055237206
-0.0058174626
-0.0061385581
-0.0066057256
-0.0073282096
-0.0083812761
-0.0097135841
-0.0112257150
-0.0128946414
-0.0146404186
-0.0161327364
-0.0167601324
-0.0157567640
-0.0125133072
-0.0070958134
-0.0005783649
0.0055409980
0.0100842795
0.0125520139
0.0132328894
0.0125467146
0.0106528744
0.0076560643
0.0037536676
-0.0007576517
-0.0055555386
-0.0103882852
-0.0149968100
-0.0190366550
-0.0221926000
-0.0242821029
-0.0252440191
-0.0251221757
-0.0240153842
-0.0219791776
-0.0189971180
-0.0150400347
-0.0101758004
-0.0045926269
0.0014084034
0.0073661171
0.0126965857
0.0168635332
0.0195645254
0.0207751150
0.0206254805
0.0194143597
0.0176153887
0.0157146867
0.0140598099
0.0128033125
0.0119418685
0.0113715190
0.0108899359
0.0102238199
0.0091065414
0.0073882339
0.0050461019
0.0021591522
-0.0010918254
-0.0043604607
-0.0071760706
-0.0091218009
-0.0099416854
-0.0095803430
-0.0082191278
-0.0061776755
-0.0038001857
-0.0014147974
0.0007131029
0.0023319057
0.0032707077
0.0035327745
0.0032531214
0.0026189104
0.0017749232
0.0007819079
-0.0003926084
-0.0018577943
-0.0038094869
-0.0064789624
-0.0099521590
-0.0140672923
-0.0184390592
-0.0225187225
-0.0256143663
-0.0269578621
-0.0258616826
-0.0218912774
-0.0150752412
-0.0060941995
0.0038692514
0.0135733249
0.0220290677
0.0286380300
0.0331493997
0.0355286044
0.0358286189
0.0340992306
0.0304946278
0.0253953054
0.0192924984
0.0126925543
0.0061629652
0.0003512154
-0.0041175423
-0.0068246704
-0.0076490373
-0.0067827851
-0.0047584316
-0.0022906360
0.0000338297
0.0018813014
0.0031554230
0.0039979856
0.0047063182
0.0055454669
0.0065586124
0.0075436498
0.0081827516
0.0081958502
0.0074599059
0.0060694219
0.0043551864
0.0028170197
0.0018877712
0.0017165400
0.0021375778
0.0028523455
0.0036394526
0.0044252620
0.0052415192
0.0061394689
0.0071254751
0.0081464379
0.0090655267
0.0095860039
0.0092696094
0.0075911157
0.0039020538
-0.0023424266
-0.0110084176
-0.0205061328
-0.0277040434
-0.0304367509
-0.0298024708
-0.0278818618
-0.0255699318
-0.0230240430
-0.0204329384
-0.0180349921
-0.0159255331
-0.0140655333
-0.0123507884
-0.0106827460
-0.0089681261
-0.0070469859
-0.0046417447
-0.0014811674
0.0025192093
0.0070716429
0.0113962252
0.0146342220
0.0162984429
0.0162744554
0.0147243053
0.0119270823
0.0082767904
0.0042839175
0.0004221765
-0.0028732493
-0.0053055794
-0.0069477236
-0.0080076921
-0.0086025201
-0.0087719900
-0.0085048561
-0.0078387624
-0.0068769846
-0.0057266292
-0.0044644485
-0.0030833603
-0.0015514814
0.0000847279
0.0017396533
0.0033246443
0.0047416498
0.0058765628
0.0066547495
0.0070879024
0.0072803776
0.0073824614
0.0075104255
0.0077148698
0.0079775126
0.0082004129
0.0082253155
0.0079100058
0.0071631058
0.0059868924
0.0045497639
0.0031512595
0.0020801790
0.0015356746
0.0015213442
0.0017713196
0.0019085889
0.0016835608
0.0011172146
0.0004723430
0.0000701074
0.0001062786
0.0005607737
0.0012036613
0.0016877565
0.0017321365
0.0012865288
0.0005592558
-0.0001568928
-0.0006330024
-0.0007158673
-0.0003850461
0.0002266525
0.0009433075
0.0016062707
0.0020858613
0.0023447321
0.0024279063
0.0023721678
0.0021773916
0.0018433733
0.0014076471
0.0009430829
0.0005048432
0.0001267191
-0.0001518905
-0.0003456845
-0.0004865082
-0.0005414096
-0.0004153049
0.0000019475
0.0007798743
0.0018727676
0.0030585287
0.0040087824
0.0044595238
0.0042843380
0.0035530149
0.0025804109
0.0018080610
0.0015660430
0.0019621425
0.0029148694
0.0041818052
0.0054072881
0.0062860586
0.0066945678
0.0066575978
0.0063426944
0.0060262196
0.0059547529
0.0062272442
0.0067213232
0.0070867997
0.0069293793
0.0059865531
0.0041946788
0.0017172039
-0.0010370767
-0.0035786515
-0.0055213812
-0.0066199046
-0.0068666495
-0.0065195441
-0.0058691831
-0.0050717769
-0.0041967601
-0.0032763905
-0.0023009203
-0.0012400308
-0.0001158747
0.0009672083
0.0019330477
0.0027795421
0.0034916231
0.0040395566
0.0043867683
0.0044277719
0.0040146683
0.0030273196
0.0014338766
-0.0006560974
-0.0029929957
-0.0052847260
-0.0072954004
-0.0088655110
-0.0098947241
-0.0103617799
-0.0103458106
-0.0099501277
-0.0092345546
-0.0082311460
-0.0070183555
-0.0057164904
-0.0044161063
-0.0031579334
-0.0019032708
-0.0005285105
0.0010983725
0.0029931372
0.0050115740
0.0069664475
0.0086694598
0.0098946615
0.0105046507
0.0106227038
0.0105469780
0.0104999943
0.0105141823
0.0105036596
0.0103996918
0.0101967118
0.0099085772
0.0095615343
0.0091756241
0.0086961259
0.0079594093
0.0067209125
0.0047395426
0.0019074768
-0.0016659901
-0.0056555911
-0.0095879504
-0.0130113819
-0.0155580431
-0.0169083115
-0.0168755024
-0.0155009742
-0.0130644596
-0.0099833609
-0.0066933580
-0.0035857906
-0.0009752800
0.0009563534
0.0021279877
0.0024926879
0.0020873797
0.0010720533
-0.0003296621
-0.0018900275
-0.0034207457
-0.0047879460
-0.0058972242
-0.0067186177
-0.0072900208
-0.0076608546
-0.0078597274
-0.0079517617
-0.0080026473
-0.0080207060
-0.0079706105
-0.0078018817
-0.0074687768
-0.0069505184
-0.0062559728
-0.0054047702
-0.0044349239
-0.0033208165
-0.0018664656
0.0003137752
0.0036403343
0.0082677499
0.0137289819
0.0190583835
0.0236953690
0.0277796843
0.0313009897
0.0338924648
0.0352114866
0.0349946356
0.0330194936
0.0292133662
0.0238154713
0.0173907473
0.0106004396
0.0039517207
-0.0022880610
-0.0080456889
-0.0133611035
-0.0182896881
-0.0228610732
-0.0270462401
-0.0307043670
-0.0336254201
-0.0355902270
-0.0363658556
-0.0357652864
-0.0337588978
-0.0304591222
-0.0260308713
-0.0206120872
-0.0143379755
-0.0074410928
-0.0002262831
0.0070090828
0.0139374888
0.0201390000
0.0251981738
0.0287922852
0.0306626603
0.0306447445
0.0288797256
0.0258580753
0.0221307452
0.0181196824
0.0141148698
0.0102797146
0.0067102469
0.0033787894
0.0001161885
-0.0031649774
-0.0063050726
-0.0090620846
-0.0112662075
-0.0127492839
-0.0133272005
-0.0129212316
-0.0116486042
-0.0097206736
-0.0073459736
-0.0046831478
-0.0019103430
0.0007070357
0.0029240189
0.0046237976
0.0057695324
0.0064034286
0.0066599595
0.0066910722
0.0065857070
0.0063416185
0.0058535977
0.0049844079
0.0036911405
0.0020760588
0.0003482450
-0.0012386022
-0.0023947565
-0.0028764208
-0.0025798605
-0.0015118368
0.0002777416
0.0026948420
0.0056251883
0.0089220308
0.0123327298
0.0155402211
0.0182395034
0.0201358526
0.0210045781
0.0207740569
0.0195085057
0.0173912830
0.0147231446
0.0117955912
0.0087861334
0.0057950868
0.0028568148
-0.0000391599
-0.0029038066
-0.0057709208
-0.0086563656
-0.0114998805
-0.0142387221
-0.0167842538
-0.0189673358
-0.0205847426
-0.0215091798
-0.0217485851
-0.0214324049
-0.0207679987
-0.0199412166
-0.0191001482
-0.0183561992
-0.0177219459
-0.0171726819
-0.0166924962
-0.0163388549
-0.0162482849
-0.0165019318
-0.0171032421
-0.0179893566
-0.0189790058
-0.0198151499
-0.0202705222
-0.0201400402
-0.0193312899
-0.0178784020
-0.0158446777
-0.0132927039
-0.0103721507
-0.0073190039
-0.0043655180
-0.0017310669
0.0004310608
0.0020456569
0.0030666781
0.0035559239
0.0037285221
0.0038483743
0.0040755221
0.0044659709
0.0050798084
0.0059655925
0.0071213723
0.0085501880
0.0102624864
0.0122666204
0.0145525139
0.0170423562
0.0195818474
0.0220289740
0.0243027152
0.0263130504
0.0280038213
0.0294044708
0.0305272897
0.0313297094
0.0317736974
0.0317793092
0.0311733113
0.0297739966
0.0274683569
0.0242502626
0.0202723928
0.0158072568
0.0111274662
0.0065175530
0.0022946139
-0.0013396431
-0.0043913653
-0.0070050961
-0.0094151500
-0.0118737680
-0.0145623624
-0.0175862672
-0.0208670868
-0.0240980343
-0.0268902393
-0.0289180438
-0.0299361315
-0.0298228241
-0.0286665801
-0.0267115102
-0.0242185026
-0.0213718046
-0.0182826745
-0.0150576603
-0.0117921090
-0.0084964005
-0.0051451678
-0.0018006612
0.0013922252
0.0043250774
0.0068812169
0.0089554560
0.0105553354
0.0117191690
0.0124781587
0.0128319474
0.0127436632
0.0121393885
0.0109531122
0.0091491009
0.0067273904
0.0037195236
0.0002329774
-0.0035036516
-0.0071703248
-0.0104326885
-0.0130039576
-0.0146983402
-0.0154502314
-0.0153086954
-0.0144654083
-0.0131593155
-0.0115567708
-0.0097848007
-0.0079193276
-0.0059382479
-0.0037545717
-0.0012902258
0.0014488900
0.0043287199
0.0071310512
0.0096318001
0.0116251748
0.0129994708
0.0138022343
0.0142291236
0.0145357723
0.0148911011
0.0152939316
0.0155621057
0.0153678180
0.0143395559
0.0121706127
0.0087667800
0.0043365425
-0.0007062611
-0.0058494011
-0.0106063773
-0.0146774109
-0.0179425738
-0.0203467525
-0.0218135694
-0.0222392131
-0.0215559804
-0.0198005422
-0.0171214258
-0.0137635410
-0.0100497248
-0.0063082513
-0.0028460296
0.0001134110
0.0024652477
0.0042087552
0.0054556067
0.0063379354
0.0068830741
0.0070517450
0.0067872183
0.0059983660
0.0046266415
0.0027806815
0.0007633581
-0.0010378937
-0.0022568465
-0.0026565295
-0.0022051189
-0.0010847881
0.0003839607
0.0018519370
0.0030302251
0.0037949034
0.0041572066
0.0041685654
0.0039173338
0.0035346955
0.0031662604
0.0029359889
0.0029851155
0.0034691871
0.0044130392
0.0056349252
0.0068933289
0.0079953257
0.0087825306
0.0091428641
0.0090657633
0.0086407178
0.0080157728
0.0073827203
0.0069109545
0.0066484815
0.0065147940
0.0063542975
0.0060396441
0.0055837896
0.0051182383
0.0047544404
0.0045001238
0.0043272381
0.0042006187
0.0040801062
0.0039459504
0.0038145004
0.0037143868
0.0036320265
0.0035336643
0.0034108972
0.0032849238
0.0031970025
0.0031751965
0.0031728406
0.0030882047
0.0028205672
0.0023002243
0.0015263971
0.0006020380
-0.0002872945
-0.0009620813
-0.0013772907
-0.0016052006
-0.0017824869
-0.0021105113
-0.0027815619
-0.0038300411
-0.0050338738
-0.0060360860
-0.0064830697
-0.0060868198
-0.0046990189
-0.0023770974
0.0005822570
0.0037560311
0.0067152962
0.0091166444
0.0107225509
0.0114004932
0.0111905487
0.0102996081
0.0090036094
0.0076039688
0.0063914104
0.0054950857
0.0048272866
0.0041138819
0.0030377236
0.0014525348
-0.0004891025
-0.0024287103
-0.0040589251
-0.0051746955
-0.0056405995
-0.0054537450
-0.0047683292
-0.0038454926
-0.0029238514
-0.0021452428
-0.0014770477
-0.0007488581
0.0001338929
0.0010629659
0.0017983437
0.0020763427
0.0016495240
0.0003708738
-0.0017579521
-0.0045994307
-0.0078956661
-0.0113150439
-0.0146141677
-0.0176456888
-0.0203091128
-0.0225821934
-0.0244827927
-0.0260162413
-0.0271658021
-0.0279455157
-0.0284095268
-0.0285737778
-0.0283774989
-0.0276983110
-0.0264184021
-0.0244737969
-0.0218836611
-0.0188029954
-0.0154860317
-0.0122489770
-0.0094087033
-0.0071895442
-0.0056746810
-0.0047897719
-0.0043470799
-0.0041012752
-0.0038046550
-0.0032748190
-0.0024351364
-0.0012744440
0.0002186840
0.0020260236
0.0040889659
0.0063154346
0.0085566793
0.0106350390
0.0123614763
0.0135615745
0.0140737434
0.0137999574
0.0127946559
0.0112138664
0.0092809937
0.0072779757
0.0054506021
0.0039883290
0.0029976499
0.0024380530
0.0021900331
0.0021777488
0.0024223972
0.0030025742
0.0039814842
0.0053901581
0.0072267285
0.0093755594
0.0115758607
0.0135367968
0.0150640131
0.0161226870
0.0168135538
0.0172976415
0.0177056953
0.0180258444
0.0180729710
0.0175899682
0.0164091832
0.0145103785
0.0120107859
0.0091340691
0.0061731307
0.0034166970
0.0009992375
-0.0011845535
-0.0033802756
-0.0057754121
-0.0083711195
-0.0110014977
-0.0134212260
-0.0153731396
-0.0165859971
-0.0168228845
-0.0159772759
-0.0141178252
-0.0114803932
-0.0084104288
-0.0052931191
-0.0024453524
-0.0000486969
0.0018444099
0.0032904159
0.0043971874
0.0052083708
0.0056877172
0.0058221547
0.0056280366
0.0051496634
0.0044964541
0.0038136464
0.0032501235
0.0029366023
0.0029259854
0.0031978660
0.0036639762
0.0042161166
0.0047903121
0.0053426788
0.0057740281
0.0059757848
0.0059629139
0.0058263334
0.0056080538
0.0053613848
0.0052058617
0.0053326294
0.0059038583
0.0069099545
0.0081665903
0.0093491656
0.0101231692
0.0102087078
0.0093765103
0.0075771197
0.0050110740
0.0020325127
-0.0009908376
-0.0037582508
-0.0060611984
-0.0078021763
-0.0090181054
-0.0098892774
-0.0106441063
-0.0114088729
-0.0121589204
-0.0128256972
-0.0133420403
-0.0136505774
-0.0137622776
-0.0137460717
-0.0137005657
-0.0136820830
-0.0136951280
-0.0137306605
-0.0137677555
-0.0137617419
-0.0136507069
-0.0133805639
-0.0129392635
-0.0123947051
-0.0118903042
-0.0115802090
-0.0115685747
-0.0118607050
-0.0123387210
-0.0128140852
-0.0131089924
-0.0130978893
-0.0127381273
-0.0120895475
-0.0112292241
-0.0101433752
-0.0087387568
-0.0069174280
-0.0046648660
-0.0020316671
0.0009110314
0.0039942060
0.0069351920
0.0094322800
0.0112547517
0.0122866077
0.0125275666
0.0120692790
0.0111071843
0.0099493866
0.0089245085
0.0082927999
0.0082056050
0.0086365168
0.0093813944
0.0102182706
0.0110138820
0.0117048739
0.0122808218
0.0127511232
0.0130855809
0.0132004642
0.0130387132
0.0126043281
0.0119343146
0.0110778217
0.0100902217
0.0090570532
0.0080684620
0.0071354576
0.0061535810
0.0049661707
0.0034556286
0.0015552088
-0.0007478099
-0.0033772412
-0.0061275667
-0.0086743662
-0.0106742635
-0.0118412044
-0.0119924594
-0.0110656740
-0.0090817861
-0.0061477281
-0.0024696528
0.0016910249
0.0060238266
0.0101973369
0.0139709096
0.0171820126
0.0196748550
0.0213571925
0.0222188732
0.0221845595
0.0211116129
0.0189681751
0.0158754733
0.0121137135
0.0081083428
0.0041565882
0.0003371999
-0.0033228822
-0.0067972498
-0.0099696730
-0.0126071006
-0.0145454422
-0.0157219191
-0.0160710156
-0.0155679363
-0.0143235062
-0.0125524960
-0.0104966817
-0.0083826467
-0.0063734142
-0.0045623268
-0.0029850245
-0.0016820264
-0.0007270301
-0.0001488461
0.0001173607
0.0002251421
0.0003572546
0.0006634227
0.0012359932
0.0020801353
0.0030972470
0.0041348755
0.0050374275
0.0056845251
0.0060648816
0.0062514191
0.0063315825
0.0063646416
0.0063794814
0.0063897273
0.0063987231
0.0064302956
0.0065791934
0.0069673448
0.0076442960
0.0085091464
0.0092745247
0.0095141845
0.0087528465
0.0065923412
0.0029065406
-0.0019115461
-0.0068727881
-0.0106634060
-0.0125045659
-0.0124218399
-0.0108066742
-0.0082527405
-0.0054371998
-0.0028934982
-0.0009046048
0.0005133525
0.0015422485
0.0023713146
0.0030723935
0.0036602587
0.0041441088
0.0044983113
0.0046680893
0.0046276236
0.0044057832
0.0040568885
0.0036141451
0.0030484985
0.0023165110
0.0014190051
0.0003836790
-0.0007642778
-0.0020213985
-0.0034025724
-0.0048732301
-0.0062780896
-0.0074513833
-0.0083576235
-0.0089651795
-0.0091250778
-0.0087117737
-0.0077631215
-0.0064731765
-0.0050850184
-0.0038567987
-0.0029807801
-0.0024786981
-0.0022152670
-0.0019899983
-0.0016257799
-0.0010081119
-0.0001166979
0.0009792261
0.0022751936
0.0039051343
0.0060425148
0.0087731999
0.0120214604
0.0156055759
0.0192239336
0.0224107724
0.0246620308
0.0255367878
0.0247713738
0.0224968155
0.0191902807
0.0154641962
0.0119067691
0.0088827348
0.0064570108
0.0044975880
0.0028047064
0.0012278746
-0.0002577582
-0.0015955088
-0.0027566548
-0.0037578249
-0.0046213109
-0.0053456521
-0.0058898623
-0.0062298916
-0.0063685703
-0.0062498699
-0.0057955333
-0.0049894840
-0.0038836045
-0.0026421625
-0.0015327888
-0.0007976039
-0.0005702919
-0.0008771294
-0.0015677748
-0.0023505372
-0.0029619210
-0.0032382682
-0.0031427748
-0.0027872134
-0.0024356079
-0.0024005299
-0.0029204786
-0.0040936067
-0.0058957420
-0.0082405973
-0.0109597642
-0.0138053371
-0.0165420492
-0.0189772736
-0.0209731752
-0.0224384430
-0.0232996861
-0.0235073181
-0.0231206578
-0.0222933399
-0.0212165896
-0.0200834312
-0.0189747333
-0.0178389051
-0.0166063192
-0.0152132592
-0.0135590387
-0.0115212874
-0.0089995423
-0.0060166434
-0.0026989301
0.0007969253
0.0043236478
0.0077721664
0.0109764924
0.0137035078
0.0157887160
0.0171234035
0.0176647922
0.0174793574
0.0166631961
0.0153125438
0.0135962721
0.0117635277
0.0100142727
0.0083970712
0.0068479614
0.0052307019
0.0033914233
0.0013053540
-0.0009012480
-0.0030357811
-0.0048531357
-0.0061433931
-0.0068402245
-0.0070317398
-0.0068876993
-0.0065724968
-0.0062509592
-0.0060919361
-0.0061830061
-0.0064830429
-0.0068655869
-0.0071766197
-0.0072984898
-0.0071572172
-0.0066823353
-0.0058308202
-0.0046449144
-0.0032284098
-0.0016787763
-0.0000891123
0.0014334565
0.0028275049
0.0041093969
0.0053052178
0.0064063662
0.0073601883
0.0080472515
0.0083206446
0.0080615600
0.0072579215
0.0060476846
0.0046839202
0.0035101670
0.0028804236
0.0030281947
0.0039784363
0.0055393372
0.0074499994
0.0095214437
0.0116134155
0.0135618691
0.0151943880
0.0163610566
0.0169004452
0.0166482581
0.0154652051
0.0132863242
0.0101576257
0.0062950455
0.0020893065
-0.0019936408
-0.0054880721
-0.0080060448
-0.0092861189
-0.0092589662
-0.0081230085
-0.0062977733
-0.0042596502
-0.0023780461
-0.0009403507
-0.0001798697
-0.0001367706
-0.0006302416
-0.0013818516
-0.0021529689
-0.0027967713
-0.0032136960
-0.0033828347
-0.0033862294
-0.0033171436
-0.0032348355
-0.0031867620
-0.0032191586
-0.0033630719
-0.0035991669
-0.0037916908
-0.0037417931
-0.0033334473
-0.0025556034
-0.0014295269
-0.0000094570
0.0015503787
0.0030367115
0.0042506329
0.0050460484
0.0053650055
0.0052563992
0.0048329073
0.0042142116
0.0034956505
0.0027417449
0.0020126714
0.0013703887
0.0008482311
0.0005126975
0.0004918464
0.0009038566
0.0018231244
0.0032551192
0.0051095282
0.0072176166
0.0093707690
0.0113378661
0.0129280890
0.0140544972
0.0146707544
0.0147177649
0.0141583221
0.0130270298
0.0114002209
0.0093836489
0.0071305333
0.0047998258
0.0024863596
0.0001991346
-0.0020850068
-0.0043261600
-0.0063945712
-0.0081409555
-0.0094455617
-0.0102363426
-0.0104872975
-0.0103398461
-0.0100563366
-0.0098767636
-0.0099355647
-0.0102423785
-0.0107078272
-0.0111410426
-0.0113001550
-0.0109995512
-0.0101411028
-0.0087411363
-0.0069337410
-0.0049397546
-0.0029916131
-0.0012638146
0.0001685503
0.0013177642
0.0022181867
0.0028573014
0.0031886706
0.0031237724
0.0025706521
0.0015752951
0.0002896325
-0.0011635126
-0.0026578796
-0.0039980249
-0.0050617051
-0.0059097335
-0.0067142515
-0.0076176121
-0.0086416955
-0.0097565275
-0.0109509915
-0.0121932787
-0.0133837828
-0.0143706596
-0.0150071541
-0.0152028080
-0.0148954450
-0.0140337019
-0.0126234047
-0.0107423328
-0.0085590276
-0.0063083495
-0.0041688061
-0.0022077360
-0.0004364378
0.0011442370
0.0025089469
0.0036637646
0.0046275611
0.0053451566
0.0056804044
0.0054585934
0.0045715950
0.0030977488
0.0012706399
-0.0006072293
-0.0021900988
-0.0031362929
-0.0032137955
-0.0024317059
-0.0010353614
0.0006119843
0.0021351630
0.0031995089
0.0036172425
0.0033475402
0.0024298688
0.0010191738
-0.0005642323
-0.0019642381
-0.0029516698
-0.0034636887
-0.0035603035
-0.0033414176
-0.0028371530
-0.0020089364
-0.0008273804
0.0006466208
0.0022740092
0.0038689612
0.0052004375
0.0060944763
0.0064748507
0.0063430605
0.0057778630
0.0048932531
0.0037635862
0.0024003044
0.0008337641
-0.0008402321
-0.0024756217
-0.0039005493
-0.0049114189
-0.0053217183
-0.0050074756
-0.0039370126
-0.0022374173
-0.0001610097
0.0020001799
0.0039374430
0.0054260566
0.0063655747
0.0067930979
0.0068984363
0.0068982309
0.0069747424
0.0073148922
0.0080153888
0.0089847427
0.0099713561
0.0107034386
0.0109953993
0.0107454713
0.0098936258
0.0084768953
0.0066355257
0.0045311963
0.0022995261
0.0000501220
-0.0021642207
-0.0043162070
-0.0062891391
-0.0079053182
-0.0089945511
-0.0094451108
-0.0092627877
-0.0085753852
-0.0075976159
-0.0065338973
-0.0055580432
-0.0048028259
-0.0043282926
-0.0041165244
-0.0040462484
-0.0039578227
-0.0037287900
-0.0032893690
-0.0026443180
-0.0019215661
-0.0012947603
-0.0007498617
-0.0001624116
0.0004421992
0.0009184566
0.0011711428
0.0012128294
0.0010608587
0.0006869243
0.0000863742
-0.0006711493
-0.0015055406
-0.0023701566
-0.0031388720
-0.0035947989
-0.0035977838
-0.0031733526
-0.0024397513
-0.0015628577
-0.0007266248
-0.0000426135
0.0004899517
0.0009072545
0.0012304251
0.0015451214
0.0019602893
0.0025231139
0.0032548746
0.0041584280
0.0051571190
0.0061289418
0.0069431208
0.0075103630
0.0078273156
0.0079238902
0.0078094310
0.0074986528
0.0069931359
0.0063115907
0.0055468464
0.0048309340
0.0042999435
0.0040513289
0.0040711912
0.0042525173
0.0044615373
0.0045495675
0.0044251695
0.0041677587
0.0039495322
0.0039170253
0.0041789448
0.0047710436
0.0056192863
0.0065709744
0.0074701965
0.0081708806
0.0085409778
0.0084897172
0.0080463229
0.0073498487
0.0065661751
0.0057948056
0.0050809156
0.0044368070
0.0037846704
0.0029692922
0.0018621369
0.0004479770
-0.0012237972
-0.0030709113
-0.0049478933
-0.0066792861
-0.0081494246
-0.0093693404
-0.0104073930
-0.0113344330
-0.0122279495
-0.0131184480
-0.0139607441
-0.0146832727
-0.0151823073
-0.0153326070
-0.0150624283
-0.0143392746
-0.0131417926
-0.0114650623
-0.0093437904
-0.0068968648
-0.0043241724
-0.0018439430
0.0003616516
0.0021980803
0.0036217828
0.0046062703
0.0051823163
0.0054228110
0.0054456376
0.0053837070
0.0053294552
0.0053159815
0.0052761855
0.0050540531
0.0044774758
0.0034315086
0.0019083719
-0.0000066883
-0.0021223710
-0.0042076529
-0.0060621717
-0.0075328370
-0.0085043114
-0.0089527639
-0.0089615410
-0.0086164313
-0.0079562395
-0.0070223645
-0.0058338962
-0.0043787537
-0.0027029842
-0.0008860783
0.0010346784
0.0030120968
0.0049862473
0.0069194861
0.0087200196
0.0102611738
0.0114643927
0.0122789512
0.0126814646
0.0126387980
0.0120752256
0.0109268122
0.0091746910
0.0068916905
0.0042779762
0.0015527738
-0.0011034624
-0.0035637461
-0.0057774345
-0.0077490897
-0.0095399577
-0.0112068349
-0.0127175730
-0.0139065949
-0.0145500138
-0.0144917351
-0.0137153564
-0.0123192740
-0.0104495373
-0.0082744466
-0.0059601370
-0.0036512856
-0.0014871551
0.0003835001
0.0018255647
0.0027393037
0.0031152471
0.0030516579
0.0027118323
0.0022806415
0.0019319834
0.0017938181
0.0018517352
0.0019961887
0.0021586580
0.0023056776
0.0024238503
0.0025695481
0.0028405897
0.0033139547
0.0040368565
0.0050217752
0.0062166277
0.0075175686
0.0087579405
0.0097508174
0.0103708159
0.0105651483
0.0103224884
0.0096890475
0.0087707846
0.0076980077
0.0066059265
0.0055913925
0.0046743529
0.0038187881
0.0030130464
0.0022838229
0.0016277384
0.0010195618
0.0004584600
-0.0000268255
-0.0004101439
-0.0007073518
-0.0009792823
-0.0012675630
-0.0015558298
-0.0018206583
-0.0020498137
-0.0022474498
-0.0024113062
-0.0025108407
-0.0025420945
-0.0025365371
-0.0025156436
-0.0024804254
-0.0024078833
-0.0022187823
-0.0018331931
-0.0012127205
-0.0003729165
0.0005533752
0.0013706218
0.0019583821
0.0023086250
0.0024341096
0.0023356710
0.0020453060
0.0016229784
0.0011134520
0.0005645859
0.0000571076
-0.0003261271
-0.0005182857
-0.0004384566
-0.0000112475
0.0007607714
0.0018084431
0.0030340797
0.0043235278
0.0055621862
0.0066380258
0.0074509905
0.0079400336
0.0080861501
0.0078994341
0.0074075024
0.0066129446
0.0055137113
0.0041483143
0.0025598915
0.0007858861
-0.0011149945
-0.0030472761
-0.0048881592
-0.0065628670
-0.0080510597
-0.0093291248
-0.0103230777
-0.0109372902
-0.0111334932
-0.0109796666
-0.0106191858
-0.0101900464
-0.0097941001
-0.0094947687
-0.0092760024
-0.0090661517
-0.0087618558
-0.0082767681
-0.0076141209
-0.0068875832
-0.0062416553
-0.0057515497
-0.0054346462
-0.0052701541
-0.0051840708
-0.0050865810
-0.0049188477
-0.0046661383
-0.0043695744
-0.0041141538
-0.0039559288
-0.0038788129
-0.0038436635
-0.0038314863
-0.0038357998
-0.0038486177
-0.0038632646
-0.0038768396
-0.0038870270
-0.0038858890
-0.0038573300
-0.0037768858
-0.0036179867
-0.0033635787
-0.0030054430
-0.0025103099
-0.0018404545
-0.0009697146
0.0001200660
0.0014038916
0.0028160157
0.0042821273
0.0057200441
0.0070723037
0.0083147962
0.0094170027
0.0103351093
0.0110364989
0.0114909248
0.0116900207
0.0116315366
0.0112629707
0.0105153073
0.0093948323
0.0080216078
0.0066147750
0.0054021228
0.0045258256
0.0040286875
0.0038444733
0.0038154567
0.0037296976
0.0033744286
0.0026354128
0.0015311079
0.0001510136
-0.0014240682
-0.0030963612
-0.0046869381
-0.0059699007
-0.0067773117
-0.0070320523
-0.0066955857
-0.0057236380
-0.0040760463
-0.0017873272
0.0009792350
0.0039818877
0.0069795952
0.0097745772
0.0121849971
0.0140367154
0.0152556401
0.0159135505
0.0161561613
0.0160772167
0.0156667923
0.0148763908
0.0137174100
0.0122753216
0.0106314451
0.0088301884
0.0069304864
0.0050618123
0.0033327937
0.0017743272
0.0003888980
-0.0007861719
-0.0017111059
-0.0024621954
-0.0032280522
-0.0041711378
-0.0053348839
-0.0066961348
-0.0081733763
-0.0096319519
-0.0109439511
-0.0119783875
-0.0125835685
-0.0126466778
-0.0121518041
-0.0111431230
-0.0096894047
-0.0078798530
-0.0058925276
-0.0039826101
-0.0023372398
-0.0009945248
0.0000498979
0.0007586705
0.0010991471
0.0010729462
0.0007175075
0.0001062332
-0.0006420675
-0.0013994643
-0.0020836880
-0.0026064020
-0.0029185821
-0.0031210625
-0.0033800480
-0.0037896001
-0.0043348554
-0.0049008203
-0.0053151288
-0.0054121767
-0.0051394220
-0.0045951940
-0.0039669627
-0.0034396598
-0.0031858633
-0.0033420436
-0.0039578039
-0.0049821043
-0.0062183153
-0.0073578936
-0.0080868823
-0.0081610053
-0.0074848487
-0.0061751799
-0.0045193656
-0.0028561519
-0.0014234387
-0.0003009280
0.0005609652
0.0013500425
0.0023086942
0.0034957000
0.0047282163
0.0057326651
0.0062444278
0.0061083830
0.0053788006
0.0042845997
0.0030737640
0.0019329058
0.0010051430
0.0003800685
0.0000833845
0.0000477915
0.0001548607
0.0002971481
0.0003698707
0.0002543656
-0.0001173737
-0.0006961621
-0.0013738616
-0.0020691407
-0.0027715843
-0.0035006337
-0.0042644552
-0.0050871881
-0.0059649363
-0.0068086565
-0.0074371686
-0.0076358851
-0.0072602385
-0.0062918401
-0.0048148174
-0.0029534029
-0.0008804915
0.0012378972
0.0032655080
0.0050405526
0.0064609886
0.0075373818
0.0082958848
0.0087515519
0.0089153475
0.0087546412
0.0082203600
0.0072642610
0.0058688125
0.0041345344
0.0022913294
0.0006253660
-0.0006494481
-0.0014490150
-0.0018294764
-0.0019480965
-0.0019481915
-0.0019097550
-0.0018781968
-0.0018825550
-0.0019297740
-0.0020010393
-0.0020563036
-0.0020401259
-0.0018908061
-0.0015594290
-0.0010447439
-0.0004363759
0.0001057759
0.0004729341
0.0006467422
0.0006551608
0.0005214902
0.0002627244
-0.0000728580
-0.0003979606
-0.0006564845
-0.0008698523
-0.0010691514
-0.0012254839
-0.0012706001
-0.0012012951
-0.0011296329
-0.0011680052
-0.0013440923
-0.0015987174
-0.0018506829
-0.0020297345
-0.0021059156
-0.0021113586
-0.0020427295
-0.0018210355
-0.0013626639
-0.0006441238
0.0002920798
0.0014083748
0.0026567921
0.0039370019
0.0051252028
0.0060946906
0.0067153007
0.0068467381
0.0064006696
0.0053913144
0.0039300583
0.0021911591
0.0003638465
-0.0014192337
-0.0030631275
-0.0044606926
-0.0055397256
-0.0062846657
-0.0067142515
-0.0068618904
-0.0067719097
-0.0064914985
-0.0060537116
-0.0054487092
-0.0046237798
-0.0035707767
-0.0023525087
-0.0010236642
0.0003304459
0.0015215460
0.0023571691
0.0027511515
0.0026963117
0.0022438421
0.0015267846
0.0006898758
-0.0001391864
-0.0008163318
-0.0012611672
-0.0014532004
-0.0013641394
-0.0010289679
-0.0005908251
-0.0001636198
0.0002461739
0.0006686898
0.0011676913
0.0018260209
0.0026805817
0.0037255631
0.0049485362
0.0063218277
0.0077493308
0.0091108541
0.0103374442
0.0113839257
0.0121964395
0.0127136488
0.0128922038
0.0127369978
0.0122556870
0.0114613211
0.0104241703
0.0092788775
0.0082016004
0.0073522997
0.0068282196
0.0066559683
0.0067995490
0.0071528153
0.0075438195
0.0077849436
0.0077729254
0.0074569192
0.0067889281
0.0057861669
0.0045707467
0.0032728993
0.0019672922
0.0007051785
-0.0004617998
-0.0014934335
-0.0023815422
-0.0031737964
-0.0039397627
-0.0046515753
-0.0052017411
-0.0055378059
-0.0056891502
-0.0057246470
-0.0057079277
-0.0056877752
-0.0057111912
-0.0058201100
-0.0060310010
-0.0063093585
-0.0065468932
-0.0065703628
-0.0062370079
-0.0055180329
-0.0044420103
-0.0030555974
-0.0014830010
0.0000778871
0.0014589140
0.0025602812
0.0032681603
0.0035199745
0.0034100409
0.0030852537
0.0026082511
0.0020233624
0.0014512365
0.0010163166
0.0008312100
0.0010066891
0.0015852499
0.0025044678
0.0036399571
0.0048651986
0.0060181702
0.0068756096
0.0072296348
0.0069816399
0.0061744656
0.0049582552
0.0034971787
0.0019172030
0.0003337916
-0.0011732897
-0.0026186769
-0.0040686009
-0.0055508287
-0.0070321773
-0.0084584572
-0.0097202852
-0.0106694866
-0.0112495462
-0.0114910989
-0.0114287977
-0.0110796387
-0.0104589840
-0.0095848655
-0.0085061954
-0.0073127716
-0.0060634663
-0.0047649943
-0.0034070614
-0.0019936574
-0.0005610366
0.0008074498
0.0019775921
0.0028213654
0.0032507133
0.0032209453
0.0027871147
0.0020704456
0.0012086628
0.0003467564
-0.0003960746
-0.0009524886
-0.0013289552
-0.0015828007
-0.0017698284
-0.0019307834
-0.0021251028
-0.0023989432
-0.0027360813
-0.0030893806
-0.0034625338
-0.0039030748
-0.0044365070
-0.0050463564
-0.0056606002
-0.0061776353
-0.0064954942
-0.0065380403
-0.0063000546
-0.0058353337
-0.0051980892
-0.0044596899
-0.0037115832
-0.0030167501
-0.0024023545
-0.0019072429
-0.0015621831
-0.0013575535
-0.0012071467
-0.0010119223
-0.0007267234
-0.0003345376
0.0002024326
0.0009084826
0.0017468062
0.0026076011
0.0034036197
0.0041295230
0.0047866424
0.0053249372
0.0056599082
0.0056880966
0.0052798374
0.0043552431
0.0029435963
0.0011624193
-0.0008038961
-0.0026863747
-0.0041915046
-0.0051274797
-0.0054427759
-0.0052175630
-0.0046574148
-0.0039700003
-0.0032572224
-0.0025216384
-0.0017529917
-0.0009153253
0.0000392790
0.0010941915
0.0021432432
0.0030512334
0.0037300753
0.0041648564
0.0043655640
0.0043082710
0.0039886674
0.0034773651
0.0029082804
0.0024255919
0.0021403145
0.0021053665
0.0022963385
0.0026101517
0.0028609145
0.0029135091
0.0028135848
0.0027332732
0.0027701909
0.0029069219
0.0031041079
0.0033262113
0.0035578512
0.0037975673
0.0040639387
0.0043809056
0.0047186892
0.0049841713
0.0051353371
0.0052127057
0.0052408495
0.0051957900
0.0050426599
0.0047656863
0.0043882031
0.0039879737
0.0036554545
0.0034350998
0.0033464950
0.0033861714
0.0035031726
0.0036112838
0.0036099298
0.0034424701
0.0031162070
0.0026340511
0.0019887581
0.0012094177
0.0003488580
-0.0005311147
-0.0013853120
-0.0021940288
-0.0029163119
-0.0035150971
-0.0040098414
-0.0044452814
-0.0048191568
-0.0050747368
-0.0051810529
-0.0051438775
-0.0049476210
-0.0045625143
-0.0040004093
-0.0033202794
-0.0025879545
-0.0018718234
-0.0012545938
-0.0007882344
-0.0004633762
-0.0002623244
-0.0001329895
0.0000440442
0.0003909077
0.0009686958
0.0017797288
0.0027667779
0.0037912747
0.0047059343
0.0053969708
0.0058029041
0.0059556726
0.0058797772
0.0055261046
0.0048343582
0.0038230847
0.0026097074
0.0013192692
0.0000354187
-0.0011663198
-0.0021981883
-0.0029877107
-0.0034965996
-0.0037186629
-0.0037123930
-0.0035558815
-0.0032995408
-0.0029648582
-0.0025306298
-0.0019888563
-0.0013868344
-0.0007286333
0.0000673522
0.0010685666
0.0022208833
0.0034029719
0.0044996328
0.0053721396
0.0059298949
0.0061912206
0.0061880286
0.0059373505
0.0054625578
0.0047582709
0.0038180537
0.0026534339
0.0012537290
-0.0003597733
-0.0020811451
-0.0038255535
-0.0055654006
-0.0072690960
-0.0088985389
-0.0103907719
-0.0116563232
-0.0125933233
-0.0130914516
-0.0130852594
-0.0125934572
-0.0116940253
-0.0104891814
-0.0091169614
-0.0077440806
-0.0064822884
-0.0053730415
-0.0044576403
-0.0037843253
-0.0033785229
-0.0032075703
-0.0031794337
-0.0032182698
-0.0032810969
-0.0033181990
-0.0032542036
-0.0029993669
-0.0024796044
-0.0016695041
-0.0005592285
0.0008244057
0.0023176646
0.0036928933
0.0047739991
0.0054617319
0.0057775059
0.0058269674
0.0056806500
0.0053527729
0.0048620377
0.0042388566
0.0034791682
0.0025879134
0.0016361753
0.0006927361
-0.0001970359
-0.0009660189
-0.0015433409
-0.0018645776
-0.0018758766
-0.0015601928
-0.0009388546
-0.0001009111
0.0007839079
0.0015752996
0.0022267982
0.0027155141
0.0030001602
0.0030540254
0.0029062817
0.0026221400
0.0022627048
0.0018579189
0.0014337699
0.0010078315
0.0005612983
0.0000880004
-0.0003957103
-0.0008770003
-0.0013057308
-0.0016006888
-0.0017117868
-0.0016583984
-0.0015079491
-0.0013431481
-0.0012580470
-0.0012984475
-0.0013910823
-0.0014209730
-0.0013160476
-0.0010419782
-0.0006479753
-0.0002584997
0.0000095827
0.0000450227
-0.0002069117
-0.0006839059
-0.0012903865
-0.0019361478
-0.0025086844
-0.0028794366
-0.0029463468
-0.0026833166
-0.0021514278
-0.0014691487
-0.0007021543
0.0001265274
0.0009070638
0.0015280159
0.0019777836
0.0022950991
0.0025002868
0.0025862558
0.0025604446
0.0024327484
0.0022010103
0.0018770758
0.0014874132
0.0010551152
0.0006182386
0.0002413708
0.0000008361
-0.0000965179
-0.0000874210
-0.0000154072
0.0000316859
-0.0000188254
-0.0001901281
-0.0004748021
-0.0008222900
-0.0011377412
-0.0013548320
-0.0014698755
-0.0014799861
-0.0013740027
-0.0011952253
-0.0009984767
-0.0008176175
-0.0006939777
-0.0006419041
-0.0006419590
-0.0006805630
-0.0007585357
-0.0008745203
-0.0010135013
-0.0011613804
-0.0013560923
-0.0016663129
-0.0021135837
-0.0026458238
-0.0031880393
-0.0036790660
-0.0040692840
-0.0043174142
-0.0043675913
-0.0041733308
-0.0037369711
-0.0031006364
-0.0023080505
-0.0013737799
-0.0002757074
0.0009565767
0.0022128017
0.0034211346
0.0045320803
0.0054404321
0.0060309876
0.0062476466
0.0061021239
0.0056373449
0.0049170039
0.0040294831
0.0030280174
0.0019225809
0.0007757666
-0.0002836486
-0.0011462741
-0.0017676449
-0.0021406525
-0.0022682442
-0.0021983129
-0.0020385830
-0.0019149726
-0.0019150931
-0.0020516856
-0.0022497994
-0.0023603870
-0.0022758972
-0.0019978633
-0.0015964610
-0.0011704713
-0.0008377410
-0.0007038378
-0.0007845080
-0.0010386307
-0.0014070636
-0.0018153804
-0.0021810712
-0.0024058645
-0.0024211163
-0.0022226762
-0.0018417920
-0.0013161516
-0.0006829854
0.0000060508
0.0007152516
0.0013987370
0.0019923591
0.0024044787
0.0025844186
0.0025448807
0.0022910499
0.0018136585
0.0011293722
0.0002983940
-0.0005507765
-0.0012622083
-0.0016982917
-0.0017954842
-0.0015855504
-0.0011483246
-0.0006131219
-0.0001727156
0.0000273382
-0.0000471201
-0.0003928386
-0.0009935685
-0.0017695905
-0.0025825230
-0.0032940446
-0.0038239758
-0.0041384091
-0.0042294898
-0.0041502193
-0.0040093708
-0.0039183771
-0.0039245760
-0.0040020380
-0.0040909222
-0.0041055414
-0.0039414297
-0.0035420802
-0.0029042115
-0.0020618690
-0.0011099693
-0.0001805933
0.0006678107
0.0014506155
0.0021498979
0.0027334469
0.0031817730
0.0034788231
0.0036203564
0.0035573258
0.0032305014
0.0026588167
0.0019064902
0.0010232664
0.0000685109
-0.0008427889
-0.0015797176
-0.0020944777
-0.0024307206
-0.0026600207
-0.0028403433
-0.0029800658
-0.0030251477
-0.0029139605
-0.0026519196
-0.0023038642
-0.0019398212
-0.0015792484
-0.0012099249
-0.0008351869
-0.0004660352
-0.0001182150
0.0001887755
0.0004330990
0.0006479195
0.0009381220
0.0013974396
0.0020686532
0.0029863384
0.0041493768
0.0054563791
0.0067748071
0.0079357835
0.0087451186
0.0091092737
0.0090512494
0.0086211636
0.0079033628
0.0070027790
0.0060181702
0.0050526870
0.0041869763
0.0034404522
0.0027868049
0.0021450642
0.0014080511
0.0005353063
-0.0004571439
-0.0014777271
-0.0023809547
-0.0030619364
-0.0034804536
-0.0035927386
-0.0034036050
-0.0030096637
-0.0025438110
-0.0021063214
-0.0017408757
-0.0014460828
-0.0012087949
-0.0009999482
-0.0007633595
-0.0004176695
0.0001095723
0.0007971945
0.0014926942
0.0020275290
0.0023492536
0.0024655665
0.0023886563
0.0021662319
0.0018933205
0.0017040843
0.0017141386
0.0019331268
0.0022583488
0.0025755054
0.0028456600
0.0030747538
0.0032769472
0.0034833943
0.0037014837
0.0038786419
0.0039506657
0.0038861734
0.0036557389
0.0032334989
0.0026523160
0.0020174189
0.0014543201
0.0010775374
0.0009774466
0.0011810949
0.0016250767
0.0022042635
0.0028381053
0.0034676924
0.0039943953
0.0042734261
0.0041895099
0.0036729024
0.0027326299
0.0014472725
-0.0000797185
-0.0016996971
-0.0032451617
-0.0045541123
-0.0055234572
-0.0061386965
-0.0064170005
-0.0064013928
-0.0061288480
-0.0056083529
-0.0048490686
-0.0038869631
-0.0028189256
-0.0017487054
-0.0007405859
0.0001838008
0.0010453046
0.0018566889
0.0025901729
0.0032363972
0.0037941560
0.0041904554
0.0043618518
0.0043356643
0.0041632050
0.0038735712
0.0034939919
0.0030199310
0.0023887590
0.0015520261
0.0005317209
-0.0005963075
-0.0017517760
-0.0028879904
-0.0039759581
-0.0049447280
-0.0056938200
-0.0061713271
-0.0063818922
-0.0063536055
-0.0061142761
-0.0056923691
-0.0051491634
-0.0045722334
-0.0040312104
-0.0035591254
-0.0031522444
-0.0027685154
-0.0023668690
-0.0019399806
-0.0015161610
-0.0011520149
-0.0008849394
-0.0007390122
-0.0007344224
-0.0008562952
-0.0010602471
-0.0012773829
-0.0014343788
-0.0014872976
-0.0013975387
-0.0011507845
-0.0007936489
-0.0003894819
0.0000047097
0.0003666366
0.0007055522
0.0010225168
0.0013114225
0.0015619094
0.0017678199
0.0019297699
0.0020698956
0.0021969843
0.0022708559
0.0022105302
0.0019498782
0.0015255676
0.0010632338
0.0006775754
0.0004223239
0.0003159628
0.0003711477
0.0005507202
0.0007861018
0.0010548817
0.0013784961
0.0018012210
0.0023342473
0.0029171597
0.0034684348
0.0039268390
0.0042548478
0.0044487833
0.0045412279
0.0045528399
0.0044629114
0.0042299519
0.0038248057
0.0032369539
0.0024680161
0.0015842856
0.0007062303
-0.0000687611
-0.0006761900
-0.0010906124
-0.0013178066
-0.0013825472
-0.0012967122
-0.0010401786
-0.0005923993
0.0000340258
0.0007974361
0.0016076583
0.0023677297
0.0030195087
0.0035429039
0.0039078714
0.0041096885
0.0041667913
0.0040732359
0.0038611859
0.0036213743
0.0034217721
0.0032884913
0.0032120142
0.0031652827
0.0031382559
0.0031430905
0.0032052479
0.0033537993
0.0036068149
0.0039436030
0.0042939558
0.0045922251
0.0048181300
0.0049355089
0.0048569126
0.0045287141
0.0039775095
0.0032470993
0.0023956931
0.0014914312
0.0005785109
-0.0003360579
-0.0012527973
-0.0021314553
-0.0029359911
-0.0036947442
-0.0044158081
-0.0050616694
-0.0056143576
-0.0060591760
-0.0063273948
-0.0063674855
-0.0062009263
-0.0058705090
-0.0054263334
-0.0049268881
-0.0044595926
-0.0041418685
-0.0040547205
-0.0041924403
-0.0044991149
-0.0049354688
-0.0054251593
-0.0058610310
-0.0061542551
-0.0062342578
-0.0060899538
-0.0057735995
-0.0053617241
-0.0049079053
-0.0044160380
-0.0038927008
-0.0033684177
-0.0028593640
-0.0023519961
-0.0018109133
-0.0012244807
-0.0005994009
0.0000569304
0.0006827501
0.0011697342
0.0014074498
0.0013260698
0.0009529310
0.0004182954
-0.0001602761
-0.0007328594
-0.0012790714
-0.0017990089
-0.0023206562
-0.0028584202
-0.0033679440
-0.0037929212
-0.0041123318
-0.0043460334
-0.0044844849
-0.0045494960
-0.0046324676
-0.0047727535
-0.0049290980
-0.0050232619
-0.0050000290
-0.0048584885
-0.0046201368
-0.0043187365
-0.0039724602
-0.0035253037
-0.0028917495
-0.0020662326
-0.0010924580
0.0000065441
0.0011591067
0.0022163032
0.0030354815
0.0035441401
0.0037281944
0.0036177099
0.0033296726
0.0029918934
0.0026433412
0.0023311495
0.0021855718
0.0022947813
0.0025932832
0.0029351523
0.0031974249
0.0033327482
0.0033462750
0.0032833987
0.0032119053
0.0031655368
0.0031614027
0.0032272067
0.0033877554
0.0036398294
0.0039400029
0.0042384164
0.0045006953
0.0047043450
0.0048364833
0.0048608948
0.0047548109
0.0045595053
0.0043078781
0.0039833186
0.0035963967
0.0032029559
0.0028249383
0.0024538442
0.0021414217
0.0019616299
0.0018957675
0.0018849662
0.0019035334
0.0019428775
0.0019818730
0.0019846615
0.0019088434
0.0017139234
0.0013788520
0.0009296918
0.0004320193
-0.0000595766
-0.0004916196
-0.0008057055
-0.0009940985
-0.0010491543
-0.0009470103
-0.0007176472
-0.0004141018
-0.0000562541
0.0003087046
0.0005782993
0.0006790111
0.0006008429
0.0003416226
-0.0000983610
-0.0006653991
-0.0012814835
-0.0019062959
-0.0024760556
-0.0028932299
-0.0031217657
-0.0032282902
-0.0032827840
-0.0032973430
-0.0032526870
-0.0031247483
-0.0028954425
-0.0025724191
-0.0022194569
-0.0019401890
-0.0018031836
-0.0018189287
-0.0019527841
-0.0021288735
-0.0022822496
-0.0023487344
-0.0022701684
-0.0020525687
-0.0017258301
-0.0012894414
-0.0007773631
-0.0002914712
0.0000729576
0.0002825126
0.0003763626
0.0004522968
0.0005849598
0.0007599571
0.0009492978
0.0011290472
0.0012245472
0.0011636724
0.0009951860
0.0008136746
0.0006705131
0.0005695633
0.0005144360
0.0005385113
0.0006864600
0.0009882768
0.0014310778
0.0019278243
0.0023447312
0.0025982138
0.0026418103
0.0024800227
0.0022296706
0.0020417500
0.0019513832
0.0019183754
0.0019215674
0.0019530984
0.0019879723
0.0019834258
0.0018926839
0.0016752119
0.0013142377
0.0008425742
0.0003144748
-0.0002765845
-0.0009468000
-0.0016746953
-0.0024216958
-0.0031312017
-0.0037385501
-0.0041972101
-0.0044239338
-0.0043166713
-0.0038333596
-0.0030072185
-0.0019490809
-0.0008168425
0.0002560168
0.0011952333
0.0019588316
0.0025047910
0.0028333935
0.0029743308
0.0029191785
0.0026638289
0.0022383785
0.0016553831
0.0009325893
0.0001297156
-0.0006606413
-0.0013294981
-0.0018049359
-0.0020633950
-0.0020959844
-0.0018704559
-0.0013578593
-0.0006346507
0.0001576835
0.0009488697
0.0017267462
0.0024689188
0.0031618880
0.0037726437
0.0042663745
0.0046300166
0.0048058126
0.0047159168
0.0043599669
0.0038084462
0.0031163329
0.0023236546
0.0015384493
0.0008802531
0.0003905205
0.0000937096
-0.0000004263
0.0000690431
0.0002595298
0.0005365260
0.0008322671
0.0010420576
0.0011345174
0.0011842968
0.0012732395
0.0014443501
0.0017080884
0.0020278179
0.0023013560
0.0024211221
0.0023574347
0.0021461500
0.0018495414
0.0015644501
0.0013825213
0.0013151641
0.0013117765
0.0013221760
0.0013048267
0.0012160483
0.0010221025
0.0007262962
0.0003958743
0.0001660024
0.0001374421
0.0002943644
0.0005674333
0.0008611503
0.0010283527
0.0009663806
0.0007174187
0.0004170077
0.0002438588
0.0003317531
0.0006862663
0.0012298425
0.0018599440
0.0024786339
0.0029941292
0.0033262287
0.0034331091
0.0033105805
0.0030085253
0.0026643236
0.0023894675
0.0021917064
0.0020756445
0.0020631347
0.0021247850
0.0021966914
0.0022527700
0.0023094420
0.0023705387
0.0024577707
0.0025726866
0.0026455729
0.0026029911
0.0023873987
0.0019432722
0.0012519950
0.0003600873
-0.0006432014
-0.0016669786
-0.0026717559
-0.0036555393
-0.0046020201
-0.0054823933
-0.0062628882
-0.0069156824
-0.0073905643
-0.0076082056
-0.0075050235
-0.0070639954
-0.0063133988
-0.0053417502
-0.0042697407
-0.0032025804
-0.0022251169
-0.0013570798
-0.0005994232
0.0000176859
0.0004988988
0.0008645937
0.0010408683
0.0009126475
0.0005861143
0.0002848101
0.0000911331
-0.0000447379
-0.0001757580
-0.0003108424
-0.0004358290
-0.0005374180
-0.0006670714
-0.0009541342
-0.0014326962
-0.0019855160
-0.0024910803
-0.0028851278
-0.0031379948
-0.0032589912
-0.0032783829
-0.0032063100
-0.0030344739
-0.0027663466
-0.0024368900
-0.0020825344
-0.0017265221
-0.0014026809
-0.0011648961
-0.0010768017
-0.0011825793
-0.0014726149
-0.0018917919
-0.0023806007
-0.0028624864
-0.0032592113
-0.0035314111
-0.0036697179
-0.0036712965
-0.0035681538
-0.0034181595
-0.0032468341
-0.0030149442
-0.0026791093
-0.0022566086
-0.0018168461
-0.0014089213
-0.0010222824
-0.0006212096
-0.0001982112
0.0002322309
0.0006311805
0.0009617317
0.0012093941
0.0013553663
0.0013982870
0.0013710896
0.0013551110
0.0014156898
0.0015580379
0.0017541391
0.0019667783
0.0021863151
0.0024102289
0.0026104628
0.0027835039
0.0029507389
0.0031115850
0.0032784888
0.0034931151
0.0037651376
0.0040422777
0.0042601395
0.0043671743
0.0043368510
0.0041760072
0.0038949746
0.0034628481
0.0028310778
0.0020242240
0.0011125426
0.0001369630
-0.0008413505
-0.0017269288
-0.0024679125
-0.0030597466
-0.0034820201
-0.0036886574
-0.0036558380
-0.0034112079
-0.0030050332
-0.0024780562
-0.0018629887
-0.0011955851
-0.0004973229
0.0002048136
0.0008680844
0.0014004946
0.0017281748
0.0018477913
0.0017978137
0.0016124406
0.0013206013
0.0009575048
0.0005419981
0.0000982780
-0.0003495668
-0.0007977896
-0.0012175617
-0.0015555713
-0.0017773305
-0.0018504222
-0.0017629487
-0.0015406310
-0.0012388638
-0.0009473205
-0.0007431914
-0.0006272299
-0.0005581098
-0.0005181138
-0.0005185330
-0.0005793100
-0.0007204205
-0.0009385823
-0.0011463076
-0.0012363146
-0.0011927698
-0.0010371030
-0.0007819110
-0.0004631468
-0.0001306842
0.0001746193
0.0004185708
0.0006192261
0.0008595774
0.0012088347
0.0016615404
0.0021597183
0.0026553241
0.0030989109
0.0034329680
0.0036525982
0.0037859732
0.0038879453
0.0040214351
0.0042160831
0.0044501315
0.0046704465
0.0048381887
0.0049031105
0.0047945087
0.0045012712
0.0040863854
0.0036173778
0.0031725352
0.0028421108
0.0026664531
0.0026079043
0.0026038711
0.0026121727
0.0026037769
0.0025528368
0.0024454466
0.0022933562
0.0021431865
0.0020669705
0.0021001716
0.0022149724
0.0023516930
0.0024318113
0.0023966833
0.0022484471
0.0020216471
0.0017264806
0.0013490929
0.0009238381
0.0005240122
0.0001893066
-0.0000598104
-0.0001894640
-0.0002179693
-0.0002169627
-0.0002411311
-0.0003288168
-0.0004652392
-0.0006177229
-0.0008077770
-0.0010658299
-0.0013685833
-0.0016570823
-0.0019223813
-0.0022245928
-0.0026042546
-0.0030427746
-0.0035057892
-0.0039343902
-0.0042601671
-0.0044557857
-0.0045388439
-0.0045208924
-0.0043794850
-0.0040834563
-0.0036312671
-0.0030654700
-0.0024286491
-0.0017338379
-0.0009870674
-0.0002134082
0.0005288949
0.0011611223
0.0016290340
0.0018729055
0.0018543558
0.0015885152
0.0011133087
0.0004979551
-0.0001634105
-0.0007989660
-0.0014087012
-0.0020069966
-0.0025527971
-0.0029858723
-0.0032779021
-0.0034385044
-0.0034788919
-0.0034254544
-0.0033489594
-0.0032899253
-0.0032070484
-0.0030364512
-0.0027439186
-0.0023431173
-0.0019072000
-0.0014961706
-0.0011175044
-0.0008221681
-0.0006648540
-0.0006115660
-0.0006062230
-0.0006268353
-0.0006642084
-0.0006989069
-0.0007017860
-0.0006397888
-0.0004814215
-0.0002113383
0.0001478323
0.0005477067
0.0009360313
0.0012406165
0.0014041841
0.0014042318
0.0012068533
0.0007634613
0.0000690167
-0.0007975387
-0.0016986586
-0.0024835130
-0.0030647548
-0.0034587845
-0.0037145663
-0.0038427867
-0.0038521575
-0.0037581664
-0.0035587053
-0.0032508664
-0.0028730676
-0.0024995788
-0.0021442396
-0.0017895885
-0.0014839394
-0.0012877413
-0.0011949333
-0.0011806592
-0.0012609074
-0.0014747261
-0.0018410250
-0.0023445191
-0.0029586843
-0.0036122892
-0.0041824619
-0.0045940377
-0.0048629396
-0.0050158911
-0.0050731877
-0.0050778128
-0.0050722233
-0.0050782057
-0.0051008270
-0.0051322075
-0.0051483063
-0.0051079522
-0.0049598669
-0.0046605756
-0.0041951185
-0.0035718204
-0.0028180568
-0.0020025554
-0.0012004589
-0.0004539197
0.0001886753
0.0006900628
0.0010319296
0.0011715120
0.0010946116
0.0008546478
0.0005344791
0.0001973294
-0.0001133440
-0.0003495546
-0.0004621356
-0.0004228975
-0.0002497559
0.0000180817
0.0003711591
0.0008230347
0.0013314740
0.0018216663
0.0022680973
0.0026519013
0.0029499599
0.0031506787
0.0032472908
0.0032579497
0.0032055551
0.0030965541
0.0029371555
0.0027510376
0.0025470085
0.0022794468
0.0019053825
0.0014460207
0.0009309579
0.0003260532
-0.0004029928
-0.0012538777
-0.0021889661
-0.0031337821
-0.0040091150
-0.0047315021
-0.0052310813
-0.0054522718
-0.0053661975
-0.0050009263
-0.0044078672
-0.0036250392
-0.0027041102
-0.0016844595
-0.0006133862
0.0004106134
0.0012924339
0.0020104164
0.0025896822
0.0030187238
0.0033161556
0.0035692855
0.0038364338
0.0041054638
0.0043542855
0.0045675457
0.0047442168
0.0048802035
0.0049291203
0.0048251794
0.0045729566
0.0042533026
0.0039383582
0.0036852162
0.0035449588
0.0035557297
0.0037027494
0.0039273395
0.0042054153
0.0045284685
0.0048419076
0.0050772369
0.0051727178
0.0050857818
0.0047923033
0.0042703166
0.0034884775
0.0024561795
0.0012683139
0.0000486062
-0.0011086737
-0.0021390680
-0.0029928448
-0.0036067305
-0.0039314660
-0.0039808444
-0.0038203747
-0.0034840385
-0.0029563592
-0.0022596033
-0.0014704626
-0.0006675960
0.0001082698
0.0008373062
0.0014767584
0.0019990558
0.0023992325
0.0026394223
0.0026902092
0.0025675056
0.0023401926
0.0021033061
0.0018782423
0.0016177921
0.0013022387
0.0009428351
0.0005456526
0.0001301577
-0.0002540288
-0.0005270301
-0.0006384053
-0.0005963150
-0.0004570175
-0.0003181017
-0.0002599108
-0.0003077064
-0.0004157762
-0.0005323241
-0.0006653959
-0.0008354003
-0.0010229307
-0.0011959150
-0.0013677315
-0.0015609125
-0.0017448932
-0.0018586872
-0.0018834782
-0.0018276643
-0.0016868699
-0.0014614985
-0.0011908774
-0.0009408717
-0.0007514551
-0.0006432528
-0.0006045961
-0.0005911899
-0.0005591513
-0.0004768325
-0.0003269217
-0.0001208798
0.0001005587
0.0003109398
0.0004831072
0.0005338420
0.0003441879
-0.0001331101
-0.0008371977
-0.0016675380
-0.0025322513
-0.0033727665
-0.0041452459
-0.0047810350
-0.0052403852
-0.0055439088
-0.0056938290
-0.0056643191
-0.0054419545
-0.0050270879
-0.0044450367
-0.0037420833
-0.0029649769
-0.0021717276
-0.0014459605
-0.0008497597
-0.0003770878
0.0000128226
0.0003318766
0.0005623407
0.0007358648
0.0009317642
0.0011912863
0.0014841957
0.0017571347
0.0019710472
0.0020981997
0.0021394011
0.0021100157
0.0020581783
0.0020793888
0.0022363735
0.0025337451
0.0029312544
0.0033557980
0.0037159306
0.0039362983
0.0040185305
0.0039850191
0.0038222382
0.0035097269
0.0030640566
0.0025379318
0.0019589071
0.0013066696
0.0005702182
-0.0002006519
-0.0009646890
-0.0017031226
-0.0023685248
-0.0029022882
-0.0032862377
-0.0035043972
-0.0035840311
-0.0035807292
-0.0034673469
-0.0031989919
-0.0027864812
-0.0022327350
-0.0015345054
-0.0007178651
0.0001850783
0.0011577655
0.0021169807
0.0029201201
0.0034657334
0.0037363001
0.0037384064
0.0034847403
0.0030435876
0.0025438048
0.0021192964
0.0018337685
0.0016109651
0.0012948152
0.0008267670
0.0002618073
-0.0003001897
-0.0007651939
-0.0010923750
-0.0012944750
-0.0013938681
-0.0013841423
-0.0012782164
-0.0011154132
-0.0008990788
-0.0006292264
-0.0003563631
-0.0001481354
-0.0000478251
-0.0000615120
-0.0001424746
-0.0002207324
-0.0002569768
-0.0002425183
-0.0001580780
-0.0000283087
0.0001012854
0.0002442590
0.0004356031
0.0006739212
0.0009483657
0.0012780888
0.0016545612
0.0020118214
0.0022944781
0.0024947505
0.0026163255
0.0026821492
0.0027255636
0.0027584789
0.0027655582
0.0027117984
0.0025512979
0.0022438983
0.0017858455
0.0012196627
0.0005933132
-0.0000585647
-0.0007003025
-0.0012913066
-0.0017972994
-0.0022029090
-0.0025266810
-0.0028251946
-0.0031319379
-0.0034140165
-0.0036427233
-0.0038552518
-0.0040931950
-0.0043290953
-0.0044787838
-0.0044921459
-0.0044125914
-0.0042918727
-0.0041261211
-0.0039155891
-0.0037001819
-0.0034977439
-0.0032891931
-0.0030724993
-0.0028416072
-0.0025733027
-0.0022733234
-0.0019605415
-0.0016467301
-0.0013340692
-0.0010298885
-0.0007517252
-0.0005131002
-0.0003121047
-0.0001295488
0.0000292372
0.0001563114
0.0002793802
0.0004174292
0.0005419824
0.0005879398
0.0005193602
0.0003757089
0.0002347070
0.0001441404
0.0001036104
0.0001143412
0.0001969336
0.0003660903
0.0006069467
0.0008635686
0.0010661611
0.0011711847
0.0011732960
0.0011223090
0.0010626927
0.0010007719
0.0009543869
0.0009199585
0.0009045035
0.0009640930
0.0011173307
0.0013227032
0.0015492126
0.0018148719
0.0021193138
0.0024095784
0.0026305653
0.0027380216
0.0027101135
0.0025345647
0.0022009335
0.0017340433
0.0012090298
0.0006986448
0.0002300354
-0.0002167949
-0.0006736909
-0.0011321165
-0.0015712486
-0.0019805641
-0.0023102238
-0.0024956670
-0.0025044704
-0.0023031458
-0.0018647370
-0.0012454573
-0.0005226108
0.0002419825
0.0009894653
0.0016233200
0.0020668486
0.0023610603
0.0025744027
0.0027031958
0.0027326330
0.0026708349
0.0025115015
0.0022361458
0.0018357762
0.0012961148
0.0006313760
-0.0000884330
-0.0007680476
-0.0013138636
-0.0016798955
-0.0018459301
-0.0017982481
-0.0015881840
-0.0012939951
-0.0009584919
-0.0005912024
-0.0001984751
0.0002106029
0.0006160952
0.0009899925
0.0013286722
0.0016258964
0.0018598560
0.0019996870
0.0020227512
0.0019394538
0.0017722464
0.0015433503
0.0012508838
0.0008658937
0.0003992834
-0.0000972913
-0.0005946770
-0.0010667277
-0.0014925812
-0.0018803277
-0.0021889550
-0.0023693164
-0.0024457453
-0.0024453220
-0.0023466223
-0.0021130011
-0.0017370818
-0.0012688340
-0.0008028255
-0.0004152556
-0.0001274524
0.0000631116
0.0001565392
0.0001805351
0.0001765987
0.0001709640
0.0001766840
0.0002017190
0.0002480529
0.0003067452
0.0003550375
0.0003581003
0.0003054590
0.0002457614
0.0002091374
0.0001827618
0.0001583168
0.0001448003
0.0001552599
0.0001994016
0.0002832362
0.0004028233
0.0005336929
0.0006213270
0.0006029121
0.0004821590
0.0003426465
0.0002847460
0.0003506982
0.0005270636
0.0007775421
0.0010457247
0.0012861172
0.0014676978
0.0015823592
0.0016316234
0.0015926962
0.0014206511
0.0010780374
0.0005720147
-0.0000147688
-0.0005496604
-0.0009195919
-0.0011023423
-0.0011306361
-0.0010020693
-0.0006824063
-0.0001659196
0.0004866900
0.0011852151
0.0018946183
0.0026337962
0.0033618679
0.0039713410
0.0043881424
0.0045825284
0.0045630501
0.0043773385
0.0040929790
0.0038044032
0.0036038117
0.0035022137
0.0034343694
0.0033348844
0.0031674873
0.0029237496
0.0026373374
0.0023661033
0.0021180231
0.0018434818
0.0015225219
0.0012154867
0.0010183935
0.0009693847
0.0010320756
0.0011540551
0.0012802353
0.0013292222
0.0012295487
0.0009898805
0.0006935621
0.0004494749
0.0003160483
0.0002678725
0.0002533871
0.0002337489
0.0001726760
0.0000324654
-0.0002059479
-0.0005185691
-0.0008496298
-0.0011829128
-0.0015596835
-0.0019922095
-0.0024459368
-0.0029381850
-0.0034931959
-0.0040497695
-0.0045384957
-0.0049206915
-0.0052014375
-0.0053923591
-0.0054536468
-0.0053508086
-0.0051463821
-0.0049855508
-0.0049312677
-0.0049364822
-0.0049449512
-0.0049144859
-0.0047919952
-0.0045212228
-0.0040820723
-0.0035205344
-0.0029173235
-0.0023374073
-0.0018198314
-0.0013803547
-0.0009970811
-0.0006045461
-0.0001590093
0.0002883597
0.0006315310
0.0008020251
0.0008021630
0.0006655602
0.0004281967
0.0001497547
-0.0001021070
-0.0002807423
-0.0003720424
-0.0004029546
-0.0004049631
-0.0003930931
-0.0003757807
-0.0003613093
-0.0003561554
-0.0003633877
-0.0003833834
-0.0004129385
-0.0004426605
-0.0004542991
-0.0004209858
-0.0003124653
-0.0001076481
0.0001843343
0.0005016739
0.0007553074
0.0009080268
0.0009829392
0.0009926497
0.0009140373
0.0007157481
0.0003869301
-0.0000419303
-0.0005128466
-0.0009940092
-0.0014699782
-0.0019237211
-0.0023703642
-0.0027834878
-0.0030730087
-0.0032018210
-0.0031965311
-0.0031227469
-0.0030398044
-0.0029332276
-0.0027453830
-0.0024398683
-0.0020271518
-0.0015542868
-0.0010502767
-0.0004945621
0.0001370853
0.0007913354
0.0013655738
0.0018055756
0.0020890717
0.0022375262
0.0023049155
0.0023114939
0.0022344172
0.0020353976
0.0016871422
0.0012019532
0.0006308881
-0.0000143220
-0.0007267734
-0.0014394781
-0.0020688050
-0.0025785363
-0.0029340397
-0.0031099996
-0.0031195183
-0.0030038755
-0.0027811681
-0.0024244115
-0.0019347161
-0.0013811136
-0.0008138589
-0.0002525194
0.0002483472
0.0006236552
0.0008508754
0.0009647051
0.0010135942
0.0010139607
0.0009554387
0.0008249129
0.0006219583
0.0003760369
0.0001599512
0.0000527659
0.0000983855
0.0002809161
0.0005021016
0.0006481346
0.0006457747
0.0004749668
0.0001965440
-0.0000657173
-0.0002321809
-0.0003250898
-0.0003778869
-0.0003836196
-0.0003206336
-0.0001729223
0.0000647719
0.0003712489
0.0006792482
0.0009358599
0.0011826699
0.0014754391
0.0017944935
0.0020843751
0.0023490746
0.0026453961
0.0029826735
0.0032801205
0.0034580198
0.0035413315
0.0035871375
0.0036084735
0.0035912068
0.0035212580
0.0033890550
0.0031956824
0.0029704744
0.0027582865
0.0025724758
0.0024237432
0.0023403895
0.0023105564
0.0022863613
0.0022278978
0.0021130189
0.0019371309
0.0017251457
0.0015188776
0.0013318973
0.0011755202
0.0010740453
0.0010059167
0.0009154382
0.0007676686
0.0005668859
0.0003622555
0.0002392252
0.0002446923
0.0003410977
0.0005026766
0.0007515296
0.0011045977
0.0015815404
0.0021787010
0.0028261901
0.0034556875
0.0040091623
0.0044402281
0.0047158543
0.0048644173
0.0049604428
0.0050422759
0.0050937866
0.0050772414
0.0049883009
0.0048179023
0.0045079143
0.0040149688
0.0033723160
0.0026578019
0.0019319129
0.0012015210
0.0004746199
-0.0002257222
-0.0008948858
-0.0015184522
-0.0020569814
-0.0024652294
-0.0027175637
-0.0028358172
-0.0028741828
-0.0028681951
-0.0028276348
-0.0027588343
-0.0026762315
-0.0026060421
-0.0025809962
-0.0025918783
-0.0026051542
-0.0026391124
-0.0026951706
-0.0026654039
-0.0024243771
-0.0019614683
-0.0013762974
-0.0007870353
-0.0002734946
0.0001033439
0.0003512271
0.0005011418
0.0005186031
0.0004038586
0.0002350176
0.0000639025
-0.0000857599
-0.0001833132
-0.0002341369
-0.0002713774
-0.0003120000
-0.0003467474
-0.0003483355
-0.0002753577
-0.0000813182
0.0002613114
0.0007240809
0.0012138589
0.0016274170
0.0018731386
0.0018573497
0.0015733245
0.0011101559
0.0005397524
-0.0001090203
-0.0007763952
-0.0013940502
-0.0018979064
-0.0022457962
-0.0023996977
-0.0023330678
-0.0020992399
-0.0018084145
-0.0015187169
-0.0011970102
-0.0008089806
-0.0003907266
0.0000063684
0.0003801241
0.0007280985
0.0010296416
0.0013057629
0.0015942824
0.0018786776
0.0021164298
0.0022737529
0.0023368818
0.0023080755
0.0021795171
0.0019389198
0.0016039680
0.0012387437
0.0008714993
0.0004516852
-0.0000363609
-0.0005447816
-0.0010359391
-0.0014671246
-0.0017954860
-0.0020124629
-0.0020758699
-0.0019294378
-0.0016166238
-0.0012107521
-0.0007063165
-0.0001168348
0.0004931893
0.0010901918
0.0016739739
0.0022679554
0.0029012730
0.0036105213
0.0043831137
0.0051441008
0.0058189760
0.0063832047
0.0068274651
0.0070972554
0.0070873220
0.0067380157
0.0061000033
0.0052476667
0.0042229021
0.0031276127
0.0020961331
0.0011951105
0.0003997924
-0.0003514448
-0.0010683237
-0.0017545413
-0.0024362516
-0.0031216143
-0.0037792051
-0.0043486331
-0.0047606370
-0.0049590544
-0.0049386207
-0.0047706954
-0.0045383662
-0.0042587309
-0.0039122926
-0.0034656767
-0.0029064567
-0.0022765668
-0.0016022474
-0.0008971099
-0.0001793262
0.0005011748
0.0010972090
0.0016042671
0.0020177550
0.0022921602
0.0024248530
0.0024641544
0.0024267018
0.0022890110
0.0020303671
0.0016682188
0.0012699438
0.0009061817
0.0006024617
0.0003787849
0.0002651780
0.0002737561
0.0003700961
0.0005226215
0.0007473750
0.0010496494
0.0013802471
0.0016761860
0.0018781405
0.0019449218
0.0019001797
0.0017632818
0.0014880735
0.0010320618
0.0004270621
-0.0002405845
-0.0008836055
-0.0014293170
-0.0018551291
-0.0021818793
-0.0024186131
-0.0025599562
-0.0026048350
-0.0025297338
-0.0022821755
-0.0018678746
-0.0013706584
-0.0008535634
-0.0003200463
0.0002091991
0.0006991993
0.0011366372
0.0015005011
0.0017645180
0.0019599665
0.0021175414
0.0021997460
0.0021568932
0.0020042778
0.0017648443
0.0014394656
0.0010800674
0.0007409047
0.0004367856
0.0001814829
-0.0000081934
-0.0001299867
-0.0002191774
-0.0003113967
-0.0004042326
-0.0004576042
-0.0004070742
-0.0002168522
0.0000553039
0.0003105618
0.0005178803
0.0007140958
0.0009109238
0.0010566162
0.0010920616
0.0010103539
0.0008299189
0.0005724803
0.0002629262
-0.0000903180
-0.0004537692
-0.0007700258
-0.0010581260
-0.0013646381
-0.0016556938
-0.0018593582
-0.0019691132
-0.0019764407
-0.0018625722
-0.0016411023
-0.0013605375
-0.0010809795
-0.0008033564
-0.0004558920
0.0000127768
0.0005548262
0.0010595060
0.0014537875
0.0017042722
0.0018362222
0.0018973318
0.0018975957
0.0018159978
0.0016266384
0.0013195009
0.0009225911
0.0005020690
0.0001022381
-0.0002650063
-0.0005675784
-0.0007873433
-0.0009676739
-0.0011541873
-0.0013629059
-0.0015997352
-0.0018146304
-0.0019522600
-0.0020266393
-0.0020712698
-0.0020878145
-0.0020556934
-0.0019534007
-0.0017655042
-0.0014954724
-0.0011885742
-0.0009145190
-0.0006612985
-0.0003552210
0.0000220992
0.0004122834
0.0007671002
0.0010904182
0.0013794221
0.0016129643
0.0017722236
0.0018716073
0.0019444182
0.0019967588
0.0020018402
0.0019367563
0.0018342011
0.0017250930
0.0016027255
0.0014732319
0.0013634104
0.0012499802
0.0010860716
0.0009107233
0.0007822592
0.0006799478
0.0005889577
0.0005146065
0.0004377292
0.0003365544
0.0001950793
-0.0000275189
-0.0003181116
-0.0005681288
-0.0007177562
-0.0008048618
-0.0008559487
-0.0008429697
-0.0007170776
-0.0004358277
0.0000175513
0.0006121531
0.0012929428
0.0020151518
0.0027311789
0.0033850093
0.0039554003
0.0044337872
0.0048208846
0.0051168409
0.0052510284
0.0051314977
0.0047647889
0.0042434827
0.0036022902
0.0028185604
0.0019195776
0.0009847597
0.0000588610
-0.0008872886
-0.0018408045
-0.0027136332
-0.0034505503
-0.0040351364
-0.0044361851
-0.0046572675
-0.0047554761
-0.0047659006
-0.0047169882
-0.0046425929
-0.0045229192
-0.0043069669
-0.0039696061
-0.0035346857
-0.0030375602
-0.0024745342
-0.0018447573
-0.0011595000
-0.0004188442
0.0003703113
0.0011693985
0.0019012944
0.0024999609
0.0029126323
0.0031377648
0.0032412455
0.0032670076
0.0032021813
0.0030127383
0.0026783062
0.0022213016
0.0017300249
0.0012903887
0.0009386301
0.0007080840
0.0005997094
0.0005636224
0.0005539681
0.0005520404
0.0005520042
0.0005523953
0.0005578432
0.0005765465
0.0006125143
0.0006571135
0.0006836233
0.0006460980
0.0004864623
0.0001536069
-0.0003610233
-0.0009841254
-0.0015995616
-0.0021518180
-0.0026401634
-0.0030399433
-0.0033107479
-0.0034747748
-0.0035566927
-0.0035140167
-0.0032956255
-0.0028950813
-0.0023122738
-0.0015899273
-0.0008263071
-0.0000939783
0.0005563517
0.0010882820
0.0014881730
0.0017114265
0.0017068678
0.0014781388
0.0010682041
0.0005235957
-0.0001407480
-0.0009165579
-0.0017427499
-0.0025518073
-0.0032842733
-0.0038701215
-0.0042524303
-0.0043769063
-0.0042431661
-0.0039014382
-0.0034231115
-0.0028803973
-0.0022908356
-0.0016667879
-0.0010473498
-0.0004763887
-0.0000019758
0.0003320662
0.0005162195
0.0005914662
0.0006078708
0.0005879804
0.0005384359
0.0004696559
0.0004027977
0.0003724081
0.0004074949
0.0004880302
0.0006000473
0.0007694673
0.0010059399
0.0012617797
0.0014474293
0.0014964492
0.0013874000
0.0011715914
0.0009569664
0.0007854642
0.0006525593
0.0005725419
0.0005503916
0.0005838445
0.0006817184
0.0008604851
0.0011229885
0.0014446037
0.0018044283
0.0021874438
0.0025671234
0.0028921316
0.0031099188
0.0032221257
0.0032575336
0.0032129745
0.0030551469
0.0027566204
0.0023195687
0.0017574066
0.0011003525
0.0004209858
-0.0002320738
-0.0008410286
-0.0013827333
-0.0018385906
-0.0022183658
-0.0025677976
-0.0028799040
-0.0030942964
-0.0032014161
-0.0032492646
-0.0032680116
-0.0032506003
-0.0031794707
-0.0030410732
-0.0028326171
-0.0025674203
-0.0022503642
-0.0018627972
-0.0013885835
-0.0008292184
-0.0002210950
0.0003910563
0.0009763729
0.0015138449
0.0019953954
0.0024318225
0.0028228293
0.0031273408
0.0033183682
0.0034020732
0.0033596370
0.0031650470
0.0028300264
0.0023637769
0.0017605469
0.0010031492
0.0001066476
-0.0008254004
-0.0016850948
-0.0024291764
-0.0030153893
-0.0033890567
-0.0035490491
-0.0035285869
-0.0033895340
-0.0031906197
-0.0029205277
-0.0025433458
-0.0020817965
-0.0015927855
-0.0010736297
-0.0005039548
0.0001139932
0.0007523448
0.0013427021
0.0018470199
0.0022751788
0.0026384914
0.0029093371
0.0030689969
0.0031695275
0.0032865944
0.0034548098
0.0036593711
0.0038390566
0.0039004783
0.0038050845
0.0036251088
0.0034500699
0.0033225059
0.0032291956
0.0031277650
0.0029862808
0.0027940757
0.0025469638
0.0022071132
0.0017375323
0.0011742960
0.0005945096
0.0000111844
-0.0006451037
-0.0013736665
-0.0020807652
-0.0026879797
-0.0031497362
-0.0034701755
-0.0036694402
-0.0037114099
-0.0035578767
-0.0032321167
-0.0027929685
-0.0022861221
-0.0017519452
-0.0012060149
-0.0006464252
-0.0000956677
0.0004122958
0.0008585787
0.0012495829
0.0015754121
0.0017964967
0.0019167758
0.0019912667
0.0020533174
0.0020892530
0.0020565608
0.0018980823
0.0015557869
0.0010063131
0.0002995510
-0.0004897789
-0.0012883896
-0.0020056484
-0.0026113669
-0.0031196133
-0.0035441740
-0.0039073076
-0.0041695556
-0.0042622239
-0.0042003401
-0.0040065792
-0.0036558050
-0.0031933096
-0.0027139078
-0.0022502164
-0.0018121156
-0.0014079726
-0.0010384187
-0.0007182790
-0.0004389154
-0.0001607855
0.0001153956
0.0003457989
0.0005022954
0.0005861022
0.0006337493
0.0006890034
0.0007759688
0.0008976577
0.0010312966
0.0011190169
0.0010954492
0.0009569865
0.0007599460
0.0005636515
0.0003860193
0.0002424758
0.0001624633
0.0001273098
0.0000770838
-0.0000395514
-0.0002479861
-0.0005391663
-0.0008468172
-0.0010675567
-0.0011791667
-0.0012380803
-0.0012825139
-0.0013146199
-0.0013255136
-0.0013001632
-0.0012124794
-0.0010350052
-0.0007622193
-0.0004388198
-0.0001631373
-0.0000173158
-0.0000036592
-0.0000847255
-0.0002278907
-0.0003856271
-0.0004827019
-0.0004793169
-0.0004006225
-0.0002965860
-0.0002141670
-0.0001499028
-0.0000560396
0.0000582818
0.0001478148
0.0002043622
0.0002256064
0.0001937921
0.0001349022
0.0000975516
0.0000836508
0.0000720129
0.0000539983
0.0000310236
0.0000075457
-0.0000045398
0.0000182723
0.0001070584
0.0002881318
0.0005631997
0.0008917182
0.0012179167
0.0014906968
0.0016715149
0.0017860486
0.0018789825
0.0019484509
0.0020092449
0.0021052160
0.0022623829
0.0024714823
0.0027244274
0.0030449175
0.0034312885
0.0038341998
0.0041900434
0.0044222994
0.0044840251
0.0043840833
0.0041497469
0.0038196872
0.0034489945
0.0030940817
0.0028228806
0.0026722439
0.0026078627
0.0025787930
0.0025643555
0.0025655877
0.0025909104
0.0026547014
0.0027726272
0.0029458240
0.0031424047
0.0033146793
0.0034505579
0.0035465169
0.0035586285
0.0034301746
0.0031832320
0.0029184776
0.0026972724
0.0024823367
0.0022150389
0.0018967371
0.0015807047
0.0012928442
0.0009932846
0.0006522129
