0.0014596422
0.0012596419
0.0009114395
0.0004641041
-0.0000284685
-0.0005220996
-0.0009843852
-0.0013850350
-0.0016988474
-0.0019213978
-0.0020533233
-0.0020777760
-0.0019771466
-0.0017603719
-0.0014669740
-0.0011467976
-0.0008416307
-0.0005861427
-0.0004199940
-0.0003952011
-0.0005457037
-0.0008561528
-0.0013064815
-0.0018953930
-0.0025832247
-0.0032854788
-0.0039297753
-0.0044568700
-0.0047929031
-0.0048609469
-0.0046225433
-0.0041014423
-0.0033400662
-0.0023586721
-0.0011678678
0.0002081900
0.0017193132
0.0032642941
0.0046887638
0.0058557831
0.0066883183
0.0071539294
0.0072524552
0.0070358872
0.0066159578
0.0061162487
0.0056010658
0.0050592388
0.0044445510
0.0037491587
0.0030066591
0.0022331263
0.0014295823
0.0006233873
-0.0001191772
-0.0007196065
-0.0011210273
-0.0012825310
-0.0011660972
-0.0007565151
-0.0000799984
0.0007946118
0.0017658056
0.0027096047
0.0034798618
0.0039080559
0.0038293988
0.0031632231
0.0019688784
0.0003794538
-0.0014592636
-0.0034084403
-0.0053353915
-0.0070998450
-0.0085346534
-0.0094814363
-0.0098770497
-0.0097540556
-0.0091939829
-0.0082968197
-0.0071719923
-0.0059359414
-0.0046982196
-0.0035507589
-0.0025825602
-0.0018760490
-0.0014645767
-0.0013020600
-0.0012524855
-0.0011037872
-0.0006311364
0.0003064508
0.0017439338
0.0036216808
0.0057686059
0.0079003839
0.0096985613
0.0109348211
0.0115386390
0.0115495786
0.0110656261
0.0101736064
0.0088465141
0.0069756455
0.0045137175
0.0015694823
-0.0015948731
-0.0046197801
-0.0071262584
-0.0087922209
-0.0093879277
-0.0088259796
-0.0072602922
-0.0050449834
-0.0025750992
-0.0002917677
0.0013071525
0.0019133420
0.0015208742
0.0002856749
-0.0015806943
-0.0037658922
-0.0058191046
-0.0072638213
-0.0077661151
-0.0071861911
-0.0055309854
-0.0029632824
0.0001823170
0.0035372658
0.0068257941
0.0098310199
0.0124293315
0.0145366457
0.0159916971
0.0165516348
0.0160099689
0.0143210524
0.0115800171
0.0079094872
0.0034676563
-0.0014631699
-0.0064596793
-0.0110416017
-0.0147914500
-0.0174350517
-0.0188444127
-0.0189720542
-0.0178172713
-0.0154628157
-0.0121867069
-0.0085098718
-0.0050309717
-0.0022314384
-0.0004013730
0.0004035974
0.0004264613
0.0002025951
0.0004063190
0.0015955549
0.0039499130
0.0071503655
0.0105654122
0.0135035950
0.0153180947
0.0154949426
0.0138411642
0.0106519411
0.0066052141
0.0025199653
-0.0008212484
-0.0028184135
-0.0032193139
-0.0022156621
-0.0003178917
0.0018655637
0.0038731502
0.0054353272
0.0063742340
0.0066079555
0.0061875344
0.0052493891
0.0039182705
0.0022608242
0.0003410873
-0.0017026654
-0.0036340463
-0.0051548187
-0.0060570557
-0.0063542042
-0.0062602126
-0.0060359294
-0.0058012201
-0.0054502962
-0.0047109520
-0.0032603830
-0.0009235283
0.0021396564
0.0054840157
0.0085780723
0.0108351029
0.0117472177
0.0110872050
0.0089361500
0.0055628208
0.0013674594
-0.0030683385
-0.0070506387
-0.0099025232
-0.0110868656
-0.0103904007
-0.0080089225
-0.0044161185
-0.0001724338
0.0041318613
0.0079470534
0.0109548770
0.0130817640
0.0142860536
0.0144572532
0.0135404258
0.0116467207
0.0090045028
0.0058429898
0.0024149318
-0.0009931922
-0.0041555793
-0.0069359471
-0.0092233466
-0.0108481225
-0.0115680114
-0.0112193546
-0.0098720455
-0.0078069145
-0.0053798504
-0.0029717382
-0.0010170856
0.0000161715
-0.0002397728
-0.0018786273
-0.0046096368
-0.0077437660
-0.0103697660
-0.0116320475
-0.0109415572
-0.0081527558
-0.0036749544
0.0016674742
0.0069754367
0.0115597218
0.0150605446
0.0174445988
0.0188367759
0.0193389479
0.0190038286
0.0178638320
0.0159780639
0.0134821292
0.0106475940
0.0078144251
0.0052128238
0.0028762379
0.0007263182
-0.0012919311
-0.0031722267
-0.0048872472
-0.0063307803
-0.0072309024
-0.0072028746
-0.0059063036
-0.0032730158
0.0002845286
0.0038915969
0.0064115608
0.0068601446
0.0048026112
0.0005463990
-0.0050124475
-0.0108129148
-0.0159873543
-0.0199164264
-0.0222118283
-0.0227360187
-0.0215203849
-0.0186228449
-0.0141590387
-0.0084640465
-0.0020894636
0.0042848370
0.0098561757
0.0136854514
0.0150450795
0.0138203903
0.0106323073
0.0067169988
0.0035673358
0.0023857892
0.0036519909
0.0069063093
0.0108526654
0.0138192372
0.0144599816
0.0122935093
0.0078173928
0.0022011100
-0.0031827651
-0.0072607448
-0.0095302423
-0.0100618782
-0.0093014772
-0.0077417469
-0.0058109456
-0.0039229083
-0.0023844942
-0.0012889917
-0.0005155802
0.0002416866
0.0012923445
0.0027321031
0.0044817603
0.0063884023
0.0082477831
0.0097738852
0.0105115498
0.0099034152
0.0075721747
0.0035495087
-0.0016470532
-0.0071589292
-0.0120713279
-0.0155340013
-0.0168643354
-0.0157220803
-0.0122592197
-0.0070655120
-0.0009800312
0.0051183970
0.0105547033
0.0149798641
0.0183660388
0.0208709593
0.0225906972
0.0234298249
0.0232092318
0.0218340646
0.0193973838
0.0160660288
0.0120127789
0.0075318018
0.0029645696
-0.0014342923
-0.0054133305
-0.0086237975
-0.0107984810
-0.0120117998
-0.0126520090
-0.0131939535
-0.0140044181
-0.0152955498
-0.0170643113
-0.0190601627
-0.0208539843
-0.0218674969
-0.0214720924
-0.0192162976
-0.0150984676
-0.0096836489
-0.0039820778
0.0007997931
0.0035851907
0.0038302739
0.0018204830
-0.0014239610
-0.0046787337
-0.0070424840
-0.0081847782
-0.0083892884
-0.0084433858
-0.0092596770
-0.0114398956
-0.0151343454
-0.0201429419
-0.0260441238
-0.0323379776
-0.0385799749
-0.0443363314
-0.0491391297
-0.0525060318
-0.0538862293
-0.0526943197
-0.0484681339
-0.0410132050
-0.0305324679
-0.0176822976
-0.0035833483
0.0101414447
0.0218061717
0.0304476753
0.0359354681
0.0385625255
0.0388358062
0.0373773563
0.0347154480
0.0311852050
0.0269485453
0.0221181326
0.0168691438
0.0114240084
0.0060603977
0.0011663095
-0.0027165796
-0.0049676579
-0.0051206728
-0.0032277980
-0.0000530881
0.0031553191
0.0050547873
0.0045456094
0.0010881820
-0.0050217162
-0.0127384030
-0.0206653526
-0.0274083645
-0.0316977292
-0.0326093523
-0.0297528465
-0.0233360813
-0.0140141175
-0.0028188482
0.0089247143
0.0197752301
0.0284742122
0.0340915003
0.0361760693
0.0348812040
0.0308570654
0.0251814199
0.0192777141
0.0144669700
0.0114127033
0.0100207699
0.0095608070
0.0089230433
0.0071161891
0.0036451500
-0.0014367935
-0.0077052338
-0.0145852559
-0.0214370936
-0.0276137014
-0.0324889734
-0.0355430922
-0.0364801975
-0.0352934618
-0.0323312110
-0.0282410521
-0.0237740606
-0.0196522838
-0.0164921808
-0.0145912740
-0.0137109292
-0.0131679404
-0.0120789864
-0.0094145413
-0.0040969190
0.0045953510
0.0166111933
0.0311455284
0.0469705774
0.0628815331
0.0778944335
0.0911081339
0.1020414494
0.1107516017
0.1173825372
0.1219218109
0.1240742192
0.1232203749
0.1185982929
0.1096485490
0.0962388586
0.0786451481
0.0575213992
0.0337661674
0.0083400820
-0.0180089272
-0.0446095598
-0.0705187883
-0.0945894360
-0.1158580017
-0.1332713004
-0.1455666678
-0.1516434879
-0.1509861992
-0.1437751699
-0.1310149356
-0.1146566494
-0.0971135464
-0.0806751063
-0.0670635515
-0.0570292921
-0.0505319029
-0.0468378142
-0.0447914946
-0.0434109925
-0.0420807890
-0.0404659692
-0.0383430855
-0.0355617774
-0.0320240977
-0.0276271866
-0.0223722146
-0.0165150608
-0.0105890668
-0.0053322367
-0.0015342515
0.0001159023
-0.0007367926
-0.0038337202
-0.0081659495
-0.0121921680
-0.0143556291
-0.0135489851
-0.0093037878
-0.0019013167
0.0077043113
0.0181845871
0.0282044910
0.0367988596
0.0434749633
0.0481278059
0.0510270126
0.0526548519
0.0535198360
0.0541332619
0.0550441540
0.0566789556
0.0591806996
0.0624870293
0.0665028653
0.0710226444
0.0757202243
0.0803070159
0.0845519130
0.0881617138
0.0906859548
0.0914916285
0.0900082142
0.0860762745
0.0802724218
0.0738665874
0.0680943264
0.0635903866
0.0604102059
0.0582898678
0.0568492720
0.0557022259
0.0545130577
0.0530169372
0.0510300586
0.0484982460
0.0455788921
0.0426239126
0.0399204305
0.0373939006
0.0345683946
0.0308324362
0.0258317506
0.0198596790
0.0139542587
0.0094749222
0.0075324633
0.0085845125
0.0120822326
0.0165841664
0.0202480820
0.0212705369
0.0182441369
0.0105029644
-0.0016487407
-0.0171389302
-0.0345474902
-0.0526646427
-0.0709541088
-0.0892834343
-0.1075047130
-0.1253139950
-0.1421950226
-0.1574049573
-0.1701525289
-0.1800148184
-0.1874095665
-0.1931258243
-0.1974633205
-0.2002798929
-0.2012277724
-0.1997781690
-0.1954007699
-0.1878982360
-0.1775968837
-0.1654808402
-0.1531698946
-0.1423793941
-0.1342200067
-0.1290143933
-0.1263547347
-0.1251694828
-0.1239163046
-0.1209109222
-0.1146610444
-0.1040935565
-0.0888297941
-0.0694795715
-0.0474223029
-0.0245223341
-0.0030935366
0.0152618651
0.0297827759
0.0400518490
0.0458683950
0.0471820151
0.0439609305
0.0364064880
0.0251859237
0.0113087903
-0.0039414433
-0.0190937734
-0.0325285456
-0.0428906661
-0.0492932586
-0.0512316184
-0.0485959364
-0.0418162982
-0.0317766952
-0.0196562698
-0.0067648214
0.0057497858
0.0172415856
0.0275917613
0.0369352606
0.0454416469
0.0532909054
0.0605157724
0.0668069456
0.0716813690
0.0747750427
0.0758754845
0.0750223364
0.0726954343
0.0697929205
0.0674695866
0.0669366628
0.0690941623
0.0740918628
0.0813086795
0.0898339381
0.0989038695
0.1080398126
0.1170279799
0.1257545372
0.1340685757
0.1418459481
0.1490839130
0.1559368603
0.1627595649
0.1700065372
0.1778285556
0.1858899046
0.1935183264
0.1997634176
0.2035638996
0.2039257238
0.1999088870
0.1909494393
0.1774206494
0.1605152536
0.1414935230
0.1212605623
0.1001908586
0.0781598728
0.0551222628
0.0317301215
0.0094217603
-0.0101028298
-0.0252611779
-0.0350955441
-0.0396075384
-0.0395955153
-0.0364473439
-0.0318614922
-0.0273196556
-0.0239275454
-0.0223810959
-0.0227850162
-0.0247185938
-0.0275689771
-0.0308746105
-0.0345399361
-0.0388230825
-0.0441328134
-0.0507536971
-0.0586527799
-0.0673097573
-0.0758895833
-0.0837667347
-0.0901369741
-0.0937707950
-0.0937449908
-0.0897139247
-0.0818897305
-0.0711445289
-0.0589775732
-0.0469019983
-0.0360618564
-0.0272851615
-0.0209669178
-0.0168508894
-0.0140667006
-0.0115039491
-0.0082199337
-0.0036834298
0.0022044584
0.0091915461
0.0167782678
0.0244657476
0.0319817797
0.0392929275
0.0463467950
0.0527733858
0.0580164218
0.0614904569
0.0624778042
0.0601906310
0.0540794778
0.0439373021
0.0298456372
0.0122532931
-0.0079010105
-0.0293207592
-0.0504845155
-0.0698157222
-0.0863677791
-0.1002891146
-0.1117906444
-0.1210103531
-0.1283286025
-0.1343127799
-0.1394656100
-0.1439397423
-0.1473957623
-0.1489248234
-0.1471036485
-0.1402278996
-0.1267447130
-0.1058501992
-0.0782332385
-0.0465097138
-0.0147745490
0.0131814909
0.0355108305
0.0522456837
0.0639972050
0.0713325121
0.0747631632
0.0746927130
0.0715681004
0.0661299883
0.0594710728
0.0527718628
0.0470489908
0.0431224904
0.0415839823
0.0427573633
0.0466098845
0.0526345305
0.0598456904
0.0667424134
0.0714056603
0.0719378008
0.0669602912
0.0561415498
0.0405199404
0.0221731873
0.0035540655
-0.0130668298
-0.0259027100
-0.0337166346
-0.0358378517
-0.0323321988
-0.0243900234
-0.0142670638
-0.0047349851
0.0015586841
0.0027157237
-0.0018979800
-0.0114225550
-0.0238478092
-0.0369638628
-0.0488801741
-0.0578720402
-0.0622853389
-0.0607414828
-0.0526266109
-0.0387136040
-0.0210555441
-0.0020472139
0.0162323113
0.0323671541
0.0458060385
0.0565907515
0.0650070929
0.0713943029
0.0759934527
0.0788244285
0.0796888904
0.0783358895
0.0746655598
0.0688161908
0.0609991331
0.0514572418
0.0407022711
0.0294523518
0.0183668308
0.0079586239
-0.0014045492
-0.0097156713
-0.0173861674
-0.0249251839
-0.0326222805
-0.0403969767
-0.0478998326
-0.0547165757
-0.0604495866
-0.0646381322
-0.0667545975
-0.0665901992
-0.0643272636
-0.0603288335
-0.0551863598
-0.0494800669
-0.0435921439
-0.0378944887
-0.0327457881
-0.0282305607
-0.0240880840
-0.0198634909
-0.0150780854
-0.0094494226
-0.0032110931
0.0028670716
0.0077612633
0.0104398812
0.0101368756
0.0066711518
0.0005543587
-0.0071701995
-0.0152313831
-0.0222565787
-0.0267403103
-0.0270977178
-0.0220207555
-0.0110992238
0.0048611167
0.0240527153
0.0439930879
0.0622418243
0.0772132117
0.0882025305
0.0949634008
0.0973047498
0.0948887297
0.0873451615
0.0746628184
0.0576597757
0.0381620690
0.0186454290
0.0017671280
-0.0103035367
-0.0163868666
-0.0165754634
-0.0121432489
-0.0050442524
0.0025071454
0.0083681403
0.0106793771
0.0080964348
0.0002979921
-0.0117803759
-0.0262156238
-0.0407103431
-0.0529996619
-0.0610404720
-0.0631996686
-0.0588780117
-0.0490921339
-0.0362201583
-0.0229899789
-0.0114282859
-0.0024179212
0.0039954455
0.0082364649
0.0109719173
0.0128492783
0.0144171719
0.0161431150
0.0183414574
0.0211219953
0.0243916726
0.0278051833
0.0308002832
0.0326691632
0.0326376934
0.0299883173
0.0242571558
0.0154098889
0.0038276264
-0.0098365071
-0.0246975980
-0.0398809105
-0.0544155414
-0.0671654192
-0.0769188787
-0.0827185540
-0.0837725222
-0.0794257573
-0.0696720368
-0.0554324351
-0.0383272505
-0.0205064589
-0.0038268554
0.0107188492
0.0229294805
0.0329859367
0.0410236833
0.0470573891
0.0511184803
0.0532447799
0.0534529975
0.0518345573
0.0485742661
0.0438722042
0.0379737941
0.0313423756
0.0247106567
0.0188889238
0.0145456793
0.0120142279
0.0110703344
0.0108718162
0.0102242052
0.0079873044
0.0033848763
-0.0037898714
-0.0131970430
-0.0242094420
-0.0360664603
-0.0478789891
-0.0585131849
-0.0667864502
-0.0717979013
-0.0731961573
-0.0707089038
-0.0638769741
-0.0526474544
-0.0378778052
-0.0211652358
-0.0043915545
0.0110343304
0.0246170959
0.0360984783
0.0449876151
0.0509092184
0.0537413690
0.0535054762
0.0504286862
0.0451620218
0.0385923200
0.0313941667
0.0239293513
0.0163129657
0.0084813828
0.0004462871
-0.0075692636
-0.0151454765
-0.0216872592
-0.0265655033
-0.0293044716
-0.0296379853
-0.0275732894
-0.0234776084
-0.0180755612
-0.0123802688
-0.0075243652
-0.0044416398
-0.0037485847
-0.0057251913
-0.0101686413
-0.0163702571
-0.0233743046
-0.0302975280
-0.0362904649
-0.0404566353
-0.0419223478
-0.0399668867
-0.0341531736
-0.0246150681
-0.0122528057
0.0014931654
0.0150509627
0.0271009510
0.0368031197
0.0438621523
0.0483744469
0.0506627079
0.0510455933
0.0497451582
0.0469444251
0.0427990286
0.0374501563
0.0312043123
0.0246731776
0.0185159685
0.0131686323
0.0087441721
0.0050335521
0.0016271892
-0.0018408940
-0.0055273824
-0.0094194845
-0.0133810360
-0.0171625891
-0.0204974340
-0.0231075250
-0.0246910316
-0.0249312629
-0.0234846795
-0.0200973255
-0.0148906808
-0.0084579893
-0.0017308785
0.0041650416
0.0082950792
0.0102335304
0.0100002310
0.0080529593
0.0052995702
0.0027450204
0.0011546472
0.0009755313
0.0023361124
0.0050502487
0.0087409128
0.0129781295
0.0173222661
0.0213606079
0.0246603669
0.0267051853
0.0270115023
0.0253194527
0.0217152305
0.0165970467
0.0105118674
0.0039315438
-0.0028250725
-0.0095597540
-0.0161352301
-0.0223389781
-0.0278797935
-0.0324930203
-0.0359737479
-0.0381766420
-0.0391572402
-0.0391965905
-0.0385889389
-0.0375449051
-0.0362289048
-0.0347361001
-0.0330014584
-0.0307910320
-0.0278527448
-0.0240888803
-0.0196424234
-0.0148245951
-0.0100201824
-0.0055540569
-0.0015790063
0.0018741070
0.0047476131
0.0068685864
0.0080058112
0.0080254102
0.0071166156
0.0059072348
0.0052987391
0.0060719856
0.0085712536
0.0125946785
0.0174414092
0.0221899448
0.0260201603
0.0285222437
0.0299218182
0.0307222484
0.0311935555
0.0313858032
0.0313765650
0.0313625533
0.0316567689
0.0326777747
0.0348769439
0.0385178490
0.0432967752
0.0479805958
0.0507022628
0.0497110862
0.0437766025
0.0325046387
0.0167042276
-0.0016585833
-0.0195871903
-0.0334820951
-0.0413801162
-0.0436645523
-0.0411096509
-0.0346554152
-0.0261074768
-0.0173696492
-0.0096562956
-0.0035990514
0.0006479322
0.0033258691
0.0047639136
0.0051940167
0.0048098259
0.0038367554
0.0025529820
0.0012988782
0.0004182731
0.0002026165
0.0008674475
0.0024516381
0.0048030768
0.0076631987
0.0107584214
0.0138898919
0.0170177028
0.0202296710
0.0236441911
0.0273568345
0.0313693938
0.0354902132
0.0391517008
0.0412816382
0.0404814082
0.0353403836
0.0249566407
0.0096940967
-0.0081584084
-0.0238591970
-0.0314841332
-0.0296171679
-0.0217218534
-0.0113132462
-0.0003845010
0.0095582179
0.0170181727
0.0209613262
0.0212518126
0.0185422775
0.0138291411
0.0081402236
0.0023367608
-0.0029468496
-0.0073269741
-0.0107067782
-0.0132194966
-0.0150604706
-0.0163406279
-0.0170042567
-0.0168241279
-0.0155729774
-0.0131264753
-0.0094365336
-0.0046251498
0.0009672413
0.0067812917
0.0121760328
0.0166751468
0.0199464777
0.0218431679
0.0224536870
0.0219420505
0.0206094624
0.0190484442
0.0178871254
0.0173893265
0.0173056696
0.0169464301
0.0154215421
0.0119804519
0.0062903203
-0.0013879348
-0.0100969553
-0.0183227287
-0.0247278885
-0.0286084897
-0.0299988740
-0.0295246122
-0.0279669620
-0.0260480184
-0.0242530002
-0.0227271722
-0.0213096740
-0.0196617613
-0.0174725918
-0.0145449526
-0.0107926500
-0.0062680626
-0.0012253289
0.0038971276
0.0086253771
0.0125954226
0.0155181794
0.0171972964
0.0177878206
0.0177303421
0.0173407946
0.0166468623
0.0155744438
0.0140701252
0.0121594885
0.0100515434
0.0081340184
0.0067897988
0.0061800064
0.0061304519
0.0061815598
0.0056741617
0.0040231408
0.0010971077
-0.0027284652
-0.0068618591
-0.0108948659
-0.0147493409
-0.0183237644
-0.0213065061
-0.0233748050
-0.0244064763
-0.0244622621
-0.0236054109
-0.0218427066
-0.0192071856
-0.0158567843
-0.0120858792
-0.0082939956
-0.0048740666
-0.0020479724
0.0002372221
0.0022826277
0.0045213891
0.0073911538
0.0110935321
0.0154102413
0.0198041369
0.0236391217
0.0263154942
0.0272928592
0.0261128248
0.0225683220
0.0169252080
0.0099138762
0.0023824807
-0.0049643856
-0.0115453794
-0.0169169620
-0.0208430186
-0.0232050849
-0.0239946885
-0.0233750618
-0.0216379528
-0.0191277279
-0.0161575488
-0.0129584653
-0.0096646982
-0.0063029352
-0.0028497762
0.0007130044
0.0043060626
0.0076309891
0.0102668017
0.0118423843
0.0121582571
0.0112459682
0.0093392696
0.0068208335
0.0041107506
0.0015798601
-0.0005000433
-0.0020180687
-0.0029963723
-0.0035262793
-0.0037132173
-0.0036367120
-0.0033510602
-0.0029332595
-0.0024625425
-0.0019300894
-0.0012325349
-0.0002296410
0.0012468760
0.0033486725
0.0060335796
0.0089930889
0.0118480890
0.0143243726
0.0161762731
0.0171268505
0.0170035997
0.0158203843
0.0137133704
0.0109132204
0.0077499321
0.0045657131
0.0016160168
-0.0009356293
-0.0030061570
-0.0044938922
-0.0051894956
-0.0048184941
-0.0031414510
-0.0001274275
0.0039106258
0.0084299920
0.0128150889
0.0164768244
0.0189457409
0.0199056609
0.0193087967
0.0174648549
0.0149046186
0.0121712549
0.0096866427
0.0076823669
0.0061418310
0.0047987515
0.0032723992
0.0012614861
-0.0013222812
-0.0043440609
-0.0075399782
-0.0106615056
-0.0135146477
-0.0159573814
-0.0179677536
-0.0196012803
-0.0209846762
-0.0222495903
-0.0233818631
-0.0241278259
-0.0240641292
-0.0227823140
-0.0200853895
-0.0162495518
-0.0119975270
-0.0080735548
-0.0050589168
-0.0033088166
-0.0029687213
-0.0040531994
-0.0061018628
-0.0085057162
-0.0109583625
-0.0133876502
-0.0158010290
-0.0181415294
-0.0201922353
-0.0215898387
-0.0219408234
-0.0209552167
-0.0186678172
-0.0155031930
-0.0118847240
-0.0080508358
-0.0041869451
-0.0005162282
0.0026530752
0.0049964298
0.0064899525
0.0073209038
0.0075542075
0.0070905764
0.0058167069
0.0038246822
0.0015230204
-0.0005040436
-0.0017324886
-0.0018483067
-0.0007687645
0.0012481571
0.0035228773
0.0051174266
0.0052140248
0.0035693205
0.0009141335
-0.0013059389
-0.0025320967
-0.0035346876
-0.0055453061
-0.0094786644
-0.0148592807
-0.0202746346
-0.0246155555
-0.0273026979
-0.0281029409
-0.0270530936
-0.0244611220
-0.0208981168
-0.0171315066
-0.0139269968
-0.0118095133
-0.0109052572
-0.0109605295
-0.0115181436
-0.0120024355
-0.0117881433
-0.0103707451
-0.0074533841
-0.0029960276
0.0026993069
0.0090058648
0.0152324144
0.0207483960
0.0250143541
0.0275931843
0.0282614387
0.0270345085
0.0241312984
0.0198415813
0.0144562263
0.0082459163
0.0015073638
-0.0054227558
-0.0121171009
-0.0180681550
-0.0227881623
-0.0260217965
-0.0277726474
-0.0281753014
-0.0274786929
-0.0260203431
-0.0241237399
-0.0219743341
-0.0195959803
-0.0170108449
-0.0143081938
-0.0115775498
-0.0088716090
-0.0062705777
-0.0039300168
-0.0019941574
-0.0005297094
0.0004515149
0.0008788135
0.0006525900
-0.0001857015
-0.0014266764
-0.0027810940
-0.0039318662
-0.0045830929
-0.0045704040
-0.0038119503
-0.0022833126
-0.0000956491
0.0025707982
0.0055480345
0.0087016756
0.0118768087
0.0148450383
0.0173184151
0.0191206480
0.0202516937
0.0208318658
0.0210257322
0.0209499167
0.0207050032
0.0204171712
0.0201845767
0.0200928566
0.0202598136
0.0207673988
0.0215998166
0.0226581841
0.0238340760
0.0250115736
0.0260717034
0.0269917510
0.0278484412
0.0286819337
0.0294262909
0.0299596368
0.0301669797
0.0299865985
0.0294390581
0.0285783123
0.0274783796
0.0262273727
0.0248698986
0.0234009878
0.0218132646
0.0201150316
0.0182657985
0.0162361145
0.0140653081
0.0118361878
0.0097434859
0.0080320418
0.0068741694
0.0063130915
0.0062682889
0.0066410832
0.0073533178
0.0082495063
0.0090423257
0.0093671756
0.0088978049
0.0074792492
0.0052284760
0.0024569064
-0.0004439708
-0.0030650132
-0.0051808536
-0.0068639043
-0.0083610430
-0.0098660231
-0.0114600907
-0.0131930701
-0.0150530775
-0.0169869292
-0.0189812924
-0.0210340653
-0.0230947970
-0.0250482085
-0.0267267163
-0.0279761741
-0.0286770079
-0.0287025423
-0.0279782149
-0.0265755900
-0.0246689784
-0.0224219344
-0.0199693707
-0.0174621091
-0.0150562018
-0.0128896860
-0.0110804298
-0.0097309275
-0.0088899113
-0.0084862433
-0.0084222942
-0.0086859712
-0.0093333647
-0.0104934085
-0.0122968773
-0.0147358296
-0.0176532907
-0.0207898698
-0.0238193680
-0.0264341282
-0.0284387130
-0.0297594956
-0.0304135555
-0.0304672917
-0.0299765074
-0.0289611846
-0.0273461995
-0.0249261021
-0.0214362798
-0.0166753687
-0.0107050899
-0.0039242768
0.0029674411
0.0090305506
0.0134073580
0.0159237751
0.0171984495
0.0179790718
0.0187792104
0.0200966859
0.0224955264
0.0263311029
0.0314023170
0.0368501633
0.0417108492
0.0453493958
0.0472918460
0.0470740117
0.0444707916
0.0396775491
0.0334783789
0.0272139846
0.0220079056
0.0184220639
0.0162349352
0.0147088897
0.0132272770
0.0114783364
0.0093561620
0.0068760057
0.0041459030
0.0013645474
-0.0011449852
-0.0030717235
-0.0042614096
-0.0046980151
-0.0045051625
-0.0039235240
-0.0032541992
-0.0028513602
-0.0030799113
-0.0042246697
-0.0063878889
-0.0094172653
-0.0128970139
-0.0162820355
-0.0190300375
-0.0207085148
-0.0211274303
-0.0203093332
-0.0184625064
-0.0160271223
-0.0135483846
-0.0115410410
-0.0104001784
-0.0103404372
-0.0113374012
-0.0131874089
-0.0156716338
-0.0185857225
-0.0216680606
-0.0247006571
-0.0275923618
-0.0302912837
-0.0327356840
-0.0347597198
-0.0360873255
-0.0364802845
-0.0358740690
-0.0343388505
-0.0319340094
-0.0286884348
-0.0246772157
-0.0200534541
-0.0150521811
-0.0100262788
-0.0054732415
-0.0019018306
0.0003398584
0.0010373265
0.0000576771
-0.0025394685
-0.0064593660
-0.0112149466
-0.0161552599
-0.0205496472
-0.0237057687
-0.0251221921
-0.0245507796
-0.0220176833
-0.0178633881
-0.0126833657
-0.0071035568
-0.0015595070
0.0037825488
0.0088751250
0.0136463230
0.0180797168
0.0221748365
0.0258434822
0.0289530082
0.0314128388
0.0332225389
0.0343806420
0.0348076904
0.0344239173
0.0332303280
0.0313213101
0.0288737898
0.0260530966
0.0229749185
0.0197864830
0.0166792067
0.0137934156
0.0112075535
0.0089611796
0.0070745935
0.0055784643
0.0044676964
0.0036824429
0.0031797378
0.0030273216
0.0034164048
0.0045372763
0.0064539572
0.0090308335
0.0120005992
0.0151085238
0.0180968746
0.0207058474
0.0227643468
0.0242074621
0.0250957483
0.0255561332
0.0256757593
0.0254835900
0.0249690119
0.0241174172
0.0229515076
0.0214750688
0.0196398169
0.0174345731
0.0149619926
0.0123858778
0.0099151424
0.0077572991
0.0059302192
0.0042216842
0.0023538002
0.0001477984
-0.0024528731
-0.0054077259
-0.0085859963
-0.0118355525
-0.0149660830
-0.0177176663
-0.0197705741
-0.0208015491
-0.0205866042
-0.0190205774
-0.0162162196
-0.0125755103
-0.0086292586
-0.0048771170
-0.0017199172
0.0006037378
0.0020305017
0.0027002669
0.0029336994
0.0030034782
0.0030180887
0.0030329202
0.0030792203
0.0030870594
0.0029206529
0.0025034275
0.0018171285
0.0009349591
0.0000615330
-0.0005577429
-0.0007221299
-0.0003643140
0.0004133379
0.0014105281
0.0024159326
0.0031941468
0.0035118529
0.0033254466
0.0027647138
0.0020140218
0.0012595627
0.0006298445
0.0001638695
-0.0002159183
-0.0006440707
-0.0012377057
-0.0020785362
-0.0031887079
-0.0045561443
-0.0061104134
-0.0076926755
-0.0090850136
-0.0101020422
-0.0106578765
-0.0107361115
-0.0103587655
-0.0096004184
-0.0085786119
-0.0074739491
-0.0064892475
-0.0058114895
-0.0056088201
-0.0059482778
-0.0068264121
-0.0082059742
-0.0099757453
-0.0119471414
-0.0139035250
-0.0156096646
-0.0168013871
-0.0172386788
-0.0167819839
-0.0153961339
-0.0132655220
-0.0107897346
-0.0084099274
-0.0065641667
-0.0056181192
-0.0057258310
-0.0067798644
-0.0085016084
-0.0105331983
-0.0125181406
-0.0141861962
-0.0153509396
-0.0159107555
-0.0159102464
-0.0155105905
-0.0149034654
-0.0143003699
-0.0138954139
-0.0137519766
-0.0137828110
-0.0138431223
-0.0137786075
-0.0134150775
-0.0125851357
-0.0111967531
-0.0092596204
-0.0068766715
-0.0042472530
-0.0015938361
0.0008400741
0.0028105034
0.0041456950
0.0048022370
0.0048788880
0.0045662962
0.0041036407
0.0036823102
0.0034498893
0.0035638006
0.0041948222
0.0054779237
0.0074089121
0.0097771401
0.0122132726
0.0143693232
0.0160083806
0.0170080077
0.0174159053
0.0174173848
0.0171872489
0.0168406504
0.0164786956
0.0161577011
0.0158671277
0.0156141771
0.0153707736
0.0150254239
0.0144295692
0.0134860194
0.0122166102
0.0106935106
0.0089928060
0.0072581078
0.0057265751
0.0046132094
0.0040794300
0.0042256514
0.0049774618
0.0061445985
0.0075363274
0.0089564147
0.0101580716
0.0108345851
0.0106804258
0.0095012964
0.0072954216
0.0042393716
0.0006117219
-0.0032930586
-0.0072053680
-0.0108836131
-0.0141527290
-0.0169271662
-0.0192067722
-0.0210402879
-0.0224311464
-0.0233416121
-0.0236847424
-0.0232673413
-0.0218489901
-0.0192613222
-0.0154629202
-0.0105878658
-0.0049761781
0.0007580482
0.0057119759
0.0088367016
0.0093196010
0.0071372110
0.0033904614
-0.0003979853
-0.0030845247
-0.0039633786
-0.0028425384
-0.0002978655
0.0028174997
0.0059097500
0.0085778808
0.0104988479
0.0113931913
0.0110643729
0.0094411635
0.0066974695
0.0033042018
-0.0001761641
-0.0032906127
-0.0054820619
-0.0063175083
-0.0060183538
-0.0050942594
-0.0038235030
-0.0022727120
-0.0004717070
0.0015796760
0.0038980832
0.0064604321
0.0091870597
0.0118917560
0.0143299163
0.0162963083
0.0176233570
0.0181923588
0.0179616616
0.0169313262
0.0151601583
0.0128643387
0.0103903397
0.0080767140
0.0061991789
0.0049613526
0.0044310919
0.0044899193
0.0048626527
0.0052324706
0.0053420623
0.0050020345
0.0040605268
0.0024696197
0.0003868780
-0.0018591619
-0.0038799102
-0.0052924860
-0.0057491287
-0.0050510015
-0.0032165847
-0.0004432202
0.0029467961
0.0065453031
0.0098908917
0.0125298460
0.0140752773
0.0142236623
0.0128243923
0.0100265051
0.0061936700
0.0018045501
-0.0025933814
-0.0065409342
-0.0097678976
-0.0121534748
-0.0136663789
-0.0143513212
-0.0143848013
-0.0140499953
-0.0136303967
-0.0133452974
-0.0133019829
-0.0135322842
-0.0140009543
-0.0146196151
-0.0153187692
-0.0160760285
-0.0169182805
-0.0179061064
-0.0190459464
-0.0203047859
-0.0216301071
-0.0228879936
-0.0238798664
-0.0243621871
-0.0240993456
-0.0228953433
-0.0207187364
-0.0177325526
-0.0142037195
-0.0104507250
-0.0067913958
-0.0035558697
-0.0010982644
0.0003579551
0.0008203585
0.0004795566
-0.0004039557
-0.0015431877
-0.0026265431
-0.0033984050
-0.0037371121
-0.0035952652
-0.0029418141
-0.0017842845
-0.0002231957
0.0015482349
0.0033093949
0.0048657814
0.0060626343
0.0068060341
0.0070549336
0.0067599434
0.0059062209
0.0045759913
0.0028834614
0.0009280042
-0.0011772012
-0.0033325464
-0.0054807434
-0.0075368191
-0.0093725366
-0.0109083555
-0.0121351900
-0.0130377968
-0.0135516656
-0.0135820388
-0.0130379970
-0.0118700770
-0.0100896666
-0.0078200864
-0.0053190256
-0.0028851188
-0.0007371494
0.0009888424
0.0022535534
0.0032037230
0.0041087763
0.0051604321
0.0063599220
0.0076019344
0.0087755940
0.0097839893
0.0105980221
0.0112817111
0.0119524023
0.0127168633
0.0135937530
0.0145218377
0.0153823397
0.0160229101
0.0162849727
0.0160563468
0.0152927692
0.0140060542
0.0122828134
0.0102960000
0.0083096261
0.0065960325
0.0053102313
0.0044858768
0.0041197185
0.0042401670
0.0049208231
0.0061825781
0.0079266755
0.0099880077
0.0121800100
0.0142730209
0.0159953871
0.0170435069
0.0171171946
0.0160660636
0.0138942521
0.0107037844
0.0067488951
0.0023980507
-0.0020319115
-0.0063402447
-0.0102969269
-0.0135587890
-0.0157483023
-0.0166092351
-0.0160580090
-0.0141850735
-0.0112612331
-0.0076996422
-0.0039249644
-0.0002267816
0.0032095627
0.0061907632
0.0084844288
0.0098898038
0.0102438651
0.0094763059
0.0076685727
0.0050374554
0.0019202673
-0.0012637797
-0.0041395559
-0.0064415903
-0.0080670494
-0.0090863146
-0.0096154223
-0.0097018902
-0.0093407709
-0.0084676104
-0.0070293121
-0.0050235351
-0.0024834604
0.0005150933
0.0039049285
0.0075811518
0.0113479056
0.0149512054
0.0181078926
0.0205251746
0.0219049543
0.0219142273
0.0203337754
0.0172772415
0.0132695341
0.0090034105
0.0050611535
0.0018491161
-0.0004475573
-0.0018552299
-0.0025337642
-0.0027701967
-0.0029058201
-0.0031640451
-0.0036120967
-0.0042663903
-0.0051232141
-0.0061975210
-0.0075905510
-0.0093906343
-0.0115215029
-0.0137927280
-0.0159342316
-0.0175351310
-0.0180914745
-0.0171995679
-0.0147091595
-0.0107814798
-0.0058584201
-0.0005185044
0.0046399448
0.0091380797
0.0126650939
0.0149978487
0.0160048428
0.0156693362
0.0141228997
0.0116243759
0.0085084706
0.0051177225
0.0016772511
-0.0017453641
-0.0051386008
-0.0084285168
-0.0115078132
-0.0143396375
-0.0169134721
-0.0191610166
-0.0209897064
-0.0222835056
-0.0229027799
-0.0227876663
-0.0220197851
-0.0207237797
-0.0189971709
-0.0169296639
-0.0145751083
-0.0119150015
-0.0089292703
-0.0056799448
-0.0022877402
0.0010885837
0.0042294267
0.0069107130
0.0090173091
0.0105410092
0.0115351535
0.0120887772
0.0123232777
0.0123817613
0.0123346045
0.0121959103
0.0120250413
0.0119166246
0.0119124864
0.0119856562
0.0120903003
0.0121638139
0.0120986464
0.0117435321
0.0109477754
0.0096381848
0.0078626959
0.0057306002
0.0033782172
0.0009550525
-0.0013791275
-0.0034131033
-0.0049467013
-0.0058450828
-0.0060741613
-0.0056749101
-0.0047714808
-0.0036128490
-0.0024983933
-0.0016534029
-0.0011359037
-0.0008364616
-0.0006450720
-0.0005288174
-0.0004452031
-0.0003373667
-0.0001901348
-0.0000090815
0.0002531043
0.0006631192
0.0012246722
0.0018557886
0.0024636295
0.0030464076
0.0036705516
0.0043915980
0.0052088291
0.0059713754
0.0063274514
0.0059384522
0.0047381051
0.0029256623
0.0007992470
-0.0013841269
-0.0034058203
-0.0050681898
-0.0062754818
-0.0070521530
-0.0074181329
-0.0073532874
-0.0068580341
-0.0059555883
-0.0047320914
-0.0033482065
-0.0019676648
-0.0007030979
0.0003681479
0.0011854438
0.0017371699
0.0020126084
0.0019881375
0.0017012994
0.0012528689
0.0007027876
0.0000785187
-0.0005252274
-0.0009475066
-0.0010170012
-0.0006133959
0.0002764015
0.0015272135
0.0028973612
0.0041623924
0.0051831468
0.0059239749
0.0064215518
0.0067107806
0.0068327173
0.0068840603
0.0069806628
0.0071948810
0.0075404351
0.0079836274
0.0084729627
0.0089146798
0.0091722778
0.0091399943
0.0088060542
0.0082307863
0.0074830524
0.0066581627
0.0058506223
0.0050567498
0.0042091019
0.0032920465
0.0023760367
0.0015544188
0.0009015804
0.0004245239
0.0000672260
-0.0001504707
-0.0001383885
0.0001230453
0.0005963299
0.0012583678
0.0020255023
0.0027359563
0.0032421961
0.0034693404
0.0034555479
0.0033211760
0.0031897971
0.0030906250
0.0029247955
0.0025939898
0.0020216751
0.0011026459
-0.0002350551
-0.0019861324
-0.0040889880
-0.0064303374
-0.0088115458
-0.0110096967
-0.0127742678
-0.0138235016
-0.0138982859
-0.0128417024
-0.0106410537
-0.0074384238
-0.0034956732
0.0008276181
0.0051047726
0.0089273469
0.0120520248
0.0143729262
0.0158080305
0.0163532254
0.0161017500
0.0151033195
0.0133354718
0.0108433925
0.0078381101
0.0045632676
0.0011881591
-0.0021102405
-0.0050825496
-0.0075045878
-0.0093088746
-0.0105310182
-0.0112505329
-0.0115747083
-0.0116383920
-0.0115892596
-0.0115359324
-0.0115459233
-0.0116691655
-0.0119184522
-0.0121940653
-0.0122942012
-0.0120101767
-0.0112032890
-0.0098745041
-0.0081364552
-0.0061917510
-0.0043042967
-0.0027078654
-0.0015802474
-0.0009748673
-0.0008069717
-0.0009624634
-0.0013200977
-0.0017605007
-0.0021817068
-0.0024760498
-0.0025632684
-0.0024120093
-0.0019948305
-0.0012975501
-0.0003889569
0.0005888445
0.0015338264
0.0024235416
0.0032794359
0.0040994346
0.0048550681
0.0055864666
0.0064054862
0.0073417516
0.0083173369
0.0092377587
0.0099952355
0.0104881824
0.0106360887
0.0103292887
0.0094865319
0.0080286608
0.0058798162
0.0030304978
-0.0003452363
-0.0039457221
-0.0074919424
-0.0106884325
-0.0132111896
-0.0148055792
-0.0153589158
-0.0148863772
-0.0134420087
-0.0111198062
-0.0081291448
-0.0047898353
-0.0014521568
0.0016151979
0.0042593348
0.0064264994
0.0081822892
0.0096195910
0.0107699093
0.0116223786
0.0121874815
0.0124589389
0.0123934059
0.0119475156
0.0110932449
0.0098298363
0.0081659756
0.0061133767
0.0037172163
0.0010900053
-0.0015414293
-0.0039000309
-0.0058246875
-0.0072774587
-0.0082957319
-0.0089731592
-0.0094207813
-0.0097291434
-0.0099899920
-0.0103009041
-0.0107021570
-0.0111761054
-0.0116713282
-0.0120987856
-0.0123735675
-0.0124518025
-0.0123042139
-0.0118798025
-0.0111397403
-0.0100806547
-0.0086914062
-0.0070317054
-0.0053523013
-0.0040007238
-0.0032503781
-0.0031676746
-0.0036285757
-0.0044146825
-0.0052170751
-0.0057157138
-0.0056879167
-0.0050792077
-0.0040012956
-0.0026497577
-0.0012392222
0.0000034244
0.0008483163
0.0011632026
0.0009930051
0.0004804452
-0.0002135568
-0.0009164202
-0.0014585639
-0.0017281654
-0.0016527058
-0.0011773888
-0.0003151375
0.0008178364
0.0020636515
0.0033015897
0.0044246430
0.0052752586
0.0057301998
0.0057517874
0.0053301175
0.0044865165
0.0033624423
0.0021581118
0.0010101459
-0.0000114309
-0.0008759737
-0.0016167179
-0.0023330768
-0.0030896507
-0.0039146810
-0.0048232720
-0.0057586454
-0.0065489496
-0.0069391063
-0.0067371940
-0.0059476599
-0.0047137021
-0.0032146674
-0.0016534834
-0.0003001693
0.0005549392
0.0007431527
0.0002262203
-0.0009171203
-0.0025325114
-0.0043927990
-0.0061920425
-0.0076056462
-0.0083874477
-0.0084744770
-0.0079456044
-0.0069104475
-0.0055258115
-0.0040301771
-0.0026696456
-0.0015798096
-0.0007396711
-0.0000453337
0.0005752679
0.0011435635
0.0016690286
0.0021679331
0.0026713088
0.0032324109
0.0038958631
0.0046674373
0.0055701138
0.0066722658
0.0080258367
0.0096097088
0.0113384151
0.0130854018
0.0147181888
0.0161177068
0.0171524763
0.0176375732
0.0173552197
0.0161719260
0.0141338219
0.0114459310
0.0084128559
0.0053297955
0.0024329786
-0.0000785998
-0.0020585582
-0.0034545445
-0.0043302075
-0.0047950745
-0.0049286688
-0.0047826641
-0.0043570474
-0.0036261706
-0.0026194071
-0.0013998613
0.0000245005
0.0016846468
0.0035669319
0.0055790343
0.0075746159
0.0093667535
0.0107376432
0.0115396659
0.0117826909
0.0115604746
0.0109406825
0.0099651321
0.0086573255
0.0070778179
0.0053156750
0.0034019266
0.0013726921
-0.0006586803
-0.0025604417
-0.0041924671
-0.0054551873
-0.0062921305
-0.0066830922
-0.0066861687
-0.0064787257
-0.0063019170
-0.0063163638
-0.0065369874
-0.0068811361
-0.0071968827
-0.0072789861
-0.0069926510
-0.0063200278
-0.0053222631
-0.0041319653
-0.0029679881
-0.0020720647
-0.0015691694
-0.0014500990
-0.0016887224
-0.0022571477
-0.0030995573
-0.0040964847
-0.0050622370
-0.0058117941
-0.0062030169
-0.0062161061
-0.0059311679
-0.0054798688
-0.0050141794
-0.0046830286
-0.0045573105
-0.0046166731
-0.0047562464
-0.0047851270
-0.0044759598
-0.0036713157
-0.0023369514
-0.0005287430
0.0016498995
0.0040596457
0.0065021409
0.0087345379
0.0105118065
0.0116116609
0.0118327588
0.0110016813
0.0090371779
0.0060423260
0.0023105636
-0.0017762395
-0.0058074949
-0.0094284007
-0.0124077048
-0.0147121011
-0.0164069138
-0.0174949844
-0.0179628060
-0.0178101871
-0.0169932475
-0.0154395833
-0.0131435069
-0.0101599341
-0.0065642276
-0.0025357215
0.0016222742
0.0055234574
0.0088425326
0.0113867163
0.0130605245
0.0138667377
0.0139036643
0.0132847598
0.0121157955
0.0105065064
0.0085751438
0.0064361423
0.0042307222
0.0021177146
0.0002615806
-0.0012237332
-0.0023474971
-0.0031849134
-0.0037638344
-0.0040923299
-0.0042126092
-0.0041899128
-0.0040651973
-0.0038484956
-0.0035600758
-0.0032309563
-0.0028331885
-0.0022767023
-0.0015278940
-0.0006501479
0.0002940320
0.0012365256
0.0020510171
0.0026205037
0.0028786869
0.0027681093
0.0023105058
0.0016096406
0.0007581844
-0.0001593917
-0.0010026283
-0.0015808548
-0.0017646898
-0.0015399093
-0.0009247423
0.0000452882
0.0012673962
0.0026031713
0.0039023759
0.0050590082
0.0060186236
0.0067567190
0.0073127970
0.0077876027
0.0082402159
0.0086764241
0.0090819240
0.0093909259
0.0095197553
0.0094144586
0.0090227833
0.0082967588
0.0072419290
0.0059100981
0.0043867244
0.0028207820
0.0013349557
0.0000165323
-0.0010074358
-0.0016114265
-0.0016934677
-0.0012044553
-0.0001669505
0.0012995592
0.0029461316
0.0044534628
0.0055718936
0.0061439197
0.0060841871
0.0053617657
0.0040742661
0.0024290736
0.0006927940
-0.0008462954
-0.0019423762
-0.0024301515
-0.0022217133
-0.0013110027
0.0001558758
0.0019037705
0.0036625528
0.0051975327
0.0062858992
0.0067837242
0.0067117814
0.0061800194
0.0052721908
0.0040464468
0.0025832447
0.0009799259
-0.0007275113
-0.0025847664
-0.0045964823
-0.0066099659
-0.0084096315
-0.0098542698
-0.0108236542
-0.0111870929
-0.0108963498
-0.0100211659
-0.0086763849
-0.0069909931
-0.0051352720
-0.0032875366
-0.0015893815
-0.0001260794
0.0011284122
0.0022750226
0.0033966574
0.0045541208
0.0057757814
0.0070696459
0.0084251531
0.0097504569
0.0109326628
0.0119055632
0.0125701232
0.0127679495
0.0123743290
0.0113697282
0.0098306283
0.0078631485
0.0056148251
0.0033147350
0.0011722836
-0.0006909703
-0.0022041251
-0.0033526606
-0.0041571964
-0.0046543916
-0.0049503608
-0.0051913928
-0.0054510708
-0.0057453821
-0.0060856623
-0.0064282444
-0.0066727488
-0.0067606658
-0.0067047799
-0.0065340197
-0.0063155153
-0.0061515304
-0.0060657543
-0.0060294065
-0.0060303900
-0.0060253945
-0.0059140623
-0.0056402333
-0.0052243682
-0.0046997774
-0.0040521986
-0.0032607020
-0.0023405888
-0.0012967064
-0.0001341976
0.0011478837
0.0025696285
0.0041013101
0.0055625553
0.0066917821
0.0073367083
0.0074716167
0.0071301443
0.0063576592
0.0052284151
0.0038770103
0.0024760790
0.0011556406
0.0000165212
-0.0008358698
-0.0013542014
-0.0015722159
-0.0015096240
-0.0011408104
-0.0004206589
0.0006145086
0.0018245321
0.0030735829
0.0042701834
0.0053308442
0.0061769168
0.0067822621
0.0071843635
0.0074192904
0.0075590507
0.0077173309
0.0079655297
0.0082963324
0.0086341061
0.0088985011
0.0090592224
0.0090916931
0.0089305366
0.0085349667
0.0079006320
0.0070236683
0.0058618055
0.0043585573
0.0025566163
0.0006233751
-0.0012854030
-0.0030802515
-0.0046473031
-0.0058711003
-0.0067142226
-0.0071904295
-0.0073714852
-0.0073703408
-0.0072640823
-0.0070914293
-0.0069051736
-0.0068017218
-0.0069148382
-0.0073331357
-0.0079854594
-0.0087106310
-0.0094045938
-0.0099997610
-0.0104495936
-0.0107228134
-0.0107539003
-0.0105006711
-0.0100030812
-0.0093203059
-0.0084527066
-0.0073229751
-0.0058064636
-0.0038215322
-0.0014324212
0.0011183899
0.0035625709
0.0056793747
0.0072451448
0.0081121218
0.0082653630
0.0077609151
0.0066791672
0.0051864495
0.0034928517
0.0017766124
0.0001542038
-0.0013240592
-0.0026469353
-0.0038075436
-0.0048355562
-0.0057674092
-0.0065388238
-0.0070150915
-0.0071275421
-0.0068394838
-0.0061224800
-0.0049659217
-0.0033680544
-0.0014505659
0.0005636182
0.0024755459
0.0041666952
0.0055671156
0.0066209577
0.0072965878
0.0076336957
0.0076719756
0.0074293205
0.0069873162
0.0064412248
0.0058369326
0.0052288197
0.0046726721
0.0042328553
0.0039577518
0.0038526121
0.0038883590
0.0039833453
0.0039558119
0.0035373916
0.0025426081
0.0010349140
-0.0007423833
-0.0025500465
-0.0041974700
-0.0055088887
-0.0063401359
-0.0066122025
-0.0063325469
-0.0055694002
-0.0044193516
-0.0029947422
-0.0014520563
0.0000093551
0.0012434427
0.0021677173
0.0027030148
0.0027607327
0.0023249196
0.0015105408
0.0004442776
-0.0007615990
-0.0019244643
-0.0028842037
-0.0035570193
-0.0038925790
-0.0039366759
-0.0038412313
-0.0037603963
-0.0037763331
-0.0038846763
-0.0040360150
-0.0041890382
-0.0043359193
-0.0044529058
-0.0044641326
-0.0042590898
-0.0037309565
-0.0028319296
-0.0016495766
-0.0004106851
0.0006620035
0.0014545418
0.0018983751
0.0019347425
0.0015747741
0.0008901116
0.0000205869
-0.0008099389
-0.0014077235
-0.0017193271
-0.0018152595
-0.0017630741
-0.0015752880
-0.0012585053
-0.0008597654
-0.0004557841
-0.0000841202
0.0002694058
0.0006102246
0.0009585558
0.0013791692
0.0019036660
0.0025116892
0.0032163336
0.0040264000
0.0049393255
0.0059435521
0.0069688877
0.0078963806
0.0085632860
0.0087857155
0.0083973995
0.0072986852
0.0054863046
0.0030478018
0.0002381988
-0.0025536621
-0.0049633195
-0.0067227993
-0.0076502574
-0.0076947294
-0.0069695187
-0.0057246996
-0.0042503394
-0.0027533700
-0.0013720076
-0.0001653633
0.0008723977
0.0017772943
0.0026004256
0.0033757055
0.0040588593
0.0045619535
0.0048769690
0.0050453228
0.0051027622
0.0050936285
0.0050646433
0.0050540475
0.0050904693
0.0051848743
0.0053136080
0.0054004197
0.0053095525
0.0048619347
0.0038913858
0.0023198279
0.0001637624
-0.0024391390
-0.0051659411
-0.0075880315
-0.0092988880
-0.0100149520
-0.0097132867
-0.0086305988
-0.0070591414
-0.0052208261
-0.0033519757
-0.0017482034
-0.0006399390
-0.0001209508
-0.0001580820
-0.0006202895
-0.0013551444
-0.0022092681
-0.0030195634
-0.0036513399
-0.0040659957
-0.0042599114
-0.0041345505
-0.0035507410
-0.0024655280
-0.0009614469
0.0007611003
0.0024383605
0.0038776356
0.0049445603
0.0055167910
0.0055738256
0.0052106915
0.0045439906
0.0036842383
0.0027514671
0.0018964578
0.0012763811
0.0009579618
0.0008748188
0.0008982058
0.0009163740
0.0008373027
0.0005802399
0.0001377924
-0.0004170554
-0.0010269826
-0.0016155556
-0.0020674251
-0.0023189620
-0.0024290662
-0.0025244468
-0.0027350686
-0.0031023718
-0.0035741758
-0.0040718850
-0.0044683535
-0.0046024874
-0.0043619341
-0.0037427964
-0.0028196415
-0.0016967717
-0.0005097010
0.0005938352
0.0014825544
0.0020314751
0.0021134127
0.0016829502
0.0008001151
-0.0004561610
-0.0019905374
-0.0036613757
-0.0052857848
-0.0066944800
-0.0077938079
-0.0085713580
-0.0090182055
-0.0091404730
-0.0090023879
-0.0086848529
-0.0082686919
-0.0078648673
-0.0075755863
-0.0074214835
-0.0073301071
-0.0072023003
-0.0069660897
-0.0065667950
-0.0059302105
-0.0050061162
-0.0038359643
-0.0025889599
-0.0014598915
-0.0005932687
-0.0000544384
0.0001674630
0.0001109428
-0.0001846546
-0.0006665669
-0.0012283449
-0.0017278373
-0.0020292284
-0.0019878765
-0.0015217341
-0.0006798924
0.0004250450
0.0016570137
0.0028613655
0.0038924197
0.0046393878
0.0050520110
0.0051573818
0.0051092981
0.0051639307
0.0055143803
0.0061791883
0.0071039310
0.0082804713
0.0096635451
0.0111011079
0.0123754735
0.0132428378
0.0135171585
0.0131766042
0.0123276683
0.0110902162
0.0095918591
0.0080077085
0.0064934075
0.0050965309
0.0037852336
0.0024819430
0.0010576365
-0.0005763710
-0.0024212501
-0.0044225456
-0.0064641744
-0.0084230731
-0.0101938581
-0.0116995866
-0.0129483829
-0.0139678527
-0.0147013225
-0.0150050982
-0.0147446022
-0.0138633305
-0.0123908733
-0.0103900308
-0.0079640372
-0.0053272586
-0.0027535836
-0.0004189707
0.0016361045
0.0034310118
0.0049661436
0.0061748107
0.0069956753
0.0074147823
0.0074284154
0.0070571572
0.0063429469
0.0053510089
0.0041594522
0.0028423026
0.0015219765
0.0003447928
-0.0006183718
-0.0013744566
-0.0019535499
-0.0023656867
-0.0026049232
-0.0026921819
-0.0026586917
-0.0024428939
-0.0019428532
-0.0011618910
-0.0001770742
0.0009107293
0.0019556613
0.0028051420
0.0033705047
0.0036482286
0.0036886933
0.0035773859
0.0034116673
0.0032682818
0.0031557447
0.0030305156
0.0028352671
0.0024648661
0.0018004319
0.0008246391
-0.0003236262
-0.0014486482
-0.0023953297
-0.0030613249
-0.0033993671
-0.0034190448
-0.0031926164
-0.0028450854
-0.0025521452
-0.0025168322
-0.0028384407
-0.0034773997
-0.0043156806
-0.0052143076
-0.0060600278
-0.0067378467
-0.0071400526
-0.0072158246
-0.0069773252
-0.0064759625
-0.0057930002
-0.0050268770
-0.0042576425
-0.0034990722
-0.0027096708
-0.0018630268
-0.0009728691
-0.0000410451
0.0009378942
0.0019113764
0.0028024606
0.0036046626
0.0043964629
0.0052272358
0.0060882862
0.0069567471
0.0077703274
0.0084423588
0.0088733235
0.0089452532
0.0086153121
0.0079377108
0.0069945265
0.0059140144
0.0048491762
0.0038997467
0.0030918717
0.0024223985
0.0018646826
0.0013411048
0.0008025645
0.0002890756
-0.0001306920
-0.0004162453
-0.0005624429
-0.0005686642
-0.0004007863
-0.0000122123
0.0005983921
0.0013341773
0.0020200077
0.0025375530
0.0028848107
0.0031051976
0.0032592704
0.0033821418
0.0035116701
0.0036912920
0.0039675865
0.0044081205
0.0050382561
0.0058006152
0.0065937349
0.0072785597
0.0076609490
0.0075572100
0.0069140636
0.0057926346
0.0042411953
0.0022978652
0.0000908609
-0.0021778074
-0.0042971051
-0.0061043649
-0.0074911331
-0.0083816167
-0.0087837182
-0.0087904281
-0.0084798641
-0.0079073289
-0.0071221724
-0.0062079036
-0.0052648194
-0.0043228348
-0.0033351721
-0.0022542326
-0.0010559029
0.0002421040
0.0015904872
0.0029248185
0.0041523871
0.0051852790
0.0060257556
0.0067506139
0.0074102176
0.0080004546
0.0084931709
0.0088633804
0.0091109570
0.0092606822
0.0093429858
0.0094243233
0.0095928121
0.0099043595
0.0103465945
0.0108293285
0.0112131233
0.0113236984
0.0110321677
0.0102865356
0.0090884512
0.0074857808
0.0055625597
0.0034582267
0.0013703292
-0.0004809526
-0.0019443135
-0.0030049168
-0.0037378831
-0.0042824894
-0.0047388187
-0.0050889550
-0.0053416750
-0.0056162785
-0.0060286450
-0.0066135776
-0.0073660415
-0.0082468823
-0.0092087692
-0.0101855903
-0.0110439210
-0.0116308857
-0.0118428977
-0.0116337054
-0.0110171813
-0.0100252910
-0.0086736348
-0.0070237901
-0.0052123625
-0.0033814656
-0.0016309615
-0.0000322220
0.0013684516
0.0025720510
0.0036061230
0.0044779528
0.0051384485
0.0055170912
0.0055730075
0.0053025162
0.0047189108
0.0038219504
0.0026613234
0.0013935399
0.0001663507
-0.0009598512
-0.0019399755
-0.0027175692
-0.0032870445
-0.0037057254
-0.0040421462
-0.0043260262
-0.0045501784
-0.0047015354
-0.0047836258
-0.0048300341
-0.0048676134
-0.0048961372
-0.0048996576
-0.0048538802
-0.0047293282
-0.0045025864
-0.0041822691
-0.0038269145
-0.0034756021
-0.0030908456
-0.0026671509
-0.0023168393
-0.0021789292
-0.0022891806
-0.0025913615
-0.0029781592
-0.0033248735
-0.0034939605
-0.0033889101
-0.0029967313
-0.0023686148
-0.0016010896
-0.0008126547
-0.0001366493
0.0003153759
0.0005216583
0.0005508902
0.0005323229
0.0006141892
0.0009013367
0.0014050261
0.0020862169
0.0028572259
0.0036019947
0.0042510709
0.0047624428
0.0050834982
0.0051797352
0.0050582685
0.0047311123
0.0042122894
0.0035457764
0.0027838281
0.0019727756
0.0011660919
0.0004105524
-0.0002307918
-0.0006460393
-0.0007008530
-0.0003113496
0.0004790431
0.0015109947
0.0026170730
0.0036342687
0.0043908408
0.0047738654
0.0047996305
0.0045936844
0.0042990680
0.0040051597
0.0037712497
0.0036351429
0.0036102917
0.0036742082
0.0038152570
0.0040596139
0.0043681392
0.0046416941
0.0048365178
0.0049431244
0.0049104927
0.0047023230
0.0043459785
0.0038618429
0.0032499230
0.0025211536
0.0016890784
0.0007782707
-0.0001571208
-0.0010726482
-0.0019700098
-0.0028534628
-0.0037085752
-0.0045146661
-0.0052043036
-0.0056856713
-0.0058926705
-0.0057336941
-0.0050886547
-0.0038707747
-0.0020866621
0.0001096180
0.0024623906
0.0046972840
0.0065630223
0.0078172971
0.0082848663
0.0079460787
0.0068662192
0.0051730296
0.0031384972
0.0011783022
-0.0003095605
-0.0011212653
-0.0011890651
-0.0005573678
0.0005985104
0.0020311222
0.0035054123
0.0047815806
0.0056194725
0.0059088797
0.0056749362
0.0050880368
0.0044066802
0.0037518331
0.0030914444
0.0023635214
0.0015152217
0.0005041324
-0.0006648759
-0.0019071729
-0.0031133418
-0.0042207260
-0.0052077543
-0.0060521908
-0.0066798939
-0.0069690008
-0.0068610236
-0.0064146504
-0.0057390203
-0.0049212495
-0.0040344281
-0.0031689796
-0.0023786693
-0.0016545895
-0.0010439298
-0.0006490514
-0.0005195174
-0.0006365640
-0.0009594753
-0.0014304639
-0.0019455854
-0.0024191131
-0.0027958229
-0.0030071609
-0.0030081504
-0.0027830122
-0.0023174337
-0.0016206912
-0.0007478470
0.0001710480
0.0009906779
0.0016487024
0.0021534027
0.0025592833
0.0028980636
0.0031378162
0.0032389934
0.0032068082
0.0030811553
0.0029100449
0.0027668473
0.0027669048
0.0029760479
0.0033305965
0.0037661720
0.0042717996
0.0048024459
0.0052447505
0.0054736114
0.0054649955
0.0052472526
0.0048153610
0.0041886827
0.0034037294
0.0024891730
0.0015091453
0.0005774324
-0.0002141486
-0.0008256560
-0.0012100465
-0.0013252267
-0.0011877144
-0.0007788921
-0.0000667362
0.0008692107
0.0019058352
0.0029345341
0.0038545302
0.0045482638
0.0048405864
0.0045379116
0.0035784981
0.0020798055
0.0002534475
-0.0017006968
-0.0035943988
-0.0051708408
-0.0062057888
-0.0066598685
-0.0065869292
-0.0060509115
-0.0052025848
-0.0042609431
-0.0033961222
-0.0026806892
-0.0021490495
-0.0018361191
-0.0017034908
-0.0016455054
-0.0015892157
-0.0015196785
-0.0014361747
-0.0012959196
-0.0010774404
-0.0008493193
-0.0006658741
-0.0004641886
-0.0001395958
0.0003132119
0.0008582489
0.0014995081
0.0022202816
0.0029703671
0.0037279905
0.0044776874
0.0051626253
0.0057318926
0.0061449118
0.0063572850
0.0063512321
0.0061378842
0.0057290554
0.0051473168
0.0043842962
0.0033970960
0.0022280564
0.0010116689
-0.0001563442
-0.0012487180
-0.0022016778
-0.0029234857
-0.0033491207
-0.0034577842
-0.0032898503
-0.0028994225
-0.0023436900
-0.0016687918
-0.0008828795
-0.0000427048
0.0007115406
0.0012291999
0.0014467157
0.0013911475
0.0010863631
0.0005378075
-0.0001879189
-0.0009538549
-0.0016878343
-0.0024121690
-0.0031220134
-0.0037713459
-0.0042862986
-0.0046280131
-0.0048241640
-0.0049344475
-0.0049918695
-0.0049830621
-0.0048938614
-0.0047699100
-0.0046612365
-0.0045841198
-0.0045478460
-0.0045355357
-0.0045615444
-0.0046817188
-0.0048930738
-0.0051614678
-0.0054573282
-0.0056940044
-0.0057338028
-0.0055323736
-0.0051486223
-0.0046230089
-0.0039985272
-0.0033734180
-0.0028637192
-0.0025634072
-0.0025208943
-0.0027085769
-0.0030303646
-0.0033524896
-0.0035576350
-0.0036019447
-0.0034885173
-0.0032204544
-0.0028249185
-0.0023897716
-0.0020167767
-0.0017609428
-0.0016701303
-0.0017863902
-0.0020437362
-0.0022969074
-0.0024690288
-0.0025512336
-0.0025161099
-0.0023534343
-0.0020969359
-0.0017754419
-0.0014503509
-0.0012591419
-0.0013081703
-0.0015755373
-0.0019817513
-0.0024752444
-0.0030465843
-0.0036620141
-0.0042434702
-0.0047165610
-0.0049713305
-0.0048814336
-0.0043963759
-0.0035488660
-0.0023751407
-0.0009307926
0.0006456137
0.0021765142
0.0035029550
0.0044809727
0.0050119254
0.0050772800
0.0047275963
0.0040268021
0.0030541423
0.0019267902
0.0007963554
-0.0001929976
-0.0009461863
-0.0014389536
-0.0016944616
-0.0017070321
-0.0014885711
-0.0011222992
-0.0006578779
-0.0000631522
0.0006775948
0.0015230461
0.0024041441
0.0032712378
0.0040630294
0.0046668412
0.0049868914
0.0049944064
0.0047181797
0.0042229261
0.0036072631
0.0029804364
0.0024099167
0.0018850052
0.0013917911
0.0009509212
0.0005855735
0.0003341077
0.0001955247
0.0001197283
0.0000859425
0.0001234752
0.0002777870
0.0005817521
0.0010290056
0.0015497658
0.0020433346
0.0024319343
0.0026777098
0.0027884876
0.0027856361
0.0026651623
0.0024126290
0.0020463484
0.0016459210
0.0013157788
0.0011156245
0.0010851377
0.0013011888
0.0018035750
0.0024901103
0.0031651286
0.0036756724
0.0039579545
0.0039846999
0.0037251394
0.0031451710
0.0022586737
0.0011504532
-0.0000718392
-0.0013164207
-0.0025013493
-0.0035452538
-0.0043720860
-0.0049011545
-0.0050558926
-0.0048381366
-0.0043354193
-0.0036385801
-0.0027886290
-0.0018112836
-0.0007369166
0.0004081063
0.0015705580
0.0026685099
0.0036013472
0.0042739775
0.0046222952
0.0046266380
0.0043346469
0.0037795645
0.0029590593
0.0019021291
0.0007348992
-0.0003818018
-0.0013293241
-0.0020377516
-0.0024991539
-0.0027641786
-0.0028385086
-0.0026483922
-0.0021807895
-0.0015738703
-0.0009642484
-0.0004144896
-0.0000188751
0.0001452608
0.0000995921
-0.0000963568
-0.0003917557
-0.0007043476
-0.0009209413
-0.0010147084
-0.0010433576
-0.0010500645
-0.0010460864
-0.0010380910
-0.0010340294
-0.0010342609
-0.0010311626
-0.0010149638
-0.0009798562
-0.0009282187
-0.0008753149
-0.0008526568
-0.0008922582
-0.0009734491
-0.0010590664
-0.0011516494
-0.0012550263
-0.0013358669
-0.0013367712
-0.0012490531
-0.0011493932
-0.0010969981
-0.0010706038
-0.0010327405
-0.0009713565
-0.0008880891
-0.0007936249
-0.0007203675
-0.0007239814
-0.0008272147
-0.0009678479
-0.0010659086
-0.0010981312
-0.0010560800
-0.0009089813
-0.0006307644
-0.0002423055
0.0001682089
0.0005084077
0.0007631603
0.0009572378
0.0011279649
0.0013317552
0.0016202012
0.0019654973
0.0022865144
0.0024886747
0.0025145020
0.0023872804
0.0021753323
0.0019399864
0.0017044556
0.0015046363
0.0014101808
0.0014595082
0.0016536305
0.0019802753
0.0024147077
0.0028977094
0.0032854566
0.0034321171
0.0032345588
0.0027107974
0.0020759784
0.0015402252
0.0011510676
0.0008959496
0.0008115037
0.0009271030
0.0012157613
0.0016092729
0.0019835881
0.0021665863
0.0020764801
0.0017812058
0.0013642328
0.0008760943
0.0003605821
-0.0001394923
-0.0005438151
-0.0007569177
-0.0007467457
-0.0005776452
-0.0003718371
-0.0002597157
-0.0003096102
-0.0004927455
-0.0007743675
-0.0011352649
-0.0015099534
-0.0018248549
-0.0020599376
-0.0021920045
-0.0021493480
-0.0018905085
-0.0014499523
-0.0009079130
-0.0003403249
0.0001975723
0.0006605166
0.0010214445
0.0012842264
0.0014517665
0.0015239764
0.0015105212
0.0014062636
0.0011919597
0.0008672116
0.0004876795
0.0001635323
-0.0000451887
-0.0001652944
-0.0002671336
-0.0004266342
-0.0006477677
-0.0008850243
-0.0011097962
-0.0013260914
-0.0015558735
-0.0018480909
-0.0022639751
-0.0027983798
-0.0033443445
-0.0037964547
-0.0041196737
-0.0042641567
-0.0041406164
-0.0036734036
-0.0028351571
-0.0016953802
-0.0003986269
0.0009206219
0.0021428939
0.0031429139
0.0038533388
0.0042888973
0.0044713908
0.0044243297
0.0041948330
0.0038300715
0.0033446557
0.0027386829
0.0020411075
0.0012954819
0.0005564513
-0.0000961041
-0.0005942429
-0.0008880560
-0.0009463726
-0.0007980499
-0.0004948729
-0.0001062970
0.0002523715
0.0005389528
0.0008144340
0.0010582627
0.0011738937
0.0010970055
0.0008304074
0.0004545448
0.0000637419
-0.0003040238
-0.0006267558
-0.0008516804
-0.0009141448
-0.0007754719
-0.0004572649
-0.0000291505
0.0004339781
0.0008891304
0.0012803405
0.0015098359
0.0015103781
0.0012647283
0.0007702497
0.0000672969
-0.0007235706
-0.0014352518
-0.0019217020
-0.0021139092
-0.0020182423
-0.0016996472
-0.0012675759
-0.0008543822
-0.0005613589
-0.0004546010
-0.0005819957
-0.0008985382
-0.0012896936
-0.0016964880
-0.0020562993
-0.0022450806
-0.0021747771
-0.0018510673
-0.0013393590
-0.0007657738
-0.0002907907
-0.0000403344
-0.0000884777
-0.0004106445
-0.0009026373
-0.0014347183
-0.0018948321
-0.0022097289
-0.0023559542
-0.0023446139
-0.0021722328
-0.0018198190
-0.0012963087
-0.0006441912
0.0001025529
0.0008830531
0.0015702138
0.0020819590
0.0024455378
0.0026976490
0.0028198282
0.0027858732
0.0025655138
0.0021137408
0.0014133352
0.0005014532
-0.0005515690
-0.0016712152
-0.0028104912
-0.0039244143
-0.0049560351
-0.0058840937
-0.0066914862
-0.0073445931
-0.0078117315
-0.0080708395
-0.0080671843
-0.0077668810
-0.0072027485
-0.0064178356
-0.0054571977
-0.0043837479
-0.0032644999
-0.0021860439
-0.0012250591
-0.0004079618
0.0002716206
0.0008302033
0.0012909542
0.0016752259
0.0020317679
0.0023692719
0.0026282741
0.0027784253
0.0028577499
0.0029383651
0.0030892691
0.0033037284
0.0035283749
0.0037346665
0.0038793258
0.0038840501
0.0037112452
0.0033821022
0.0029589149
0.0025088268
0.0020303071
0.0015290389
0.0010721369
0.0006901849
0.0003830619
0.0001344706
-0.0001099672
-0.0003892853
-0.0006967160
-0.0010242695
-0.0013634156
-0.0016965507
-0.0019868517
-0.0021964178
-0.0022917488
-0.0022657540
-0.0021283239
-0.0018909815
-0.0015901278
-0.0012880861
-0.0010329206
-0.0008545232
-0.0007507756
-0.0006773716
-0.0005282765
-0.0002003047
0.0003152313
0.0009982608
0.0018354986
0.0027557032
0.0036610141
0.0044654685
0.0051044679
0.0055374822
0.0057588803
0.0057587585
0.0055320254
0.0050976100
0.0044815645
0.0037091417
0.0028352184
0.0019118994
0.0009989370
0.0001964197
-0.0004305253
-0.0009032622
-0.0012483551
-0.0014138152
-0.0013610528
-0.0012072324
-0.0011081470
-0.0010862104
-0.0010818546
-0.0010484588
-0.0009541991
-0.0007649431
-0.0004674239
-0.0001072990
0.0002242842
0.0004974050
0.0007217187
0.0008611953
0.0008825218
0.0007861834
0.0005731701
0.0002514410
-0.0001440280
-0.0005767627
-0.0009957143
-0.0013376532
-0.0015570079
-0.0016031517
-0.0014436275
-0.0010882429
-0.0005691128
0.0000850604
0.0008000663
0.0014313015
0.0018241448
0.0019167026
0.0017558494
0.0014213167
0.0009858782
0.0004863649
-0.0000795339
-0.0006835785
-0.0012592651
-0.0017475059
-0.0021100560
-0.0023362451
-0.0024478750
-0.0024752879
-0.0024593894
-0.0023964224
-0.0022149080
-0.0018384067
-0.0012440445
-0.0004948751
0.0002912626
0.0010329528
0.0016924246
0.0022144102
0.0025391744
0.0026982687
0.0027991261
0.0029143946
0.0030512878
0.0031869368
0.0033281627
0.0034944183
0.0036114827
0.0035571790
0.0033211025
0.0030066278
0.0026928455
0.0023700338
0.0020255732
0.0017239858
0.0015423217
0.0014746739
0.0014646355
0.0014777495
0.0015017195
0.0015195035
0.0015052103
0.0014333920
0.0012880953
0.0010753979
0.0008342758
0.0006023293
0.0003998096
0.0002802577
0.0003064572
0.0004930879
0.0008199234
0.0012366000
0.0016788607
0.0021125546
0.0025011587
0.0027777477
0.0029082782
0.0028957904
0.0027293864
0.0024324020
0.0020906815
0.0017987309
0.0016268254
0.0015698848
0.0015501009
0.0014794183
0.0012822617
0.0008981231
0.0003095474
-0.0004467749
-0.0013157118
-0.0022665307
-0.0033007237
-0.0043770032
-0.0053847501
-0.0062175726
-0.0067916090
-0.0070317228
-0.0069264696
-0.0065373443
-0.0059528121
-0.0052339240
-0.0043912586
-0.0034395937
-0.0023976108
-0.0013233443
-0.0003378354
0.0004470956
0.0009933123
0.0013297127
0.0015032295
0.0015553078
0.0014988141
0.0013127855
0.0009709327
0.0004823429
-0.0000968629
-0.0007074411
-0.0013126145
-0.0018857006
-0.0024026646
-0.0028512079
-0.0032137118
-0.0034571014
-0.0036089088
-0.0037200991
-0.0037802690
-0.0037184508
-0.0034429348
-0.0029088043
-0.0021943661
-0.0014375528
-0.0007115584
-0.0000425690
0.0005410676
0.0010509600
0.0015011321
0.0018736753
0.0021503197
0.0022994787
0.0023132046
0.0022747341
0.0023122185
0.0024780285
0.0027191318
0.0029350066
0.0030391546
0.0029688336
0.0027087013
0.0023128830
0.0018363402
0.0012879103
0.0006995131
0.0001264210
-0.0003902284
-0.0007784435
-0.0009604539
-0.0009184118
-0.0006886662
-0.0003276069
0.0000690005
0.0003744533
0.0004947907
0.0003788281
0.0000141700
-0.0005506487
-0.0012224060
-0.0018589891
-0.0023324763
-0.0026087908
-0.0026911023
-0.0025681925
-0.0022656265
-0.0018333190
-0.0013005109
-0.0007135544
-0.0001376121
0.0003778179
0.0008047094
0.0011077010
0.0012099521
0.0010596799
0.0007082448
0.0002931524
-0.0000168657
-0.0001410348
-0.0001307682
-0.0000553956
0.0000939075
0.0003235780
0.0006189027
0.0009684593
0.0013355563
0.0016921435
0.0020546893
0.0024266842
0.0027789322
0.0030630324
0.0032366345
0.0033151479
0.0033488875
0.0033662724
0.0033699268
0.0033557441
0.0033172997
0.0032450258
0.0031328168
0.0029914873
0.0028537322
0.0027289970
0.0025773541
0.0023678903
0.0021160066
0.0018368206
0.0015250255
0.0012209761
0.0010046352
0.0009039171
0.0008765834
0.0008775437
0.0008853711
0.0008811263
0.0008396294
0.0007397120
0.0005783040
0.0003788127
0.0001665096
-0.0000680804
-0.0003252090
-0.0005433578
-0.0006577765
-0.0007002746
-0.0007306100
-0.0008166258
-0.0010184185
-0.0013178802
-0.0016585816
-0.0019760148
-0.0021971997
-0.0022357533
-0.0020339415
-0.0015895382
-0.0009617489
-0.0002737530
0.0003708829
0.0009098077
0.0012782214
0.0014246133
0.0013538346
0.0011132787
0.0007662711
0.0004077628
0.0001365799
0.0000043453
0.0000309491
0.0002075462
0.0005080061
0.0009287143
0.0014364998
0.0019522680
0.0024142708
0.0028101857
0.0031608585
0.0034746100
0.0037245172
0.0038754038
0.0039034886
0.0038209996
0.0036576891
0.0034446902
0.0031941533
0.0028758785
0.0024754698
0.0020263164
0.0015421285
0.0009696590
0.0002379223
-0.0006482838
-0.0016317322
-0.0026775392
-0.0037338058
-0.0047082149
-0.0055026444
-0.0060091069
-0.0061453818
-0.0059031314
-0.0053484023
-0.0045677540
-0.0036725616
-0.0027787403
-0.0019417057
-0.0011883684
-0.0005790041
-0.0001535040
0.0001062366
0.0001997766
0.0001047125
-0.0001746980
-0.0005999116
-0.0010912842
-0.0015881892
-0.0020801110
-0.0025390516
-0.0029255431
-0.0031881622
-0.0032557552
-0.0031135442
-0.0028285185
-0.0024658396
-0.0020455012
-0.0015912500
-0.0011551624
-0.0007783565
-0.0004385019
-0.0001345968
0.0000725652
0.0001576273
0.0001742075
0.0001929634
0.0002608390
0.0004122028
0.0006664790
0.0010020370
0.0013567736
0.0016910417
0.0020043720
0.0022621410
0.0023837844
0.0023602152
0.0022288462
0.0020291423
0.0018055101
0.0016321286
0.0015236962
0.0014074533
0.0012165285
0.0009334122
0.0005734691
0.0001481428
-0.0003135899
-0.0007569855
-0.0011564900
-0.0015348451
-0.0018888763
-0.0021408522
-0.0022539929
-0.0022812983
-0.0022698966
-0.0022274851
-0.0021587954
-0.0020874545
-0.0020553851
-0.0021108593
-0.0022541430
-0.0024480669
-0.0026862882
-0.0029614087
-0.0032544267
-0.0035586868
-0.0038772758
-0.0042080667
-0.0045126775
-0.0047309121
-0.0048274494
-0.0047926464
-0.0045976050
-0.0042019568
-0.0036076290
-0.0028718112
-0.0020660314
-0.0012672461
-0.0005472558
0.0000610310
0.0005355426
0.0008479164
0.0009965106
0.0010105554
0.0009378777
0.0008414640
0.0007414082
0.0006213225
0.0004520723
0.0001884303
-0.0001406058
-0.0004501464
-0.0007389139
-0.0010382812
-0.0013211359
-0.0015440179
-0.0016788346
-0.0017249157
-0.0016833993
-0.0015637723
-0.0014187571
-0.0012476266
-0.0010300861
-0.0008119128
-0.0006370196
-0.0005047207
-0.0003673153
-0.0001615415
0.0001399892
0.0005020289
0.0008543204
0.0011963107
0.0015629638
0.0019117015
0.0021632735
0.0022993547
0.0023325272
0.0022468430
0.0020510593
0.0017771337
0.0014442719
0.0010946183
0.0007692114
0.0004480616
0.0000869354
-0.0003466588
-0.0008624481
-0.0014374097
-0.0019979444
-0.0024578246
-0.0028082802
-0.0031121134
-0.0034226343
-0.0037171645
-0.0039346011
-0.0040348876
-0.0039861207
-0.0037611039
-0.0033656680
-0.0028522261
-0.0022479095
-0.0015301664
-0.0007193858
0.0001062399
0.0008679440
0.0015058713
0.0019460893
0.0021358328
0.0020997234
0.0018745900
0.0014783382
0.0009664663
0.0004467344
0.0000158464
-0.0002770440
-0.0004340938
-0.0004894392
-0.0004566248
-0.0003143540
-0.0000365997
0.0003716677
0.0008490308
0.0013292588
0.0018055819
0.0022714971
0.0027017150
0.0030648691
0.0033258338
0.0035126283
0.0036720424
0.0037863685
0.0038043792
0.0037312472
0.0036153768
0.0034710200
0.0032317904
0.0028157491
0.0022143310
0.0015068708
0.0008098654
0.0002238130
-0.0001857372
-0.0003540726
-0.0002682284
0.0000358057
0.0005064443
0.0010571839
0.0015921251
0.0020459015
0.0023906384
0.0026218496
0.0027227848
0.0026819959
0.0025058287
0.0022020538
0.0017808024
0.0012412213
0.0006024520
-0.0000879713
-0.0007763839
-0.0014005858
-0.0019050407
-0.0022916752
-0.0025755935
-0.0027712615
-0.0029421839
-0.0031626748
-0.0034460100
-0.0037228876
-0.0038720649
-0.0038456885
-0.0037108301
-0.0035527666
-0.0033933512
-0.0032161813
-0.0030411066
-0.0029280730
-0.0029008202
-0.0029255156
-0.0029610575
-0.0029743848
-0.0029254617
-0.0027687689
-0.0024760807
-0.0020678390
-0.0016328544
-0.0012835480
-0.0010836931
-0.0010300865
-0.0010926497
-0.0012523088
-0.0014851461
-0.0017349176
-0.0019573583
-0.0021913548
-0.0024797403
-0.0027856896
-0.0030429134
-0.0031929497
-0.0031835745
-0.0029848061
-0.0026246767
-0.0021332754
-0.0014841070
-0.0006547309
0.0003216431
0.0013734867
0.0023974106
0.0033156305
0.0040693681
0.0046395531
0.0050421245
0.0052867856
0.0054128214
0.0054508619
0.0054114203
0.0053211622
0.0051617028
0.0048676613
0.0044051354
0.0038233790
0.0032237829
0.0026450303
0.0020545457
0.0014397155
0.0008458546
0.0002777431
-0.0002924792
-0.0008130951
-0.0011911090
-0.0014027803
-0.0014604907
-0.0013829528
-0.0012078952
-0.0009708752
-0.0006585223
-0.0002440106
0.0002492552
0.0007879906
0.0013657589
0.0019541130
0.0025227071
0.0030409861
0.0034899885
0.0038639729
0.0041977411
0.0045560529
0.0049263146
0.0051943649
0.0052772515
0.0051683039
0.0048503337
0.0042967117
0.0035274911
0.0025678657
0.0014585421
0.0002912477
-0.0008285998
-0.0018016660
-0.0025541082
-0.0030646685
-0.0033161279
-0.0032869483
-0.0030191618
-0.0025895138
-0.0020542450
-0.0014724594
-0.0009440694
-0.0005253697
-0.0002084630
-0.0000000218
0.0001026151
0.0001143552
0.0000105813
-0.0002063924
-0.0004733210
-0.0007218918
-0.0009214783
-0.0010625636
-0.0011556067
-0.0012041420
-0.0011863067
-0.0011062476
-0.0010209184
-0.0009631514
-0.0009356380
-0.0009618734
-0.0010912585
-0.0013716134
-0.0018185745
-0.0024126486
-0.0031406394
-0.0039767115
-0.0048164358
-0.0055543659
-0.0061335023
-0.0064654363
-0.0064792870
-0.0061802109
-0.0056170052
-0.0048685315
-0.0040159748
-0.0031011869
-0.0022017918
-0.0014231182
-0.0008054008
-0.0003454181
-0.0000467071
0.0001087507
0.0002022569
0.0003343250
0.0005649820
0.0008999503
0.0012947508
0.0016998343
0.0021027856
0.0024830487
0.0028022508
0.0030577897
0.0032482572
0.0033119592
0.0031815549
0.0028396378
0.0022993177
0.0015797844
0.0007438707
-0.0001010729
-0.0008648422
-0.0015000377
-0.0020013921
-0.0023755724
-0.0026401344
-0.0028115377
-0.0028983908
-0.0029188962
-0.0028752963
-0.0027426575
-0.0024964090
-0.0021421019
-0.0017050065
-0.0012138223
-0.0007248452
-0.0002945780
0.0000552031
0.0003095665
0.0004318316
0.0004001625
0.0002400115
0.0000161286
-0.0002250601
-0.0004305138
-0.0005212289
-0.0004864285
-0.0004092185
-0.0003501458
-0.0003255346
-0.0003672043
-0.0005286511
-0.0008502044
-0.0013243282
-0.0018946050
-0.0025047708
-0.0031249289
-0.0037304887
-0.0042753112
-0.0046982631
-0.0049547645
-0.0050239310
-0.0048835789
-0.0045294045
-0.0039569428
-0.0031837355
-0.0023094575
-0.0014265349
-0.0005314348
0.0003989504
0.0013230528
0.0021810915
0.0029666070
0.0036935961
0.0043414004
0.0048979170
0.0053595203
0.0057334112
0.0060393975
0.0062825443
0.0064451759
0.0065134373
0.0064851746
0.0063378340
0.0060333098
0.0055534521
0.0048967116
0.0040833102
0.0031467872
0.0021048982
0.0010180643
-0.0000005504
-0.0008670563
-0.0015709905
-0.0021331819
-0.0025477111
-0.0028007557
-0.0029177161
-0.0029412170
-0.0028729743
-0.0026764735
-0.0023211373
-0.0018196297
-0.0012207933
-0.0005596083
0.0001536673
0.0009012910
0.0016423793
0.0023483500
0.0030045800
0.0035684010
0.0040214929
0.0043575782
0.0045598126
0.0046621111
0.0047051863
0.0046771237
0.0045305054
0.0042222125
0.0037453172
0.0031380329
0.0024765302
0.0018808222
0.0014435252
0.0011971766
0.0011253266
0.0011913566
0.0013953210
0.0017322275
0.0021854020
0.0027041062
0.0031971832
0.0036094819
0.0038955537
0.0040133452
0.0039628069
0.0037588167
0.0034152194
0.0029847234
0.0025609839
0.0021776503
0.0018361613
0.0015816555
0.0014015736
0.0012113620
0.0009624369
0.0006628238
0.0003101549
-0.0001088431
-0.0005922874
-0.0010987539
-0.0015704152
-0.0019827013
-0.0023367625
-0.0026026461
-0.0027423390
-0.0027859059
-0.0028123006
-0.0028854208
-0.0030401411
-0.0032870666
-0.0035926661
-0.0038645695
-0.0040099719
-0.0040157990
-0.0039257698
-0.0037852767
-0.0036348705
-0.0034776760
-0.0032758999
-0.0030125758
-0.0027318729
-0.0025331167
-0.0024678556
-0.0024732305
-0.0024676859
-0.0024490433
-0.0024470138
-0.0024341170
-0.0023987870
-0.0023734841
-0.0023488087
-0.0022794285
-0.0021312311
-0.0018968930
-0.0016056112
-0.0013373312
-0.0011763388
-0.0011244267
-0.0011098419
-0.0010584202
-0.0009121570
-0.0006240104
-0.0001838104
0.0003438805
0.0008650981
0.0013313936
0.0017320547
0.0020944221
0.0024107200
0.0026147719
0.0026782454
0.0026424968
0.0025553727
0.0024492666
0.0023715377
0.0023681287
0.0024201705
0.0024859037
0.0025692747
0.0026661692
0.0027789644
0.0029297705
0.0031173399
0.0032894378
0.0033717031
0.0033313315
0.0031622518
0.0028571389
0.0024180022
0.0018448173
0.0011670162
0.0004602387
-0.0001774706
-0.0006364535
-0.0008255929
-0.0007519248
-0.0004945809
-0.0001417119
0.0002260758
0.0006086502
0.0010477051
0.0015203969
0.0019703174
0.0023589950
0.0026310664
0.0027555283
0.0027568546
0.0026484875
0.0024188921
0.0020791589
0.0016911349
0.0013169916
0.0009666273
0.0006554859
0.0004585647
0.0003929849
0.0003629553
0.0002572569
0.0000011263
-0.0004451370
-0.0010642464
-0.0017858732
-0.0025222733
-0.0031744098
-0.0036742021
-0.0040246764
-0.0042267119
-0.0042478004
-0.0040759367
-0.0037654801
-0.0034112030
-0.0030533103
-0.0026857904
-0.0023168872
-0.0019322613
-0.0014912656
-0.0010144800
-0.0005657900
-0.0001640875
0.0001798989
0.0004605333
0.0006922719
0.0008547408
0.0008969534
0.0008066109
0.0006386827
0.0004826845
0.0003614218
0.0002783761
0.0002374847
0.0002258988
0.0002310875
0.0002475503
0.0002718290
0.0002965077
0.0003094538
0.0002927551
0.0002249616
0.0000874725
-0.0001217290
-0.0003705629
-0.0005977093
-0.0007663038
-0.0008744725
-0.0009618464
-0.0010931323
-0.0013124152
-0.0016171900
-0.0019411230
-0.0021779245
-0.0022966520
-0.0023345102
-0.0023021105
-0.0021790924
-0.0019585471
-0.0016730345
-0.0013928603
-0.0011876186
-0.0010855833
-0.0010638717
-0.0010745015
-0.0010720146
-0.0010120532
-0.0008498780
-0.0005576832
-0.0001559933
0.0002832139
0.0007295043
0.0011933526
0.0016220532
0.0019611998
0.0022091419
0.0023755188
0.0024453476
0.0023648355
0.0021087667
0.0017441361
0.0013563976
0.0009639643
0.0005638858
0.0001775835
-0.0002023538
-0.0005925855
-0.0009361910
-0.0011704378
-0.0013147449
-0.0014257830
-0.0015121169
-0.0014816658
-0.0012436085
-0.0008472480
-0.0004322669
-0.0000729349
0.0002443631
0.0006033784
0.0010660078
0.0015972938
0.0021271329
0.0026300029
0.0031003980
0.0035355018
0.0038662017
0.0039835799
0.0038546760
0.0034885904
0.0028982620
0.0021338198
0.0012761222
0.0003943831
-0.0004847614
-0.0013534969
-0.0021823295
-0.0028625191
-0.0032937405
-0.0034919928
-0.0035334909
-0.0034535045
-0.0032437278
-0.0029095501
-0.0025072912
-0.0021134993
-0.0017361960
-0.0013694098
-0.0010648939
-0.0008270698
-0.0006052139
-0.0004046424
-0.0002955737
-0.0002964660
-0.0003211415
-0.0003002429
-0.0002375509
-0.0001550887
-0.0000730167
-0.0000099483
0.0000678765
0.0002229128
0.0004423812
0.0006649055
0.0008537286
0.0010111977
0.0011501325
0.0012624186
0.0013571556
0.0014352200
0.0014839843
0.0015225744
0.0015809636
0.0016704841
0.0017814029
0.0018959883
0.0020381807
0.0022580628
0.0025168117
0.0027072601
0.0027767743
0.0027254884
0.0025376983
0.0021908958
0.0017067849
0.0011469303
0.0006007179
0.0001466195
-0.0002162204
-0.0004975521
-0.0006252528
-0.0005551868
-0.0003764611
-0.0001808436
0.0000204563
0.0002136116
0.0003727227
0.0005022708
0.0006044158
0.0006791400
0.0007363478
0.0007645875
0.0007765415
0.0008168312
0.0009259516
0.0011252878
0.0014061444
0.0017108796
0.0019563357
0.0021124763
0.0022066642
0.0022476323
0.0021973638
0.0019996184
0.0016115348
0.0010354558
0.0003331317
-0.0004088077
-0.0010999210
-0.0016613978
-0.0020842901
-0.0024265833
-0.0027562093
-0.0030769980
-0.0033236681
-0.0034554909
-0.0034963264
-0.0034680092
-0.0033568476
-0.0031448647
-0.0028161786
-0.0023562092
-0.0018309426
-0.0013352416
-0.0008833460
-0.0004716269
-0.0001222658
0.0001622193
0.0003851366
0.0005480191
0.0006587865
0.0007369801
0.0007636820
0.0007110410
0.0005929371
0.0004477056
0.0003102288
0.0001682625
-0.0000153653
-0.0002405762
-0.0004651737
-0.0006614087
-0.0008103589
-0.0008585309
-0.0007719276
-0.0005822346
-0.0003440467
-0.0000687744
0.0002562677
0.0005973325
0.0009100992
0.0012109477
0.0015270068
0.0018176224
0.0020300983
0.0021865521
0.0023428023
0.0025059501
0.0026299141
0.0026865693
0.0027019418
0.0027053242
0.0027022181
0.0026895971
0.0026653655
0.0026260788
0.0025578508
0.0023969485
0.0020686222
0.0015918279
0.0010408738
0.0004553938
-0.0001543155
-0.0007675552
-0.0013495915
-0.0018666916
-0.0022906622
-0.0025632884
-0.0025764586
-0.0022643876
-0.0016764752
-0.0009215675
-0.0001004354
0.0006766923
0.0012944253
0.0016900796
0.0018821541
0.0019766009
0.0020620267
0.0021224551
0.0021281141
0.0020785457
0.0019628542
0.0017586809
0.0014676919
0.0011171162
0.0007243169
0.0003078980
-0.0001328765
-0.0006239417
-0.0011528326
-0.0016698806
-0.0021409679
-0.0025439262
-0.0028294753
-0.0029925238
-0.0030746303
-0.0030803760
-0.0029688523
-0.0027182554
-0.0023997038
-0.0021304435
-0.0020188959
-0.0021182241
-0.0023704598
-0.0026409286
-0.0028197851
-0.0028795881
-0.0028325858
-0.0026778303
-0.0024176897
-0.0020824216
-0.0016903285
-0.0012397131
-0.0007357961
-0.0002059977
0.0003488353
0.0009464431
0.0015615169
0.0021383240
0.0026135879
0.0029226428
0.0030273808
0.0029634665
0.0028299736
0.0026866598
0.0025169819
0.0023094466
0.0021005011
0.0019180946
0.0017517090
0.0016089588
0.0015021294
0.0014057654
0.0012973582
0.0011953416
0.0011507887
0.0011899106
0.0012614839
0.0013166087
0.0013894048
0.0015033518
0.0016065955
0.0016699463
0.0017422280
0.0018987437
0.0021388675
0.0024191710
0.0027305896
0.0030809343
0.0034667260
0.0038513902
0.0041824218
0.0043896529
0.0044275890
0.0043200834
0.0041222162
0.0038663854
0.0035375652
0.0031343067
0.0027079864
0.0022960028
0.0018961802
0.0015289044
0.0012200849
0.0009647184
0.0007545065
0.0005724147
0.0004149459
0.0003105312
0.0002605778
0.0002329794
0.0002093813
0.0001951738
0.0002044063
0.0002532831
0.0003579009
0.0005242766
0.0007314938
0.0009366301
0.0011233954
0.0012881762
0.0014063507
0.0014877609
0.0015838969
0.0017307998
0.0019232298
0.0021269105
0.0023270718
0.0025245038
0.0026865715
0.0027832693
0.0028142883
0.0027681845
0.0026097390
0.0023101411
0.0018828234
0.0014027159
0.0009652192
0.0006241671
0.0003639817
0.0001001353
-0.0002654948
-0.0007667041
-0.0013461003
-0.0019426673
-0.0025815293
-0.0033159312
-0.0041205979
-0.0049081908
-0.0056107086
-0.0061622437
-0.0065153041
-0.0066525188
-0.0065615167
-0.0062984663
-0.0059694782
-0.0056110654
-0.0051996301
-0.0047158343
-0.0041612876
-0.0035657536
-0.0029600441
-0.0023309416
-0.0016281639
-0.0008577681
-0.0000914143
0.0006087851
0.0012351636
0.0017862357
0.0022312195
0.0025038788
0.0025361505
0.0023407193
0.0019772267
0.0014832737
0.0008797021
0.0002270989
-0.0003922367
-0.0009411225
-0.0014649879
-0.0020307889
-0.0026327435
-0.0032126792
-0.0037159909
-0.0041032948
-0.0043519518
-0.0044531364
-0.0044033339
-0.0042468100
-0.0040440348
-0.0037874263
-0.0034427764
-0.0030034691
-0.0024386351
-0.0016882773
-0.0007596034
0.0002442691
0.0011691006
0.0018842598
0.0023134104
0.0024289009
0.0022592638
0.0018355352
0.0012505038
0.0006759896
0.0002238000
-0.0000932067
-0.0002872003
-0.0003491703
-0.0002949963
-0.0001700085
-0.0000211961
0.0000969854
0.0001362137
0.0001099311
0.0000785112
0.0001060917
0.0002532669
0.0005483803
0.0009176512
0.0012384459
0.0014504227
0.0015696650
0.0016135883
0.0015556394
0.0013500492
0.0009688279
0.0004342090
-0.0001643758
-0.0007328836
-0.0012514359
-0.0017042554
-0.0020373791
-0.0022255447
-0.0023060286
-0.0023210981
-0.0022725066
-0.0021411346
-0.0019190506
-0.0016301456
-0.0013494013
-0.0011780920
-0.0011262700
-0.0011159905
-0.0010751738
-0.0009549254
-0.0007148212
-0.0003424972
0.0001261004
0.0006331825
0.0010843867
0.0013800213
0.0015216901
0.0015705101
0.0015441568
0.0014184151
0.0011721992
0.0008145476
0.0003919704
-0.0000554530
-0.0005307364
-0.0010191782
-0.0014631064
-0.0018261343
-0.0021198503
-0.0023496829
-0.0025044662
-0.0025844231
-0.0026180438
-0.0026135448
-0.0025513145
-0.0023999336
-0.0021447920
-0.0017884306
-0.0013386005
-0.0008452197
-0.0003440282
0.0001604064
0.0006501427
0.0011022333
0.0014791254
0.0017775737
0.0020356011
0.0022485448
0.0024029387
0.0025548818
0.0027523818
0.0029936300
0.0032661252
0.0035325032
0.0037502243
0.0038905638
0.0039469728
0.0039417984
0.0038970184
0.0038226418
0.0037319477
0.0036443784
0.0035338713
0.0033111751
0.0029407136
0.0024745542
0.0019420307
0.0013588640
0.0007928051
0.0002837344
-0.0001819126
-0.0005920455
-0.0009198169
-0.0011336892
-0.0011910715
-0.0010675848
-0.0007918234
-0.0004363087
-0.0000728357
0.0002389477
0.0004837797
0.0006700011
0.0007763957
0.0007660087
0.0006249029
0.0003722579
0.0000527085
-0.0002924738
-0.0006283301
-0.0009056712
-0.0011038547
-0.0012459030
-0.0013289416
-0.0012932017
-0.0010867491
-0.0007070251
-0.0001560053
0.0005215060
0.0012231262
0.0018386260
0.0022462808
0.0023703980
0.0022217559
0.0018807978
0.0014290005
0.0008844739
0.0002456818
-0.0004316455
-0.0010598518
-0.0015941063
-0.0020318149
-0.0023276893
-0.0024122487
-0.0022454731
-0.0018346836
-0.0012457947
-0.0005349877
0.0002756996
0.0011522395
0.0020125123
0.0027573468
0.0033433306
0.0037602149
0.0039642742
0.0039434476
0.0037166188
0.0032915617
0.0027010728
0.0020115097
0.0012594156
0.0004813516
-0.0002910221
-0.0010315686
-0.0016799803
-0.0021667068
-0.0024968394
-0.0027258339
-0.0028834923
-0.0030006789
-0.0031099168
-0.0032044619
-0.0032310646
-0.0031393057
-0.0029576447
-0.0027572785
-0.0025662831
-0.0024044639
-0.0023137346
-0.0022938301
-0.0023027449
-0.0023003934
-0.0022534685
-0.0021281929
-0.0019021187
-0.0015899959
-0.0012484356
-0.0009153497
-0.0005736370
-0.0002279698
0.0000395969
0.0001518229
0.0001118308
-0.0000435982
-0.0002881612
-0.0005957551
-0.0009571359
-0.0013718579
-0.0018385390
-0.0023278960
-0.0027853080
-0.0031644197
-0.0034373397
-0.0035622298
-0.0034930537
-0.0032124282
-0.0027337819
-0.0021338629
-0.0015823848
-0.0012307386
-0.0010724193
-0.0010121528
-0.0009953548
-0.0010114918
-0.0010521097
-0.0011048990
-0.0011609659
-0.0012098216
-0.0012279258
-0.0011899019
-0.0011215108
-0.0010662176
-0.0010180586
-0.0009553675
-0.0008823025
-0.0008291298
-0.0008353985
-0.0008984238
-0.0009906274
-0.0011348663
-0.0013682035
-0.0016761597
-0.0019779146
-0.0021796451
-0.0022526987
-0.0022194649
-0.0020893578
-0.0018615835
-0.0015597315
-0.0012071219
-0.0008066240
-0.0003681291
0.0000781106
0.0005129693
0.0009731968
0.0014614842
0.0019322134
0.0023769196
0.0027922599
0.0031689092
0.0034990160
0.0037517121
0.0038823631
0.0038542631
0.0036740385
0.0033861556
0.0030685035
0.0028162743
0.0026726046
0.0026176243
0.0026299537
0.0026722778
0.0026509156
0.0025045319
0.0022470427
0.0019424337
0.0016782802
0.0014986496
0.0013792054
0.0012956507
0.0012660346
0.0013033815
0.0013716664
0.0014699534
0.0016523986
0.0019585284
0.0023700321
0.0028223746
0.0032674768
0.0036807567
0.0040219011
0.0042866742
0.0044862685
0.0045845028
0.0045529764
0.0043991565
0.0041379816
0.0037806667
0.0033158738
0.0027586296
0.0021990204
0.0017212918
0.0013784769
0.0011732210
0.0010641093
0.0009728573
0.0008230825
0.0006273589
0.0004359902
0.0002703325
0.0001116493
-0.0000618242
-0.0002281926
-0.0003287609
-0.0003358928
-0.0002713904
-0.0001619752
-0.0000332164
0.0000792850
0.0001762995
0.0003074264
0.0005121987
0.0007817014
0.0010616055
0.0012958343
0.0014388148
0.0014653104
0.0013772415
0.0011806341
0.0008936790
0.0005692207
0.0002548728
-0.0000687384
-0.0004512891
-0.0008810275
-0.0012998960
-0.0016940895
-0.0021154549
-0.0026099396
-0.0031680336
-0.0037299600
-0.0042317783
-0.0046262290
-0.0048368224
-0.0048083464
-0.0045865958
-0.0042662937
-0.0039108730
-0.0035502463
-0.0031644189
-0.0027206866
-0.0022611510
-0.0018636887
-0.0015483729
-0.0013177762
-0.0011938351
-0.0011927038
-0.0012784159
-0.0013780157
-0.0014105568
-0.0013252942
-0.0011484603
-0.0009242023
-0.0006533036
-0.0003570010
-0.0001360443
-0.0000804585
-0.0001560356
-0.0003021055
-0.0005099381
-0.0007903508
-0.0011804988
-0.0016326029
-0.0019825420
-0.0021028548
-0.0020145575
-0.0018041755
-0.0015542178
-0.0013516597
-0.0012366035
-0.0011640759
-0.0010920205
-0.0010550656
-0.0010749893
-0.0011210504
-0.0011542316
-0.0011403687
-0.0010388090
-0.0008075870
-0.0004323579
0.0000366147
0.0004923887
0.0008705566
0.0011440570
0.0012779302
0.0012342046
0.0010263307
0.0007375362
0.0004797964
0.0003179730
0.0002257217
0.0001445610
0.0000446238
-0.0000742372
-0.0001894323
-0.0002640610
-0.0002978459
-0.0003342903
-0.0004140307
-0.0005543378
-0.0007471665
-0.0009438331
-0.0010506432
-0.0009884547
-0.0007245201
-0.0002531990
0.0003908847
0.0011408674
0.0019239552
0.0026651784
0.0033249361
0.0039074493
0.0044061797
0.0047894872
0.0050356756
0.0051224003
0.0050209024
0.0047363341
0.0043080194
0.0037765598
0.0031959274
0.0026566182
0.0022025829
0.0018172782
0.0014928974
0.0012034771
0.0009068378
0.0006194514
0.0004044638
0.0002780943
0.0001901654
0.0000980263
0.0000018406
-0.0000697958
-0.0000724297
0.0000116831
0.0001226420
0.0001890511
0.0002076657
0.0002033000
0.0001850772
0.0001591859
0.0001456352
0.0001748281
0.0002760494
0.0004652133
0.0007272729
0.0009953239
0.0011680131
0.0011989020
0.0011373227
0.0010377098
0.0008710696
0.0006087925
0.0003261753
0.0001014319
-0.0000749140
-0.0002222815
-0.0003296687
-0.0004237907
-0.0005639254
-0.0007829033
-0.0010639078
-0.0013563937
-0.0016476542
-0.0019966603
-0.0024506843
-0.0029753721
-0.0034864516
-0.0038743969
-0.0040849525
-0.0041576720
-0.0041409937
-0.0040421693
-0.0038581219
-0.0036110110
-0.0033485929
-0.0030830078
-0.0027528382
-0.0023338479
-0.0018798348
