0.0035401547
0.0052214831
0.0070225766
0.0062498893
0.0032628895
0.0009712472
0.0002976832
-0.0000044497
-0.0007668725
-0.0017107180
-0.0021405543
-0.0015767111
-0.0007407244
-0.0006578468
-0.0012948062
-0.0019363293
-0.0026693591
-0.0028710235
-0.0018680267
-0.0001211837
0.0014375882
0.0025864456
0.0036762552
0.0048758222
0.0051675847
0.0030297315
-0.0008196899
-0.0045127146
-0.0067364366
-0.0061165434
-0.0014166925
0.0049187610
0.0091215597
0.0077075034
0.0020385889
-0.0038520092
-0.0057020568
-0.0024661073
0.0022042672
0.0050367362
0.0067338338
0.0070551044
0.0039762924
-0.0005366877
-0.0040127305
-0.0065227742
-0.0080700228
-0.0064364884
-0.0024033968
0.0011106456
0.0023686560
0.0014025499
-0.0000073735
-0.0007901889
-0.0012021746
-0.0014898728
-0.0013695336
-0.0002990387
0.0020869179
0.0045605824
0.0034326695
-0.0021223645
-0.0077999953
-0.0068892219
-0.0012134529
0.0031717507
0.0043209780
0.0039958372
0.0030267240
0.0019639426
0.0012086833
0.0002632937
-0.0008885868
-0.0014017199
-0.0012219911
-0.0005871767
0.0000762002
0.0005610658
0.0009960264
0.0015629143
0.0022920909
0.0030353939
0.0035739570
0.0039203566
0.0042601352
0.0045431663
0.0044515039
0.0025662705
-0.0016409125
-0.0067729541
-0.0114383662
-0.0142186288
-0.0132285791
-0.0103079919
-0.0082648647
-0.0074205865
-0.0065555477
-0.0051555760
-0.0035502097
-0.0020590878
-0.0007199024
0.0005807808
0.0019030998
0.0029367194
0.0034789071
0.0039194542
0.0043027289
0.0042771821
0.0040255037
0.0039175120
0.0040639015
0.0042491071
0.0043363773
0.0045071404
0.0044540935
0.0030384474
0.0001477924
-0.0031992218
-0.0061013439
-0.0086675929
-0.0104916679
-0.0088927636
-0.0040724353
0.0006263294
0.0035501254
0.0050245300
0.0048314043
0.0035990387
0.0026956904
0.0020031708
0.0009318056
0.0007624883
0.0023226133
0.0053881863
0.0085445527
0.0110630173
0.0107753192
0.0045985219
-0.0076127466
-0.0168379599
-0.0138427357
0.0012920845
0.0159788640
0.0189671885
0.0106597668
-0.0012216290
-0.0079783209
-0.0037446873
0.0085228265
0.0192436548
0.0188737836
0.0075374161
-0.0061492556
-0.0147518939
-0.0137908036
-0.0028196053
0.0097274736
0.0133275406
0.0072887022
-0.0001646648
-0.0035084512
-0.0014124438
0.0039592618
0.0085171295
0.0110230500
0.0131002719
0.0161252894
0.0187039948
0.0149635988
0.0026049633
-0.0100064022
-0.0157242291
-0.0131026508
-0.0057127750
0.0003932337
0.0033637752
0.0038279573
0.0024504741
-0.0024387973
-0.0103607843
-0.0179398927
-0.0208850940
-0.0159580771
-0.0023900003
0.0120985515
0.0192111446
0.0177350304
0.0084013752
-0.0037555227
-0.0091416883
-0.0053996112
0.0031868611
0.0093448168
0.0075666828
0.0011197360
-0.0025422774
-0.0005205739
0.0034340161
0.0043249427
-0.0021103159
-0.0123170859
-0.0206372140
-0.0207073171
-0.0101418988
0.0058678822
0.0174358460
0.0167269370
0.0092989154
0.0050989695
0.0057086668
0.0066723993
0.0052035535
0.0021990595
-0.0003487937
0.0000577367
0.0047601689
0.0097588646
0.0078773580
-0.0012833738
-0.0104380591
-0.0106898674
-0.0033829495
0.0028231504
0.0040789917
0.0024125297
0.0007715514
0.0008390301
0.0028884535
0.0053891256
0.0071091564
0.0080143205
0.0052107780
-0.0031939188
-0.0140978929
-0.0212963240
-0.0225628357
-0.0183229752
-0.0059792034
0.0094464776
0.0174576906
0.0117174792
-0.0006023841
-0.0095671916
-0.0115402070
-0.0085940708
-0.0070890806
-0.0099825517
-0.0143960371
-0.0172269545
-0.0138929955
-0.0053563608
0.0032054232
0.0077106811
0.0066760642
0.0043636719
0.0036621398
0.0040477034
0.0040226718
0.0031188570
0.0018713638
0.0010036863
0.0009750152
0.0012920932
0.0013662189
0.0011864484
0.0010271071
0.0010462278
0.0014106294
0.0019827241
0.0016219730
-0.0002224537
-0.0023196919
-0.0038343943
-0.0051881521
-0.0069540712
-0.0066649949
-0.0027492969
0.0020716433
0.0052020217
0.0058308687
0.0035043021
-0.0000837962
-0.0032389187
-0.0033975174
0.0004980463
0.0047782652
0.0070574174
0.0048232844
-0.0026743842
-0.0115566662
-0.0162983218
-0.0111185529
-0.0007896732
0.0061859662
0.0054484884
-0.0028797328
-0.0175663038
-0.0295056531
-0.0287944838
-0.0170018453
-0.0040912233
0.0044539969
0.0061282580
0.0025179797
-0.0003534240
-0.0001820704
0.0008078621
0.0004377930
-0.0012161382
-0.0030094441
-0.0045836340
-0.0062985340
-0.0083275765
-0.0096211076
-0.0083822518
-0.0060884662
-0.0045833970
-0.0041195621
-0.0043355701
-0.0045050249
-0.0022319577
0.0088248859
0.0240584683
0.0316377391
0.0258092624
0.0092376301
-0.0070591467
-0.0135569556
-0.0088304776
0.0005249113
0.0075145313
0.0075234061
0.0022134883
-0.0021854519
-0.0030209203
0.0015557144
0.0096041436
0.0161129824
0.0179777532
0.0141198780
0.0071816515
0.0012071194
-0.0024454038
-0.0040081689
-0.0038129350
-0.0028104940
-0.0022622677
-0.0019303544
-0.0011823433
-0.0009345225
-0.0020611959
-0.0035689833
-0.0046070193
-0.0056119613
-0.0064906765
-0.0016875522
0.0077264336
0.0163832732
0.0228168341
0.0261420851
0.0247456467
0.0219698741
0.0212814624
0.0223915283
0.0230948806
0.0225855538
0.0216309506
0.0205418208
0.0182708982
0.0152455691
0.0126045294
0.0108197591
0.0095747321
0.0081219242
0.0062471681
0.0042814119
0.0024984270
0.0008564694
-0.0008018977
-0.0022646365
-0.0030747283
-0.0030484080
-0.0027069959
-0.0025425960
-0.0025337634
-0.0014402818
0.0020199193
0.0062805561
0.0099059616
0.0136036515
0.0141217609
0.0053530953
-0.0089111102
-0.0181728189
-0.0148824658
-0.0014691789
0.0119126854
0.0133316401
0.0046102497
-0.0027534152
-0.0035649422
0.0000330590
0.0029433031
0.0032182978
0.0025986521
0.0031076577
0.0049194545
0.0081984485
0.0124671324
0.0164954460
0.0206357261
0.0249859686
0.0261678756
0.0245317077
0.0228672388
0.0224138162
0.0223855766
0.0218551162
0.0210498792
0.0209972317
0.0222660784
0.0256739722
0.0301895353
0.0345933909
0.0368224281
0.0347159176
0.0296207008
0.0247480651
0.0223821750
0.0222057192
0.0219558026
0.0207866416
0.0195599744
0.0188146972
0.0184095330
0.0183593610
0.0187459724
0.0194683383
0.0209349764
0.0230448139
0.0254953217
0.0277598318
0.0294846819
0.0299604671
0.0292520497
0.0272914994
0.0242497418
0.0201383026
0.0159878309
0.0154519105
0.0188056425
0.0223411104
0.0244889621
0.0238120893
0.0190692970
0.0133451893
0.0090921351
0.0090765581
0.0127473514
0.0165345267
0.0172066241
0.0147297025
0.0117521094
0.0108392951
0.0113474456
0.0112420540
0.0099230221
0.0082962469
0.0070216593
0.0059178347
0.0086992429
0.0177053380
0.0283403721
0.0329268942
0.0296496734
0.0256584434
0.0265237017
0.0327780196
0.0397738226
0.0440604140
0.0443130079
0.0411382731
0.0377226281
0.0358548068
0.0348369520
0.0339208590
0.0334110187
0.0336110968
0.0345397778
0.0355490914
0.0362753505
0.0367835669
0.0372603439
0.0377135383
0.0381612067
0.0386143001
0.0390574258
0.0394752262
0.0396831389
0.0392694774
0.0384886615
0.0375718443
0.0366390068
0.0355973366
0.0335789904
0.0301133006
0.0252251845
0.0202923256
0.0192385898
0.0263986424
0.0407161888
0.0508662733
0.0488333640
0.0353878087
0.0206270400
0.0171928379
0.0259404928
0.0377483747
0.0408551572
0.0337953960
0.0258158812
0.0234777524
0.0273227280
0.0320170118
0.0339446876
0.0341744010
0.0350278876
0.0371010013
0.0395463168
0.0416296616
0.0433632679
0.0449516690
0.0435699955
0.0329933104
0.0226224619
0.0207383964
0.0232173107
0.0239145402
0.0219358892
0.0200185059
0.0201237702
0.0226583605
0.0274108704
0.0309357035
0.0304934424
0.0286869240
0.0282555699
0.0290513747
0.0296900708
0.0296079197
0.0292102960
0.0289805387
0.0289793799
0.0289540020
0.0284389167
0.0270289554
0.0239605601
0.0200959827
0.0168618498
0.0157606061
0.0164597449
0.0170709959
0.0166554295
0.0154446991
0.0136116045
0.0112015292
0.0081892402
0.0040196517
-0.0012209658
-0.0068689047
-0.0120681612
-0.0150709347
-0.0161791440
-0.0167893196
-0.0179313734
-0.0194711035
-0.0207021072
-0.0208572319
-0.0175563054
-0.0071822879
0.0065811275
0.0185651406
0.0285808433
0.0375692196
0.0422978043
0.0388501451
0.0212320453
-0.0082180635
-0.0388110468
-0.0595458047
-0.0655942333
-0.0618435097
-0.0597865919
-0.0624024643
-0.0668907798
-0.0732077349
-0.0826267454
-0.0941646920
-0.1050429098
-0.1144246128
-0.1200754309
-0.1186933405
-0.1116666645
-0.1041953705
-0.0997631041
-0.1008329085
-0.1050071385
-0.1076182267
-0.1057390683
-0.1003519925
-0.0953683208
-0.0923215244
-0.0896791856
-0.0864311041
-0.0859259162
-0.0911569588
-0.0983348401
-0.1010456492
-0.0960282251
-0.0813739585
-0.0555646083
-0.0258882842
0.0055808643
0.0461812374
0.0921126461
0.1240815575
0.1353938594
0.1374692554
0.1415764635
0.1491341354
0.1556772620
0.1568001748
0.1485340548
0.1305527903
0.1096749251
0.0898921018
0.0671130888
0.0382061820
0.0009140802
-0.0433529052
-0.0765530354
-0.0961059565
-0.1081370648
-0.1109727444
-0.1036991803
-0.0876799847
-0.0568332838
0.0079094073
0.0847264572
0.1404154092
0.1747993908
0.1992529414
0.2045713714
0.1896331725
0.1576432811
0.1061523480
0.0584444864
0.0273158766
0.0151144572
0.0099858392
0.0079765302
0.0117394161
0.0219521640
0.0390585450
0.0593124351
0.0759711696
0.0776652826
0.0651164336
0.0405863060
0.0102271750
-0.0151123856
-0.0334635784
-0.0464301006
-0.0586231236
-0.0716700501
-0.0837527306
-0.0920179728
-0.0941237854
-0.0912406594
-0.0856253931
-0.0772355877
-0.0650046427
-0.0508133844
-0.0429598682
-0.0480789618
-0.0577279184
-0.0638952923
-0.0648411479
-0.0608413855
-0.0533856290
-0.0458908532
-0.0393896515
-0.0357778831
-0.0367377356
-0.0413390491
-0.0466855914
-0.0512393926
-0.0556039348
-0.0602633382
-0.0646748441
-0.0677066297
-0.0698217911
-0.0721638702
-0.0749401650
-0.0776684867
-0.0798327185
-0.0804573783
-0.0771429772
-0.0616289256
-0.0333915222
-0.0144836922
-0.0171331502
-0.0348031031
-0.0497714509
-0.0468123931
-0.0331275912
-0.0223220572
-0.0177802910
-0.0145912257
-0.0083351214
0.0024492438
0.0161086635
0.0298134095
0.0421398750
0.0532945108
0.0641731236
0.0722175052
0.0723695883
0.0665232348
0.0598829770
0.0543899477
0.0482419738
0.0384627042
0.0243681427
0.0074983003
-0.0103135529
-0.0268846367
-0.0424342051
-0.0531437006
-0.0572858900
-0.0582223090
-0.0595289066
-0.0612313151
-0.0620067411
-0.0610731311
-0.0574043085
-0.0507106351
-0.0425421160
-0.0349731553
-0.0283011948
-0.0232175082
-0.0201616966
-0.0177250935
-0.0148615561
-0.0118985437
-0.0092270391
-0.0068309344
-0.0045533754
-0.0024398094
-0.0016722342
-0.0085787088
-0.0267987811
-0.0507863036
-0.0641353333
-0.0595108673
-0.0477221702
-0.0399571386
-0.0368914120
-0.0336545886
-0.0276381742
-0.0196862187
-0.0077481422
0.0104361762
0.0314732611
0.0461659633
0.0503732433
0.0479937251
0.0441993736
0.0417674887
0.0401773935
0.0378481351
0.0343356793
0.0292324962
0.0218704474
0.0128250652
0.0045284935
-0.0009296940
-0.0033635092
-0.0045387421
-0.0066851234
-0.0103123547
-0.0151966392
-0.0239097604
-0.0367254505
-0.0497297104
-0.0565687954
-0.0575608246
-0.0578606454
-0.0604485592
-0.0647231683
-0.0685807232
-0.0713504782
-0.0745037108
-0.0772728074
-0.0772087262
-0.0745942144
-0.0718210798
-0.0700486648
-0.0686183379
-0.0667007747
-0.0640147641
-0.0598445283
-0.0498009458
-0.0339728131
-0.0213201086
-0.0190654565
-0.0256505650
-0.0358449313
-0.0443241563
-0.0496242837
-0.0526955713
-0.0542718804
-0.0552021108
-0.0555380980
-0.0549804601
-0.0535855535
-0.0520395294
-0.0544458213
-0.0637357916
-0.0753582727
-0.0813826051
-0.0796648785
-0.0738513556
-0.0654126115
-0.0556712639
-0.0528468205
-0.0612377671
-0.0729708101
-0.0806869732
-0.0845759542
-0.0876370591
-0.0918927511
-0.0970545334
-0.1015582108
-0.1045233256
-0.1057348109
-0.1040824384
-0.0976736628
-0.0861209688
-0.0688212031
-0.0489225071
-0.0289195255
-0.0133490736
-0.0065105329
-0.0064571085
-0.0102350535
-0.0168927756
-0.0256515086
-0.0324851423
-0.0322344489
-0.0254837257
-0.0184301663
-0.0150860509
-0.0166350771
-0.0241369896
-0.0335345549
-0.0408007365
-0.0452924404
-0.0439253608
-0.0380026014
-0.0327681221
-0.0303779647
-0.0314690871
-0.0383890987
-0.0507575987
-0.0602174280
-0.0584855246
-0.0423233402
-0.0224705588
-0.0093160242
-0.0040206274
-0.0033252269
-0.0033392874
-0.0024316930
-0.0011738569
-0.0005635667
-0.0003414105
0.0037501478
0.0129036261
0.0229109764
0.0309225756
0.0364284782
0.0377099260
0.0341494313
0.0274699304
0.0203808762
0.0138185516
0.0070319956
-0.0004067997
-0.0080728187
-0.0154665657
-0.0226514520
-0.0260701255
-0.0232443301
-0.0175000895
-0.0125673492
-0.0091053068
-0.0056415966
-0.0012310155
0.0037580693
0.0084628668
0.0119311855
0.0137066729
0.0150663700
0.0168283565
0.0231977660
0.0380955718
0.0555278274
0.0680142193
0.0731443560
0.0719820289
0.0645132367
0.0421642697
0.0024509753
-0.0483096102
-0.0903503700
-0.1118303787
-0.1133505070
-0.1050053389
-0.0964423826
-0.0886696877
-0.0831514649
-0.0812434260
-0.0799326149
-0.0772987032
-0.0740800728
-0.0714146910
-0.0694631999
-0.0673819225
-0.0645062579
-0.0598838109
-0.0525385286
-0.0428048400
-0.0325912054
-0.0235800014
-0.0194554343
-0.0218621388
-0.0272227351
-0.0318923739
-0.0341552644
-0.0334057342
-0.0312736746
-0.0297687371
-0.0287855168
-0.0272883393
-0.0248412154
-0.0214555657
-0.0164552065
-0.0089147926
0.0002007324
0.0094382480
0.0165381960
0.0192185534
0.0172288901
0.0132244884
0.0081504315
0.0012682248
-0.0057949569
-0.0088890460
-0.0044165753
0.0074580696
0.0207229687
0.0311129757
0.0363318034
0.0362606425
0.0343983033
0.0334372261
0.0330712787
0.0317236737
0.0274123846
0.0182489263
0.0049540715
-0.0113789551
-0.0272379609
-0.0359095567
-0.0347943424
-0.0286636617
-0.0234544637
-0.0204174068
-0.0172876166
-0.0123333607
-0.0028716520
0.0152896710
0.0372105142
0.0556860992
0.0684075285
0.0750808802
0.0802694361
0.0877436708
0.0974137391
0.1089142465
0.1213432286
0.1313365995
0.1319174559
0.1218007945
0.1067650254
0.0962267012
0.0986717929
0.1139999214
0.1342345608
0.1485366005
0.1512475413
0.1446398069
0.1347198221
0.1263182977
0.1195791969
0.1120589641
0.0997046410
0.0788596503
0.0482235395
0.0168891765
-0.0082147892
-0.0266934729
-0.0359194805
-0.0361934451
-0.0328105123
-0.0287059552
-0.0233498973
-0.0163985210
-0.0087413258
-0.0037570260
-0.0045664550
-0.0088867813
-0.0126794868
-0.0144698489
-0.0142239923
-0.0089422510
0.0052015740
0.0277697600
0.0519511325
0.0684954426
0.0692922875
0.0593763407
0.0484760018
0.0397301991
0.0305691109
0.0233378096
0.0216119237
0.0217194660
0.0199070047
0.0166464976
0.0139153274
0.0080506536
-0.0093523573
-0.0355147816
-0.0593524639
-0.0715427217
-0.0719727239
-0.0651802075
-0.0515978960
-0.0303214547
-0.0064604486
0.0152548960
0.0284768738
0.0316857121
0.0303497031
0.0274295022
0.0207241757
0.0097230362
-0.0046291317
-0.0238120586
-0.0443966646
-0.0624638242
-0.0753293923
-0.0823901279
-0.0836908440
-0.0816687319
-0.0767693752
-0.0648833274
-0.0429853865
-0.0190348819
-0.0016394132
0.0068503475
0.0090786780
0.0084479964
0.0045092735
-0.0083539156
-0.0315006843
-0.0597885231
-0.0888518362
-0.1116113177
-0.1215477617
-0.1169070998
-0.0949161535
-0.0474693568
0.0206740431
0.0864260127
0.1167763918
0.1173468897
0.1114799513
0.1126708077
0.1169028862
0.1162996893
0.1104143604
0.1051938078
0.1036546746
0.1044807072
0.1048683983
0.1037377607
0.0978666086
0.0788742222
0.0451077462
-0.0012071589
-0.0537394800
-0.1071081669
-0.1506516303
-0.1730410210
-0.1726713253
-0.1567804237
-0.1363162333
-0.1210516593
-0.1119039404
-0.1085997221
-0.1103878940
-0.1148040084
-0.1200347877
-0.1244246113
-0.1251733515
-0.1208943093
-0.1121750564
-0.1006179293
-0.0913116315
-0.0885094847
-0.0884051992
-0.0864728446
-0.0822895731
-0.0766162826
-0.0663630318
-0.0435136787
0.0012070698
0.0525617470
0.0886286494
0.0991545524
0.0932178708
0.0846755433
0.0722709647
0.0465633105
0.0118872504
-0.0219668105
-0.0462954863
-0.0586680682
-0.0617788579
-0.0600940498
-0.0561966856
-0.0488528956
-0.0380954357
-0.0224195791
-0.0020999883
0.0239709404
0.0551772683
0.0859872762
0.1125647226
0.1313618370
0.1413326478
0.1437694880
0.1416299230
0.1276403449
0.0952074595
0.0511032420
0.0114121193
-0.0126376015
-0.0197469773
-0.0180402631
-0.0114057199
0.0028376701
0.0243901893
0.0468367527
0.0646277049
0.0723606784
0.0702055759
0.0618286745
0.0430931351
0.0186605293
-0.0044865511
-0.0199947520
-0.0180258229
-0.0028849194
0.0167681421
0.0361700774
0.0539052571
0.0681900475
0.0744026293
0.0753742930
0.0760755429
0.0770639291
0.0769188248
0.0756486569
0.0747826394
0.0783290056
0.0849317364
0.0906963205
0.0945889006
0.0955736877
0.0919542427
0.0868520208
0.0832370088
0.0805764990
0.0808101759
0.0864932541
0.0943086991
0.1002019284
0.1039621326
0.1042052460
0.0982574599
0.0900103887
0.0834720902
0.0777013612
0.0747213673
0.0753587116
0.0764264970
0.0760239268
0.0743811665
0.0700932583
0.0616416979
0.0498792477
0.0362132444
0.0224226691
0.0090846955
-0.0044710443
-0.0200689984
-0.0387630737
-0.0563802387
-0.0687975897
-0.0762683570
-0.0805086871
-0.0814693780
-0.0794754002
-0.0750304492
-0.0682562354
-0.0594434065
-0.0482164730
-0.0327678149
-0.0147454682
0.0031337260
0.0216956023
0.0382689552
0.0516539890
0.0598030511
0.0590399585
0.0526870126
0.0458274743
0.0408240208
0.0369244313
0.0330997729
0.0304114844
0.0287836866
0.0270584590
0.0250627651
0.0230747213
0.0203459344
0.0164252815
0.0114428914
0.0064643506
0.0021961697
0.0005001873
0.0035409206
0.0087285666
0.0128824618
0.0156056394
0.0175918485
0.0166305827
0.0132010242
0.0093957043
0.0062406766
0.0033815516
0.0001776850
-0.0034485936
-0.0071736633
-0.0107590312
-0.0140922002
-0.0172144499
-0.0201158522
-0.0197674745
-0.0105990433
0.0041423303
0.0185497391
0.0297667532
0.0351899164
0.0339078628
0.0271063575
0.0189446591
0.0121334845
0.0058261636
-0.0011885073
-0.0072607918
-0.0100163787
-0.0075201318
-0.0018207085
0.0036141658
0.0077626176
0.0118805263
0.0168417872
0.0218159301
0.0261072135
0.0296569637
0.0327138682
0.0352740427
0.0372140299
0.0384735673
0.0392765834
0.0397292686
0.0398951203
0.0395899842
0.0389518806
0.0374554579
0.0347639346
0.0304987533
0.0232204797
0.0135496038
0.0034153320
-0.0060069207
-0.0152175577
-0.0246876181
-0.0330739210
-0.0388962353
-0.0423129556
-0.0453081534
-0.0491754960
-0.0535600966
-0.0581405397
-0.0629230580
-0.0676357892
-0.0712246860
-0.0722960266
-0.0697488878
-0.0606010372
-0.0369226054
-0.0009459013
0.0343689137
0.0612948256
0.0719041220
0.0694303693
0.0626639243
0.0525703058
0.0400360287
0.0282516504
0.0187786406
0.0106339193
0.0024737781
-0.0061032795
-0.0147738132
-0.0231044137
-0.0311084022
-0.0386478725
-0.0441363897
-0.0420088465
-0.0279377361
-0.0045302799
0.0230657324
0.0481785510
0.0612594932
0.0605887477
0.0530018881
0.0425785106
0.0302816586
0.0198386309
0.0134443132
0.0102290141
0.0072598305
0.0037396894
0.0007633771
-0.0013910003
-0.0032325378
-0.0051657325
-0.0074852865
-0.0108328825
-0.0125419537
-0.0097208372
-0.0016524462
0.0088463223
0.0178799065
0.0245457441
0.0289308977
0.0304959925
0.0294295502
0.0272584406
0.0243999287
0.0225971015
0.0225179920
0.0231076705
0.0228393152
0.0209503954
0.0175962684
0.0120270264
0.0038026088
-0.0076763494
-0.0220199145
-0.0337720151
-0.0422002210
-0.0473143330
-0.0485515385
-0.0466642603
-0.0439218056
-0.0419291225
-0.0407815780
-0.0403218219
-0.0411660826
-0.0435770708
-0.0477363909
-0.0542415954
-0.0607848536
-0.0660701019
-0.0706655997
-0.0746053628
-0.0768185333
-0.0748685345
-0.0681961484
-0.0569254992
-0.0393426616
-0.0174636423
-0.0006358915
0.0073536173
0.0093929084
0.0091861808
0.0086734919
0.0073156997
0.0050149618
0.0027544844
0.0023103330
0.0061536271
0.0139778943
0.0237721790
0.0354143629
0.0482816954
0.0585005793
0.0646377560
0.0677736515
0.0677901108
0.0624075557
0.0478087236
0.0271278554
0.0080759438
-0.0080885581
-0.0214142465
-0.0268312123
-0.0250560234
-0.0201080177
-0.0143705187
-0.0083352135
-0.0028629800
0.0007498138
0.0034038391
0.0060218262
0.0094811253
0.0136244647
0.0177122202
0.0216992541
0.0261530930
0.0314013146
0.0371335247
0.0411699450
0.0424163721
0.0412066380
0.0376629185
0.0325090806
0.0267821726
0.0209063505
0.0154801193
0.0096116139
-0.0002383348
-0.0151496536
-0.0303393799
-0.0404396391
-0.0419243121
-0.0371681680
-0.0289922752
-0.0168929204
-0.0028174332
0.0101025986
0.0211142896
0.0292519356
0.0333536134
0.0336374798
0.0314929814
0.0265442822
0.0177745588
0.0066667549
-0.0021378791
-0.0076713677
-0.0121079881
-0.0172167059
-0.0219217562
-0.0246296071
-0.0246132400
-0.0227506418
-0.0177384803
-0.0095809032
-0.0000330180
0.0098351914
0.0201568291
0.0295751768
0.0372282902
0.0437652851
0.0477679926
0.0477707577
0.0446577734
0.0386466699
0.0301425059
0.0204913240
0.0098840642
-0.0028798438
-0.0164704982
-0.0339198802
-0.0501923677
-0.0598426849
-0.0616790054
-0.0570993085
-0.0469078126
-0.0323229160
-0.0175969487
-0.0067336978
0.0005447391
0.0076313784
0.0149596968
0.0204704801
0.0233291587
0.0240271870
0.0236451974
0.0223907338
0.0209878390
0.0206593308
0.0226324998
0.0265813572
0.0311824599
0.0348728507
0.0369227810
0.0374647102
0.0366374793
0.0345739383
0.0312032512
0.0263700648
0.0218389730
0.0189650817
0.0185685026
0.0197614044
0.0213759426
0.0222978995
0.0213080210
0.0190086569
0.0166241306
0.0151515322
0.0145678317
0.0145389381
0.0149323614
0.0156246136
0.0162982779
0.0163588302
0.0152232987
0.0127072744
0.0085269743
0.0030564147
-0.0031805101
-0.0082613754
-0.0111606182
-0.0123696105
-0.0127056153
-0.0125812934
-0.0124090072
-0.0122969135
-0.0114217885
-0.0094116456
-0.0066392307
-0.0037316433
-0.0008497699
0.0026685186
0.0071916060
0.0124988438
0.0185172904
0.0243692795
0.0270871551
0.0260843682
0.0224544551
0.0149823930
0.0034637129
-0.0102797084
-0.0251020038
-0.0403510886
-0.0507130052
-0.0524304245
-0.0485142749
-0.0425873196
-0.0334147494
-0.0205767056
-0.0055375876
0.0103268915
0.0254260877
0.0374294304
0.0421307544
0.0406144534
0.0364270868
0.0325799693
0.0288186635
0.0253044432
0.0221670686
0.0181034489
0.0122575650
0.0033917852
-0.0069709781
-0.0154886825
-0.0190065238
-0.0162007253
-0.0084681864
0.0025687052
0.0143303890
0.0235082480
0.0276041541
0.0267575496
0.0231804772
0.0188018283
0.0137139106
0.0072474137
0.0002048152
-0.0063540432
-0.0125810871
-0.0172653023
-0.0205714255
-0.0233628759
-0.0253860326
-0.0261974934
-0.0248737388
-0.0216188454
-0.0171448209
-0.0123104188
-0.0075056521
-0.0029479305
0.0009937142
0.0033084437
0.0045274664
0.0055147378
0.0059414658
0.0045940933
-0.0002304857
-0.0088824843
-0.0196900548
-0.0282254606
-0.0317470808
-0.0313999935
-0.0289203111
-0.0256116993
-0.0222000748
-0.0186701854
-0.0148825492
-0.0115960981
-0.0105643693
-0.0126861144
-0.0167442170
-0.0216223172
-0.0253064798
-0.0264211323
-0.0253923705
-0.0226133193
-0.0169222134
-0.0088805136
-0.0004066872
0.0053113547
0.0076418245
0.0079460828
0.0071376286
0.0059048122
0.0043039496
0.0022866594
0.0000339938
-0.0022433554
-0.0049949210
-0.0086285605
-0.0130815567
-0.0185606900
-0.0244985172
-0.0294208685
-0.0312216372
-0.0289095007
-0.0234060473
-0.0148294584
-0.0054127698
0.0014265601
0.0042807974
0.0049729140
0.0048808083
0.0040461356
0.0005828714
-0.0056706307
-0.0131162878
-0.0190043248
-0.0214211155
-0.0215736682
-0.0203526804
-0.0173496041
-0.0112773820
-0.0027876297
0.0066295132
0.0166739077
0.0273799929
0.0348955556
0.0371695550
0.0349816701
0.0297851392
0.0229495436
0.0155615112
0.0076300310
-0.0013067700
-0.0095464969
-0.0149719293
-0.0173954090
-0.0189656918
-0.0206624339
-0.0217245881
-0.0213382576
-0.0194791443
-0.0168198635
-0.0137735982
-0.0097251517
-0.0038731117
0.0044152103
0.0129823889
0.0188759913
0.0204253292
0.0176419459
0.0104544130
0.0003566598
-0.0088772700
-0.0151117667
-0.0192536620
-0.0226633597
-0.0261425635
-0.0293354430
-0.0309504641
-0.0292954669
-0.0235279639
-0.0144388310
-0.0041352519
0.0070010436
0.0176449218
0.0247790830
0.0269693686
0.0263330997
0.0241485111
0.0206661471
0.0156745047
0.0092040401
0.0033789304
-0.0005750631
-0.0040566173
-0.0079863706
-0.0115734239
-0.0143718047
-0.0167151040
-0.0190672780
-0.0215707099
-0.0240917202
-0.0261861343
-0.0276506744
-0.0285291965
-0.0292585632
-0.0301722027
-0.0316615500
-0.0338133958
-0.0365441622
-0.0395499379
-0.0420054625
-0.0424039465
-0.0408654365
-0.0379518281
-0.0341239393
-0.0292889227
-0.0237384486
-0.0179501105
-0.0121010445
-0.0068100290
-0.0035747703
-0.0033150849
-0.0046929758
-0.0060978282
-0.0065727707
-0.0058358416
-0.0040818754
-0.0020055269
-0.0005885017
-0.0000897075
-0.0003845039
-0.0008692036
-0.0011172416
-0.0009987432
-0.0011453728
-0.0023071899
-0.0048573660
-0.0091250842
-0.0157688401
-0.0222004435
-0.0283854440
-0.0342960323
-0.0391675883
-0.0420786687
-0.0421386943
-0.0398679560
-0.0369308614
-0.0340804782
-0.0308127247
-0.0268380681
-0.0224727577
-0.0181337514
-0.0140573857
-0.0111934225
-0.0097108607
-0.0094592500
-0.0099286138
-0.0111157307
-0.0129469423
-0.0151606045
-0.0172932522
-0.0190512796
-0.0203511091
-0.0214160416
-0.0225212487
-0.0240262126
-0.0260626025
-0.0285787058
-0.0308716355
-0.0323512609
-0.0326395033
-0.0314733270
-0.0287026063
-0.0232304912
-0.0151581422
-0.0068261063
-0.0014040536
0.0015457384
0.0035601506
0.0034744421
0.0010516888
-0.0028426952
-0.0074207006
-0.0121014747
-0.0169833012
-0.0216304019
-0.0244699923
-0.0253825038
-0.0236712600
-0.0198207979
-0.0138128458
-0.0064430107
0.0003139345
0.0059085869
0.0106521868
0.0150201701
0.0177042363
0.0170490810
0.0135870342
0.0088572074
0.0036798626
-0.0014915288
-0.0055173889
-0.0064408293
-0.0047067138
-0.0019807086
0.0013298151
0.0048445366
0.0080839364
0.0103614602
0.0115771064
0.0117109307
0.0112590838
0.0104564408
0.0092930910
0.0079249229
0.0065986050
0.0053804176
0.0042999072
0.0037677240
0.0039968958
0.0049122563
0.0053662890
0.0046017260
0.0027155832
0.0002384833
-0.0025589288
-0.0048678428
-0.0062197361
-0.0065660290
-0.0064706314
-0.0064575738
-0.0072744683
-0.0090854373
-0.0116799610
-0.0145583951
-0.0172147484
-0.0182887927
-0.0170632930
-0.0133693031
-0.0078486092
-0.0017968655
0.0025976760
0.0049688145
0.0065791173
0.0076843200
0.0083014612
0.0082666730
0.0073243418
0.0052910682
0.0018673921
-0.0035155874
-0.0093380356
-0.0127814944
-0.0135818331
-0.0119115135
-0.0088191537
-0.0050991319
-0.0017819894
0.0002478848
0.0015681628
0.0024976291
0.0022126443
0.0001593582
-0.0035459953
-0.0076496416
-0.0110020481
-0.0122599702
-0.0117092365
-0.0095320435
-0.0061012254
-0.0019297860
0.0017440630
0.0044668615
0.0065082813
0.0073543590
0.0066279902
0.0059637098
0.0065644752
0.0083191186
0.0102342196
0.0116978335
0.0124644638
0.0115782826
0.0091536223
0.0050957040
0.0004997950
-0.0034178448
-0.0062824961
-0.0078285553
-0.0079248351
-0.0066143532
-0.0041848227
-0.0012093438
0.0019118574
0.0053366405
0.0085326011
0.0109446252
0.0126464631
0.0137012699
0.0137911942
0.0134498610
0.0136380929
0.0145157592
0.0155727517
0.0158274832
0.0152096529
0.0140169311
0.0127335520
0.0116232448
0.0108630402
0.0104680017
0.0104371462
0.0106943224
0.0111435972
0.0112143367
0.0106393530
0.0094882445
0.0076696472
0.0050643218
0.0023595078
0.0003583130
-0.0007875400
-0.0012227219
-0.0009600119
0.0002250394
0.0018964441
0.0035581132
0.0047721643
0.0056177681
0.0064479440
0.0074689634
0.0086878882
0.0104033939
0.0128399663
0.0156416697
0.0182296361
0.0201227344
0.0208203238
0.0202402838
0.0189793024
0.0173395574
0.0151742634
0.0127772062
0.0105713655
0.0087512979
0.0071157620
0.0053899858
0.0031407661
0.0005971896
-0.0016652164
-0.0046258135
-0.0061088361
-0.0051932742
-0.0024378290
0.0005667887
0.0030068479
0.0053882126
0.0081361362
0.0108297751
0.0130952551
0.0148613673
0.0162050134
0.0170634510
0.0168092638
0.0150558625
0.0117504371
0.0078093705
0.0044917478
0.0027481096
0.0023002055
0.0028670658
0.0040013548
0.0053521955
0.0067450568
0.0082847738
0.0100969981
0.0119992038
0.0137521047
0.0151264395
0.0161732538
0.0169050256
0.0174171790
0.0178195561
0.0179438516
0.0173986701
0.0161554471
0.0145869024
0.0131295254
0.0117586009
0.0102622617
0.0086826081
0.0071781270
0.0060717876
0.0050868643
0.0035268574
0.0012792432
-0.0015117990
-0.0055836032
-0.0107024466
-0.0156794820
-0.0188045188
-0.0197961618
-0.0181936453
-0.0147053999
-0.0099356320
-0.0048301183
-0.0002772191
0.0032343857
0.0051783819
0.0056482549
0.0044296329
0.0019366348
-0.0009950959
-0.0025891234
-0.0027206100
-0.0019539842
-0.0009398395
0.0000719194
0.0008609678
0.0015858299
0.0025480566
0.0039016620
0.0055994830
0.0076854656
0.0102537555
0.0133951901
0.0166150232
0.0193887855
0.0212820944
0.0220874236
0.0216184548
0.0204029183
0.0187946345
0.0167202129
0.0141797149
0.0120165145
0.0108378203
0.0107291325
0.0110835979
0.0114050528
0.0116305395
0.0114724214
0.0104675760
0.0092184145
0.0080348923
0.0062516625
0.0039551044
0.0018422639
0.0008355303
0.0008644225
0.0017594438
0.0030174195
0.0042894501
0.0056736635
0.0071295175
0.0081241626
0.0086772095
0.0086050084
0.0076435100
0.0055889754
0.0029229749
0.0002682986
-0.0019343608
-0.0033799100
-0.0040532140
-0.0042384375
-0.0039844812
-0.0030279170
-0.0012653411
0.0010936053
0.0033602415
0.0048523799
0.0048090549
0.0038345563
0.0026488255
0.0014541370
0.0001813926
-0.0010589106
-0.0022889636
-0.0035724200
-0.0047810787
-0.0056924051
-0.0059216006
-0.0049871786
-0.0027230482
0.0007191413
0.0045365914
0.0080712869
0.0110878291
0.0133901383
0.0147791810
0.0156923904
0.0161014916
0.0160312262
0.0156830811
0.0151921491
0.0145391751
0.0133976085
0.0116781746
0.0094972422
0.0071584769
0.0044676778
0.0007142966
-0.0027970791
-0.0050665954
-0.0066364392
-0.0080500787
-0.0090879742
-0.0095079692
-0.0093314563
-0.0086301054
-0.0073529809
-0.0052139557
-0.0023460156
0.0009450919
0.0050069384
0.0089608345
0.0114589424
0.0129834949
0.0131275503
0.0119312646
0.0096230081
0.0066644067
0.0035522300
0.0008236384
-0.0013244797
-0.0030028687
-0.0044304010
-0.0056778946
-0.0066618479
-0.0075914725
-0.0085988725
-0.0093272428
-0.0093987064
-0.0086099111
-0.0069613176
-0.0047377405
-0.0019752086
0.0006036481
0.0020481879
0.0021230233
0.0010638155
-0.0004081129
-0.0017934108
-0.0030761846
-0.0044431953
-0.0058295739
-0.0064435813
-0.0062183535
-0.0056569893
-0.0052374858
-0.0048596088
-0.0036371437
-0.0017543257
-0.0001051915
0.0007576475
0.0008556004
0.0002831592
-0.0002323870
0.0000472051
0.0007553208
0.0012785168
0.0012051926
0.0008623057
0.0007610504
0.0011372279
0.0020253973
0.0038785169
0.0066347319
0.0099200550
0.0130925251
0.0159573134
0.0182830693
0.0197960784
0.0197295744
0.0181058146
0.0158755265
0.0139818489
0.0126626107
0.0119955959
0.0118719675
0.0122195508
0.0124344641
0.0121156340
0.0111394627
0.0099766396
0.0090436923
0.0078101649
0.0058938570
0.0036433166
0.0023549883
0.0015050811
0.0013870874
0.0021844784
0.0033859762
0.0042393628
0.0047946805
0.0054577232
0.0062091583
0.0067426911
0.0067509602
0.0060148651
0.0045060475
0.0020646905
-0.0010237375
-0.0039293258
-0.0064712898
-0.0086449538
-0.0099055139
-0.0103730036
-0.0103761550
-0.0104726103
-0.0110431697
-0.0123544461
-0.0137052157
-0.0145184716
-0.0154698049
-0.0170941529
-0.0191374469
-0.0209900862
-0.0223366598
-0.0229549203
-0.0230382960
-0.0228427694
-0.0225345258
-0.0219571545
-0.0204721523
-0.0183505740
-0.0163491610
-0.0148747015
-0.0137986908
-0.0127082488
-0.0115509165
-0.0106932032
-0.0100508114
-0.0092427478
-0.0076517132
-0.0051167543
-0.0017926019
0.0021351697
0.0064665451
0.0101768142
0.0128446363
0.0140387494
0.0140733313
0.0129105039
0.0107361244
0.0079059443
0.0050297048
0.0026730021
0.0009177078
-0.0005923848
-0.0020532547
-0.0033939561
-0.0043635745
-0.0048249918
-0.0047623591
-0.0044251472
-0.0039343417
-0.0031519005
-0.0019765495
-0.0005879039
0.0007289655
0.0017632281
0.0025634093
0.0032433798
0.0037035445
0.0038714100
0.0038635671
0.0042923285
0.0055135747
0.0072147982
0.0088287571
0.0097858182
0.0102924456
0.0102330696
0.0098392338
0.0094971544
0.0089973125
0.0080451760
0.0066368913
0.0052842036
0.0043897797
0.0041814097
0.0044641578
0.0047926659
0.0048518840
0.0047195124
0.0049562660
0.0056599826
0.0065687502
0.0069855105
0.0064256693
0.0045130175
0.0015541901
-0.0019836717
-0.0050548896
-0.0071912681
-0.0084857648
-0.0090161023
-0.0087172251
-0.0073374390
-0.0051987387
-0.0033757720
-0.0023461557
-0.0020339614
-0.0020990740
-0.0024948507
-0.0035798657
-0.0053388789
-0.0074484706
-0.0094571212
-0.0111556893
-0.0125639564
-0.0140694733
-0.0158156106
-0.0173206842
-0.0184075448
-0.0192804752
-0.0200413118
-0.0205546590
-0.0205263843
-0.0197737597
-0.0182699239
-0.0154962889
-0.0114283590
-0.0067635965
-0.0023994866
0.0013035998
0.0039005937
0.0055909286
0.0067761055
0.0072640924
0.0063895512
0.0045073292
0.0024409370
0.0010053998
0.0002865129
0.0000378601
0.0000089997
0.0002345922
0.0006988587
0.0011877401
0.0014843723
0.0015859572
0.0015646068
0.0014830652
0.0015997219
0.0021830664
0.0029078631
0.0034386817
0.0036996725
0.0037744534
0.0036992814
0.0036252321
0.0036519443
0.0038830921
0.0038400032
0.0028623277
0.0010340831
-0.0011934859
-0.0035837808
-0.0055963404
-0.0067720368
-0.0066843772
-0.0059180410
-0.0051440414
-0.0044789491
-0.0037363760
-0.0029036711
-0.0020544801
-0.0012477034
-0.0005659588
0.0000050801
0.0008812526
0.0022249303
0.0038308014
0.0053509183
0.0066251899
0.0074444589
0.0078064034
0.0078807420
0.0080355770
0.0084525874
0.0086670618
0.0086044423
0.0089139675
0.0091668160
0.0083606792
0.0065493898
0.0041924031
0.0012534558
-0.0017790614
-0.0042823928
-0.0059533252
-0.0069436734
-0.0071757174
-0.0063865666
-0.0048499879
-0.0033625629
-0.0018893622
0.0001340216
0.0023500712
0.0042846014
0.0059176153
0.0072435557
0.0081002727
0.0087683672
0.0094781407
0.0101235962
0.0106566198
0.0112055146
0.0118889051
0.0126401867
0.0129811599
0.0130446178
0.0134109603
0.0138450180
0.0138139386
0.0132089948
0.0121536087
0.0106644676
0.0090930919
0.0076386732
0.0061187161
0.0045383251
0.0031906375
0.0025612200
0.0026640869
0.0031230367
0.0034065432
0.0033026202
0.0027359812
0.0018720989
0.0008958460
0.0000093289
-0.0003453905
0.0002561906
0.0018223759
0.0037633630
0.0055552889
0.0070812723
0.0083680705
0.0091803169
0.0086970308
0.0066230700
0.0031768030
-0.0009513780
-0.0049798225
-0.0078934002
-0.0099006332
-0.0114592628
-0.0122498577
-0.0121490923
-0.0116854167
-0.0114267526
-0.0114609658
-0.0110293045
-0.0095522159
-0.0068484558
-0.0036582703
-0.0005816332
0.0026416410
0.0053678164
0.0065617583
0.0068956169
0.0074070461
0.0072965455
0.0062524570
0.0048931988
0.0037391596
0.0028349554
0.0023455851
0.0021535255
0.0019685209
0.0012535774
0.0000915466
-0.0008118167
-0.0011497202
-0.0010818460
-0.0004231288
0.0007869023
0.0020093165
0.0027443846
0.0030056475
0.0034260858
0.0042054840
0.0049614540
0.0053396953
0.0052381705
0.0047443724
0.0040048454
0.0030760784
0.0016041374
-0.0006528963
-0.0033606734
-0.0060227611
-0.0083670259
-0.0099654649
-0.0107184450
-0.0107896102
-0.0105880003
-0.0103189954
-0.0106088837
-0.0113189690
-0.0113340456
-0.0101322910
-0.0080364285
-0.0053868959
-0.0020743720
0.0022722472
0.0070823301
0.0114137696
0.0145241248
0.0162407936
0.0164524941
0.0156548327
0.0139927119
0.0120171816
0.0100716421
0.0080800520
0.0059146570
0.0036192870
0.0013803953
-0.0007077076
-0.0026656881
-0.0045805002
-0.0063866368
-0.0077886758
-0.0083018431
-0.0077757498
-0.0064738311
-0.0046991074
-0.0026768865
-0.0004667918
0.0019500173
0.0045168316
0.0070792314
0.0091630984
0.0105400623
0.0112314674
0.0114703454
0.0112969707
0.0106363596
0.0095918409
0.0082830927
0.0066278146
0.0047167649
0.0029075936
0.0009161804
-0.0016361775
-0.0044483569
-0.0068103626
-0.0082416375
-0.0086466700
-0.0081159945
-0.0071800758
-0.0065403350
-0.0065732096
-0.0069168514
-0.0072312793
-0.0074606065
-0.0075054019
-0.0071367464
-0.0062411594
-0.0050288402
-0.0038539900
-0.0035399984
-0.0048538810
-0.0066856852
-0.0081938882
-0.0098871981
-0.0116707614
-0.0130377050
-0.0140377619
-0.0148145091
-0.0151964065
-0.0153449563
-0.0155279300
-0.0157548915
-0.0157746557
-0.0151722532
-0.0135784623
-0.0109791983
-0.0077837600
-0.0044003794
-0.0007954361
0.0023682615
0.0043879762
0.0054835882
0.0055430740
0.0050762690
0.0038740768
0.0016802610
-0.0014544381
-0.0048021464
-0.0078210368
-0.0103601083
-0.0122752180
-0.0134174035
-0.0136060040
-0.0130932361
-0.0119142699
-0.0105443944
-0.0094693581
-0.0089055272
-0.0085977313
-0.0083591430
-0.0080291250
-0.0074715354
-0.0070073595
-0.0069865990
-0.0075863724
-0.0084477243
-0.0091871464
-0.0100134731
-0.0112012088
-0.0127387707
-0.0143291074
-0.0156149619
-0.0157365142
-0.0150121512
-0.0139648498
-0.0130573507
-0.0125444599
-0.0121227444
-0.0115247222
-0.0108511940
-0.0104368346
-0.0105123055
-0.0108890677
-0.0112349831
-0.0107657861
-0.0096696644
-0.0086670706
-0.0079803487
-0.0074102238
-0.0070234851
-0.0070456326
-0.0076319446
-0.0083045160
-0.0087240239
-0.0089656889
-0.0094085029
-0.0103097827
-0.0113194605
-0.0118032471
-0.0111008428
-0.0099803265
-0.0094424001
-0.0095214175
-0.0098265316
-0.0103078602
-0.0104848647
-0.0099450774
-0.0086130362
-0.0067000332
-0.0044563539
-0.0022932430
-0.0005398110
0.0003781217
0.0005337378
-0.0000175531
-0.0007311635
-0.0009582971
-0.0004659627
0.0005811574
0.0020767531
0.0036106150
0.0048216824
0.0054439281
0.0055410989
0.0048528935
0.0035810652
0.0020619535
-0.0001998291
-0.0035242200
-0.0075155232
-0.0103512028
-0.0115137626
-0.0120176337
-0.0126038052
-0.0130749203
-0.0129899075
-0.0123432758
-0.0112822101
-0.0099490452
-0.0083860132
-0.0068427982
-0.0055273083
-0.0046833461
-0.0040363216
-0.0030916334
-0.0014654201
0.0008156344
0.0032062193
0.0052633904
0.0067554108
0.0072928367
0.0066925191
0.0050925878
0.0029109930
0.0008028528
-0.0008981099
-0.0021833030
-0.0032879996
-0.0041759786
-0.0042038754
-0.0034360083
-0.0024126149
-0.0014661478
-0.0003780215
0.0007206200
0.0015821966
0.0025068067
0.0037774314
0.0055266148
0.0073921187
0.0089792249
0.0098445446
0.0100743107
0.0101467400
0.0100004023
0.0091348061
0.0078438075
0.0065210975
0.0050673635
0.0032665952
0.0011497088
-0.0008513912
-0.0027450759
-0.0048033096
-0.0063740488
-0.0069405264
-0.0065506275
-0.0054492697
-0.0034533624
-0.0007355584
0.0020966622
0.0042537643
0.0056706921
0.0065373856
0.0069930290
0.0069349653
0.0063439877
0.0054614012
0.0044878546
0.0033107243
0.0018695212
0.0003400449
-0.0008694437
-0.0015084071
-0.0012301965
-0.0001742204
0.0013040115
0.0027853583
0.0040289478
0.0051293949
0.0061920627
0.0070862583
0.0078301222
0.0085600595
0.0092620906
0.0097481595
0.0094361895
0.0088090060
0.0088065920
0.0092349351
0.0095543973
0.0098963977
0.0102884033
0.0104566866
0.0100545860
0.0089701263
0.0074762230
0.0058686503
0.0042027500
0.0025415734
0.0010041647
-0.0002036078
-0.0008073433
-0.0007106549
-0.0000685991
0.0007431493
0.0015362258
0.0023841887
0.0033335289
0.0040904188
0.0044219476
0.0040740632
0.0035386966
0.0033236038
0.0032791880
0.0032938811
0.0035619581
0.0042448636
0.0053209011
0.0063561851
0.0072417079
0.0082588692
0.0094666500
0.0106227621
0.0111527134
0.0111523974
0.0109857205
0.0104620237
0.0092714570
0.0075990921
0.0057375253
0.0037746360
0.0020776099
0.0008194314
-0.0000996643
-0.0007308940
-0.0010808431
-0.0014556639
-0.0019640686
-0.0024492816
-0.0030427320
-0.0038419335
-0.0041469560
-0.0035039883
-0.0019381456
0.0002130317
0.0027605831
0.0051099072
0.0071225432
0.0090159312
0.0109875508
0.0129793253
0.0144874186
0.0150475978
0.0142820428
0.0127875426
0.0110270309
0.0085992455
0.0055893090
0.0029534714
0.0013494393
0.0005064287
0.0002097811
0.0003002325
0.0006410373
0.0005684197
-0.0000236751
-0.0005037294
-0.0008031421
-0.0013669501
-0.0021928274
-0.0029451952
-0.0033188117
-0.0034000829
-0.0034139020
-0.0034903833
-0.0036839699
-0.0041131110
-0.0041980190
-0.0034920108
-0.0025300471
-0.0017417570
-0.0009383151
0.0000604573
0.0010824890
0.0013630381
0.0010680975
0.0008938744
0.0008029538
0.0004914117
-0.0000107221
-0.0002216282
0.0001482452
0.0009259110
0.0017375952
0.0021601135
0.0016538525
0.0001238479
-0.0015784637
-0.0027454143
-0.0032907683
-0.0034514229
-0.0032990879
-0.0028087063
-0.0020748088
-0.0008574636
0.0007927245
0.0026490393
0.0039329622
0.0041813030
0.0036257504
0.0026308578
0.0013388326
-0.0002011546
-0.0019421822
-0.0037097117
-0.0052901509
-0.0065576457
-0.0077580002
-0.0088865442
-0.0094524688
-0.0093707741
-0.0086894069
-0.0070939305
-0.0046857821
-0.0021124670
0.0004108133
0.0030800163
0.0052474316
0.0065803551
0.0071275512
0.0071492422
0.0067407248
0.0057521717
0.0040813698
0.0023411810
0.0010033830
0.0001463621
-0.0000573259
0.0002869743
0.0007628530
0.0011005489
0.0013341445
0.0016697135
0.0021506545
0.0026257756
0.0028857678
0.0028352284
0.0022495765
0.0011969099
0.0000824211
-0.0008641684
-0.0016804914
-0.0023440897
-0.0027287984
-0.0027086870
-0.0026648225
-0.0028873804
-0.0032653035
-0.0035065924
-0.0034446083
-0.0031033879
-0.0026109557
-0.0019187575
-0.0011335310
-0.0004572565
0.0001015438
0.0006109503
0.0009054292
0.0007190171
-0.0001562536
-0.0015334251
-0.0030516757
-0.0044120589
-0.0055453520
-0.0064860899
-0.0069439279
-0.0067856430
-0.0057094261
-0.0039619826
-0.0019874868
0.0000896226
0.0023401311
0.0042831719
0.0056779824
0.0064093505
0.0067610508
0.0070101598
0.0070694392
0.0067805999
0.0061572657
0.0053738163
0.0045129648
0.0033765712
0.0017885301
-0.0002984676
-0.0025677931
-0.0047045148
-0.0065482267
-0.0083577166
-0.0103467566
-0.0115179147
-0.0114473376
-0.0104390555
-0.0092072705
-0.0081677291
-0.0071657190
-0.0058715383
-0.0039382453
-0.0016205005
0.0006327805
0.0026687995
0.0045002056
0.0056378088
0.0059838779
0.0054525615
0.0045408620
0.0037705098
0.0034085587
0.0032547222
0.0031193499
0.0029079355
0.0026125117
0.0021796271
0.0017216197
0.0014064127
0.0013290856
0.0015413198
0.0022787041
0.0035110794
0.0050485166
0.0063322468
0.0070533399
0.0072046022
0.0071255937
0.0069799363
0.0066898812
0.0062090003
0.0058189391
0.0055625617
0.0052730202
0.0050770020
0.0050848454
0.0052534139
0.0052578908
0.0047852615
0.0040902432
0.0035765093
0.0034740795
0.0037477026
0.0043727192
0.0050270626
0.0054950175
0.0057848531
0.0059567531
0.0059510736
0.0057718350
0.0054744896
0.0050932022
0.0046655131
0.0041782429
0.0033462771
0.0023076367
0.0017633791
0.0017304172
0.0017947060
0.0018111134
0.0016857211
0.0011241554
0.0000299875
-0.0014118122
-0.0026320854
-0.0036298126
-0.0047795468
-0.0059166541
-0.0066961137
-0.0069440201
-0.0068947785
-0.0068066933
-0.0067237959
-0.0066615626
-0.0068208613
-0.0071740978
-0.0075733499
-0.0080006835
-0.0084924055
-0.0090103614
-0.0094875774
-0.0098110249
-0.0095104140
-0.0088069168
-0.0082978972
-0.0079363478
-0.0074170050
-0.0069721807
-0.0067284352
-0.0065519706
-0.0061528502
-0.0053681061
-0.0040968726
-0.0025543593
-0.0009983258
0.0003336676
0.0013650071
0.0018875680
0.0018771298
0.0015233991
0.0009872705
0.0002498001
-0.0008924163
-0.0022765679
-0.0035379974
-0.0043743524
-0.0047218606
-0.0039298327
-0.0022190700
-0.0003596429
0.0007923444
0.0012883094
0.0017032543
0.0020564499
0.0019067120
0.0014141130
0.0009872631
0.0011756621
0.0021131688
0.0036889893
0.0053985446
0.0069618092
0.0084312124
0.0095578296
0.0098811630
0.0095976038
0.0090372535
0.0085187403
0.0080129818
0.0073278531
0.0065222914
0.0056836795
0.0045445226
0.0030578556
0.0013739218
-0.0004793781
-0.0023848633
-0.0039658920
-0.0047009684
-0.0044220178
-0.0034329565
-0.0022918943
-0.0012440736
-0.0003765486
0.0002661930
0.0006081602
0.0006577305
0.0002746732
-0.0002476174
-0.0005507364
-0.0005405326
-0.0004963504
-0.0006830140
-0.0010220956
-0.0012859296
-0.0011202798
-0.0004342390
0.0006918901
0.0020104537
0.0033320682
0.0040605807
0.0043512028
0.0047930522
0.0054596675
0.0060561579
0.0063760502
0.0064536236
0.0062909188
0.0059916115
0.0056955433
0.0056331607
0.0058139530
0.0062136308
0.0067471022
0.0073510058
0.0080051867
0.0085552973
0.0086825642
0.0087213289
0.0090676877
0.0094578762
0.0096059827
0.0094734795
0.0091922773
0.0088255311
0.0082052253
0.0076957888
0.0081697963
0.0090262412
0.0092999731
0.0089782549
0.0085302003
0.0081408764
0.0075694699
0.0065715241
0.0052535281
0.0039866279
0.0030361979
0.0023266574
0.0017377620
0.0013456998
0.0011490742
0.0011087873
0.0010600408
0.0009097051
0.0006720039
0.0004110681
0.0001469261
-0.0000760818
-0.0002675981
-0.0004623092
-0.0006012640
-0.0006882445
-0.0009337219
-0.0013666473
-0.0018598976
-0.0023009490
-0.0026035535
-0.0026210490
-0.0023767031
-0.0019061331
-0.0013176730
-0.0007164512
-0.0002301851
0.0000040495
-0.0001343707
-0.0005124251
-0.0009375747
-0.0013358580
-0.0017397696
-0.0021950768
-0.0028163060
-0.0033969104
-0.0034973085
-0.0033652728
-0.0034836338
-0.0034706837
-0.0028383508
-0.0019672428
-0.0013629209
-0.0012230905
-0.0013061261
-0.0013709679
-0.0014170730
-0.0015279826
-0.0017572800
-0.0021905938
-0.0028797047
-0.0038510015
-0.0047882812
-0.0053367546
-0.0057325041
-0.0062412340
-0.0066233377
-0.0067774705
-0.0068326769
-0.0066993924
-0.0063276207
-0.0057682359
-0.0050597264
-0.0041842789
-0.0033084192
-0.0025968236
-0.0022502727
-0.0022881310
-0.0028562089
-0.0038037179
-0.0048946252
-0.0060472524
-0.0071427112
-0.0080176913
-0.0085645144
-0.0087737658
-0.0088568255
-0.0089911765
-0.0091692651
-0.0088900073
-0.0078714370
-0.0066392571
-0.0056503836
-0.0049192482
-0.0046596492
-0.0050494866
-0.0056933663
-0.0059976860
-0.0054716103
-0.0049658124
-0.0052679068
-0.0057320652
-0.0057732703
-0.0054868625
-0.0051168684
-0.0047991969
-0.0049370636
-0.0054114091
-0.0058109377
-0.0059105225
-0.0058042970
-0.0058542715
-0.0060813471
-0.0061052414
-0.0055802235
-0.0045278834
-0.0033336241
-0.0021864465
-0.0010181831
0.0003675957
0.0020361845
0.0032301857
0.0035952057
0.0031248007
0.0024129862
0.0020089447
0.0017789161
0.0013895102
0.0007051777
-0.0001339788
-0.0009611877
-0.0016507183
-0.0022687184
-0.0030096288
-0.0037856027
-0.0043943005
-0.0050204789
-0.0056104865
-0.0055816763
-0.0048583404
-0.0036364577
-0.0023341022
-0.0011707406
-0.0002663718
0.0005609122
0.0015207366
0.0023772820
0.0028006729
0.0025571789
0.0016682133
0.0002314790
-0.0010092864
-0.0017483797
-0.0022920018
-0.0025704244
-0.0020723588
-0.0007263359
0.0010191452
0.0026429577
0.0039555415
0.0049780229
0.0057340930
0.0061717498
0.0063797108
0.0064219517
0.0061216568
0.0053730131
0.0043169339
0.0035116987
0.0031243802
0.0030550440
0.0030034867
0.0028256948
0.0026662429
0.0027558542
0.0033373522
0.0040768972
0.0045518348
0.0046073528
0.0045031595
0.0044953688
0.0047628857
0.0052474228
0.0052975246
0.0046382742
0.0034902482
0.0020779926
0.0005744359
-0.0005472260
-0.0012562710
-0.0017101224
-0.0022903440
-0.0023993505
-0.0014495806
-0.0001883479
0.0006713297
0.0011177398
0.0014131729
0.0017126233
0.0019241886
0.0019976932
0.0019987124
0.0020434472
0.0021417481
0.0021714282
0.0020990253
0.0019526639
0.0015574507
0.0008879842
0.0000982430
-0.0006433337
-0.0012531951
-0.0016534773
-0.0017703881
-0.0014766795
-0.0009175717
-0.0002412528
0.0003995131
0.0009569184
0.0013505326
0.0013950642
0.0009168537
0.0003582312
0.0000334146
-0.0002052479
-0.0003953548
-0.0003432994
-0.0001234679
0.0002470577
0.0015545465
0.0035741032
0.0054216972
0.0066740452
0.0075062841
0.0082557748
0.0090227343
0.0095608976
0.0092624900
0.0078883000
0.0059663433
0.0039052650
0.0016746223
-0.0002431134
-0.0016355868
-0.0026259169
-0.0031859785
-0.0030499877
-0.0024486552
-0.0018334194
-0.0013736387
-0.0012069307
-0.0013987550
-0.0017752087
-0.0020542422
-0.0019926567
-0.0013598398
-0.0001767643
0.0009275815
0.0016470792
0.0020476629
0.0021191951
0.0017990789
0.0011885526
0.0004766037
-0.0000804809
-0.0004609881
-0.0006618532
-0.0000911661
0.0012853796
0.0033162748
0.0053296003
0.0067848354
0.0071426059
0.0062537561
0.0041148820
0.0017402875
-0.0000215048
-0.0010466698
-0.0019580840
-0.0032744649
-0.0050651119
-0.0070727530
-0.0087229222
-0.0096666228
-0.0097764869
-0.0089273016
-0.0074728653
-0.0062382011
-0.0055908715
-0.0054277850
-0.0051719343
-0.0044932357
-0.0031586672
-0.0016340852
-0.0005541340
-0.0005203975
-0.0017040737
-0.0038140205
-0.0061771967
-0.0083196892
-0.0098447816
-0.0107349261
-0.0111334847
-0.0113282256
-0.0113957040
-0.0114932829
-0.0117574202
-0.0122880255
-0.0130841989
-0.0141524452
-0.0150413520
-0.0154540962
-0.0154146424
-0.0152975407
-0.0153326931
-0.0153972527
-0.0153077761
-0.0150113963
-0.0144951654
-0.0137791944
-0.0129645998
-0.0120527072
-0.0109272925
-0.0094888765
-0.0077156364
-0.0063080979
-0.0055991406
-0.0055885497
-0.0061588238
-0.0073165424
-0.0086078921
-0.0096655343
-0.0103808426
-0.0104675189
-0.0097917566
-0.0088624611
-0.0080145092
-0.0072144821
-0.0061587404
-0.0046393803
-0.0031169082
-0.0019665682
-0.0013578208
-0.0010878714
-0.0009305530
-0.0007417001
-0.0005587185
-0.0005974564
-0.0008680071
-0.0012439740
-0.0017488770
-0.0023069318
-0.0026131503
-0.0025795630
-0.0022490608
-0.0017988691
-0.0013639467
-0.0010045013
-0.0008156949
-0.0009411637
-0.0013339185
-0.0017743703
-0.0019973662
-0.0020340470
-0.0020277267
-0.0021297404
-0.0022885695
-0.0022940945
-0.0021363530
-0.0019379555
-0.0018851935
-0.0020459630
-0.0024103755
-0.0028508054
-0.0032916470
-0.0036724652
-0.0038204435
-0.0033778959
-0.0025712574
-0.0018468883
-0.0016821268
-0.0020645171
-0.0026805905
-0.0030547034
-0.0030202448
-0.0027634931
-0.0025737737
-0.0027410589
-0.0035178391
-0.0049078321
-0.0065167962
-0.0079838863
-0.0091135496
-0.0097441786
-0.0096925713
-0.0088950986
-0.0079090781
-0.0071681857
-0.0066369440
-0.0061825865
-0.0059045050
-0.0057973402
-0.0054944645
-0.0050248636
-0.0047143991
-0.0047590365
-0.0050809039
-0.0052865299
-0.0051850227
-0.0048587354
-0.0046271566
-0.0045539767
-0.0042591836
-0.0035683034
-0.0026187148
-0.0018897502
-0.0014670980
-0.0008575083
-0.0001143014
0.0002716546
0.0002752191
0.0001082979
-0.0001740317
-0.0004491713
-0.0005525360
-0.0005425239
-0.0004992876
-0.0001903763
0.0003434182
0.0008500565
0.0012390239
0.0013218085
0.0010154013
0.0006551817
0.0001322678
-0.0008272511
-0.0019882478
-0.0030285934
-0.0038434223
-0.0043735312
-0.0046792818
-0.0047563986
-0.0047266140
-0.0047030884
-0.0043453315
-0.0035646942
-0.0027491038
-0.0020697481
-0.0014008087
-0.0007821388
-0.0003264601
-0.0003049699
-0.0005878425
-0.0008693195
-0.0011221566
-0.0014228092
-0.0016404789
-0.0017356262
-0.0017706233
-0.0017044591
-0.0015283329
-0.0013406501
-0.0012350645
-0.0012342723
-0.0012032052
-0.0011897846
-0.0015174241
-0.0021364785
-0.0027924406
-0.0030719662
-0.0028084421
-0.0019798782
-0.0006257680
0.0011468770
0.0028642440
0.0042089462
0.0050171475
0.0053062809
0.0049815210
0.0043923122
0.0039260203
0.0037808084
0.0038715474
0.0041933336
0.0050476124
0.0063464851
0.0074909134
0.0081551103
0.0083011891
0.0078424864
0.0068989965
0.0058116136
0.0049597071
0.0044318407
0.0039943941
0.0035396008
0.0032566438
0.0028895056
0.0021267755
0.0011535506
0.0004359249
0.0002648286
0.0006117588
0.0013584660
0.0022307345
0.0030439680
0.0037877942
0.0045275762
0.0051844960
0.0052016355
0.0047525450
0.0044456488
0.0045389001
0.0048480830
0.0049115453
0.0042208955
0.0024943991
0.0005846564
-0.0008673738
-0.0019825349
-0.0030558731
-0.0041346528
-0.0050349367
-0.0056848295
-0.0062114406
-0.0064781983
-0.0062907345
-0.0056606454
-0.0049648819
-0.0046125496
-0.0045861709
-0.0046437299
-0.0045082992
-0.0041683678
-0.0036955190
-0.0031181424
-0.0024089829
-0.0015185140
-0.0005225293
0.0004859429
0.0015225401
0.0026498609
0.0039329152
0.0051927212
0.0060455626
0.0059250417
0.0046542725
0.0027346570
0.0008951240
-0.0005317104
-0.0017921278
-0.0030818900
-0.0040744121
-0.0045023299
-0.0043038078
-0.0035471878
-0.0024494422
-0.0011437791
0.0003586916
0.0020629375
0.0036434083
0.0049536106
0.0060984339
0.0070389305
0.0075700668
0.0076275994
0.0071777320
0.0060288268
0.0045340062
0.0032452097
0.0024723565
0.0020053237
0.0014205027
0.0006934750
0.0001138418
0.0000477673
0.0003334824
0.0003694646
0.0002208373
0.0004083452
0.0013786845
0.0029925372
0.0048091120
0.0063576642
0.0074115405
0.0079523505
0.0081220120
0.0080479719
0.0078205627
0.0074052334
0.0068817867
0.0062551080
0.0053403800
0.0040872051
0.0027013440
0.0019017479
0.0016452885
0.0014384854
0.0012908937
0.0015429930
0.0025109233
0.0038322704
0.0049810558
0.0060144569
0.0071943580
0.0083884141
0.0093651867
0.0099037802
0.0099388668
0.0095464969
0.0088816767
0.0080263160
0.0069305499
0.0054131999
0.0034308897
0.0015108181
0.0000134592
-0.0010038715
-0.0012638247
-0.0009219226
-0.0006595318
-0.0006666259
-0.0005930932
-0.0003417014
-0.0001359416
0.0000383584
0.0003762028
0.0010787894
0.0021158536
0.0034101568
0.0045285242
0.0052670553
0.0055475334
0.0056995857
0.0060468442
0.0062233176
0.0058576599
0.0049310988
0.0037853046
0.0026367958
0.0017509329
0.0011437949
0.0006227342
0.0000583178
-0.0004972962
-0.0008316358
-0.0009294544
-0.0008600202
-0.0007611009
-0.0007102669
-0.0007031917
-0.0009157520
-0.0018320008
-0.0032260441
-0.0046228157
-0.0059096578
-0.0069758061
-0.0075647077
-0.0075628950
-0.0068003466
-0.0047704745
-0.0018110076
0.0015963318
0.0045845952
0.0068656743
0.0082327012
0.0090984071
0.0098186927
0.0103931058
0.0106916318
0.0107040838
0.0104176629
0.0095795514
0.0085735033
0.0077855068
0.0066987823
0.0054155261
0.0046460166
0.0045941811
0.0049250111
0.0055513212
0.0062824303
0.0068174773
0.0068607146
0.0065581242
0.0064071208
0.0063766472
0.0061399550
0.0061872346
0.0068715557
0.0079565948
0.0090755574
0.0101624882
0.0111342572
0.0119262302
0.0122381958
0.0122120454
0.0121988473
0.0122055056
0.0121119691
0.0119604083
0.0117577099
0.0114157974
0.0108183677
0.0099776798
0.0089860061
0.0080348089
0.0072497136
0.0068152125
0.0068241664
0.0073251143
0.0080438549
0.0087110189
0.0091536003
0.0093965119
0.0094960966
0.0093633608
0.0089547205
0.0086107275
0.0084696962
0.0084231101
0.0083364249
0.0081569713
0.0077369017
0.0070197280
0.0060249513
0.0049230272
0.0038140437
0.0028124265
0.0020394496
0.0016088829
0.0014784066
0.0015721029
0.0019137043
0.0024493417
0.0031111576
0.0035595173
0.0036745487
0.0034990944
0.0033432350
0.0034797797
0.0036990580
0.0037937375
0.0038540295
0.0038834020
0.0037463271
0.0034217340
0.0029729441
0.0024225957
0.0018278162
0.0012462726
0.0007650875
0.0004457662
0.0003599781
0.0005276514
0.0009113800
0.0014047703
0.0019177190
0.0024430060
0.0029940145
0.0035562083
0.0040673312
0.0044903257
0.0047702551
0.0048559176
0.0047107693
0.0042025029
0.0035182402
0.0029913776
0.0029637906
0.0034157301
0.0035645121
0.0030595656
0.0021238392
0.0012840159
0.0007465553
0.0005368646
0.0005565862
0.0007529239
0.0009290997
0.0010086012
0.0010920722
0.0014638839
0.0023695097
0.0036085266
0.0048192903
0.0055847619
0.0059855501
0.0063060394
0.0066012604
0.0067321265
0.0066610008
0.0064435813
0.0061098764
0.0056914219
0.0053127461
0.0054814156
0.0064056241
0.0079660928
0.0093742371
0.0102920155
0.0109559052
0.0113537922
0.0111425482
0.0105657167
0.0099374711
0.0093591034
0.0088038005
0.0082626614
0.0077004281
0.0070710939
0.0063181226
0.0056861023
0.0054480539
0.0052363798
0.0046274857
0.0034886874
0.0024651316
0.0020525138
0.0019830292
0.0020848726
0.0027489036
0.0036916289
0.0044376694
0.0051597984
0.0060017460
0.0066136509
0.0067343957
0.0064014325
0.0056020770
0.0045279712
0.0037111605
0.0034137488
0.0035015225
0.0036362299
0.0037254743
0.0039783904
0.0043558720
0.0046564320
0.0047444163
0.0047743809
0.0049909050
0.0051502696
0.0049437263
0.0044392539
0.0038820690
0.0033837461
0.0029685331
0.0026164500
0.0022935397
0.0020433098
0.0019955548
0.0024439374
0.0033100049
0.0041299578
0.0047228745
0.0052061651
0.0054983796
0.0054262795
0.0049899438
0.0044290755
0.0039432252
0.0035474406
0.0031214184
0.0024347448
0.0015115625
0.0005230433
-0.0003570778
-0.0010209869
-0.0013247839
-0.0013569684
-0.0012613948
-0.0009617315
-0.0004023774
0.0002953332
0.0009804428
0.0016515460
0.0026379686
0.0039149000
0.0049736031
0.0056944899
0.0062376920
0.0064695605
0.0062629601
0.0056602987
0.0047804027
0.0035748796
0.0020777784
0.0004449507
-0.0011194687
-0.0023869126
-0.0032096898
-0.0032980687
-0.0029488536
-0.0025748758
-0.0020389053
-0.0010905097
0.0000235107
0.0010729317
0.0020819472
0.0027093594
0.0027126657
0.0026108640
0.0026955420
0.0027150200
0.0026167775
0.0025557968
0.0025216964
0.0024855103
0.0025238721
0.0024966937
0.0021905486
0.0013567353
0.0001206378
-0.0014010852
-0.0028301743
-0.0039042792
-0.0047055287
-0.0053780782
-0.0059057866
-0.0063536789
-0.0067796256
-0.0071243076
-0.0073733771
-0.0075475506
-0.0074694989
-0.0070878560
-0.0063964816
-0.0056656271
-0.0052032287
-0.0049902159
-0.0048688918
-0.0049615418
-0.0053443960
-0.0059527941
-0.0064593294
-0.0067220710
-0.0068507293
-0.0069277891
-0.0068523884
-0.0064260292
-0.0056923305
-0.0049112424
-0.0041292590
-0.0032185036
-0.0024236816
-0.0019028750
-0.0015164480
-0.0010519319
-0.0004504086
0.0001527583
0.0006978391
0.0013830424
0.0021541764
0.0027156086
0.0026509424
0.0020673964
0.0014689248
0.0013147323
0.0017611082
0.0021910937
0.0022483371
0.0022288480
0.0023498355
0.0024813397
0.0023595965
0.0019572382
0.0013379591
0.0007510528
0.0004404387
0.0003820837
0.0004191492
0.0004655190
0.0004241966
0.0002433052
0.0002369969
0.0006246729
0.0013812095
0.0020083891
0.0021663105
0.0019325170
0.0015019363
0.0009304608
0.0003049758
-0.0002731323
-0.0006231095
-0.0005924361
0.0001540108
0.0011870910
0.0019110318
0.0020318476
0.0018200097
0.0014749691
0.0009007276
-0.0000321267
-0.0012223088
-0.0023115171
-0.0029989172
-0.0032226496
-0.0030026519
-0.0023163044
-0.0012034277
0.0003009699
0.0018624029
0.0032484243
0.0042864308
0.0049046236
0.0050380661
0.0046538336
0.0037544772
0.0027635488
0.0020384107
0.0016571145
0.0014745437
0.0013713191
0.0015273102
0.0018626575
0.0020968860
0.0021345745
0.0019788463
0.0015145471
0.0010899321
0.0011225160
0.0013462001
0.0014503000
0.0015075758
0.0013706958
0.0008837992
0.0003875831
0.0001352024
0.0000948660
0.0000884752
0.0000273163
-0.0000896279
-0.0001950318
-0.0002167065
-0.0002564800
-0.0004084116
-0.0005326423
-0.0004969872
-0.0002256386
0.0000564355
0.0001542715
0.0001764687
0.0001576732
-0.0001458326
-0.0008629741
-0.0018614193
-0.0026647879
-0.0030782541
-0.0032338923
-0.0036034669
-0.0043007016
-0.0049929942
-0.0052960894
-0.0050559781
-0.0046239130
-0.0042880171
-0.0040188344
-0.0036607137
-0.0031566780
-0.0027304825
-0.0024573641
-0.0021291847
-0.0016233446
-0.0009139595
0.0002527306
0.0018463853
0.0034723379
0.0050988862
0.0068948970
0.0078838846
0.0077124323
0.0068831825
0.0059306334
0.0049439853
0.0039933942
0.0030788207
0.0021151755
0.0011403986
0.0002584057
-0.0004563861
-0.0010282539
-0.0014863601
-0.0016317182
-0.0013236019
-0.0008498603
-0.0003979588
0.0000966357
0.0003592052
0.0001933013
0.0000490788
0.0002301515
0.0006168800
0.0006920758
0.0003781131
0.0002217796
0.0005106054
0.0011188270
0.0016586928
0.0019484354
0.0020304352
0.0021279000
0.0023465489
0.0024317918
0.0022394070
0.0019019046
0.0016335612
0.0014857272
0.0012959491
0.0010016875
0.0007395792
0.0008377384
0.0013558132
0.0016226134
0.0014006331
0.0008900594
0.0002607588
-0.0005144739
-0.0015491228
-0.0025313138
-0.0030055290
-0.0030731456
-0.0030992152
-0.0033107318
-0.0036215334
-0.0038904338
-0.0041632668
-0.0045002978
-0.0048518883
-0.0052718878
-0.0058028310
-0.0062183228
-0.0064923137
-0.0068190267
-0.0074645479
-0.0084975584
-0.0097283733
-0.0107674583
-0.0113311224
-0.0115702857
-0.0116520462
-0.0114544787
-0.0109042892
-0.0099588636
-0.0087737746
-0.0076648587
-0.0070332992
-0.0069090783
-0.0072274520
-0.0077042422
-0.0081093581
-0.0083156117
-0.0081932123
-0.0077021574
-0.0069369668
-0.0059821705
-0.0049026793
-0.0040139388
-0.0034982289
-0.0030439079
-0.0024880889
-0.0022339061
-0.0021942016
-0.0019193013
-0.0016035462
-0.0015454351
-0.0017885402
-0.0021815377
-0.0026273074
-0.0030925170
-0.0035128565
-0.0037314782
-0.0039211185
-0.0043272887
-0.0047730466
-0.0050746582
-0.0053076152
-0.0055578522
-0.0058342352
-0.0062003932
-0.0066036569
-0.0069005063
-0.0069549139
-0.0067826497
-0.0066672333
-0.0066716619
-0.0065909416
-0.0060751716
-0.0051469690
-0.0048017075
-0.0050586555
-0.0051563705
-0.0050022684
-0.0049764604
-0.0052719360
-0.0057644437
-0.0062781421
-0.0066026869
-0.0067522418
-0.0069249186
-0.0072142934
-0.0075667003
-0.0078360871
-0.0079756392
-0.0080390664
-0.0080486654
-0.0079378532
-0.0076259184
-0.0072327365
-0.0070649009
-0.0071168198
-0.0071987603
-0.0072044486
-0.0071171753
-0.0068731577
-0.0065794904
-0.0063599685
-0.0062064853
-0.0059587940
-0.0053796934
-0.0046349077
-0.0040010265
-0.0036161334
-0.0034438753
-0.0034529244
-0.0035867461
-0.0038369023
-0.0043505796
-0.0050732537
-0.0058213487
-0.0063408758
-0.0066395643
-0.0073527658
-0.0084308920
-0.0092740466
-0.0095232258
-0.0093681230
-0.0090022985
-0.0084592677
-0.0076589377
-0.0066404685
-0.0055060430
-0.0042433196
-0.0031467498
-0.0026368239
-0.0026199504
-0.0027220286
-0.0026772350
-0.0026880296
-0.0030778046
-0.0036814576
-0.0042148280
-0.0046022527
-0.0049522193
-0.0053210371
-0.0054930863
-0.0053349638
-0.0048977942
-0.0044323454
-0.0041158187
-0.0041173509
-0.0044360410
-0.0049671203
-0.0053932250
-0.0055399885
-0.0055527169
-0.0056640075
-0.0059936261
-0.0063880720
-0.0067227601
-0.0072143900
-0.0079066246
-0.0086505017
-0.0094111408
-0.0101587047
-0.0105451098
-0.0104734091
-0.0100812192
-0.0096860315
-0.0093595379
-0.0089054438
-0.0082273509
-0.0073533978
-0.0063818044
-0.0054607604
-0.0047887991
-0.0043483666
-0.0040585152
-0.0037366499
-0.0033126551
-0.0028406011
-0.0025074989
-0.0024438136
-0.0022744023
-0.0016825043
-0.0007345813
0.0000455633
0.0001763628
-0.0003380745
-0.0010714196
-0.0014631733
-0.0015116704
-0.0015140265
-0.0016696029
-0.0020247816
-0.0026606555
-0.0033313633
-0.0038288263
-0.0044237252
-0.0052783266
-0.0061912594
-0.0069441825
-0.0074482028
-0.0074125807
-0.0069352770
-0.0061784915
-0.0053459454
-0.0045252499
-0.0036345770
-0.0027752252
-0.0023049300
-0.0022003613
-0.0022287541
-0.0023027091
-0.0024951839
-0.0029780184
-0.0035073886
-0.0038045154
-0.0039905808
-0.0043362087
-0.0049499545
-0.0055695185
-0.0060095279
-0.0062883775
-0.0065254033
-0.0067418221
-0.0066521611
-0.0062260432
-0.0058067900
-0.0054156227
-0.0048380933
-0.0044599749
-0.0044330784
-0.0043175923
-0.0039650080
-0.0035417352
-0.0029515814
-0.0021826486
-0.0015315918
-0.0014399605
-0.0019595970
-0.0023121404
-0.0021354221
-0.0017122858
-0.0013561823
-0.0010743625
-0.0006851278
-0.0002670242
-0.0002433742
-0.0003493379
-0.0000792212
0.0008151555
0.0019552210
0.0028865631
0.0033589748
0.0034173563
0.0033295760
0.0031954212
0.0027775957
0.0020444852
0.0011612645
0.0002775881
-0.0004133895
-0.0007216922
-0.0006803072
-0.0005015344
-0.0004088565
-0.0004670346
-0.0006427061
-0.0007547669
-0.0008050526
-0.0010396916
-0.0015514758
-0.0022719396
-0.0029399507
-0.0027797491
-0.0021292905
-0.0017905758
-0.0020036962
-0.0024276665
-0.0028302433
-0.0031832103
-0.0034890451
-0.0034460444
-0.0031437494
-0.0028910774
-0.0026087252
-0.0021369894
-0.0014460294
-0.0009298858
-0.0010373662
-0.0015401335
-0.0020535114
-0.0024885594
-0.0029395692
-0.0034725021
-0.0040162699
-0.0044257881
-0.0045410683
-0.0045598362
-0.0046831398
-0.0046987695
-0.0044425633
-0.0038677385
-0.0032469987
-0.0028449648
-0.0028149406
-0.0028613542
-0.0026213220
-0.0022256361
-0.0019219914
-0.0016900417
-0.0015518564
-0.0016349187
-0.0018100530
-0.0019605204
-0.0021557652
-0.0022886683
-0.0021514924
-0.0018476287
-0.0015987291
-0.0015491720
-0.0017448693
-0.0021368525
-0.0025402119
-0.0029170662
-0.0033730038
-0.0036865924
-0.0035682960
-0.0028228392
-0.0018833606
-0.0012826988
-0.0009163542
-0.0004891105
-0.0000402558
0.0003272382
0.0006123180
0.0007860679
0.0008049117
0.0006619050
0.0005225144
0.0005930453
0.0010316125
0.0017098086
0.0022961280
0.0026664821
0.0028815591
0.0030021344
0.0029728309
0.0026320283
0.0020604748
0.0014076439
0.0009290892
0.0006056105
0.0001385391
-0.0005395244
-0.0012548625
-0.0017261615
-0.0018755277
-0.0016396682
-0.0013637702
-0.0013322484
-0.0013463103
-0.0012406545
-0.0010736243
-0.0006863243
0.0000123717
0.0005210458
0.0006214491
0.0004986630
0.0004329929
0.0004876129
0.0006422053
0.0007862378
0.0008305662
0.0008070036
0.0007738657
0.0007358757
0.0006670380
0.0005490980
0.0004091575
0.0002611438
0.0000483146
-0.0002877497
-0.0007290203
-0.0008514123
-0.0004862668
0.0003844772
0.0011926511
0.0013291870
0.0011481564
0.0011976714
0.0017453135
0.0024614250
0.0029174108
0.0029678067
0.0027916058
0.0024940177
0.0021225738
0.0016599771
0.0008541551
-0.0002090667
-0.0010060489
-0.0015525714
-0.0021749755
-0.0027789902
-0.0032011499
-0.0035170841
-0.0038286218
-0.0041571203
-0.0045734864
-0.0049902773
-0.0051171054
-0.0049466539
-0.0046530875
-0.0043268257
-0.0039266840
-0.0033252321
-0.0028216599
-0.0027865658
-0.0034863612
-0.0045589145
-0.0055656824
-0.0061681771
-0.0063338839
-0.0063821116
-0.0066386119
-0.0071917026
-0.0077931658
-0.0082288651
-0.0083102394
-0.0080937548
-0.0077041325
-0.0072657427
-0.0068106566
-0.0062797441
-0.0056274154
-0.0048644895
-0.0041853112
-0.0037298964
-0.0035158749
-0.0033256052
-0.0029494601
-0.0024594828
-0.0020737852
-0.0022612858
-0.0028746212
-0.0034360232
-0.0036427390
-0.0035822564
-0.0032997138
-0.0029002370
-0.0024821082
-0.0020483406
-0.0015284233
-0.0007034348
0.0002430789
0.0009475525
0.0014106127
0.0017985693
0.0021639136
0.0024103948
0.0024263085
0.0022804229
0.0020208292
0.0014677766
0.0007708210
0.0002617618
0.0000913397
0.0001350669
-0.0001645285
-0.0006185633
-0.0005863212
-0.0000323343
0.0007279108
0.0013608782
0.0018245213
0.0022006572
0.0024534249
0.0024684756
0.0020827728
0.0014872055
0.0009716927
0.0004849057
-0.0001040989
-0.0005478988
-0.0007429040
-0.0007474643
-0.0008048569
-0.0010524577
-0.0013812666
-0.0016122849
-0.0016214332
-0.0013722382
-0.0008908332
-0.0002204195
0.0005378934
0.0013294205
0.0019447582
0.0022624850
0.0025036738
0.0026931447
0.0024880134
0.0019601500
0.0014155671
0.0010567709
0.0008817442
0.0008860231
0.0011392105
0.0016565163
0.0021976625
0.0026364785
0.0030243684
0.0034083213
0.0037673040
0.0042317169
0.0047966776
0.0051042145
0.0051087485
0.0048496148
0.0046114128
0.0046776139
0.0047994866
0.0046833154
0.0043438792
0.0040933218
0.0041729497
0.0042924013
0.0041757398
0.0039681322
0.0038580003
0.0038569720
0.0039633129
0.0041728347
0.0043392258
0.0043972851
0.0043678473
0.0043716004
0.0044562134
0.0044509728
0.0042391139
0.0037486520
0.0031427829
0.0026275738
0.0024243953
0.0024525510
0.0025894192
0.0028472081
0.0032580667
0.0036421842
0.0038763890
0.0039139388
0.0039487832
0.0041340458
0.0043673390
0.0045601873
0.0047861130
0.0050413711
0.0052666954
0.0054681122
0.0056768764
0.0059079417
0.0062681656
0.0068155022
0.0074093460
0.0078920396
0.0081488866
0.0082454999
0.0082509468
0.0082431517
0.0082225624
0.0081210771
0.0079623884
0.0078052842
0.0075992720
0.0073797413
0.0073457564
0.0073144663
0.0069519688
0.0062893256
0.0056585342
0.0054328105
0.0054805905
0.0054752928
0.0051175838
0.0044991873
0.0039365419
0.0031974569
0.0019992724
0.0008136342
-0.0001157339
-0.0009947965
-0.0017899745
-0.0023259947
-0.0026690339
-0.0030112001
-0.0034449116
-0.0036921921
-0.0036054472
-0.0037547169
-0.0041683183
-0.0043609370
-0.0041811060
-0.0038008536
-0.0034675827
-0.0032149598
-0.0029059903
-0.0023706320
-0.0016336494
-0.0011248914
-0.0008578173
-0.0004761723
0.0000134602
0.0003885316
0.0005937450
0.0007310455
0.0008967159
0.0008380299
0.0003936735
0.0001193775
0.0003383158
0.0008723673
0.0014111021
0.0018388772
0.0020226901
0.0019947297
0.0019178577
0.0018018598
0.0015710873
0.0012861767
0.0009358221
0.0003526949
-0.0002488148
-0.0006186783
-0.0009327976
-0.0012557746
-0.0012654434
-0.0008535384
-0.0001577771
0.0007803024
0.0019056169
0.0030093155
0.0039855996
0.0048605042
0.0058120701
0.0068090546
0.0075527473
0.0079739099
0.0081424741
0.0081605046
0.0080908975
0.0078812862
0.0076143267
0.0074559365
0.0074369184
0.0074567353
0.0073749704
0.0074017572
0.0078559522
0.0084553657
0.0088581203
0.0089174173
0.0087803933
0.0086287755
0.0086921062
0.0089534959
0.0092002216
0.0094063523
0.0097063531
0.0100018726
0.0101454803
0.0101268046
0.0099187032
0.0094316643
0.0087852916
0.0081204890
0.0076332877
0.0073031599
0.0070243586
0.0069043249
0.0069481854
0.0068340726
0.0065038439
0.0061736898
0.0062129329
0.0065950630
0.0069192742
0.0067682621
0.0060006575
0.0054305721
0.0054109351
0.0052522333
0.0046691122
0.0040503084
0.0040610547
0.0047159792
0.0054792825
0.0059563449
0.0061571604
0.0064441694
0.0069551070
0.0074536497
0.0077593784
0.0078833052
0.0079015025
0.0078707216
0.0077611779
0.0075059417
0.0070684780
0.0066127555
0.0062575791
0.0060308678
0.0058392168
0.0055956820
0.0053144930
0.0050481611
0.0048256590
0.0046680983
0.0045845426
0.0044295364
0.0042112224
0.0041753470
0.0045343574
0.0053834680
0.0062912919
0.0069285484
0.0071439885
0.0069886092
0.0065132673
0.0060070568
0.0055930047
0.0050510447
0.0043216276
0.0035758193
0.0030791433
0.0028166001
0.0025320038
0.0020613447
0.0014535695
0.0012169085
0.0014779286
0.0018361613
0.0020555458
0.0022082148
0.0021646822
0.0019079076
0.0016719835
0.0015674101
0.0015592490
0.0017512133
0.0021523184
0.0025994826
0.0029100572
0.0029948910
0.0028670632
0.0026153962
0.0022425114
0.0017143184
0.0010150466
0.0002894751
-0.0003666224
-0.0009785853
-0.0015236040
-0.0019160687
-0.0022545854
-0.0026318352
-0.0030173765
-0.0032831172
-0.0033297108
-0.0033097315
-0.0033394502
-0.0033553327
-0.0033932569
-0.0035749613
-0.0038396683
-0.0040681146
-0.0042111196
-0.0041757236
-0.0039987178
-0.0038676217
-0.0037245970
-0.0033750377
-0.0031157999
-0.0032236722
-0.0034490365
-0.0032950157
-0.0024633369
-0.0013186834
-0.0003335895
0.0003633438
0.0008696675
0.0012877322
0.0017240530
0.0021508753
0.0024566764
0.0027057120
0.0030040871
0.0031768767
0.0031942204
0.0031933781
0.0032033353
0.0031944850
0.0031502646
0.0030810197
0.0030171729
0.0030719561
0.0032328021
0.0033309507
0.0032360166
0.0029574874
0.0025604018
0.0021446796
0.0018568775
0.0015200019
0.0009611092
0.0004854465
0.0001815610
-0.0001997968
-0.0003917591
-0.0002109429
0.0001087377
0.0003295084
0.0004487517
0.0006464109
0.0010038610
0.0015298120
0.0022650522
0.0032720426
0.0042472333
0.0050151944
0.0056864798
0.0063076063
0.0067426428
0.0067472207
0.0063125265
0.0059022709
0.0057473305
0.0057145043
0.0056131419
0.0054108912
0.0052006216
0.0050549642
0.0050178410
0.0049174092
0.0045702999
0.0043545065
0.0044878897
0.0047656509
0.0049822628
0.0051329545
0.0052443548
0.0053390633
0.0054272012
0.0053493514
0.0049255378
0.0044726902
0.0042103494
0.0039275517
0.0035112769
0.0030926557
0.0029051893
0.0029055917
0.0026943394
0.0022148397
0.0017058504
0.0013633111
0.0011342433
0.0008408569
0.0004387789
0.0000051717
-0.0003618194
-0.0007417918
-0.0013826439
-0.0022277775
-0.0030265967
-0.0034130045
-0.0035465470
-0.0038319040
-0.0043265369
-0.0048143482
-0.0050019305
-0.0049346760
-0.0047713567
-0.0045333391
-0.0041899658
-0.0039185316
-0.0037491207
-0.0035696820
-0.0035450077
-0.0038165842
-0.0040209105
-0.0039628705
-0.0037227215
-0.0036261055
-0.0037736024
-0.0036440588
-0.0032267244
-0.0030357819
-0.0029493618
-0.0026024185
-0.0022022254
-0.0019754908
-0.0019182040
-0.0019081490
-0.0018686684
-0.0017406452
-0.0014976841
-0.0010628196
-0.0006955708
-0.0005989202
-0.0004631976
-0.0002195586
-0.0002063398
-0.0002893656
-0.0002105387
-0.0003271759
-0.0007274947
-0.0011285985
-0.0013653253
-0.0014845119
-0.0015301952
-0.0015982542
-0.0018061660
-0.0019608070
-0.0018926532
-0.0018519827
-0.0019787493
-0.0021704999
-0.0021229315
-0.0017344017
-0.0013948623
-0.0013214385
-0.0014545267
-0.0014682792
-0.0011496939
-0.0004542100
0.0003129022
0.0007935782
0.0009190719
0.0008032254
0.0004919099
0.0002015541
0.0002561306
0.0003402552
0.0000351241
-0.0006679053
-0.0012728197
-0.0013607843
-0.0013551399
-0.0016439985
-0.0017777390
-0.0015837758
-0.0013411588
-0.0010883858
-0.0006709549
-0.0000525569
0.0006196531
0.0011911417
0.0015814382
0.0017993102
0.0019002995
0.0018710973
0.0015271983
0.0010550302
0.0007185496
0.0004956630
0.0002467671
-0.0001263075
-0.0006074140
-0.0011534813
-0.0017934832
-0.0025190326
-0.0029649792
-0.0031942217
-0.0035630839
-0.0040774656
-0.0045236699
-0.0047470630
-0.0046964301
-0.0044640612
-0.0045352659
-0.0049436166
-0.0051617823
-0.0049191999
-0.0043933261
-0.0040380513
-0.0038603766
-0.0034198129
-0.0027405156
-0.0021248821
-0.0016757740
-0.0013614247
-0.0012402985
-0.0013428473
-0.0015998457
-0.0016851816
-0.0015469107
-0.0014563609
-0.0015338324
-0.0016889356
-0.0018323208
-0.0019314048
-0.0019617454
-0.0021394943
-0.0026307902
-0.0033004340
-0.0038360934
-0.0040513723
-0.0041655786
-0.0044310857
-0.0050752727
-0.0056567610
-0.0055552977
-0.0050058148
-0.0045103752
-0.0042616538
-0.0043075434
-0.0047240464
-0.0051991205
-0.0053692341
-0.0049840097
-0.0043698737
-0.0038424554
-0.0035076721
-0.0033817412
-0.0037760098
-0.0044368267
-0.0048504399
-0.0049160046
-0.0046364483
-0.0042743098
-0.0040327400
-0.0038975538
-0.0038320769
-0.0039624632
-0.0043687795
-0.0048904380
-0.0047199821
-0.0039430949
-0.0032096047
-0.0025011474
-0.0014803356
-0.0003551041
0.0005172281
0.0008387865
0.0006083458
0.0000688836
-0.0001247602
0.0000611442
0.0002275170
0.0003025836
0.0004504257
0.0005783940
0.0005064607
0.0001594691
-0.0001301495
-0.0001058312
0.0002445008
0.0009109556
0.0019778114
0.0031253322
0.0039429083
0.0035381567
0.0023640124
0.0014687115
0.0007825009
-0.0001368533
-0.0009321335
-0.0013129661
-0.0012898934
-0.0012537130
-0.0014522022
-0.0018690494
-0.0021012019
-0.0018718022
-0.0011245399
-0.0002232222
0.0001719633
0.0003630891
0.0008880566
0.0013526416
0.0013677257
0.0010789716
0.0006585929
0.0001389166
-0.0002399370
-0.0004353519
-0.0006635338
-0.0009321655
-0.0011039312
-0.0011531661
-0.0010891771
-0.0008055113
-0.0003778399
0.0001005885
0.0008450810
0.0015516040
0.0013941649
0.0007274824
0.0003586562
0.0006623601
0.0012093324
0.0014938914
0.0015077014
0.0014371950
0.0012730282
0.0009057505
0.0003686458
-0.0001516993
-0.0005136865
-0.0008392386
-0.0012869997
-0.0019773729
-0.0026624801
-0.0029808107
-0.0028183847
-0.0023316171
-0.0016846347
-0.0011382918
-0.0008792380
-0.0008632677
-0.0009440052
-0.0010332132
-0.0010190126
-0.0008282430
-0.0007444406
-0.0009294939
-0.0012658081
-0.0016227411
-0.0019619776
-0.0020908839
-0.0019240069
-0.0015050938
-0.0009403227
-0.0003103011
0.0001765070
0.0005058884
0.0008666504
0.0013091230
0.0017716934
0.0023806462
0.0030857542
0.0035315840
0.0036114950
0.0034812777
0.0033075330
0.0030489132
0.0025376530
0.0019119680
0.0014346229
0.0013943791
0.0016409481
0.0018817928
0.0021616304
0.0026382640
0.0031121543
0.0034070949
0.0034641294
0.0034135786
0.0033520251
0.0031598957
0.0028731601
0.0026653220
0.0026813274
0.0029070432
0.0030571657
0.0030065104
0.0028395565
0.0027178260
0.0026289077
0.0022266372
0.0016410130
0.0012994103
0.0012455225
0.0012262318
0.0010207793
0.0005968709
0.0000091199
-0.0004126218
-0.0005617066
-0.0006463960
-0.0008744293
-0.0012552141
-0.0016736202
-0.0019538310
-0.0018774322
-0.0013642890
-0.0005563277
-0.0000156669
0.0001115730
-0.0000316058
-0.0002183487
-0.0003873803
-0.0006741304
-0.0009992348
-0.0011392105
-0.0011119554
-0.0010159666
-0.0008295988
-0.0006329438
-0.0005632204
-0.0005400757
-0.0004003917
0.0001164414
0.0008417711
0.0014362118
0.0018606850
0.0022364913
0.0025109294
0.0026046433
0.0024949543
0.0022868182
0.0020115892
0.0015004413
0.0008544785
0.0003498706
0.0001487202
0.0001567372
0.0001906125
0.0002564452
0.0005215501
0.0010921613
0.0018116480
0.0023547241
0.0026577275
0.0027995313
0.0027753090
0.0025926083
0.0023338231
0.0020879195
0.0018917741
0.0018103304
0.0018578027
0.0019959428
0.0020832697
0.0020321224
0.0018374359
0.0015794745
0.0013759320
0.0011926428
0.0009412585
0.0006157911
0.0002720456
-0.0000570354
-0.0004097994
-0.0008343856
-0.0013646726
-0.0017229592
-0.0015841906
-0.0014014385
-0.0016503654
-0.0024231746
-0.0034241941
-0.0043853607
-0.0049682264
-0.0051661845
-0.0052303579
-0.0053158185
-0.0053827482
-0.0053274628
-0.0052120553
-0.0052889702
-0.0056002599
-0.0060090100
-0.0063374391
-0.0065537701
-0.0066963551
-0.0066987253
-0.0065137326
-0.0063479686
-0.0062871047
-0.0061934847
-0.0058477888
-0.0052198196
-0.0046215034
-0.0042898504
-0.0043006033
-0.0043071198
-0.0040443036
-0.0037073675
-0.0035312943
-0.0035458504
-0.0035857304
-0.0035535819
-0.0036160777
-0.0037954488
-0.0038162238
-0.0034688301
-0.0028258739
-0.0023132530
-0.0020389804
-0.0018452810
-0.0018989670
-0.0022544533
-0.0026658549
-0.0028999728
-0.0028643331
-0.0024974035
-0.0019091449
-0.0013080192
-0.0009473256
-0.0010079306
-0.0012782912
-0.0014990149
-0.0015554612
-0.0015746271
-0.0017013397
-0.0018875135
-0.0020186859
-0.0019728223
-0.0017368311
-0.0013640116
-0.0011034738
-0.0010577379
-0.0012316853
-0.0013729531
-0.0012438686
-0.0011501657
-0.0012535177
-0.0012502649
-0.0010036090
-0.0006583612
-0.0008013930
-0.0014013889
-0.0016800845
-0.0013033548
-0.0004209704
0.0004107326
0.0009482982
0.0012626335
0.0014044846
0.0012532539
0.0007780187
0.0001258403
-0.0004816968
-0.0011249059
-0.0019854296
-0.0026591610
-0.0029379602
-0.0031220895
-0.0034001360
-0.0036985624
-0.0039209763
-0.0040474155
-0.0040902213
-0.0040644348
-0.0039727561
-0.0037745004
-0.0035521172
-0.0035501241
-0.0036675867
-0.0036722760
-0.0034571871
-0.0032083999
-0.0032820941
-0.0034754257
-0.0034757412
-0.0035156594
-0.0036540370
-0.0035918669
-0.0036468419
-0.0041950726
-0.0048352053
-0.0051573361
-0.0050488019
-0.0047130122
-0.0043797883
-0.0043442988
-0.0045445928
-0.0047501441
-0.0048189304
-0.0047624863
-0.0045366441
-0.0041936593
-0.0038210597
-0.0034567403
-0.0031305088
-0.0031211801
-0.0032537513
-0.0031279868
-0.0029460046
-0.0030312137
-0.0032715532
-0.0034151310
-0.0033709018
-0.0032025487
-0.0029471313
-0.0025088626
-0.0021452458
-0.0022353562
-0.0025160353
-0.0026330010
-0.0025096983
-0.0022276740
-0.0018185701
-0.0014457257
-0.0012236282
-0.0012411935
-0.0013444067
-0.0013290663
-0.0011398969
-0.0008126752
-0.0004197637
-0.0001402510
-0.0000507337
0.0000216525
0.0002129005
0.0005377060
0.0010512995
0.0017543204
0.0022928735
0.0024533604
0.0022446239
0.0018779712
0.0014417074
0.0009968291
0.0005759651
0.0002302466
0.0002707449
0.0008303033
0.0013042656
0.0013591274
0.0011679856
0.0007896933
0.0001465368
-0.0006021326
-0.0013051149
-0.0019356956
-0.0022775379
-0.0021136823
-0.0013038662
-0.0002154430
0.0007387694
0.0016405772
0.0026915729
0.0036691329
0.0044459780
0.0050732010
0.0056007734
0.0059365412
0.0058062106
0.0051054611
0.0038688191
0.0023633426
0.0008822740
-0.0000026228
0.0000746656
0.0012309150
0.0029878623
0.0049645220
0.0064631041
0.0073458442
0.0076513182
0.0074203802
0.0064676731
0.0052739550
0.0042913791
0.0035886031
0.0031320177
0.0028551603
0.0023403783
0.0015862614
0.0009748778
0.0011032636
0.0019021372
0.0028255157
0.0034832910
0.0034758870
0.0031156476
0.0029303705
0.0032209040
0.0038530793
0.0041370480
0.0039012587
0.0034489167
0.0028750979
0.0021465055
0.0018866585
0.0021567466
0.0025081608
0.0025484037
0.0023593243
0.0023144105
0.0025405042
0.0029391663
0.0035125093
0.0042061520
0.0048166437
0.0052307836
0.0054292948
0.0054853790
0.0054914492
0.0055191270
0.0056066241
0.0057388990
0.0055938210
0.0051013089
0.0045557324
0.0041948900
0.0040399465
0.0041547357
0.0044395260
0.0047915160
0.0049802658
0.0048781133
0.0046162759
0.0043691039
0.0041705997
0.0039447219
0.0036521295
0.0033302923
0.0029968227
0.0026781738
0.0025851543
0.0025460042
0.0022092682
0.0017869421
0.0016286467
0.0019147283
0.0024571688
0.0030258440
0.0034834643
0.0038301606
0.0040125145
0.0040218743
0.0038670898
0.0036012763
0.0032607998
0.0027472608
0.0020733700
0.0013915275
0.0011829292
0.0015730852
0.0022875218
0.0028921939
0.0031881643
0.0031750526
0.0029407447
0.0025210652
0.0021874064
0.0021617928
0.0025710424
0.0032442493
0.0037815541
0.0038791002
0.0035468415
0.0029752230
0.0023673608
0.0019562217
0.0017028536
0.0014850237
0.0014128015
0.0014751161
0.0015472921
0.0017274440
0.0021612911
0.0028233027
0.0033496282
0.0033915162
0.0031429607
0.0029031474
0.0029260762
0.0031376973
0.0033629351
0.0036203847
0.0039109116
0.0038834287
0.0035484361
0.0031874896
0.0029624475
0.0029111988
0.0031448972
0.0035679036
0.0040623271
0.0044843433
0.0046770082
0.0044032016
0.0038543605
0.0033154246
0.0028032247
0.0022904494
0.0019517997
0.0017852246
0.0016624074
0.0014839470
0.0012666517
0.0010688744
0.0009659174
0.0009275592
0.0006284695
0.0001897355
-0.0000127659
-0.0001386595
-0.0003849184
-0.0005995588
-0.0006652381
-0.0006215689
-0.0007398439
-0.0011016646
-0.0015322844
-0.0017921226
-0.0018523273
-0.0020396646
-0.0024189194
-0.0026648699
-0.0027190756
-0.0027712737
-0.0030044650
-0.0032744781
-0.0032610303
-0.0031952421
-0.0033825935
-0.0035249692
-0.0034772410
-0.0034147386
-0.0033812180
-0.0032939478
-0.0031328231
-0.0029841188
-0.0029410220
-0.0030208180
-0.0031630914
-0.0033171443
-0.0034491348
-0.0035085315
-0.0032804565
-0.0027046336
-0.0019035439
-0.0011879828
-0.0008392917
-0.0006552374
-0.0003496205
0.0000907397
0.0005229480
0.0007643304
0.0007972413
0.0008865468
0.0011748782
0.0016555502
0.0021165941
0.0023794748
0.0023052574
0.0020539275
0.0018259293
0.0017344504
0.0018028667
0.0021347071
0.0025891014
0.0029436371
0.0032224797
0.0035615319
0.0040409473
0.0045087337
0.0047609545
0.0047365949
0.0044728175
0.0040518226
0.0035319760
