0.0003003465
0.0003002406
0.0003001293
0.0003000386
0.0003000023
0.0003001158
0.0003004698
0.0003011000
0.0003017584
0.0003018600
0.0003007031
0.0002976577
0.0002930994
0.0002875511
0.0002813610
0.0002753336
0.0002706736
0.0002669081
0.0002633038
0.0002580998
0.0002478360
0.0002341209
0.0002186909
0.0002144921
0.0002335636
0.0002795828
0.0003411755
0.0003735012
0.0003272632
0.0001629988
-0.0001107152
-0.0004007191
-0.0005856946
-0.0005663605
-0.0003016444
0.0001201510
0.0005407295
0.0008364912
0.0009704127
0.0009214952
0.0007340364
0.0005630586
0.0005812346
0.0008390713
0.0013033859
0.0020064403
0.0030062252
0.0042003533
0.0053044973
0.0059204597
0.0057934775
0.0050648091
0.0040956963
0.0031000474
0.0021426120
0.0012261300
0.0005107193
0.0002268464
0.0003623460
0.0006019009
0.0003695915
-0.0006273613
-0.0020133033
-0.0030828722
-0.0034509866
-0.0031528205
-0.0027314688
-0.0027420666
-0.0034746889
-0.0048072848
-0.0062831017
-0.0072410408
-0.0073724455
-0.0070923051
-0.0070687796
-0.0074021158
-0.0074378508
-0.0061971558
-0.0034988279
-0.0003889391
0.0016002353
0.0012400990
-0.0013444261
-0.0046517631
-0.0070638628
-0.0077767178
-0.0065734450
-0.0033453836
0.0013432122
0.0056319134
0.0079395398
0.0078720829
0.0059648153
0.0035829055
0.0023723080
0.0029350780
0.0045804257
0.0058912187
0.0065496249
0.0073792141
0.0091378409
0.0115904842
0.0139144432
0.0156928817
0.0172514838
0.0187564309
0.0194100551
0.0182506088
0.0153350316
0.0120011907
0.0099824100
0.0098354165
0.0105930913
0.0109182412
0.0102986948
0.0086497891
0.0057638971
0.0010632650
-0.0057763762
-0.0138852022
-0.0212568391
-0.0260200139
-0.0271660376
-0.0252812374
-0.0218000384
-0.0183763930
-0.0162299114
-0.0155047871
-0.0159816876
-0.0174726331
-0.0194052332
-0.0205267630
-0.0202153001
-0.0188716477
-0.0168823327
-0.0141384576
-0.0101769389
-0.0050704646
0.0002925095
0.0048320808
0.0080777481
0.0097563989
0.0097951689
0.0082532688
0.0055442653
0.0020578921
-0.0013068661
-0.0033967850
-0.0036023973
-0.0021477699
0.0004794073
0.0041527077
0.0088331467
0.0138843237
0.0171968704
0.0171460456
0.0136619914
0.0083338388
0.0039668892
0.0025627512
0.0042432499
0.0075666050
0.0106058998
0.0123346416
0.0129021303
0.0128807411
0.0123992583
0.0111775864
0.0088980329
0.0054394161
0.0013122681
-0.0031246871
-0.0073986715
-0.0110324148
-0.0138354856
-0.0155554771
-0.0159812832
-0.0151547289
-0.0131986981
-0.0103223851
-0.0071493345
-0.0045424084
-0.0031547632
-0.0029643709
-0.0035166974
-0.0045242104
-0.0058767679
-0.0075339647
-0.0093284613
-0.0112285859
-0.0134166427
-0.0158556089
-0.0179372492
-0.0186407648
-0.0175020538
-0.0149156797
-0.0119202114
-0.0093124781
-0.0073293577
-0.0056192995
-0.0038603004
-0.0021353153
-0.0006164755
0.0007970588
0.0025879355
0.0049114502
0.0073414275
0.0092507117
0.0101952033
0.0100702378
0.0091708206
0.0081086563
0.0074886507
0.0073496437
0.0073374092
0.0072070328
0.0070694035
0.0073734338
0.0084674148
0.0101091126
0.0116135056
0.0122228091
0.0114141648
0.0092711474
0.0065530342
0.0041603085
0.0027783667
0.0025484741
0.0035208959
0.0056000818
0.0085260116
0.0115741715
0.0138491227
0.0146517871
0.0138618613
0.0120575212
0.0101137149
0.0084374401
0.0070928392
0.0062861217
0.0061492511
0.0064480352
0.0068384757
0.0069518256
0.0067479325
0.0063464755
0.0056080883
0.0045156872
0.0030369961
0.0009792179
-0.0013194495
-0.0036502850
-0.0059776089
-0.0079579439
-0.0093341468
-0.0104598946
-0.0118682685
-0.0136116408
-0.0155488582
-0.0170938281
-0.0174454237
-0.0160247903
-0.0126245307
-0.0076508538
-0.0022089813
0.0024965616
0.0058695700
0.0078054546
0.0086210123
0.0087294056
0.0084128164
0.0077200577
0.0065888292
0.0048991888
0.0027706846
0.0008123951
-0.0004759080
-0.0009728945
-0.0009706248
-0.0009486691
-0.0014878537
-0.0032771600
-0.0066910179
-0.0115499771
-0.0168517939
-0.0208503305
-0.0226477523
-0.0223802807
-0.0204622561
-0.0174906329
-0.0146413396
-0.0128756846
-0.0124576654
-0.0126894668
-0.0123734815
-0.0096800319
-0.0046384125
-0.0006684524
0.0002990116
-0.0007295245
-0.0018705546
-0.0018838438
-0.0007266563
0.0012339229
0.0038614979
0.0066724690
0.0088418571
0.0097518016
0.0092424505
0.0078384393
0.0065748426
0.0059744941
0.0058486800
0.0059306276
0.0063323641
0.0074997770
0.0095499151
0.0118752767
0.0140338131
0.0162145073
0.0188304867
0.0218074859
0.0247174875
0.0273183173
0.0294606009
0.0309758357
0.0315367953
0.0308026510
0.0285955411
0.0255559618
0.0228876751
0.0217096300
0.0227728026
0.0259276986
0.0298115426
0.0324240478
0.0322794453
0.0290204238
0.0239369660
0.0188356830
0.0146122583
0.0105789699
0.0055672518
-0.0004632035
-0.0064841047
-0.0121474804
-0.0183454798
-0.0256535582
-0.0331751487
-0.0389203921
-0.0414600694
-0.0410883726
-0.0393797370
-0.0377222507
-0.0364247658
-0.0352516875
-0.0340532765
-0.0329617314
-0.0320220218
-0.0309848955
-0.0295521075
-0.0273102708
-0.0243119174
-0.0206651660
-0.0164557179
-0.0124553443
-0.0093309671
-0.0071383779
-0.0056682774
-0.0047906118
-0.0043750250
-0.0043231954
-0.0046631320
-0.0052565377
-0.0059807386
-0.0066522728
-0.0069034617
-0.0065207833
-0.0056444723
-0.0047698591
-0.0041958554
-0.0039712649
-0.0041478798
-0.0046881945
-0.0050114037
-0.0041441915
-0.0016685597
0.0016188960
0.0046248727
0.0069178726
0.0087760524
0.0107266923
0.0128007802
0.0146087892
0.0159482536
0.0171860036
0.0190059975
0.0216213530
0.0242535253
0.0260351834
0.0266808660
0.0263239643
0.0252003979
0.0234372238
0.0212986889
0.0191300944
0.0169353588
0.0139291186
0.0091133270
0.0028695583
-0.0036590688
-0.0085591461
-0.0104062994
-0.0086673347
-0.0042415937
0.0010227519
0.0052500386
0.0076449237
0.0086317743
0.0089147599
0.0085982705
0.0077483054
0.0068374624
0.0064283432
0.0066624308
0.0073959211
0.0083191534
0.0089757626
0.0085254525
0.0062492684
0.0010021210
-0.0069439039
-0.0149880533
-0.0211339401
-0.0247871906
-0.0264180615
-0.0267867934
-0.0261999123
-0.0242271345
-0.0202073085
-0.0140008883
-0.0066332697
0.0003732677
0.0055633034
0.0087189432
0.0109590677
0.0130483002
0.0149187345
0.0159724481
0.0159725928
0.0153753191
0.0146586206
0.0138191330
0.0122041454
0.0096525131
0.0066370434
0.0036375748
0.0006202677
-0.0020321412
-0.0035916518
-0.0037708993
-0.0032027053
-0.0028374472
-0.0033560637
-0.0046942379
-0.0063324739
-0.0075045241
-0.0078515124
-0.0073743822
-0.0062648224
-0.0048912710
-0.0037830629
-0.0036280977
-0.0047318014
-0.0067032124
-0.0087339730
-0.0102344026
-0.0110363032
-0.0111637146
-0.0104356851
-0.0079818938
-0.0028995536
0.0046687835
0.0125995625
0.0184791956
0.0213450312
0.0215356117
0.0197115996
0.0162730391
0.0119469266
0.0080142995
0.0054233481
0.0040808327
0.0030008692
0.0014438240
-0.0007136985
-0.0037193018
-0.0080138302
-0.0139112785
-0.0208664435
-0.0263490223
-0.0274495473
-0.0235856350
-0.0167069866
-0.0095596188
-0.0036912893
0.0006734735
0.0040801698
0.0069076247
0.0086552649
0.0083691096
0.0059060039
0.0022923999
-0.0011555458
-0.0035796993
-0.0045303506
-0.0038831122
-0.0016658897
0.0023617042
0.0073873505
0.0117938433
0.0143940242
0.0147378178
0.0126132446
0.0076372516
0.0004313156
-0.0068623956
-0.0122971745
-0.0151032452
-0.0156908601
-0.0151591016
-0.0145406733
-0.0143947729
-0.0147957008
-0.0157926645
-0.0173828835
-0.0195250473
-0.0220066570
-0.0245857683
-0.0274532711
-0.0306275546
-0.0336419261
-0.0358077103
-0.0368624870
-0.0369208442
-0.0364807171
-0.0357530020
-0.0346096987
-0.0330415327
-0.0312381509
-0.0295562256
-0.0286348951
-0.0287084319
-0.0295881770
-0.0308251283
-0.0317005707
-0.0317988759
-0.0314188929
-0.0315426754
-0.0331925046
-0.0363232411
-0.0398863477
-0.0430808673
-0.0456390985
-0.0478765476
-0.0496202693
-0.0503175953
-0.0497608187
-0.0480309387
-0.0449541668
-0.0397619263
-0.0322662224
-0.0238042235
-0.0156691515
-0.0084541670
-0.0017311189
0.0043275181
0.0090519549
0.0120843562
0.0141694906
0.0164179911
0.0191207251
0.0216272631
0.0230100599
0.0229938670
0.0223473609
0.0222066368
0.0230053877
0.0245594574
0.0266383822
0.0288201246
0.0300462541
0.0288823653
0.0241487459
0.0171450123
0.0107639898
0.0071518603
0.0065145287
0.0078952590
0.0099244123
0.0117334096
0.0129404810
0.0135429460
0.0138313675
0.0145304754
0.0163743094
0.0192789249
0.0222216566
0.0243271768
0.0253968785
0.0258178328
0.0260766239
0.0264649080
0.0267867335
0.0262533926
0.0240280732
0.0201123278
0.0144984591
0.0069126014
-0.0010387456
-0.0074832148
-0.0104885216
-0.0081521284
0.0005220753
0.0133507382
0.0253446511
0.0324816113
0.0327808846
0.0271196054
0.0181603052
0.0101128164
0.0069152969
0.0095770446
0.0164921618
0.0247955666
0.0324152326
0.0379570071
0.0405587105
0.0393082369
0.0322339565
0.0200529673
0.0066636937
-0.0040767680
-0.0105047494
-0.0123202558
-0.0103561385
-0.0058291028
0.0001280709
0.0059038825
0.0100432031
0.0116787312
0.0113622169
0.0107678932
0.0112826952
0.0130982665
0.0151709218
0.0165293345
0.0169064223
0.0165020851
0.0156349938
0.0148136807
0.0149539705
0.0173253350
0.0220023992
0.0269564440
0.0297918056
0.0285174670
0.0221339536
0.0139953525
0.0090423710
0.0092483856
0.0131629680
0.0178263750
0.0204423745
0.0195661534
0.0152944896
0.0083396191
-0.0001149659
-0.0088267924
-0.0170000503
-0.0240705370
-0.0286801543
-0.0302122508
-0.0287335997
-0.0246356497
-0.0188993812
-0.0130331107
-0.0088322083
-0.0077354669
-0.0097517218
-0.0136097540
-0.0174398081
-0.0191880523
-0.0175084830
-0.0124275159
-0.0060230627
-0.0008433806
0.0022388776
0.0031891800
0.0011610101
-0.0057156031
-0.0168102485
-0.0276608531
-0.0356425921
-0.0412168871
-0.0446655906
-0.0452535249
-0.0418754730
-0.0338512153
-0.0214258258
-0.0073743373
0.0046553605
0.0124874355
0.0155742057
0.0151630749
0.0133758811
0.0123294753
0.0129993074
0.0149140224
0.0168751347
0.0178691533
0.0175272515
0.0161187528
0.0139577556
0.0109133194
0.0062504415
-0.0009408707
-0.0111096103
-0.0219629453
-0.0307448579
-0.0354282764
-0.0347620783
-0.0284933774
-0.0178692432
-0.0041933042
0.0098107478
0.0199343362
0.0238398737
0.0217802216
0.0154694263
0.0074326196
-0.0003869860
-0.0075515702
-0.0133353640
-0.0167892188
-0.0177403043
-0.0165505189
-0.0137650586
-0.0097114343
-0.0046563444
0.0012341855
0.0073856334
0.0120475529
0.0142838439
0.0146312515
0.0143881740
0.0145865564
0.0152195103
0.0156859633
0.0157479195
0.0160999593
0.0179755899
0.0228886185
0.0303233845
0.0393019524
0.0488982996
0.0583846713
0.0670683635
0.0742375448
0.0798715996
0.0849363089
0.0903537269
0.0961696268
0.1020276062
0.1066105232
0.1085639484
0.1070555272
0.1016538328
0.0929518213
0.0820654218
0.0708358475
0.0610568914
0.0529778854
0.0456328590
0.0384087099
0.0300453007
0.0192222549
0.0076925738
-0.0031297931
-0.0132351670
-0.0229405165
-0.0326238529
-0.0423275901
-0.0517990118
-0.0603440864
-0.0668995964
-0.0704642205
-0.0707044678
-0.0683068373
-0.0645760418
-0.0611450436
-0.0591638650
-0.0591335658
-0.0611067578
-0.0648941585
-0.0697378383
-0.0741859812
-0.0758659149
-0.0725213219
-0.0628542283
-0.0456555210
-0.0212507992
0.0034328825
0.0215478861
0.0315610895
0.0354529151
0.0353487348
0.0312562905
0.0232433538
0.0121988094
-0.0007188689
-0.0141067508
-0.0261713202
-0.0353627413
-0.0418947357
-0.0462981237
-0.0477741193
-0.0446173315
-0.0362875808
-0.0238631847
-0.0091376013
0.0046565920
0.0145986312
0.0197010572
0.0210861602
0.0203114589
0.0183090958
0.0154288693
0.0114250715
0.0062946174
0.0001897230
-0.0061389733
-0.0116862237
-0.0151421650
-0.0151502315
-0.0108538142
-0.0023602626
0.0086101206
0.0201855850
0.0309320840
0.0396497094
0.0456283715
0.0486674217
0.0493905594
0.0487396756
0.0472494638
0.0452628992
0.0434129455
0.0427705175
0.0439667471
0.0459628508
0.0455864069
0.0378961492
0.0237011463
0.0087629294
-0.0042019866
-0.0139229889
-0.0206008987
-0.0254264090
-0.0281647733
-0.0284607970
-0.0258290839
-0.0191427782
-0.0070160779
0.0097050750
0.0290589143
0.0476004305
0.0624612371
0.0724467969
0.0779340478
0.0794441162
0.0775502911
0.0723425716
0.0649994819
0.0572638503
0.0504052982
0.0442230275
0.0376617771
0.0299963577
0.0214930031
0.0131559797
0.0055087848
-0.0022106794
-0.0114114743
-0.0226595924
-0.0356659530
-0.0492527754
-0.0624034839
-0.0744473431
-0.0853124283
-0.0946367466
-0.1010818917
-0.1039387024
-0.1036443459
-0.1012925885
-0.0979870300
-0.0945432034
-0.0912234189
-0.0882905856
-0.0858739869
-0.0838395974
-0.0821868682
-0.0809410567
-0.0797422664
-0.0784997494
-0.0775652161
-0.0773287625
-0.0780722661
-0.0795044651
-0.0809900745
-0.0813630992
-0.0796805698
-0.0757982284
-0.0698995672
-0.0627724654
-0.0553338358
-0.0483441287
-0.0415837022
-0.0354886402
-0.0308492629
-0.0282065083
-0.0273049547
-0.0268939637
-0.0256678542
-0.0228072898
-0.0182018705
-0.0122899865
-0.0051671126
0.0036018098
0.0147978921
0.0281503175
0.0424986084
0.0584000954
0.0771953362
0.0986019492
0.1212461873
0.1450127440
0.1672869525
0.1829070662
0.1917994087
0.1975148271
0.2027147597
0.2074633988
0.2106286924
0.2110487881
0.2076890206
0.1990508021
0.1860300806
0.1719203848
0.1553966859
0.1354591600
0.1149047185
0.0970322806
0.0825825049
0.0710989065
0.0619975145
0.0546829270
0.0487046143
0.0430677492
0.0364020839
0.0286382645
0.0203169597
0.0109337402
0.0008021677
-0.0095793557
-0.0203149331
-0.0314988938
-0.0420362834
-0.0512194334
-0.0587713730
-0.0648625614
-0.0703234066
-0.0763265427
-0.0835520295
-0.0916662764
-0.1001674247
-0.1089329298
-0.1176570044
-0.1257775907
-0.1325209358
-0.1371698422
-0.1391327015
-0.1382941573
-0.1350177001
-0.1293353263
-0.1211493996
-0.1112587308
-0.1002657599
-0.0874791959
-0.0740386282
-0.0611092037
-0.0495763230
-0.0400461548
-0.0334967096
-0.0310017323
-0.0329103476
-0.0391138178
-0.0486043974
-0.0591953123
-0.0684333252
-0.0745950954
-0.0775054663
-0.0780835472
-0.0771730735
-0.0748096357
-0.0707322712
-0.0649215126
-0.0579006327
-0.0502424712
-0.0419588782
-0.0329953850
-0.0231764859
-0.0127366926
-0.0021485246
0.0082841920
0.0188544715
0.0298610396
0.0411537579
0.0522679756
0.0620340533
0.0693227342
0.0737528573
0.0752101143
0.0730178895
0.0657821198
0.0539665280
0.0397458083
0.0252162363
0.0125606977
0.0014309750
-0.0097806632
-0.0212829653
-0.0319883383
-0.0413081242
-0.0499259019
-0.0572427356
-0.0615755719
-0.0621470139
-0.0593798529
-0.0536646841
-0.0456413298
-0.0363953701
-0.0273740639
-0.0202222485
-0.0155438266
-0.0132985707
-0.0132251687
-0.0147302955
-0.0170234511
-0.0189710511
-0.0192833625
-0.0173898469
-0.0130478061
-0.0067623832
0.0004367817
0.0075730991
0.0138795068
0.0187925653
0.0221077775
0.0238595358
0.0243709884
0.0238373779
0.0223946715
0.0200645079
0.0166548341
0.0123465467
0.0071984821
0.0017734100
-0.0032542235
-0.0076621149
-0.0113328211
-0.0140129930
-0.0152636214
-0.0145464786
-0.0112480433
-0.0049297975
0.0039552058
0.0134733876
0.0220211977
0.0289670733
0.0342126693
0.0377637461
0.0396189560
0.0395292164
0.0373307370
0.0335564993
0.0292837823
0.0252257504
0.0217776759
0.0190217561
0.0168588121
0.0151240104
0.0137195000
0.0124480266
0.0107471330
0.0083955803
0.0056046242
0.0029238523
0.0008436067
-0.0004704916
-0.0010436474
-0.0009633161
-0.0001894149
0.0012777090
0.0031590500
0.0050929170
0.0064874891
0.0069924625
0.0063419730
0.0042772569
0.0011178195
-0.0024427608
-0.0058212111
-0.0088211518
-0.0114535837
-0.0139633911
-0.0168634693
-0.0202578788
-0.0239949937
-0.0276538648
-0.0308741212
-0.0337835886
-0.0367708906
-0.0398360021
-0.0428912701
-0.0456932427
-0.0480467372
-0.0498248613
-0.0507738803
-0.0504208721
-0.0479382242
-0.0422352748
-0.0328734944
-0.0212638224
-0.0095376057
0.0014671030
0.0116799841
0.0207342901
0.0283772521
0.0343732152
0.0388380401
0.0424195958
0.0454094585
0.0473948401
0.0476726094
0.0452638376
0.0396859536
0.0320133613
0.0239833582
0.0165914354
0.0098510952
0.0034795203
-0.0026796457
-0.0080958977
-0.0114389233
-0.0114690328
-0.0072345716
0.0008926131
0.0117827768
0.0232363655
0.0333608523
0.0412836552
0.0465305690
0.0492183381
0.0500112089
0.0495236812
0.0479793253
0.0454470305
0.0420581767
0.0379947189
0.0331412754
0.0277277160
0.0222223155
0.0168902794
0.0120392718
0.0082075954
0.0055243387
0.0038219822
0.0027446018
0.0022143837
0.0022737372
0.0029551898
0.0041667656
0.0055695130
0.0067101957
0.0072489475
0.0070711556
0.0062738672
0.0053238898
0.0045943748
0.0043628379
0.0047918278
0.0061135460
0.0080514622
0.0098475411
0.0103349440
0.0087506999
0.0050647592
-0.0003195725
-0.0067683133
-0.0142862648
-0.0226867369
-0.0315336006
-0.0401318561
-0.0474240262
-0.0526694525
-0.0555157309
-0.0560440452
-0.0542670243
-0.0497988349
-0.0429210053
-0.0342100437
-0.0238740315
-0.0132855575
-0.0028932297
0.0065622837
0.0142066982
0.0195154484
0.0225114608
0.0237403556
0.0234907291
0.0218599679
0.0178920000
0.0114221963
0.0035661076
-0.0052015299
-0.0139949532
-0.0218402859
-0.0280609074
-0.0322160415
-0.0344094394
-0.0350238294
-0.0343226100
-0.0322658181
-0.0285134438
-0.0237120331
-0.0181586380
-0.0110107061
-0.0036041314
0.0029180525
0.0085832407
0.0135630872
0.0180138757
0.0220680291
0.0258856491
0.0296389868
0.0332732292
0.0363598846
0.0387722454
0.0406252540
0.0419607101
0.0426114043
0.0423145420
0.0411349195
0.0392122827
0.0367973163
0.0341912902
0.0312462923
0.0280085801
0.0246816026
0.0215933948
0.0190202286
0.0169471440
0.0150762305
0.0132465878
0.0115913128
0.0105822744
0.0105924823
0.0116572672
0.0135314652
0.0158866818
0.0182472844
0.0199864238
0.0206019669
0.0199325791
0.0183755594
0.0164552387
0.0149522933
0.0142146799
0.0142245483
0.0146615557
0.0149649720
0.0146528104
0.0132219791
0.0102529814
0.0056975534
0.0000828171
-0.0065349196
-0.0145318531
-0.0231346610
-0.0309223903
-0.0371585507
-0.0414752989
-0.0434514909
-0.0429594209
-0.0403149442
-0.0359149705
-0.0304365148
-0.0248610019
-0.0199225759
-0.0158507820
-0.0128344887
-0.0109692906
-0.0100306292
-0.0096083571
-0.0091567193
-0.0084751968
-0.0077478961
-0.0072806594
-0.0071454710
-0.0071458604
-0.0070413256
-0.0067405149
-0.0063215273
-0.0060335501
-0.0062339441
-0.0068752091
-0.0073657268
-0.0070822071
-0.0057565544
-0.0036538106
-0.0015172105
-0.0000800391
0.0005386265
0.0005492552
0.0002259414
-0.0000569571
-0.0000977148
0.0000398498
0.0001013261
-0.0003973230
-0.0019081521
-0.0044016214
-0.0075544304
-0.0107489799
-0.0135479975
-0.0154503783
-0.0160238918
-0.0152778425
-0.0135022193
-0.0107606953
-0.0068623207
-0.0019837144
0.0034607632
0.0086531934
0.0131665170
0.0170235559
0.0203579959
0.0232122958
0.0251833864
0.0261712503
0.0265003536
0.0266433339
0.0270706276
0.0282134816
0.0304296963
0.0338517893
0.0383695805
0.0432838769
0.0476286981
0.0505960285
0.0519544512
0.0519587939
0.0512151406
0.0503418546
0.0495181255
0.0485560085
0.0474726447
0.0461839651
0.0445821754
0.0427880082
0.0411185719
0.0395342580
0.0380446602
0.0369727272
0.0365821670
0.0367561803
0.0369501002
0.0369517424
0.0370058217
0.0374452351
0.0381971246
0.0387883434
0.0387009749
0.0371166859
0.0336129247
0.0281498832
0.0212148095
0.0135750572
0.0058480561
-0.0009310297
-0.0058186454
-0.0087396485
-0.0103073403
-0.0110011072
-0.0110414546
-0.0106881719
-0.0102736268
-0.0100985903
-0.0105012752
-0.0115762930
-0.0132225331
-0.0149451503
-0.0163320851
-0.0171104403
-0.0172122047
-0.0166826474
-0.0156923376
-0.0145031712
-0.0136851376
-0.0136722292
-0.0147188097
-0.0168026662
-0.0196192544
-0.0226940197
-0.0256081244
-0.0283681723
-0.0309743282
-0.0333718339
-0.0353755748
-0.0369057695
-0.0380818029
-0.0391486045
-0.0402743872
-0.0415226645
-0.0429440965
-0.0444864509
-0.0459041492
-0.0468499686
-0.0470282696
-0.0464563285
-0.0452794315
-0.0438207070
-0.0425255782
-0.0416878476
-0.0412494226
-0.0408595811
-0.0398999848
-0.0379403301
-0.0347502631
-0.0306612231
-0.0259932787
-0.0208068934
-0.0151774908
-0.0096325965
-0.0047905749
-0.0011278168
0.0015077738
0.0033335590
0.0043284955
0.0044434713
0.0036339169
0.0020368498
0.0001872949
-0.0016164855
-0.0033202523
-0.0050881899
-0.0068318118
-0.0080513174
-0.0083347822
-0.0074794661
-0.0054287939
-0.0021742290
0.0021722289
0.0070192077
0.0114381496
0.0150507033
0.0181186750
0.0210699773
0.0238717753
0.0262591879
0.0279386424
0.0287192986
0.0284625291
0.0271608214
0.0248934774
0.0218878612
0.0184358583
0.0147249195
0.0111392606
0.0078884754
0.0050358427
0.0022778094
-0.0006173401
-0.0037609225
-0.0071420118
-0.0105568570
-0.0136587119
-0.0160034661
-0.0174829458
-0.0180981345
-0.0178419040
-0.0167992370
-0.0152996110
-0.0138640726
-0.0128013492
-0.0119165476
-0.0107882990
-0.0095411797
-0.0083161434
-0.0071276908
-0.0060340992
-0.0050524548
-0.0039217349
-0.0025954174
-0.0013775746
-0.0005114840
-0.0001973754
-0.0006134715
-0.0017887233
-0.0036111835
-0.0058583588
-0.0077802868
-0.0087746897
-0.0087359197
-0.0076178990
-0.0058278948
-0.0038891491
-0.0018271284
0.0005163843
0.0031472403
0.0056438085
0.0076127177
0.0092170881
0.0107307954
0.0120338759
0.0127165414
0.0123636430
0.0107021484
0.0077636896
0.0038426206
-0.0005024197
-0.0049846839
-0.0092454056
-0.0127635576
-0.0153871493
-0.0172897447
-0.0188300874
-0.0200979868
-0.0208821123
-0.0209126161
-0.0201269882
-0.0188166200
-0.0171842765
-0.0153240051
-0.0132730734
-0.0112718184
-0.0095754722
-0.0080587949
-0.0064559919
-0.0046085790
-0.0026094594
-0.0005648560
0.0015338421
0.0035702946
0.0053434869
0.0067289343
0.0077024972
0.0081622764
0.0079638640
0.0072747842
0.0063869177
0.0055251424
0.0049586775
0.0049920960
0.0058119865
0.0071677487
0.0084646245
0.0094060812
0.0099894832
0.0103293085
0.0105155662
0.0105728502
0.0104793270
0.0102962489
0.0102241548
0.0104699776
0.0108966873
0.0112857251
0.0114942106
0.0111337049
0.0098910781
0.0079102439
0.0056081283
0.0033700089
0.0007918111
-0.0028680249
-0.0074438957
-0.0125713348
-0.0179770375
-0.0230933003
-0.0273528245
-0.0306171819
-0.0329284273
-0.0346169416
-0.0357824826
-0.0362251854
-0.0357776457
-0.0342746404
-0.0314912816
-0.0273861536
-0.0220980338
-0.0164162540
-0.0110051754
-0.0065820555
-0.0031963250
-0.0006991594
0.0008413400
0.0014384994
0.0011094556
0.0001531525
-0.0009440613
-0.0018276181
-0.0023155865
-0.0025084138
-0.0025354819
-0.0023760028
-0.0017623026
-0.0004708134
0.0014071954
0.0033838561
0.0048665091
0.0057571634
0.0063246371
0.0067303769
0.0067784164
0.0061170601
0.0048132144
0.0032336100
0.0017327776
0.0004858162
-0.0004103943
-0.0009055973
-0.0012568170
-0.0016703443
-0.0021955333
-0.0027401408
-0.0033061604
-0.0039277868
-0.0043713562
-0.0044017178
-0.0040787217
-0.0037222858
-0.0036396498
-0.0039864280
-0.0046898477
-0.0054795738
-0.0058823885
-0.0058256586
-0.0054391316
-0.0048055832
-0.0039449550
-0.0028616067
-0.0014936145
0.0001714384
0.0020523778
0.0039069322
0.0054668950
0.0066982857
0.0077236317
0.0085599048
0.0092322426
0.0097993719
0.0103849502
0.0111853034
0.0121072429
0.0130918572
0.0138247336
0.0140317815
0.0137148728
0.0129751429
0.0115962994
0.0094426699
0.0066831610
0.0037581736
0.0012498861
-0.0008901447
-0.0028313229
-0.0046237146
-0.0061154528
-0.0070586715
-0.0071489901
-0.0063430562
-0.0048254499
-0.0028452231
-0.0005776446
0.0018112021
0.0041110431
0.0060406182
0.0074321304
0.0083695838
0.0090058771
0.0095426722
0.0100794673
0.0105005414
0.0106758625
0.0105962360
0.0103800334
0.0099551507
0.0093691831
0.0087359047
0.0082906412
0.0082265686
0.0084977091
0.0089706312
0.0095895836
0.0102661593
0.0112604025
0.0126640444
0.0143369948
0.0161567840
0.0180477339
0.0198904048
0.0216168505
0.0231619952
0.0246545829
0.0261324554
0.0274411414
0.0284409303
0.0292340307
0.0299510736
0.0304973079
0.0307032327
0.0304962697
0.0299269441
0.0292003172
0.0286324942
0.0283003909
0.0278956994
0.0268556829
0.0251694248
0.0233512130
0.0215930205
0.0196918377
0.0173409339
0.0144154283
0.0110278724
0.0073228387
0.0031925239
-0.0010084838
-0.0049173588
-0.0082872319
-0.0109631159
-0.0127518722
-0.0137019145
-0.0139490152
-0.0135506780
-0.0126258884
-0.0113530722
-0.0099396517
-0.0085462627
-0.0074408009
-0.0066625256
-0.0061205492
-0.0057379407
-0.0054090171
-0.0049856364
-0.0045083819
-0.0040619628
-0.0036231829
-0.0030207998
-0.0025024493
-0.0022537352
-0.0023397001
-0.0026548238
-0.0031290149
-0.0037114005
-0.0045039549
-0.0057176497
-0.0071966402
-0.0085281081
-0.0096160243
-0.0104485635
-0.0114648298
-0.0130847292
-0.0152253805
-0.0175555840
-0.0199046609
-0.0221074630
-0.0239074505
-0.0251412421
-0.0257743607
-0.0259596051
-0.0259059052
-0.0256848807
-0.0252363077
-0.0246068579
-0.0239301224
-0.0233707951
-0.0228526038
-0.0223970625
-0.0218853754
-0.0212370922
-0.0203514120
-0.0192132351
-0.0178548872
-0.0162085223
-0.0140905330
-0.0113956059
-0.0084773332
-0.0055761768
-0.0029021068
-0.0005144116
0.0018678621
0.0043333983
0.0065655582
0.0083725738
0.0097282062
0.0106654549
0.0112469401
0.0115488340
0.0116150380
0.0115063652
0.0110887453
0.0101991117
0.0085738215
0.0062873995
0.0035426794
0.0006971553
-0.0018437381
-0.0037950174
-0.0052385578
-0.0063996663
-0.0075657215
-0.0085155791
-0.0089115103
-0.0086386777
-0.0078099321
-0.0067708790
-0.0057273334
-0.0047330188
-0.0037779495
-0.0031222337
-0.0029088699
-0.0030378607
-0.0033542683
-0.0037242650
-0.0040796956
-0.0044921821
-0.0049947965
-0.0054840762
-0.0057632582
-0.0057526210
-0.0054714973
-0.0049373917
-0.0041773115
-0.0032634959
-0.0021784624
-0.0008971145
0.0007533655
0.0030902279
0.0062014935
0.0097889993
0.0136121649
0.0172966980
0.0203540925
0.0225896696
0.0240632692
0.0248663978
0.0251402787
0.0249837062
0.0244300094
0.0233781428
0.0220910356
0.0207135299
0.0194217205
0.0181501123
0.0166219542
0.0147138031
0.0123869489
0.0099358730
0.0078077857
0.0061636919
0.0049383581
0.0039528642
0.0030520220
0.0023831707
0.0019955091
0.0016685822
0.0011224702
0.0005016665
-0.0002508691
-0.0011880418
-0.0023079533
-0.0035669093
-0.0048647790
-0.0061442495
-0.0072743799
-0.0079690453
-0.0081677522
-0.0077958607
-0.0068456187
-0.0054796636
-0.0037785959
-0.0019445456
-0.0000408541
0.0019825169
0.0043474582
0.0068183145
0.0088587238
0.0102086507
0.0107545206
0.0105675241
0.0096760936
0.0081434230
0.0061762608
0.0041586907
0.0024446252
0.0008430327
-0.0008364198
-0.0022839196
-0.0032030353
-0.0036086573
-0.0034533362
-0.0029475865
-0.0023058329
-0.0017954001
-0.0016091938
-0.0016279269
-0.0018484542
-0.0021993145
-0.0024651029
-0.0026005304
-0.0026200307
-0.0024401318
-0.0019731696
-0.0012301672
-0.0002047222
0.0011879480
0.0026900049
0.0040552436
0.0054067758
0.0068107571
0.0081471667
0.0092729943
0.0098407276
0.0096908688
0.0090478068
0.0080099368
0.0065487663
0.0046456179
0.0022703843
-0.0004775297
-0.0035439722
-0.0063408649
-0.0082090829
-0.0090050685
-0.0089239744
-0.0084278512
-0.0079478658
-0.0078593043
-0.0083293812
-0.0091899236
-0.0100720597
-0.0106825014
-0.0108503699
-0.0105750665
-0.0099175288
-0.0087556067
-0.0072385050
-0.0057507292
-0.0045102892
-0.0036437824
-0.0031130496
-0.0027943774
-0.0028068470
-0.0031114159
-0.0035939260
-0.0042667500
-0.0050384583
-0.0059138557
-0.0066386057
-0.0072118647
-0.0078292796
-0.0086697257
-0.0097550712
-0.0108408908
-0.0117169572
-0.0120799037
-0.0117967484
-0.0108537643
-0.0093941213
-0.0076068026
-0.0058190647
-0.0042673236
-0.0029676848
-0.0019318903
-0.0012707117
-0.0010801068
-0.0012670104
-0.0016516955
-0.0021900166
-0.0030036715
-0.0043027582
-0.0059550217
-0.0076655841
-0.0091269242
-0.0106572786
-0.0125794762
-0.0147594316
-0.0169225752
-0.0187097741
-0.0200186698
-0.0208731772
-0.0214080605
-0.0217536711
-0.0217710620
-0.0212940916
-0.0202117761
-0.0185379222
-0.0162650875
-0.0137114834
-0.0112576372
-0.0091681401
-0.0075566417
-0.0060598859
-0.0043711156
-0.0024491237
-0.0004702561
0.0010927660
0.0021972225
0.0031136551
0.0040528187
0.0052481567
0.0064910581
0.0074469206
0.0080146788
0.0082147035
0.0083157291
0.0083974621
0.0085318169
0.0088107093
0.0093223915
0.0098905191
0.0103256796
0.0105527988
0.0105420169
0.0103007064
0.0099349446
0.0094861620
0.0090753656
0.0086956123
0.0082639459
0.0078331182
0.0074553415
0.0070925098
0.0067705445
0.0065079797
0.0062664297
0.0060122109
0.0058051130
0.0056309251
0.0055759372
0.0056285141
0.0057789968
0.0060535216
0.0064061205
0.0068526070
0.0076508338
0.0087806896
0.0100345227
0.0111102393
0.0115870300
0.0114993569
0.0110883160
0.0105516857
0.0098722946
0.0088379636
0.0075739078
0.0063658131
0.0054087326
0.0047745687
0.0042778275
0.0037568424
0.0030155017
0.0022064540
0.0015116253
0.0010626301
0.0007810661
0.0005122173
0.0001441240
-0.0003809016
-0.0008319393
-0.0008925008
-0.0004065680
0.0007906096
0.0026755097
0.0049348355
0.0071942492
0.0092312044
0.0109290980
0.0121609977
0.0129384144
0.0132673929
0.0132806757
0.0131502194
0.0128724500
0.0125140159
0.0123271991
0.0124381431
0.0126454905
0.0126943386
0.0125384949
0.0122073650
0.0116690275
0.0109504621
0.0099956678
0.0088163199
0.0075150814
0.0064370486
0.0058643138
0.0059995371
0.0068257969
0.0080297735
0.0093355644
0.0104238400
0.0111582688
0.0116499545
0.0121673471
0.0127229057
0.0133723220
0.0140144306
0.0143634005
0.0140659342
0.0130096650
0.0114698913
0.0096505164
0.0076416791
0.0055630039
0.0034426855
0.0011782392
-0.0011293267
-0.0033242516
-0.0052835524
-0.0067856842
-0.0078238987
-0.0084816959
-0.0088967601
-0.0091787024
-0.0093922344
-0.0096614231
-0.0101320691
-0.0105564377
-0.0107558434
-0.0108210092
-0.0107865370
-0.0107124112
-0.0107638550
-0.0108651851
-0.0109977628
-0.0111652371
-0.0115235963
-0.0119416804
-0.0121036339
-0.0120235831
-0.0117823725
-0.0115392401
-0.0114667716
-0.0116265936
-0.0119904586
-0.0123853067
-0.0125625645
-0.0123505799
-0.0118938606
-0.0111765831
-0.0103456062
-0.0095443943
-0.0087286419
-0.0078604424
-0.0070129282
-0.0064290920
-0.0062769321
-0.0064411368
-0.0068910076
-0.0075507366
-0.0083927550
-0.0093948600
-0.0104900789
-0.0113354517
-0.0116309214
-0.0113761884
-0.0105825389
-0.0092514155
-0.0077166485
-0.0061767001
-0.0047015756
-0.0032350192
-0.0018669991
-0.0007525479
-0.0001386268
-0.0000037079
-0.0001463944
-0.0003558846
-0.0006610842
-0.0010324157
-0.0015099362
-0.0020804403
-0.0026362345
-0.0031035271
-0.0034345656
-0.0036963727
-0.0041265625
-0.0047994789
-0.0056970592
-0.0068345572
-0.0080518116
-0.0091122338
-0.0099472839
-0.0104355254
-0.0104181445
-0.0100186443
-0.0094841703
-0.0089996775
-0.0086638555
-0.0083832210
-0.0079437777
-0.0073317487
-0.0066539899
-0.0058768128
-0.0048828497
-0.0037870038
-0.0028935935
-0.0024222377
-0.0022396169
-0.0020605226
-0.0017046592
-0.0010526548
-0.0001041364
0.0010738722
0.0020252513
0.0023544309
0.0020983158
0.0014482062
0.0003868363
-0.0010351866
-0.0025751459
-0.0039619300
-0.0050502835
-0.0056830277
-0.0058613038
-0.0057357593
-0.0056298868
-0.0056782607
-0.0058150065
-0.0058653920
-0.0057437260
-0.0052235979
-0.0042441140
-0.0029265059
-0.0015221961
-0.0002494961
0.0008021562
0.0016805996
0.0023914129
0.0028679515
0.0032170603
0.0035046032
0.0037936142
0.0040480626
0.0042781824
0.0044487279
0.0043161672
0.0039412916
0.0036419001
0.0038350862
0.0046566229
0.0059180886
0.0073355274
0.0087007836
0.0100878183
0.0116146936
0.0131785369
0.0146157625
0.0158927067
0.0170507753
0.0180949847
0.0191141462
0.0201435305
0.0212492618
0.0225012129
0.0237107951
0.0245143530
0.0246670370
0.0241445629
0.0230820991
0.0215695997
0.0197029091
0.0174620658
0.0149813695
0.0122828684
0.0095060736
0.0068506852
0.0044880790
0.0024924386
0.0008408169
-0.0004906537
-0.0012173821
-0.0014506566
-0.0014138293
-0.0013961290
-0.0016013040
-0.0019310931
-0.0023734525
-0.0028775804
-0.0035167284
-0.0042464471
-0.0048433978
-0.0051797365
-0.0052367708
-0.0049977715
-0.0045650479
-0.0042141577
-0.0040994615
-0.0040356834
-0.0038602535
-0.0036412796
-0.0034888591
-0.0034196352
-0.0034662895
-0.0035576134
-0.0035278253
-0.0034907240
-0.0036782481
-0.0039596658
-0.0039427911
-0.0035422122
-0.0028357056
-0.0019032174
-0.0008718424
0.0000543513
0.0008175165
0.0014899642
0.0021404087
0.0026808931
0.0029615446
0.0029415911
0.0026960208
0.0022175774
0.0014724720
0.0006351198
-0.0002592256
-0.0009951861
-0.0012979186
-0.0008995724
0.0003200373
0.0022938774
0.0047432677
0.0073110235
0.0096904395
0.0116066421
0.0129229953
0.0136767067
0.0140524269
0.0141329868
0.0140550325
0.0140491224
0.0142362287
0.0146933224
0.0153056609
0.0160462393
0.0167361627
0.0172750793
0.0177576003
0.0180319953
0.0179802022
0.0174960139
0.0165501096
0.0152488312
0.0136524225
0.0118697011
0.0100401832
0.0083464926
0.0069136496
0.0056858679
0.0045288806
0.0033820637
0.0023423791
0.0013679337
0.0005010211
-0.0001519027
-0.0005403267
-0.0006921122
-0.0007041176
-0.0006460045
-0.0005913406
-0.0005805537
-0.0006272185
-0.0007657423
-0.0008761996
-0.0009881529
-0.0012016330
-0.0014086016
-0.0016880596
-0.0022458599
-0.0033575692
-0.0050085135
-0.0069296229
-0.0086131505
-0.0098037895
-0.0107674190
-0.0117216643
-0.0125692533
-0.0131428966
-0.0134200770
-0.0134424045
-0.0131560795
-0.0126141231
-0.0119689647
-0.0113091458
-0.0105627272
-0.0095898481
-0.0083638035
-0.0068711010
-0.0051197021
-0.0033033861
-0.0015552662
-0.0000053923
0.0013279378
0.0023287390
0.0030285977
0.0034378257
0.0033166084
0.0026370616
0.0017609583
0.0008308207
-0.0000645455
-0.0008559326
-0.0016239166
-0.0024859534
-0.0036530264
-0.0048254873
-0.0057931681
-0.0067364767
-0.0077752652
-0.0088629418
-0.0101031726
-0.0116277916
-0.0135138747
-0.0154788505
-0.0170688001
-0.0179939192
-0.0183396745
-0.0183388858
-0.0180812328
-0.0175570815
-0.0169248065
-0.0163876620
-0.0158347739
-0.0152209828
-0.0145733186
-0.0139501683
-0.0135128365
-0.0135411939
-0.0142543284
-0.0154428060
-0.0166734578
-0.0176650655
-0.0184825201
-0.0190760301
-0.0191789575
-0.0185536009
-0.0171956924
-0.0152501190
-0.0127906671
-0.0101734198
-0.0078003182
-0.0058543106
-0.0042565142
-0.0025939514
-0.0007206569
0.0012431285
0.0029809152
0.0043024572
0.0052051189
0.0058983218
0.0063960873
0.0066311283
0.0066136775
0.0062752549
0.0057664678
0.0052125015
0.0046836411
0.0040816518
0.0032993758
0.0026176172
0.0024243038
0.0025701103
0.0027872403
0.0027372277
0.0023856666
0.0018537218
0.0012050119
0.0007422257
0.0005838422
0.0006851404
0.0011353362
0.0019474946
0.0028664441
0.0035122244
0.0037431937
0.0037485722
0.0035617998
0.0032009817
0.0026735240
0.0020163138
0.0013097772
0.0006823850
0.0001037814
-0.0004578465
-0.0009537850
-0.0015020274
-0.0020975341
-0.0027278000
-0.0033777574
-0.0042157695
-0.0051329050
-0.0061230950
-0.0074063936
-0.0091762415
-0.0112532396
-0.0131950692
-0.0146665723
-0.0156079092
-0.0160258136
-0.0159033090
-0.0150702455
-0.0136098239
-0.0116351892
-0.0091894694
-0.0066190186
-0.0041042135
-0.0016143127
0.0010160806
0.0035902706
0.0057372618
0.0072817625
0.0081618771
0.0085150350
0.0084690471
0.0081461534
0.0075508714
0.0067288994
0.0056577301
0.0043478720
0.0030709163
0.0018552513
0.0007507534
-0.0000800613
-0.0007090009
-0.0011756241
-0.0014745126
-0.0016571299
-0.0017854638
-0.0018437346
-0.0017938013
-0.0014519564
-0.0008629843
-0.0001950314
0.0005413539
0.0012106774
0.0017624239
0.0022700629
0.0027338309
0.0032049076
0.0037683316
0.0043325976
0.0047733253
0.0052263383
0.0057093087
0.0060691204
0.0062102988
0.0062156348
0.0061093081
0.0058545502
0.0055720687
0.0055453236
0.0057843778
0.0060629059
0.0063106406
0.0064889217
0.0065103757
0.0063736399
0.0060924463
0.0058760641
0.0059640117
0.0063069967
0.0068875883
0.0077501822
0.0088176177
0.0099937061
0.0112311266
0.0125403917
0.0138358699
0.0149152254
0.0157081162
0.0162447116
0.0165107706
0.0165329434
0.0163565841
0.0159582169
0.0150938510
0.0137397560
0.0119313527
0.0096193038
0.0069575660
0.0040592539
0.0011877263
-0.0015639661
-0.0039868837
-0.0059091386
-0.0072405865
-0.0080921340
-0.0085829761
-0.0086815708
-0.0082553104
-0.0075887279
-0.0069078693
-0.0061811526
-0.0054148673
-0.0047749945
-0.0041959946
-0.0035596075
-0.0029458065
-0.0023743211
-0.0019124139
-0.0015842576
-0.0012500808
-0.0008912139
-0.0004043937
0.0001023576
0.0007182893
0.0016810743
0.0029562800
0.0043369164
0.0056887631
0.0068453791
0.0077271508
0.0083572495
0.0088599518
0.0094606248
0.0100102184
0.0103580104
0.0105021587
0.0104083659
0.0101070062
0.0096544848
0.0090291282
0.0081288824
0.0070222126
0.0059604426
0.0050933313
0.0042835169
0.0036144486
0.0031663917
0.0031069663
0.0033518333
0.0037772716
0.0041705792
0.0043567132
0.0043152832
0.0037688173
0.0027602850
0.0015085959
0.0002461095
-0.0007734124
-0.0014444295
-0.0015570377
-0.0010741208
-0.0003406105
0.0004064181
0.0011494290
0.0019069381
0.0024748710
0.0026676418
0.0026630460
0.0028905581
0.0034229536
0.0040401145
0.0046916193
0.0052381785
0.0056906799
0.0061760761
0.0067547011
0.0072287664
0.0073906899
0.0071200137
0.0065201144
0.0057527209
0.0048895584
0.0040585655
0.0033665562
0.0029779906
0.0029651451
0.0033515753
0.0040797979
0.0049941476
0.0060123307
0.0071510117
0.0083315726
0.0094158249
0.0101901468
0.0104897395
0.0104426584
0.0102213545
0.0099027586
0.0094131793
0.0085596502
0.0072816228
0.0057007580
0.0040014109
0.0021372560
0.0001365570
-0.0017953337
-0.0035693187
-0.0050279260
-0.0061576420
-0.0071583893
-0.0078353944
-0.0080156023
-0.0076924790
-0.0069792347
-0.0060912533
-0.0051977712
-0.0043795090
-0.0036666850
-0.0029844118
-0.0022515754
-0.0013357881
-0.0003594640
0.0005690460
0.0011715924
0.0013553239
0.0013631248
0.0013251545
0.0009916915
0.0002449689
-0.0008083943
-0.0018997412
-0.0027935558
-0.0034707814
-0.0041719070
-0.0050983579
-0.0062041840
-0.0072738707
-0.0083564559
-0.0097421328
-0.0113071342
-0.0126197287
-0.0135938357
-0.0143620977
-0.0150229349
-0.0156148875
-0.0160232629
-0.0160288785
-0.0155806249
-0.0147207465
-0.0135094971
-0.0120708239
-0.0107620680
-0.0095149537
-0.0082033076
-0.0068440114
-0.0057029044
-0.0049542260
-0.0045029565
-0.0043551733
-0.0045547527
-0.0050737991
-0.0059390635
-0.0070063642
-0.0080316953
-0.0088337108
-0.0094650623
-0.0098893411
-0.0099267034
-0.0096694447
-0.0092636500
-0.0087580376
-0.0080784769
-0.0072459126
-0.0062402536
-0.0051990491
-0.0044081205
-0.0038231202
-0.0033881430
-0.0030537136
-0.0029263716
-0.0030843917
-0.0035409114
-0.0042854352
-0.0053610774
-0.0067874861
-0.0085103029
-0.0104169965
-0.0123269545
-0.0140014024
-0.0152083740
-0.0158791395
-0.0162451309
-0.0166385015
-0.0169940254
-0.0171864978
-0.0170264261
-0.0163459918
-0.0150706898
-0.0133462058
-0.0114568881
-0.0095985735
-0.0077075387
-0.0055412853
-0.0030896469
-0.0006636230
0.0014552878
0.0032365656
0.0048037957
0.0061694423
0.0073591977
0.0083001203
0.0089282123
0.0094181759
0.0099053742
0.0101748474
0.0102265208
0.0102603740
0.0103287943
0.0103820001
0.0105350885
0.0108937123
0.0113358760
0.0116587447
0.0118379294
0.0119214593
0.0120276213
0.0121467766
0.0122134748
0.0121631441
0.0120690569
0.0119626453
0.0117026861
0.0112151883
0.0105342249
0.0097504938
0.0091144601
0.0089450341
0.0091768605
0.0095600631
0.0099604718
0.0105531732
0.0113954362
0.0123715448
0.0132325513
0.0138077171
0.0140475800
0.0140102326
0.0137534082
0.0132212303
0.0124313994
0.0114794703
0.0103567225
0.0092104741
0.0080666168
0.0068592858
0.0054092417
0.0035905696
0.0015291879
-0.0005517390
-0.0025232254
-0.0043344216
-0.0061155227
-0.0078304477
-0.0092343841
-0.0102656652
-0.0110410553
-0.0116315603
-0.0119637933
-0.0120525146
-0.0121081513
-0.0123336683
-0.0128462390
-0.0134935288
-0.0142207647
-0.0148670961
-0.0154337212
-0.0159503701
-0.0163826604
-0.0166241006
-0.0167544670
-0.0169310161
-0.0171936957
-0.0176662435
-0.0184857796
-0.0193482487
-0.0200387960
-0.0205840519
-0.0209307308
-0.0208316369
-0.0201094626
-0.0185997785
-0.0164269711
-0.0141218505
-0.0121196770
-0.0104726681
-0.0088200586
-0.0070569394
-0.0053154290
-0.0036626023
-0.0021199890
-0.0006501526
0.0009019340
0.0025395421
0.0042462624
0.0060270909
0.0078958530
0.0098379422
0.0116763602
0.0133166953
0.0148015560
0.0160894269
0.0172473208
0.0184161513
0.0194343444
0.0200229276
0.0201253260
0.0198357115
0.0192908599
0.0186463554
0.0179207219
0.0172115458
0.0166364149
0.0162527232
0.0160611643
0.0160991906
0.0162525535
0.0164488494
0.0165861842
0.0164690805
0.0160425955
0.0154286846
0.0146522164
0.0138001198
0.0127879966
0.0114708348
0.0099508429
0.0083197474
0.0065960271
0.0048470302
0.0031803069
0.0015593394
0.0000157877
-0.0015125213
-0.0028974027
-0.0039667564
-0.0047182117
-0.0051434922
-0.0052895024
-0.0053271493
-0.0052932012
-0.0052690218
-0.0053391242
-0.0053651007
-0.0052982378
-0.0052310704
-0.0052749319
-0.0054644791
-0.0056977381
-0.0058480561
-0.0060382772
-0.0062607841
-0.0067817208
-0.0076109507
-0.0085428184
-0.0095043165
-0.0104385503
-0.0113236116
-0.0120552051
-0.0124093165
-0.0122212168
-0.0116741889
-0.0108515430
-0.0096775561
-0.0082540425
-0.0067192955
-0.0053753685
-0.0042381500
-0.0032872486
-0.0026126520
-0.0022240725
-0.0020007723
-0.0017969645
-0.0017601168
-0.0019069411
-0.0020841695
-0.0022433966
-0.0024551586
-0.0025297840
-0.0022753889
-0.0018005724
-0.0011801670
-0.0003348061
0.0007911172
0.0021284228
0.0034308074
0.0044991225
0.0052958468
0.0058928709
0.0062918570
0.0064158192
0.0062478957
0.0059801895
0.0057793163
0.0054018641
0.0047565284
0.0039443755
0.0029191642
0.0018574785
0.0011476271
0.0007349714
0.0004127166
0.0000582764
-0.0002469842
-0.0004218111
-0.0004965379
-0.0003926811
-0.0000503760
0.0003139579
0.0005584029
0.0006622233
0.0006612584
0.0005931087
0.0005270988
0.0004409075
0.0001866207
-0.0002811253
-0.0009424450
-0.0017130247
-0.0024886938
-0.0031043472
-0.0035622166
-0.0039663047
-0.0042716828
-0.0043555407
-0.0041501974
-0.0035580042
-0.0024824034
-0.0010851957
0.0002056369
0.0012175229
0.0020214037
0.0027512981
0.0034207583
0.0040177774
0.0044461762
0.0046690800
0.0045822900
0.0041299279
0.0034014307
0.0024866632
0.0016632117
0.0012661484
0.0012366693
0.0013136118
0.0013841296
0.0015470515
0.0017598692
0.0019590947
0.0022121315
0.0025333340
0.0027327796
0.0025814214
0.0017943534
0.0003985063
-0.0013494722
-0.0031687163
-0.0046818936
-0.0057560104
-0.0066036344
-0.0073678931
-0.0081636291
-0.0090317587
-0.0098127544
-0.0104248233
-0.0108712350
-0.0110572531
-0.0109472575
-0.0105203881
-0.0098315579
-0.0089398678
-0.0080350047
-0.0071730448
-0.0064050273
-0.0057537891
-0.0051950108
-0.0047847082
-0.0046866870
-0.0048900406
-0.0051307386
-0.0052761947
-0.0053103175
-0.0053346468
-0.0054929963
-0.0056838064
-0.0057529804
-0.0056928962
-0.0054901161
-0.0050562884
-0.0044449123
-0.0037798178
-0.0030647017
-0.0024338358
-0.0017087903
-0.0008338321
0.0001464223
0.0012719671
0.0024560461
0.0035937208
0.0047942572
0.0061639265
0.0076679900
0.0094135786
0.0113587976
0.0130430191
0.0140260810
0.0144249873
0.0143789595
0.0140404569
0.0133942503
0.0124647036
0.0111399345
0.0096254834
0.0082083691
0.0068319466
0.0053742753
0.0038342541
0.0023772287
0.0010070427
-0.0002124498
-0.0011768226
-0.0018280708
-0.0023195444
-0.0025882934
-0.0026522501
-0.0025357215
-0.0020770185
-0.0013975880
-0.0007257318
-0.0000883784
0.0006425663
0.0014091656
0.0021749798
0.0029000867
0.0035750721
0.0041428073
0.0045955598
0.0048694651
0.0049446066
0.0049374616
0.0048312666
0.0046016586
0.0042466562
0.0038268061
0.0033577983
0.0027647665
0.0021436443
0.0016831143
0.0013411921
0.0010530546
0.0007995351
0.0005932315
0.0003913897
0.0002545490
0.0002377914
0.0002497260
0.0003161271
0.0003358403
0.0003269455
0.0003999544
0.0004368877
0.0005172943
0.0005647732
0.0004355660
0.0000472171
-0.0004794620
-0.0010404982
-0.0016875399
-0.0025208774
-0.0034275589
-0.0042098235
-0.0048938672
-0.0054174979
-0.0057488773
-0.0058696049
-0.0057769353
-0.0054991809
-0.0051601493
-0.0047990037
-0.0043092228
-0.0036539189
-0.0028184286
-0.0018031891
-0.0008159157
-0.0000636202
0.0003682269
0.0004379245
0.0002677156
0.0001403021
-0.0000183556
-0.0002513358
-0.0003370288
-0.0001796619
0.0000624498
0.0004497867
0.0009563727
0.0015847428
0.0023068252
0.0029715943
0.0035312920
0.0038739331
0.0040452678
0.0042683473
0.0044627729
0.0044317015
0.0039466586
0.0030754557
0.0021567254
0.0014175446
0.0009997789
0.0008950705
0.0010367325
0.0014362532
0.0020337935
0.0027533487
0.0036103514
0.0044880336
0.0053453788
0.0062249891
0.0070238299
0.0076908817
0.0081434879
0.0083958648
0.0086250655
0.0088372448
0.0089355101
0.0090602660
0.0091461819
0.0090898913
0.0087649610
0.0082752819
0.0075739826
0.0066621013
0.0056901458
0.0047181772
0.0037695955
0.0028276706
0.0020349111
0.0013833619
0.0008314012
0.0004186361
0.0000736378
-0.0002914888
-0.0007150922
-0.0010852661
-0.0014963734
-0.0018875501
-0.0022690301
-0.0026816344
-0.0028447794
-0.0028371212
-0.0028545495
-0.0028675832
-0.0026652324
-0.0021825116
-0.0015060881
-0.0007532253
-0.0000477640
0.0006290998
0.0013223561
0.0019803196
0.0027341923
0.0034028867
0.0038576409
0.0041445743
0.0043010690
0.0042849375
0.0041852422
0.0040005478
0.0037698326
0.0035045174
0.0031934284
0.0028595651
0.0024743938
0.0020285942
0.0015556810
0.0010464267
0.0004399790
-0.0003452994
-0.0013677935
-0.0023197915
-0.0029501338
-0.0032810325
-0.0034838201
-0.0037827904
-0.0043341795
-0.0049483514
-0.0054853491
-0.0058394105
-0.0059857203
-0.0059635724
-0.0057709254
-0.0053095538
-0.0047475280
-0.0041894092
-0.0036589784
-0.0031591763
-0.0026071657
-0.0019558077
-0.0013179610
-0.0008525418
-0.0005230287
-0.0003369464
-0.0000471767
0.0004019445
0.0007133476
0.0006002687
-0.0000086823
-0.0008226434
-0.0015535735
-0.0019862986
-0.0022570407
-0.0025832189
-0.0030769991
-0.0036724179
-0.0042423090
-0.0048151407
-0.0053164672
-0.0056108038
-0.0056961557
-0.0056735835
-0.0054023682
-0.0049093812
-0.0042565911
-0.0034975745
-0.0026482279
-0.0019084361
-0.0012935544
-0.0006375013
0.0000943632
0.0007845892
0.0013428283
0.0018098499
0.0022640370
0.0026943051
0.0030750783
0.0032044329
0.0032537607
0.0034374014
0.0037551088
0.0041961773
0.0046746347
0.0052065565
0.0057497309
0.0062836258
0.0066850229
0.0068752540
0.0067746027
0.0064386909
0.0059233698
0.0052139840
0.0042866112
0.0032046012
0.0019979076
0.0006749759
-0.0005516172
-0.0014773533
-0.0021084872
-0.0026075705
-0.0029973551
-0.0032001930
-0.0030655193
-0.0026506403
-0.0022900688
-0.0019609735
-0.0016699988
-0.0015148954
-0.0013517029
-0.0011491400
-0.0010127342
-0.0009996891
-0.0010589487
-0.0011806128
-0.0013485023
-0.0014900964
-0.0017147159
-0.0019948163
-0.0023367231
-0.0027004079
-0.0030861103
-0.0033555990
-0.0034722924
-0.0035830218
-0.0037477296
-0.0039462304
-0.0042095859
-0.0044328146
-0.0045366635
-0.0045218918
-0.0043772762
-0.0041832710
-0.0040491259
-0.0039778054
-0.0038563580
-0.0036254711
-0.0033231948
-0.0030623177
-0.0029656083
-0.0029560374
-0.0029296326
-0.0028476076
-0.0027130407
-0.0024711802
-0.0021519658
-0.0018708906
-0.0017187386
-0.0017120169
-0.0019190313
-0.0021429560
-0.0022435074
-0.0022770287
-0.0021465504
-0.0019693195
-0.0018587274
-0.0018867964
-0.0019724987
-0.0019838397
-0.0019915822
-0.0018373558
-0.0015426568
-0.0012220588
-0.0009703073
-0.0006370335
-0.0001842777
0.0003588678
0.0010598168
0.0019146487
0.0027157722
0.0033590447
0.0037725181
0.0039604830
0.0039835762
0.0038791907
0.0035939115
0.0030741553
0.0022998614
0.0015131258
0.0007428561
0.0000312234
-0.0006083921
-0.0012108965
-0.0018636083
-0.0025023639
-0.0030346755
-0.0034732079
-0.0039369609
-0.0043781418
-0.0047740970
-0.0051306887
-0.0053770057
-0.0054664208
-0.0054640897
-0.0053558063
-0.0052338807
-0.0050779820
-0.0048199691
-0.0042981793
-0.0036421247
-0.0030933796
-0.0026503593
-0.0021970627
-0.0018539255
-0.0015804619
-0.0011689463
-0.0005103105
0.0002268818
0.0008950290
0.0015194128
0.0021063603
0.0027206085
0.0033941045
0.0039851237
0.0044881229
0.0050195250
0.0056126357
0.0062008846
0.0067525697
0.0070524569
0.0069643347
0.0066047425
0.0061807333
0.0057906723
0.0054505574
0.0050521104
0.0045735078
0.0040451021
0.0035925877
0.0033022604
0.0032291705
0.0033048241
0.0034601537
0.0036209447
0.0037999890
0.0039749123
0.0040518273
0.0039333145
0.0037198259
0.0034961898
0.0031631112
0.0026006841
0.0018926531
0.0011455510
0.0004314137
-0.0001709917
-0.0007246706
-0.0013328376
-0.0019912029
-0.0026760827
-0.0032812387
-0.0037643373
-0.0040101961
-0.0040079679
-0.0038404262
-0.0035463807
-0.0032053744
-0.0028617854
-0.0024856579
-0.0020990900
-0.0017670981
-0.0015065503
-0.0013721272
-0.0013208931
-0.0012958271
-0.0012797451
-0.0013428623
-0.0014965721
-0.0017087309
-0.0018559182
-0.0018916168
-0.0018143404
-0.0016307456
-0.0014634950
-0.0014092565
-0.0013575157
-0.0013364550
-0.0014539965
-0.0016377090
-0.0017874015
-0.0018759805
-0.0019717769
-0.0021724790
-0.0023884219
-0.0025415138
-0.0026368320
-0.0026610594
-0.0025558867
-0.0022895627
-0.0018087637
-0.0011172061
-0.0003157705
0.0004285748
0.0010355964
0.0016543146
0.0023331501
0.0028998031
0.0031819821
0.0033396143
0.0035508577
0.0038184371
0.0040350884
0.0041704989
0.0042219661
0.0041249847
0.0039614124
0.0038596116
0.0039430372
0.0040179965
0.0039311846
0.0036970950
0.0034793056
0.0032781004
0.0030447686
0.0027215135
0.0022236681
0.0016567720
0.0011322933
0.0007469039
0.0003863748
-0.0001187756
-0.0006376475
-0.0010037538
-0.0010503536
-0.0007934448
-0.0004035702
-0.0001011983
-0.0000639911
-0.0002571868
-0.0004344383
-0.0004373723
-0.0003848739
-0.0003685022
-0.0003905105
-0.0003754172
-0.0003056906
-0.0001826890
-0.0000614010
0.0000921297
0.0001672536
0.0001525070
0.0001028572
0.0000099262
-0.0000400874
-0.0001331184
-0.0001852963
-0.0000890233
0.0000550755
0.0000525136
-0.0000544181
-0.0001547936
-0.0000931838
0.0002686718
0.0008880537
0.0014820060
0.0018647918
0.0019746361
0.0019228779
0.0018890391
0.0019839111
0.0021650923
0.0022874088
0.0022400377
0.0021493353
0.0021655091
0.0022783210
0.0025572030
0.0029863625
0.0033979081
0.0036420778
0.0038448368
0.0042792975
0.0048219662
0.0052603214
0.0054943540
0.0055789073
0.0055486430
0.0054145029
0.0052478323
0.0051263010
0.0050862582
0.0049872232
0.0047615016
0.0044633125
0.0041586532
0.0039169984
0.0037590746
0.0036271468
0.0034637208
0.0032692927
0.0031425736
0.0030726599
0.0030192204
0.0029477687
0.0028538776
0.0025750066
0.0022830151
0.0021234032
0.0019935220
0.0017306447
0.0013975910
0.0010355300
0.0005989464
-0.0000418899
-0.0007665005
-0.0013829910
-0.0019082090
-0.0024414935
-0.0029907127
-0.0036022311
-0.0041731145
-0.0046155727
-0.0049442173
-0.0051211796
-0.0051248035
-0.0050288544
-0.0049223240
-0.0048500462
-0.0047908185
-0.0048245379
-0.0049797727
-0.0051571693
-0.0052523198
-0.0051026157
-0.0047896863
-0.0045120762
-0.0043754588
-0.0044152456
-0.0044250976
-0.0042085226
-0.0038724990
-0.0035460672
-0.0032691215
-0.0031809034
-0.0032153402
-0.0032372539
-0.0032860900
-0.0033413050
-0.0034039594
-0.0034895465
-0.0035624862
-0.0035426320
-0.0033904641
-0.0031743189
-0.0029570477
-0.0026788845
-0.0024354336
-0.0024408146
-0.0027613393
-0.0033219370
-0.0039215093
-0.0043794701
-0.0046487841
-0.0049219167
-0.0052118826
-0.0054367755
-0.0055649107
-0.0055456330
-0.0053203907
-0.0051239649
-0.0050200242
-0.0048223266
-0.0045511188
-0.0043347056
-0.0042931208
-0.0043772118
-0.0044900941
-0.0045788518
-0.0046066287
-0.0045321181
-0.0043404754
-0.0040904586
-0.0038179614
-0.0034488292
-0.0030815624
-0.0027869184
-0.0026088739
-0.0025046890
-0.0023437019
-0.0022052231
-0.0020845444
-0.0020072220
-0.0019901092
-0.0021511193
-0.0025033608
-0.0027926807
-0.0029651121
-0.0031458516
-0.0033601095
-0.0035733924
-0.0036386540
-0.0035557819
-0.0033840164
-0.0031217296
-0.0027912456
-0.0024724980
-0.0022119153
-0.0019517650
-0.0016313406
-0.0013814366
-0.0013621774
-0.0014331244
-0.0012955196
-0.0009871736
-0.0006543490
-0.0004548604
-0.0003145123
-0.0001642507
0.0000336504
0.0003578841
0.0006932837
0.0009017303
0.0010943679
0.0013954381
0.0017732712
0.0022029064
0.0027257704
0.0032470635
0.0037605956
0.0042107070
0.0044344389
0.0045080949
0.0046390524
0.0048813527
0.0051443807
0.0053021662
0.0052679885
0.0051303892
0.0050426613
0.0050710287
0.0051429282
0.0051739861
0.0051774104
0.0050793697
0.0047798598
0.0042851891
0.0038951440
0.0035409408
0.0031382085
0.0026865202
0.0022854516
0.0020120679
0.0018778649
0.0018875297
0.0020930032
0.0025484342
0.0031620121
0.0036967795
0.0039883892
0.0042002415
0.0044608142
0.0047844901
0.0050450323
0.0051673123
0.0050385332
0.0047722606
0.0045001183
0.0042414330
0.0039567233
0.0036676324
0.0033986593
0.0031569725
0.0030293040
0.0030861208
0.0033585995
0.0037737290
0.0041586413
0.0043711730
0.0045112077
0.0046034800
0.0046610959
0.0047772946
0.0049249191
0.0049376398
0.0047491653
0.0044250471
0.0041248739
0.0039198376
0.0037955639
0.0037668411
0.0038311543
0.0039034351
0.0038887532
0.0037964510
0.0037469295
0.0036998364
0.0035895433
0.0034071591
0.0031911193
0.0029874053
0.0029732211
0.0030313077
0.0029946826
0.0029175604
0.0028988897
0.0028505327
0.0027180848
0.0026021002
0.0024658416
0.0021957739
0.0018063493
0.0014202770
0.0010581526
0.0006408282
0.0001699831
-0.0002372592
-0.0005668168
-0.0007646271
-0.0008417843
-0.0009061025
-0.0009345892
-0.0009853776
-0.0010450865
-0.0010051624
-0.0008219011
-0.0006507276
-0.0006934525
-0.0008565995
-0.0011324790
-0.0014502028
-0.0017375666
-0.0019776880
-0.0022813484
-0.0024980526
-0.0025496551
-0.0024672029
-0.0024013513
-0.0024514213
-0.0025298793
-0.0026048386
-0.0025314477
-0.0023074332
-0.0020772661
-0.0019288294
-0.0018252995
-0.0017377523
-0.0015888609
-0.0014214131
-0.0012192565
-0.0010285447
-0.0009463889
-0.0009315833
-0.0009408427
-0.0010056481
-0.0010222243
-0.0009995278
-0.0009436545
-0.0009832436
-0.0012129785
-0.0015959205
-0.0019782196
-0.0021290523
-0.0019804119
-0.0017330302
-0.0014519329
-0.0010936111
-0.0007656914
-0.0005953584
-0.0005393194
-0.0004853853
-0.0005167163
-0.0005916127
-0.0007101450
-0.0008831265
-0.0009994240
-0.0010280900
-0.0010913739
-0.0012502445
-0.0014955024
-0.0018170558
-0.0020873592
-0.0022955491
-0.0024127292
-0.0024500866
-0.0024021200
-0.0023707036
-0.0023011937
-0.0022065119
-0.0021903964
-0.0022370592
-0.0023640523
-0.0025272272
-0.0026426772
-0.0027846068
-0.0029650992
-0.0030619713
-0.0030184777
-0.0029313053
-0.0028353272
-0.0026766028
-0.0024334065
-0.0021446222
-0.0018944356
-0.0017122500
-0.0016299510
-0.0015881965
-0.0014568212
-0.0013406699
-0.0012766348
-0.0013477785
-0.0015477747
-0.0017424294
-0.0018970757
-0.0020811076
-0.0022413550
-0.0023090680
-0.0022816444
-0.0022628325
-0.0022295323
-0.0021741357
-0.0020501126
-0.0018302991
-0.0015421527
-0.0012390378
-0.0009446239
-0.0006635960
-0.0004049404
-0.0002437716
-0.0001245380
-0.0000207480
-0.0000514639
-0.0002171674
-0.0003086194
-0.0002173160
-0.0000631755
0.0000887583
0.0001854405
0.0002015985
0.0001331582
0.0000482729
0.0000203498
0.0001046315
0.0002565416
0.0003804818
0.0004950271
0.0006495046
0.0008439087
0.0009275815
0.0009605472
0.0009987766
0.0010738278
0.0012418596
0.0014310894
0.0016007170
0.0017245299
0.0019019944
0.0021275623
0.0021978205
0.0019766403
0.0016075311
0.0012985825
0.0010083126
0.0007322958
0.0003633938
0.0000336781
-0.0002425293
-0.0005788231
-0.0010591324
-0.0013895141
-0.0015659747
-0.0016825668
-0.0017622667
-0.0019312329
-0.0021283659
-0.0022528772
-0.0021860557
-0.0019141141
-0.0015963373
-0.0013925944
-0.0012014888
-0.0010017551
-0.0007417006
-0.0004083360
-0.0000190246
0.0002655324
0.0004463891
0.0004890212
0.0004544115
0.0004784436
0.0004453917
0.0004272106
0.0004839272
0.0006326040
0.0008485365
0.0010936141
0.0013430095
0.0015755307
0.0016723349
0.0017489545
0.0018337818
0.0018649884
0.0017126858
0.0014476296
0.0011377531
0.0007838140
0.0004655945
0.0001517794
-0.0002264095
-0.0005956145
-0.0008758702
-0.0011096173
-0.0013090365
-0.0014754290
-0.0016509358
-0.0018025062
-0.0018855914
-0.0019952705
-0.0021792995
-0.0024119590
-0.0026861703
-0.0028468210
-0.0029255350
-0.0030320070
-0.0031583138
-0.0032266048
-0.0031976553
-0.0030682887
-0.0029874412
-0.0030594230
-0.0032214439
-0.0034481419
-0.0036138047
-0.0036573217
-0.0035944022
-0.0034620615
-0.0032736634
-0.0030821794
-0.0029435328
-0.0028909660
-0.0028337658
-0.0026684700
-0.0024124457
-0.0020238327
-0.0016160613
-0.0014262150
-0.0014503546
-0.0013548851
-0.0010515282
-0.0006907695
-0.0003466546
-0.0001109146
-0.0000166486
0.0000314076
0.0001845286
0.0004614455
0.0008985676
0.0013647820
0.0016884359
0.0018279336
0.0017864950
0.0017712186
0.0019075037
0.0022095408
0.0025787019
0.0028151031
0.0029338940
0.0030074547
0.0031584206
0.0033128697
0.0034137186
0.0034185275
0.0033744983
0.0033694743
0.0034213792
0.0034447001
0.0033622648
0.0032123562
0.0030496305
0.0028288531
0.0027120808
0.0027636773
0.0029000367
0.0028608459
0.0027090759
0.0025348385
0.0023084720
0.0020256456
0.0017209509
0.0013802576
0.0010074526
0.0007082716
0.0005292188
0.0003802130
0.0003152004
0.0002936239
0.0002790642
0.0002567781
0.0002456789
0.0002617007
0.0002690010
0.0003039566
0.0002963614
0.0001912001
0.0000541701
-0.0000501162
-0.0001469351
-0.0001812911
-0.0001420469
0.0000249858
0.0002181560
0.0003989141
0.0004583440
0.0003247677
0.0000825750
-0.0000931666
-0.0001014638
0.0000129405
0.0001149392
0.0000986509
0.0000438463
0.0000153177
-0.0000268764
-0.0000840070
-0.0001681598
-0.0002794662
-0.0003713504
-0.0004105121
-0.0003582928
-0.0002486557
-0.0001692364
-0.0000884847
0.0000485417
0.0003115310
0.0007437586
0.0012929669
0.0018194029
0.0021638310
0.0021995481
0.0019631559
0.0016870617
0.0015902430
0.0015908525
0.0015544965
0.0013511614
0.0010594139
0.0008461704
0.0007105703
0.0005881106
0.0004639419
0.0003033106
0.0001845259
0.0001906808
0.0003188028
0.0005011673
0.0006669669
0.0010045854
0.0015600457
0.0020963356
0.0024415958
0.0026437514
0.0028307010
0.0030701800
0.0033661913
0.0037763601
0.0041290698
0.0044462411
0.0048063289
0.0052033169
0.0055613966
0.0057445546
0.0058221495
0.0057932280
0.0056983321
0.0055386448
0.0054072101
0.0051752739
0.0048533816
0.0044085922
0.0039836711
0.0035961497
0.0031788064
0.0026958810
0.0022313108
0.0018283594
0.0015122473
0.0012673069
0.0010926073
0.0009987217
0.0008540597
0.0006386389
0.0003088415
-0.0000849008
-0.0004395120
-0.0007281403
-0.0010351302
-0.0014070901
-0.0018221063
-0.0022234889
-0.0025913897
-0.0029328872
-0.0032046346
-0.0033864568
-0.0034527062
-0.0033693210
-0.0032101324
-0.0030113666
-0.0028414280
-0.0028170873
-0.0029545289
-0.0031202216
-0.0032446340
-0.0033065053
-0.0033848140
-0.0035255291
-0.0036479245
-0.0037112867
-0.0037163228
-0.0036842805
-0.0036403427
-0.0036485274
-0.0036923879
-0.0036507936
-0.0034686415
-0.0031853699
-0.0029250952
-0.0027926063
-0.0028075608
-0.0029156660
-0.0030271831
-0.0031425801
-0.0032644368
-0.0033548737
-0.0032835847
-0.0031119944
-0.0028063443
-0.0024793370
-0.0022516857
-0.0020976823
-0.0018685090
-0.0014450739
-0.0008915019
-0.0002591818
0.0004421290
0.0010435116
0.0014193885
0.0016745312
0.0018969344
0.0020263330
0.0020770974
0.0020911498
0.0021514502
0.0022093696
0.0022239127
0.0022038768
0.0021567189
0.0022508506
0.0024252447
0.0023200321
0.0018674069
0.0012696171
0.0007820325
0.0004626908
0.0003008300
0.0001238664
-0.0001168172
-0.0003310470
-0.0004561729
-0.0006698605
-0.0009729239
-0.0012502206
-0.0015221976
-0.0018312111
-0.0020206140
-0.0021183802
-0.0021907214
-0.0022390743
-0.0022275936
-0.0021790425
-0.0022092244
-0.0022980270
-0.0023911414
-0.0024524097
-0.0023097159
-0.0020553533
-0.0018668928
-0.0017747687
-0.0016464328
-0.0013541668
-0.0009671007
-0.0005227951
0.0000396091
0.0006403889
0.0011981998
0.0016901041
0.0021236693
0.0025327490
0.0028680069
0.0030273768
0.0030644207
0.0030728860
0.0030393991
0.0029863296
0.0029429243
0.0028128379
0.0026813184
0.0024965207
0.0022258115
0.0019116607
0.0015934771
0.0012569094
0.0009431673
0.0004983137
-0.0000021196
-0.0004099810
-0.0007397758
-0.0010706746
-0.0013438995
-0.0014836622
-0.0015534712
-0.0016626137
-0.0017679297
-0.0017749284
-0.0016770166
-0.0015819594
-0.0014770688
-0.0012924493
-0.0010104925
-0.0006416803
-0.0002931044
-0.0000878124
-0.0000211619
-0.0000245524
-0.0000009728
0.0001953533
0.0005445481
0.0008256249
0.0009498596
0.0009696449
0.0009756544
0.0010202466
0.0010557461
0.0010329244
0.0009595713
0.0008254652
0.0006888347
0.0005722007
0.0005525761
0.0006400650
0.0007019802
0.0006193672
0.0004421208
0.0002223009
0.0000299506
-0.0001392829
-0.0002438202
-0.0002284572
-0.0002242462
-0.0003071626
-0.0005096781
-0.0008241244
-0.0011623703
-0.0012460376
-0.0012092218
-0.0012134447
-0.0012530219
-0.0013917513
-0.0016140866
-0.0018645746
-0.0020603909
-0.0020311384
-0.0018092095
-0.0015754823
-0.0013753987
-0.0011854841
-0.0009679792
-0.0007373643
-0.0005779781
-0.0004076042
-0.0001254595
0.0002852090
0.0007159652
0.0011955857
0.0017202691
0.0021547038
0.0024955299
0.0027459316
0.0029127390
0.0029754453
0.0028805140
0.0026655424
0.0023761805
0.0020284000
0.0016836929
0.0013768817
0.0011269213
0.0009438267
0.0007648353
0.0005999208
0.0004433733
0.0003383323
0.0003893870
0.0004866142
0.0005388337
0.0005580105
0.0006278604
0.0008072652
0.0010404462
0.0012373327
0.0013770739
0.0014892214
0.0016167486
0.0016293899
0.0014568572
0.0011119948
0.0006567320
0.0002049745
-0.0001979072
-0.0005233961
-0.0009369772
-0.0013602217
-0.0017179375
-0.0020350224
-0.0022947779
-0.0024983317
-0.0027376854
-0.0031103417
-0.0033965923
-0.0034550743
-0.0032946557
-0.0029952167
-0.0027397569
-0.0026300883
-0.0024804342
-0.0020941707
-0.0014889364
-0.0008292253
-0.0003307684
-0.0000523896
0.0001088619
0.0002573079
0.0004732426
0.0007240437
0.0009690175
0.0012175823
0.0014931738
0.0017888905
0.0021193575
0.0023796921
0.0025492523
0.0025560394
0.0025823284
0.0026597301
0.0027762028
0.0028247270
0.0026706333
0.0024929951
0.0025833287
0.0028986026
0.0031267636
0.0031341178
0.0028329188
0.0023613863
0.0021150687
0.0021838135
0.0023081700
0.0022143897
0.0019246414
0.0016028739
0.0013764175
0.0012768439
0.0010489899
0.0006765598
0.0003272991
0.0001189148
0.0000139322
-0.0000740707
-0.0001794122
-0.0003591507
-0.0006249009
-0.0007597338
-0.0007378770
-0.0006039850
-0.0005553540
-0.0006566881
-0.0008282420
-0.0009887105
-0.0009965853
-0.0010038721
-0.0011955442
-0.0015265803
-0.0018134903
-0.0020333966
-0.0022136919
-0.0024283191
-0.0027241062
-0.0030920114
-0.0033143731
-0.0033605068
-0.0033150590
-0.0033036571
-0.0032613365
-0.0031030619
-0.0027958579
-0.0024068650
-0.0019949750
-0.0016650886
-0.0012209526
-0.0007274220
-0.0003558860
-0.0000891957
0.0001884055
0.0004775420
0.0006845409
0.0008067246
0.0008841078
0.0010553538
0.0014176319
0.0017778181
0.0020559977
0.0021896631
0.0023016010
0.0024016852
0.0025151630
0.0027063155
0.0028443651
0.0026716471
0.0023046693
0.0019932519
0.0017828546
0.0013229851
0.0004336881
-0.0006210948
-0.0014137165
-0.0017812863
-0.0019439576
-0.0020999705
-0.0022378708
-0.0022462293
-0.0020597250
-0.0016412026
-0.0009637578
-0.0001725843
0.0006474745
0.0014655755
0.0022600526
0.0028833552
0.0032827611
0.0034794574
0.0035947671
0.0035864280
0.0033633236
0.0028439288
0.0021298933
0.0013530707
0.0007220939
0.0003045847
-0.0000745360
-0.0006318572
-0.0012830710
-0.0018749702
-0.0023090141
-0.0026121179
-0.0027799266
-0.0028743224
-0.0028080639
-0.0026726754
-0.0025537762
-0.0024561175
-0.0023911419
-0.0023704126
-0.0024325430
-0.0025931452
-0.0029149777
-0.0033671611
-0.0038525329
-0.0042366355
-0.0044232027
-0.0045059939
-0.0045137025
-0.0043979935
-0.0041445898
-0.0037304606
-0.0031579489
-0.0026078621
-0.0022497694
-0.0023014033
-0.0026198834
-0.0028953316
-0.0029753869
-0.0029626193
-0.0029914680
-0.0031064472
-0.0033307981
-0.0034613982
-0.0032832753
-0.0029285055
-0.0025843610
-0.0024064882
-0.0024487723
-0.0025210531
-0.0024382983
-0.0021794323
-0.0018795206
-0.0016564830
-0.0014103222
-0.0009688403
-0.0003532642
0.0002627171
0.0008229998
0.0012835911
0.0016463919
0.0018646325
0.0019609216
0.0019945642
0.0018494660
0.0015627192
0.0011778249
0.0007901359
0.0003835402
-0.0000656397
-0.0004555879
-0.0007033084
-0.0007985657
-0.0007970887
-0.0007575770
-0.0006174783
-0.0005466845
-0.0005541575
-0.0006418470
-0.0008710517
-0.0013001808
-0.0018438174
-0.0022310313
-0.0023831278
-0.0023025813
-0.0021105463
-0.0019453213
-0.0017916090
-0.0015490117
-0.0011920271
-0.0008043416
-0.0004610826
-0.0002669822
-0.0002385329
-0.0002263325
-0.0002107812
-0.0001949472
-0.0002215682
-0.0003670221
-0.0005628110
-0.0008011609
-0.0009995179
-0.0010963905
-0.0010723313
-0.0009389055
-0.0006760921
-0.0004113080
-0.0002968166
-0.0004171520
-0.0007526083
-0.0010551177
-0.0011308013
-0.0009324932
-0.0005764741
-0.0002113220
0.0000691582
0.0002031360
0.0002445932
0.0002883683
0.0004130450
0.0006339976
0.0008711745
0.0010645913
0.0011449805
0.0011280409
0.0011153527
0.0010921276
0.0010603369
0.0011151879
0.0012767082
0.0014509251
0.0014720946
0.0014297691
0.0013553658
0.0012036921
0.0010307495
0.0009449074
0.0009815899
0.0010488022
0.0011060453
0.0011313094
0.0010697371
0.0009057286
0.0007886409
0.0007436209
0.0008639072
0.0010864946
0.0012355726
0.0010799860
0.0006557761
0.0001701495
-0.0002250246
-0.0004681242
-0.0005518154
-0.0005606990
-0.0005408663
-0.0005613464
-0.0005864953
-0.0005622764
-0.0004351939
-0.0002222563
-0.0001181750
-0.0001292733
-0.0001856668
-0.0002361633
-0.0001739819
-0.0001009248
0.0000041578
0.0002871385
0.0006102195
0.0007892868
0.0008726545
0.0009771983
0.0011755178
0.0014849551
0.0017462795
0.0018608644
0.0018494131
0.0018455925
0.0018486823
0.0017494856
0.0015463431
0.0014495739
0.0016098966
0.0019461144
0.0023489466
0.0026550554
0.0028603478
0.0029948258
0.0031056111
0.0032138921
0.0032136625
0.0031950132
0.0031203020
0.0030042650
0.0028425292
0.0026542633
0.0024396890
0.0022096182
0.0018759027
0.0015374520
0.0012844407
0.0010418189
0.0008581454
0.0007434037
0.0007147667
0.0007481852
0.0008777131
0.0009331032
0.0006708843
0.0001447726
-0.0004219307
-0.0008465293
-0.0010547098
-0.0011229215
-0.0011378030
-0.0010999240
-0.0010648678
-0.0011009633
-0.0012205538
-0.0013800529
-0.0014888296
-0.0015996024
-0.0016218605
-0.0015754923
-0.0015723041
-0.0015859268
-0.0016712782
-0.0017811420
-0.0019432038
-0.0021009993
-0.0021512361
-0.0021969190
-0.0022886991
-0.0023743885
-0.0024018939
-0.0023321937
-0.0022348319
-0.0020991848
-0.0018998939
-0.0015658300
-0.0011845452
-0.0008599114
-0.0006129085
-0.0004974315
-0.0004632479
-0.0004168117
-0.0003722497
-0.0003328634
-0.0002874994
-0.0002330373
-0.0002506606
-0.0003263364
-0.0004133082
-0.0004728887
-0.0005103270
-0.0005468363
-0.0005484096
-0.0004998835
-0.0003985691
-0.0002012495
-0.0000258090
0.0000257998
0.0000231280
0.0000358204
0.0000446620
0.0000762305
0.0001355604
0.0001834415
0.0001701652
0.0002396957
0.0003631797
0.0004506801
0.0004528873
0.0003953852
0.0003494394
0.0002548386
0.0001887508
0.0001690404
0.0001538493
0.0000893047
0.0000228472
0.0000453356
0.0002783803
0.0006520833
0.0009605177
0.0011688225
0.0013092476
0.0014156028
0.0015320376
0.0016394281
0.0016855133
0.0016910970
0.0017374832
0.0018635958
0.0019827071
0.0020354587
0.0020409709
0.0020249513
0.0019633795
0.0018151570
0.0016561985
0.0015175809
0.0013363592
0.0011688026
0.0010002431
0.0009634259
0.0010407587
0.0011570882
0.0011968580
0.0010271101
0.0007840426
0.0006029672
0.0005379057
0.0006151497
0.0007695249
0.0008734103
0.0008859597
0.0008713552
0.0008296681
0.0008437041
0.0009316711
0.0010355889
0.0010910639
0.0010689300
0.0011015069
0.0012789709
0.0015251906
0.0017799810
0.0020427554
0.0022108411
0.0022756290
0.0023729748
0.0024997738
0.0026715668
0.0028031027
0.0028359197
0.0028325549
0.0027598897
0.0027203620
0.0026607194
0.0024714463
0.0021384560
0.0018446830
0.0016077058
0.0014591808
0.0014202221
0.0013867008
0.0013615769
0.0013378022
0.0012729689
0.0012187334
0.0011696172
0.0012325861
0.0012522826
0.0011205664
0.0009005059
0.0007372990
0.0007415793
0.0008139934
0.0009802636
0.0011961432
0.0013808651
0.0014466862
0.0014102139
0.0013505399
0.0013222917
0.0013232062
0.0013120020
0.0012299066
0.0011409253
0.0010598792
0.0009402093
0.0007884472
0.0006783054
0.0007047710
0.0007766066
0.0009116602
0.0010323054
0.0010662889
0.0010741158
0.0010720278
0.0011088795
0.0012484965
0.0014639358
0.0016658787
0.0017522125
0.0016148822
0.0014176269
0.0012893360
0.0012592444
0.0012041104
0.0010849956
0.0011284792
0.0013179370
0.0015381030
0.0016710291
0.0016811007
0.0016404639
0.0016218266
0.0016022664
0.0015379407
0.0014845907
0.0014241046
0.0013452208
0.0013335289
0.0014905532
0.0016872070
0.0016381068
0.0012694149
0.0008064460
0.0004327927
0.0001982918
0.0000438688
-0.0000743803
-0.0001473832
-0.0002221386
-0.0002779775
-0.0003033373
-0.0002475752
-0.0000481054
0.0002060168
0.0003640404
0.0003399979
0.0002834728
0.0002749256
0.0002993865
0.0002181883
0.0000660060
-0.0001105414
-0.0002672357
-0.0003909034
-0.0004690158
-0.0005081786
-0.0005294953
-0.0006167231
-0.0008580590
-0.0011703954
-0.0013491762
-0.0014682800
-0.0016694183
-0.0019180969
-0.0021541926
-0.0023655188
-0.0025427008
-0.0026743476
-0.0028489075
-0.0030486880
-0.0032764193
-0.0035262474
-0.0037896349
-0.0039630392
-0.0040142274
-0.0039565031
-0.0038258971
-0.0037285099
-0.0036453573
-0.0035535037
-0.0034347259
-0.0034119525
-0.0034838435
-0.0035341028
-0.0035001697
-0.0034404947
-0.0033672056
-0.0032652260
-0.0031448149
-0.0030857494
-0.0031270651
-0.0031729158
-0.0031573079
-0.0030344714
-0.0026745528
-0.0022660276
-0.0021087837
-0.0023691627
-0.0028394383
-0.0031324985
-0.0030423596
-0.0028379653
-0.0028725693
-0.0031914802
-0.0035581609
-0.0035451612
-0.0033446344
-0.0030855462
-0.0028852211
-0.0028038235
-0.0028690392
-0.0029727618
-0.0030494498
-0.0031116859
-0.0031373239
-0.0031093548
-0.0030611037
-0.0030269804
-0.0030516700
-0.0030155296
-0.0028575974
-0.0026911180
-0.0026314146
-0.0026071463
-0.0025562171
-0.0024536181
-0.0022845396
-0.0021468280
-0.0020911328
-0.0020514209
-0.0019380555
-0.0017824703
-0.0017443896
-0.0019412586
-0.0022790448
-0.0026453312
-0.0028165262
-0.0026835482
-0.0024113265
-0.0021601601
-0.0019507142
-0.0017656520
-0.0015519772
-0.0013273488
-0.0009256477
-0.0003112256
0.0002920198
0.0006182690
0.0007145311
0.0007744247
0.0009011528
0.0010933830
0.0012127110
0.0012022769
0.0011374741
0.0011155738
0.0011603862
0.0011641339
0.0011139840
0.0011365207
0.0012039836
0.0012696086
0.0013412090
0.0014539445
0.0015737397
0.0017655302
0.0020464732
0.0023615700
0.0026111426
0.0028227413
0.0030175622
0.0032399604
0.0034609289
0.0036221606
0.0036478451
0.0036867184
0.0038670875
0.0040194586
0.0040521268
0.0039550800
0.0038356188
0.0038595467
0.0038855546
0.0038216327
0.0036508206
0.0033158457
0.0029010645
0.0025965021
0.0023466425
0.0020588749
0.0017339227
0.0014070716
0.0010707804
0.0006862610
0.0003495748
0.0000616953
-0.0002845066
-0.0006335584
-0.0008687735
-0.0009820302
-0.0010082063
-0.0010549454
-0.0011664136
-0.0012621720
-0.0014174882
-0.0016120195
-0.0016480282
-0.0014318546
-0.0010415055
-0.0007130661
-0.0005583759
-0.0004712636
-0.0005169993
-0.0007160840
-0.0009144026
-0.0009804284
-0.0008411259
-0.0006652467
-0.0005960258
-0.0005809246
-0.0005108626
-0.0003397714
-0.0001359566
0.0000389135
0.0001591164
0.0002806535
0.0003560722
0.0004317622
0.0005749546
0.0007692953
0.0009564910
0.0010556323
0.0010141678
0.0008758477
0.0007004927
0.0006033565
0.0006249982
0.0007845497
0.0010057519
0.0011731598
0.0012418895
0.0013325126
0.0014713983
0.0016261424
0.0017498585
0.0017757231
0.0017923842
0.0018464850
0.0019510771
0.0020540131
0.0021678362
0.0023126525
0.0024911996
0.0025752802
0.0025389161
0.0024092775
0.0022349887
0.0020917069
0.0019256852
0.0016472145
0.0012575318
0.0009548253
0.0007259914
0.0005118160
0.0002886248
0.0000841037
-0.0000126044
0.0000396648
0.0001567390
0.0001857233
0.0001529644
0.0001006807
0.0000574546
0.0000935340
0.0002000253
0.0002397856
0.0001759665
0.0000697068
0.0000550460
0.0000978786
0.0001328168
0.0001409029
0.0001598823
0.0001980492
0.0002104755
0.0001513589
0.0000170828
-0.0001332787
-0.0001960135
-0.0001327012
-0.0000152774
0.0000118647
-0.0000377102
-0.0001513416
-0.0002272818
-0.0001896961
-0.0000790945
-0.0000679254
-0.0001338736
-0.0002047819
-0.0002741083
-0.0003980307
-0.0005451800
-0.0005540257
-0.0004232793
-0.0002689729
-0.0001989410
-0.0002398578
-0.0004029925
-0.0006302484
-0.0008267765
-0.0009121004
-0.0009362939
-0.0009798683
-0.0011348360
-0.0013386289
-0.0015265908
-0.0015699915
-0.0014830433
-0.0013373166
-0.0011988372
-0.0010973214
-0.0010310285
-0.0009598054
-0.0008580810
-0.0007022472
-0.0004438799
-0.0001561164
-0.0000578155
-0.0001665799
-0.0003941499
-0.0006193657
-0.0008106804
-0.0009107557
-0.0009154228
-0.0008283952
-0.0007227688
-0.0006377638
-0.0005737946
-0.0004845790
-0.0003744945
-0.0003155654
-0.0003578171
-0.0003515392
-0.0002405538
-0.0001140251
-0.0000415807
-0.0000484273
-0.0000457005
-0.0000203063
0.0000043416
0.0000574114
0.0001537689
0.0002976206
0.0004228435
0.0004773725
0.0004515798
0.0003930880
0.0003565511
0.0003076655
0.0002676439
0.0002800996
0.0003368732
0.0004111982
0.0005077732
0.0005443514
0.0005243265
0.0005282170
0.0005633785
0.0005952905
0.0006043419
0.0006321512
0.0006370121
0.0006147893
0.0005609581
0.0005285165
0.0004830855
0.0004366356
0.0003697920
0.0002703544
0.0001366835
-0.0000146443
-0.0001677381
-0.0003375309
-0.0004723426
-0.0005675440
-0.0006302654
-0.0006812839
-0.0007333740
-0.0007396520
-0.0007439663
-0.0007912740
-0.0008304428
-0.0008877417
-0.0009657799
-0.0010623321
-0.0011273870
-0.0011337728
-0.0011290362
-0.0011554699
-0.0011911621
-0.0012415965
-0.0013173560
-0.0013989358
-0.0014448722
-0.0014020825
-0.0012725796
-0.0011229105
-0.0009888722
-0.0008610141
-0.0007223021
-0.0006476468
-0.0006556753
-0.0006432970
-0.0005479439
-0.0003981795
-0.0001959420
-0.0000351592
0.0000154101
0.0000073305
-0.0000028257
0.0000626876
0.0001876521
0.0002931403
0.0003071385
0.0002413450
0.0002033187
0.0003077455
0.0005070579
0.0006521133
0.0006561196
0.0005549422
0.0004442856
0.0004306612
0.0004969582
0.0005889507
0.0006460919
0.0006696184
0.0006916595
0.0007099189
0.0007078019
0.0007143919
0.0007676740
0.0008226753
0.0008430492
0.0008226763
0.0008221163
0.0008501363
0.0008468857
0.0007763470
0.0006530866
0.0005777574
0.0005665807
0.0005594586
0.0004995645
0.0004072958
0.0003288565
0.0002485204
0.0001851915
0.0001494730
0.0001391652
0.0001363113
0.0001095675
0.0000618689
0.0000446865
0.0000707242
0.0000980706
0.0000987165
0.0000751573
0.0000558146
0.0000507827
0.0000509295
0.0000538246
0.0000529541
0.0000321117
0.0000047672
-0.0000029249
0.0000216463
0.0000653068
0.0000873616
0.0000729129
0.0000505105
0.0000410443
0.0000471340
0.0000568196
0.0000600912
0.0000663834
0.0000707875
0.0000611776
0.0000440308
0.0000334391
0.0000345729
0.0000289230
0.0000234955
0.0000230880
0.0000171630
0.0000097582
0.0000287970
0.0000538397
0.0000666198
0.0000739249
0.0000759246
0.0000673254
0.0000552081
0.0000492848
0.0000644546
0.0000933045
0.0001148027
0.0001174493
0.0001100868
0.0001060078
0.0001018970
0.0000931844
0.0000901086
0.0000922900
0.0000933552
0.0000896911
0.0000836523
0.0000812069
0.0000831799
0.0000830952
0.0000811935
0.0000760897
0.0000677681
0.0000601431
0.0000540269
0.0000522024
0.0000589483
0.0000674889
0.0000667872
0.0000558620
0.0000404955
0.0000243678
0.0000183619
0.0000219257
0.0000254976
0.0000255661
0.0000247752
0.0000254942
0.0000275724
0.0000293572
0.0000283974
0.0000243760
0.0000206250
0.0000193247
0.0000193319
0.0000181785
0.0000175524
0.0000170873
0.0000161369
0.0000146823
0.0000137357
0.0000127543
0.0000122023
0.0000123900
0.0000121944
0.0000119304
0.0000122294
0.0000123577
0.0000122346
0.0000123491
0.0000124355
0.0000118681
0.0000112800
0.0000109463
0.0000097774
0.0000083573
0.0000068309
0.0000054101
0.0000041324
0.0000035053
0.0000030525
0.0000025898
0.0000019333
0.0000016666
0.0000018624
0.0000015765
0.0000007718
-0.0000000387
-0.0000004278
-0.0000008095
-0.0000013183
-0.0000019562
-0.0000026710
-0.0000033423
-0.0000040266
-0.0000047216
-0.0000052207
-0.0000055495
-0.0000060150
-0.0000067400
-0.0000074292
-0.0000080152
-0.0000086850
-0.0000093211
-0.0000098172
-0.0000102721
-0.0000108905
-0.0000117281
-0.0000126248
-0.0000134599
-0.0000142349
-0.0000150436
-0.0000158591
-0.0000165931
-0.0000171663
-0.0000176699
-0.0000182096
-0.0000188944
-0.0000196153
-0.0000202872
-0.0000209167
-0.0000215597
-0.0000222137
-0.0000228653
-0.0000235155
-0.0000241757
-0.0000248468
-0.0000255083
-0.0000261699
-0.0000268470
-0.0000275448
-0.0000282471
-0.0000289563
-0.0000296743
-0.0000304020
-0.0000311298
-0.0000318597
-0.0000326047
-0.0000333698
-0.0000341511
-0.0000349376
-0.0000357249
-0.0000365139
-0.0000373062
-0.0000381034
-0.0000389059
-0.0000397140
-0.0000405264
-0.0000413420
-0.0000421613
-0.0000429850
-0.0000438128
-0.0000446445
-0.0000454797
-0.0000463186
-0.0000471614
-0.0000480081
-0.0000488587
-0.0000497133
-0.0000505717
-0.0000514340
-0.0000523001
-0.0000531700
-0.0000540436
-0.0000549211
-0.0000558024
-0.0000566873
-0.0000575758
-0.0000584679
-0.0000593636
-0.0000602626
-0.0000611651
-0.0000620709
-0.0000629800
-0.0000638923
-0.0000648078
-0.0000657264
-0.0000666480
-0.0000675726
-0.0000685002
0.0000000000
0.0000000000
0.0000000000
0.0000000000
0.0000000000
0.0000000000
0.0000000000
0.0000000000
0.0000000000
0.0000000000
0.0000000000
0.0000000000
0.0000000000
0.0000000000
0.0000000000
0.0000000000
0.0000000000
0.0000000000
0.0000000000
0.0000000000
0.0000000000
0.0000000000
0.0000000000
0.0000000000
0.0000000000
0.0000000000
0.0000000000
0.0000000000
0.0000000000
0.0000000000
0.0000000000
0.0000000000
0.0000000000
0.0000000000
0.0000000000
0.0000000000
0.0000000000
0.0000000000
0.0000000000
0.0000000000
0.0000000000
0.0000000000
0.0000000000
0.0000000000
0.0000000000
0.0000000000
0.0000000000
0.0000000000
0.0000000000
0.0000000000
0.0000000000
0.0000000000
0.0000000000
0.0000000000
0.0000000000
0.0000000000
0.0000000000
0.0000000000
0.0000000000
0.0000000000
0.0000000000
0.0000000000
0.0000000000
0.0000000000
0.0000000000
0.0000000000
0.0000000000
0.0000000000
0.0000000000
0.0000000000
0.0000000000
0.0000000000
0.0000000000
0.0000000000
0.0000000000
0.0000000000
0.0000000000
0.0000000000
0.0000000000
0.0000000000
0.0000000000
0.0000000000
0.0000000000
0.0000000000
0.0000000000
0.0000000000
0.0000000000
0.0000000000
0.0000000000
0.0000000000
0.0000000000
0.0000000000
0.0000000000
0.0000000000
0.0000000000
0.0000000000
0.0000000000
0.0000000000
0.0000000000
0.0000000000
0.0000000000
0.0000000000
0.0000000000
0.0000000000
0.0000000000
0.0000000000
0.0000000000
0.0000000000
0.0000000000
0.0000000000
0.0000000000
0.0000000000
0.0000000000
0.0000000000
0.0000000000
0.0000000000
0.0000000000
0.0000000000
0.0000000000
0.0000000000
0.0000000000
0.0000000000
0.0000000000
0.0000000000
0.0000000000
0.0000000000
0.0000000000
0.0000000000
0.0000000000
0.0000000000
0.0000000000
0.0000000000
0.0000000000
0.0000000000
0.0000000000
0.0000000000
0.0000000000
0.0000000000
0.0000000000
0.0000000000
0.0000000000
0.0000000000
0.0000000000
0.0000000000
0.0000000000
0.0000000000
0.0000000000
0.0000000000
0.0000000000
0.0000000000
0.0000000000
0.0000000000
0.0000000000
0.0000000000
0.0000000000
0.0000000000
0.0000000000
0.0000000000
0.0000000000
0.0000000000
0.0000000000
0.0000000000
0.0000000000
0.0000000000
0.0000000000
0.0000000000
0.0000000000
0.0000000000
0.0000000000
0.0000000000
0.0000000000
0.0000000000
0.0000000000
0.0000000000
0.0000000000
0.0000000000
0.0000000000
0.0000000000
0.0000000000
0.0000000000
0.0000000000
0.0000000000
0.0000000000
0.0000000000
0.0000000000
0.0000000000
0.0000000000
0.0000000000
0.0000000000
0.0000000000
0.0000000000
0.0000000000
0.0000000000
0.0000000000
0.0000000000
0.0000000000
0.0000000000
0.0000000000
0.0000000000
0.0000000000
0.0000000000
0.0000000000
0.0000000000
0.0000000000
0.0000000000
0.0000000000
0.0000000000
0.0000000000
0.0000000000
0.0000000000
0.0000000000
0.0000000000
0.0000000000
0.0000000000
0.0000000000
0.0000000000
0.0000000000
0.0000000000
0.0000000000
0.0000000000
0.0000000000
0.0000000000
0.0000000000
0.0000000000
0.0000000000
0.0000000000
0.0000000000
0.0000000000
0.0000000000
0.0000000000
0.0000000000
0.0000000000
0.0000000000
0.0000000000
0.0000000000
0.0000000000
0.0000000000
0.0000000000
0.0000000000
0.0000000000
0.0000000000
0.0000000000
0.0000000000
0.0000000000
0.0000000000
0.0000000000
0.0000000000
0.0000000000
0.0000000000
0.0000000000
0.0000000000
0.0000000000
0.0000000000
0.0000000000
0.0000000000
0.0000000000
0.0000000000
0.0000000000
0.0000000000
0.0000000000
0.0000000000
0.0000000000
0.0000000000
0.0000000000
0.0000000000
0.0000000000
0.0000000000
0.0000000000
0.0000000000
0.0000000000
0.0000000000
0.0000000000
0.0000000000
0.0000000000
0.0000000000
0.0000000000
0.0000000000
0.0000000000
0.0000000000
0.0000000000
0.0000000000
0.0000000000
0.0000000000
0.0000000000
0.0000000000
0.0000000000
0.0000000000
0.0000000000
0.0000000000
0.0000000000
0.0000000000
0.0000000000
0.0000000000
0.0000000000
0.0000000000
0.0000000000
0.0000000000
0.0000000000
0.0000000000
0.0000000000
0.0000000000
0.0000000000
0.0000000000
0.0000000000
0.0000000000
0.0000000000
0.0000000000
0.0000000000
0.0000000000
0.0000000000
0.0000000000
0.0000000000
0.0000000000
0.0000000000
0.0000000000
0.0000000000
0.0000000000
0.0000000000
0.0000000000
0.0000000000
0.0000000000
0.0000000000
0.0000000000
0.0000000000
0.0000000000
0.0000000000
0.0000000000
