0.0000071093
0.0000067656
0.0000064283
0.0000060889
0.0000057631
0.0000054221
0.0000050885
0.0000047365
0.0000043867
0.0000040485
0.0000037864
0.0000035160
0.0000032417
0.0000028315
0.0000022955
0.0000019172
0.0000014678
0.0000010205
0.0000007405
0.0000010667
0.0000011941
0.0000013027
0.0000002641
-0.0000012793
-0.0000030107
-0.0000028639
-0.0000012655
0.0000013845
0.0000025612
0.0000027315
0.0000025267
0.0000033630
0.0000026421
-0.0000033318
-0.0000112502
-0.0000149072
-0.0000108089
0.0000044374
0.0000140258
0.0000170057
0.0000010351
-0.0000227748
-0.0000426263
-0.0000480057
-0.0000181085
0.0000273561
0.0000629996
0.0000727436
0.0000346445
-0.0000229142
-0.0000554694
-0.0000671381
-0.0000247916
0.0000471700
0.0001051883
0.0001363982
0.0001216984
0.0000495447
-0.0000512502
-0.0001317811
-0.0001849788
-0.0001421761
0.0000087453
0.0000857987
0.0001318143
0.0000827067
-0.0000784226
-0.0001141032
-0.0001481112
-0.0002015173
-0.0000362780
0.0000885386
0.0001535774
0.0003070043
0.0002148007
-0.0000717698
-0.0001799998
-0.0002250737
-0.0001177220
0.0003024871
0.0006556418
0.0005671111
0.0001738275
-0.0002657962
-0.0005615583
-0.0006784976
-0.0004789113
-0.0000599172
0.0004345547
0.0009438747
0.0008165608
-0.0000683648
-0.0007496696
-0.0008621760
-0.0005413477
0.0000780111
0.0011690479
0.0017887604
0.0015801568
0.0008044971
-0.0005185209
-0.0016248731
-0.0018595944
-0.0010499044
0.0001618287
0.0010406891
0.0014410865
0.0007302757
-0.0000899498
-0.0002102318
-0.0008799018
-0.0017499930
-0.0015475118
-0.0003992342
0.0004296846
0.0004172202
0.0002576157
0.0005186307
0.0010709272
0.0017907476
0.0021398637
0.0017186125
0.0012735274
0.0008078636
0.0006477761
0.0009472687
0.0011704118
0.0016111606
0.0018354732
0.0020112552
0.0013095551
-0.0005307403
-0.0028842188
-0.0049379474
-0.0053072246
-0.0042415959
-0.0024272477
0.0000556786
0.0031814619
0.0040911506
0.0011653348
-0.0015272098
-0.0028347047
-0.0031603314
-0.0012142660
0.0022006294
0.0054108940
0.0075635049
0.0072753296
0.0048674902
0.0010826831
-0.0010389219
-0.0016604996
-0.0024472148
-0.0000398710
0.0040707602
0.0057010855
0.0032881190
-0.0014046595
-0.0046160002
-0.0070282107
-0.0092475336
-0.0111000194
-0.0085009702
-0.0027322242
0.0024171431
0.0069487321
0.0084534106
0.0066639514
0.0021715898
-0.0030598840
-0.0073349156
-0.0064229886
-0.0022084057
0.0014107447
0.0046403552
0.0069134541
0.0111843628
0.0127817001
0.0059382556
-0.0034430227
-0.0122828375
-0.0167632237
-0.0162323961
-0.0106194568
-0.0018318576
0.0081284057
0.0125048673
0.0036472701
-0.0078664171
-0.0131416971
-0.0118461030
-0.0053052849
0.0018583933
0.0082389459
0.0136459859
0.0121981879
0.0069268027
0.0030504012
0.0006760367
-0.0003116910
0.0015906891
0.0049053142
0.0074523368
0.0076486496
0.0051952347
-0.0021487676
-0.0091346454
-0.0107057348
-0.0121503067
-0.0125345812
-0.0108910931
-0.0073622763
-0.0040224385
-0.0041774908
-0.0056234139
-0.0061888354
-0.0020842771
0.0034687270
0.0064376950
0.0054618073
-0.0005387561
-0.0059488476
-0.0093172676
-0.0133988874
-0.0123006474
-0.0040194855
0.0046415518
0.0085340429
0.0123801108
0.0194234873
0.0266526968
0.0341178564
0.0384162380
0.0370015485
0.0345709154
0.0341104190
0.0343956336
0.0346955494
0.0366955582
0.0404712131
0.0441755211
0.0475984123
0.0484338826
0.0435278951
0.0369691342
0.0301091712
0.0232709895
0.0215809424
0.0206507920
0.0157960189
0.0065355706
-0.0100283949
-0.0303187713
-0.0509369295
-0.0639925222
-0.0801584410
-0.0928309230
-0.1051185180
-0.1159027054
-0.1311215674
-0.1375871590
-0.1370549531
-0.1315523448
-0.1193687305
-0.1070779197
-0.0995620050
-0.0881804259
-0.0626293891
-0.0168487513
0.0720413573
0.1418339331
0.1311490301
0.1221843782
0.1375132444
0.1403941289
0.1245541900
0.0965766803
0.0614313900
0.0208524289
0.0107737383
0.0191253274
0.0087117086
0.0007166612
0.0032975390
-0.0006242296
-0.0127132525
-0.0256523887
-0.0369169244
-0.0479738609
-0.0637808854
-0.0815744577
-0.1035079138
-0.1202632611
-0.1207837774
-0.1137105849
-0.0976521690
-0.0658270653
-0.0204679043
0.0255994131
0.0527826109
0.0684368954
0.0861142870
0.0911557967
0.0855032151
0.0668669238
0.0303138351
-0.0170823430
-0.0357911502
-0.0518744510
-0.0691208100
-0.0678302134
-0.0549406837
-0.0453698296
-0.0367370024
-0.0258540562
-0.0130890431
0.0044850584
0.0233648070
0.0431574541
0.0639412720
0.0852393582
0.1023987858
0.1137793950
0.1238525113
0.1239567983
0.1071070669
0.0948944075
0.0886417799
0.0835224251
0.0843105247
0.0858750854
0.0783399264
0.0582903749
0.0348695653
0.0104205611
-0.0141021178
-0.0435669555
-0.0758618971
-0.0966371699
-0.1158953038
-0.1377144167
-0.1507170644
-0.1538589473
-0.1449850042
-0.1204714268
-0.0894220695
-0.0560908527
-0.0343581964
-0.0039832658
0.0462957484
0.0729336418
0.0763474469
0.0755846661
0.0816112619
0.0820253473
0.0659295146
0.0346191743
0.0076551172
0.0030244841
0.0106569450
0.0281861092
0.0535042996
0.0659633071
0.0552301146
0.0410667416
0.0248651365
0.0017077095
-0.0228357150
-0.0430364546
-0.0511972745
-0.0401370199
-0.0237722360
-0.0196269925
-0.0215844952
-0.0244407756
-0.0338213045
-0.0465283906
-0.0552985163
-0.0605700904
-0.0564416410
-0.0415485293
-0.0191799722
0.0159050992
0.0568427607
0.0813859448
0.0784154234
0.0662182310
0.0596809197
0.0406747898
0.0030140610
-0.0138201906
-0.0327707467
-0.0382821605
-0.0429034541
-0.0468985917
-0.0397601522
-0.0331444495
-0.0326182773
-0.0292106591
-0.0248380872
-0.0205579597
-0.0128156763
-0.0030947265
0.0057189159
0.0115253502
0.0134921025
0.0165234605
0.0213585604
0.0287875947
0.0371462997
0.0433246247
0.0509727281
0.0539682569
0.0443072913
0.0298245488
0.0101726510
-0.0161325347
-0.0302610791
-0.0401545542
-0.0532945004
-0.0578391280
-0.0544419130
-0.0435770881
-0.0231066264
0.0001098557
0.0153603360
0.0212112365
0.0246513200
0.0253414010
0.0135418418
-0.0061606733
-0.0268504491
-0.0361010659
-0.0362660722
-0.0370840797
-0.0269498562
-0.0036707283
0.0200933387
0.0318788399
0.0366376362
0.0405819932
0.0335606941
0.0183854510
0.0015861363
-0.0096618232
-0.0120004305
-0.0118415650
-0.0073637209
0.0023630017
0.0118078746
0.0175597918
0.0181886278
0.0199049687
0.0223080063
0.0246048120
0.0276078139
0.0285321094
0.0277384917
0.0233426531
0.0175149377
0.0087753783
0.0025171270
0.0013639784
0.0038815301
0.0067766049
0.0106041941
0.0133270809
0.0143513858
0.0114499399
0.0052777149
-0.0001435446
-0.0055309542
-0.0094437086
-0.0119815383
-0.0122313882
-0.0083137334
-0.0035677088
0.0008299854
0.0043385313
0.0048360938
-0.0012095162
-0.0131448874
-0.0331193604
-0.0534426360
-0.0632017172
-0.0688101950
-0.0714728067
-0.0644853205
-0.0473080727
-0.0133070760
0.0119968113
0.0163915116
0.0265219986
0.0378239101
0.0383642833
0.0283524427
0.0167978737
0.0062861138
-0.0025634650
-0.0119551884
-0.0273940740
-0.0414596122
-0.0503593897
-0.0532312544
-0.0514370887
-0.0465277270
-0.0325336430
-0.0083836409
0.0285063618
0.0642777163
0.0888825640
0.1008493347
0.1036601841
0.1103719197
0.1100681448
0.0960327849
0.0716375322
0.0452131694
0.0276121783
0.0100845302
-0.0104662779
-0.0281089582
-0.0440490648
-0.0555966251
-0.0622035121
-0.0676702351
-0.0693105481
-0.0617337866
-0.0488145583
-0.0349484773
-0.0223023300
-0.0112367513
0.0029082355
0.0193958356
0.0424957393
0.0565757389
0.0454986085
0.0297264383
0.0178804119
0.0033419006
-0.0185907633
-0.0366223786
-0.0350051282
-0.0210752652
-0.0048009486
0.0108981681
0.0269051245
0.0326763064
0.0207754872
0.0027383906
-0.0141246955
-0.0277795633
-0.0361987987
-0.0396347066
-0.0327495983
-0.0221817695
-0.0157680763
-0.0093297535
-0.0046531316
-0.0037315527
-0.0103473815
-0.0232028788
-0.0315342997
-0.0298785759
-0.0264003712
-0.0211066687
-0.0102373671
0.0092388711
0.0280257481
0.0315974334
0.0294980635
0.0290721763
0.0237506333
0.0147699836
0.0082188031
0.0059233705
0.0058817323
0.0038228358
0.0008727467
0.0022961860
0.0047286373
0.0023350381
0.0034592574
0.0081117136
0.0120831301
0.0186379962
0.0205341773
0.0142676652
0.0076378942
0.0036036008
-0.0057292578
-0.0206106392
-0.0369296961
-0.0506125167
-0.0547791741
-0.0559181640
-0.0587466753
-0.0537419188
-0.0431943399
-0.0302419828
-0.0155203908
-0.0070125192
-0.0035028242
0.0016926928
0.0057581346
0.0110486518
0.0200139060
0.0286399084
0.0353555387
0.0354305254
0.0333329829
0.0292114962
0.0216997418
0.0141807032
0.0069896965
0.0004638682
-0.0043536726
-0.0074360889
-0.0109899948
-0.0139675350
-0.0142202179
-0.0134732665
-0.0130896505
-0.0068090854
0.0054104805
0.0191568790
0.0263738426
0.0286450130
0.0291317062
0.0225602808
0.0068386717
-0.0073259775
-0.0149835040
-0.0177912549
-0.0166148380
-0.0090484592
0.0058788839
0.0207799997
0.0289588695
0.0305821790
0.0313571291
0.0260009820
0.0123299121
-0.0074871400
-0.0164517204
-0.0223549431
-0.0283446479
-0.0279716802
-0.0178898299
0.0034878090
0.0239061297
0.0295435966
0.0312657874
0.0346112673
0.0311444561
0.0159661094
-0.0111211729
-0.0267701180
-0.0289432290
-0.0416238120
-0.0508221832
-0.0506245789
-0.0452048029
-0.0363456734
-0.0246089110
-0.0100826823
0.0142613253
0.0389093171
0.0390265341
0.0275156605
0.0238262529
0.0223149332
0.0207329046
0.0213508627
0.0249399036
0.0309684290
0.0432712867
0.0580629649
0.0690152979
0.0760720536
0.0795235305
0.0768855741
0.0706253406
0.0578917054
0.0276497737
-0.0064850249
-0.0252276551
-0.0491641572
-0.0684188251
-0.0727650368
-0.0813518971
-0.0920081632
-0.0934793096
-0.0850972971
-0.0711171690
-0.0526792937
-0.0403749863
-0.0336887890
-0.0223749480
-0.0069592577
0.0029010309
0.0026692936
0.0012215962
0.0029867300
0.0043177010
0.0052735546
0.0069541225
0.0118229128
0.0219166874
0.0333295424
0.0447078239
0.0443498586
0.0416217701
0.0376914151
0.0277702832
0.0162960658
0.0055022357
-0.0085598467
-0.0223814207
-0.0384313629
-0.0483319947
-0.0497228151
-0.0482164010
-0.0422540721
-0.0321973620
-0.0199378577
-0.0074359102
0.0056363490
0.0205605834
0.0355599781
0.0439934348
0.0445640477
0.0427404489
0.0410859655
0.0392559349
0.0336665432
0.0153001476
-0.0057554904
-0.0247009572
-0.0395650696
-0.0420539717
-0.0404680585
-0.0297186181
-0.0042073905
0.0184420049
0.0492611804
0.0709016527
0.0525198259
0.0274181779
0.0030488316
-0.0360057069
-0.0630871699
-0.0712257439
-0.0612182728
-0.0451165801
-0.0194815368
0.0098335063
0.0388109820
0.0602221607
0.0556413925
0.0486453050
0.0533688234
0.0571488837
0.0573061565
0.0518932870
0.0399542598
0.0170731496
-0.0056664712
-0.0229288893
-0.0424027233
-0.0590537682
-0.0634272895
-0.0616090812
-0.0504835592
-0.0341947521
-0.0176865289
-0.0027124347
-0.0010923706
0.0004141315
0.0065530692
0.0118984150
0.0152202453
0.0144704915
0.0115506078
0.0090143503
0.0109028184
0.0134641038
0.0178244042
0.0299832305
0.0498789854
0.0704303448
0.0855193967
0.0795723816
0.0623872268
0.0338070372
0.0021391812
-0.0248720022
-0.0485810687
-0.0686061130
-0.0777900586
-0.0811214243
-0.0797937682
-0.0711955247
-0.0561978962
-0.0402644410
-0.0316131760
-0.0260674184
-0.0201618578
-0.0108487556
-0.0018998024
0.0061541854
0.0116998408
0.0174604052
0.0210933916
0.0177068299
0.0054286325
-0.0101015387
-0.0234306615
-0.0273752584
-0.0202419950
-0.0037779725
0.0142560777
0.0275985746
0.0356590890
0.0318181105
0.0166699422
0.0004098147
-0.0101091089
-0.0120972341
-0.0112032957
-0.0075934842
-0.0000197959
0.0044721249
0.0043324130
0.0059423341
-0.0001395644
-0.0069675323
-0.0171025879
-0.0290857086
-0.0376368622
-0.0439332567
-0.0528886845
-0.0605988293
-0.0601568728
-0.0576070728
-0.0509651223
-0.0424184148
-0.0379155326
-0.0312495956
-0.0238831896
-0.0174578886
-0.0117114385
-0.0023339146
0.0041409475
0.0097865592
0.0205875102
0.0332166388
0.0408626749
0.0384963190
0.0285273876
0.0197910136
0.0143763064
0.0086410813
0.0036539332
0.0013543863
0.0023270071
0.0025670127
-0.0001609196
0.0017053089
0.0094215087
0.0202892023
0.0326838357
0.0443659483
0.0499021143
0.0560763046
0.0646170192
0.0715426887
0.0773624971
0.0803343967
0.0764081916
0.0691154502
0.0638075824
0.0585858293
0.0514676142
0.0417745560
0.0263877424
0.0083968414
-0.0032943834
-0.0135548738
-0.0256789071
-0.0312805141
-0.0255989078
-0.0204302170
-0.0182928178
-0.0150292362
-0.0035518988
0.0109769219
0.0138640494
0.0117947405
0.0127678717
0.0121512664
0.0093405344
0.0122757472
0.0250544151
0.0459074923
0.0757706778
0.0942466845
0.0921147983
0.0830196728
0.0717738251
0.0603894385
0.0519499481
0.0367198510
0.0197079259
0.0092347058
0.0023899249
-0.0086856292
-0.0222286961
-0.0317099439
-0.0353564218
-0.0301347810
-0.0213475345
-0.0184541335
-0.0239304480
-0.0332609059
-0.0413069080
-0.0461629419
-0.0459073953
-0.0463073001
-0.0467185524
-0.0482662117
-0.0512090151
-0.0578275406
-0.0666986762
-0.0810830887
-0.1011535180
-0.1178336745
-0.1314344795
-0.1422108059
-0.1498510686
-0.1529130644
-0.1483082536
-0.1320879197
-0.1054398017
-0.0795928510
-0.0570769598
-0.0239835563
0.0135436079
0.0506218173
0.0851111816
0.0939608268
0.0862397582
0.0888857799
0.0894343715
0.0818151908
0.0686600176
0.0526411113
0.0424606044
0.0434828163
0.0525284017
0.0709007849
0.0914548243
0.1045243933
0.1022059339
0.0876986536
0.0605935715
0.0247632946
-0.0012646331
-0.0213641193
-0.0744734452
-0.1237732368
-0.1441790895
-0.1674201916
-0.1675457649
-0.1669619515
-0.1608239222
-0.1351580828
-0.0926747222
-0.0401922772
0.0022207583
0.0388096650
0.0802602778
0.0918474192
0.0812730310
0.0697200393
0.0369882152
-0.0070695172
-0.0358377552
-0.0488988608
-0.0543600862
-0.0486516551
-0.0147269263
0.0542444159
0.1209858176
0.1322245188
0.1243648092
0.1320524937
0.1227494067
0.1036075046
0.0875782360
0.0544017908
0.0484761742
0.0545306820
0.0472932438
0.0449987914
0.0510322325
0.0570517431
0.0633738954
0.0722275732
0.0746101464
0.0628683866
0.0419213592
0.0240147046
0.0090875911
-0.0124205392
-0.0464478196
-0.0661746887
-0.0751413824
-0.0839275264
-0.0933601172
-0.1000213682
-0.1059265255
-0.1131397372
-0.1205425339
-0.1240022293
-0.1246463791
-0.1206943958
-0.1143608092
-0.1054956460
-0.0987826343
-0.0909766251
-0.0779402870
-0.0657028192
-0.0440787327
-0.0118779353
0.0341357838
0.0823208017
0.1021616259
0.1170466979
0.1324206377
0.1222522695
0.1001106987
0.0829017565
0.0827854736
0.0938227983
0.1077106351
0.1287024962
0.1390703523
0.1274442628
0.1071342234
0.0894389657
0.0714439657
0.0546449741
0.0278726458
0.0105518055
0.0067612145
0.0031977645
0.0064509516
0.0161199008
0.0254951567
0.0296316459
0.0253705891
0.0167688847
0.0076979397
-0.0051504367
-0.0285491996
-0.0481352582
-0.0656096092
-0.0779634109
-0.0809748201
-0.0781392134
-0.0718097615
-0.0664346151
-0.0604795858
-0.0488566560
-0.0285028702
-0.0109760286
-0.0016802764
0.0074966754
0.0159452111
0.0268505767
0.0397971606
0.0568746644
0.0749418946
0.0742656879
0.0684765582
0.0608800929
0.0504554379
0.0426013842
0.0432930476
0.0456849980
0.0480513386
0.0405002583
0.0221392277
0.0014622762
-0.0179963680
-0.0390198521
-0.0598150686
-0.0878524042
-0.1125318301
-0.1287538996
-0.1521603908
-0.1783973331
-0.2018559933
-0.2141161766
-0.2078563004
-0.2078811088
-0.2072982142
-0.2045315707
-0.2010198594
-0.1879062377
-0.1540419473
-0.1028238460
-0.0503965921
-0.0182959725
0.0054032115
0.0363280982
0.0697349958
0.0778619824
0.0565667038
0.0334674535
0.0133138447
-0.0191795996
-0.0409254360
-0.0388572552
-0.0302995984
-0.0124821110
0.0021508355
0.0209665525
0.0552386393
0.0850229741
0.1023791841
0.1092200151
0.1138791389
0.1094680987
0.0762737364
0.0287252420
-0.0063585787
-0.0273206238
-0.0276909117
-0.0329064423
-0.0346833238
-0.0228609674
-0.0077375003
0.0064739070
0.0173518456
0.0278395833
0.0417987569
0.0394217222
0.0176574735
-0.0132420485
-0.0402726951
-0.0381525751
-0.0405237140
-0.0461707009
-0.0380560164
-0.0217176335
-0.0061404387
0.0002081711
0.0039326521
0.0092435316
0.0120095064
0.0118716158
0.0156403336
0.0246938720
0.0336805451
0.0487866310
0.0654204326
0.0776619331
0.0917828971
0.1066152895
0.1224961674
0.1348994326
0.1394071540
0.1356657356
0.1231367950
0.1036364477
0.0823805766
0.0598091983
0.0473228505
0.0395252639
0.0369359594
0.0373114182
0.0263049458
0.0079612146
-0.0038902130
-0.0189497342
-0.0290519417
-0.0481053708
-0.0850537548
-0.1102072452
-0.1092268042
-0.1079871004
-0.1071591339
-0.1002331582
-0.0919332787
-0.0782225205
-0.0633337732
-0.0527163021
-0.0487165193
-0.0454952701
-0.0365219506
-0.0211082256
0.0065129062
0.0328176325
0.0689240787
0.1011335590
0.1182868611
0.1349589523
0.1550582226
0.1646564067
0.1483689983
0.1171810510
0.0815843607
0.0624002946
0.0550961699
0.0471997122
0.0533306921
0.0706619406
0.0845865816
0.0817989582
0.0709903197
0.0617558895
0.0561811021
0.0476066511
0.0385473803
0.0289050823
0.0164436143
0.0090352077
0.0019786920
-0.0081260423
-0.0127677900
-0.0131255869
-0.0135203769
-0.0164751352
-0.0252624277
-0.0500973551
-0.0954496351
-0.1169681381
-0.1058021774
-0.1190561757
-0.1425739473
-0.1412704360
-0.1241685883
-0.1096143967
-0.1061212151
-0.1040050000
-0.1017732167
-0.0978471649
-0.0926085665
-0.0878800711
-0.0866475649
-0.0891682176
-0.0919194452
-0.0928311782
-0.0938558762
-0.0902610619
-0.0835210469
-0.0789237397
-0.0743211238
-0.0716209933
-0.0728212385
-0.0757763950
-0.0784269088
-0.0790297113
-0.0765633205
-0.0689749715
-0.0554717155
-0.0416374515
-0.0284923496
-0.0130643011
-0.0023300116
0.0057962200
0.0153746136
0.0247144231
0.0342625004
0.0483981197
0.0675807515
0.0744918218
0.0721697891
0.0676371063
0.0648761799
0.0613742184
0.0522120184
0.0330267374
0.0102135644
0.0030631831
-0.0023371535
-0.0148929739
-0.0238437055
-0.0236942121
-0.0075980069
0.0168262247
0.0318819129
0.0461375618
0.0697097791
0.0936433205
0.1147686159
0.1152385456
0.0951865439
0.0884032418
0.0828587247
0.0799484377
0.0856476753
0.0980698276
0.1141326335
0.1162465004
0.1020680075
0.0898176251
0.0818555682
0.0788123573
0.0840156318
0.1143553473
0.1587108720
0.1489423983
0.1099858075
0.0614257238
0.0088809058
-0.0279177603
-0.0144626814
-0.0001377968
-0.0015921250
0.0220993454
0.0683721690
0.0947524485
0.0870187715
0.0637339741
0.0341804286
0.0072725272
-0.0138231972
-0.0114091082
0.0026145065
0.0141968133
0.0383216446
0.0577129423
0.0540283891
0.0356548624
0.0176152584
-0.0012395818
-0.0108303331
-0.0087001365
-0.0100497270
-0.0097792137
-0.0022429123
0.0037032916
0.0020434193
-0.0072081224
-0.0196521173
-0.0339463111
-0.0511727213
-0.0735183741
-0.0962658611
-0.1112554753
-0.1240566444
-0.1350182167
-0.1436328971
-0.1458315515
-0.1364660351
-0.1217578377
-0.1065012527
-0.0832214067
-0.0462220685
-0.0035508743
0.0095264491
0.0046954257
0.0053373673
-0.0069102025
-0.0301573842
-0.0521445866
-0.0654427908
-0.0708527506
-0.0735842234
-0.0693754276
-0.0651412109
-0.0643620444
-0.0609605414
-0.0520397381
-0.0321771069
-0.0034159102
0.0251739292
0.0517944619
0.0605088351
0.0613480828
0.0525239096
0.0336784165
0.0113418959
-0.0049866086
-0.0153452468
-0.0234005801
-0.0273959167
-0.0308257196
-0.0343964248
-0.0295381500
-0.0197320044
-0.0138374544
-0.0090502969
-0.0063619427
-0.0081930402
-0.0174777251
-0.0318885693
-0.0557411364
-0.0823821079
-0.1039237347
-0.1052829883
-0.1090022527
-0.1138777607
-0.1104235272
-0.1070204929
-0.1049519038
-0.0959778084
-0.0787915816
-0.0546806042
-0.0247718805
0.0233122398
0.0743452686
0.1218563565
0.1503074201
0.1384795967
0.1430193238
0.1654805448
0.1742449431
0.1679388192
0.1481165247
0.1178010561
0.0643924167
0.0461429778
0.0354296474
0.0339067198
0.0434568492
0.0743051975
0.1259286552
0.1605917138
0.1162468577
0.0973702929
0.1022424828
0.0883042636
0.0656000636
0.0466804465
0.0351782355
0.0377642118
0.0498212676
0.0720060335
0.0958596879
0.0891225824
0.0419204864
0.0164502197
0.0148657613
0.0119676895
0.0065802512
0.0139487449
0.0468220584
0.0841990402
0.0868455724
0.0947318259
0.1098497188
0.1023189498
0.0825080895
0.0635763950
0.0549940778
0.0556459866
0.0570098343
0.0623783958
0.0687817113
0.0716856176
0.0612417540
0.0327824822
-0.0030961175
-0.0276997376
-0.0358289549
-0.0480257390
-0.0613758008
-0.0641470895
-0.0575554653
-0.0519673038
-0.0511207565
-0.0491312887
-0.0466169861
-0.0412440704
-0.0341600153
-0.0317474474
-0.0370984849
-0.0444792960
-0.0523528033
-0.0685910033
-0.0898660167
-0.0978486452
-0.0934971757
-0.0972368586
-0.1099808050
-0.1265549389
-0.1348333791
-0.1106223004
-0.0702985439
-0.0308319778
0.0065325895
0.0122319395
0.0217285828
0.0419886992
0.0589181389
0.0707915975
0.0821805782
0.0814256586
0.0683737004
0.0425359534
0.0008551082
-0.0245690593
-0.0509739634
-0.0710230912
-0.0724260912
-0.0736034678
-0.0696013063
-0.0615367490
-0.0522504050
-0.0425722114
-0.0326215545
-0.0247863163
-0.0186533916
-0.0150411962
-0.0151665193
-0.0194937113
-0.0256127157
-0.0315802105
-0.0399245562
-0.0488734705
-0.0582410644
-0.0665618728
-0.0758521473
-0.0843625406
-0.0865733950
-0.0861864151
-0.0844469197
-0.0819535255
-0.0863693130
-0.0932071833
-0.0955103289
-0.0945399950
-0.0845660100
-0.0683231138
-0.0541822929
-0.0421931079
-0.0221606466
0.0026474265
0.0235843407
0.0475618838
0.0726338996
0.0976389481
0.1117692536
0.1114732377
0.1031035272
0.0913896385
0.0880509222
0.0870520025
0.0769154360
0.0599573849
0.0459569559
0.0429656690
0.0474119208
0.0545379816
0.0689088669
0.0845605481
0.0887809314
0.0832143113
0.0760851213
0.0655134895
0.0480533090
0.0174918393
-0.0110488866
-0.0373103820
-0.0475858141
-0.0406409667
-0.0339659638
-0.0255670908
-0.0178851541
-0.0150691082
-0.0209848065
-0.0312455119
-0.0406262603
-0.0517395874
-0.0657382452
-0.0784843356
-0.0898463130
-0.1009801146
-0.1030752477
-0.0925032075
-0.0823958393
-0.0749613431
-0.0687324008
-0.0650089506
-0.0639977799
-0.0684356192
-0.0696130469
-0.0637908393
-0.0554495105
-0.0519123272
-0.0499919196
-0.0453806003
-0.0380652659
-0.0265408754
-0.0142168131
-0.0043082044
0.0056849805
0.0166294218
0.0316157232
0.0484451536
0.0654370736
0.0833654586
0.0942005900
0.0932054987
0.0874395439
0.0862216368
0.0846786686
0.0783781088
0.0713408017
0.0656402879
0.0610436444
0.0608166937
0.0696621021
0.0681295473
0.0439720312
0.0120534826
-0.0137320444
-0.0301017900
-0.0390875902
-0.0554045389
-0.0690111121
-0.0800455782
-0.0925932017
-0.1054700209
-0.1227920812
-0.1409204644
-0.1505313079
-0.1405429280
-0.1382925640
-0.1544581255
-0.1475820728
-0.1198234996
-0.0822092151
-0.0290858413
-0.0020878411
-0.0048612156
-0.0121154576
-0.0132955957
-0.0145253302
-0.0201874931
-0.0246203197
-0.0279582142
-0.0342744401
-0.0423563633
-0.0475811638
-0.0527656126
-0.0560942218
-0.0515922686
-0.0382585721
-0.0200804803
-0.0038684388
0.0007193789
0.0010745796
0.0019151667
-0.0030399945
-0.0170979274
-0.0271818297
-0.0355443274
-0.0444149729
-0.0434097950
-0.0334308637
-0.0188743290
-0.0081659858
-0.0041419041
0.0009651328
0.0109765187
0.0259209214
0.0452030418
0.0659921992
0.0756010519
0.0695866050
0.0550213364
0.0263608769
-0.0092018577
-0.0257322962
-0.0311665692
-0.0402485708
-0.0439457731
-0.0371802555
-0.0191928767
0.0042931468
0.0326077210
0.0553671732
0.0732160285
0.0947023724
0.1008954803
0.0866028485
0.0653294686
0.0446240064
0.0312939188
0.0208380849
0.0101423909
0.0002223989
-0.0066108992
-0.0079661610
-0.0020714007
0.0044534502
0.0059878825
0.0099723974
0.0102613485
0.0113602827
0.0203510344
0.0363129631
0.0561595607
0.0659414084
0.0610885138
0.0481260036
0.0325087989
0.0237157229
0.0235979036
0.0193555961
0.0134281010
0.0194604140
0.0367850674
0.0563329130
0.0744344460
0.0935142762
0.0891006326
0.0930320954
0.1080684678
0.1092572787
0.1035313950
0.1021468736
0.1036704954
0.1005040594
0.0932777799
0.0831556594
0.0733059715
0.0658643289
0.0661648879
0.0649738310
0.0623341900
0.0670245029
0.0682617565
0.0598979163
0.0464409998
0.0292887238
0.0140194539
0.0047165231
-0.0010254437
-0.0054196177
-0.0084510931
-0.0115397707
-0.0155783740
-0.0210326673
-0.0261081429
-0.0278704508
-0.0259700277
-0.0209930045
-0.0178225818
-0.0139897247
-0.0090823385
-0.0048259198
-0.0031287798
-0.0046716837
-0.0070221362
-0.0081802991
-0.0085091682
-0.0054211900
-0.0016189451
-0.0004694818
0.0056253792
0.0141169569
0.0210206613
0.0251909020
0.0276954701
0.0251145014
0.0175948553
0.0104580850
0.0049538095
0.0004336531
-0.0029379514
-0.0063828869
-0.0059028756
-0.0058536110
-0.0115735172
-0.0194189238
-0.0316863198
-0.0476354870
-0.0606807582
-0.0694751715
-0.0815425540
-0.0935462820
-0.1044169414
-0.1158738644
-0.1200341665
-0.1113973833
-0.0954806711
-0.0715390134
-0.0401143759
-0.0237225069
-0.0003075087
0.0304766464
0.0529465197
0.0757328527
0.0998842075
0.1028246117
0.0867934544
0.0744307197
0.0575193247
0.0269057626
-0.0170164885
-0.0578852736
-0.0821087054
-0.0837546845
-0.0719961305
-0.0513426025
-0.0190782120
0.0089378119
0.0293770844
0.0468987244
0.0628662937
0.0712470301
0.0667527339
0.0526199782
0.0307134132
0.0065494858
-0.0134386573
-0.0271635808
-0.0402069223
-0.0524428485
-0.0567529197
-0.0488798921
-0.0225460033
0.0056295547
0.0360604333
0.0760027841
0.0903594787
0.0822134008
0.0653046603
0.0463945275
0.0307960976
0.0179691605
0.0025265501
-0.0124976341
-0.0246487575
-0.0345812522
-0.0423642703
-0.0465077323
-0.0514382117
-0.0545145004
-0.0525664310
-0.0438702454
-0.0290233661
-0.0067474984
0.0094348879
0.0244212811
0.0487918326
0.0610555891
0.0723680008
0.0870738502
0.0945327464
0.0982426695
0.0920184234
0.0819448477
0.0749110117
0.0709818971
0.0674118912
0.0640618937
0.0627025381
0.0669968870
0.0724647331
0.0725609038
0.0692188184
0.0593726017
0.0496837496
0.0417970315
0.0256477792
0.0173414271
0.0046935483
-0.0139182449
-0.0232394380
-0.0271106358
-0.0379301879
-0.0483527194
-0.0589588736
-0.0719584075
-0.0854590603
-0.0948880778
-0.1055301021
-0.1144173172
-0.1229594611
-0.1297406703
-0.1304581732
-0.1246985481
-0.1096380310
-0.0829929757
-0.0550103105
-0.0348886054
-0.0233964658
-0.0213895096
-0.0228507582
-0.0322323592
-0.0461517526
-0.0734150569
-0.0930596092
-0.1170730377
-0.1291519565
-0.1325379414
-0.1411875883
-0.1476372025
-0.1470585958
-0.1386077222
-0.1237195874
-0.1053023347
-0.0934038636
-0.0806833983
-0.0654935305
-0.0522442795
-0.0359785146
-0.0228775421
-0.0091334611
0.0047915571
0.0117631379
0.0215445007
0.0274673965
0.0225239514
0.0165409285
0.0094606865
0.0016992594
-0.0034674855
-0.0070054697
-0.0104051503
-0.0163499806
-0.0237133340
-0.0315545394
-0.0402999997
-0.0456346207
-0.0477724639
-0.0496090642
-0.0498693581
-0.0483083808
-0.0490374763
-0.0522997155
-0.0518974728
-0.0439907702
-0.0330391722
-0.0192150153
-0.0057560008
0.0046114203
0.0151110017
0.0238217659
0.0287097853
0.0304993364
0.0314575213
0.0330498306
0.0340626144
0.0353805003
0.0375608036
0.0385637661
0.0395382705
0.0411122032
0.0426309041
0.0422587479
0.0432325070
0.0453496460
0.0495562315
0.0561058603
0.0626080008
0.0704498444
0.0795083188
0.0869492979
0.0881911967
0.0843341590
0.0780159372
0.0665871916
0.0482116639
0.0306288197
0.0163177195
0.0096355600
0.0105809681
0.0157922466
0.0271180426
0.0438393677
0.0568100402
0.0618917230
0.0629873238
0.0553567598
0.0398291818
0.0253882153
0.0129767878
0.0045617066
0.0022915137
0.0072700566
0.0166873336
0.0258562359
0.0347535326
0.0402127977
0.0449021715
0.0457393416
0.0393893794
0.0335390353
0.0290723856
0.0233333882
0.0157010835
0.0062220613
-0.0027215658
-0.0069947092
-0.0099678237
-0.0113714822
-0.0111907333
-0.0086319084
-0.0042938160
0.0020490467
0.0116720310
0.0197863224
0.0233652052
0.0223911858
0.0164566668
0.0129099481
0.0116397290
0.0095933296
0.0116839451
0.0181424209
0.0246005751
0.0306487634
0.0372297497
0.0435298961
0.0485133766
0.0539709623
0.0580048745
0.0625633866
0.0662855607
0.0716499874
0.0748228042
0.0733738117
0.0703831782
0.0647218678
0.0575269305
0.0490158379
0.0435872105
0.0387375370
0.0342444301
0.0312769307
0.0311033487
0.0355931376
0.0409945778
0.0435792627
0.0486708127
0.0515642444
0.0508721726
0.0454074199
0.0365339515
0.0227083500
0.0091013889
-0.0019677324
-0.0116004032
-0.0233939747
-0.0332492215
-0.0434870378
-0.0495251649
-0.0525257983
-0.0564545556
-0.0605330820
-0.0656096603
-0.0670454828
-0.0682115272
-0.0701659774
-0.0682650745
-0.0652781163
-0.0608120485
-0.0498048308
-0.0331605597
-0.0170798877
0.0000783878
0.0118042810
0.0191912585
0.0234403858
0.0211434269
0.0171976458
0.0139804649
0.0104688353
0.0075175379
0.0058342493
0.0046505415
0.0013010177
-0.0031096335
-0.0079995808
-0.0135325003
-0.0215863023
-0.0296439377
-0.0367338937
-0.0451139053
-0.0523248301
-0.0566085615
-0.0582272820
-0.0598677481
-0.0599313004
-0.0549849916
-0.0491106304
-0.0409129756
-0.0330456244
-0.0234272465
-0.0144589500
-0.0064190581
0.0007613724
0.0087462617
0.0173239081
0.0262164115
0.0344438823
0.0403589833
0.0424729473
0.0492215942
0.0567356661
0.0572337222
0.0565824259
0.0584149782
0.0589037439
0.0564106561
0.0521661280
0.0426897295
0.0334264278
0.0284186698
0.0228031323
0.0182118027
0.0176688925
0.0176730987
0.0188571316
0.0223266330
0.0269717957
0.0336279064
0.0387886851
0.0407821753
0.0403473397
0.0374632342
0.0322799392
0.0278453872
0.0229779190
0.0158630628
0.0115122110
0.0103165242
0.0109860183
0.0108219972
0.0083318598
0.0036562553
-0.0022074302
-0.0080717344
-0.0157225892
-0.0261587449
-0.0355071812
-0.0430989655
-0.0489798403
-0.0528086444
-0.0566739004
-0.0582423406
-0.0574993146
-0.0545430351
-0.0506146147
-0.0473774187
-0.0447669352
-0.0416632756
-0.0360852621
-0.0318076818
-0.0270351030
-0.0204957856
-0.0151098582
-0.0105396770
-0.0052306300
0.0030064986
0.0138762494
0.0270491305
0.0394296649
0.0453800746
0.0488052373
0.0532758176
0.0569397992
0.0514026326
0.0452381615
0.0433456761
0.0375693997
0.0293253391
0.0196744908
0.0077374748
-0.0024703469
-0.0134563039
-0.0211243868
-0.0268173356
-0.0300370993
-0.0340904447
-0.0352792913
-0.0342556092
-0.0314992055
-0.0282558738
-0.0241440654
-0.0169676222
-0.0098822348
-0.0033211590
-0.0004161302
0.0031416189
0.0019514160
-0.0016747838
-0.0056974255
-0.0076815284
-0.0098164875
-0.0113880109
-0.0123456088
-0.0131517633
-0.0144142081
-0.0167055876
-0.0189464928
-0.0200412310
-0.0231755028
-0.0250812092
-0.0250034100
-0.0239636279
-0.0225555285
-0.0237588364
-0.0239126483
-0.0255654114
-0.0294008464
-0.0321490418
-0.0360288562
-0.0406978575
-0.0441984101
-0.0451865693
-0.0465667007
-0.0466261438
-0.0441316777
-0.0421345428
-0.0408145487
-0.0388368470
-0.0355138835
-0.0326891547
-0.0322226808
-0.0301841629
-0.0270497890
-0.0261772388
-0.0253811914
-0.0243526548
-0.0226709844
-0.0217919718
-0.0207410005
-0.0197074869
-0.0183265644
-0.0175165099
-0.0163110427
-0.0155295280
-0.0159939448
-0.0141217399
-0.0138342028
-0.0149060825
-0.0144362855
-0.0139707100
-0.0140995145
-0.0143049288
-0.0155423508
-0.0193331511
-0.0215032708
-0.0242281791
-0.0272690929
-0.0280194184
-0.0248355349
-0.0217779188
-0.0183378608
-0.0139827671
-0.0093766648
-0.0043793488
0.0003732548
0.0042004432
0.0082588946
0.0117767315
0.0129883548
0.0134373965
0.0093018415
0.0034801158
-0.0009995327
-0.0046197617
-0.0070447037
-0.0103342780
-0.0108790514
-0.0126725637
-0.0145686989
-0.0165465078
-0.0182973967
-0.0199362956
-0.0201914645
-0.0178560936
-0.0120953250
-0.0055756297
0.0017293423
0.0099776551
0.0149427233
0.0208222709
0.0241584757
0.0251989673
0.0239928416
0.0209979049
0.0178122859
0.0129536792
0.0090531861
0.0056497383
0.0003710393
-0.0019760003
-0.0027175689
-0.0052908031
-0.0041205066
-0.0022737446
-0.0019695583
-0.0009965547
-0.0027881191
-0.0065429876
-0.0119456632
-0.0169355602
-0.0237388723
-0.0320681390
-0.0362801201
-0.0415253340
-0.0472989457
-0.0504614307
-0.0492121150
-0.0439059623
-0.0356690277
-0.0261320274
-0.0147288150
-0.0073522917
-0.0034702951
0.0011016064
0.0038422435
0.0027403043
0.0010495640
0.0018440019
0.0022093490
0.0020764298
0.0041925014
0.0069931217
0.0107119624
0.0161597116
0.0188225173
0.0219891881
0.0249954162
0.0290841109
0.0340400572
0.0368161799
0.0394528092
0.0407932421
0.0408653599
0.0421357270
0.0384423991
0.0338769855
0.0290551167
0.0232691825
0.0170165957
0.0111541537
0.0063051795
0.0022059382
-0.0002360112
-0.0002680201
0.0004879272
0.0022187757
0.0059668771
0.0117482682
0.0157025536
0.0174003546
0.0207090151
0.0228549287
0.0224160605
0.0249274688
0.0267899392
0.0271646068
0.0303598685
0.0322667897
0.0323989632
0.0344089719
0.0368903090
0.0361634289
0.0364168826
0.0356356538
0.0327188023
0.0329684531
0.0307368076
0.0286259575
0.0254606803
0.0239449298
0.0215142049
0.0169062649
0.0147643941
0.0125444382
0.0095895573
0.0085639151
0.0102066782
0.0140945324
0.0163827317
0.0191514783
0.0230430690
0.0235021413
0.0216290941
0.0202454151
0.0195685550
0.0169878058
0.0165935926
0.0154616777
0.0133500874
0.0118982516
0.0101642335
0.0081006060
0.0072999849
0.0071331715
0.0076934936
0.0084457537
0.0091084281
0.0066265857
0.0038771023
0.0012485204
-0.0013202115
-0.0027890583
-0.0043626332
-0.0019802009
0.0022593578
0.0064967705
0.0120575663
0.0164576928
0.0187410887
0.0185390843
0.0162996441
0.0104437870
0.0040420361
-0.0020003329
-0.0092333071
-0.0147460073
-0.0189661506
-0.0222260366
-0.0246843672
-0.0247635957
-0.0241782918
-0.0220639144
-0.0197943213
-0.0187229112
-0.0190797127
-0.0208120413
-0.0240323359
-0.0258007693
-0.0285188068
-0.0315951465
-0.0342737612
-0.0378637209
-0.0397163445
-0.0430442697
-0.0441548015
-0.0455390421
-0.0458642257
-0.0440220767
-0.0418997464
-0.0371044164
-0.0309425384
-0.0256043289
-0.0184367268
-0.0091660642
-0.0037148168
0.0021709441
0.0082872915
0.0117828213
0.0138840237
0.0154463587
0.0164499746
0.0159652671
0.0151865396
0.0146273457
0.0164768249
0.0174556528
0.0166474666
0.0154908964
0.0136507433
0.0093294982
0.0048730766
0.0021829639
-0.0022087217
-0.0050345138
-0.0061538638
-0.0093707281
-0.0116120978
-0.0119988174
-0.0137845350
-0.0165390295
-0.0180900732
-0.0198506966
-0.0204718195
-0.0194079846
-0.0195357273
-0.0170701430
-0.0120608077
-0.0080824234
-0.0048736892
-0.0019528938
0.0005847996
0.0022740795
0.0014886557
0.0013268766
0.0022425632
0.0012372867
0.0004013772
0.0012266309
0.0017968318
0.0031294807
0.0027643521
0.0044078871
0.0064890269
0.0078003737
0.0103871872
0.0107295478
0.0102033654
0.0103430375
0.0109038444
0.0110090758
0.0108805164
0.0105007748
0.0092487690
0.0087941990
0.0078391636
0.0054856203
0.0044771922
0.0022709596
-0.0010387376
-0.0023011666
-0.0028691883
-0.0037768423
-0.0061694787
-0.0065033044
-0.0066317413
-0.0079706582
-0.0080022659
-0.0073325982
-0.0069137145
-0.0059857233
-0.0039025870
-0.0035618339
-0.0034220061
-0.0016415733
-0.0028424045
-0.0057368075
-0.0074480847
-0.0100979247
-0.0135686767
-0.0149806454
-0.0171041499
-0.0175075870
-0.0186181903
-0.0186375214
-0.0183727661
-0.0188317924
-0.0189653186
-0.0188150952
-0.0188099090
-0.0185226423
-0.0173260572
-0.0159577429
-0.0134199847
-0.0119181596
-0.0083419925
-0.0076774038
-0.0070739479
-0.0042418864
-0.0014299712
0.0001983484
0.0020400054
0.0037480319
0.0050829636
0.0068718516
0.0064387414
0.0049316877
0.0047570470
0.0054512816
0.0056911213
0.0064580266
0.0085458397
0.0117304480
0.0136963836
0.0169093276
0.0211916808
0.0241015441
0.0261413177
0.0258749800
0.0247542237
0.0236192255
0.0224596589
0.0207279327
0.0208168906
0.0204905330
0.0190050936
0.0179674249
0.0179767817
0.0185542398
0.0182483363
0.0179242247
0.0176741655
0.0168749583
0.0175516449
0.0176625015
0.0173435455
0.0167113609
0.0156509461
0.0151818127
0.0146780344
0.0126860960
0.0107389505
0.0114072297
0.0116402548
0.0112580426
0.0109328079
0.0101173732
0.0091241656
0.0086815659
0.0058514977
0.0030157946
0.0031435434
0.0031271862
0.0019700238
0.0027294738
0.0033204219
0.0059302005
0.0079120931
0.0101559079
0.0114985868
0.0098948636
0.0100128310
0.0116512808
0.0136072011
0.0141457418
0.0160312849
0.0161724782
0.0145875655
0.0139848855
0.0136747452
0.0121565394
0.0119461941
0.0114364587
0.0107236979
0.0115857530
0.0131302526
0.0141660836
0.0135770992
0.0130321268
0.0136154297
0.0135492281
0.0115974017
0.0106220397
0.0117522294
0.0110119446
0.0108762081
0.0116173198
0.0114238962
0.0095202164
0.0085053857
0.0072502609
0.0065770098
0.0070093645
0.0070925389
0.0066106491
0.0064860611
0.0066085358
0.0066098834
0.0064952136
0.0056995490
0.0047430139
0.0051963782
0.0073443592
0.0098410611
0.0115382700
0.0155949895
0.0191991094
0.0212682447
0.0219874832
0.0223944629
0.0235137644
0.0231850433
0.0240961128
0.0234761231
0.0205127329
0.0173838106
0.0138986228
0.0108640847
0.0087534081
0.0061065849
0.0048272353
0.0040651564
0.0040332776
0.0041662535
0.0034763568
0.0022947286
0.0005516059
-0.0009292791
-0.0038026629
-0.0049845744
-0.0058285934
-0.0076794304
-0.0090308024
-0.0085900659
-0.0063142810
-0.0070347548
-0.0063318357
-0.0063347556
-0.0068078195
-0.0063911257
-0.0061923627
-0.0065682350
-0.0077171738
-0.0084115172
-0.0090619915
-0.0099971394
-0.0116026135
-0.0123954450
-0.0157264534
-0.0188652888
-0.0192461534
-0.0207160645
-0.0246934687
-0.0250209187
-0.0254619666
-0.0260095628
-0.0250896931
-0.0228988844
-0.0216441017
-0.0188683209
-0.0148686454
-0.0129579977
-0.0105767874
-0.0078583977
-0.0067513269
-0.0069268741
-0.0078066371
-0.0094176139
-0.0118968274
-0.0122710510
-0.0111170790
-0.0113452241
-0.0115692600
-0.0104083968
-0.0091577028
-0.0088054649
-0.0099274922
-0.0096337887
-0.0090309096
-0.0097853699
-0.0110556400
-0.0119957597
-0.0130357153
-0.0137658930
-0.0138548713
-0.0124641938
-0.0121751916
-0.0115914548
-0.0119157451
-0.0106862352
-0.0102946714
-0.0110529039
-0.0108561470
-0.0111206982
-0.0135934799
-0.0170432469
-0.0194805772
-0.0210133566
-0.0221620555
-0.0228900943
-0.0217973469
-0.0195262072
-0.0189573146
-0.0193668874
-0.0199735899
-0.0193522015
-0.0189585397
-0.0191437857
-0.0185981496
-0.0168105638
-0.0152178972
-0.0131166079
-0.0107708236
-0.0093411163
-0.0062116938
-0.0050326914
-0.0044170820
-0.0036252065
-0.0041732683
-0.0038825224
-0.0034277870
-0.0035188981
-0.0024254381
-0.0006624100
-0.0002647591
0.0013357070
0.0035116434
0.0058277715
0.0083140805
0.0102020279
0.0117238937
0.0145867998
0.0157449525
0.0162970459
0.0141760988
0.0124083239
0.0115130481
0.0110657471
0.0123337559
0.0130139850
0.0139518281
0.0132936509
0.0133249217
0.0139000317
0.0122882892
0.0110533378
0.0098176973
0.0097097503
0.0088724219
0.0055177078
0.0053441462
0.0046091723
0.0021585945
0.0017675018
0.0001534943
-0.0015962342
-0.0033533706
-0.0058678376
-0.0089962443
-0.0113835392
-0.0122383662
-0.0162938249
-0.0182868199
-0.0168834218
-0.0159170899
-0.0154298760
-0.0141165485
-0.0134127515
-0.0139179489
-0.0146885039
-0.0152842927
-0.0149819012
-0.0132304712
-0.0106653982
-0.0082839276
-0.0057027394
-0.0031234144
-0.0015121344
0.0002316824
0.0032285733
0.0049719364
0.0072759881
0.0079327105
0.0087505904
0.0089042287
0.0074544654
0.0043455512
0.0008072143
-0.0017233322
-0.0042132833
-0.0078016244
-0.0103256869
-0.0130282167
-0.0155687773
-0.0166542506
-0.0183583048
-0.0208953024
-0.0212186177
-0.0213109396
-0.0220042824
-0.0218199859
-0.0206599343
-0.0179742600
-0.0159078556
-0.0139029567
-0.0112684100
-0.0108481941
-0.0117044146
-0.0119834832
-0.0123202900
-0.0109865951
-0.0081938569
-0.0075620960
-0.0069343779
-0.0052540602
-0.0036147707
-0.0017230213
-0.0003838969
-0.0001597548
0.0007498406
0.0002060104
0.0003114218
-0.0004258978
-0.0015783436
-0.0003220253
-0.0002778918
-0.0009150786
0.0009425378
0.0033738406
0.0029854569
0.0033510092
0.0030361716
0.0032546022
0.0030009739
0.0011849385
0.0000887709
0.0003620897
0.0001828957
0.0008018544
0.0011755593
0.0003473733
0.0009775089
0.0012938131
-0.0006152588
-0.0017705181
-0.0023859703
-0.0019144832
-0.0010283972
0.0002039607
0.0016457529
0.0032786954
0.0050707279
0.0059376226
0.0061943790
0.0068101319
0.0089835083
0.0097889992
0.0112470677
0.0127314146
0.0139486990
0.0153882633
0.0162780925
0.0171157118
0.0180101351
0.0171576512
0.0179227903
0.0195612707
0.0192874088
0.0185042556
0.0183467531
0.0175484034
0.0174842794
0.0180750146
0.0177672020
0.0169153306
0.0164670393
0.0165975538
0.0160132861
0.0169602358
0.0181562033
0.0177756654
0.0182826750
0.0198009420
0.0192963112
0.0190876555
0.0178799882
0.0167885170
0.0153344761
0.0141335469
0.0140944813
0.0142931167
0.0144091392
0.0163103485
0.0174234938
0.0187643912
0.0178796309
0.0163057135
0.0147972626
0.0134898922
0.0112315344
0.0103349110
0.0119279145
0.0136079668
0.0144053210
0.0152713934
0.0160953120
0.0158271723
0.0150446521
0.0144185062
0.0141384677
0.0128808825
0.0108947327
0.0085761559
0.0057598242
0.0037956094
0.0007438335
-0.0015826902
-0.0027950399
-0.0047548290
-0.0073503520
-0.0085627257
-0.0095766631
-0.0106820852
-0.0110834856
-0.0119793229
-0.0123244655
-0.0110917959
-0.0091739865
-0.0092982887
-0.0080796414
-0.0071435135
-0.0060534664
-0.0070499767
-0.0073604642
-0.0089627887
-0.0126635541
-0.0124084260
-0.0130893290
-0.0150471074
-0.0150886537
-0.0136534284
-0.0120020231
-0.0117941177
-0.0100031986
-0.0110448080
-0.0110927249
-0.0135508616
-0.0165113779
-0.0189699587
-0.0213008886
-0.0234032345
-0.0238076517
-0.0241212734
-0.0219259727
-0.0227817236
-0.0215854345
-0.0204457911
-0.0181077760
-0.0138427530
-0.0099932701
-0.0063734689
-0.0035927739
-0.0007825361
0.0007030467
0.0020532998
0.0006359385
-0.0009696004
-0.0038455783
-0.0082867198
-0.0120794650
-0.0143587262
-0.0176062998
-0.0196792942
-0.0190654964
-0.0167250259
-0.0153688403
-0.0154995742
-0.0153541390
-0.0141956392
-0.0129499172
-0.0115115474
-0.0105552920
-0.0067206431
-0.0039187258
-0.0041353406
-0.0020252276
-0.0006192021
-0.0032101304
-0.0052908848
-0.0067809336
-0.0093267162
-0.0099141028
-0.0108570812
-0.0125710689
-0.0118730400
-0.0115900204
-0.0116627151
-0.0086805042
-0.0075706105
-0.0061144205
-0.0024215351
-0.0004345260
0.0016999577
0.0040193839
0.0046204958
0.0039229233
0.0041940828
0.0060014097
0.0069104679
0.0070365669
0.0076265059
0.0075718151
0.0083669795
0.0094596758
0.0089621251
0.0095527072
0.0100935398
0.0115676521
0.0123986150
0.0122698156
0.0123028271
0.0105645874
0.0087001671
0.0089721454
0.0088903952
0.0084172139
0.0102228956
0.0096363563
0.0070395889
0.0062623876
0.0061105104
0.0058046324
0.0047878134
0.0047310763
0.0052205791
0.0065278269
0.0075525351
0.0074175745
0.0089466173
0.0101965405
0.0110522352
0.0126139782
0.0132338964
0.0128898003
0.0126710170
0.0125484606
0.0109899693
0.0092562829
0.0076559237
0.0047196854
0.0016035047
0.0003714738
-0.0005194489
-0.0018664867
-0.0003339377
-0.0000871951
-0.0002561225
0.0009644182
0.0000876808
-0.0000399888
-0.0000615180
-0.0000190878
0.0016551903
0.0021302012
0.0031577286
0.0055787537
0.0061396117
0.0055678350
0.0051088495
0.0047581174
0.0059137433
0.0072527673
0.0066858552
0.0052786644
0.0075570628
0.0094102684
0.0117173905
0.0145407869
0.0193388479
0.0203322648
0.0202749503
0.0185855617
0.0157286637
0.0147900345
0.0137231623
0.0131947135
0.0147194582
0.0170735733
0.0181159638
0.0174612628
0.0185986652
0.0155041939
0.0090557741
0.0045664600
0.0012370652
-0.0025122705
-0.0030152341
-0.0015328856
0.0013848904
0.0046965697
0.0064061587
0.0088704413
0.0080223627
0.0054181936
0.0025703583
0.0002975613
-0.0024901144
-0.0029826386
-0.0005886965
-0.0011519439
-0.0004603099
0.0011156941
-0.0000528397
-0.0003572827
0.0003261372
-0.0005998725
-0.0006095978
-0.0010789517
-0.0010054883
-0.0007527089
-0.0009828560
-0.0013063091
-0.0023675958
-0.0026408988
-0.0011744271
-0.0026422132
-0.0043103544
-0.0040688159
-0.0035259771
-0.0047762857
-0.0070434786
-0.0084881730
-0.0081041231
-0.0106303960
-0.0128162582
-0.0133137324
-0.0146237367
-0.0152619805
-0.0146372537
-0.0136184414
-0.0122358292
-0.0109138750
-0.0097660949
-0.0073683865
-0.0048722619
-0.0022772469
-0.0014522676
-0.0016313804
0.0005300124
0.0027991297
0.0037358493
0.0047394917
0.0042963285
0.0038431894
0.0034307794
0.0016691024
0.0002704598
-0.0007604250
-0.0019450766
-0.0015784115
-0.0030907184
-0.0035920460
-0.0025910212
-0.0029889781
-0.0042308824
-0.0042691598
-0.0042765441
-0.0047228017
-0.0044177190
-0.0036348762
-0.0027998377
-0.0024032872
-0.0034987089
-0.0040269535
-0.0037887365
-0.0048750679
-0.0054328948
-0.0034326614
-0.0003530268
0.0013998224
0.0056019133
0.0096110681
0.0123827907
0.0117582936
0.0074092591
0.0020186498
-0.0011026232
-0.0054646710
-0.0111239702
-0.0120235237
-0.0127209349
-0.0128971458
-0.0118020911
-0.0101607011
-0.0105209533
-0.0088061642
-0.0069078646
-0.0054499238
-0.0029524112
-0.0001142832
0.0041542159
0.0070883123
0.0084099398
0.0102870808
0.0115813273
0.0084270760
0.0064621103
0.0065355451
0.0044669524
0.0030766333
0.0036452819
0.0045925241
0.0027714316
0.0022831687
0.0020013370
0.0010648722
0.0004316922
0.0000650808
0.0006717601
0.0019538387
0.0031293715
0.0044273892
0.0076432490
0.0086711985
0.0078618076
0.0079235529
0.0084704906
0.0086486770
0.0076094156
0.0077742484
0.0094172208
0.0099589978
0.0099905698
0.0096850644
0.0087434490
0.0073135835
0.0058722173
0.0048249494
0.0035295325
0.0036932468
0.0043928964
0.0053485055
0.0062464357
0.0062204992
0.0077418341
0.0080873238
0.0070200638
0.0057854442
0.0049565573
0.0031587010
0.0006645789
-0.0003160663
-0.0014652154
-0.0016086649
-0.0020128867
-0.0020301076
-0.0015436287
-0.0011414856
-0.0012519931
-0.0000946545
0.0013426422
0.0022695589
0.0028762118
0.0041817062
0.0035902017
0.0015273267
0.0009035269
0.0019974897
-0.0006985557
-0.0026821292
-0.0031656529
-0.0041745710
-0.0056248330
-0.0053567035
-0.0068393455
-0.0067529808
-0.0063439949
-0.0077364335
-0.0075584156
-0.0069146997
-0.0061899482
-0.0045036479
-0.0041226209
-0.0039869865
-0.0021285805
-0.0026086168
-0.0063139186
-0.0063038523
-0.0076195534
-0.0096963660
-0.0072517515
-0.0069085486
-0.0086854097
-0.0085112917
-0.0079275141
-0.0081032604
-0.0088280885
-0.0086843633
-0.0068330873
-0.0070004264
-0.0074838067
-0.0070884195
-0.0076342751
-0.0062533065
-0.0062635719
-0.0055212912
-0.0046201824
-0.0041452287
-0.0036139820
-0.0031698091
-0.0039192301
-0.0061479628
-0.0071264641
-0.0069212233
-0.0085098828
-0.0094025604
-0.0097418378
-0.0103515673
-0.0102942222
-0.0110054515
-0.0112907018
-0.0117645264
-0.0117410503
-0.0103194746
-0.0095732277
-0.0087770016
-0.0071513695
-0.0048459268
-0.0035026950
-0.0027605139
0.0006249504
0.0024467131
0.0033702250
0.0057986192
0.0058839069
0.0065301597
0.0061965382
0.0057622489
0.0043284528
0.0018441459
-0.0001334789
-0.0007171451
-0.0034295976
-0.0056072527
-0.0063836117
-0.0091898210
-0.0113133714
-0.0117371095
-0.0128066105
-0.0127300517
-0.0103941856
-0.0100633614
-0.0090941403
-0.0063146536
-0.0056757208
-0.0061238946
-0.0050373989
-0.0047619668
-0.0050871019
-0.0038743734
-0.0028695646
-0.0035584669
-0.0030871717
-0.0016433977
-0.0002340600
0.0003310170
0.0012303266
0.0015975629
0.0007503807
0.0011235031
0.0007272354
-0.0004795911
-0.0001160990
-0.0003937891
-0.0019722515
-0.0033323483
-0.0037191389
-0.0038318301
-0.0049457049
-0.0058866685
-0.0058696701
-0.0053519409
-0.0050558153
-0.0041668003
-0.0030304366
-0.0014033961
-0.0001399740
0.0004300482
0.0001000111
-0.0005983544
-0.0016358970
-0.0028120811
-0.0041806296
-0.0054963552
-0.0061412605
-0.0050938956
-0.0050585667
-0.0041362160
-0.0029702396
-0.0039704037
-0.0027447805
-0.0014410053
-0.0011908022
-0.0009287288
-0.0009404612
0.0000862846
-0.0003346285
-0.0004073077
0.0008733970
0.0005404375
0.0000235950
0.0005928296
0.0016063255
0.0011608703
0.0007643606
0.0011116078
0.0012146611
0.0008047789
-0.0000889625
0.0005840191
0.0018637736
0.0012527026
0.0016074312
0.0019024455
0.0003489653
-0.0013135643
-0.0013915800
-0.0013867092
-0.0015774375
-0.0023593871
-0.0005635098
0.0007652335
0.0003148213
0.0009375991
0.0010291695
0.0006923944
0.0009691073
0.0011643445
0.0018994966
0.0029143636
0.0033218058
0.0038919251
0.0055408112
0.0064380727
0.0072499393
0.0083989496
0.0086728830
0.0077730284
0.0074639855
0.0084419763
0.0077771682
0.0074581254
0.0087862767
0.0087930351
0.0095438048
0.0097708983
0.0091541041
0.0093723667
0.0096843141
0.0095972091
0.0101329372
0.0113209466
0.0111895337
0.0104861399
0.0108317368
0.0111393759
0.0109875242
0.0096947734
0.0086278706
0.0106533514
0.0111794062
0.0097921335
0.0105303305
0.0122348083
0.0113250405
0.0093473031
0.0087253992
0.0080310762
0.0071414972
0.0052109314
0.0038334881
0.0026535056
0.0011811070
-0.0008658197
-0.0033807568
-0.0053103997
-0.0071549478
-0.0081120199
-0.0074590902
-0.0080899527
-0.0093590998
-0.0087699062
-0.0097820008
-0.0118627389
-0.0128316946
-0.0136880172
-0.0135025210
-0.0160406059
-0.0165975436
-0.0150643201
-0.0149711611
-0.0145605162
-0.0138261477
-0.0132075311
-0.0125385474
-0.0123864303
-0.0122127309
-0.0108126048
-0.0095348105
-0.0080396264
-0.0061769621
-0.0043613428
-0.0036190054
-0.0015966737
0.0007459744
0.0008370507
0.0010157735
0.0029103963
0.0038226010
0.0037854686
0.0056151700
0.0053928084
0.0052446013
0.0069258992
0.0076999407
0.0079641600
0.0081206416
0.0077984646
0.0074110763
0.0070811710
0.0071013444
0.0065067143
0.0068754249
0.0062922597
0.0060400005
0.0073390300
0.0073226952
0.0075242454
0.0072450695
0.0072646661
0.0074321838
0.0068330005
0.0063175479
0.0069640101
0.0063481347
0.0048819540
0.0050665645
0.0058485830
0.0060754520
0.0069140156
0.0081293603
0.0097516795
0.0103103936
0.0098223578
0.0091148038
0.0090733646
0.0087421780
0.0075465269
0.0085191783
0.0080149508
0.0074841742
0.0087428416
0.0076132951
0.0060797654
0.0065597205
0.0067266461
0.0057158531
0.0061158906
0.0068889214
0.0077425947
0.0081830760
0.0086980589
0.0094428766
0.0096288628
0.0091475957
0.0082255412
0.0074283452
0.0080709891
0.0074676557
0.0075314582
0.0080559101
0.0086842663
0.0082563015
0.0090362082
0.0087867361
0.0085853646
0.0092933015
0.0101492208
0.0100439027
0.0117275895
0.0111281509
0.0116352319
0.0112752910
0.0102647839
0.0104285600
0.0085124913
0.0081997425
0.0084175814
0.0085485706
0.0078296741
0.0068043484
0.0072535738
0.0066124613
0.0064577510
0.0053705115
0.0042059883
0.0022033414
-0.0006064982
-0.0036495177
-0.0056954705
-0.0066386734
-0.0078552839
-0.0098345987
-0.0107411505
-0.0095115079
-0.0101657291
-0.0114260810
-0.0096950899
-0.0100259855
-0.0107029681
-0.0103425474
-0.0101718546
-0.0099567059
-0.0090821496
-0.0093626322
-0.0090181481
-0.0105705803
-0.0112681497
-0.0112909520
-0.0124489821
-0.0139113435
-0.0123045984
-0.0109335124
-0.0107829317
-0.0087718817
-0.0063416315
-0.0067006688
-0.0082953874
-0.0083562190
-0.0077102264
-0.0098951239
-0.0103379380
-0.0100817788
-0.0098612753
-0.0098147469
-0.0087707893
-0.0081246028
-0.0077346673
-0.0073819341
-0.0080888808
-0.0085325218
-0.0063050110
-0.0059475766
-0.0073028587
-0.0067080143
-0.0048957120
-0.0044811723
-0.0042598760
-0.0038253932
-0.0034880678
-0.0016032949
-0.0023329713
-0.0018502755
-0.0018049798
-0.0015955926
-0.0002288521
0.0004313512
0.0007604735
0.0015133962
0.0023275237
0.0033679912
0.0049564940
0.0046360480
0.0039192668
0.0041171692
0.0032195550
0.0021359387
0.0008746160
0.0004445187
-0.0007143228
-0.0002036799
-0.0010605868
-0.0010099859
-0.0007988167
-0.0010274401
-0.0007308234
0.0002413768
-0.0000891871
0.0005963682
0.0003179708
-0.0002058281
-0.0008160651
-0.0004439434
-0.0016008738
-0.0029204340
-0.0038156669
-0.0032594439
-0.0054899132
-0.0060873508
-0.0065546363
-0.0084191179
-0.0086244608
-0.0086494376
-0.0090676628
-0.0104761757
-0.0111429389
-0.0115406742
-0.0128605764
-0.0141564308
-0.0135918413
-0.0131397369
-0.0137173278
-0.0133183674
-0.0113805735
-0.0097819804
-0.0083582864
-0.0064912321
-0.0061934193
-0.0059414051
-0.0052651525
-0.0043144687
-0.0025689545
-0.0019132045
-0.0003399377
0.0005776179
0.0000304489
-0.0007788000
-0.0013580810
-0.0016620228
-0.0016829747
-0.0013260660
-0.0004122199
0.0016280721
0.0026881868
0.0036518081
0.0045922377
0.0043600697
0.0035104224
0.0028567525
0.0031724089
0.0031190301
0.0022196838
0.0032582346
0.0045347737
0.0047056365
0.0057149088
0.0071293533
0.0078264480
0.0084703681
0.0082734377
0.0095615228
0.0099810650
0.0098268703
0.0117691205
0.0131471896
0.0134260694
0.0152513221
0.0162232384
0.0156274649
0.0154201823
0.0159917192
0.0155411716
0.0148137964
0.0142915292
0.0120402974
0.0108101750
0.0105642505
0.0107636516
0.0114179085
0.0122424295
0.0126207928
0.0131437338
0.0131421463
0.0128161715
0.0131152859
0.0124624889
0.0121374023
0.0119429884
0.0107679701
0.0109519196
0.0106833001
0.0092531793
0.0095117428
0.0101567603
0.0097424351
0.0103365138
0.0107140706
0.0108959374
0.0112224380
0.0107872094
0.0092313521
0.0090116346
0.0086811627
0.0061756094
0.0048250265
0.0048315757
0.0044298317
0.0041083480
0.0053645289
0.0061861249
0.0072818227
0.0077713387
0.0070325496
0.0070181597
0.0064468475
0.0044868537
0.0031053788
0.0021914043
0.0008252677
-0.0007502357
-0.0020960253
-0.0024423226
-0.0028762179
-0.0029623172
-0.0028444096
-0.0031986613
-0.0043088067
-0.0051589104
-0.0065185110
-0.0079403470
-0.0071826198
-0.0087015862
-0.0092585851
-0.0093132554
-0.0093226632
-0.0092940825
-0.0093093606
-0.0084119919
-0.0087383393
-0.0089178988
-0.0076717224
-0.0077309460
-0.0075406056
-0.0087409784
-0.0094857246
-0.0086993708
-0.0090428136
-0.0071236668
-0.0061825312
-0.0052721917
-0.0038616828
-0.0039304566
-0.0046840292
-0.0051237958
-0.0045987093
-0.0052809206
-0.0050553273
-0.0032580743
-0.0017140398
-0.0020471646
-0.0002723598
-0.0000454821
-0.0016945284
-0.0030104143
-0.0018900117
-0.0038546701
-0.0042679959
-0.0027980057
-0.0019223086
-0.0018728552
-0.0016841196
-0.0020426531
-0.0018817903
-0.0023181894
-0.0045211383
-0.0040948141
-0.0033623894
-0.0048756810
-0.0042714814
-0.0026025459
-0.0027345437
-0.0033536902
-0.0021169307
-0.0020253695
-0.0014621945
-0.0018349122
-0.0023680190
-0.0022699774
0.0001884197
0.0011864755
0.0012328718
0.0032106250
0.0036448332
0.0018111865
0.0017311683
0.0018696888
-0.0005816638
-0.0008330747
0.0000723772
-0.0016249068
-0.0021523781
-0.0006774869
-0.0009264404
-0.0024836505
-0.0017368027
-0.0019192091
-0.0028813235
-0.0022471333
-0.0015036725
-0.0007116041
-0.0002474869
0.0003220519
0.0010844478
0.0004868568
-0.0003691909
-0.0002177238
-0.0003160224
-0.0017090531
-0.0022418837
-0.0026878438
-0.0034451258
-0.0025936552
-0.0027603266
-0.0023779719
-0.0020717611
-0.0026473786
-0.0025981687
-0.0031605871
-0.0050694384
-0.0066053097
-0.0074327658
-0.0087654703
-0.0103788259
-0.0109327314
-0.0112134947
-0.0106185890
-0.0102471220
-0.0103565953
-0.0090888928
-0.0084078010
-0.0091965387
-0.0103573253
-0.0106699720
-0.0099324437
-0.0097103373
-0.0091632311
-0.0082022591
-0.0067970896
-0.0063967816
-0.0072936143
-0.0080430210
-0.0075556489
-0.0089299610
-0.0092086264
-0.0091258144
-0.0094676237
-0.0092834803
-0.0094790018
-0.0105457515
-0.0103828534
-0.0097741397
-0.0100072925
-0.0091612659
-0.0079196070
-0.0078427879
-0.0085161258
-0.0084101746
-0.0079780037
-0.0077846873
-0.0067679372
-0.0057741987
-0.0042685258
-0.0031335731
-0.0030813055
-0.0026066694
-0.0026197657
-0.0028766671
-0.0037684896
-0.0042406291
-0.0035280149
-0.0031366072
-0.0023260760
-0.0017586647
-0.0012588057
-0.0012277861
-0.0026050956
-0.0021413608
-0.0025244296
-0.0019362911
-0.0009564208
-0.0015652207
-0.0002208209
0.0014217344
0.0010600274
0.0020279907
0.0021085566
0.0025972115
0.0017585529
0.0011538341
0.0014564493
0.0003843458
-0.0005238670
-0.0003497535
0.0001268381
-0.0002171069
-0.0004596592
-0.0003602260
-0.0011310870
-0.0005454252
0.0003341153
-0.0005006778
0.0002318834
0.0008209043
0.0009366037
0.0012149796
0.0008477816
0.0009608368
0.0010715035
-0.0000125652
-0.0008792708
-0.0001520711
0.0001320631
-0.0002930519
0.0006566785
0.0017244016
0.0020382744
0.0025354311
0.0021472653
0.0008837945
0.0002193985
-0.0008247108
-0.0002658729
-0.0010570106
-0.0021981603
-0.0015447242
-0.0013330812
-0.0015815712
-0.0005448719
0.0004135106
0.0009662181
0.0015074841
0.0023188514
0.0026377635
0.0021119384
0.0022926858
0.0026142895
0.0025379568
0.0024633219
0.0021430489
0.0012861097
0.0024256428
0.0027657104
0.0017106957
0.0027693285
0.0026224196
0.0022584599
0.0024792227
0.0025904929
0.0037205493
0.0065917876
0.0098104896
0.0109941193
0.0107489657
0.0111816982
0.0111961595
0.0107594097
0.0082278433
0.0064778069
0.0070588996
0.0057842089
0.0049466830
0.0058977608
0.0055834397
0.0051033652
0.0053473008
0.0063918505
0.0061996112
0.0056030618
0.0061144205
0.0081891658
0.0076381597
0.0045713839
0.0054638849
0.0067996981
0.0048061338
0.0039000526
0.0047741316
0.0036896429
0.0026225549
0.0034442024
0.0036204975
0.0034687254
0.0047039514
0.0046925355
0.0028643895
0.0040389754
0.0056033630
0.0047750341
0.0053323750
0.0061008576
0.0075607177
0.0068651136
0.0072076018
0.0073325318
0.0073053651
0.0073292138
0.0073966354
0.0073846498
0.0073400203
0.0064961325
0.0054530529
0.0051014055
0.0053622369
0.0039580521
0.0023551590
0.0024985411
0.0019046232
0.0016099590
0.0020331642
0.0017603911
0.0014171285
0.0006172148
0.0006894593
0.0002508284
-0.0010625245
-0.0024715919
-0.0021141288
-0.0025222612
-0.0036681837
-0.0031829616
-0.0029472561
-0.0033618984
-0.0031934189
-0.0019243300
-0.0011458031
-0.0009883613
-0.0030891865
-0.0075018413
-0.0083928190
-0.0103722307
-0.0114669791
-0.0091319093
-0.0079355844
-0.0094506509
-0.0080405044
-0.0072296434
-0.0064238819
-0.0072984892
-0.0060369582
-0.0044220355
-0.0064289559
-0.0078072088
-0.0068225871
-0.0069942906
-0.0086548025
-0.0075187273
-0.0049278082
-0.0048197197
-0.0052645756
-0.0041106450
-0.0038614741
-0.0043154458
-0.0031026999
-0.0028866149
-0.0026376441
-0.0025240667
-0.0038947193
-0.0046634168
-0.0048168387
-0.0055337005
-0.0066075353
-0.0072175659
-0.0077274187
-0.0083373779
-0.0077706854
-0.0063918965
-0.0048387421
-0.0037515572
-0.0026151803
-0.0011304933
-0.0001568449
-0.0012368610
-0.0031954235
-0.0020182419
-0.0018824697
-0.0015162471
0.0006455735
0.0009679250
0.0027981833
0.0047902448
0.0054165295
0.0067889937
0.0075215450
0.0078010373
0.0076150869
0.0055988301
0.0040316140
0.0033833392
0.0020705687
0.0006664773
0.0012146034
0.0005958102
-0.0009958477
-0.0004615762
0.0000548937
-0.0004591198
-0.0005188247
0.0006838733
0.0015896580
0.0019784607
0.0045979865
0.0062774003
0.0067078867
0.0083055762
0.0100774297
0.0112942751
0.0114595213
0.0110133177
0.0112558323
0.0115974885
0.0104942001
0.0085518069
0.0085066516
0.0085017818
0.0071415329
0.0073044310
0.0087121170
0.0101348412
0.0096517416
0.0086296981
0.0093018568
0.0097120065
0.0094835909
0.0102506646
0.0105206828
0.0090029926
0.0089250146
0.0082537594
0.0058967296
0.0048073487
0.0055371512
0.0052303748
0.0042435806
0.0055360333
0.0074791207
0.0077586946
0.0067734298
0.0059302158
0.0038268215
0.0022049647
0.0010730717
0.0010190058
0.0002202497
-0.0009497991
0.0007981189
0.0009000930
0.0005094200
0.0018055592
0.0017953454
0.0019596334
0.0025162357
0.0020517271
0.0026735284
0.0042483560
0.0045402540
0.0040689685
0.0039669862
0.0049360950
0.0061825721
0.0065030186
0.0069238165
0.0078103890
0.0085687083
0.0091585655
0.0092218524
0.0082519013
0.0073381724
0.0064875823
0.0045173277
0.0032153927
0.0032611243
0.0014896675
0.0012395282
0.0020612686
0.0023667296
0.0037329831
0.0025073420
0.0024496181
0.0043188189
0.0047799952
0.0040245110
0.0052120901
0.0064413090
0.0065167295
0.0058644787
0.0048722262
0.0033009877
0.0021112682
0.0020936905
0.0017280182
0.0015502315
0.0016509898
0.0014201300
0.0004839932
0.0004442130
0.0002249252
-0.0009965481
-0.0015717770
-0.0012366936
-0.0017909033
-0.0023836656
-0.0018355911
-0.0018809669
-0.0009174762
0.0002773065
-0.0004670110
0.0012388385
0.0023583560
0.0021035214
0.0033520628
0.0023299866
0.0009462698
0.0009201194
0.0002495101
-0.0019888654
-0.0026046321
-0.0013839777
-0.0026080553
-0.0028508669
-0.0023956425
-0.0025969732
-0.0022964422
-0.0003904454
-0.0010418478
-0.0008816583
-0.0004667056
-0.0005978077
0.0004477039
0.0004584761
0.0009412315
0.0020807947
0.0015359422
0.0011429057
0.0016331553
0.0017325388
0.0007399882
0.0005248517
0.0004052004
-0.0008420476
-0.0014968782
-0.0017561364
-0.0024587043
-0.0028531880
-0.0022740866
-0.0023833389
-0.0021433690
-0.0015751772
-0.0028018918
-0.0033399766
-0.0026889739
-0.0036315720
-0.0033688845
-0.0034690292
-0.0049954462
-0.0051967304
-0.0042703869
-0.0042341943
-0.0036372861
-0.0026021630
-0.0011335536
-0.0011400966
-0.0016745041
-0.0006354582
-0.0017312035
-0.0027395023
-0.0016950547
-0.0015929224
-0.0031018092
-0.0029942506
-0.0022488776
-0.0025901932
-0.0028345164
-0.0025079479
-0.0006846870
-0.0019153071
-0.0030483543
-0.0026913098
-0.0014493166
-0.0005090000
-0.0015173446
-0.0018647205
-0.0012450228
-0.0011647713
-0.0005272151
-0.0003025341
-0.0009518619
-0.0016370603
-0.0023395195
-0.0019653256
-0.0032404088
-0.0040678322
-0.0036906776
-0.0041439143
-0.0048389978
-0.0050183771
-0.0045498593
-0.0055513624
-0.0059143660
-0.0051938565
-0.0053323290
-0.0050321401
-0.0044060627
-0.0056228524
-0.0062124544
-0.0051919372
-0.0052268475
-0.0062601620
-0.0067531084
-0.0071448254
-0.0082962297
-0.0078837778
-0.0083702771
-0.0082765413
-0.0082364395
-0.0087766545
-0.0096784540
-0.0096506798
-0.0119860202
-0.0127816184
-0.0113332385
-0.0126000987
-0.0124310700
-0.0107794453
-0.0107761834
-0.0114485821
-0.0103099239
-0.0105131688
-0.0108243964
-0.0105427755
-0.0104650681
-0.0103403525
-0.0094269655
-0.0095771021
-0.0088255004
-0.0079692289
-0.0086462115
-0.0087948115
-0.0083380772
-0.0080902233
-0.0070831975
-0.0065504965
-0.0069286505
-0.0052229017
-0.0051659343
-0.0050813250
-0.0039153389
-0.0052063474
-0.0055287950
-0.0047013935
-0.0067405919
-0.0068535210
-0.0054857326
-0.0050765502
-0.0056544448
-0.0059093737
-0.0045853067
-0.0045962602
-0.0053270100
-0.0059747943
-0.0057597068
-0.0052125597
-0.0055320977
-0.0057118001
-0.0047575181
-0.0045109030
-0.0044081607
-0.0040228852
-0.0044120075
-0.0043084550
-0.0032618236
-0.0030949562
-0.0029995109
-0.0025884255
-0.0029632151
-0.0020540512
-0.0016374774
-0.0023873430
-0.0030877470
-0.0029598905
-0.0015153191
-0.0007830726
-0.0006091879
0.0000929594
0.0000481457
-0.0009204088
-0.0017392953
-0.0020318385
-0.0032151242
-0.0051483132
-0.0056931479
-0.0057240971
-0.0061858237
-0.0060305927
-0.0055441241
-0.0045920974
-0.0040408784
-0.0029279260
-0.0010814371
0.0001784288
0.0007450438
0.0010840062
0.0021091687
0.0030344779
0.0030843208
0.0026442790
0.0026427390
0.0028373183
0.0029687235
0.0028589751
0.0028731286
0.0028360222
0.0028066998
0.0028563196
0.0028569439
0.0029037087
0.0029907192
0.0039823163
0.0048195156
0.0041333554
0.0038480449
0.0043502597
0.0043399331
0.0032473424
0.0032877683
0.0027985498
0.0009651685
0.0033716359
0.0040884865
0.0024026797
0.0046158766
0.0050293499
0.0036185139
0.0042703104
0.0065968616
0.0061345479
0.0050935143
0.0077409204
0.0089225746
0.0083337792
0.0092071001
0.0101936921
0.0099166909
0.0104657266
0.0100265930
0.0094117589
0.0093929127
0.0092059975
0.0086879212
0.0082876897
0.0080258542
0.0085126904
0.0083044175
0.0073450228
0.0071210890
0.0070688791
0.0074285800
0.0064332897
0.0068577885
0.0069988950
0.0068021432
0.0075558531
0.0070595326
0.0069406668
0.0072096538
0.0072439312
0.0087848576
0.0100557556
0.0106388951
0.0115682289
0.0127855132
0.0129695444
0.0120988982
0.0108994749
0.0100353167
0.0093149910
0.0074168037
0.0043531172
0.0028276297
0.0027580264
0.0017356685
0.0000720904
0.0014976271
0.0028644982
0.0010423445
0.0025581496
0.0028492447
0.0003581896
-0.0006671134
0.0000373229
-0.0000554468
-0.0017937287
-0.0015727786
-0.0007875723
0.0004357566
0.0022415800
0.0014586973
0.0004972897
0.0013255770
0.0000175449
-0.0015830669
-0.0012434056
-0.0009665039
-0.0010674663
0.0002860223
0.0006767018
0.0001959639
-0.0000967743
-0.0013051039
-0.0025000919
-0.0030691224
-0.0023206626
-0.0022839416
-0.0028852132
-0.0012410330
-0.0015280184
-0.0039714364
-0.0031954061
-0.0037926998
-0.0056317548
-0.0056358232
-0.0069881345
-0.0074372170
-0.0080732709
-0.0089003492
-0.0080075338
-0.0081541533
-0.0069181197
-0.0047112378
-0.0039267323
-0.0028626172
0.0004924466
0.0023691736
0.0022734460
0.0040665122
0.0060979735
0.0055761300
0.0030992854
0.0009251459
0.0003406481
-0.0002543688
-0.0013146046
-0.0010525129
0.0007824187
0.0006948405
-0.0008199196
-0.0019675093
-0.0018246779
-0.0015451050
-0.0030940297
-0.0047336893
-0.0044326474
-0.0034436348
-0.0040451203
-0.0027927980
-0.0021224243
-0.0017223669
0.0006192623
0.0002505447
0.0007536803
0.0019520919
0.0010374696
0.0011141132
0.0016459668
0.0031629955
0.0034169796
0.0021571376
0.0025041501
0.0013986835
-0.0000217367
0.0001177195
-0.0013341006
-0.0017800979
-0.0015377135
-0.0013204172
-0.0000712272
0.0002400615
0.0005965039
0.0015313430
0.0014685028
0.0010098134
0.0014068055
0.0032172503
0.0034712976
0.0021239475
0.0025654068
0.0047663527
0.0049644567
0.0035224692
0.0056442458
0.0066151463
0.0050272377
0.0052785674
0.0059175717
0.0048883174
0.0036655038
0.0025801137
0.0027053291
0.0035700191
0.0030528923
0.0043226182
0.0049426069
0.0043993884
0.0041028580
0.0038068558
0.0027649534
0.0014783965
0.0015692773
0.0000857196
-0.0003933310
-0.0009842041
-0.0018059093
-0.0009266717
-0.0011099677
-0.0016277608
-0.0014735313
-0.0013363773
-0.0031397190
-0.0044306459
-0.0048363710
-0.0057771441
-0.0070820132
-0.0072014711
-0.0046587512
-0.0038713760
-0.0029925503
-0.0016623434
-0.0009604167
0.0001401752
-0.0002434221
-0.0005033814
0.0000041706
-0.0007173922
-0.0018485052
-0.0013878643
-0.0026132706
-0.0035358453
-0.0041908771
-0.0044450103
-0.0053094451
-0.0061577892
-0.0051386043
-0.0053234368
-0.0060040743
-0.0077597462
-0.0074007038
-0.0063053428
-0.0069336582
-0.0073110057
-0.0070647341
-0.0068274518
-0.0048656841
-0.0031081792
-0.0025049178
-0.0024169420
-0.0037433030
-0.0044805643
-0.0043959550
-0.0049843371
-0.0059046418
-0.0055907751
-0.0052735495
-0.0056917288
-0.0056268850
-0.0036152816
-0.0038500637
-0.0050532752
-0.0046187051
-0.0060803422
-0.0059192613
-0.0029238918
-0.0025469307
-0.0020421218
0.0009300780
0.0021667241
0.0025585682
0.0023277937
0.0020959554
0.0009830285
-0.0008407296
-0.0000478186
0.0008817068
0.0000236805
-0.0002990608
0.0015956763
0.0020526934
0.0023011380
0.0031057035
0.0039699208
0.0044825939
0.0035398765
0.0038582321
0.0042992596
0.0041443390
0.0040661717
0.0049497575
0.0043296376
0.0034235181
0.0042943735
0.0044326107
0.0056574718
0.0061107911
0.0065637021
0.0072998572
0.0072228900
0.0075917639
0.0065735642
0.0064570567
0.0056083604
0.0032854100
0.0039104701
0.0034140531
0.0038110386
0.0051846121
0.0053976935
0.0073065953
0.0070313347
0.0059279085
0.0049967004
0.0050011358
0.0044941870
0.0036748814
0.0045298171
0.0043960587
0.0055514135
0.0060398729
0.0048701287
0.0067942770
0.0060501995
0.0041269440
0.0057278132
0.0048037449
0.0029773641
0.0044110815
0.0058143056
0.0061549613
0.0048026117
0.0044163699
0.0038827608
0.0026908463
0.0015205809
0.0008656533
-0.0016202473
-0.0036774843
-0.0041056364
-0.0043308540
-0.0038726026
-0.0031135538
-0.0018485323
-0.0019829671
-0.0019771631
-0.0008281784
0.0016422594
0.0014802903
0.0013052683
0.0042271744
0.0057274049
0.0070048469
0.0095643661
0.0110489326
0.0117723619
0.0134386216
0.0151252997
0.0152767022
0.0142735712
0.0129861598
0.0095217069
0.0061332463
0.0030114077
0.0004209684
-0.0019599708
-0.0033388169
-0.0011269242
0.0009055361
0.0014530435
0.0034866533
0.0052177460
0.0047761208
0.0028891218
0.0019822580
0.0026157168
0.0013919567
0.0001929384
0.0013390240
0.0011862443
0.0000833225
-0.0011649841
-0.0025393259
-0.0030124807
-0.0036248696
-0.0029448881
-0.0023882526
-0.0004160155
0.0007119394
0.0016720958
0.0025463457
0.0011723148
-0.0002012093
-0.0013253304
-0.0023456200
-0.0039778498
-0.0057037859
-0.0046764780
-0.0065114463
-0.0061718473
-0.0065041824
-0.0090714555
-0.0094115803
-0.0099359046
-0.0088548621
-0.0073680700
-0.0057703346
-0.0032284707
-0.0000635493
0.0024163733
0.0046070492
0.0052161483
0.0039040694
0.0038386713
0.0030288960
0.0042529072
0.0036214041
0.0011280697
0.0025589592
0.0023809474
-0.0010353400
-0.0024498131
-0.0038182978
-0.0048918452
-0.0059282148
-0.0059499604
-0.0056882781
-0.0057205034
-0.0047111152
-0.0037085489
-0.0028241244
-0.0032582193
-0.0011063843
-0.0007195994
-0.0007486946
-0.0008896873
-0.0012231909
-0.0030355489
-0.0036097089
-0.0045575943
-0.0049686853
-0.0043552974
-0.0045551906
-0.0049978438
-0.0049297627
-0.0048378875
-0.0049501709
-0.0047167604
-0.0035276509
-0.0030419551
-0.0036347925
-0.0025763598
-0.0011207165
-0.0000696459
-0.0006069189
0.0009521426
0.0008743301
0.0001818185
0.0006754088
0.0009223144
0.0007363522
0.0007059915
0.0007875008
0.0008308654
0.0007184447
0.0007273640
0.0007863405
0.0003139340
-0.0015170777
-0.0006298482
0.0001087734
-0.0006321509
-0.0008215781
-0.0005665619
-0.0005685236
-0.0006456378
-0.0006250300
-0.0006051996
-0.0006164323
-0.0003938660
0.0007524603
0.0012625254
0.0004738415
0.0004480130
0.0009120123
0.0008989052
0.0003231194
-0.0019240891
-0.0029119501
-0.0015787065
-0.0026712038
-0.0040990999
-0.0032804784
-0.0030031403
-0.0035356626
-0.0035802988
-0.0031918053
-0.0020752088
-0.0016088737
-0.0023761220
-0.0028448414
-0.0042367946
-0.0035047369
-0.0030593557
-0.0048490054
-0.0055693408
-0.0045597776
-0.0047471047
-0.0064214879
-0.0069023414
-0.0055172177
-0.0037035673
-0.0050125405
-0.0052865510
-0.0026131736
-0.0032691661
-0.0043729476
-0.0036181315
-0.0032938152
-0.0035727190
-0.0035400985
-0.0034708760
-0.0032861874
-0.0021458126
-0.0016153060
-0.0028565738
-0.0049436263
-0.0050321146
-0.0059311704
-0.0069419021
-0.0081376246
-0.0074703561
-0.0066501587
-0.0050643236
-0.0037878897
-0.0028269544
-0.0013940690
0.0003577879
0.0023822343
0.0020449313
0.0008266868
-0.0004853217
-0.0006058842
-0.0017248835
-0.0026611972
-0.0042541058
-0.0054679941
-0.0043591151
-0.0042331749
-0.0050458843
-0.0046126704
-0.0025527908
-0.0029796438
-0.0015835135
0.0002063356
-0.0011303964
-0.0019837751
-0.0028732108
-0.0019741167
-0.0015044601
-0.0021748256
-0.0023269683
-0.0017263715
0.0001242238
-0.0007227285
-0.0015088072
-0.0008553665
-0.0006272362
-0.0009124120
-0.0009152905
-0.0003650929
0.0014327067
0.0005774725
-0.0002346481
0.0005111943
0.0005232070
-0.0009041098
-0.0017154007
-0.0019538729
-0.0024261410
-0.0021478248
-0.0021181645
-0.0025082924
-0.0020669761
-0.0001806640
-0.0010042861
-0.0013210594
0.0012157846
0.0006174604
-0.0003901643
0.0002991729
0.0005281809
-0.0001570150
-0.0019857501
-0.0011274311
-0.0004475728
-0.0015960433
-0.0034166937
-0.0013912441
-0.0000598499
-0.0023745115
-0.0015791614
-0.0004683204
-0.0012362107
-0.0002905972
0.0007420025
-0.0009557036
-0.0021254146
-0.0010116653
-0.0007931904
-0.0031224267
-0.0019655890
0.0000982201
-0.0009523810
0.0001715618
0.0006408497
-0.0003192969
0.0000388997
0.0002548185
-0.0017889799
-0.0016310399
-0.0003977187
-0.0009902730
-0.0011741142
0.0009673380
0.0017964132
0.0014243714
0.0013266520
0.0014592007
0.0017179759
0.0017322147
0.0016702382
0.0015911832
0.0007615898
0.0018112875
0.0022705267
0.0015726321
0.0035510708
0.0038198118
0.0043530856
0.0036238803
0.0021552974
0.0029707827
0.0016632362
0.0011235245
0.0000875497
-0.0018961107
-0.0009112083
-0.0002102998
-0.0011189467
-0.0012463362
0.0000788079
0.0008931952
0.0002871906
0.0019037452
0.0021272180
0.0010407437
0.0015380668
0.0020062384
0.0017821362
0.0016700805
0.0017762899
0.0019751356
0.0038161968
0.0035834442
0.0024329965
0.0030373033
0.0033414738
0.0020024202
0.0011296940
0.0019686425
0.0021916902
0.0005413630
-0.0003718266
0.0005556911
0.0008052475
0.0002392091
0.0002527749
0.0005907659
0.0023334807
0.0020810010
0.0009957094
0.0015827244
0.0019617774
0.0017276267
0.0016701065
0.0017575366
0.0017552232
0.0017299651
0.0017383356
0.0017456270
0.0017426909
0.0017360580
0.0016714837
0.0016807731
0.0018137903
0.0027308597
0.0026895865
0.0030564859
0.0032442439
0.0028629071
0.0030378796
0.0031427072
0.0030808599
0.0031503478
0.0030859987
0.0030420583
0.0031044120
0.0031021660
0.0030794959
0.0030857996
0.0030926934
0.0030905111
0.0030901819
0.0032745295
0.0050598061
0.0039763807
0.0038724255
0.0049421756
0.0045468451
0.0052742897
0.0054262639
0.0048034039
0.0040443020
0.0033336367
0.0028697105
0.0022252596
0.0015126285
0.0007878979
0.0002347440
0.0014977470
0.0015169414
0.0004629108
-0.0002125603
0.0002086814
0.0006553069
0.0003605516
0.0003005136
0.0014159647
0.0022703475
0.0015439662
0.0012657352
0.0016899624
0.0007392618
-0.0002358502
0.0002974322
-0.0012555633
-0.0014464856
0.0006559542
0.0010307729
-0.0000831214
-0.0001598327
0.0004250891
0.0004241846
0.0002656182
0.0004887043
0.0024042060
0.0021455221
0.0009784477
0.0015949979
0.0019991936
0.0017513401
0.0016896280
0.0017832643
0.0015559257
0.0003873518
-0.0001130400
0.0006826477
0.0007062999
0.0002432794
0.0002610008
0.0003880232
0.0003532278
0.0003243446
0.0003431784
0.0005740723
0.0017098984
0.0022204684
0.0014357593
0.0014102388
0.0016470781
0.0009274603
0.0020746958
0.0021816918
0.0014736104
0.0016504073
0.0021055449
0.0025977297
0.0012642253
0.0015567159
0.0014114471
-0.0006737539
0.0005655384
0.0006960386
-0.0013562832
-0.0012656030
0.0011165476
0.0010558334
-0.0003085090
0.0000535558
0.0005870033
0.0004100414
0.0002965847
0.0003833100
-0.0003224613
-0.0021376983
-0.0007721058
-0.0007928229
-0.0027501888
-0.0030152928
-0.0019331472
-0.0021779266
-0.0026518476
-0.0025211586
-0.0024111340
-0.0024763759
-0.0024927014
-0.0024837837
-0.0036756446
-0.0047740045
-0.0033778308
-0.0021844993
-0.0017632073
-0.0018636465
-0.0005848731
-0.0013329133
-0.0008643200
-0.0003783065
-0.0016189737
-0.0010842263
-0.0007010993
-0.0010466283
-0.0011180631
-0.0009882980
-0.0003979122
0.0001224510
0.0000512109
0.0012120695
0.0020055355
0.0019319966
0.0021943323
0.0035822217
0.0035029319
0.0028701230
0.0015528548
0.0013627420
0.0017788029
0.0011601587
0.0004953767
0.0003009180
0.0007918122
-0.0002320816
-0.0014917609
-0.0009274420
-0.0003813551
-0.0008829232
-0.0010743463
-0.0009634917
-0.0009602370
-0.0009078898
-0.0008974197
-0.0009501983
-0.0009361065
-0.0009141802
-0.0009205206
-0.0009242107
-0.0009196876
-0.0008995188
-0.0000737376
0.0001421844
0.0002884632
0.0006112639
0.0002548572
0.0003480798
0.0005467790
0.0005116251
0.0013090258
0.0024063142
0.0018906182
0.0013415482
0.0001774397
-0.0000313517
0.0010941108
0.0006959396
0.0002070388
-0.0012629379
-0.0015637414
-0.0002534946
-0.0014466683
-0.0030275571
-0.0023486097
-0.0017051823
-0.0014157722
-0.0006035677
-0.0008536228
0.0002614458
0.0018582029
0.0017648591
0.0015184656
0.0023240408
0.0020230571
0.0012209765
0.0019771233
0.0020667566
0.0017204767
0.0017597004
0.0026776422
0.0037411642
0.0029960392
0.0016960731
0.0011707850
0.0019655583
0.0014219100
-0.0002565377
0.0002999644
0.0009485653
0.0003908625
0.0002118097
0.0012774462
0.0023865533
0.0015761027
0.0011302800
0.0017301892
0.0018322174
0.0016273708
0.0016322451
0.0016872360
0.0015515649
-0.0002488267
-0.0000562223
0.0010572576
0.0004898920
0.0000924894
0.0003418699
0.0013712545
0.0020819984
0.0015689894
0.0030632485
0.0032972424
0.0022686798
0.0025918584
0.0020108372
0.0010521515
0.0014493957
-0.0001298415
-0.0021045653
-0.0009080593
-0.0002513284
-0.0011872290
-0.0013789282
-0.0010582530
-0.0002911252
-0.0013059666
-0.0017172919
-0.0009017939
-0.0009987829
-0.0012926303
-0.0012052707
-0.0011391691
-0.0011582175
-0.0002392878
0.0004865697
-0.0002404226
-0.0013916647
-0.0016784837
-0.0009889075
-0.0008738099
-0.0014691327
-0.0031646361
-0.0028758728
-0.0018553122
-0.0024319557
-0.0027833795
-0.0025225557
-0.0024674076
-0.0025484034
-0.0025126140
-0.0017846793
-0.0009036157
-0.0013356841
-0.0017795834
-0.0013429163
-0.0011850661
-0.0013624378
-0.0028959855
-0.0031962183
-0.0019353922
-0.0022760851
-0.0027693944
-0.0026261276
-0.0025131592
-0.0025366087
-0.0025306909
-0.0018375681
-0.0009709817
-0.0013838480
-0.0018142166
-0.0014377205
-0.0012622263
-0.0000259581
0.0002691331
-0.0007751854
0.0002215513
0.0014518990
0.0008351140
0.0003555357
0.0008296311
0.0009583365
0.0007870215
0.0007287167
0.0007132569
0.0007230603
0.0007173309
0.0000086001
-0.0008717268
-0.0004845771
-0.0000466376
-0.0004303414
-0.0006361075
-0.0004983345
0.0002272993
0.0009322071
0.0005519168
0.0014650832
0.0020998257
0.0011816701
0.0012995547
0.0016648140
0.0015487767
0.0014064972
0.0014665947
0.0014636672
0.0009666080
0.0009616877
0.0018639625
0.0013278751
0.0010235320
0.0013129773
0.0008869415
-0.0000831111
0.0000312744
0.0005657722
0.0002604706
-0.0000097211
-0.0003174537
-0.0010787735
-0.0009877508
0.0003151594
0.0008093684
-0.0003620627
-0.0002392541
0.0002100764
0.0001289959
0.0000143970
0.0000551565
0.0000714378
0.0000536566
0.0004720882
0.0012693482
0.0011517081
0.0006264047
0.0008284249
0.0010879067
0.0010066950
0.0008955443
0.0005073963
-0.0002564729
-0.0001787908
0.0002789378
0.0000558380
0.0006461881
0.0014620878
0.0013561244
0.0019971716
0.0015131298
0.0015067332
0.0017679699
0.0009344863
0.0001201176
0.0002586997
-0.0004145448
0.0000383179
0.0000483395
-0.0002769476
-0.0002582259
-0.0001746420
-0.0002080228
-0.0002335526
-0.0002251084
-0.0002274399
-0.0002375993
-0.0002425326
-0.0002515644
-0.0006278288
-0.0013258735
-0.0012305359
-0.0007768317
-0.0006258003
-0.0005277245
-0.0004752145
-0.0001032933
-0.0003628819
-0.0003998267
-0.0005943610
-0.0012689128
-0.0012243154
-0.0008004098
-0.0006421314
-0.0005135649
-0.0011748717
-0.0014428777
-0.0008876393
-0.0015827336
-0.0024163636
-0.0015863298
-0.0018499978
-0.0028712618
-0.0027266724
-0.0022065839
-0.0024071728
-0.0025690005
-0.0024489407
-0.0023854155
-0.0023920591
-0.0023643340
-0.0023234109
-0.0022917792
-0.0019479740
-0.0013209042
-0.0010643183
-0.0008174699
-0.0007005046
-0.0005894963
-0.0004975706
-0.0006969518
-0.0004160386
-0.0014840989
-0.0018349989
-0.0006871852
-0.0008389185
-0.0018031166
-0.0013544338
-0.0010889659
-0.0018812926
-0.0024150906
-0.0016415013
-0.0016225832
-0.0019337684
-0.0012976885
-0.0006780178
-0.0013326693
-0.0010540065
-0.0004618086
-0.0010679028
-0.0013795137
-0.0008618938
-0.0008441328
-0.0010324288
-0.0009802889
-0.0009060761
-0.0009084682
-0.0008992559
-0.0008832667
-0.0006120066
-0.0003348468
-0.0004034467
-0.0004160306
-0.0004930240
-0.0000375549
-0.0001990770
-0.0002967713
0.0000697289
0.0000582444
-0.0004458124
-0.0001617317
-0.0000315377
-0.0001887258
-0.0001821812
-0.0001129688
-0.0003205041
-0.0007384359
-0.0006579419
-0.0003895135
-0.0005016005
-0.0009868641
-0.0012712711
-0.0007610656
-0.0007535772
-0.0009491523
-0.0008841662
-0.0007954492
-0.0007886938
-0.0007671477
-0.0005457285
-0.0001823112
-0.0002124585
-0.0003935157
-0.0002716640
-0.0001722627
-0.0005215132
-0.0008066732
-0.0003853729
-0.0003608417
-0.0005224540
-0.0004707679
-0.0003938187
-0.0003854079
-0.0003686402
-0.0003336089
-0.0003079008
-0.0004155014
-0.0006344322
-0.0003145460
0.0001007138
-0.0002468656
-0.0002856208
-0.0000874280
-0.0000652880
0.0001522081
0.0004012516
0.0002662299
0.0004931659
0.0005925065
0.0004441958
0.0004892811
0.0005614180
0.0005426009
0.0005303963
0.0005435268
0.0005485360
0.0005504686
0.0007439703
0.0009129383
0.0007808929
0.0009466220
0.0010151671
0.0008866419
0.0008978332
0.0009310484
0.0008223377
0.0006611369
0.0007539023
0.0009031578
0.0008334443
0.0008508796
0.0008128390
0.0008046895
0.0008959073
0.0009865696
0.0010249582
0.0009038480
0.0008048029
0.0008978761
0.0008912600
0.0008283979
0.0008143321
0.0008074557
0.0006839815
0.0005776246
0.0006843251
0.0006094410
0.0004472949
0.0004937107
0.0005445462
0.0004283938
0.0004532516
0.0005344840
0.0004691633
0.0005046602
0.0005911507
0.0005490209
0.0005005960
0.0005228588
0.0005242345
0.0004115169
0.0003846415
0.0004548031
0.0004302721
0.0003980123
0.0004005439
0.0004016157
0.0003942227
0.0004238988
0.0003914092
0.0003496248
0.0003811779
0.0003798317
0.0003600208
0.0003567601
0.0003560676
0.0003500139
0.0003451138
0.0003676097
0.0003924520
0.0003696508
0.0003484908
0.0003555757
0.0003536963
0.0003424556
0.0003353825
0.0003301628
0.0003234045
0.0003153615
0.0003090250
0.0003051598
0.0002989276
0.0002915323
0.0002860244
0.0002806242
0.0002752400
0.0002943071
0.0002804347
0.0002633879
0.0002749835
0.0002635750
0.0002531756
0.0002506683
0.0002642243
0.0002597101
0.0002371090
0.0002348436
0.0002337508
0.0002246248
0.0002097036
0.0002098798
0.0002043348
0.0001896587
0.0001886577
0.0001789250
0.0001704262
0.0001700921
0.0001646917
0.0001581629
0.0001540762
0.0001501480
0.0001496059
0.0001495225
0.0001422962
0.0001288820
0.0001255521
0.0001275319
0.0001157847
0.0001092253
0.0001113597
0.0001071656
0.0001019515
0.0000994178
0.0000968312
0.0000954287
0.0000942495
0.0000867294
0.0000822218
0.0000814284
0.0000766861
0.0000737229
0.0000699421
0.0000667773
0.0000659870
0.0000633970
0.0000605820
0.0000586324
0.0000565915
0.0000543162
0.0000528186
0.0000513722
0.0000486775
0.0000461427
0.0000452426
0.0000432390
0.0000405426
0.0000389345
0.0000367108
0.0000341615
0.0000315592
0.0000294469
0.0000272734
0.0000250538
0.0000233186
0.0000213228
0.0000193025
0.0000174412
0.0000155986
0.0000137453
0.0000119132
0.0000100197
0.0000082745
0.0000065159
0.0000047981
0.0000031492
0.0000014904
-0.0000000606
-0.0000017083
-0.0000033681
-0.0000049205
-0.0000064656
-0.0000080133
-0.0000095294
-0.0000110176
-0.0000124891
-0.0000139639
-0.0000153735
-0.0000167515
-0.0000181326
-0.0000194875
-0.0000208109
-0.0000221044
-0.0000233929
-0.0000246609
-0.0000258968
-0.0000271123
-0.0000283078
-0.0000294799
-0.0000306291
-0.0000317562
-0.0000328610
-0.0000339434
-0.0000350036
-0.0000360415
-0.0000370573
-0.0000380511
-0.0000390228
-0.0000399726
-0.0000409005
-0.0000418065
-0.0000426907
-0.0000435532
-0.0000443941
-0.0000452135
-0.0000460114
-0.0000467879
-0.0000475430
-0.0000482769
-0.0000489895
-0.0000496811
-0.0000503516
-0.0000510012
-0.0000516298
-0.0000522377
0.0000000000
