0.0059092278
0.0089991149
0.0118288288
0.0139568832
0.0149949054
0.0148702026
0.0139407050
0.0127441738
0.0116645254
0.0108328860
0.0102021547
0.0097445541
0.0094532986
0.0091274157
0.0084458897
0.0072961447
0.0057665878
0.0039172248
0.0018548022
-0.0002330244
-0.0020613213
-0.0033033999
-0.0036992509
-0.0030987566
-0.0016306075
0.0002045788
0.0017354529
0.0025937995
0.0028526043
0.0027777523
0.0025059932
0.0020338994
0.0014042374
0.0009875867
0.0012423291
0.0021445834
0.0033514143
0.0047002823
0.0062916730
0.0083642951
0.0109682978
0.0137863111
0.0162556270
0.0178245393
0.0181756836
0.0174335493
0.0160621389
0.0145219635
0.0131238631
0.0119813357
0.0110063898
0.0099572162
0.0087688461
0.0075902148
0.0065493515
0.0055725666
0.0043527393
0.0027214937
0.0007402905
-0.0015111921
-0.0039552833
-0.0063746696
-0.0082833934
-0.0092193623
-0.0091484181
-0.0085169192
-0.0079396799
-0.0076843202
-0.0076393411
-0.0075938982
-0.0073902768
-0.0070577468
-0.0067038200
-0.0063482301
-0.0059184763
-0.0054074690
-0.0050121964
-0.0049250537
-0.0049563648
-0.0046809846
-0.0038494347
-0.0027126685
-0.0018428442
-0.0015015966
-0.0014369835
-0.0012999299
-0.0009768702
-0.0006433913
-0.0005909052
-0.0009809336
-0.0017117118
-0.0025293713
-0.0032020050
-0.0034544457
-0.0028853611
-0.0012458558
0.0011709403
0.0036248168
0.0054477253
0.0062568272
0.0059725760
0.0047524107
0.0027668183
0.0002160758
-0.0024965117
-0.0047750709
-0.0061225775
-0.0063367054
-0.0054474801
-0.0036040159
-0.0010591018
0.0016753255
0.0038850475
0.0050038557
0.0048440236
0.0036284432
0.0017538684
-0.0004658831
-0.0027454743
-0.0047449080
-0.0061563251
-0.0068309908
-0.0069484813
-0.0067780745
-0.0063376969
-0.0054154542
-0.0038326072
-0.0018577100
-0.0001750905
0.0005967853
0.0002586951
-0.0010330354
-0.0029692931
-0.0052011935
-0.0073143592
-0.0088676210
-0.0095158098
-0.0092135893
-0.0084173393
-0.0078407397
-0.0079013427
-0.0082704615
-0.0081201455
-0.0070180715
-0.0054308861
-0.0043756511
-0.0043730626
-0.0050398699
-0.0056231961
-0.0056239371
-0.0050043194
-0.0040560071
-0.0032015657
-0.0026119223
-0.0021747089
-0.0017535613
-0.0011362268
0.0000566795
0.0021578804
0.0052142363
0.0087277049
0.0119102582
0.0140818578
0.0149709126
0.0147819022
0.0139421389
0.0128321118
0.0116534113
0.0103737023
0.0088990393
0.0073203454
0.0058759705
0.0047413770
0.0040760287
0.0040034864
0.0044336757
0.0050576164
0.0055738033
0.0059304327
0.0062200198
0.0064854809
0.0065653058
0.0060526781
0.0046548314
0.0023930107
-0.0003534390
-0.0031382271
-0.0056403711
-0.0076326992
-0.0089513852
-0.0094425522
-0.0091600653
-0.0084955704
-0.0078956230
-0.0076237119
-0.0076989686
-0.0079267054
-0.0080424795
-0.0078694554
-0.0074538275
-0.0069612000
-0.0065466596
-0.0061689266
-0.0056539480
-0.0048091171
-0.0036215428
-0.0023068910
-0.0011359858
-0.0002957224
0.0001879659
0.0004327675
0.0005586789
0.0005725894
0.0005194008
0.0006951792
0.0015182892
0.0031853715
0.0054537914
0.0076402739
0.0089891361
0.0093233879
0.0091961158
0.0093168846
0.0099573068
0.0108751092
0.0117366904
0.0121658045
0.0118467981
0.0106748673
0.0088096034
0.0066655733
0.0047412017
0.0032987975
0.0022106778
0.0012279409
0.0001829026
-0.0008923976
-0.0017285264
-0.0020647846
-0.0016840094
-0.0005796609
0.0008856555
0.0020498063
0.0024780014
0.0022645297
0.0018781239
0.0017726937
0.0020502333
0.0025411359
0.0029614189
0.0030157861
0.0024907174
0.0012785997
-0.0006255175
-0.0030536954
-0.0057074880
-0.0082076997
-0.0103186217
-0.0120169650
-0.0134082210
-0.0145253697
-0.0151199759
-0.0149064290
-0.0137903197
-0.0119524868
-0.0099063362
-0.0081025227
-0.0066174172
-0.0053192784
-0.0041364589
-0.0030862463
-0.0023112753
-0.0021056651
-0.0027565853
-0.0042470379
-0.0060961806
-0.0076308815
-0.0083444015
-0.0081002039
-0.0070279011
-0.0053656136
-0.0033255563
-0.0009813889
0.0017276901
0.0047966494
0.0079107244
0.0104892365
0.0119852270
0.0120585006
0.0107832106
0.0087795604
0.0068190930
0.0051837125
0.0035719810
0.0015169406
-0.0010337838
-0.0035818521
-0.0055190906
-0.0065899915
-0.0069530229
-0.0068535176
-0.0063860556
-0.0055156897
-0.0043242753
-0.0030605275
-0.0020826350
-0.0016799870
-0.0018654740
-0.0022680473
-0.0023236843
-0.0017941779
-0.0007848224
0.0005201690
0.0019815434
0.0034342413
0.0045553554
0.0049390565
0.0043320206
0.0026700679
0.0000925905
-0.0031028942
-0.0064225752
-0.0093971946
-0.0117762803
-0.0135821886
-0.0149635298
-0.0160049155
-0.0167682867
-0.0173622906
-0.0179104091
-0.0184497322
-0.0187545700
-0.0183981325
-0.0169815031
-0.0144132524
-0.0112768830
-0.0084944723
-0.0066076836
-0.0054774804
-0.0045319970
-0.0032274386
-0.0013994906
0.0004471829
0.0014919702
0.0013201433
0.0003193654
-0.0005848561
-0.0005527460
0.0007689976
0.0030953360
0.0057281332
0.0078043641
0.0087537873
0.0085916001
0.0079201275
0.0073739333
0.0070806841
0.0067237296
0.0060087277
0.0050870831
0.0043323447
0.0040798437
0.0045461576
0.0056732179
0.0071421186
0.0085544249
0.0096660406
0.0103541925
0.0104260695
0.0096036732
0.0077222204
0.0048549336
0.0014009746
-0.0019709095
-0.0047133181
-0.0066463141
-0.0077075774
-0.0077475565
-0.0067911023
-0.0052193184
-0.0037103150
-0.0027327641
-0.0022169354
-0.0015092582
0.0002004100
0.0033190216
0.0073728992
0.0113332108
0.0142522273
0.0154967174
0.0149721386
0.0130664265
0.0105033677
0.0081414410
0.0065423738
0.0056188571
0.0047762793
0.0034628637
0.0016385303
-0.0000956684
-0.0007571510
0.0003257366
0.0029157697
0.0059411577
0.0082572364
0.0091585568
0.0085904967
0.0069875702
0.0049327889
0.0030144018
0.0015340309
0.0003840340
-0.0008534014
-0.0026284917
-0.0051486082
-0.0082380731
-0.0112832476
-0.0134262222
-0.0139378532
-0.0125842682
-0.0098366553
-0.0066377106
-0.0039502262
-0.0022494672
-0.0014265138
-0.0009574883
-0.0003602857
0.0002669358
0.0004066472
-0.0001603890
-0.0008517148
-0.0007694864
0.0002460160
0.0014099427
0.0017954008
0.0010818040
-0.0004321177
-0.0022350081
-0.0039323471
-0.0054188977
-0.0067599666
-0.0076916604
-0.0076311214
-0.0064706940
-0.0050448278
-0.0043797769
-0.0047092840
-0.0052508129
-0.0049146357
-0.0032043056
-0.0004884236
0.0025489094
0.0054471709
0.0083320933
0.0116425529
0.0155016002
0.0195268805
0.0229312164
0.0250580715
0.0259472861
0.0261941490
0.0261315950
0.0253634956
0.0231227482
0.0190539014
0.0135591340
0.0075283645
0.0018309011
-0.0031347319
-0.0071932812
-0.0100778890
-0.0114992946
-0.0113435308
-0.0097640959
-0.0072037717
-0.0043832450
-0.0023413775
-0.0019894715
-0.0034807418
-0.0061622421
-0.0091033590
-0.0119825670
-0.0149691002
-0.0180329050
-0.0208764197
-0.0233076594
-0.0252988894
-0.0265201171
-0.0264323976
-0.0249492058
-0.0225830786
-0.0197446706
-0.0164892754
-0.0128024793
-0.0088279565
-0.0048410417
-0.0012121934
0.0015874648
0.0031315464
0.0032318939
0.0020836819
0.0002678381
-0.0015820511
-0.0030759509
-0.0040953231
-0.0047014987
-0.0049563451
-0.0049271092
-0.0046829575
-0.0043514094
-0.0041777722
-0.0042752071
-0.0042385308
-0.0032432101
-0.0007522144
0.0028208258
0.0062568272
0.0083599400
0.0087900403
0.0082410209
0.0076770760
0.0075734662
0.0079307779
0.0087450772
0.0102073999
0.0122500804
0.0140263509
0.0144851188
0.0132326968
0.0106875327
0.0077004131
0.0050794103
0.0034524600
0.0031424148
0.0039730660
0.0054067760
0.0067208617
0.0074023984
0.0072469171
0.0061700939
0.0042306699
0.0017180077
-0.0008817951
-0.0029923334
-0.0041256049
-0.0040440721
-0.0028864613
-0.0011851116
0.0005113212
0.0020306606
0.0036432413
0.0055386377
0.0074556879
0.0089237090
0.0097334719
0.0099895619
0.0097656684
0.0087538033
0.0064978851
0.0027974369
-0.0020122734
-0.0070592873
-0.0111824364
-0.0133645319
-0.0132853946
-0.0113473368
-0.0081751567
-0.0042934445
-0.0003234609
0.0029172745
0.0048868097
0.0055816818
0.0053004093
0.0042443230
0.0022645083
-0.0008793889
-0.0048964351
-0.0088420024
-0.0117330229
-0.0130265221
-0.0126584800
-0.0110277014
-0.0089487732
-0.0072972801
-0.0063756077
-0.0055611752
-0.0038094061
-0.0007714305
0.0027884427
0.0057853619
0.0076876465
0.0085501925
0.0084359962
0.0074087045
0.0058976179
0.0046782884
0.0044792603
0.0056203336
0.0078586130
0.0104436603
0.0124724867
0.0133843295
0.0130655576
0.0116891739
0.0095137043
0.0068911460
0.0042655514
0.0020516416
0.0003627975
-0.0009270333
-0.0020810881
-0.0034070273
-0.0051780637
-0.0074321269
-0.0098145069
-0.0118349909
-0.0131301638
-0.0135852857
-0.0132293119
-0.0120981332
-0.0102656095
-0.0081492343
-0.0063154899
-0.0050390821
-0.0041272067
-0.0030569065
-0.0013852271
0.0007307557
0.0025535363
0.0034435181
0.0033952617
0.0029779665
0.0029419469
0.0038861792
0.0059032682
0.0083706118
0.0102587864
0.0107318828
0.0097123417
0.0078958842
0.0063274569
0.0058728468
0.0066286753
0.0080142489
0.0093798170
0.0102352307
0.0101740627
0.0088045554
0.0061072682
0.0027910973
0.0000659492
-0.0011186285
-0.0007532640
0.0002389090
0.0007136687
0.0001601698
-0.0014178804
-0.0039880480
-0.0075318400
-0.0117985407
-0.0157746307
-0.0178554778
-0.0167373323
-0.0124221716
-0.0064183960
-0.0007965645
0.0031363556
0.0050534154
0.0051727897
0.0040241412
0.0026865952
0.0023921775
0.0033608088
0.0044183391
0.0039689754
0.0013288534
-0.0026518870
-0.0062202224
-0.0081820011
-0.0086157262
-0.0082421350
-0.0071888408
-0.0048204914
-0.0008699464
0.0036433633
0.0065977901
0.0062524828
0.0025259134
-0.0030516234
-0.0084984062
-0.0125002268
-0.0148000900
-0.0157356911
-0.0157323861
-0.0150131678
-0.0134921397
-0.0107088016
-0.0061561173
-0.0000511630
0.0061910430
0.0104464802
0.0111949472
0.0084844029
0.0037614274
-0.0013981510
-0.0063806291
-0.0113251777
-0.0161660472
-0.0201686460
-0.0221752173
-0.0212688490
-0.0174691839
-0.0117818614
-0.0057003877
-0.0004286273
0.0035487089
0.0062229889
0.0077646942
0.0082851205
0.0078655321
0.0066777483
0.0049393657
0.0028250881
0.0004381799
-0.0021877864
-0.0047513270
-0.0065199908
-0.0067713793
-0.0055064039
-0.0034800493
-0.0015616484
-0.0002232821
0.0003498842
0.0000219344
-0.0011882678
-0.0029084285
-0.0045369352
-0.0057562572
-0.0068216303
-0.0081201242
-0.0094851486
-0.0098026357
-0.0075662327
-0.0021596709
0.0052562623
0.0122910030
0.0172111217
0.0199045496
0.0211567103
0.0214728116
0.0204697418
0.0175661039
0.0129633125
0.0078986987
0.0038594146
0.0016221917
0.0008482308
0.0004324967
-0.0005113632
-0.0017801703
-0.0021455866
-0.0004301795
0.0030979970
0.0066839157
0.0084634965
0.0078791623
0.0057061021
0.0030941803
0.0006487997
-0.0018783717
-0.0050085172
-0.0086771394
-0.0119838037
-0.0137150151
-0.0133235666
-0.0114374763
-0.0093135050
-0.0079135709
-0.0074450694
-0.0075485619
-0.0078408143
-0.0082051090
-0.0083904894
-0.0077688520
-0.0057232185
-0.0023534847
0.0014327265
0.0046631987
0.0070453213
0.0089927182
0.0111435447
0.0136703345
0.0159604801
0.0171600337
0.0169945683
0.0162026254
0.0157525356
0.0154063061
0.0136559953
0.0093042619
0.0029471522
-0.0035494797
-0.0086322722
-0.0119005459
-0.0138205492
-0.0150349058
-0.0160876456
-0.0174080373
-0.0189343053
-0.0199678764
-0.0197603957
-0.0182781633
-0.0164048502
-0.0151529827
-0.0147437941
-0.0144221757
-0.0132224569
-0.0109091074
-0.0082002742
-0.0059825068
-0.0041806230
-0.0018433511
0.0014700030
0.0046296403
0.0057557401
0.0042674698
0.0015375687
-0.0004421028
-0.0006711352
0.0005589171
0.0025675908
0.0050196357
0.0081314836
0.0123230608
0.0175002664
0.0226650570
0.0262626571
0.0270949096
0.0251612708
0.0217161083
0.0182220966
0.0152009416
0.0119255569
0.0073495994
0.0015161501
-0.0040795362
-0.0076752423
-0.0086538182
-0.0076778703
-0.0057752286
-0.0036727927
-0.0017914897
-0.0002831323
0.0009372711
0.0017695700
0.0016181516
-0.0001399224
-0.0034433379
-0.0073515824
-0.0105333041
-0.0117503685
-0.0104544600
-0.0072587616
-0.0035657533
-0.0004572025
0.0019075309
0.0039339142
0.0058400267
0.0072342624
0.0074540567
0.0063903627
0.0050627326
0.0050212743
0.0068970575
0.0095285818
0.0107071438
0.0089701860
0.0047101603
-0.0004232224
-0.0046794617
-0.0069419674
-0.0068763164
-0.0048193128
-0.0015313976
0.0022899654
0.0063854426
0.0104093636
0.0133479059
0.0137642800
0.0110170936
0.0060552101
0.0008194277
-0.0030965620
-0.0052267940
-0.0059776613
-0.0058476813
-0.0046154739
-0.0012508926
0.0051729517
0.0140413830
0.0229706838
0.0293544899
0.0322451426
0.0325644421
0.0318155007
0.0306945620
0.0290512352
0.0268179292
0.0244544193
0.0224387061
0.0207155812
0.0189200194
0.0171723953
0.0162753553
0.0169625317
0.0187256038
0.0200457290
0.0199187768
0.0186831300
0.0171376774
0.0153668707
0.0127777456
0.0090649311
0.0045009194
-0.0006239935
-0.0064978531
-0.0134234237
-0.0210231322
-0.0280670622
-0.0332234200
-0.0360585764
-0.0374562130
-0.0388165785
-0.0407093480
-0.0424953308
-0.0428830479
-0.0409845960
-0.0365874836
-0.0300585374
-0.0220270336
-0.0132395359
-0.0047093645
0.0023313406
0.0069653738
0.0094105689
0.0109296780
0.0130553710
0.0164795258
0.0207027985
0.0244966479
0.0267374540
0.0271306029
0.0261177463
0.0243436773
0.0223081611
0.0204345176
0.0192238498
0.0189300355
0.0192430397
0.0194410108
0.0189118637
0.0175650378
0.0158790134
0.0145963139
0.0140647255
0.0138953847
0.0132815726
0.0116928679
0.0090940839
0.0056565493
0.0016266453
-0.0025913661
-0.0064130495
-0.0093334199
-0.0111216682
-0.0118570327
-0.0115219067
-0.0096093982
-0.0055719749
0.0003861028
0.0070161685
0.0126769770
0.0165077724
0.0190477499
0.0215754192
0.0246539469
0.0277396122
0.0301882402
0.0318560502
0.0325803965
0.0318288111
0.0294380994
0.0263313092
0.0239922878
0.0230334989
0.0225872737
0.0212851018
0.0186111091
0.0151052210
0.0117054534
0.0089817746
0.0067211602
0.0042654890
0.0013280192
-0.0016448870
-0.0040641090
-0.0060875558
-0.0088668321
-0.0136342361
-0.0203952794
-0.0275869135
-0.0332180788
-0.0362887119
-0.0370007074
-0.0361457521
-0.0345084809
-0.0327486071
-0.0313213593
-0.0303295263
-0.0298672562
-0.0303126178
-0.0319292865
-0.0344770040
-0.0373112062
-0.0398239660
-0.0417768214
-0.0431480665
-0.0438550832
-0.0436078473
-0.0421148685
-0.0392464815
-0.0351499958
-0.0303937487
-0.0257086004
-0.0217331074
-0.0187853326
-0.0167571459
-0.0153755542
-0.0144581889
-0.0139058646
-0.0136263469
-0.0136066238
-0.0139707426
-0.0145112438
-0.0145104975
-0.0132737793
-0.0109482656
-0.0086202252
-0.0074689769
-0.0079100261
-0.0095685822
-0.0118582268
-0.0143979591
-0.0169508738
-0.0192962492
-0.0212652775
-0.0224591115
-0.0221896258
-0.0198162224
-0.0151839851
-0.0087886437
-0.0013955753
0.0060991018
0.0126484586
0.0172722577
0.0197446172
0.0209052739
0.0217732357
0.0223056984
0.0215312930
0.0190657352
0.0162628552
0.0154827887
0.0181738286
0.0237581490
0.0301132928
0.0353508454
0.0391935652
0.0426404069
0.0463439409
0.0496588196
0.0512624124
0.0506613563
0.0487799834
0.0468550654
0.0450928195
0.0424261403
0.0374922582
0.0300396833
0.0211833417
0.0126429788
0.0057135115
0.0007844343
-0.0024322179
-0.0044149495
-0.0055025073
-0.0057431867
-0.0051564302
-0.0041600093
-0.0033862845
-0.0031916808
-0.0034360814
-0.0036872956
-0.0036798589
-0.0034286346
-0.0029801499
-0.0019364363
0.0002871107
0.0035666627
0.0065873849
0.0075897457
0.0058852990
0.0023885672
-0.0011373526
-0.0032075343
-0.0031665569
-0.0010415648
0.0023330314
0.0054253636
0.0066017081
0.0050998588
0.0013766002
-0.0033474990
-0.0076141223
-0.0103659356
-0.0116311456
-0.0125136598
-0.0140570015
-0.0163835654
-0.0188785531
-0.0209463564
-0.0223146750
-0.0228554161
-0.0226523757
-0.0222386988
-0.0220549070
-0.0218837645
-0.0209715219
-0.0188158019
-0.0157700731
-0.0127217162
-0.0103432275
-0.0085029852
-0.0066373907
-0.0048175830
-0.0042249961
-0.0063245624
-0.0114447471
-0.0183012445
-0.0248909696
-0.0296183465
-0.0317841838
-0.0314031245
-0.0289275240
-0.0250030549
-0.0203359505
-0.0154082891
-0.0101843986
-0.0043098748
0.0019144755
0.0069894892
0.0092939686
0.0084249940
0.0054666327
0.0022453605
0.0002459344
-0.0001960207
0.0002113717
0.0004659722
0.0000658825
-0.0005345421
-0.0003582854
0.0013317165
0.0045701850
0.0086147560
0.0121620678
0.0143419244
0.0153905170
0.0163761879
0.0184527119
0.0218274473
0.0256250921
0.0287388280
0.0305718155
0.0311439748
0.0306853561
0.0293511636
0.0273989425
0.0252987082
0.0236049279
0.0228997449
0.0237312458
0.0263454938
0.0303879864
0.0351839567
0.0402844024
0.0455215179
0.0506549010
0.0551003934
0.0579006347
0.0580966388
0.0552695849
0.0498344823
0.0428777387
0.0355371852
0.0283469158
0.0213936690
0.0148256979
0.0090698779
0.0046830502
0.0020746536
0.0013077503
0.0020186717
0.0037283749
0.0062859800
0.0095994301
0.0128336577
0.0144190787
0.0131794874
0.0094627496
0.0050606638
0.0019151951
0.0008343042
0.0012696695
0.0022402933
0.0034088333
0.0051474008
0.0077809044
0.0110783522
0.0142607242
0.0167055942
0.0182665161
0.0189074180
0.0183454401
0.0162456375
0.0125091768
0.0073626112
0.0015370277
-0.0037854218
-0.0075657529
-0.0096905397
-0.0111499894
-0.0132232618
-0.0161923534
-0.0189869017
-0.0203470327
-0.0202036944
-0.0197477036
-0.0203793198
-0.0227463691
-0.0265435714
-0.0308058157
-0.0343048701
-0.0360582565
-0.0357836909
-0.0339347651
-0.0313365940
-0.0288772676
-0.0273809519
-0.0273561756
-0.0287237373
-0.0308442436
-0.0329868664
-0.0348242410
-0.0363643897
-0.0374899713
-0.0375468163
-0.0355444614
-0.0309670860
-0.0243340716
-0.0171506520
-0.0114056742
-0.0087579504
-0.0095621536
-0.0124180351
-0.0148879640
-0.0153360922
-0.0140169638
-0.0121630539
-0.0105673449
-0.0092148900
-0.0079447013
-0.0067384046
-0.0055536005
-0.0041084709
-0.0020824420
0.0004703047
0.0031551623
0.0056820080
0.0080940418
0.0107881467
0.0142647168
0.0185551330
0.0230343571
0.0268646461
0.0293793622
0.0303767283
0.0301811080
0.0292651180
0.0278709195
0.0259610123
0.0235065260
0.0208020906
0.0185076539
0.0174729953
0.0181110454
0.0200142788
0.0222330751
0.0238255964
0.0245009337
0.0247138409
0.0249819406
0.0250322130
0.0238997389
0.0210813418
0.0172173104
0.0136449664
0.0113218568
0.0102546232
0.0098041656
0.0093595929
0.0085722982
0.0074214445
0.0060727102
0.0044309187
0.0020947838
-0.0012606422
-0.0055668736
-0.0103786970
-0.0151099492
-0.0191757203
-0.0220913572
-0.0234894310
-0.0231595183
-0.0212910240
-0.0185732515
-0.0157120981
-0.0129701302
-0.0103944647
-0.0080742335
-0.0060820760
-0.0041889179
-0.0018838921
0.0009548214
0.0037334570
0.0056616080
0.0067872696
0.0082424548
0.0112967552
0.0161262014
0.0214068887
0.0251913457
0.0262251141
0.0249184912
0.0231544063
0.0229593244
0.0250631515
0.0283643893
0.0310318255
0.0321075879
0.0321482493
0.0326163190
0.0345782843
0.0379227422
0.0415133380
0.0438381001
0.0435413701
0.0399835891
0.0337843691
0.0269158566
0.0216258622
0.0187675019
0.0174111237
0.0160711315
0.0138176547
0.0102760840
0.0054359714
-0.0000950916
-0.0052472377
-0.0092057534
-0.0116885982
-0.0128822349
-0.0133157840
-0.0138678791
-0.0152004245
-0.0171422617
-0.0186829595
-0.0188843527
-0.0179315873
-0.0171031248
-0.0175068656
-0.0187747035
-0.0191970584
-0.0171896556
-0.0129047618
-0.0080463228
-0.0042632800
-0.0019068491
0.0000687290
0.0030826546
0.0077979461
0.0137651542
0.0197260776
0.0243447061
0.0269330157
0.0277262539
0.0272458813
0.0255564133
0.0222901012
0.0175456559
0.0123923846
0.0080133161
0.0046697660
0.0018654153
-0.0009177997
-0.0039796764
-0.0075420800
-0.0116856024
-0.0160557636
-0.0198795173
-0.0224933922
-0.0237562673
-0.0239527618
-0.0235348419
-0.0228670633
-0.0222034532
-0.0216906549
-0.0212717541
-0.0205683462
-0.0190399300
-0.0165756035
-0.0140208924
-0.0128356779
-0.0139656733
-0.0170388012
-0.0209479342
-0.0246849067
-0.0273561116
-0.0279294809
-0.0255422448
-0.0204550402
-0.0142616038
-0.0087746137
-0.0050523274
-0.0033377345
-0.0032386780
-0.0036281500
-0.0029771823
-0.0002821347
0.0040590066
0.0085552138
0.0118008115
0.0134446233
0.0143786838
0.0158575473
0.0184339218
0.0217526598
0.0251682645
0.0283952745
0.0314896499
0.0344851651
0.0372383057
0.0393792814
0.0401362239
0.0387407142
0.0351827200
0.0305239099
0.0262457913
0.0232658680
0.0215384199
0.0203132050
0.0189478875
0.0174804261
0.0165095901
0.0165440467
0.0173751425
0.0180589767
0.0176343509
0.0159203891
0.0134601831
0.0110186501
0.0091413711
0.0079784703
0.0072965551
0.0068036771
0.0064614988
0.0064574156
0.0069084489
0.0076361534
0.0081312277
0.0075773469
0.0049625274
-0.0003149898
-0.0077665226
-0.0159859388
-0.0234987861
-0.0294636274
-0.0335952201
-0.0356443771
-0.0353785269
-0.0329683375
-0.0293087165
-0.0258239640
-0.0235493676
-0.0225806905
-0.0222315665
-0.0215409146
-0.0197483540
-0.0168188683
-0.0136575039
-0.0115086977
-0.0110249455
-0.0117119993
-0.0121778408
-0.0110737573
-0.0080097073
-0.0036431123
0.0009252406
0.0046502562
0.0066920128
0.0065838508
0.0045475361
0.0014468546
-0.0016316576
-0.0039569481
-0.0057046842
-0.0077978662
-0.0110828032
-0.0155754869
-0.0205594655
-0.0250402301
-0.0280054944
-0.0287473462
-0.0270512951
-0.0234683593
-0.0192123038
-0.0153838272
-0.0121965830
-0.0091420001
-0.0058840250
-0.0028496709
-0.0008142113
-0.0000585317
-0.0000976589
-0.0003208402
-0.0003989977
-0.0001369313
0.0006098707
0.0020116268
0.0043794203
0.0083196145
0.0141121300
0.0210161492
0.0276607682
0.0325159395
0.0342983455
0.0326546456
0.0285513048
0.0237033297
0.0192880668
0.0152107018
0.0107646603
0.0059453635
0.0014577604
-0.0022894313
-0.0054587702
-0.0078818009
-0.0086604281
-0.0071931159
-0.0042673499
-0.0014328582
0.0005706939
0.0022443269
0.0044351634
0.0074041202
0.0108047940
0.0141559684
0.0169828305
0.0187857110
0.0193278327
0.0189449983
0.0184877763
0.0187701405
0.0199114686
0.0211792692
0.0215163248
0.0201449038
0.0168001314
0.0117973893
0.0060129335
0.0004031149
-0.0045609872
-0.0089928462
-0.0129595278
-0.0160287910
-0.0175747127
-0.0172699176
-0.0153589869
-0.0125172206
-0.0093989323
-0.0065229226
-0.0043045651
-0.0032028109
-0.0035424487
-0.0054217442
-0.0087878175
-0.0131566406
-0.0173862887
-0.0201134802
-0.0206145940
-0.0191054797
-0.0162115754
-0.0125452432
-0.0090602562
-0.0072075404
-0.0081263289
-0.0114918052
-0.0157041556
-0.0191347124
-0.0210842043
-0.0218527727
-0.0220961121
-0.0220891610
-0.0218446650
-0.0216964865
-0.0223395633
-0.0242782289
-0.0270716578
-0.0294579131
-0.0303042169
-0.0293524163
-0.0272998424
-0.0250087959
-0.0226406591
-0.0198462227
-0.0164906720
-0.0128663072
-0.0090589716
-0.0045294581
0.0011226557
0.0069775008
0.0109240116
0.0114814906
0.0096709820
0.0084136293
0.0098917251
0.0139551508
0.0190013848
0.0236994704
0.0275664015
0.0305249014
0.0325947623
0.0338009311
0.0340602088
0.0334636836
0.0327121089
0.0328400366
0.0342511595
0.0362939998
0.0380056535
0.0390036806
0.0395263831
0.0395194107
0.0381799090
0.0347426303
0.0296076481
0.0243213850
0.0204298960
0.0184056006
0.0174949785
0.0166894107
0.0154391103
0.0137435975
0.0118056196
0.0097385146
0.0075294413
0.0050818032
0.0023705409
-0.0003378909
-0.0024904685
-0.0035183605
-0.0031078004
-0.0012933541
0.0018043523
0.0057840400
0.0098410317
0.0132861142
0.0158366516
0.0172546349
0.0170580817
0.0149021273
0.0112275115
0.0072719067
0.0041592033
0.0022221172
0.0010742752
0.0000734786
-0.0011834916
-0.0026579819
-0.0039434927
-0.0045836041
-0.0046479902
-0.0049012182
-0.0064135879
-0.0098851419
-0.0151295602
-0.0211209264
-0.0264587358
-0.0298003739
-0.0300185637
-0.0265107673
-0.0197720109
-0.0116578943
-0.0044577521
0.0005801519
0.0038929506
0.0069211836
0.0107391110
0.0152896471
0.0196445523
0.0226912886
0.0240553055
0.0244371590
0.0247297259
0.0251873425
0.0253150676
0.0244531400
0.0225168732
0.0197926401
0.0163308623
0.0121268915
0.0074697765
0.0030141294
-0.0004224044
-0.0023672903
-0.0030221903
-0.0032468434
-0.0042280195
-0.0069866960
-0.0119246187
-0.0186059704
-0.0258320878
-0.0321223002
-0.0365550313
-0.0391388632
-0.0405988725
-0.0417308508
-0.0428958678
-0.0439619606
-0.0442932966
-0.0431781095
-0.0406067510
-0.0376023819
-0.0353447952
-0.0339685980
-0.0326526893
-0.0305722846
-0.0276906992
-0.0246509458
-0.0219726354
-0.0195438530
-0.0168654039
-0.0134541543
-0.0090886947
-0.0039588852
0.0014281300
0.0064683166
0.0108869217
0.0150108810
0.0192276931
0.0233448240
0.0265550055
0.0280244872
0.0277100437
0.0265270361
0.0255373726
0.0250710087
0.0245031725
0.0228034166
0.0195565343
0.0155528747
0.0123505345
0.0111775003
0.0121109052
0.0143071906
0.0168760010
0.0193661433
0.0216741569
0.0235220699
0.0241900244
0.0230436749
0.0204759359
0.0180152502
0.0172521402
0.0183898115
0.0200835332
0.0208396336
0.0203354174
0.0195374457
0.0196015614
0.0206880382
0.0214937819
0.0200705320
0.0153794561
0.0080367278
-0.0003434022
-0.0084206816
-0.0156229874
-0.0217872764
-0.0267205082
-0.0299403220
-0.0308818666
-0.0292406934
-0.0253267255
-0.0201878307
-0.0151752110
-0.0112285189
-0.0086584878
-0.0074099092
-0.0071789953
-0.0074339233
-0.0075614672
-0.0071955733
-0.0062086018
-0.0043644628
-0.0013631368
0.0026094169
0.0067379355
0.0100595680
0.0121343063
0.0132239281
0.0138108157
0.0142711721
0.0148231286
0.0152959159
0.0149900866
0.0131154888
0.0091330022
0.0030014251
-0.0043381816
-0.0108817884
-0.0142722968
-0.0131443377
-0.0080156029
-0.0006470278
0.0073400044
0.0151779349
0.0227018591
0.0299803597
0.0368336321
0.0424800534
0.0458769799
0.0466142794
0.0456928522
0.0451027504
0.0462391317
0.0489228047
0.0517565378
0.0532855457
0.0530345198
0.0518220716
0.0510450062
0.0514754156
0.0526978106
0.0537730346
0.0538601357
0.0522467667
0.0482932088
0.0414925808
0.0315247355
0.0183640490
0.0024126074
-0.0154231773
-0.0337153226
-0.0507347419
-0.0650576362
-0.0761759782
-0.0845317657
-0.0910030460
-0.0960762846
-0.0995074491
-0.1008768659
-0.1000869326
-0.0972495906
-0.0928840884
-0.0881053623
-0.0837222693
-0.0794808088
-0.0748058685
-0.0698696249
-0.0653606777
-0.0614683145
-0.0578303782
-0.0543948959
-0.0516278372
-0.0497944393
-0.0487844877
-0.0483838441
-0.0479540850
-0.0462668718
-0.0425395476
-0.0373776941
-0.0322394442
-0.0280715079
-0.0248451056
-0.0223693025
-0.0209880359
-0.0211874942
-0.0230709460
-0.0264058782
-0.0306994181
-0.0351160296
-0.0384501729
-0.0395969914
-0.0382817010
-0.0352551195
-0.0318334806
-0.0295124819
-0.0293286474
-0.0310430303
-0.0330735997
-0.0337170976
-0.0327061653
-0.0312653726
-0.0307110600
-0.0310229768
-0.0309360623
-0.0289414047
-0.0243177549
-0.0173969231
-0.0090239606
-0.0001357143
0.0082440167
0.0151452320
0.0200460275
0.0232298015
0.0255855288
0.0279362507
0.0303959129
0.0322299932
0.0322666033
0.0297421963
0.0250057842
0.0191849901
0.0130765492
0.0067136602
0.0001320595
-0.0058963172
-0.0107340364
-0.0152433460
-0.0212618979
-0.0296730272
-0.0395337445
-0.0489238761
-0.0562279100
-0.0604943175
-0.0611763073
-0.0583566095
-0.0531395528
-0.0473399903
-0.0424921378
-0.0387577133
-0.0349127973
-0.0294173316
-0.0216945515
-0.0125690921
-0.0035770135
0.0038689109
0.0089421687
0.0116863753
0.0131311606
0.0147132981
0.0175357038
0.0220353332
0.0280201854
0.0350956456
0.0428715286
0.0509249357
0.0588114115
0.0663751335
0.0739195589
0.0816910122
0.0892658218
0.0959552279
0.1014274577
0.1055243006
0.1076308782
0.1068470751
0.1028043905
0.0960145569
0.0872770491
0.0771719370
0.0662180956
0.0549960746
0.0439533198
0.0331452422
0.0222574516
0.0108702957
-0.0011162575
-0.0131381383
-0.0244330705
-0.0349469447
-0.0455112672
-0.0570587286
-0.0699217043
-0.0837008938
-0.0976002338
-0.1106798428
-0.1221537853
-0.1316725376
-0.1390231444
-0.1435210041
-0.1441720234
-0.1405297694
-0.1331977128
-0.1236442054
-0.1132422352
-0.1024838116
-0.0910182914
-0.0783681644
-0.0646747966
-0.0509492003
-0.0386426428
-0.0289396563
-0.0220527534
-0.0169434271
-0.0120534419
-0.0065544422
-0.0007714011
0.0047207771
0.0100957464
0.0158656071
0.0217880386
0.0265938385
0.0289711705
0.0287670053
0.0272932218
0.0266685194
0.0284720130
0.0324625808
0.0368339680
0.0399343616
0.0415913398
0.0431651883
0.0463717396
0.0515584388
0.0569938559
0.0601813613
0.0598187244
0.0563781781
0.0517719005
0.0486703928
0.0490002255
0.0524982990
0.0569194415
0.0597152052
0.0593041136
0.0549354664
0.0465314960
0.0352207108
0.0229176395
0.0112510938
0.0009537148
-0.0080337640
-0.0162529937
-0.0246240639
-0.0341386850
-0.0451503841
-0.0569266910
-0.0681546823
-0.0776783387
-0.0848511186
-0.0895441295
-0.0919202194
-0.0924532738
-0.0920026829
-0.0915157910
-0.0914059818
-0.0913525698
-0.0906457930
-0.0885024346
-0.0843134266
-0.0777558981
-0.0688795829
-0.0583660978
-0.0476460435
-0.0383050648
-0.0313305918
-0.0265874845
-0.0227210064
-0.0180072277
-0.0115812197
-0.0039862778
0.0035451086
0.0102786160
0.0163291192
0.0220168522
0.0274031057
0.0323511351
0.0368375554
0.0411230409
0.0454661655
0.0497943593
0.0537052301
0.0567713590
0.0586804933
0.0592665333
0.0587710059
0.0579022872
0.0575095860
0.0582162029
0.0600252829
0.0617643729
0.0613837721
0.0574390629
0.0503636880
0.0420046542
0.0341554389
0.0277508117
0.0226321196
0.0177828598
0.0120893965
0.0052995442
-0.0017199768
-0.0077162928
-0.0120493587
-0.0150668677
-0.0176372453
-0.0203653751
-0.0236052104
-0.0278716711
-0.0335053524
-0.0403061830
-0.0474959567
-0.0541510768
-0.0595970803
-0.0634675350
-0.0656074285
-0.0656314693
-0.0630673177
-0.0581849659
-0.0522032801
-0.0465469226
-0.0418058622
-0.0376980118
-0.0337200294
-0.0293906469
-0.0242272902
-0.0177912981
-0.0098313621
-0.0004499890
0.0096440681
0.0191763280
0.0269668166
0.0326695445
0.0368070860
0.0405280989
0.0451479107
0.0513437299
0.0586762822
0.0660784354
0.0727683746
0.0785963649
0.0836407120
0.0876307307
0.0900396568
0.0906965931
0.0902960027
0.0900864590
0.0910783666
0.0936348955
0.0973039622
0.1011674871
0.1044353238
0.1064571458
0.1066049085
0.1045491842
0.1008162576
0.0966257038
0.0927614326
0.0887949748
0.0837965771
0.0775052559
0.0708708609
0.0655658503
0.0629990335
0.0636163105
0.0666692729
0.0703471883
0.0724789794
0.0716330221
0.0679047331
0.0627159283
0.0577316032
0.0538437710
0.0509028459
0.0480003701
0.0441221808
0.0388886634
0.0326903496
0.0263056160
0.0202431510
0.0142079092
0.0074809706
-0.0004492748
-0.0095779960
-0.0193803492
-0.0290277488
-0.0378364514
-0.0456529478
-0.0526686206
-0.0591144529
-0.0649801301
-0.0698751153
-0.0733003096
-0.0749435031
-0.0746911018
-0.0727208795
-0.0695451013
-0.0658582839
-0.0624145926
-0.0598350358
-0.0585428587
-0.0586296932
-0.0599230964
-0.0620684271
-0.0644609885
-0.0666991772
-0.0688352328
-0.0706990042
-0.0716309432
-0.0712227834
-0.0697553380
-0.0676199754
-0.0649661641
-0.0620661883
-0.0590899857
-0.0552826980
-0.0492116136
-0.0401572636
-0.0289157594
-0.0169929318
-0.0055156098
0.0050897590
0.0147862252
0.0235326777
0.0308982687
0.0359555796
0.0378391593
0.0366386835
0.0339123288
0.0320402951
0.0324140195
0.0340492492
0.0343610114
0.0314693352
0.0253224664
0.0169990033
0.0079722336
-0.0004393660
-0.0075496654
-0.0135236059
-0.0192570431
-0.0257162657
-0.0330999592
-0.0406844064
-0.0473683328
-0.0522212174
-0.0545674989
-0.0540324189
-0.0507361385
-0.0454999665
-0.0393839563
-0.0328774623
-0.0259530591
-0.0187971131
-0.0121340931
-0.0065532961
-0.0021156247
0.0011081988
0.0029387966
0.0038460775
0.0052305168
0.0085257253
0.0139010458
0.0200572963
0.0251906261
0.0281191736
0.0289028755
0.0289203757
0.0302179527
0.0342004500
0.0408925002
0.0490990325
0.0569820754
0.0624744013
0.0638330504
0.0605054583
0.0535818813
0.0450864336
0.0367331461
0.0292552991
0.0222995843
0.0146731484
0.0052136734
-0.0060398901
-0.0175204744
-0.0272189993
-0.0337722155
-0.0365840667
-0.0354969556
-0.0308302030
-0.0240951087
-0.0181368719
-0.0158757191
-0.0184518910
-0.0242827012
-0.0303097553
-0.0341749327
-0.0354306010
-0.0353686068
-0.0358449122
-0.0379933879
-0.0417198379
-0.0459106209
-0.0491314582
-0.0502718641
-0.0487464010
-0.0445040716
-0.0382098453
-0.0311872695
-0.0248117683
-0.0198547836
-0.0163205210
-0.0137808367
-0.0116793817
-0.0093925677
-0.0065220964
-0.0034666947
-0.0013238614
-0.0006449446
-0.0007388635
-0.0007074106
-0.0006982437
-0.0013732345
-0.0022764184
-0.0015467005
0.0020988585
0.0074935241
0.0117195846
0.0128363496
0.0113112756
0.0088343265
0.0065263182
0.0043753094
0.0018400446
-0.0013719941
-0.0051307221
-0.0092303592
-0.0135929883
-0.0180414338
-0.0221865554
-0.0256157903
-0.0280095936
-0.0292276123
-0.0291430059
-0.0272689092
-0.0228076917
-0.0155067495
-0.0065859936
0.0015342036
0.0064227617
0.0068210919
0.0031972272
-0.0023607870
-0.0070798952
-0.0090563010
-0.0083388204
-0.0065164407
-0.0052033097
-0.0047060952
-0.0040552108
-0.0024932729
-0.0008547138
-0.0010882577
-0.0041925122
-0.0087410473
-0.0118257104
-0.0115168214
-0.0085148829
-0.0060312812
-0.0076590428
-0.0144692924
-0.0239487053
-0.0322590819
-0.0370686238
-0.0381178988
-0.0360178350
-0.0319772827
-0.0279722478
-0.0254456287
-0.0240740797
-0.0223510240
-0.0192249052
-0.0148087201
-0.0099213203
-0.0055956852
-0.0030155836
-0.0031967043
-0.0061176041
-0.0101427724
-0.0129793894
-0.0135950299
-0.0130868851
-0.0135400933
-0.0159056608
-0.0189791671
-0.0202865417
-0.0182451033
-0.0137289918
-0.0096635405
-0.0091343508
-0.0133953584
-0.0212241790
-0.0298944686
-0.0370563796
-0.0416599759
-0.0435246055
-0.0427463194
-0.0397333201
-0.0357621981
-0.0330004380
-0.0331846083
-0.0361804912
-0.0401479671
-0.0431541061
-0.0444802974
-0.0444137136
-0.0429803783
-0.0392029256
-0.0321411703
-0.0229694791
-0.0155799859
-0.0141291771
-0.0197492442
-0.0289330837
-0.0353319539
-0.0343163094
-0.0264395619
-0.0165844629
-0.0094995570
-0.0067131484
-0.0074115083
-0.0103132059
-0.0140194478
-0.0167496032
-0.0168754200
-0.0138038646
-0.0083510060
-0.0023906509
0.0022305762
0.0052770205
0.0083466243
0.0129589947
0.0188184726
0.0241520656
0.0275288852
0.0288939042
0.0287882635
0.0276575059
0.0260111087
0.0242209362
0.0218081668
0.0178091607
0.0123894368
0.0074184860
0.0048443050
0.0051158366
0.0076164891
0.0115572163
0.0154383427
0.0165710886
0.0128886422
0.0058760771
0.0006434105
0.0021861808
0.0116164599
0.0257850884
0.0399186844
0.0501227954
0.0546645681
0.0543224538
0.0513475998
0.0470215436
0.0405675023
0.0312774250
0.0211653245
0.0144145211
0.0138304694
0.0181942392
0.0232373336
0.0251967402
0.0239443556
0.0227222964
0.0244747554
0.0284986124
0.0312530537
0.0304562707
0.0276386837
0.0261975445
0.0273311007
0.0284185530
0.0251607164
0.0153480966
0.0011530409
-0.0122604483
-0.0203946025
-0.0217413537
-0.0173200460
-0.0092814525
-0.0005190202
0.0052657123
0.0053354374
0.0005762121
-0.0045562760
-0.0058097545
-0.0027315658
0.0017398688
0.0045065575
0.0044405425
0.0018433453
-0.0029589252
-0.0096630128
-0.0172842301
-0.0242127378
-0.0288902688
-0.0304623262
-0.0290424185
-0.0255862537
-0.0213801134
-0.0173479621
-0.0136465390
-0.0102427841
-0.0074320043
-0.0054056193
-0.0035648887
-0.0005308116
0.0048398253
0.0122916533
0.0196548935
0.0239243874
0.0235302096
0.0195686933
0.0146524712
0.0103516658
0.0060982968
0.0005721737
-0.0067290601
-0.0155290952
-0.0253212297
-0.0353868212
-0.0445453727
-0.0512846355
-0.0541913224
-0.0522185787
-0.0450466784
-0.0342384568
-0.0236093256
-0.0171660946
-0.0162620290
-0.0186594464
-0.0202456031
-0.0180277077
-0.0120843857
-0.0053407573
-0.0011344272
-0.0003419701
-0.0008790531
-0.0000423037
0.0030248934
0.0073583468
0.0119614687
0.0165344038
0.0206362787
0.0233242801
0.0240230024
0.0230465161
0.0211930966
0.0191408265
0.0171456626
0.0151742409
0.0129811378
0.0104491081
0.0081085569
0.0069619303
0.0075897351
0.0095053140
0.0116225474
0.0129755301
0.0129395009
0.0115875311
0.0101215195
0.0101206453
0.0119279609
0.0141464693
0.0147320189
0.0128461365
0.0094918544
0.0063539977
0.0043361411
0.0033213964
0.0032979569
0.0052377855
0.0104161014
0.0186077135
0.0270130698
0.0317165232
0.0309595486
0.0268458932
0.0234215625
0.0230222781
0.0243238370
0.0236572365
0.0180070145
0.0074984868
-0.0042523503
-0.0124063293
-0.0137960501
-0.0080038277
0.0025914082
0.0127393710
0.0162193260
0.0110449297
0.0028781163
0.0004740291
0.0061034835
0.0126904739
0.0118802312
0.0025939152
-0.0094574884
-0.0183982551
-0.0228349361
-0.0255581671
-0.0303672399
-0.0385313944
-0.0471191938
-0.0511114141
-0.0476275305
-0.0383674215
-0.0281076490
-0.0209763940
-0.0177430193
-0.0159201705
-0.0123001448
-0.0060483763
0.0009290765
0.0070915957
0.0136918006
0.0226314533
0.0321159142
0.0361134597
0.0295396356
0.0139846767
-0.0020205640
-0.0088123006
-0.0022647392
0.0141964752
0.0330852949
0.0481327595
0.0566742365
0.0588691413
0.0567923080
0.0541065668
0.0540418540
0.0560270018
0.0556969879
0.0491281053
0.0362528960
0.0201018010
0.0038917683
-0.0106600697
-0.0230713191
-0.0331776679
-0.0406304666
-0.0450494929
-0.0465484205
-0.0457724319
-0.0424346905
-0.0339065132
-0.0173915712
0.0059149581
0.0299725718
0.0469935209
0.0509685075
0.0400581475
0.0184113309
-0.0050851710
-0.0228226812
-0.0330394949
-0.0373873530
-0.0363006151
-0.0296143112
-0.0200619605
-0.0128295105
-0.0108270703
-0.0118295431
-0.0104571146
-0.0021847693
0.0137005267
0.0332564907
0.0490672358
0.0537056033
0.0441861260
0.0243507189
0.0025059980
-0.0147515341
-0.0262175181
-0.0332488360
-0.0351641431
-0.0298169679
-0.0185733635
-0.0077368208
-0.0034803761
-0.0068388693
-0.0143154796
-0.0213772882
-0.0244071534
-0.0213608755
-0.0134692184
-0.0056776743
-0.0029757777
-0.0068116782
-0.0156882012
-0.0272676406
-0.0386700152
-0.0469925348
-0.0510106775
-0.0509965622
-0.0470174178
-0.0394310196
-0.0308523407
-0.0248840079
-0.0224170481
-0.0216039589
-0.0212940998
-0.0216129836
-0.0208428319
-0.0148376650
-0.0015518743
0.0145284988
0.0236210581
0.0174957994
-0.0024071324
-0.0239203095
-0.0344840723
-0.0321820502
-0.0233590938
-0.0122315354
0.0011144984
0.0140025607
0.0195851753
0.0137504419
0.0001465664
-0.0131952178
-0.0204292350
-0.0209064413
-0.0175944411
-0.0138702406
-0.0117365944
-0.0112776346
-0.0103367563
-0.0056715122
0.0038938941
0.0151150772
0.0219073469
0.0206334268
0.0139880562
0.0089125948
0.0101061089
0.0154951076
0.0186026015
0.0149481832
0.0058571857
-0.0025470474
-0.0032149726
0.0077789694
0.0288953541
0.0537703694
0.0747097054
0.0867973002
0.0895543641
0.0854119451
0.0770934181
0.0659191054
0.0520851126
0.0367141960
0.0235400818
0.0168561874
0.0169235175
0.0189339055
0.0184195826
0.0167015856
0.0181984557
0.0232521951
0.0271421382
0.0262929613
0.0225480196
0.0205437990
0.0224255663
0.0256657268
0.0256622566
0.0205158670
0.0130576524
0.0078218909
0.0070707586
0.0103261431
0.0162421993
0.0229672989
0.0279260160
0.0301924993
0.0329974316
0.0408928307
0.0539526207
0.0666620233
0.0725042995
0.0688507980
0.0582850203
0.0470039208
0.0412941140
0.0430475645
0.0479934564
0.0489359925
0.0413291783
0.0260534279
0.0079383740
-0.0075180073
-0.0157656754
-0.0136482447
-0.0014919745
0.0140451624
0.0217738327
0.0147287780
-0.0024606894
-0.0175530867
-0.0230174326
-0.0225699974
-0.0249952350
-0.0344794934
-0.0483703685
-0.0612335573
-0.0682030303
-0.0665085570
-0.0572720037
-0.0462337692
-0.0402056756
-0.0417803769
-0.0486926371
-0.0577770727
-0.0676133122
-0.0776084552
-0.0872111636
-0.0966872182
-0.1070990499
-0.1186790169
-0.1300035443
-0.1393372201
-0.1462736970
-0.1515453917
-0.1554708043
-0.1574173590
-0.1564986397
-0.1520196502
-0.1435321982
-0.1312789302
-0.1165916292
-0.1009850226
-0.0854077340
-0.0713421343
-0.0613979513
-0.0573693927
-0.0582966408
-0.0617963562
-0.0668024299
-0.0733216851
-0.0793884838
-0.0803901463
-0.0725582446
-0.0563724211
-0.0356515201
-0.0143148292
0.0053947450
0.0227307293
0.0371545042
0.0473987542
0.0516428693
0.0489397772
0.0407201797
0.0308123297
0.0239929222
0.0239919094
0.0313862054
0.0426383013
0.0524066190
0.0581310741
0.0621877780
0.0692304393
0.0817859492
0.0984324383
0.1157124626
0.1310659217
0.1440016592
0.1552094477
0.1649796951
0.1724458681
0.1756486188
0.1726851562
0.1639712095
0.1533545250
0.1458034897
0.1436671143
0.1459785981
0.1513282787
0.1597850800
0.1712409520
0.1833752423
0.1921639766
0.1942976334
0.1888975792
0.1775149489
0.1629738647
0.1476787751
0.1325134842
0.1170357701
0.1008589019
0.0846823003
0.0701140303
0.0588945146
0.0525276650
0.0518752011
0.0559306789
0.0611540789
0.0634726523
0.0621544621
0.0614677281
0.0673888430
0.0822231604
0.1024811997
0.1213487132
0.1320962092
0.1303756695
0.1162795792
0.0946926886
0.0721132508
0.0529257660
0.0392213800
0.0323631661
0.0318093972
0.0323613004
0.0263530098
0.0104314054
-0.0111883959
-0.0312450312
-0.0457842231
-0.0552273136
-0.0610975218
-0.0634869382
-0.0615182617
-0.0555102589
-0.0484706466
-0.0449188519
-0.0474569531
-0.0545314644
-0.0619646414
-0.0664192171
-0.0668331338
-0.0641192473
-0.0609691623
-0.0609908044
-0.0663188429
-0.0757570507
-0.0861316218
-0.0956118876
-0.1046018500
-0.1136014073
-0.1219011175
-0.1287196828
-0.1341534260
-0.1388228759
-0.1433828364
-0.1482784613
-0.1531870926
-0.1570889442
-0.1593172715
-0.1594009610
-0.1547183447
-0.1396884496
-0.1091667679
-0.0618125610
-0.0006971376
0.0640863578
0.1122251674
0.1239477265
0.1021814632
0.0757209629
0.0716675107
0.0899011160
0.1108134262
0.1211210457
0.1238968198
0.1276810263
0.1342305590
0.1378434951
0.1324072997
0.1169246283
0.0957800130
0.0753741577
0.0594017692
0.0462146538
0.0307313534
0.0089986245
-0.0193567082
-0.0519329629
-0.0855028842
-0.1175339095
-0.1468919868
-0.1731899587
-0.1951745079
-0.2105790336
-0.2173745176
-0.2141562017
-0.2000444395
-0.1762316737
-0.1476588921
-0.1202207701
-0.0953730792
-0.0698526737
-0.0415546284
-0.0131442205
0.0111364285
0.0297110446
0.0431597831
0.0512418578
0.0517090001
0.0419570205
0.0230820442
0.0023254978
-0.0109637082
-0.0125138943
-0.0045406666
0.0090415887
0.0255586468
0.0418367741
0.0534618908
0.0574309072
0.0539895613
0.0453384937
0.0338342097
0.0219624434
0.0123716967
0.0065659241
0.0038571816
0.0020068570
-0.0011628997
-0.0068234001
-0.0148351650
-0.0236077157
-0.0300068152
-0.0298238603
-0.0197667443
-0.0000696844
0.0249137630
0.0487670196
0.0657109477
0.0726208252
0.0698936123
0.0605375482
0.0486094807
0.0382598885
0.0324975225
0.0312821318
0.0317249881
0.0312311718
0.0295509204
0.0272025653
0.0232929151
0.0164342535
0.0073592797
-0.0007025092
-0.0048422144
-0.0049414739
-0.0027306431
0.0004912369
0.0042124634
0.0075231299
0.0089156919
0.0074794088
0.0037398046
-0.0015323342
-0.0085355495
-0.0177872895
-0.0289114097
-0.0409372181
-0.0532338714
-0.0654783761
-0.0769792911
-0.0866902095
-0.0937376684
-0.0973606259
-0.0964091238
-0.0895273915
-0.0763910123
-0.0584370474
-0.0379896619
-0.0176385833
-0.0011560617
0.0066551681
0.0030240885
-0.0097473740
-0.0249731132
-0.0355602505
-0.0383204967
-0.0350198613
-0.0292229480
-0.0222742908
-0.0133486415
-0.0029632355
0.0059314028
0.0111388165
0.0139250172
0.0174897972
0.0234136360
0.0305482972
0.0368162599
0.0413105321
0.0445802824
0.0475310103
0.0503634375
0.0523552112
0.0525205434
0.0506242077
0.0473979973
0.0436220372
0.0394021068
0.0348221834
0.0307388428
0.0281025903
0.0268528656
0.0259407296
0.0239607044
0.0194702115
0.0121811778
0.0046278306
0.0013920390
0.0054031140
0.0152769071
0.0269329144
0.0371833371
0.0445610072
0.0479202467
0.0468955295
0.0435943077
0.0416558234
0.0430933059
0.0470002694
0.0513614699
0.0548348790
0.0570577691
0.0582885384
0.0591952639
0.0605049786
0.0623972151
0.0643952095
0.0659463445
0.0666764158
0.0664114878
0.0654052410
0.0644558711
0.0644406791
0.0654752844
0.0668328140
0.0677147525
0.0678547326
0.0671361752
0.0650549710
0.0609702285
0.0546162201
0.0463752525
0.0370338580
0.0272310037
0.0170234918
0.0062407077
-0.0048903769
-0.0156171291
-0.0252989641
-0.0341158117
-0.0428686448
-0.0522120275
-0.0623806904
-0.0734453004
-0.0853303878
-0.0977410135
-0.1102010000
-0.1220444025
-0.1324589527
-0.1406317427
-0.1459384058
-0.1480439706
-0.1467449171
-0.1415133613
-0.1313140052
-0.1149004075
-0.0906951005
-0.0560194858
-0.0081145751
0.0516436796
0.1146313750
0.1666292852
0.1930954891
0.1867616302
0.1551059818
0.1187139853
0.0966461197
0.0923015132
0.0963495283
0.1012814008
0.1074567294
0.1160147044
0.1235293321
0.1262265341
0.1244718789
0.1201042444
0.1124233038
0.1000187549
0.0846671615
0.0698896144
0.0565517406
0.0431157741
0.0296949091
0.0187539303
0.0116186774
0.0063228407
-0.0004114249
-0.0101308960
-0.0216122693
-0.0308808751
-0.0323781716
-0.0227730325
-0.0049649784
0.0130421992
0.0240781736
0.0258922749
0.0203733816
0.0114689958
0.0037764265
0.0004489784
0.0009871394
0.0019330381
0.0002457245
-0.0047234152
-0.0121962259
-0.0211260224
-0.0298554970
-0.0357517663
-0.0365534321
-0.0321096881
-0.0248089591
-0.0189286336
-0.0187354333
-0.0253614487
-0.0351062214
-0.0423798605
-0.0448995287
-0.0449326474
-0.0453299861
-0.0462782472
-0.0464309833
-0.0451876233
-0.0426404069
-0.0387229635
-0.0337534999
-0.0286911730
-0.0241624175
-0.0198750823
-0.0155823260
-0.0121936992
-0.0117219781
-0.0166953276
-0.0289018681
-0.0477053724
-0.0694317740
-0.0891618762
-0.1036017333
-0.1119470730
-0.1143256683
-0.1109148131
-0.1026411160
-0.0914942023
-0.0796465354
-0.0685597503
-0.0589202079
-0.0507949983
-0.0433565814
-0.0348223220
-0.0233322226
-0.0081632110
0.0095686142
0.0271782047
0.0411971834
0.0485570121
0.0479800340
0.0408531821
0.0307785234
0.0216945089
0.0162641292
0.0155873847
0.0195834109
0.0271737643
0.0361845478
0.0439481226
0.0484327038
0.0486287879
0.0445524143
0.0371796644
0.0281271428
0.0192002888
0.0119191389
0.0073485386
0.0061206212
0.0084266678
0.0141587722
0.0228190298
0.0330360620
0.0427165377
0.0502193529
0.0552763013
0.0587869443
0.0618489153
0.0651652066
0.0691952044
0.0745765485
0.0817886678
0.0902502666
0.0974893585
0.0992072862
0.0910434515
0.0716246531
0.0443290912
0.0152473813
-0.0108694322
-0.0323388055
-0.0491894225
-0.0616368663
-0.0700748508
-0.0753280485
-0.0782272248
-0.0790614016
-0.0778354831
-0.0748374253
-0.0705852504
-0.0654752310
-0.0597785321
-0.0539602967
-0.0483680657
-0.0428435646
-0.0370715716
-0.0314006885
-0.0270237948
-0.0250130497
-0.0252143417
-0.0261593139
-0.0261259340
-0.0245361259
-0.0222048818
-0.0204071772
-0.0197907051
-0.0200674776
-0.0204523003
-0.0202966537
-0.0196622763
-0.0193342453
-0.0201189547
-0.0216756334
-0.0223908432
-0.0204902484
-0.0151550189
-0.0065344313
0.0049561052
0.0189015757
0.0347071289
0.0517387605
0.0694259104
0.0867230990
0.1015197295
0.1116187115
0.1161393859
0.1159262707
0.1129288526
0.1090528541
0.1054856008
0.1025191531
0.0996704038
0.0960227659
0.0903278260
0.0814063079
0.0689765455
0.0538582167
0.0374117190
0.0208281036
0.0049947682
-0.0091465311
-0.0206464227
-0.0289287713
-0.0337335424
-0.0349291301
-0.0328450260
-0.0286102873
-0.0237493483
-0.0188295494
-0.0128549638
-0.0044131888
0.0068467745
0.0194762244
0.0305532972
0.0369239049
0.0373596715
0.0339501277
0.0309593567
0.0315928172
0.0358511649
0.0415823898
0.0470519597
0.0517526785
0.0553761957
0.0570796777
0.0555820613
0.0497610701
0.0393254802
0.0253382822
0.0098314687
-0.0053672447
-0.0194264637
-0.0320799703
-0.0428368641
-0.0510158055
-0.0562611193
-0.0587862513
-0.0591592828
-0.0579904011
-0.0556908577
-0.0521156139
-0.0465031375
-0.0381243167
-0.0274554143
-0.0162731218
-0.0064042061
0.0010610858
0.0053258696
0.0054078955
0.0007553125
-0.0076554020
-0.0174266782
-0.0263105627
-0.0335584340
-0.0395222412
-0.0444479677
-0.0482979317
-0.0513894286
-0.0544229879
-0.0577179037
-0.0608129241
-0.0629008982
-0.0629585746
-0.0595604595
-0.0515207839
-0.0390463996
-0.0238614976
-0.0080962860
0.0062058672
0.0164754160
0.0196365032
0.0139855242
0.0014857569
-0.0126297430
-0.0232563903
-0.0286388217
-0.0303298888
-0.0306014640
-0.0303746920
-0.0296074562
-0.0285709799
-0.0281756188
-0.0295938633
-0.0336560363
-0.0404561205
-0.0493833530
-0.0592789535
-0.0688589537
-0.0771384612
-0.0833312206
-0.0866612114
-0.0862161643
-0.0814418093
-0.0728114454
-0.0615919831
-0.0488413806
-0.0351137801
-0.0213436418
-0.0095415564
-0.0020864698
-0.0001827447
-0.0030478590
-0.0085902515
-0.0146320979
-0.0196848245
-0.0231874343
-0.0254448984
-0.0271638282
-0.0286628145
-0.0294820978
-0.0288281733
-0.0262733022
-0.0219701193
-0.0163406438
-0.0100748506
-0.0041533765
0.0006932911
0.0043927024
0.0070373041
0.0083484794
0.0079667111
0.0062530052
0.0040887932
0.0018536028
-0.0006972037
-0.0036193535
-0.0063691418
-0.0082788678
-0.0092026564
-0.0095795258
-0.0102994904
-0.0122178306
-0.0154549633
-0.0193284830
-0.0229812116
-0.0259550741
-0.0280733363
-0.0288582269
-0.0276017377
-0.0242491401
-0.0198918149
-0.0160988184
-0.0137742694
-0.0126285916
-0.0115725682
-0.0093700834
-0.0052515884
0.0006292696
0.0073323977
0.0137704208
0.0190517531
0.0224009872
0.0233186297
0.0220414793
0.0195350949
0.0167512823
0.0137928944
0.0100288161
0.0050387910
-0.0009762785
-0.0075381301
-0.0141217729
-0.0202112744
-0.0254609700
-0.0297982683
-0.0332489959
-0.0355770683
-0.0363077953
-0.0351083056
-0.0322197905
-0.0284735055
-0.0248860868
-0.0222250313
-0.0208796500
-0.0209516176
-0.0220728123
-0.0233368068
-0.0236369484
-0.0223730392
-0.0200607505
-0.0180982468
-0.0175750965
-0.0185088106
-0.0198819854
-0.0201523132
-0.0183389528
-0.0148283792
-0.0108049966
-0.0072693107
-0.0046871228
-0.0032175185
-0.0029505584
-0.0036425595
-0.0046250022
-0.0050340191
-0.0040239466
-0.0012434869
0.0027685966
0.0066373161
0.0088855423
0.0087423906
0.0066650563
0.0042870809
0.0035662368
0.0054869687
0.0092747520
0.0132712207
0.0163575576
0.0184256328
0.0198116488
0.0205260217
0.0201908477
0.0186349686
0.0163961508
0.0145187599
0.0138146963
0.0143162951
0.0153732567
0.0161775345
0.0163257023
0.0160574480
0.0161768149
0.0176246759
0.0208965638
0.0257878283
0.0315258016
0.0371363537
0.0415948260
0.0439081222
0.0438010955
0.0421998267
0.0408275209
0.0410985897
0.0429904584
0.0450741360
0.0455556014
0.0432394960
0.0380444758
0.0312086609
0.0247471781
0.0204299973
0.0188661703
0.0194588894
0.0210562509
0.0225308446
0.0229386205
0.0217971432
0.0196211512
0.0178962085
0.0178962032
0.0194706486
0.0213704545
0.0222559857
0.0213957426
0.0188614847
0.0154107518
0.0121053401
0.0094254251
0.0068212679
0.0035066567
-0.0004758743
-0.0041649080
-0.0067037400
-0.0080653688
-0.0087614792
-0.0094373442
-0.0106941106
-0.0126987949
-0.0149102510
-0.0164177715
-0.0166333547
-0.0156397626
-0.0138024414
-0.0112702731
-0.0080566214
-0.0044793573
-0.0012868807
0.0009833542
0.0026679783
0.0045809122
0.0071279660
0.0098081848
0.0114906698
0.0112214453
0.0088522851
0.0050757519
0.0008752172
-0.0028824063
-0.0057937042
-0.0079980867
-0.0099159471
-0.0120629676
-0.0147551215
-0.0178120978
-0.0207447286
-0.0231769065
-0.0249570363
-0.0260964294
-0.0266738393
-0.0267053908
-0.0261692447
-0.0252486011
-0.0244009646
-0.0241520709
-0.0248258516
-0.0264102226
-0.0283868629
-0.0298122823
-0.0295879730
-0.0269783786
-0.0222212732
-0.0167633826
-0.0127034058
-0.0115662142
-0.0132798508
-0.0162161970
-0.0183034674
-0.0183159355
-0.0163897808
-0.0134031463
-0.0101477298
-0.0072767522
-0.0053322924
-0.0043306698
-0.0038523980
-0.0038218966
-0.0045436378
-0.0058400533
-0.0067474505
-0.0064720053
-0.0053475963
-0.0046807490
-0.0054996021
-0.0078156755
-0.0108767190
-0.0136897377
-0.0156061429
-0.0164851762
-0.0166817933
-0.0169026484
-0.0176423946
-0.0187096175
-0.0195784162
-0.0199201094
-0.0195975475
-0.0187245697
-0.0179180744
-0.0179829524
-0.0191356452
-0.0204214897
-0.0202264451
-0.0176368882
-0.0131368963
-0.0080630820
-0.0037102969
-0.0010845535
-0.0006363769
-0.0017219837
-0.0027272209
-0.0020468393
0.0005656976
0.0039476612
0.0067413950
0.0084204577
0.0092333763
0.0095182512
0.0095747657
0.0099828188
0.0115909320
0.0148878627
0.0194207067
0.0239235238
0.0270082296
0.0279175458
0.0268486065
0.0248893757
0.0235491810
0.0238793763
0.0258392094
0.0284080465
0.0303924854
0.0312793013
0.0312626807
0.0307914446
0.0305023425
0.0310925564
0.0329090298
0.0353355787
0.0370114964
0.0369033663
0.0350238272
0.0323451702
0.0301862146
0.0294191973
0.0300098802
0.0310151835
0.0310105673
0.0290564751
0.0254978360
0.0216091456
0.0184630639
0.0164073663
0.0153752717
0.0152208192
0.0156028059
0.0158644024
0.0154921705
0.0145138664
0.0133658272
0.0127434275
0.0132070729
0.0147054249
0.0164134964
0.0171375068
0.0160728640
0.0132894458
0.0096407418
0.0062131701
0.0035935265
0.0016399067
0.0001463839
-0.0006392889
-0.0004785301
0.0000074979
-0.0002832621
-0.0017810200
-0.0038958616
-0.0055260203
-0.0059267706
-0.0050861811
-0.0035700518
-0.0024032331
-0.0027784165
-0.0052961379
-0.0093605791
-0.0135133873
-0.0162535801
-0.0167079396
-0.0146776474
-0.0106257410
-0.0058103782
-0.0017424892
0.0007738415
0.0021916265
0.0035004808
0.0050861017
0.0063824308
0.0064777036
0.0049785527
0.0022177200
-0.0008425026
-0.0030499352
-0.0036217331
-0.0025884977
-0.0007208788
0.0009318697
0.0014936205
0.0005685372
-0.0017107181
-0.0048600563
-0.0084200153
-0.0122002984
-0.0160733277
-0.0198944642
-0.0236413994
-0.0273127689
-0.0309379226
-0.0344679474
-0.0377140727
-0.0404103525
-0.0421559724
-0.0425921068
-0.0416527743
-0.0396842844
-0.0372355125
-0.0347305193
-0.0324275751
-0.0305723379
-0.0293814304
-0.0287243023
-0.0281183207
-0.0272062274
-0.0260252240
-0.0248082182
-0.0236360049
-0.0224159074
-0.0210124871
-0.0192067281
-0.0168864382
-0.0143217749
-0.0120198808
-0.0104845669
-0.0099488153
-0.0101780873
-0.0104172848
-0.0097003586
-0.0076857435
-0.0049797856
-0.0028133881
-0.0025368778
-0.0048518435
-0.0091684236
-0.0140381367
-0.0184131380
-0.0222697119
-0.0260908324
-0.0301830856
-0.0345495420
-0.0392235762
-0.0442686695
-0.0494863391
-0.0544212288
-0.0584258532
-0.0607869644
-0.0607924548
-0.0580841121
-0.0531617598
-0.0471679097
-0.0411952005
-0.0359236070
-0.0316809844
-0.0284371299
-0.0255729807
-0.0218260134
-0.0156748056
-0.0062975259
0.0057162994
0.0187027198
0.0305386809
0.0392731236
0.0438101734
0.0444039800
0.0426720170
0.0407088843
0.0397434588
0.0396892738
0.0397934540
0.0393395528
0.0377309226
0.0344766682
0.0295197527
0.0235826355
0.0180234646
0.0141094327
0.0123665794
0.0125040168
0.0137816789
0.0152859957
0.0157713204
0.0139361474
0.0092451621
0.0025850953
-0.0039488174
-0.0079905120
-0.0077128919
-0.0023516361
0.0074083686
0.0194046725
0.0308590466
0.0394732962
0.0439821314
0.0445405059
0.0427677056
0.0409039875
0.0405621824
0.0418541943
0.0435358476
0.0438934845
0.0416801254
0.0366743821
0.0296064327
0.0218940578
0.0153421370
0.0115582611
0.0114336010
0.0149914725
0.0216218269
0.0301509318
0.0387104047
0.0451984603
0.0482076429
0.0476648443
0.0446053946
0.0404281938
0.0363521454
0.0332884100
0.0317713532
0.0317460651
0.0324978050
0.0328175364
0.0314547348
0.0276912642
0.0216520671
0.0140883131
0.0058051436
-0.0025903336
-0.0105668758
-0.0172566232
-0.0214809033
-0.0224812226
-0.0206481391
-0.0174193061
-0.0143278411
-0.0120645188
-0.0103630678
-0.0086498257
-0.0065320325
-0.0041490763
-0.0021655814
-0.0014318044
-0.0025009638
-0.0054705187
-0.0097632270
-0.0138212315
-0.0154643077
-0.0133714776
-0.0084159907
-0.0028386527
0.0018252635
0.0054936266
0.0082542727
0.0095659596
0.0087060416
0.0054060991
-0.0002198036
-0.0077724874
-0.0164024675
-0.0249341043
-0.0323178458
-0.0378793303
-0.0410813933
-0.0412462724
-0.0381891362
-0.0327800520
-0.0262602211
-0.0193748108
-0.0123806254
-0.0055291387
0.0007118893
0.0059688339
0.0100292692
0.0124619748
0.0125443264
0.0096402194
0.0038546512
-0.0037179920
-0.0115332235
-0.0184723284
-0.0241949818
-0.0287840790
-0.0324168874
-0.0350640461
-0.0364115543
-0.0361212742
-0.0342268202
-0.0313582786
-0.0285650150
-0.0266457900
-0.0258792737
-0.0261629973
-0.0272197296
-0.0285445883
-0.0295132335
-0.0296947385
-0.0289418365
-0.0271967763
-0.0243559215
-0.0204258128
-0.0157269756
-0.0107505291
-0.0059910943
-0.0020289319
0.0003872934
0.0009544472
0.0004487150
0.0003617019
0.0018070197
0.0047466484
0.0081996399
0.0109626527
0.0121663429
0.0116361403
0.0099269707
0.0078205849
0.0058501440
0.0042900255
0.0033570929
0.0032316380
0.0037853109
0.0045393841
0.0050174742
0.0051677902
0.0051963864
0.0050742620
0.0042175781
0.0019115698
-0.0020388355
-0.0069534760
-0.0114430467
-0.0141499449
-0.0144873043
-0.0127332142
-0.0096955398
-0.0062495457
-0.0031046826
-0.0009107122
-0.0001992933
-0.0010245369
-0.0026642991
-0.0040059155
-0.0042770979
-0.0034485885
-0.0021081736
-0.0007516152
0.0006767205
0.0026406918
0.0056822692
0.0101097124
0.0157003122
0.0216540287
0.0269326212
0.0307492160
0.0328953676
0.0336547036
0.0333151586
0.0318409861
0.0289597045
0.0246312974
0.0193640537
0.0139978218
0.0092835261
0.0055781104
0.0029430546
0.0012876259
0.0002871924
-0.0006999916
-0.0023985417
-0.0049945613
-0.0078130262
-0.0100591415
-0.0112825440
-0.0110152812
-0.0088117623
-0.0049612924
-0.0005919756
0.0031491313
0.0058004847
0.0072581379
0.0070775551
0.0047481244
0.0004171462
-0.0048747233
-0.0098029129
-0.0134960257
-0.0157685219
-0.0169724306
-0.0174593757
-0.0171907750
-0.0158403989
-0.0131903350
-0.0093394115
-0.0046399997
0.0002337042
0.0043075257
0.0065903860
0.0064817922
0.0038821605
-0.0007241512
-0.0064225165
-0.0122833056
-0.0176474267
-0.0221475252
-0.0255444996
-0.0275986247
-0.0281318443
-0.0272317820
-0.0254883530
-0.0237960972
-0.0229612220
-0.0233514712
-0.0247923492
-0.0268585053
-0.0292552884
-0.0318426545
-0.0344982196
-0.0370498763
-0.0391087349
-0.0400439042
-0.0390187554
-0.0353392461
-0.0289316711
-0.0203959724
-0.0106838599
-0.0008782114
0.0079077447
0.0144758916
0.0178739801
0.0180164283
0.0158175949
0.0127355916
0.0102232157
0.0093276630
0.0102920596
0.0126219125
0.0155371390
0.0182871719
0.0202485029
0.0211466036
0.0210545771
0.0201377182
0.0184717846
0.0160083111
0.0128312429
0.0093767466
0.0061916986
0.0036006044
0.0017826959
0.0010142063
0.0016801922
0.0039373770
0.0075722829
0.0120968486
0.0167816717
0.0207713173
0.0232698712
0.0237015866
0.0220715969
0.0190940457
0.0158169712
0.0130254666
0.0109009250
0.0091499000
0.0075232205
0.0060205828
0.0046027744
0.0030654268
0.0014899110
0.0003216503
-0.0000828576
0.0002320090
0.0009544334
0.0017610747
0.0023280756
0.0023049192
0.0015831401
0.0004860076
-0.0005086349
-0.0010956826
-0.0011538202
-0.0006761171
0.0001722066
0.0009456294
0.0010141434
0.0000191824
-0.0018721153
-0.0041611548
-0.0062406277
-0.0075096863
-0.0077562932
-0.0072859580
-0.0065893785
-0.0058378465
-0.0050737125
-0.0045846441
-0.0046885375
-0.0054276451
-0.0065501191
-0.0076590588
-0.0084525742
-0.0087919166
-0.0086252838
-0.0079649254
-0.0069319086
-0.0058196587
-0.0048988051
-0.0041821561
-0.0033563546
-0.0021246221
-0.0004587081
0.0012976697
0.0026566114
0.0033948502
0.0036177080
0.0035652005
0.0034484984
0.0034635129
0.0036573342
0.0038900721
0.0039062317
0.0034405399
0.0023000545
0.0004470567
-0.0018807950
-0.0045097633
-0.0074348241
-0.0106882257
-0.0142005584
-0.0177388242
-0.0209562019
-0.0235607696
-0.0254365454
-0.0264258677
-0.0264022960
-0.0252916132
-0.0230214199
-0.0197439989
-0.0158133784
-0.0114446032
-0.0067370453
-0.0018174079
0.0031227819
0.0079474465
0.0125314958
0.0165757421
0.0197294998
0.0217860024
0.0227606657
0.0228632999
0.0224766170
0.0221581010
0.0224935361
0.0237122424
0.0255432789
0.0274114480
0.0287926772
0.0293450921
0.0288914468
0.0274456967
0.0251744959
0.0224640369
0.0198862818
0.0179182769
0.0168830747
0.0168585382
0.0175943291
0.0188012442
0.0202982902
0.0220686491
0.0240081249
0.0260267432
0.0282135456
0.0306584582
0.0332301684
0.0355155485
0.0370654522
0.0375762942
0.0371977723
0.0365048335
0.0360137838
0.0358336381
0.0355918286
0.0347764633
0.0331973856
0.0311541295
0.0289857175
0.0266073354
0.0236865971
0.0199960643
0.0155896928
0.0106497765
0.0053749047
0.0001645689
-0.0044520074
-0.0082483664
-0.0112066104
-0.0133165516
-0.0146397259
-0.0152401051
-0.0151855736
-0.0145739417
-0.0136506381
-0.0127154209
-0.0120077219
-0.0117028094
-0.0119103541
-0.0125330416
-0.0132470680
-0.0137497010
-0.0138404535
-0.0133603261
-0.0122644568
-0.0105686456
-0.0084331710
-0.0061195177
-0.0038250906
-0.0015613179
0.0006833549
0.0027460953
0.0043409535
0.0051048572
0.0046682223
0.0028775028
0.0000929078
-0.0029457455
-0.0058032352
-0.0085854167
-0.0113984194
-0.0140022728
-0.0159910294
-0.0170813176
-0.0172044851
-0.0164900323
-0.0153464068
-0.0143936733
-0.0139916224
-0.0139847300
-0.0140553170
-0.0141230949
-0.0144088814
-0.0150963616
-0.0161333283
-0.0173058934
-0.0182858766
-0.0187705510
-0.0186316317
-0.0178485694
-0.0164819352
-0.0147562409
-0.0131012670
-0.0120171516
-0.0117820106
-0.0122087846
-0.0126820730
-0.0126037193
-0.0117916163
-0.0105489066
-0.0093028653
-0.0082178597
-0.0072043261
-0.0061545607
-0.0052176089
-0.0045985323
-0.0042837067
-0.0040686944
-0.0038523281
-0.0036699835
-0.0035612810
-0.0034361278
-0.0030863817
-0.0023126885
-0.0010645464
0.0005163784
0.0023137349
0.0043205439
0.0064403205
0.0083699988
0.0096059973
0.0097579285
0.0088691083
0.0074391205
0.0061661707
0.0054043933
0.0050772258
0.0051656089
0.0058653094
0.0074239125
0.0098542407
0.0129788084
0.0165486843
0.0202014289
0.0235718199
0.0264573019
0.0287421809
0.0303340573
0.0312291409
0.0313929805
0.0307599571
0.0292559867
0.0269288099
0.0240241698
0.0208348521
0.0175286408
0.0140596295
0.0102705083
0.0061487611
0.0019521289
-0.0018870616
-0.0050265382
-0.0073324724
-0.0089149723
-0.0100331871
-0.0109222365
-0.0117603526
-0.0126511025
-0.0135795820
-0.0143786518
-0.0148199782
-0.0147893916
-0.0144912969
-0.0144108217
-0.0149666588
-0.0161319957
-0.0174776808
-0.0185261295
-0.0189318532
-0.0185809808
-0.0175830870
-0.0161765963
-0.0145888725
-0.0130881272
-0.0119071238
-0.0110683521
-0.0103912451
-0.0095529584
-0.0083176528
-0.0066952378
-0.0048788432
-0.0030932144
-0.0014383966
0.0001292806
0.0014963743
0.0025046216
0.0031823145
0.0037621044
0.0046068325
0.0059254326
0.0076328538
0.0094711186
0.0111783265
0.0126161715
0.0137548876
0.0146497633
0.0154108317
0.0159520152
0.0159575803
0.0153185174
0.0142217046
0.0129434295
0.0117025749
0.0106103464
0.0097293781
0.0090625803
0.0086555560
0.0086164191
0.0089906606
0.0096060986
0.0101660403
0.0104537404
0.0103957814
0.0099654519
0.0090368605
0.0073809377
0.0048382783
0.0015400608
-0.0021392470
-0.0057378188
-0.0088791190
-0.0113683338
-0.0131425893
-0.0142319713
-0.0147670673
-0.0150283172
-0.0153880543
-0.0160891434
-0.0170220473
-0.0179219497
-0.0185090931
-0.0186638015
-0.0185116464
-0.0182470649
-0.0180890249
-0.0181684607
-0.0184911238
-0.0190473181
-0.0197812434
-0.0205019223
-0.0209978068
-0.0211065766
-0.0207920478
-0.0201053352
-0.0191021588
-0.0178011382
-0.0160721657
-0.0138169085
-0.0112864140
-0.0089765027
-0.0073059316
-0.0065148096
-0.0067940128
-0.0082617141
-0.0106668289
-0.0132751600
-0.0152275303
-0.0160297878
-0.0156742885
-0.0145211213
-0.0130780151
-0.0117409761
-0.0105880754
-0.0094812306
-0.0083658143
-0.0073675953
-0.0066615381
-0.0063950855
-0.0066238778
-0.0072618480
-0.0080319303
-0.0085331241
-0.0084477234
-0.0075894259
-0.0059816752
-0.0038399842
-0.0013408610
0.0014682962
0.0045349800
0.0077245019
0.0108150819
0.0135627961
0.0158171897
0.0175408425
0.0187290687
0.0194974986
0.0200224079
0.0202879543
0.0202096113
0.0198467665
0.0193413136
0.0188874445
0.0186414825
0.0186451019
0.0187913774
0.0188093733
0.0184139589
0.0173860275
0.0157382551
0.0137155535
0.0116705436
0.0099278236
0.0086468939
0.0079577398
0.0078458197
0.0080451874
0.0081584828
0.0077988949
0.0067337883
0.0049820687
0.0027053768
0.0001475313
-0.0024530566
-0.0049799599
-0.0073804259
-0.0095399039
-0.0113718359
-0.0129700876
-0.0144623467
-0.0158359852
-0.0170163969
-0.0178562667
-0.0182531257
-0.0181342066
-0.0174403830
-0.0162434307
-0.0147646579
-0.0132819990
-0.0118800393
-0.0104090597
-0.0087712341
-0.0070782267
-0.0056003867
-0.0045287368
-0.0037827640
-0.0030890955
-0.0021542626
-0.0008702785
0.0007128968
0.0024019191
0.0039083761
0.0050445037
0.0057239114
0.0058874259
0.0056372794
0.0052165625
0.0048423386
0.0046743129
0.0046683022
0.0046525627
0.0045651493
0.0044424471
0.0044392551
0.0047344489
0.0053388649
0.0062146466
0.0073783737
0.0088656381
0.0104678716
0.0118425123
0.0127048717
0.0129685737
0.0127123505
0.0121127869
0.0113940057
0.0107076395
0.0101255441
0.0095193813
0.0086962707
0.0076984089
0.0068507724
0.0064314132
0.0065354121
0.0069967227
0.0074160393
0.0073249510
0.0065226135
0.0051519142
0.0034408570
0.0014844712
-0.0006974377
-0.0029507471
-0.0050524841
-0.0068790829
-0.0084337148
-0.0097515052
-0.0109245767
-0.0120373330
-0.0130550671
-0.0138621435
-0.0143997821
-0.0146966348
-0.0148551012
-0.0149784873
-0.0150487439
-0.0149394517
-0.0145642880
-0.0138885723
-0.0130805045
-0.0123681519
-0.0118181197
-0.0114314741
-0.0112579062
-0.0111985826
-0.0111214390
-0.0109020711
-0.0103706852
-0.0095511513
-0.0086960521
-0.0080385775
-0.0075629171
-0.0070653748
-0.0063337949
-0.0054014615
-0.0044796655
-0.0037001443
-0.0030397278
-0.0024104682
-0.0017390473
-0.0009346629
0.0000899956
0.0014088425
0.0030066224
0.0047135452
0.0063900588
0.0079574573
0.0093309786
0.0103296666
0.0109461014
0.0113834139
0.0117254482
0.0119012656
0.0117925864
0.0112970431
0.0103693792
0.0091821711
0.0079642218
0.0067917047
0.0056111917
0.0044264330
0.0032871855
0.0021417864
0.0008079500
-0.0007745408
-0.0024830143
-0.0041828432
-0.0057140659
-0.0069248723
-0.0077037234
-0.0079937850
-0.0078498763
-0.0074775484
-0.0071023474
-0.0067995779
-0.0065454868
-0.0061678391
-0.0055615324
-0.0048103505
-0.0040876477
-0.0035908543
-0.0035227955
-0.0039855960
-0.0048313699
-0.0057697115
-0.0065437597
-0.0070469418
-0.0074085925
-0.0077666718
-0.0080809234
-0.0083100301
-0.0084810500
-0.0087272465
-0.0091784984
-0.0098288940
-0.0105679419
-0.0111831880
-0.0114979886
-0.0115407449
-0.0115128448
-0.0115289217
-0.0115620244
-0.0117086783
-0.0120812727
-0.0126654897
-0.0133269409
-0.0138778313
-0.0142489331
-0.0144583008
-0.0143563062
-0.0136493162
-0.0127031126
-0.0127321908
-0.0142752446
-0.0159973088
-0.0160201929
-0.0143721486
-0.0128693883
-0.0124445439
-0.0120414535
-0.0107649429
-0.0095109377
-0.0094826165
-0.0101283746
-0.0100221902
-0.0090704695
-0.0084973508
-0.0088290119
-0.0088531113
-0.0073926115
-0.0052927893
-0.0044140321
-0.0049378049
-0.0047455551
-0.0022703341
0.0013619801
0.0040102087
0.0053532680
0.0067102913
0.0087493096
0.0107056032
0.0117031985
0.0118874968
0.0117783592
0.0114290273
0.0108482433
0.0104141717
0.0102083168
0.0096348835
0.0084057507
0.0073323444
0.0072256909
0.0074354158
0.0066135792
0.0046919234
0.0028587782
0.0018043076
0.0010179484
0.0000075777
-0.0010432973
-0.0019712927
-0.0028610964
-0.0035862183
-0.0037989225
-0.0034620204
-0.0028231600
-0.0020320385
-0.0010621263
0.0001226399
0.0014923119
0.0029821824
0.0045065341
0.0060293569
0.0074920955
0.0087849016
0.0098431852
0.0107081779
0.0114560372
0.0121260066
0.0126616517
0.0129413613
0.0129623423
0.0128595215
0.0126606229
0.0122835135
0.0118545593
0.0116259270
0.0116990034
0.0119224865
0.0120662033
0.0120461124
0.0118431786
0.0114775619
0.0110444926
0.0106977194
0.0105839336
0.0106188540
0.0105319928
0.0101651660
0.0096155656
0.0089915615
0.0081947092
0.0070705774
0.0056671145
0.0042224859
0.0029471223
0.0019119702
0.0011585127
0.0007488503
0.0007778239
0.0012889010
0.0023124811
0.0037927055
0.0054305876
0.0069639878
0.0084323341
0.0098825299
0.0111693126
0.0121283094
0.0128584553
0.0136122369
0.0145721666
0.0157350407
0.0169316892
0.0179129731
0.0185751599
0.0190579419
0.0195249935
0.0200168641
0.0204625136
0.0208573790
0.0211835763
0.0213402143
0.0211390182
0.0204013509
0.0191904379
0.0177403114
0.0162333027
0.0148435979
0.0138400537
0.0134540583
0.0136664699
0.0142178080
0.0148545628
0.0154653365
0.0160034443
0.0164587260
0.0168675201
0.0172753121
0.0177355512
0.0181877040
0.0185290240
0.0187018562
0.0186565466
0.0183184782
0.0176514566
0.0168713475
0.0162237823
0.0156945286
0.0151117296
0.0144033909
0.0135479985
0.0124951042
0.0113419103
0.0103588354
0.0096612324
0.0091618990
0.0086756575
0.0081317075
0.0075962330
0.0071703385
0.0068598024
0.0065784829
0.0062529199
0.0057828939
0.0050941412
0.0043063951
0.0035674196
0.0029958840
0.0025872568
0.0022425460
0.0019125336
0.0017023641
0.0017095470
0.0018292295
0.0019534978
0.0020802693
0.0022005104
0.0022226566
0.0021219680
0.0019681136
0.0018126643
0.0016246896
0.0013150025
0.0007751309
-0.0000030264
-0.0009596989
-0.0019569514
-0.0027911549
-0.0032590551
-0.0033380575
-0.0032265377
-0.0031346461
-0.0031969671
-0.0034183707
-0.0037350620
-0.0040353108
-0.0042308565
-0.0043675535
-0.0046044625
-0.0049651698
-0.0053739985
-0.0059316214
-0.0067720776
-0.0078802764
-0.0091305874
-0.0103148957
-0.0112687965
-0.0119800350
-0.0125928024
-0.0132297117
-0.0139498629
-0.0147395350
-0.0154471434
-0.0160518829
-0.0165743882
-0.0169561351
-0.0170556137
-0.0167823327
-0.0161247088
-0.0151668261
-0.0140682383
-0.0129599596
-0.0118876354
-0.0107726775
-0.0095286191
-0.0081474699
-0.0067694496
-0.0056294435
-0.0048349926
-0.0043172209
-0.0040001804
-0.0038985882
-0.0040587572
-0.0044868958
-0.0051321011
-0.0059091905
-0.0067448279
-0.0075619949
-0.0082564155
-0.0087887929
-0.0091673042
-0.0093893427
-0.0094984109
-0.0095963170
-0.0097177255
-0.0097642772
-0.0095718392
-0.0090262154
-0.0081252415
-0.0068894455
-0.0054112857
-0.0039301994
-0.0027045288
-0.0018207064
-0.0012966026
-0.0011333456
-0.0012923173
-0.0016898773
-0.0022069017
-0.0027151776
-0.0031349846
-0.0034353389
-0.0035644654
-0.0035225332
-0.0033675562
-0.0031227019
-0.0027904374
-0.0023677397
-0.0018850653
-0.0014204002
-0.0010734527
-0.0009306714
-0.0010113593
-0.0012537770
-0.0015376082
-0.0017553684
-0.0018496199
-0.0018012660
-0.0015172604
-0.0009721905
-0.0002655001
0.0005277270
0.0014240863
0.0024012810
0.0033395922
0.0041993508
0.0050098403
0.0056858407
0.0061275242
0.0063419667
0.0063449091
0.0061474924
0.0058594672
0.0055370119
0.0051747481
0.0048170031
0.0045743924
0.0044973778
0.0044735790
0.0043875073
0.0042641361
0.0041609762
0.0041528679
0.0043161686
0.0046400946
0.0050136772
0.0052110225
0.0050405517
0.0045060746
0.0037838013
0.0030494245
0.0024271965
0.0020161343
0.0018279682
0.0018008011
0.0018240130
0.0017889727
0.0016752450
0.0015370751
0.0014191832
0.0013955924
0.0015809759
0.0019963772
0.0025604761
0.0030679738
0.0033005822
0.0032151895
0.0028139627
0.0020932145
0.0012037029
0.0003849757
-0.0002440236
-0.0007638078
-0.0012767468
-0.0018270002
-0.0024166581
-0.0030658970
-0.0037312470
-0.0043606733
-0.0049816726
-0.0055327901
-0.0059327408
-0.0061311650
-0.0061992040
-0.0063386617
-0.0065975023
-0.0069524685
-0.0073228934
-0.0075765580
-0.0077223590
-0.0078230370
-0.0078420137
-0.0077051147
-0.0073741092
-0.0069068551
-0.0064176870
-0.0059731037
-0.0055699067
-0.0051118802
-0.0045213348
-0.0037272144
-0.0026773782
-0.0014100989
-0.0000612913
0.0011560873
0.0021393754
0.0029723177
0.0037159126
0.0043678386
0.0048991974
0.0051840798
0.0051656723
0.0049460486
0.0046964480
0.0045386559
0.0045909981
0.0048974714
0.0053784868
0.0059285563
0.0065158810
0.0071151674
0.0077458187
0.0083949084
0.0090290192
0.0096486683
0.0102735360
0.0109015540
0.0113878862
0.0115556331
0.0113637388
0.0109041820
0.0102959669
0.0096139185
0.0089079839
0.0082381851
0.0075657956
0.0068296635
0.0060340425
0.0051772492
0.0042607219
0.0032889206
0.0023366498
0.0014104267
0.0004807106
-0.0004131000
-0.0011520761
-0.0016733324
-0.0020069674
-0.0021355907
-0.0020235859
-0.0016720322
-0.0011224153
-0.0004577433
0.0002359480
0.0008531663
0.0013375273
0.0016796938
0.0019980670
0.0024018978
0.0029196940
0.0035868953
0.0043652459
0.0050653243
0.0055593522
0.0058305223
0.0059384818
0.0059065092
0.0056863311
0.0052619686
0.0046625804
0.0040068004
0.0034209032
0.0029399272
0.0024964995
0.0019966725
0.0014140089
0.0007333432
-0.0000451666
-0.0008480581
-0.0016137310
-0.0023256993
-0.0029883983
-0.0036069968
-0.0042060732
-0.0047212169
-0.0050986653
-0.0053628044
-0.0056015808
-0.0058780441
-0.0061701739
-0.0064534763
-0.0067230739
-0.0069449791
-0.0071194851
-0.0072535963
-0.0073025307
-0.0073026160
-0.0073341355
-0.0074581986
-0.0076614629
-0.0078899460
-0.0080267224
-0.0079632569
-0.0076065156
-0.0069126334
-0.0060473262
-0.0052281559
-0.0045885413
-0.0041563744
-0.0038751413
-0.0036909912
-0.0036183567
-0.0037365205
-0.0040640739
-0.0045377124
-0.0050867254
-0.0056586442
-0.0061642943
-0.0065700660
-0.0069674900
-0.0074237046
-0.0078701323
-0.0082542727
-0.0086743888
-0.0091735516
-0.0096647666
-0.0099990183
-0.0100953466
-0.0099985652
-0.0097268567
-0.0092896882
-0.0088103870
-0.0083840607
-0.0080089344
-0.0076086851
-0.0070751457
-0.0063920045
-0.0056525301
-0.0049281875
-0.0042768500
-0.0037272656
-0.0031923327
-0.0025507239
-0.0017386566
-0.0007719534
0.0003404536
0.0015496163
0.0027539461
0.0038820774
0.0048886578
0.0057351589
0.0063226221
0.0066467299
0.0067648547
0.0066898113
0.0063917113
0.0058693713
0.0052539899
0.0046783487
0.0041982053
0.0038772900
0.0037631311
0.0037912785
0.0038433328
0.0039522193
0.0042199059
0.0046248497
0.0049977815
0.0051780088
0.0052311655
0.0052302785
0.0051424424
0.0049342958
0.0047018068
0.0044819128
0.0041901295
0.0038364564
0.0035573891
0.0034687049
0.0036178450
0.0038966255
0.0041336844
0.0042559068
0.0042504393
0.0041214246
0.0040039069
0.0040587977
0.0042556744
0.0045027003
0.0047604305
0.0049743431
0.0050699619
0.0050455667
0.0049455982
0.0048043292
0.0047314441
0.0047706865
0.0048808198
0.0050689150
0.0053236590
0.0055321398
0.0056148272
0.0055538724
0.0053515729
0.0050602123
0.0047544395
0.0044890424
0.0042647475
0.0041451642
0.0041820660
0.0043970537
0.0047106838
0.0049921221
0.0051725120
0.0052443117
0.0052700023
0.0053458213
0.0055325502
0.0057964548
0.0060541546
0.0062411234
0.0063443761
0.0063509593
0.0062270348
0.0060614575
0.0059620588
0.0059457580
0.0060153909
0.0062509690
0.0066778816
0.0071680571
0.0076512602
0.0081435519
0.0086511316
0.0091527731
0.0096515308
0.0101829114
0.0107474000
0.0112440628
0.0116146795
0.0118752792
0.0121152603
0.0124303807
0.0128233857
0.0132406447
0.0136449078
0.0140260790
0.0143458050
0.0145548317
0.0146109729
0.0144507261
0.0140238349
0.0133500434
0.0125230575
0.0116575264
0.0108404340
0.0100850746
0.0093732977
0.0087312764
0.0081910791
0.0077422579
0.0073364436
0.0069316101
0.0065398365
0.0060489520
0.0054368296
0.0047928637
0.0041675093
0.0036390483
0.0032023621
0.0027089094
0.0020618379
0.0012606001
0.0003703638
-0.0004851435
-0.0012121689
-0.0017650822
-0.0021603074
-0.0025043205
-0.0028753125
-0.0033250526
-0.0039130995
-0.0045971133
-0.0052724474
-0.0059288069
-0.0065936003
-0.0072489800
-0.0078814437
-0.0084724092
-0.0089758151
-0.0093561494
-0.0096259495
-0.0099193960
-0.0102688025
-0.0106029849
-0.0109027268
-0.0111984920
-0.0114860482
-0.0117456350
-0.0119825297
-0.0121277017
-0.0121597170
-0.0121060011
-0.0119784572
-0.0118543994
-0.0117592599
-0.0116138266
-0.0113679233
-0.0110042256
-0.0105262837
-0.0100140451
-0.0095438965
-0.0092087119
-0.0090763971
-0.0090836893
-0.0091839355
-0.0093162236
-0.0093868427
-0.0093529617
-0.0092133654
-0.0090323562
-0.0088760486
-0.0087374012
-0.0085510773
-0.0083032444
-0.0078824939
-0.0071812342
-0.0063376649
-0.0055796669
-0.0049692151
-0.0044932056
-0.0041635903
-0.0039662312
-0.0038321504
-0.0036806020
-0.0034731777
-0.0032177626
-0.0029665362
-0.0027543880
-0.0025649586
-0.0023898390
-0.0022222585
-0.0020463052
-0.0019152378
-0.0018476492
-0.0017977521
-0.0018294315
-0.0019828040
-0.0021580515
-0.0022516580
-0.0022598121
-0.0021548932
-0.0018836101
-0.0015502725
-0.0013318828
-0.0013279009
-0.0015773378
-0.0020067483
-0.0025529985
-0.0031766598
-0.0037687958
-0.0042342088
-0.0045492760
-0.0047390641
-0.0048652162
-0.0049625690
-0.0050014767
-0.0050195206
-0.0051104324
-0.0052810067
-0.0054847512
-0.0057096469
-0.0059234177
-0.0060844694
-0.0061213568
-0.0059609447
-0.0056412294
-0.0053188823
-0.0050398337
-0.0047276765
-0.0043750167
-0.0039414228
-0.0033321641
-0.0025590742
-0.0017316570
-0.0010299864
-0.0006492672
-0.0007473033
-0.0013343988
-0.0022145686
-0.0031034006
-0.0038382288
-0.0044611909
-0.0049837057
-0.0053090224
-0.0054445749
-0.0053804272
-0.0050958070
-0.0046067728
-0.0040330672
-0.0035139473
-0.0030989341
-0.0028847075
-0.0029536816
-0.0032517219
-0.0036179281
-0.0040145217
-0.0044660694
-0.0049674646
-0.0055317666
-0.0061723488
-0.0069200322
-0.0077055678
-0.0084263853
-0.0090414927
-0.0095401651
-0.0098761173
-0.0099615553
-0.0097639147
-0.0093169965
-0.0087422573
-0.0082142296
-0.0078047052
-0.0074926126
-0.0071584674
-0.0066140803
-0.0058045146
-0.0048839547
-0.0039916685
-0.0031439900
-0.0023390086
-0.0015859178
-0.0008998982
-0.0003920273
-0.0001115119
-0.0000316148
-0.0001528395
-0.0004180569
-0.0007045710
-0.0009650838
-0.0011422791
-0.0011649094
-0.0009999834
-0.0006980433
-0.0003384667
0.0000526912
0.0004365761
0.0007507527
0.0009002873
0.0008588263
0.0007174267
0.0005552593
0.0003854854
0.0002087289
0.0000558729
-0.0000174358
0.0000819245
0.0004413744
0.0011037947
0.0019860541
0.0029540030
0.0039210181
0.0048148996
0.0054920328
0.0058343550
0.0058530332
0.0056402379
0.0052928298
0.0048670244
0.0044070261
0.0039539576
0.0035802854
0.0033136820
0.0031606437
0.0031641618
0.0033442900
0.0036536017
0.0040001255
0.0042679299
0.0043894631
0.0043994605
0.0044204346
0.0045684627
0.0048781769
0.0052890393
0.0057610600
0.0062873393
0.0068093381
0.0073338156
0.0078898287
0.0084779263
0.0091128900
0.0097671503
0.0104292945
0.0110903459
0.0116340241
0.0120395612
0.0123604653
0.0126413743
0.0128680663
0.0129632059
0.0128846816
0.0125960167
0.0120684581
0.0113287865
0.0104773280
0.0096383324
0.0089075042
0.0083415123
0.0079671962
0.0077492356
0.0076147033
0.0074901552
0.0073379841
0.0071894325
0.0071022355
0.0070770114
0.0071468202
0.0073393541
0.0076079709
0.0078117895
0.0078635704
0.0078354465
0.0078606013
0.0079733157
0.0081663933
0.0084169982
0.0086320430
0.0086961001
0.0086329758
0.0085269033
0.0084104363
0.0083215654
0.0083228608
0.0083903668
0.0084741096
0.0085454696
0.0085777620
0.0085635668
0.0084990299
0.0083959372
0.0082128916
0.0079552398
0.0075920752
0.0070475868
0.0063390669
0.0055294478
0.0047048175
0.0039208976
0.0031905752
0.0025925282
0.0021897384
0.0019363686
0.0017607799
0.0015490609
0.0012260235
0.0008242647
0.0004164393
0.0000854385
-0.0001613865
-0.0003169697
-0.0003577770
-0.0002953277
-0.0001555919
0.0000339417
0.0002204385
0.0003478204
0.0003724221
0.0002593119
0.0000632353
-0.0001896780
-0.0005770266
-0.0010922802
-0.0016794342
-0.0023128084
-0.0029774036
-0.0036863083
-0.0043599809
-0.0049283277
-0.0055032269
-0.0061965494
-0.0070176931
-0.0079367055
-0.0089377710
-0.0100874147
-0.0113673849
-0.0126986403
-0.0140559674
-0.0153917271
-0.0166060889
-0.0176255128
-0.0184317842
-0.0189732236
-0.0192237058
-0.0191998463
-0.0189382819
-0.0184679573
-0.0178431323
-0.0171659506
-0.0165051871
-0.0158711295
-0.0151966611
-0.0144105232
-0.0134980033
-0.0125017353
-0.0114505308
-0.0103060417
-0.0090414554
-0.0077014473
-0.0063058736
-0.0048210943
-0.0032891844
-0.0017897504
-0.0005118442
0.0003880629
0.0008985202
0.0010118764
0.0007520417
0.0001907242
-0.0005769136
-0.0014619459
-0.0024170621
-0.0033724992
-0.0041967559
-0.0047916297
-0.0051192550
-0.0051901347
-0.0050464105
-0.0046577616
-0.0040240639
-0.0032799413
-0.0025308767
-0.0018269736
-0.0011946421
-0.0006353390
-0.0001243290
0.0003715665
0.0008624207
0.0014160691
0.0020036678
0.0026234416
0.0033496781
0.0041619656
0.0049789487
0.0057605269
0.0065117285
0.0071930680
0.0076869802
0.0078695033
0.0077450778
0.0073965721
0.0067988742
0.0060346608
0.0052595395
0.0046099807
0.0041363166
0.0038613245
0.0038030057
0.0038835966
0.0039157408
0.0038278151
0.0037248540
0.0037454219
0.0038634882
0.0039316408
0.0038646284
0.0036225891
0.0031412911
0.0024284370
0.0015712898
0.0007123019
-0.0000455176
-0.0006810186
-0.0011923419
-0.0015254156
-0.0017672539
-0.0021102275
-0.0025057944
-0.0028207911
-0.0030829211
-0.0033564852
-0.0036644147
-0.0040079081
-0.0044229549
-0.0049395709
-0.0055436484
-0.0061576418
-0.0066626042
-0.0069730391
-0.0070065736
-0.0067631383
-0.0063083576
-0.0057630963
-0.0052603119
-0.0048638980
-0.0045371937
-0.0041726874
-0.0037304516
-0.0032407692
-0.0027421997
-0.0022522945
-0.0018630795
-0.0016660434
-0.0016883123
-0.0019044951
-0.0021968403
-0.0025286437
-0.0029489171
-0.0034128871
-0.0038437561
-0.0042171692
-0.0045792661
-0.0050045524
-0.0055332272
-0.0061953287
-0.0068996962
-0.0075425597
-0.0080800438
-0.0084880277
-0.0087356794
-0.0088644334
-0.0089933952
-0.0091648362
-0.0094054676
-0.0098149813
-0.0103524067
-0.0108710313
-0.0112958171
-0.0116569721
-0.0119405357
-0.0121751809
-0.0124253007
-0.0126875208
-0.0128873096
-0.0129156841
-0.0126756976
-0.0121262785
-0.0112491481
-0.0100050258
-0.0085015726
-0.0070107154
-0.0057025146
-0.0045656093
-0.0035656579
-0.0026690790
-0.0018105901
-0.0009268601
-0.0001137467
0.0005754248
0.0012327331
0.0019135208
0.0026179767
0.0033256912
0.0040034581
0.0046023490
0.0049774332
0.0050558216
0.0048977635
0.0046091396
0.0042874866
0.0039517422
0.0036481257
0.0034204773
0.0031790159
0.0028365823
0.0023806508
0.0018877594
0.0014084592
0.0010054451
0.0006351082
0.0001694269
-0.0004015147
-0.0011056870
-0.0019587553
-0.0029118352
-0.0039063745
-0.0049331753
-0.0059223143
-0.0067217413
-0.0072521144
-0.0074789077
-0.0074491153
-0.0073251748
-0.0072796307
-0.0073641624
-0.0074808480
-0.0074629427
-0.0072771200
-0.0070642554
-0.0069317754
-0.0069588918
-0.0072434523
-0.0077467676
-0.0083536287
-0.0089816094
-0.0096143130
-0.0102180983
-0.0107311845
-0.0111422174
-0.0114024226
-0.0114665970
-0.0113403324
-0.0111143120
-0.0108628596
-0.0106071588
-0.0102672460
-0.0097550873
-0.0092032587
-0.0087494429
-0.0083721097
-0.0079173983
-0.0072359522
-0.0063234004
-0.0052045997
-0.0039088601
