0.0007125782
0.0013637552
0.0021422542
0.0029539454
0.0036654105
0.0041383708
0.0042621290
0.0040016052
0.0034116865
0.0025689615
0.0015000920
0.0002211240
-0.0011755364
-0.0025444385
-0.0037767904
-0.0047512622
-0.0052044678
-0.0048356747
-0.0035980326
-0.0017566557
0.0003629871
0.0025496959
0.0046223449
0.0063566938
0.0075899682
0.0083029413
0.0085533742
0.0083256107
0.0074485582
0.0056426410
0.0027006591
-0.0012188180
-0.0053814953
-0.0087021467
-0.0104012005
-0.0105021306
-0.0096671723
-0.0085866453
-0.0074667181
-0.0060013664
-0.0037183865
-0.0003259066
0.0040109498
0.0085566188
0.0121700728
0.0137579389
0.0128684745
0.0100090135
0.0062973341
0.0026463128
-0.0007648513
-0.0042159015
-0.0077792154
-0.0110137834
-0.0133238004
-0.0144712560
-0.0145424982
-0.0134965126
-0.0110029859
-0.0068649221
-0.0016306744
0.0032130799
0.0059799726
0.0060620123
0.0044416013
0.0028895707
0.0025574246
0.0031052987
0.0031692564
0.0016563016
-0.0014100330
-0.0050437794
-0.0079654139
-0.0091976033
-0.0084414509
-0.0061341279
-0.0031759550
-0.0005000726
0.0012915581
0.0020000005
0.0016815095
0.0006291554
-0.0005816073
-0.0013381387
-0.0013890880
-0.0010296857
-0.0009958990
-0.0020658477
-0.0045258027
-0.0078509870
-0.0107525423
-0.0116220419
-0.0093681507
-0.0041287800
0.0027706760
0.0095200354
0.0144817200
0.0164252681
0.0148055547
0.0101887546
0.0041347229
-0.0016823706
-0.0063732235
-0.0098814284
-0.0123123456
-0.0135402213
-0.0133437599
-0.0116301348
-0.0085445298
-0.0044717168
-0.0000238699
0.0040765969
0.0072332277
0.0091832543
0.0101650107
0.0108472215
0.0118176459
0.0129570033
0.0133331900
0.0119461042
0.0086365149
0.0042494187
0.0000048426
-0.0032876667
-0.0054562255
-0.0065772325
-0.0066074549
-0.0055382653
-0.0036505222
-0.0013036931
0.0013827302
0.0043903974
0.0075290048
0.0105206927
0.0132101409
0.0153992631
0.0164117871
0.0150997175
0.0106988037
0.0038068492
-0.0037024946
-0.0098420176
-0.0134873136
-0.0143044559
-0.0122772537
-0.0077786544
-0.0019593998
0.0034433469
0.0069336873
0.0078792827
0.0064867983
0.0034915456
-0.0000570221
-0.0028777390
-0.0036834932
-0.0018138883
0.0021297688
0.0063702224
0.0089506425
0.0089322920
0.0068996911
0.0045575568
0.0037253027
0.0053967229
0.0093592163
0.0143192813
0.0184373750
0.0202152240
0.0192545174
0.0162671431
0.0123757332
0.0083828533
0.0045005111
0.0005155656
-0.0038626230
-0.0085402003
-0.0127133400
-0.0151960745
-0.0151717854
-0.0125616776
-0.0078180440
-0.0015632875
0.0055142250
0.0125252414
0.0184260482
0.0223482204
0.0238675436
0.0229278815
0.0195664801
0.0138319123
0.0060291223
-0.0029383949
-0.0116112233
-0.0186281783
-0.0233826093
-0.0260331972
-0.0270327642
-0.0268551878
-0.0260223944
-0.0248922095
-0.0231796642
-0.0199164935
-0.0141857047
-0.0060207543
0.0032925076
0.0117318535
0.0175398231
0.0200446819
0.0197089752
0.0174227021
0.0136705427
0.0083736860
0.0014666230
-0.0065021900
-0.0142774569
-0.0202964592
-0.0234495273
-0.0236994204
-0.0219884946
-0.0195478545
-0.0172653657
-0.0155922206
-0.0147356780
-0.0145570272
-0.0143405958
-0.0129610630
-0.0095440704
-0.0041796976
0.0019114134
0.0069552982
0.0095130488
0.0091379419
0.0064506584
0.0026023162
-0.0014890633
-0.0055468715
-0.0097421461
-0.0142990413
-0.0193319682
-0.0247486400
-0.0301043165
-0.0346617463
-0.0377236021
-0.0389282684
-0.0382676473
-0.0360132162
-0.0326868960
-0.0288213948
-0.0245505537
-0.0194728278
-0.0131380889
-0.0058393988
0.0013056875
0.0071134443
0.0109902829
0.0129591946
0.0133229694
0.0124124552
0.0104910367
0.0077400639
0.0043636588
0.0007365502
-0.0024987720
-0.0045350970
-0.0047065135
-0.0027616167
0.0011012968
0.0064463500
0.0128177951
0.0196868615
0.0262207665
0.0312893145
0.0340273356
0.0345130850
0.0337391220
0.0328205097
0.0322019882
0.0315419070
0.0302282177
0.0280358563
0.0254446387
0.0235043299
0.0234384863
0.0259676395
0.0306017103
0.0356977866
0.0393873364
0.0405347920
0.0390413774
0.0353933821
0.0300797946
0.0234822056
0.0159719482
0.0078814793
-0.0005083098
-0.0088397141
-0.0164179798
-0.0221838551
-0.0252451710
-0.0254151838
-0.0231505004
-0.0190831390
-0.0135353147
-0.0063688569
0.0025754013
0.0129127918
0.0237779827
0.0344110858
0.0443522709
0.0530083695
0.0595260835
0.0630558569
0.0630396607
0.0596825941
0.0538454925
0.0459379775
0.0356578518
0.0230056340
0.0090937092
-0.0041947331
-0.0151474646
-0.0227996719
-0.0271358167
-0.0286702564
-0.0276496343
-0.0241921617
-0.0188866670
-0.0128968073
-0.0077996565
-0.0048360304
-0.0039014982
-0.0037035813
-0.0031335781
-0.0021650967
-0.0013047766
-0.0006974781
0.0000268237
0.0012533011
0.0027313361
0.0035001735
0.0025876078
-0.0002697184
-0.0045641142
-0.0095030240
-0.0144862983
-0.0192180600
-0.0235164241
-0.0271735867
-0.0301296588
-0.0326021358
-0.0347410549
-0.0362835927
-0.0366630186
-0.0354313691
-0.0327969722
-0.0296606403
-0.0269879228
-0.0251733677
-0.0237371640
-0.0214503509
-0.0169663229
-0.0097145913
-0.0005612456
0.0082328582
0.0138535443
0.0140888660
0.0083408013
-0.0019573483
-0.0140420928
-0.0252742924
-0.0340302361
-0.0397955715
-0.0432195877
-0.0458394027
-0.0490275521
-0.0529043960
-0.0562069669
-0.0573187908
-0.0553596287
-0.0504410917
-0.0433933744
-0.0353946629
-0.0273711226
-0.0196854483
-0.0125216898
-0.0059985824
-0.0000086847
0.0055067144
0.0103064843
0.0138346646
0.0153761173
0.0145039237
0.0115316606
0.0074729372
0.0033493887
-0.0003636277
-0.0036217966
-0.0065026822
-0.0091041521
-0.0115593583
-0.0139238868
-0.0158928037
-0.0166964545
-0.0154523878
-0.0116052370
-0.0050910857
0.0037392876
0.0142049179
0.0252724982
0.0356983476
0.0443641640
0.0505753140
0.0541558144
0.0552352458
0.0540532912
0.0510459575
0.0470449795
0.0431228073
0.0402298846
0.0389890519
0.0396194507
0.0419553817
0.0456411577
0.0504603525
0.0564604962
0.0635956255
0.0713191121
0.0786269483
0.0845585280
0.0886658084
0.0910838109
0.0922442234
0.0926382259
0.0927569454
0.0929674435
0.0933236548
0.0935341529
0.0931023592
0.0917315015
0.0894268726
0.0860913481
0.0813579722
0.0750755799
0.0677838870
0.0604166646
0.0537224858
0.0479123249
0.0427374428
0.0377039760
0.0322333327
0.0259282763
0.0187796290
0.0111446923
0.0035840747
-0.0033463606
-0.0092768484
-0.0141359833
-0.0180684131
-0.0211232558
-0.0230808354
-0.0236507840
-0.0227856034
-0.0207988812
-0.0183145271
-0.0160579418
-0.0145467167
-0.0140345187
-0.0147685415
-0.0172771795
-0.0225551405
-0.0319323103
-0.0465966137
-0.0670931653
-0.0928487770
-0.1219831031
-0.1515330268
-0.1777798184
-0.1973394178
-0.2089110979
-0.2137955858
-0.2145350021
-0.2132828638
-0.2112859105
-0.2094940036
-0.2088841042
-0.2100391180
-0.2125757870
-0.2151934902
-0.2165644008
-0.2159760964
-0.2132126801
-0.2088463130
-0.2042371082
-0.2003132793
-0.1966593347
-0.1918665726
-0.1848447640
-0.1758152046
-0.1656467747
-0.1544043651
-0.1414401793
-0.1264628439
-0.1101901274
-0.0942304851
-0.0798738467
-0.0673522521
-0.0564713996
-0.0469193581
-0.0384500085
-0.0309483838
-0.0239578721
-0.0168254210
-0.0092352781
-0.0010978009
0.0074465151
0.0156945798
0.0230434676
0.0300436918
0.0377547348
0.0461846842
0.0543771630
0.0619494847
0.0697215071
0.0788860351
0.0899341958
0.1021643111
0.1141515887
0.1249569117
0.1348931956
0.1448349312
0.1549061837
0.1642650136
0.1719290611
0.1772993301
0.1799763665
0.1801005377
0.1787889603
0.1777419213
0.1784489452
0.1814174609
0.1860752544
0.1912026328
0.1957687006
0.1999461646
0.2047335280
0.2101199933
0.2144215755
0.2152203780
0.2109889266
0.2019269747
0.1890599134
0.1729653554
0.1537673661
0.1324050623
0.1109888241
0.0914022310
0.0738504354
0.0572107100
0.0403956102
0.0228680719
0.0041344043
-0.0159969254
-0.0367325883
-0.0568492059
-0.0754049033
-0.0912890161
-0.1034921377
-0.1121655387
-0.1180215360
-0.1219453119
-0.1253294251
-0.1291560236
-0.1334738550
-0.1362750096
-0.1328207657
-0.1196083435
-0.0963894008
-0.0650961590
-0.0299757840
0.0047657245
0.0380893723
0.0711626015
0.1037889098
0.1323403303
0.1524720379
0.1630776073
0.1662997582
0.1651177506
0.1614638061
0.1554243044
0.1457416556
0.1311259303
0.1103897222
0.0831876174
0.0538946634
0.0313617159
0.0190193015
0.0092772824
-0.0065512074
-0.0287921622
-0.0525103405
-0.0722097462
-0.0839055975
-0.0871169508
-0.0847583345
-0.0813580780
-0.0804621510
-0.0817736755
-0.0804459548
-0.0716538343
-0.0558075128
-0.0368518583
-0.0185411791
-0.0038041699
0.0055731613
0.0098375186
0.0109040142
0.0105170353
0.0089523732
0.0054080020
-0.0005247769
-0.0079615024
-0.0153049915
-0.0212748812
-0.0256655374
-0.0292994960
-0.0330581338
-0.0369765322
-0.0403778685
-0.0426582083
-0.0435298621
-0.0430656971
-0.0417385162
-0.0403805731
-0.0398063002
-0.0397382972
-0.0392811505
-0.0382680919
-0.0366893931
-0.0341165313
-0.0305602881
-0.0271956475
-0.0256320704
-0.0266991006
-0.0303217324
-0.0357038575
-0.0417768367
-0.0479269915
-0.0539448929
-0.0597204912
-0.0648370722
-0.0684208331
-0.0696298343
-0.0681240079
-0.0642649640
-0.0587921718
-0.0520553375
-0.0443491533
-0.0366715772
-0.0302520992
-0.0257534999
-0.0234893563
-0.0235179643
-0.0253983630
-0.0284105609
-0.0317881532
-0.0345315730
-0.0355872711
-0.0344937924
-0.0313212888
-0.0261917509
-0.0191737162
-0.0101149876
0.0012423734
0.0146847975
0.0292487160
0.0436642114
0.0573348812
0.0703098644
0.0820165132
0.0917099594
0.0997140220
0.1063040897
0.1111723814
0.1148101297
0.1174331787
0.1175896893
0.1135795335
0.1052785929
0.0942358310
0.0823835220
0.0705689513
0.0580796962
0.0434731541
0.0264578085
0.0084779771
-0.0084752989
-0.0225669596
-0.0327110740
-0.0391748111
-0.0430241214
-0.0453897349
-0.0469419799
-0.0475459354
-0.0467190753
-0.0439260029
-0.0385913656
-0.0305791626
-0.0204506992
-0.0091737006
0.0022146958
0.0126214396
0.0208630257
0.0260157730
0.0276484434
0.0257567126
0.0208365825
0.0137602624
0.0052425501
-0.0045611073
-0.0158581829
-0.0287106358
-0.0426387516
-0.0565361316
-0.0691386544
-0.0796740931
-0.0880506161
-0.0942844197
-0.0980300900
-0.0989638082
-0.0972367391
-0.0933884927
-0.0881423418
-0.0819193358
-0.0747086241
-0.0664454218
-0.0570704485
-0.0466116614
-0.0355251855
-0.0246324717
-0.0147101822
-0.0061458411
0.0011546311
0.0074832742
0.0131800668
0.0185454610
0.0236042966
0.0280613415
0.0315425580
0.0338255972
0.0348618651
0.0347172158
0.0335864963
0.0316882871
0.0291979996
0.0264405483
0.0238531099
0.0216656074
0.0198246089
0.0182070603
0.0167924463
0.0155494594
0.0143825736
0.0132588673
0.0121346210
0.0110071408
0.0098936867
0.0085584131
0.0066758549
0.0040406498
0.0004734297
-0.0041048128
-0.0096464824
-0.0160492350
-0.0230645703
-0.0302018803
-0.0367514363
-0.0419592296
-0.0454161676
-0.0472555464
-0.0478686745
-0.0475286435
-0.0462095502
-0.0437284406
-0.0399816747
-0.0349271581
-0.0285654308
-0.0211604172
-0.0133052700
-0.0055780413
0.0017136881
0.0084688204
0.0146902227
0.0202650354
0.0248812956
0.0282739991
0.0304248008
0.0315209842
0.0318745014
0.0318669432
0.0317616994
0.0315609243
0.0311820330
0.0307561938
0.0305370629
0.0306018320
0.0309386237
0.0314670126
0.0321092886
0.0332038470
0.0353352185
0.0387878323
0.0434429529
0.0490431290
0.0553649215
0.0621060483
0.0689389538
0.0755505636
0.0815253333
0.0865015998
0.0903876374
0.0931294059
0.0945435065
0.0944247341
0.0928055870
0.0899126538
0.0858809029
0.0804836402
0.0733485109
0.0642433690
0.0534780073
0.0421114636
0.0314799749
0.0226463052
0.0160816433
0.0116305370
0.0087764747
0.0069047140
0.0054820019
0.0041033276
0.0025450906
0.0009918182
-0.0001081501
-0.0004182268
0.0002473397
0.0018709223
0.0042663798
0.0072717228
0.0106552538
0.0141310768
0.0174779069
0.0204361385
0.0227272652
0.0240900725
0.0243459042
0.0234720909
0.0215253088
0.0185740956
0.0146135976
0.0094338672
0.0027085772
-0.0052248830
-0.0127703867
-0.0186593163
-0.0236263997
-0.0291288851
-0.0354852190
-0.0418539647
-0.0471761796
-0.0510271148
-0.0538768264
-0.0566871906
-0.0601144408
-0.0640436155
-0.0679404506
-0.0712705234
-0.0737964479
-0.0755667069
-0.0766731849
-0.0772560377
-0.0774557383
-0.0771697107
-0.0761226188
-0.0741580579
-0.0713191121
-0.0676543701
-0.0629965766
-0.0570164082
-0.0495563644
-0.0409250947
-0.0317368281
-0.0224368392
-0.0132572159
-0.0043036200
0.0043507489
0.0124174676
0.0194743627
0.0252170234
0.0295337380
0.0325302848
0.0345159326
0.0358404140
0.0367185516
0.0371821768
0.0370019063
0.0357745705
0.0331785047
0.0290344970
0.0233781898
0.0164540667
0.0085055477
-0.0002695882
-0.0095800673
-0.0188784366
-0.0274487163
-0.0346432371
-0.0400075569
-0.0435055095
-0.0455192201
-0.0466051406
-0.0472592885
-0.0475696316
-0.0473197438
-0.0463336631
-0.0445164139
-0.0419403128
-0.0388298790
-0.0354026235
-0.0317103690
-0.0276338350
-0.0231033884
-0.0180780197
-0.0126197882
-0.0070886948
-0.0017824517
0.0033527539
0.0084505017
0.0133409441
0.0175275859
0.0206466525
0.0227359244
0.0241014257
0.0252218929
0.0265566319
0.0282648583
0.0302375491
0.0323505701
0.0345461708
0.0367234158
0.0387435996
0.0405398043
0.0419754735
0.0430241585
0.0445175783
0.0470774884
0.0492525739
0.0490442458
0.0461221805
0.0413682894
0.0360180010
0.0309877735
0.0262943271
0.0213542321
0.0155905216
0.0088768914
0.0016974802
-0.0049796630
-0.0101856265
-0.0134720065
-0.0150453013
-0.0155315959
-0.0153437725
-0.0143382669
-0.0120870750
-0.0083106266
-0.0031430338
0.0030542409
0.0098192476
0.0166149228
0.0230667828
0.0289918787
0.0342622815
0.0387231055
0.0421638473
0.0444404027
0.0455408998
0.0455106721
0.0444927547
0.0427883074
0.0406704275
0.0382983408
0.0358582510
0.0336038199
0.0316888799
0.0300124955
0.0284105927
0.0271924347
0.0270742340
0.0282600100
0.0301139601
0.0318022217
0.0327704866
0.0329102771
0.0324865920
0.0316581176
0.0302386447
0.0278724913
0.0242239561
0.0191608068
0.0128266025
0.0055370903
-0.0023277731
-0.0104355090
-0.0185243530
-0.0263427993
-0.0337224441
-0.0407156552
-0.0476009179
-0.0546577918
-0.0618037715
-0.0684585713
-0.0739529586
-0.0780171019
-0.0808937860
-0.0829339822
-0.0843048400
-0.0849525305
-0.0848014186
-0.0838407067
-0.0821081860
-0.0796524452
-0.0765328176
-0.0728195397
-0.0686474745
-0.0641353941
-0.0592778471
-0.0540587429
-0.0486274680
-0.0432663822
-0.0381719255
-0.0333176494
-0.0284973748
-0.0234612087
-0.0181379087
-0.0126856158
-0.0073623159
-0.0023998193
0.0022166574
0.0066948034
0.0108652491
0.0140787672
0.0158485234
0.0162144577
0.0156580006
0.0148181888
0.0141154681
0.0136372769
0.0132211449
0.0126107215
0.0117358284
0.0107848395
0.0099892816
0.0094851817
0.0092957387
0.0093016773
0.0092876406
0.0091262658
0.0088537032
0.0085924781
0.0085050449
0.0086966474
0.0091268056
0.0096352245
0.0100313812
0.0101997797
0.0101177399
0.0098068569
0.0093162486
0.0086621007
0.0077953058
0.0066715994
0.0053064209
0.0037377146
0.0019786998
0.0000570013
-0.0020057057
-0.0041914806
-0.0064156248
-0.0085496957
-0.0105115942
-0.0123196709
-0.0140359954
-0.0156481506
-0.0170854340
-0.0183413726
-0.0194769562
-0.0205466858
-0.0215003793
-0.0222090334
-0.0226375773
-0.0228156882
-0.0227174575
-0.0223083438
-0.0215295219
-0.0203750533
-0.0189739255
-0.0174195264
-0.0157490753
-0.0139825584
-0.0121194304
-0.0101904589
-0.0081956386
-0.0061079863
-0.0039381287
-0.0017394004
0.0003348841
0.0020820635
0.0033464749
0.0040399670
0.0041307490
0.0035975012
0.0024421682
0.0007244962
-0.0014110308
-0.0037168934
-0.0059703501
-0.0081146733
-0.0101791163
-0.0121426344
-0.0139291214
-0.0154209216
-0.0165149402
-0.0171723274
-0.0173169714
-0.0168684574
-0.0158284104
-0.0142097768
-0.0119839590
-0.0090494765
-0.0053799444
-0.0011992396
0.0031379304
0.0073171199
0.0111410720
0.0145494266
0.0175729619
0.0202197706
0.0223743514
0.0238850419
0.0247016391
0.0248549211
0.0244258427
0.0235639013
0.0224288628
0.0211378430
0.0198074229
0.0185655158
0.0174833692
0.0165588235
0.0157584120
0.0150659436
0.0144916759
0.0140426274
0.0137139391
0.0134451557
0.0131078241
0.0125826745
0.0118178841
0.0108776874
0.0099207546
0.0090361491
0.0081671893
0.0071962251
0.0060493200
0.0047349802
0.0033095147
0.0018241395
0.0003388461
-0.0010807091
-0.0024446464
-0.0037771169
-0.0050120597
-0.0060394223
-0.0067556399
-0.0071161755
-0.0071258879
-0.0067335103
-0.0058067999
-0.0042315631
-0.0020304600
0.0006485692
0.0036793901
0.0069905964
0.0104826104
0.0140188835
0.0174844542
0.0207945834
0.0239346998
0.0269479774
0.0297874631
0.0323041991
0.0343643284
0.0358982229
0.0368929417
0.0373576465
0.0373004357
0.0367493721
0.0357697751
0.0344474532
0.0328644406
0.0310585235
0.0289784242
0.0265599241
0.0237932950
0.0207033764
0.0173268585
0.0137009927
0.0099040343
0.0061070760
0.0024780768
-0.0008798165
-0.0038600655
-0.0063206122
-0.0081195163
-0.0091989636
-0.0096210290
-0.0094855575
-0.0089085905
-0.0080288438
-0.0069677417
-0.0058294640
-0.0046632812
-0.0034327643
-0.0020881487
-0.0006410946
0.0008510269
0.0023011043
0.0035947696
0.0046169531
0.0052713688
0.0054853152
0.0052330483
0.0045708076
0.0036159273
0.0024834242
0.0012545804
0.0000007116
-0.0011937699
-0.0022508193
-0.0031362907
-0.0038639467
-0.0044689777
-0.0049884074
-0.0054678434
-0.0059627707
-0.0065149088
-0.0071501664
-0.0079003802
-0.0088028015
-0.0098601192
-0.0110350978
-0.0122840233
-0.0135890746
-0.0149707669
-0.0164571683
-0.0180385613
-0.0196615139
-0.0212666454
-0.0228091779
-0.0242648119
-0.0256216805
-0.0268452319
-0.0278626148
-0.0285799068
-0.0288994225
-0.0287742087
-0.0282247700
-0.0273002244
-0.0260664153
-0.0245940453
-0.0229430298
-0.0211732736
-0.0193614231
-0.0176110971
-0.0160329382
-0.0146857873
-0.0135728784
-0.0126467131
-0.0118171536
-0.0109929982
-0.0100954357
-0.0090321794
-0.0076958207
-0.0060221357
-0.0040309304
-0.0017870808
0.0006628891
0.0032671123
0.0059171037
0.0084608228
0.0107697601
0.0128196423
0.0146741323
0.0164131209
0.0181078557
0.0197648099
0.0213219137
0.0227376075
0.0240432040
0.0252635214
0.0263348706
0.0271185513
0.0274650554
0.0272718333
0.0264859984
0.0250962080
0.0231148792
0.0205592828
0.0174418412
0.0137895215
0.0097178464
0.0054448511
0.0011944675
-0.0028790463
-0.0066541488
-0.0099918010
-0.0127524915
-0.0148584942
-0.0163357231
-0.0172850976
-0.0178086277
-0.0179759411
-0.0178021545
-0.0172656674
-0.0163583872
-0.0151008237
-0.0135307682
-0.0117178379
-0.0097553995
-0.0077319711
-0.0056999100
-0.0036701175
-0.0016655281
0.0002179909
0.0018238976
0.0030190088
0.0037710603
0.0041547501
0.0042989654
0.0043135373
0.0042737596
0.0042543300
0.0043311869
0.0045610554
0.0049777766
0.0055895004
0.0063731812
0.0072772168
0.0082319901
0.0091694928
0.0100384472
0.0107940597
0.0114001694
0.0118470637
0.0121390512
0.0122577918
0.0121509284
0.0117715025
0.0110936107
0.0100907991
0.0087323162
0.0070262440
0.0050644047
0.0029958587
0.0009630953
-0.0009268565
-0.0026188379
-0.0040898556
-0.0053167527
-0.0062828051
-0.0069849860
-0.0074092109
-0.0075230926
-0.0073066665
-0.0067561427
-0.0058774758
-0.0047065437
-0.0033081179
-0.0017476128
-0.0000857539
0.0016184304
0.0033180220
0.0049733570
0.0065162108
0.0078514898
0.0089152860
0.0097027405
0.0102537989
0.0106137999
0.0108016233
0.0108005435
0.0106078613
0.0103072359
0.0100659755
0.0100551833
0.0103595878
0.0109300764
0.0116273983
0.0123517088
0.0131040927
0.0139374260
0.0148846410
0.0159074173
0.0169307335
0.0179227476
0.0189012648
0.0198452459
0.0206456574
0.0211778255
0.0213872386
0.0212949465
0.0209187545
0.0202192731
0.0191241747
0.0176118646
0.0157352450
0.0135763505
0.0112015644
0.0086643185
0.0060234483
0.0033363782
0.0006568637
-0.0019488167
-0.0043869665
-0.0065613009
-0.0084222694
-0.0099755942
-0.0112374714
-0.0122192278
-0.0129440781
-0.0134730069
-0.0139145025
-0.0143948584
-0.0150031276
-0.0157803298
-0.0167280848
-0.0178064523
-0.0189555222
-0.0201224079
-0.0212574464
-0.0223055862
-0.0232134010
-0.0239593011
-0.0245335688
-0.0248995031
-0.0250079861
-0.0248190830
-0.0243360329
-0.0236149618
-0.0227071417
-0.0216212212
-0.0203501662
-0.0189269141
-0.0174572435
-0.0160858088
-0.0149189231
-0.0139700884
-0.0131610441
-0.0124032721
-0.0116643850
-0.0109481727
-0.0102573240
-0.0095583823
-0.0087957514
-0.0079467671
-0.0070529837
-0.0061861835
-0.0054068270
-0.0047525161
-0.0042610429
-0.0039668394
-0.0038926808
-0.0040483372
-0.0044101684
-0.0049155656
-0.0054818484
-0.0060399198
-0.0065537374
-0.0070076448
-0.0074000277
-0.0077395135
-0.0080201635
-0.0082209386
-0.0083240282
-0.0083267275
-0.0082376747
-0.0080611834
-0.0077864614
-0.0074172931
-0.0070157376
-0.0066476438
-0.0062822494
-0.0058380597
-0.0053018955
-0.0047363744
-0.0042171601
-0.0037617951
-0.0033140936
-0.0028159816
-0.0022568817
-0.0016486660
-0.0010016985
-0.0003220131
0.0004021998
0.0012082020
0.0021547703
0.0033122633
0.0047218067
0.0063510728
0.0081051779
0.0098830269
0.0116047448
0.0132098869
0.0146622868
0.0159711172
0.0171984478
0.0184149861
0.0196201923
0.0207331012
0.0216430755
0.0222864260
0.0226993188
0.0229869925
0.0232482176
0.0235304926
0.0238257192
0.0240864098
0.0242688397
0.0243514194
0.0243282101
0.0241884249
0.0239110035
0.0234910976
0.0229654081
0.0223911404
0.0217920438
0.0211427601
0.0203990195
0.0195440965
0.0186173861
0.0176858221
0.0167834060
0.0158534617
0.0147804876
0.0134867737
0.0119723040
0.0102818882
0.0084700324
0.0065739827
0.0046146766
0.0026100872
0.0005825055
-0.0014294781
-0.0033469561
-0.0050356448
-0.0063691427
-0.0073271499
-0.0079883162
-0.0084578747
-0.0088005997
-0.0090154115
-0.0090747818
-0.0089884231
-0.0088232691
-0.0086473177
-0.0084864774
-0.0083164699
-0.0080984188
-0.0078290956
-0.0075495200
-0.0073255356
-0.0072024760
-0.0071787268
-0.0072440357
-0.0074189074
-0.0077411172
-0.0082014978
-0.0086823937
-0.0089975957
-0.0090105474
-0.0086910317
-0.0081038123
-0.0073805816
-0.0066875733
-0.0061656629
-0.0058310307
-0.0056000280
-0.0053987130
-0.0051568630
-0.0047809992
-0.0042548762
-0.0037271881
-0.0033903456
-0.0032468332
-0.0030718006
-0.0026282550
-0.0018660026
-0.0009187870
0.0000235488
0.0008245768
0.0014740272
0.0020858045
0.0027762193
0.0035620045
0.0043766099
0.0051226170
0.0057223042
0.0061637998
0.0064806162
0.0066684396
0.0066425362
0.0063003510
0.0056289324
0.0047413031
0.0038001860
0.0028779586
0.0019170884
0.0008473007
-0.0002746721
-0.0012979943
-0.0021149747
-0.0027478012
-0.0033005332
-0.0038043112
-0.0041694342
-0.0042864467
-0.0041477376
-0.0038817070
-0.0036507593
-0.0035123201
-0.0033820839
-0.0031731027
-0.0029405899
-0.0027984266
-0.0027750564
-0.0028237388
-0.0029215911
-0.0031094690
-0.0034179215
-0.0038045256
-0.0042020871
-0.0046213440
-0.0051764499
-0.0059530053
-0.0068915824
-0.0078582329
-0.0087935708
-0.0097715534
-0.0108596386
-0.0120092484
-0.0131383535
-0.0142447892
-0.0153679557
-0.0164760057
-0.0174507491
-0.0181934100
-0.0186694469
-0.0188664429
-0.0187736109
-0.0184152349
-0.0178641765
-0.0171916782
-0.0164096223
-0.0155136795
-0.0145594460
-0.0136224833
-0.0127119691
-0.0117863437
-0.0108256318
-0.0098395564
-0.0088221788
-0.0077680951
-0.0067102375
-0.0056955540
-0.0047281524
-0.0037928103
-0.0028983791
-0.0020657466
-0.0012861689
-0.0005538710
0.0000836349
0.0005929346
0.0010015063
0.0013202673
0.0015230960
0.0016273706
0.0017156152
0.0018522194
0.0020455489
0.0022983563
0.0025952581
0.0028815282
0.0031471803
0.0034569819
0.0038470947
0.0042925298
0.0048117445
0.0054691825
0.0062625810
0.0071374687
0.0080517621
0.0089579625
0.0098091064
0.0105668785
0.0111773071
0.0115907345
0.0117958286
0.0118481858
0.0118341491
0.0117683056
0.0116139438
0.0113856404
0.0111389866
0.0109328128
0.0108291833
0.0108399808
0.0109128427
0.0110002759
0.0110591064
0.0110283441
0.0108750621
0.0106213899
0.0103191449
0.0100336307
0.0098064070
0.0096175039
0.0094070111
0.0091225766
0.0087447703
0.0083556267
0.0080204599
0.0076539857
0.0072070967
0.0067510298
0.0062938831
0.0057660341
0.0051780584
0.0046388196
0.0042060149
0.0038550325
0.0035521930
0.0032654922
0.0029747968
0.0027199390
0.0025966660
0.0026389266
0.0027893478
0.0030197021
0.0033319867
0.0036633775
0.0039157525
0.0040613698
0.0041328836
0.0041315339
0.0040341676
0.0038617798
0.0036482118
0.0033603767
0.0029570407
0.0024867793
0.0020218066
0.0015536502
0.0010348134
0.0004806625
-0.0000508087
-0.0005510038
-0.0010494932
-0.0015004869
-0.0018034338
-0.0019695071
-0.0020527319
-0.0020567259
-0.0020662791
-0.0021944098
-0.0024395520
-0.0027122209
-0.0029481344
-0.0031853970
-0.0034631926
-0.0037751533
-0.0041434609
-0.0045920257
-0.0050833909
-0.0055573779
-0.0060231572
-0.0065180845
-0.0070518722
-0.0076488093
-0.0083380331
-0.0090779946
-0.0097575113
-0.0103166625
-0.0107792079
-0.0111586338
-0.0114857078
-0.0118165555
-0.0121463289
-0.0124053945
-0.0125462647
-0.0125883643
-0.0125316934
-0.0123476438
-0.0120486381
-0.0116594997
-0.0111656469
-0.0105741138
-0.0099539674
-0.0093651285
-0.0088329604
-0.0083795929
-0.0079942284
-0.0076077894
-0.0071673736
-0.0066961955
-0.0062282513
-0.0057673308
-0.0053462340
-0.0049766852
-0.0046083770
-0.0042213944
-0.0038541660
-0.0035220199
-0.0032094119
-0.0029214148
-0.0026319606
-0.0022660818
-0.0017990041
-0.0012487551
-0.0006254816
0.0000360334
0.0006972204
0.0013849373
0.0021445450
0.0029571534
0.0037762394
0.0045614836
0.0052653381
0.0058745277
0.0064196474
0.0069064819
0.0072999392
0.0075762755
0.0077052738
0.0076680330
0.0075390348
0.0074105817
0.0072886071
0.0071590690
0.0070414081
0.0069620731
0.0069939151
0.0072513664
0.0077802952
0.0085353678
0.0094269917
0.0103342667
0.0111605869
0.0119145798
0.0126394301
0.0133146225
0.0139050811
0.0143913757
0.0147260026
0.0149019541
0.0150152959
0.0151307973
0.0152279483
0.0152689681
0.0151939468
0.0149364954
0.0144933855
0.0138975282
0.0131278789
0.0121477421
0.0109803164
0.0096752652
0.0083324333
0.0071347853
0.0061967428
0.0054611003
0.0048128354
0.0041627381
0.0034374570
0.0026147550
0.0017462309
0.0008782472
0.0000400164
-0.0007163139
-0.0013867592
-0.0020107344
-0.0025695109
-0.0030169419
-0.0033461198
-0.0035671910
-0.0037129168
-0.0038787197
-0.0041324978
-0.0044283204
-0.0047150223
-0.0050059332
-0.0053187587
-0.0056723341
-0.0060798229
-0.0064732802
-0.0067474624
-0.0068802344
-0.0069034437
-0.0068456931
-0.0067749907
-0.0067480022
-0.0067388244
-0.0067334309
-0.0067857829
-0.0069190948
-0.0071069182
-0.0073562714
-0.0076747074
-0.0080195919
-0.0083779680
-0.0087838424
-0.0092550205
-0.0098120175
-0.0104855903
-0.0112395885
-0.0119887226
-0.0126871243
-0.0133072707
-0.0137967992
-0.0141373648
-0.0143376053
-0.0143505570
-0.0141206340
-0.0136748194
-0.0130622365
-0.0123298280
-0.0115596441
-0.0107770431
-0.0099307528
-0.0090035025
-0.0080217461
-0.0070086822
-0.0060312448
-0.0051740019
-0.0044080788
-0.0036558114
-0.0029187636
-0.0022038994
-0.0014927582
-0.0008407719
-0.0003246066
0.0000685447
0.0003644864
0.0005452939
0.0006304083
0.0006321353
0.0004930488
0.0002204342
-0.0000831661
-0.0003689122
-0.0006610969
-0.0009680383
-0.0012907393
-0.0016375118
-0.0019524947
-0.0021596413
-0.0022563059
-0.0022565758
-0.0021702737
-0.0020518581
-0.0019378143
-0.0017936541
-0.0016075572
-0.0014102882
-0.0011681672
-0.0008256586
-0.0003930750
0.0001448735
0.0008685898
0.0017927596
0.0028289761
0.0038825179
0.0048633581
0.0057082993
0.0064714701
0.0072308617
0.0079594859
0.0085995970
0.0091123349
0.0094442677
0.0095786594
0.0095835183
0.0094976994
0.0092823530
0.0089218174
0.0084301294
0.0078083633
0.0071024034
0.0063905101
0.0056980417
0.0050340199
0.0044154957
0.0038116525
0.0031897822
0.0026152457
0.0021922641
0.0019591568
0.0019046989
0.0019919727
0.0021371048
0.0022734389
0.0024214312
0.0026294952
0.0029214318
0.0033221769
0.0038441445
0.0044729230
0.0052210885
0.0061087750
0.0070759601
0.0080188562
0.0088802577
0.0096229185
0.0102268687
0.0107374470
0.0112053859
0.0116193585
0.0119539854
0.0121849881
0.0122648684
0.0121920065
0.0120236080
0.0117882915
0.0114666163
0.0110699197
0.0106089940
0.0100455185
0.0093794986
0.0086681452
0.0079179261
0.0070872922
0.0061702995
0.0051650659
0.0040768198
0.0030005017
0.0020432471
0.0012111004
0.0004809347
-0.0001754184
-0.0008159419
-0.0014354368
-0.0019533558
-0.0023436306
-0.0026686525
-0.0029833659
-0.0033179944
-0.0037061102
-0.0041349748
-0.0045670782
-0.0050135380
-0.0054850400
-0.0059653960
-0.0064711207
-0.0070054430
-0.0075063089
-0.0079510437
-0.0083909144
-0.0088367290
-0.0092566349
-0.0096657433
-0.0100775563
-0.0104407913
-0.0107236061
-0.0109405722
-0.0110987130
-0.0112115150
-0.0113156844
-0.0113782886
-0.0113243171
-0.0111677958
-0.0109788927
-0.0108131988
-0.0107311591
-0.0107500494
-0.0107700195
-0.0106879850
-0.0105039354
-0.0102373115
-0.0098805551
-0.0094406791
-0.0088977189
-0.0081836608
-0.0072704472
-0.0061893804
-0.0049724641
-0.0036795553
-0.0023904239
-0.0011292507
0.0001024486
0.0012782973
0.0024031904
0.0035081673
0.0045681860
0.0055399061
0.0064358436
0.0072740358
0.0080301935
0.0086713845
0.0091398632
0.0093643874
0.0093746451
0.0092780340
0.0091047819
0.0088165683
0.0083874899
0.0077770612
0.0069415684
0.0059339033
0.0048662216
0.0038045304
0.0027666407
0.0017589756
0.0007741414
-0.0001687679
-0.0009796922
-0.0015864503
-0.0019972344
-0.0022316908
-0.0023229042
-0.0023583099
-0.0023946873
-0.0024051583
-0.0023896676
-0.0024108788
-0.0025000412
-0.0026602855
-0.0028885349
-0.0031435546
-0.0034238331
-0.0038000748
-0.0042989421
-0.0048879971
-0.0055406312
-0.0062131295
-0.0068203190
-0.0073114671
-0.0077178814
-0.0080492691
-0.0082748784
-0.0083866007
-0.0083461207
-0.0080913687
-0.0076347619
-0.0070362105
-0.0063372636
-0.0056059401
-0.0049182755
-0.0042687176
-0.0036302779
-0.0030322638
-0.0025133729
-0.0020959499
-0.0018084927
-0.0016373461
-0.0014975038
-0.0013256554
-0.0011162429
-0.0008514540
-0.0005078710
-0.0000732958
0.0005092554
0.0013033946
0.0022760859
0.0033423110
0.0044485832
0.0055193961
0.0064568935
0.0072384147
0.0078769115
0.0083497092
0.0086492549
0.0087928192
0.0087847263
0.0086562733
0.0084679047
0.0082336680
0.0079470740
0.0076216197
0.0072459729
0.0068185088
0.0063921297
0.0060121639
0.0056478492
0.0052523403
0.0048310858
0.0044041642
0.0039832870
0.0035862660
0.0032025762
0.0027746288
0.0022637260
0.0016775313
0.0010211731
0.0003214854
-0.0003597600
-0.0010005256
-0.0016082554
-0.0021533227
-0.0026083644
-0.0029895173
-0.0032825877
-0.0034376502
-0.0034719227
-0.0034445045
-0.0033888593
-0.0033452496
-0.0033261434
-0.0032613224
-0.0030861279
-0.0028008296
-0.0024136316
-0.0019578347
-0.0015177438
-0.0011157570
-0.0006946099
-0.0002419652
0.0002151380
0.0006799592
0.0011400741
0.0015640275
0.0019891146
0.0024813965
0.0030278675
0.0035734747
0.0040642460
0.0044161457
0.0045934992
0.0046830401
0.0047618395
0.0048051787
0.0047833736
0.0046884367
0.0044887382
0.0041999323
0.0038992513
0.0036123885
0.0033304904
0.0030803819
0.0028804145
0.0027400858
0.0027059213
0.0027998335
0.0029676334
0.0031511399
0.0033104664
0.0033770144
0.0033172672
0.0031841712
0.0030093006
0.0027568177
0.0024069144
0.0019573779
0.0014027574
0.0008038255
0.0002712635
-0.0001381929
-0.0004103704
-0.0005467261
-0.0006052326
-0.0006303294
-0.0005650771
-0.0003607267
-0.0000817972
0.0001852367
0.0003872609
0.0004590603
0.0003850587
0.0002373956
0.0000591463
-0.0001753207
-0.0004882096
-0.0009054272
-0.0014522761
-0.0020696125
-0.0026663855
-0.0032144211
-0.0036852229
-0.0040264902
-0.0042502063
-0.0044251304
-0.0045763074
-0.0046857638
-0.0047584102
-0.0048081734
-0.0048569103
-0.0049543302
-0.0051030243
-0.0052271065
-0.0052673160
-0.0052164207
-0.0050729072
-0.0048572877
-0.0046064779
-0.0042730906
-0.0037759504
-0.0031501406
-0.0024899498
-0.0018454651
-0.0012522007
-0.0007203026
-0.0001923712
0.0003821544
0.0009917563
0.0016235036
0.0022530920
0.0028140814
0.0032894160
0.0037331775
0.0041613403
0.0045389857
0.0048504064
0.0050791417
0.0051973949
0.0052201718
0.0051943187
0.0051604235
0.0051520581
0.0051720282
0.0051737007
0.0051400766
0.0051350029
0.0051981507
0.0052779214
0.0053108987
0.0052561708
0.0050762804
0.0047914680
0.0044663387
0.0041129268
0.0037193599
0.0033072266
0.0028899121
0.0024772389
0.0021169727
0.0018445743
0.0016444444
0.0015010935
0.0014127949
0.0013526693
0.0013154825
0.0013643814
0.0015486972
0.0018528317
0.0022368990
0.0026437971
0.0030169625
0.0033541824
0.0036766129
0.0039670929
0.0042042476
0.0043743144
0.0044243470
0.0043103033
0.0040598714
0.0037065680
0.0032405701
0.0026697042
0.0020108085
0.0012313928
0.0003238411
-0.0006284965
-0.0015430057
-0.0023837342
-0.0031190004
-0.0037757365
-0.0044143927
-0.0049991837
-0.0054699288
-0.0058558332
-0.0062104302
-0.0065677265
-0.0069779200
-0.0074631295
-0.0079623758
-0.0084308545
-0.0089014980
-0.0094174698
-0.0100192658
-0.0107489696
-0.0115736703
-0.0123929721
-0.0131610018
-0.0138831474
-0.0145475529
-0.0151703934
-0.0157878351
-0.0163469916
-0.0167523209
-0.0169795498
-0.0170534915
-0.0170103121
-0.0169083023
-0.0167679773
-0.0165342751
-0.0161742794
-0.0156998621
-0.0151007655
-0.0143845532
-0.0135981784
-0.0127270591
-0.0117021233
-0.0105222859
-0.0092485367
-0.0079148827
-0.0065536951
-0.0052060069
-0.0038543756
-0.0024590266
-0.0010436007
0.0003454608
0.0016603633
0.0028194754
0.0038085196
0.0047254567
0.0056305785
0.0064957485
0.0072929208
0.0079945618
0.0085445404
0.0089482554
0.0092839673
0.0095851326
0.0098269276
0.0099893821
0.0100584702
0.0100250033
0.0099321713
0.0098447381
0.0097810488
0.0097281570
0.0096531356
0.0094987738
0.0092596783
0.0090194976
0.0088386926
0.0087010617
0.0085790871
0.0084565673
0.0083119233
0.0081608008
0.0080296484
0.0078914776
0.0077085077
0.0074677925
0.0071466572
0.0067402429
0.0063171030
0.0059463098
0.0056159966
0.0053006358
0.0049975302
0.0046770961
0.0043346416
0.0040325035
0.0038092199
0.0036558304
0.0035582481
0.0034730797
0.0033543402
0.0032291782
0.0031384502
0.0030575452
0.0029628777
0.0028585491
0.0027082898
0.0024909967
0.0022800191
0.0021457353
0.0020771903
0.0020514997
0.0020429178
0.0019858150
0.0018711234
0.0017731632
0.0017156285
0.0016708316
0.0016279232
0.0015390847
0.0013511529
0.0011234433
0.0009494365
0.0008149368
0.0006616014
0.0004757957
0.0002373184
-0.0000684083
-0.0003793057
-0.0006378389
-0.0008596659
-0.0010566111
-0.0012399556
-0.0014480730
-0.0016545713
-0.0017861022
-0.0018461198
-0.0018774781
-0.0018901080
-0.0019250278
-0.0020467896
-0.0022402811
-0.0024526625
-0.0026809653
-0.0029380361
-0.0032388779
-0.0036241334
-0.0040762069
-0.0044881782
-0.0047944723
-0.0049910935
-0.0050673021
-0.0050711886
-0.0050968253
-0.0051203034
-0.0050334615
-0.0048157370
-0.0045179179
-0.0041973213
-0.0039422481
-0.0037997070
-0.0037096268
-0.0036267254
-0.0035730227
-0.0035486812
-0.0035643328
-0.0036706045
-0.0038336021
-0.0039272984
-0.0038898411
-0.0037395279
-0.0034753869
-0.0031104794
-0.0026949999
-0.0022284081
-0.0016883606
-0.0011056201
-0.0005117727
0.0000740384
0.0005880879
0.0009952560
0.0013572487
0.0017105521
0.0020189506
0.0022722967
0.0024598513
0.0025276944
0.0024922342
0.0024460336
0.0024257402
0.0024169423
0.0024052848
0.0023434321
0.0021899347
0.0019831664
0.0017699753
0.0015381093
0.0012899983
0.0010478238
0.0007897279
0.0005263314
0.0003596862
0.0003646462
0.0005276428
0.0008230826
0.0012100106
0.0016225753
0.0020672000
0.0025906247
0.0031709363
0.0037657663
0.0043352831
0.0047867087
0.0050515510
0.0051808684
0.0052486575
0.0052502766
0.0051819476
0.0050463692
0.0047774789
0.0043517445
0.0038613506
0.0033907113
0.0029708594
0.0026180419
0.0022874609
0.0019151587
0.0015483621
0.0012665185
0.0010557563
0.0008850951
0.0007445509
0.0005856018
0.0003852294
0.0002202194
0.0001675261
0.0002230906
0.0003545836
0.0005182818
0.0006565758
0.0007760701
0.0009326437
0.0011197124
0.0012959861
0.0014481884
0.0015348679
0.0014950903
0.0013487171
0.0011617564
0.0009499684
0.0007102234
0.0004493313
0.0001439984
-0.0002112859
-0.0005501951
-0.0008175203
-0.0010104714
-0.0011360118
-0.0012334322
-0.0013698203
-0.0015442591
-0.0016784348
-0.0017478971
-0.0018061331
-0.0018890891
-0.0020309289
-0.0022747765
-0.0025957504
-0.0029283284
-0.0032683546
-0.0036467552
-0.0040778868
-0.0046008802
-0.0052240462
-0.0058634073
-0.0064511665
-0.0069844143
-0.0074545127
-0.0078539086
-0.0082128246
-0.0085166892
-0.0086877818
-0.0086904812
-0.0085479914
-0.0082991781
-0.0080093501
-0.0077367876
-0.0074550526
-0.0071004503
-0.0066616594
-0.0061467620
-0.0055762735
-0.0050286127
-0.0045377334
-0.0040207856
-0.0034097641
-0.0027220482
-0.0019834353
-0.0012286310
-0.0005175392
0.0001534944
0.0008454207
0.0015750197
0.0023249123
0.0030692457
0.0037575020
0.0043677687
0.0049552045
0.0055738917
0.0061918733
0.0067548089
0.0072270667
0.0075557550
0.0077327862
0.0078218390
0.0078617792
0.0078369555
0.0077327862
0.0075260725
0.0072016979
0.0068201125
0.0064541782
0.0061184715
0.0058194658
0.0055679531
0.0053385699
0.0051145829
0.0049361501
0.0048333866
0.0047699154
0.0047170225
0.0046510673
0.0045120883
0.0042926367
0.0040555355
0.0038330617
0.0036085898
0.0033557290
0.0030274149
0.0025800379
0.0020693505
0.0016102608
0.0012272728
0.0008737530
0.0005191111
0.0001333431
-0.0002865731
-0.0006784401
-0.0009926137
-0.0012222663
-0.0013628644
-0.0014465757
-0.0015228922
-0.0015553307
-0.0014679489
-0.0012600474
-0.0009594210
-0.0005746519
-0.0001635925
0.0001978013
0.0005238702
0.0008642522
0.0012102694
0.0015446285
0.0018587481
0.0021212160
0.0023430425
0.0025976304
0.0029158515
0.0032626240
0.0036212710
0.0039744125
0.0042625170
0.0044804580
0.0046912731
0.0049044648
0.0050897518
0.0052388779
0.0053101207
0.0052578762
0.0051203537
0.0049453751
0.0047198246
0.0044200619
0.0040149449
0.0034482344
0.0027235466
0.0019371681
0.0011566186
0.0003759241
-0.0004064655
-0.0011909112
-0.0019897032
-0.0027659341
-0.0034470668
-0.0040007700
-0.0044286094
-0.0047480182
-0.0050230615
-0.0053004770
-0.0055314798
-0.0056588531
-0.0056939344
-0.0056664167
-0.0056065065
-0.0055746645
-0.0055876162
-0.0055832972
-0.0055201530
-0.0054203027
-0.0053185628
-0.0052612964
-0.0052701483
-0.0052967032
-0.0052936810
-0.0052667486
-0.0052234089
-0.0051697602
-0.0051565370
-0.0052047885
-0.0052318828
-0.0051819042
-0.0050913932
-0.0049874419
-0.0048881871
-0.0048294651
-0.0047953006
-0.0047379278
-0.0046688429
-0.0046183790
-0.0045899355
-0.0046214552
-0.0047476434
-0.0049078877
-0.0050118924
-0.0050348853
-0.0049841508
-0.0048653578
-0.0047177969
-0.0045767128
-0.0044123131
-0.0041924302
-0.0039235393
-0.0036119566
-0.0032933576
-0.0030195015
-0.0027607577
-0.0024503622
-0.0020858331
-0.0016989045
-0.0013077671
-0.0009532759
-0.0006804456
-0.0004594502
-0.0002391996
-0.0000255019
0.0001598237
0.0002985273
0.0003681355
0.0003980469
0.0004685833
0.0006123553
0.0008082747
0.0010424071
0.0012708719
0.0014262589
0.0015263236
0.0016403133
0.0017798317
0.0019216170
0.0020370639
0.0020756543
0.0020197932
0.0019211312
0.0018248980
0.0017270457
0.0016158628
0.0014615556
0.0012134986
0.0008926322
0.0005875798
0.0003313944
0.0001013423
-0.0001126531
-0.0003300216
-0.0005685101
-0.0007856412
-0.0009246737
-0.0009868503
-0.0009898186
-0.0009492311
-0.0009155530
-0.0008994695
-0.0008458748
-0.0007593567
-0.0007092707
-0.0007207128
-0.0007991889
-0.0009842065
-0.0012693968
-0.0015895614
-0.0019218155
-0.0022869390
-0.0026887099
-0.0031370587
-0.0036472062
-0.0041752722
-0.0046549248
-0.0050660334
-0.0053959660
-0.0056459120
-0.0058731356
-0.0060917213
-0.0062277326
-0.0062450033
-0.0061726813
-0.0060393694
-0.0058855475
-0.0057592539
-0.0056297211
-0.0054273211
-0.0051651818
-0.0048827444
-0.0046033832
-0.0043830138
-0.0042348061
-0.0040713236
-0.0038340070
-0.0035523248
-0.0032329700
-0.0028623954
-0.0024751974
-0.0020555086
-0.0015175655
-0.0008488468
-0.0001016152
0.0006878011
0.0014566925
0.0021476471
0.0028050311
0.0034925861
0.0042032404
0.0049203175
0.0056310813
0.0062792906
0.0068238705
0.0073117794
0.0077840372
0.0082201341
0.0086092777
0.0089406707
0.0091749074
0.0093244103
0.0094539484
0.0095667504
0.0096379927
0.0096903446
0.0097200324
0.0097065355
0.0097140938
0.0098026067
0.0099396978
0.0100751692
0.0101858118
0.0102430226
0.0102435624
0.0102235924
0.0101895909
0.0101043119
0.0099526495
0.0097113944
0.0093362875
0.0088543119
0.0083372551
0.0077969942
0.0072119344
0.0065955671
0.0059419538
0.0052316272
0.0045171938
0.0038676899
0.0032923440
0.0027678941
0.0022551563
0.0017000499
0.0011071624
0.0005464969
0.0000295764
-0.0004876581
-0.0010170304
-0.0015906496
-0.0022602851
-0.0029793603
-0.0036426273
-0.0042213733
-0.0047501417
-0.0052594794
-0.0057824738
-0.0063178811
-0.0067949925
-0.0071668654
-0.0074464410
-0.0076304853
-0.0077270964
-0.0077799935
-0.0077837673
-0.0076790634
-0.0074475208
-0.0071215266
-0.0067091789
-0.0062250491
-0.0057036733
-0.0051278421
-0.0044605811
-0.0037164631
-0.0029219896
-0.0021146703
-0.0013740070
-0.0007314114
-0.0001082946
0.0005516210
0.0012230375
0.0018879236
0.0025167561
0.0030477364
0.0034861547
0.0038989894
0.0043086937
0.0047010189
0.0050556720
0.0053226172
0.0054810280
0.0055868116
0.0056839626
0.0057568245
0.0058005437
0.0058107960
0.0057411734
0.0055776391
0.0053796110
0.0051777562
0.0049447029
0.0046626968
0.0043236970
0.0039155571
0.0034795138
0.0030781748
0.0027084634
0.0023505187
0.0020022346
0.0016275040
0.0012086773
0.0008201302
0.0005351500
0.0003378970
0.0001958307
0.0000851818
-0.0000518559
-0.0002310806
-0.0003960204
-0.0005176635
-0.0005996153
-0.0006425237
-0.0006915845
-0.0007986660
-0.0009237739
-0.0010031678
-0.0010432153
-0.0010582736
-0.0010501236
-0.0010578422
-0.0011051760
-0.0011522403
-0.0011622248
-0.0011452236
-0.0011135964
-0.0010773809
-0.0010589225
-0.0010252973
-0.0009135205
-0.0007351963
-0.0005333775
-0.0003257670
-0.0001616424
-0.0000914891
-0.0000614266
0.0000140974
0.0001300404
0.0002441055
0.0003191756
0.0002922433
0.0001501230
-0.0000256366
-0.0001809440
-0.0003222385
-0.0004463644
-0.0005715535
-0.0007411349
-0.0009330608
-0.0010754945
-0.0011580186
-0.0011991454
-0.0011828459
-0.0011305464
-0.0010797050
-0.0010040358
-0.0008738541
-0.0007070794
-0.0005212418
-0.0003361165
-0.0001988269
-0.0000884481
0.0000847385
0.0003315866
0.0005957600
0.0008431696
0.0010273234
0.0010993766
0.0010996460
0.0011040174
0.0011167012
0.0011143803
0.0010785967
0.0009641205
0.0007614003
0.0005382242
0.0003404528
0.0001605303
0.0000107087
-0.0001142273
-0.0002742125
-0.0004736461
-0.0006421537
-0.0007534986
-0.0008264695
-0.0008661391
-0.0008994404
-0.0009579469
-0.0010095446
-0.0010106778
-0.0009626962
-0.0008835729
-0.0008078502
-0.0007927919
-0.0008473039
-0.0008953395
-0.0008843297
-0.0008470885
-0.0008182671
-0.0008249060
-0.0009035440
-0.0010221756
-0.0010940667
-0.0010946606
-0.0010617912
-0.0010373958
-0.0010787931
-0.0012071397
-0.0013557799
-0.0014733857
-0.0015784702
-0.0016878726
-0.0018108756
-0.0019943821
-0.0022635963
-0.0025637374
-0.0028446637
-0.0031181959
-0.0034030622
-0.0037169670
-0.0040852206
-0.0044813239
-0.0048393771
-0.0051312592
-0.0053544909
-0.0055245038
-0.0057058540
-0.0059298383
-0.0061236004
-0.0062185918
-0.0062347827
-0.0062126532
-0.0061764922
-0.0061559822
-0.0061306134
-0.0060399410
-0.0058888185
-0.0057171860
-0.0055299025
-0.0053498491
-0.0052083342
-0.0050587234
-0.0048376527
-0.0045624469
-0.0042633861
-0.0039391735
-0.0036233818
-0.0033428329
-0.0030449053
-0.0026753559
-0.0022431451
-0.0017772017
-0.0013276117
-0.0009537984
-0.0006346595
-0.0002982065
0.0000699555
0.0004451230
0.0008162267
0.0011520969
0.0014167233
0.0016556050
0.0019419285
0.0022690554
0.0025956964
0.0028843942
0.0030831750
0.0031894466
0.0032629029
0.0033268600
0.0033644787
0.0033751110
0.0033380862
0.0032142729
0.0030439356
0.0029118114
0.0028222171
0.0027424999
0.0026656429
0.0025677367
0.0024349106
0.0023116917
0.0022387203
0.0022023428
0.0021797824
0.0021439448
0.0020477656
0.0019009065
0.0017809797
0.0017238229
0.0017048246
0.0017049321
0.0016959188
0.0016332029
0.0015368617
0.0014752790
0.0014672370
0.0015016714
0.0015671397
0.0016217602
0.0016504730
0.0017056868
0.0018143329
0.0019473209
0.0020865153
0.0022158873
0.0022876165
0.0022983033
0.0023224283
0.0023971263
0.0024965976
0.0026055676
0.0026976982
0.0027460038
0.0027881558
0.0028705719
0.0029899048
0.0031376266
0.0032943628
0.0034090538
0.0034807295
0.0035827367
0.0037517783
0.0039578992
0.0041788079
0.0043862785
0.0045238538
0.0045947727
0.0046667724
0.0047637068
0.0048755911
0.0049942221
0.0050602302
0.0050340537
0.0049741446
0.0049249213
0.0048638250
0.0047766591
0.0046579729
0.0044773812
0.0042412518
0.0040149459
0.0038174069
0.0036176544
0.0034058664
0.0031595360
0.0028561572
0.0025304335
0.0022196061
0.0019075380
0.0015756073
0.0012279164
0.0008329464
0.0003701922
-0.0000903600
-0.0004896534
-0.0008466756
-0.0011911277
-0.0015580862
-0.0019917007
-0.0024779386
-0.0029484705
-0.0033691851
-0.0037422426
-0.0040701259
-0.0043989258
-0.0047791610
-0.0051651178
-0.0054894384
-0.0057598414
-0.0059908442
-0.0061878401
-0.0063934794
-0.0066217828
-0.0068133800
-0.0069337402
-0.0069947302
-0.0069985093
-0.0069769196
-0.0069769196
-0.0069461573
-0.0068101460
-0.0065904753
-0.0063265508
-0.0060226862
-0.0057204412
-0.0054559768
-0.0051900023
-0.0048849499
-0.0045410382
-0.0041566466
-0.0037601649
-0.0034171704
-0.0031245325
-0.0028133817
-0.0024636404
-0.0020863190
-0.0016725666
-0.0012560619
-0.0008974153
-0.0005564714
-0.0001540696
0.0002909383
0.0007376787
0.0011673531
0.0015355528
0.0018343977
0.0021180223
0.0024115245
0.0026947718
0.0029607473
0.0031800375
0.0033013674
0.0033641913
0.0034549722
0.0035751149
0.0036777705
0.0037466389
0.0037618051
0.0036989272
0.0035999958
0.0035244345
0.0034674391
0.0034140603
0.0033460552
0.0032103683
0.0030177946
0.0028464321
0.0027167902
0.0025981046
0.0024786098
0.0023318581
0.0021025295
0.0018119961
0.0015478011
0.0013286184
0.0011239551
0.0009175643
0.0006810035
0.0004069202
0.0001595268
-0.0000069869
-0.0001107782
-0.0001668664
-0.0001911272
-0.0002457366
-0.0003393735
-0.0004057003
-0.0004259455
-0.0004435945
-0.0004963365
-0.0006150382
-0.0008189462
-0.0010713751
-0.0013145208
-0.0015397485
-0.0017597939
-0.0019794074
-0.0022280048
-0.0025104433
-0.0027515915
-0.0028976947
-0.0029796789
-0.0030244769
-0.0030394271
-0.0030597206
-0.0030879481
-0.0030688424
-0.0029815690
-0.0028565150
-0.0027261713
-0.0026372789
-0.0026176338
-0.0026132619
-0.0025658741
-0.0024895031
-0.0024044972
-0.0023211638
-0.0022840845
-0.0023050798
-0.0023139316
-0.0022502984
-0.0021214664
-0.0019579839
-0.0018001691
-0.0016833186
-0.0015786660
-0.0014269496
-0.0012218550
-0.0009855636
-0.0007392877
-0.0005383861
-0.0004207213
-0.0003357526
-0.0002310949
-0.0001222919
-0.0000314614
0.0000253698
0.0000154512
-0.0000544437
-0.0001287099
-0.0001860450
-0.0002382850
-0.0002889545
-0.0003624002
-0.0004776908
-0.0005867096
-0.0006233031
-0.0005827702
-0.0004910711
-0.0003613324
-0.0002299205
-0.0001224885
0.0000110893
0.0002269125
0.0005217367
0.0008590477
0.0011839077
0.0014482646
0.0016643700
0.0018888948
0.0021450483
0.0024144785
0.0026789974
0.0029033603
0.0030546987
0.0031733298
0.0033220239
0.0034973259
0.0036630753
0.0037968186
0.0038732977
0.0039003914
0.0039463221
0.0040555619
0.0042193143
0.0044167988
0.0045994955
0.0047224985
0.0048200269
0.0049605165
0.0051495281
0.0053506854
0.0055408800
0.0056876888
0.0057675690
0.0058220805
0.0059014208
0.0060142228
0.0061518485
0.0062705891
0.0063072900
0.0062743682
0.0062425262
0.0062252555
0.0062009665
0.0061691192
0.0060994965
0.0059467491
0.0057394955
0.0055392603
0.0053607154
0.0051909757
0.0050020185
0.0047386328
0.0044067561
0.0040945261
0.0038350264
0.0035969539
0.0033751809
0.0031487126
0.0028635217
0.0025456781
0.0022840739
0.0020915007
0.0019254269
0.0017671796
0.0015855087
0.0013511603
0.0011082840
0.0009005440
0.0007079707
0.0005184192
0.0003108898
0.0000282031
-0.0003216673
-0.0006524589
-0.0009253438
-0.0011729154
-0.0014087209
-0.0016494377
-0.0019397558
-0.0022590026
-0.0025507238
-0.0028120579
-0.0030511027
-0.0032759514
-0.0035399845
-0.0038619841
-0.0041666046
-0.0044062967
-0.0046103126
-0.0047909578
-0.0049561144
-0.0051457188
-0.0053458477
-0.0054900100
-0.0055677308
-0.0056130696
-0.0056422123
-0.0056870113
-0.0057755242
-0.0058651169
-0.0059039773
-0.0059109957
-0.0059018178
-0.0058786138
-0.0058975041
-0.0059849373
-0.0060718359
-0.0061074571
-0.0061133904
-0.0061074571
-0.0061182492
-0.0061894915
-0.0062915013
-0.0063562704
-0.0063719214
-0.0063584246
-0.0063416938
-0.0063730012
-0.0064728462
-0.0065748560
-0.0066158759
-0.0066218145
-0.0066239687
-0.0066169609
-0.0066266734
-0.0066612201
-0.0066633743
-0.0066029295
-0.0064960608
-0.0063589697
-0.0062321363
-0.0061560352
-0.0060912714
-0.0059779295
-0.0058170893
-0.0056190083
-0.0053880637
-0.0051672069
-0.0049855894
-0.0047972796
-0.0045539185
-0.0042666772
-0.0039621113
-0.0036628880
-0.0034012838
-0.0031561951
-0.0028687924
-0.0025433926
-0.0022053100
-0.0018628549
-0.0015601774
-0.0013298230
-0.0011206264
-0.0008676037
-0.0005811182
-0.0003012662
-0.0000468695
0.0001526524
0.0002917932
0.0004240794
0.0005823642
0.0007542121
0.0009282194
0.0010684396
0.0011259193
0.0011311551
0.0011624048
0.0012277656
0.0012946370
0.0013568671
0.0013867676
0.0013519018
0.0012912903
0.0012640340
0.0012816832
0.0013381382
0.0014107306
0.0014502923
0.0014676175
0.0015355142
0.0016698513
0.0018402426
0.0020380516
0.0022317580
0.0023654473
0.0024591976
0.0025885695
0.0027638715
0.0029486732
0.0031143146
0.0032088202
0.0032127591
0.0031920878
0.0031943013
0.0032057429
0.0032224197
0.0032266837
0.0031588945
0.0030316275
0.0029418168
0.0029172054
0.0029155323
0.0029168820
0.0028918382
0.0028166003
0.0027389341
0.0027098422
0.0027275994
0.0027848102
0.0028509803
0.0028512497
0.0027749866
0.0027078452
0.0026885770
0.0026873888
0.0027082761
0.0027317537
0.0026831253
0.0025731286
0.0024869889
0.0024525545
0.0024590309
0.0024840196
0.0024569259
0.0023490886
0.0022401186
0.0021866854
0.0021752432
0.0022081120
0.0022747680
0.0023111449
0.0023045606
0.0023318703
0.0024291282
0.0025641132
0.0027199855
0.0028681938
0.0029746808
0.0030799812
0.0032288368
0.0033997674
0.0035807905
0.0037612743
0.0038729970
0.0038920493
0.0039043008
0.0039684738
0.0040575822
0.0041531136
0.0042353666
0.0042502095
0.0042086502
0.0041871156
0.0042040624
0.0042448658
0.0043052068
0.0043221541
0.0042470777
0.0041462572
0.0040773888
0.0040155895
0.0039439683
0.0038500561
0.0036796114
0.0034212449
0.0031454458
0.0028944200
0.0026506265
0.0023909109
0.0020704229
0.0016573718
0.0012030859
0.0007738968
0.0003733890
-0.0000121037
-0.0003857225
-0.0007858529
-0.0012359828
-0.0016664126
-0.0020067632
-0.0022632401
-0.0024671480
-0.0026590739
-0.0028813328
-0.0031205385
-0.0033137596
-0.0034289371
-0.0034733565
-0.0034561933
-0.0034152285
-0.0033957443
-0.0033674094
-0.0032624329
-0.0030726659
-0.0028300061
-0.0025642466
-0.0023167829
-0.0021125511
-0.0019185207
-0.0016971801
-0.0014588917
-0.0012295631
-0.0010436287
-0.0009392461
-0.0008865686
-0.0008085790
-0.0006879509
-0.0005498357
-0.0004029443
-0.0002757206
-0.0001981408
-0.0001314688
-0.0000160333
0.0001524150
0.0003441357
0.0005212353
0.0006373949
0.0006936879
0.0007481993
0.0008322885
0.0009362392
0.0010530352
0.0011512649
0.0011705871
0.0011282186
0.0011053877
0.0011124045
0.0011189348
0.0011060355
0.0010342518
0.0008925200
0.0007357843
0.0006101365
0.0005102548
0.0004233591
0.0003235315
0.0001631092
-0.0000421696
-0.0002165061
-0.0003341661
-0.0004275763
-0.0005170141
-0.0006230808
-0.0007797629
-0.0009551734
-0.0010792022
-0.0011434293
-0.0011616183
-0.0011507700
-0.0011629680
-0.0012034474
-0.0012037168
-0.0011282101
-0.0009993781
-0.0008327114
-0.0006434298
-0.0004741783
-0.0003245129
-0.0001343305
0.0001168732
0.0004003524
0.0006891477
0.0009436815
0.0011356080
0.0013040552
0.0014945779
0.0016929262
0.0018842043
0.0020521661
0.0021319913
0.0021160158
0.0020914039
0.0021032774
0.0021249205
0.0021231395
0.0020543240
0.0018896004
0.0016750061
0.0014790862
0.0013088563
0.0011512029
0.0010022394
0.0008131738
0.0005579375
0.0003139231
0.0001367369
-0.0000076567
-0.0001394996
-0.0002650612
-0.0004292724
-0.0006363109
-0.0008227317
-0.0009628439
-0.0010719763
-0.0011577931
-0.0012635249
-0.0014260361
-0.0015895185
-0.0016930919
-0.0017498168
-0.0017761018
-0.0017827402
-0.0018203593
-0.0019010484
-0.0019535093
-0.0019358602
-0.0018766529
-0.0018062194
-0.0017592630
-0.0017730801
-0.0018238691
-0.0018530138
-0.0018523665
-0.0018438931
-0.0018449723
-0.0019077423
-0.0020596746
-0.0022227797
-0.0023226289
-0.0023768715
-0.0024206431
-0.0024743458
-0.0025660446
-0.0026798729
-0.0027524659
-0.0027603999
-0.0027181939
-0.0026414989
-0.0025758147
-0.0025590299
-0.0025446729
-0.0024612316
-0.0023178267
-0.0021576914
-0.0019980410
-0.0018805972
-0.0018366101
-0.0018158847
-0.0017645030
-0.0016816010
-0.0015816988
-0.0015018736
-0.0014839546
-0.0014991748
-0.0014831458
-0.0014290112
-0.0013625712
-0.0012947820
-0.0012631544
-0.0013020147
-0.0013537204
-0.0013508056
-0.0013083842
-0.0012548975
-0.0012129609
-0.0012232693
-0.0012702802
-0.0012791855
-0.0012325535
-0.0011619581
-0.0010760339
-0.0010162322
-0.0010333954
-0.0010753326
-0.0010608682
-0.0009957773
-0.0009135772
-0.0008212311
-0.0007488541
-0.0007204646
-0.0006871094
-0.0006044244
-0.0004865108
-0.0003481419
-0.0002272869
-0.0001940401
-0.0002356961
-0.0002670435
-0.0002693051
-0.0002690515
-0.0002605942
-0.0002688358
-0.0003377534
-0.0004270887
-0.0004656251
-0.0004433185
-0.0003771916
-0.0002952346
-0.0002490452
-0.0002314665
-0.0001677414
-0.0000393163
0.0001204980
0.0003047543
0.0004874131
0.0006121647
0.0006953361
0.0008073288
0.0009546733
0.0011075768
0.0012565949
0.0013684796
0.0014186737
0.0014598545
0.0015364415
0.0016391510
0.0017775896
0.0019369161
0.0020480990
0.0021052559
0.0021836234
0.0023104050
0.0024526222
0.0026005060
0.0027294460
0.0027908663
0.0028089473
0.0028496962
0.0029278478
0.0030294781
0.0031280317
0.0031640847
0.0031273838
0.0030940286
0.0031013687
0.0031171823
0.0031268434
0.0031119471
0.0030255370
0.0028808904
0.0027493060
0.0026609529
0.0026070343
0.0025726538
0.0025136614
0.0024014532
0.0022830916
0.0022026720
0.0021432482
0.0020978575
0.0020615880
0.0019724790
0.0018134765
0.0016652682
0.0015671455
0.0014940672
0.0014385834
0.0013724673
0.0012498952
0.0011000138
0.0009788459
0.0008861754
0.0008117468
0.0007370488
0.0006033595
0.0003920625
0.0001748503
0.0000144981
-0.0001093957
-0.0002330521
-0.0003778818
-0.0005813903
-0.0008346290
-0.0010636337
-0.0012291677
-0.0013415383
-0.0014223893
-0.0015240191
-0.0016850192
-0.0018555724
-0.0019720985
-0.0020410754
-0.0020770755
-0.0020830665
-0.0021015789
-0.0021645648
-0.0022354313
-0.0022692179
-0.0022785011
-0.0022935593
-0.0023309086
-0.0024164014
-0.0025340072
-0.0026276495
-0.0026933343
-0.0027479542
-0.0027912400
-0.0028607573
-0.0029865671
-0.0031126463
-0.0031716382
-0.0031759566
-0.0031688864
-0.0031740676
-0.0032203221
-0.0033067862
-0.0033767884
-0.0034013463
-0.0033949774
-0.0033686929
-0.0033543904
-0.0033861261
-0.0034256343
-0.0034081477
-0.0033396561
-0.0032578884
-0.0031746631
-0.0031132968
-0.0030821005
-0.0030294236
-0.0029207230
-0.0027762934
-0.0026183700
-0.0024771786
-0.0023896348
-0.0023283770
-0.0022289062
-0.0020851233
-0.0019178628
-0.0017239404
-0.0015273726
-0.0013749544
-0.0012507643
-0.0010894953
-0.0008747930
-0.0006422797
-0.0004289647
-0.0002736754
-0.0001796124
-0.0000928412
0.0000096659
0.0001052644
0.0001858019
0.0002219309
0.0001639373
0.0000457906
-0.0000420778
-0.0000854371
-0.0001208756
-0.0001572100
-0.0002098170
-0.0002805156
-0.0003191330
-0.0002948942
-0.0002160244
-0.0000892649
0.0000628131
0.0001981811
0.0003234996
0.0004996924
0.0007355250
0.0009885472
0.0012416780
0.0014627491
0.0016063695
0.0016951535
0.0017843698
0.0018872413
0.0019969131
0.0020936851
0.0021207794
0.0020690737
0.0020097579
0.0019789935
0.0019659323
0.0019693864
0.0019578357
0.0018714796
0.0017258083
0.0016080405
0.0015502353
0.0015278368
0.0015224937
0.0014966951
0.0014269078
0.0013640299
0.0013531276
0.0013781709
0.0014290123
0.0014858992
0.0014901091
0.0014417496
0.0014175156
0.0014528678
0.0015149899
0.0015783537
0.0016192101
0.0015957864
0.0015248665
0.0014693287
0.0014491967
0.0014629053
0.0014976637
0.0014936157
0.0014266898
0.0013660243
0.0013608431
0.0013941443
0.0014595586
0.0015363610
0.0015641026
0.0015484505
0.0015584895
0.0016086836
0.0016783618
0.0017601840
0.0018152898
0.0018161526
0.0018214423
0.0018842657
0.0019810387
0.0020934623
0.0022128497
0.0022784259
0.0022703304
0.0022656880
0.0023078946
0.0023703946
0.0024337584
0.0024703508
0.0024421233
0.0023762231
0.0023345564
0.0023260280
0.0023454042
0.0023944650
0.0024210734
0.0023863690
0.0023536077
0.0023848034
0.0024620923
0.0025658805
0.0026854833
0.0027776145
0.0028296436
0.0029017502
0.0030334430
0.0031978967
0.0033622970
0.0034804961
0.0035125557
0.0035112065
0.0035502823
0.0036172617
0.0036836477
0.0037464716
0.0037640128
0.0037136557
0.0036579560
0.0036504004
0.0036839171
0.0037397237
0.0037829020
0.0037667100
0.0037094452
0.0036635141
0.0036276765
0.0035954010
0.0035772125
0.0035240492
0.0033771361
0.0031859660
0.0030195153
0.0028636424
0.0027013466
0.0025192438
0.0022754508
0.0019804914
0.0016961104
0.0014429797
0.0012094411
0.0009862109
0.0007244983
0.0003846123
0.0000313438
-0.0002564021
-0.0004954137
-0.0007266049
-0.0009662964
-0.0012548869
-0.0016030630
-0.0019415781
-0.0022261211
-0.0024722350
-0.0026885574
-0.0029069838
-0.0031705849
-0.0034393138
-0.0036510478
-0.0038203053
-0.0039757997
-0.0041097595
-0.0042405351
-0.0044065545
-0.0045799674
-0.0047041581
-0.0047830661
-0.0048428678
-0.0049026155
-0.0049966351
-0.0051185044
-0.0052016228
-0.0052140902
-0.0051805196
-0.0051148894
-0.0050551967
-0.0050737091
-0.0051436033
-0.0051609285
-0.0050968094
-0.0049800134
-0.0048403865
-0.0047233205
-0.0046450609
-0.0045540101
-0.0044040202
-0.0042050781
-0.0039751021
-0.0037396740
-0.0035542250
-0.0034159478
-0.0032438294
-0.0030150952
-0.0027817186
-0.0025663140
-0.0023770869
-0.0022404293
-0.0021308655
-0.0019846543
-0.0017994747
-0.0016076033
-0.0014288466
-0.0013068689
-0.0012543539
-0.0012025408
-0.0011096543
-0.0010024654
-0.0008918218
-0.0007860901
-0.0007296891
-0.0007168977
-0.0006739894
-0.0005698227
-0.0004326199
-0.0002907427
-0.0001747400
-0.0000971709
-0.0000155723
0.0001096835
0.0002609789
0.0004154910
0.0005591168
0.0006447170
0.0006720807
0.0007215195
0.0008200725
0.0009254269
0.0010170722
0.0010784924
0.0010878841
0.0010800575
0.0011080691
0.0011709470
0.0012496385
0.0013257391
0.0013608214
0.0013473822
0.0013431182
0.0013889943
0.0014674164
0.0015648907
0.0016639842
0.0017171465
0.0017265371
0.0017485582
0.0018002638
0.0018677291
0.0019294733
0.0019277462
0.0018380979
0.0017249715
0.0016502735
0.0016100639
0.0015857765
0.0015633775
0.0014970989
0.0013778200
0.0012884417
0.0012815334
0.0013253590
0.0013842424
0.0014260710
0.0014179210
0.0013879665
0.0013935790
0.0014338966
0.0014900276
0.0015506926
0.0015640232
0.0015055712
0.0014346513
0.0014003788
0.0013910956
0.0013812180
0.0013344242
0.0012027313
0.0009962870
0.0007852543
0.0006110855
0.0004743460
0.0003610578
0.0002139559
-0.0000158917
-0.0002708138
-0.0004695188
-0.0006175973
-0.0007438396
-0.0008705127
-0.0010529934
-0.0013027240
-0.0015472734
-0.0017397931
-0.0018990116
-0.0020562871
-0.0022491853
-0.0024979442
-0.0027521001
-0.0029541190
-0.0031170076
-0.0032615463
-0.0033848732
-0.0035196423
-0.0036920846
-0.0038456900
-0.0039224390
-0.0039394942
-0.0039278366
-0.0039079206
-0.0039130483
-0.0039400346
-0.0039398187
-0.0038942120
-0.0038100154
-0.0036911144
-0.0035848967
-0.0035368611
-0.0034996209
-0.0034008514
-0.0032423882
-0.0030518654
-0.0028486593
-0.0026743291
-0.0025356200
-0.0023749978
-0.0021594317
-0.0019053308
-0.0016341730
-0.0013941036
-0.0012265736
-0.0010778795
-0.0008755372
-0.0006341726
-0.0003871788
-0.0001403955
0.0000685208
0.0002148076
0.0003509853
0.0005172795
0.0007027774
0.0008993446
0.0010753484
0.0011775721
0.0012192933
0.0012625785
0.0013210305
0.0013828292
0.0014617906
0.0015280687
0.0015200261
0.0014709653
0.0014599010
0.0014829473
0.0015084754
0.0015273118
0.0014983290
0.0014089506
0.0013317158
0.0013101266
0.0013338202
0.0013940533
0.0014393366
0.0014100288
0.0013499577
0.0013507670
0.0014162898
0.0014991912
0.0015827939
0.0016335284
0.0016207905
0.0015939662
0.0016107510
0.0016645616
0.0017406088
0.0018099096
0.0018109348
0.0017579334
0.0017265757
0.0017210166
0.0017101678
0.0017051480
0.0016871750
0.0016069718
0.0014905537
0.0013952924
0.0013223209
0.0012566907
0.0011836658
0.0010602309
0.0008851438
0.0007329415
0.0006307179
0.0005453336
0.0004795140
0.0004115572
0.0002795838
0.0001123933
0.0000025191
-0.0000342171
-0.0000429224
-0.0000521836
-0.0000968314
-0.0002002966
-0.0003130235
-0.0003876944
-0.0004333660
-0.0004568226
-0.0004811049
-0.0005581884
-0.0006793569
-0.0007734845
-0.0008233012
-0.0008631868
-0.0008927100
-0.0009235823
-0.0009955815
-0.0010842585
-0.0011373139
-0.0011521562
-0.0011361801
-0.0011064415
-0.0011275448
-0.0012154125
-0.0012871957
-0.0012964249
-0.0012674416
-0.0012077484
-0.0011393119
-0.0011215548
-0.0011501062
-0.0011449790
-0.0010664495
-0.0009391286
-0.0007941585
-0.0006743937
-0.0006057408
-0.0005332568
-0.0003998582
-0.0002233199
-0.0000237213
0.0001867785
0.0003525763
0.0004564029
0.0005663770
0.0007191731
0.0008828170
0.0010370698
0.0011640668
0.0012347707
0.0012801080
0.0013506490
0.0014455864
0.0015562840
0.0016704897
0.0017428127
0.0017557655
0.0017753576
0.0018545890
0.0019583783
0.0020569858
0.0021362706
0.0021476048
0.0020903400
0.0020305923
0.0020034985
0.0020002593
0.0019960499
0.0019325241
0.0017826968
0.0016160301
0.0014904357
0.0013904245
0.0013046622
0.0012199798
0.0010842929
0.0008859981
0.0006942881
0.0005529341
0.0004367637
0.0003214569
0.0001806482
-0.0000114683
-0.0002160223
-0.0003784308
-0.0005048775
-0.0006104424
-0.0007066211
-0.0008481370
-0.0010585213
-0.0012704718
-0.0014227280
-0.0015259229
-0.0016048849
-0.0016787730
-0.0017873661
-0.0019281802
-0.0020386078
-0.0020846999
-0.0020675906
-0.0020020689
-0.0019456134
-0.0019443182
-0.0019498234
-0.0018920187
-0.0017757631
-0.0016304691
-0.0014806957
-0.0013776083
-0.0013304905
-0.0012677751
-0.0011449340
-0.0009817755
-0.0008087934
-0.0006759133
-0.0006174618
-0.0005800051
-0.0004895959
-0.0003428397
-0.0001671433
0.0000206239
0.0001739622
0.0002541974
0.0003124120
0.0004163357
0.0005605390
0.0007086392
0.0008328300
0.0009030480
0.0009206966
0.0009396944
0.0009911841
0.0010679871
0.0011671885
0.0012464738
0.0012476070
0.0011985457
0.0011688071
0.0011713979
0.0011896404
0.0012018918
0.0011656763
0.0010688498
0.0009627936
0.0008948425
0.0008594362
0.0008359580
0.0007965583
0.0007068561
0.0005998286
0.0005490402
0.0005497960
0.0005599964
0.0005820175
0.0005979930
0.0005793721
0.0005676600
0.0006063044
0.0006826755
0.0007705427
0.0008423794
0.0008691497
0.0008626728
0.0008694731
0.0008949483
0.0009217182
0.0009551269
0.0009652199
0.0008969988
0.0007774499
0.0006852643
0.0006335051
0.0005946987
0.0005501713
0.0004640098
0.0003292945
0.0001999927
0.0001139336
0.0000702104
0.0000631615
0.0000509664
-0.0000267653
-0.0001358135
-0.0001795150
-0.0001470993
-0.0000848152
-0.0000078426
0.0000521779
0.0000610125
0.0000619839
0.0001105482
0.0002016266
0.0003241979
0.0004561549
0.0005396988
0.0005823912
0.0006529327
0.0007540766
0.0008560308
0.0009725029
0.0010908106
0.0011601114
0.0011943834
0.0012527814
0.0013443721
0.0014562034
0.0015717043
0.0016362547
0.0016344197
0.0016305337
0.0016629171
0.0017127338
0.0017756112
0.0018294758
0.0018029209
0.0017150002
0.0016788927
0.0017188862
0.0017814937
0.0018370314
0.0018512799
0.0017977391
0.0017283303
0.0017028012
0.0017055000
0.0017177514
0.0017246602
0.0016685286
0.0015464969
0.0014418978
0.0013839317
0.0013344390
0.0012852162
0.0012199094
0.0010959886
0.0009376333
0.0008062644
0.0007096539
0.0006402451
0.0005844374
0.0004741554
0.0002882527
0.0001129017
-0.0000003242
-0.0000779720
-0.0001299907
-0.0001816424
-0.0003056441
-0.0004909315
-0.0006398195
-0.0007223976
-0.0007723227
-0.0008168497
-0.0009000756
-0.0010428321
-0.0011840781
-0.0012782068
-0.0013540920
-0.0014222051
-0.0014844891
-0.0015980470
-0.0017637964
-0.0018894987
-0.0019468175
-0.0019798489
-0.0019978754
-0.0020115305
-0.0020529817
-0.0020942165
-0.0020861750
-0.0020284243
-0.0019260387
-0.0017962889
-0.0017059393
-0.0016873189
-0.0016714514
-0.0016016647
-0.0015049462
-0.0014002941
-0.0013020645
-0.0012741069
-0.0013242470
-0.0013651044
-0.0013584115
-0.0013273777
-0.0012825269
-0.0012756186
-0.0013460526
-0.0014220458
-0.0014363482
-0.0014118993
-0.0013723376
-0.0013257592
-0.0013236007
-0.0013793539
-0.0014146521
-0.0013903652
-0.0013428150
-0.0012990433
-0.0012905159
-0.0013515588
-0.0014405058
-0.0014883794
-0.0014977166
-0.0014889733
-0.0014670602
-0.0014842774
-0.0015754913
-0.0016678919
-0.0016899130
-0.0016580154
-0.0016028556
-0.0015509879
-0.0015536333
-0.0016128406
-0.0016527262
-0.0016259024
-0.0015462391
-0.0014391037
-0.0013605742
-0.0013617074
-0.0013869127
-0.0013495099
-0.0012589984
-0.0011557490
-0.0010573579
-0.0010120752
-0.0010357688
-0.0010548750
-0.0010228695
-0.0009624745
-0.0008940919
-0.0008491866
-0.0008612226
-0.0008876150
-0.0008647847
-0.0008009355
-0.0007171169
-0.0006145153
-0.0005330329
-0.0005049242
-0.0004754770
-0.0003823315
-0.0002399955
-0.0000796651
0.0000760992
0.0001819822
0.0002355497
0.0002988755
0.0003990428
0.0005246311
0.0006700271
0.0007836934
0.0008074950
0.0007913575
0.0008205557
0.0008932567
0.0009749170
0.0010470781
0.0010718514
0.0010378489
0.0010017408
0.0010092969
0.0010493985
0.0010965163
0.0011151907
0.0010673170
0.0009833358
0.0009334652
0.0009219151
0.0009180290
0.0009215911
0.0009106349
0.0008489436
0.0007737063
0.0007481231
0.0007751634
0.0008297294
0.0008809497
0.0008845118
0.0008379868
0.0007952409
0.0007882241
0.0008076543
0.0008459748
0.0008751741
0.0008404152
0.0007565420
0.0007057001
0.0007121765
0.0007469349
0.0007878457
0.0007964811
0.0007510363
0.0006988987
0.0006856215
0.0007102869
0.0007613447
0.0007956167
0.0007613442
0.0006913961
0.0006688897
0.0007131472
0.0007862795
0.0008618413
0.0009151650
0.0009214260
0.0009110636
0.0009389672
0.0010085374
0.0011008305
0.0011884807
0.0012213501
0.0012101239
0.0012234011
0.0012740815
0.0013343146
0.0014051265
0.0014683813
0.0014760454
0.0014467387
0.0014412875
0.0014705403
0.0015197631
0.0015697411
0.0015726014
0.0015123144
0.0014497604
0.0014220728
0.0014134909
0.0014300063
0.0014465217
0.0013853168
0.0012552976
0.0011522642
0.0011072508
0.0010828553
0.0010497166
0.0009703762
0.0008215206
0.0006582541
0.0005349214
0.0004407342
0.0003705591
0.0003056140
0.0001823896
-0.0000001603
-0.0001640487
-0.0002839647
-0.0003998112
-0.0005155983
-0.0006369773
-0.0008049396
-0.0009983227
-0.0011551123
-0.0012676449
-0.0013519500
-0.0014233552
-0.0015380473
-0.0017158322
-0.0018768858
-0.0019722012
-0.0020336219
-0.0020756125
-0.0021178731
-0.0022212310
-0.0023801795
-0.0025077164
-0.0025616345
-0.0025661144
-0.0025554815
-0.0025786358
-0.0026642366
-0.0027549106
-0.0027856745
-0.0027685652
-0.0027227426
-0.0026565191
-0.0026270498
-0.0026541447
-0.0026554398
-0.0025833867
-0.0024770611
-0.0023658242
-0.0022709942
-0.0022231205
-0.0021954334
-0.0021378447
-0.0020516511
-0.0019485097
-0.0018398631
-0.0017706703
-0.0017626828
-0.0017563144
-0.0016963512
-0.0016071883
-0.0015077715
-0.0013988010
-0.0013246429
-0.0012949043
-0.0012434691
-0.0011280217
-0.0009616789
-0.0007723439
-0.0006158237
-0.0005320315
-0.0004644097
-0.0003448069
-0.0001817887
0.0000004712
0.0001834102
0.0003239596
0.0004099538
0.0005015234
0.0006458889
0.0008208130
0.0009928233
0.0011301828
0.0012008867
0.0012359151
0.0012947450
0.0013822883
0.0014833242
0.0015865191
0.0016433520
0.0016177153
0.0015610444
0.0015367024
0.0015406964
0.0015529484
0.0015545670
0.0015030232
0.0014000978
0.0013087224
0.0012594996
0.0012477335
0.0012622525
0.0012477870
0.0011593804
0.0010527309
0.0009996760
0.0009860209
0.0009837000
0.0009852656
0.0009467832
0.0008489304
0.0007565298
0.0007102213
0.0006837209
0.0006587855
0.0006085915
0.0005036634
0.0003881084
0.0003231471
0.0003013961
0.0002996582
0.0003170643
0.0003120124
0.0002402127
0.0001464572
0.0000945897
0.0000894298
0.0001121251
0.0001352577
0.0001150071
0.0000504501
-0.0000012403
-0.0000146369
0.0000074603
0.0000711542
0.0001226924
0.0000946968
0.0000318216
0.0000139248
0.0000390457
0.0000811819
0.0001249859
0.0001275872
0.0000794869
0.0000421083
0.0000591068
0.0001177262
0.0001903190
0.0002345062
0.0002096572
0.0001544164
0.0001468440
0.0001865731
0.0002376309
0.0002936974
0.0003200790
0.0002883863
0.0002512694
0.0002587932
0.0003039950
0.0003703702
0.0004253788
0.0004238514
0.0003821846
0.0003633697
0.0003789407
0.0004096833
0.0004607520
0.0005008804
0.0004677197
0.0003914781
0.0003646268
0.0003993094
0.0004567468
0.0005109513
0.0005184642
0.0004690740
0.0004265598
0.0004343156
0.0004815036
0.0005528876
0.0005992501
0.0005600118
0.0004759766
0.0004378558
0.0004542310
0.0004875266
0.0005228567
0.0005279139
0.0004686684
0.0003848384
0.0003332137
0.0003150789
0.0003238655
0.0003428098
0.0003174373
0.0002496964
0.0002136914
0.0002300882
0.0002652457
0.0003134214
0.0003551043
0.0003378870
0.0002776051
0.0002432031
0.0002453188
0.0002599992
0.0002712200
0.0002407957
0.0001579534
0.0000819871
0.0000532273
0.0000551843
0.0000774910
0.0000955016
0.0000467525
-0.0000563769
-0.0001205772
-0.0001174414
-0.0000823270
-0.0000425052
-0.0000419126
-0.0001099665
-0.0001971482
-0.0002427603
-0.0002390903
-0.0001939208
-0.0001424312
-0.0001526050
-0.0002217815
-0.0002674963
-0.0002572523
-0.0002216738
-0.0001802446
-0.0001563403
-0.0001770010
-0.0002201790
-0.0002318857
-0.0001950495
-0.0001328302
-0.0000754846
-0.0000663525
-0.0001120132
-0.0001451199
-0.0001258518
-0.0000811303
-0.0000232547
0.0000380822
0.0000560998
0.0000307629
0.0000299711
0.0000885964
0.0001867182
0.0002884939
0.0003532176
0.0003709960
0.0003836741
0.0004299392
0.0005026886
0.0005840791
0.0006566716
0.0006732955
0.0006293079
0.0006022136
0.0006278507
0.0006711905
0.0007131805
0.0007444303
0.0007470751
0.0007530661
0.0008094132
0.0009013284
0.0010132131
0.0011360002
0.0012169591
0.0012418404
0.0012791886
0.0013679731
0.0014724097
0.0015793832
0.0016800417
0.0017150161
0.0016853849
0.0016670345
0.0016872739
0.0017306137
0.0017804298
0.0017823188
0.0017076209
0.0016232623
0.0015862370
0.0015776016
0.0015774397
0.0015755506
0.0015215780
0.0014018132
0.0012936525
0.0012430800
0.0012200337
0.0011987685
0.0011543496
0.0010593581
0.0009535718
0.0009021901
0.0009034858
0.0009406185
0.0010058714
0.0010365812
0.0009916219
0.0009420751
0.0009552444
0.0010120773
0.0010853181
0.0011482500
0.0011499231
0.0010899055
0.0010284852
0.0009976669
0.0009918373
0.0009962632
0.0009563236
0.0008262498
0.0006644405
0.0005462953
0.0004571920
0.0003691197
0.0002711165
0.0001133929
-0.0001164865
-0.0003373903
-0.0004991402
-0.0006252307
-0.0007419733
-0.0008946609
-0.0011206974
-0.0013644369
-0.0015528547
-0.0016979867
-0.0018261169
-0.0019415638
-0.0020902040
-0.0022977825
-0.0025029316
-0.0026459587
-0.0027329081
-0.0027889317
-0.0028413387
-0.0029315803
-0.0030529108
-0.0031511404
-0.0032021982
-0.0032001472
-0.0031515723
-0.0031229134
-0.0031670630
-0.0032228167
-0.0032140188
-0.0031564301
-0.0030851868
-0.0030237660
-0.0030203659
-0.0030796817
-0.0031292279
-0.0031235608
-0.0030764969
-0.0030144834
-0.0029905198
-0.0030457876
-0.0031237772
-0.0031429915
-0.0031124431
-0.0030662430
-0.0030067653
-0.0029741124
-0.0029999110
-0.0030255476
-0.0029986693
-0.0029302322
-0.0028325970
-0.0027399260
-0.0027010661
-0.0026909191
-0.0026507096
-0.0025743925
-0.0024740039
-0.0023495978
-0.0022374431
-0.0021849816
-0.0021537318
-0.0020678616
-0.0019225142
-0.0017484534
-0.0015738527
-0.0014423218
-0.0013627125
-0.0012767343
-0.0011463372
-0.0009877120
-0.0008221251
-0.0006956674
-0.0006534069
-0.0006488735
-0.0005992189
-0.0004979721
-0.0003866810
-0.0002898924
-0.0002298534
-0.0002202896
-0.0002212719
-0.0001787687
-0.0000880518
0.0000314511
0.0001488330
0.0002231476
0.0002696178
0.0003473434
0.0004692779
0.0006115979
0.0007662290
0.0009087157
0.0009957191
0.0010500691
0.0011371270
0.0012679021
0.0014172975
0.0015551434
0.0016379368
0.0016711301
0.0017234291
0.0018218207
0.0019442844
0.0020843966
0.0022084254
0.0022567304
0.0022544089
0.0022860371
0.0023640812
0.0024488717
0.0025145564
0.0025262685
0.0024760745
0.0024194570
0.0023905817
0.0023816224
0.0023956009
0.0024022398
0.0023466480
0.0022554892
0.0022064278
0.0022098280
0.0022283944
0.0022555961
0.0022723274
0.0022392966
0.0021862418
0.0021718309
0.0021975220
0.0022456116
0.0022907859
0.0022724354
0.0021927722
0.0021443592
0.0021575284
0.0021941213
0.0022451252
0.0022777781
0.0022296890
0.0021320527
0.0020719276
0.0020639936
0.0020868239
0.0021202332
0.0021090064
0.0020388963
0.0019804443
0.0019677070
0.0019728882
0.0019982554
0.0020291272
0.0019915625
0.0018866940
0.0018023895
0.0017565123
0.0017068576
0.0016436558
0.0015386793
0.0013568464
0.0011528305
0.0009874050
0.0008504230
0.0007360559
0.0006282186
0.0004633168
0.0002413337
0.0000582268
-0.0000511192
-0.0001326413
-0.0001943588
-0.0002571072
-0.0003732235
-0.0005126828
-0.0006067787
-0.0006517915
-0.0006672817
-0.0006751077
-0.0007372838
-0.0008658459
-0.0009821026
-0.0010546416
-0.0011149287
-0.0011676061
-0.0012289724
-0.0013475500
-0.0015089275
-0.0016392712
-0.0017194743
-0.0017819737
-0.0018452296
-0.0019480471
-0.0021198955
-0.0023039419
-0.0024468609
-0.0025561548
-0.0026301509
-0.0026819106
-0.0027773880
-0.0029286184
-0.0030534565
-0.0031135821
-0.0031359265
-0.0031309073
-0.0031315006
-0.0031870923
-0.0032681053
-0.0033107432
-0.0033059399
-0.0032590915
-0.0031894673
-0.0031665289
-0.0032059287
-0.0032251429
-0.0031816412
-0.0031089413
-0.0030240963
-0.0029483731
-0.0029307239
-0.0029517732
-0.0029325590
-0.0028554866
-0.0027487291
-0.0026330663
-0.0025568032
-0.0025349441
-0.0024919823
-0.0023807448
-0.0022363692
-0.0020826013
-0.0019278087
-0.0018200259
-0.0017653514
-0.0016880631
-0.0015458459
-0.0013596950
-0.0011548693
-0.0009665595
-0.0008327082
-0.0007274623
-0.0005854071
-0.0003884238
-0.0001423960
0.0001372837
0.0003735156
0.0005179835
0.0006444625
0.0008220314
0.0010325242
0.0012483597
0.0014405555
0.0015658795
0.0016376626
0.0017211579
0.0018467518
0.0020020848
0.0021589284
0.0022689241
0.0023092416
0.0023410312
0.0024295458
0.0025528732
0.0026787910
0.0028020634
0.0028869624
0.0029226380
0.0029633324
0.0030392181
0.0031338316
0.0032304421
0.0032965588
0.0033030891
0.0032843068
0.0032881388
0.0033073531
0.0033289417
0.0033597061
0.0033630523
0.0032966122
0.0032065326
0.0031584430
0.0031432228
0.0031305934
0.0031003689
0.0030159558
0.0028835077
0.0027660098
0.0026926070
0.0026567154
0.0026478641
0.0026119185
0.0024995479
0.0023679090
0.0022987702
0.0022804197
0.0022725397
0.0022605582
0.0022089059
0.0021035521
0.0020004101
0.0019381261
0.0019057426
0.0018959195
0.0018693117
0.0017687606
0.0016299435
0.0015293390
0.0014669469
0.0014172922
0.0013784864
0.0013119384
0.0011769534
0.0010261542
0.0009275467
0.0008727648
0.0008420004
0.0008117759
0.0007255278
0.0005870346
0.0004713178
0.0004060436
0.0003692182
0.0003563889
0.0003334236
0.0002365539
0.0000957345
0.0000012311
-0.0000314224
-0.0000327760
-0.0000322746
-0.0000807608
-0.0001898228
-0.0002936118
-0.0003480862
-0.0003642725
-0.0003485558
-0.0003394452
-0.0004071158
-0.0005250726
-0.0006039205
-0.0006407299
-0.0006749484
-0.0007145641
-0.0007847822
-0.0009059501
-0.0010364563
-0.0011298827
-0.0011911949
-0.0012375035
-0.0012939045
-0.0014064371
-0.0015588013
-0.0016761372
-0.0017425232
-0.0017864568
-0.0018148463
-0.0018570528
-0.0019576574
-0.0020850863
-0.0021714418
-0.0022046891
-0.0022069561
-0.0022076039
-0.0022460864
-0.0023253177
-0.0023960751
-0.0024317513
-0.0024519368
-0.0024628391
-0.0024763328
-0.0025457945
-0.0026648040
-0.0027498104
-0.0027807368
-0.0027982239
-0.0028205144
-0.0028722201
-0.0029706657
-0.0030629043
-0.0030968534
-0.0030847094
-0.0030410997
-0.0029949531
-0.0030052621
-0.0030597741
-0.0030775312
-0.0030306293
-0.0029470255
-0.0028396207
-0.0027404732
-0.0027016134
-0.0027000478
-0.0026653439
-0.0025805529
-0.0024636489
-0.0023441540
-0.0022827872
-0.0022876985
-0.0022799264
-0.0022177504
-0.0021292898
-0.0020316535
-0.0019436243
-0.0019141017
-0.0019282427
-0.0019042246
-0.0018211072
-0.0017089525
-0.0015900510
-0.0015041273
-0.0014707181
-0.0014409795
-0.0013695742
-0.0012675660
-0.0011489349
-0.0010365103
-0.0009888526
-0.0010028311
-0.0009988911
-0.0009431380
-0.0008590488
-0.0007701563
-0.0007088435
-0.0007038783
-0.0007221747
-0.0007001542
-0.0006217322
-0.0005038888
-0.0003787808
-0.0003021022
-0.0002839297
-0.0002484968
-0.0001444488
-0.0000022578
0.0001522646
0.0003021460
0.0004086444
0.0004864078
0.0006009052
0.0007646036
0.0009449254
0.0011186083
0.0012488440
0.0013252151
0.0014099515
0.0015417524
0.0016940086
0.0018520934
0.0019993304
0.0020882768
0.0021201209
0.0021580630
0.0022412889
0.0023568977
0.0024756368
0.0025587007
0.0025759714
0.0025627487
0.0025767812
0.0026299980
0.0027196463
0.0028255940
0.0028798905
0.0028577620
0.0028413541
0.0028897136
0.0029738022
0.0030613995
0.0031210932
0.0031174766
0.0030797505
0.0030762418
0.0031228203
0.0031971943
0.0032712985
0.0032936969
0.0032522462
0.0032199707
0.0032477123
0.0033016309
0.0033556570
0.0034057976
0.0034098996
0.0033615401
0.0033250012
0.0033301824
0.0033618640
0.0034082265
0.0034284660
0.0033880945
0.0033308842
0.0033074060
0.0033082158
0.0033259184
0.0033594351
0.0033518250
0.0032678978
0.0031752273
0.0031286493
0.0031053331
0.0030830966
0.0030358709
0.0029216646
0.0027684377
0.0026470533
0.0025696570
0.0025272885
0.0025076428
0.0024401236
0.0022857084
0.0021224959
0.0020227011
0.0019664076
0.0019217727
0.0018692032
0.0017664942
0.0016090022
0.0014600387
0.0013525253
0.0012694619
0.0012026980
0.0011129417
0.0009526980
0.0007723762
0.0006452167
0.0005560543
0.0004802556
0.0004220032
0.0003390421
0.0001972134
0.0000526575
-0.0000381095
-0.0000882035
-0.0001184226
-0.0001558039
-0.0002517669
-0.0003912207
-0.0005024471
-0.0005714831
-0.0006170898
-0.0006458031
-0.0007065761
-0.0008487398
-0.0010193465
-0.0011367904
-0.0012012334
-0.0012432240
-0.0012864018
-0.0013761041
-0.0015163243
-0.0016401911
-0.0017167781
-0.0017627087
-0.0017819229
-0.0018168962
-0.0019223046
-0.0020515685
-0.0021267519
-0.0021571383
-0.0021789974
-0.0021988050
-0.0022458154
-0.0023378380
-0.0024227365
-0.0024599778
-0.0024611655
-0.0024410334
-0.0024340167
-0.0024852905
-0.0025611216
-0.0025906448
-0.0025781235
-0.0025493561
-0.0025025082
-0.0024805411
-0.0025270111
-0.0025921025
-0.0026092112
-0.0025772057
-0.0025166487
-0.0024576568
-0.0024490749
-0.0024853984
-0.0025029936
-0.0024816744
-0.0024384966
-0.0023768604
-0.0023360030
-0.0023719480
-0.0024472939
-0.0024820517
-0.0024770325
-0.0024656443
-0.0024638633
-0.0025066091
-0.0025916156
-0.0026577862
-0.0026811559
-0.0026741396
-0.0026431593
-0.0026272377
-0.0026714408
-0.0027384207
-0.0027541268
-0.0027195303
-0.0026682566
-0.0026151477
-0.0026008453
-0.0026439151
-0.0026896838
-0.0026883346
-0.0026469373
-0.0025870282
-0.0025385607
-0.0025464413
-0.0025892946
-0.0025989017
-0.0025698644
-0.0025222068
-0.0024559287
-0.0024003370
-0.0023873837
-0.0023797736
-0.0023209437
-0.0022170469
-0.0020981454
-0.0019880957
-0.0019216017
-0.0018855481
-0.0018202413
-0.0017105695
-0.0015759084
-0.0014261891
-0.0012948741
-0.0012250339
-0.0011854717
-0.0011030022
-0.0009697982
-0.0008173260
-0.0006658796
-0.0005537244
-0.0005000327
-0.0004543666
-0.0003679837
-0.0002367606
-0.0000697753
0.0000880401
0.0001792859
0.0002322220
0.0003265820
0.0004700893
0.0006266524
0.0007851156
0.0009095218
0.0009634404
0.0009903187
0.0010503359
0.0011380951
0.0012270415
0.0012919704
0.0012904593
0.0012417769
0.0012226707
0.0012491171
0.0012980700
0.0013671008
0.0014215588
0.0014094688
0.0013624050
0.0013545249
0.0013984586
0.0014721308
0.0015538990
0.0016002075
0.0015914102
0.0015735451
0.0015840161
0.0016199616
0.0016861317
0.0017559719
0.0017585628
0.0016999493
0.0016641112
0.0016712360
0.0016870495
0.0016939043
0.0016603331
0.0015671228
0.0014600418
0.0013882046
0.0013497762
0.0013223040
0.0012724339
0.0011566631
0.0009926947
0.0008682881
0.0008167983
0.0007994191
0.0007997431
0.0007962889
0.0007412376
0.0006549895
0.0006110024
0.0006323211
0.0007004882
0.0007840380
0.0008247329
0.0008048708
0.0007859805
0.0008091348
0.0008586275
0.0009308426
0.0010087787
0.0010281549
0.0009838434
0.0009561558
0.0009788782
0.0010221105
0.0010662600
0.0010745180
0.0010148243
0.0009395864
0.0009106576
0.0009294939
0.0009868667
0.0010475317
0.0010407848
0.0009685158
0.0009216139
0.0009415840
0.0009890257
0.0010343624
0.0010585419
0.0010310168
0.0009722404
0.0009401268
0.0009421238
0.0009604208
0.0009822794
0.0009610681
0.0008767096
0.0007966144
0.0007678471
0.0007590498
0.0007567288
0.0007649323
0.0007402669
0.0006683757
0.0006122986
0.0006110575
0.0006475969
0.0006975755
0.0007197580
0.0006851616
0.0006331325
0.0006135403
0.0006300018
0.0006763103
0.0007332512
0.0007390802
0.0006742593
0.0006154834
0.0006189915
0.0006628711
0.0007160884
0.0007422649
0.0007015161
0.0006248751
0.0005819672
0.0005840182
