0.0044386029
0.0039950949
0.0017351658
-0.0008648012
-0.0026550053
-0.0032831116
-0.0027656035
-0.0023911156
-0.0026844887
-0.0029834761
-0.0025396592
-0.0014311934
-0.0004468064
-0.0004512085
-0.0009762610
-0.0017323659
-0.0024802650
-0.0028175360
-0.0020241350
0.0000901242
0.0020382638
0.0015525388
-0.0006636803
-0.0011005282
0.0006294559
0.0026107778
0.0029605788
0.0004718198
-0.0032619890
-0.0054101206
-0.0049138033
-0.0023205116
-0.0000804888
0.0014527919
0.0025018514
0.0022596874
0.0002504923
-0.0015756864
-0.0014217467
0.0007640506
0.0024798209
0.0018154831
-0.0008352831
-0.0019957664
0.0007391659
0.0061146445
0.0098240598
0.0072535860
-0.0021164723
-0.0091000999
-0.0086344989
-0.0039183089
-0.0001308821
0.0013061328
0.0012230532
0.0013761540
0.0025444650
0.0034365118
0.0018934655
-0.0016670997
-0.0043733627
-0.0052472401
-0.0045476225
-0.0029892244
-0.0022315750
-0.0029388912
-0.0041117299
-0.0041451240
-0.0030803710
-0.0026509605
-0.0039758290
-0.0061425390
-0.0068189557
-0.0048964104
-0.0019488883
-0.0001269826
-0.0002925374
-0.0010196951
-0.0007695444
-0.0005771680
-0.0019407143
-0.0039775047
-0.0040399260
-0.0007663392
0.0039290804
0.0068813076
0.0070774186
0.0059553907
0.0059911955
0.0061426315
0.0028331035
-0.0041458508
-0.0091740456
-0.0067793229
0.0001121906
0.0055951056
0.0067986883
0.0040968002
0.0004265488
-0.0010053877
0.0004756779
0.0034210323
0.0048730413
0.0034215070
0.0005608734
-0.0018775835
-0.0039402144
-0.0064463361
-0.0088901574
-0.0098030927
-0.0069782905
0.0001958408
0.0074558322
0.0098783625
0.0082456654
0.0053287676
0.0033754754
0.0026132226
0.0006353979
-0.0041004270
-0.0092842471
-0.0101426021
-0.0055957695
-0.0004639163
0.0003477466
-0.0016181861
-0.0035649326
-0.0039681169
-0.0014229991
0.0008908904
-0.0001942274
-0.0036801741
-0.0066701507
-0.0061572090
-0.0022768525
0.0011427041
0.0025252176
0.0018840494
0.0002605093
-0.0017665990
-0.0044298819
-0.0056672061
-0.0022625977
0.0054017112
0.0125115004
0.0140561543
0.0096475396
0.0043792637
0.0018219525
0.0002040662
-0.0024332411
-0.0052568042
-0.0066992363
-0.0049022009
-0.0003282862
0.0025421537
0.0020310780
-0.0007126500
-0.0050740032
-0.0084066829
-0.0107939462
-0.0125900258
-0.0146011943
-0.0156915981
-0.0126002549
-0.0055515200
0.0007402657
0.0037590608
0.0055126904
0.0085201052
0.0152556262
0.0219161492
0.0210958079
0.0118804931
0.0023893473
-0.0018761916
-0.0021205946
-0.0027764935
-0.0050142163
-0.0069239530
-0.0064009498
-0.0041468899
-0.0041141151
-0.0070562144
-0.0107067646
-0.0111502825
-0.0067200010
-0.0018588282
-0.0007224425
0.0006229466
0.0046604787
0.0096325631
0.0133433719
0.0129084062
0.0096991883
0.0081488560
0.0097857801
0.0139895639
0.0181484645
0.0186284522
0.0139639073
0.0052861957
-0.0056105864
-0.0194277859
-0.0351466481
-0.0456599038
-0.0461562904
-0.0342883972
-0.0112741016
0.0117624102
0.0212119248
0.0188893784
0.0169741635
0.0181473080
0.0173062078
0.0113153071
0.0021570748
-0.0055281602
-0.0085195211
-0.0070608288
-0.0027503841
0.0031482758
0.0104618152
0.0175911021
0.0231977316
0.0217387733
0.0137890293
0.0063060776
0.0036474848
0.0054935882
0.0088119153
0.0084849422
0.0021164451
-0.0074441575
-0.0133342183
-0.0132237508
-0.0096431218
-0.0053621773
-0.0057877004
-0.0125107487
-0.0194563800
-0.0195542303
-0.0130461610
-0.0066184790
-0.0058939235
-0.0094237308
-0.0116646004
-0.0077693669
0.0012847876
0.0118961230
0.0207150640
0.0238943810
0.0225006600
0.0236283142
0.0293815976
0.0355638329
0.0349960159
0.0256406797
0.0132623601
0.0026938349
-0.0013100770
0.0057527849
0.0197893958
0.0318826012
0.0344649925
0.0273003576
0.0191796389
0.0167473825
0.0179908413
0.0182347556
0.0148563786
0.0070189062
-0.0030639929
-0.0113926645
-0.0172675927
-0.0210017336
-0.0234409405
-0.0256610223
-0.0287617388
-0.0351929538
-0.0442140947
-0.0535943127
-0.0611162033
-0.0641985259
-0.0635192064
-0.0619300221
-0.0641750493
-0.0696939131
-0.0738369640
-0.0701781913
-0.0522430405
-0.0218477778
0.0070259145
0.0203736522
0.0187572962
0.0132912665
0.0137576597
0.0187396424
0.0234791218
0.0265704303
0.0331543535
0.0472222982
0.0658500449
0.0793799405
0.0808913512
0.0747029403
0.0682315373
0.0641379839
0.0620494870
0.0621654247
0.0634684367
0.0648259771
0.0647785033
0.0623235741
0.0562557036
0.0486398890
0.0414513553
0.0345352086
0.0320671242
0.0357898275
0.0412327795
0.0435740957
0.0411212423
0.0349295874
0.0285177666
0.0245437418
0.0234841410
0.0235412598
0.0281572612
0.0328805903
0.0300547067
0.0167873737
-0.0003080475
-0.0131048873
-0.0224823818
-0.0307325054
-0.0390319243
-0.0467039267
-0.0517249351
-0.0561959827
-0.0635475403
-0.0723503599
-0.0792257810
-0.0800911790
-0.0777080674
-0.0765929264
-0.0774368716
-0.0754430331
-0.0710304054
-0.0669962375
-0.0627430313
-0.0513837719
-0.0275485394
0.0018969558
0.0213814771
0.0274247665
0.0274556909
0.0218323098
0.0104034474
0.0012264747
0.0036001054
0.0139459008
0.0220748595
0.0278984224
0.0282961204
0.0249817722
0.0196407238
0.0071681044
-0.0134679948
-0.0374704551
-0.0591124768
-0.0722291024
-0.0676152463
-0.0406818762
0.0019488501
0.0441991645
0.0526315849
0.0425243019
0.0312623434
0.0226984595
0.0203549055
0.0247311271
0.0370284002
0.0513520669
0.0625657999
0.0667368956
0.0624100213
0.0524742740
0.0454306074
0.0428488753
0.0406327718
0.0331956920
0.0200470838
0.0049210441
-0.0125234238
-0.0346284560
-0.0585977830
-0.0840545700
-0.1064978452
-0.1177051713
-0.1150307989
-0.1062533642
-0.0937719382
-0.0842132976
-0.0813494351
-0.0846534559
-0.0896779800
-0.0913398495
-0.0800565423
-0.0449514235
0.0211152137
0.0994554276
0.1344191603
0.1374468967
0.1348111510
0.1260397878
0.1116705729
0.0961062460
0.0830258184
0.0718598945
0.0582551164
0.0408428069
0.0229478209
0.0033706315
-0.0135909870
-0.0259265860
-0.0385899619
-0.0507726041
-0.0562484524
-0.0491248438
-0.0329949146
-0.0189569229
-0.0134147791
-0.0063564020
0.0094766978
0.0327577831
0.0548965904
0.0737348464
0.0873403183
0.0943646947
0.0987673767
0.0989047671
0.0936454765
0.0837522069
0.0709928196
0.0626128110
0.0642820820
0.0736681172
0.0801267987
0.0754242980
0.0655957337
0.0619236614
0.0690801085
0.0835457164
0.0911508797
0.0851612686
0.0709173589
0.0566771847
0.0471107725
0.0432477818
0.0451519812
0.0503447566
0.0530990594
0.0541194265
0.0529203073
0.0505261339
0.0504315971
0.0558144581
0.0651048057
0.0726971899
0.0735840985
0.0655180757
0.0543680997
0.0419170430
0.0252757854
0.0046698509
-0.0152410950
-0.0329484181
-0.0476217019
-0.0551233367
-0.0587337857
-0.0600041849
-0.0642184753
-0.0676188314
-0.0642709797
-0.0538866664
-0.0392034426
-0.0182413013
0.0024192858
0.0113111149
0.0055931333
-0.0178462344
-0.0486021991
-0.0796873921
-0.1101324474
-0.1136202337
-0.1039487780
-0.0894745542
-0.0757473044
-0.0639864265
-0.0524055730
-0.0477028583
-0.0471574482
-0.0490615782
-0.0563143721
-0.0732183022
-0.0973822541
-0.1253383216
-0.1452645064
-0.1497414926
-0.1560981143
-0.1583757544
-0.1491776481
-0.1314035090
-0.1083929199
-0.0837241621
-0.0521219507
-0.0231457360
-0.0267507668
-0.0445230960
-0.0654180397
-0.0816455531
-0.0869029934
-0.0785953230
-0.0671221787
-0.0692148390
-0.0890471751
-0.1171463576
-0.1425416773
-0.1549291967
-0.1503388172
-0.1293509210
-0.0958330264
-0.0654220874
-0.0602579756
-0.0555938759
-0.0446678764
-0.0320337886
-0.0240058142
-0.0151485588
0.0041465198
0.0288717726
0.0480571071
0.0491393981
0.0381130736
0.0261709513
0.0168177257
0.0113090795
0.0132525184
0.0204554793
0.0247924150
0.0251597784
0.0247287447
0.0225067316
0.0177157713
0.0106590711
0.0022978277
-0.0006681635
0.0064092592
0.0196558391
0.0302218362
0.0368344460
0.0426670642
0.0519925516
0.0589462321
0.0575606354
0.0458131034
0.0227575501
-0.0016940145
-0.0139692965
-0.0119459039
0.0001964369
0.0102441068
0.0127543855
0.0149967354
0.0254519991
0.0414585602
0.0551813981
0.0660501168
0.0800120176
0.0969670181
0.1069644292
0.1072849491
0.1055852048
0.1088776029
0.1180725289
0.1282500048
0.1301741073
0.1207204756
0.1095505039
0.1090532731
0.1207907899
0.1347828171
0.1366951234
0.1155954529
0.0724490081
0.0231000433
-0.0209551446
-0.0499741897
-0.0511165371
-0.0249392482
0.0042048009
0.0171127509
0.0090748943
0.0015063019
0.0054449557
0.0210538390
0.0444848511
0.0694218499
0.0873686522
0.0926876175
0.0961079229
0.1069070675
0.1243658909
0.1326835649
0.1150854428
0.0750202220
0.0265881824
-0.0216956653
-0.0581954996
-0.0756485405
-0.0778304236
-0.0573504557
-0.0299336748
-0.0142216821
-0.0151122105
-0.0253250575
-0.0359508912
-0.0405630878
-0.0344281238
-0.0173537682
0.0015519773
0.0092758915
0.0005246934
-0.0173668654
-0.0337957345
-0.0408603855
-0.0352637134
-0.0215451776
-0.0112538920
-0.0112228114
-0.0200403820
-0.0345799183
-0.0523550172
-0.0713910553
-0.0888656647
-0.1034401557
-0.1132719582
-0.1172418833
-0.1144479881
-0.1042409062
-0.0945320960
-0.0948660890
-0.1042428722
-0.1188698099
-0.1374000013
-0.1575230777
-0.1643367425
-0.1540928844
-0.1310404883
-0.0996028795
-0.0624709681
-0.0304175887
-0.0134512315
-0.0111640909
-0.0154273007
-0.0135121320
0.0051588938
0.0402216355
0.0812797568
0.1085201911
0.1149074019
0.1069298503
0.0918029640
0.0666176042
0.0337336081
-0.0055839976
-0.0382915713
-0.0621062126
-0.0780143048
-0.0875260499
-0.0918641999
-0.0926431506
-0.0927952863
-0.0950499701
-0.1012403471
-0.1101613017
-0.1199124971
-0.1276749424
-0.1298158859
-0.1239718185
-0.1117240603
-0.0991771772
-0.0899937005
-0.0843591882
-0.0806778062
-0.0809189334
-0.0839518162
-0.0816474035
-0.0672849541
-0.0447435684
-0.0206199835
-0.0003496655
0.0138419848
0.0208592083
0.0247187296
0.0310840134
0.0436169493
0.0596993931
0.0723626187
0.0734328880
0.0676959690
0.0644501772
0.0668447379
0.0744880074
0.0870060362
0.1063016474
0.1252784735
0.1296747369
0.1281924118
0.1228976171
0.1193260433
0.1180203714
0.1163616244
0.1091241078
0.1005129178
0.0975499445
0.1056660431
0.1186876634
0.1286712546
0.1307362748
0.1241055082
0.1108018211
0.1010889054
0.1044823225
0.1230011225
0.1422191914
0.1547576900
0.1581526684
0.1547564178
0.1455340832
0.1305013926
0.1151827611
0.1060463533
0.1017974839
0.1006277568
0.1031849194
0.1150756127
0.1326768572
0.1468805213
0.1491374603
0.1451288507
0.1418961272
0.1407676866
0.1370035581
0.1285689056
0.1190412010
0.1221384423
0.1478905956
0.1781831104
0.1724094729
0.1199957640
0.0521814057
0.0013338919
-0.0323499312
-0.0338852522
-0.0290615055
-0.0331287894
-0.0473746824
-0.0638586349
-0.0691815900
-0.0637884362
-0.0537318015
-0.0420941703
-0.0248394319
-0.0025747626
0.0131997596
0.0122199100
0.0012487440
-0.0102732791
-0.0171380143
-0.0212413342
-0.0193700715
-0.0059782197
0.0191212190
0.0525288139
0.0808578131
0.0867083569
0.0744546428
0.0658208436
0.0651412350
0.0719442023
0.0813732587
0.0807883084
0.0666927179
0.0520018787
0.0455948226
0.0412753960
0.0263729026
0.0082768385
-0.0005880474
0.0009790551
0.0083087575
0.0082876111
-0.0033267423
-0.0172426473
-0.0219565163
-0.0156865095
-0.0060295157
-0.0016938931
-0.0017814749
-0.0050143262
-0.0120733544
-0.0176393334
-0.0176415769
-0.0118003198
-0.0047771802
-0.0045265080
-0.0133070294
-0.0298224440
-0.0490224543
-0.0623060533
-0.0736357356
-0.0935995062
-0.1167348801
-0.1333399859
-0.1403090823
-0.1413942704
-0.1415510898
-0.1424948975
-0.1467666653
-0.1553753110
-0.1650474028
-0.1726673691
-0.1770506799
-0.1776909102
-0.1725144818
-0.1609870405
-0.1456762731
-0.1297700313
-0.1105354247
-0.0828870980
-0.0480061928
-0.0187494263
0.0032832989
0.0186119722
0.0278850939
0.0240380628
0.0049983927
-0.0321819517
-0.0799787686
-0.1102043808
-0.1061642570
-0.0759708530
-0.0457867297
-0.0421870476
-0.0545867680
-0.0627887703
-0.0564822590
-0.0357207159
-0.0127462323
0.0016421982
0.0025078923
-0.0114072651
-0.0317242842
-0.0484924255
-0.0576242999
-0.0570655267
-0.0441178578
-0.0245103945
-0.0103792537
-0.0083704097
-0.0139018098
-0.0235435843
-0.0353055030
-0.0449522735
-0.0492618006
-0.0485106113
-0.0466356710
-0.0495748380
-0.0558719412
-0.0610829544
-0.0637126286
-0.0626228146
-0.0555982763
-0.0458743971
-0.0359029780
-0.0297173426
-0.0254639918
-0.0240281343
-0.0245032301
-0.0268499759
-0.0282543886
-0.0285913306
-0.0314238061
-0.0393890065
-0.0532774473
-0.0697192401
-0.0841777935
-0.0962184829
-0.1094770671
-0.1192436438
-0.1224108524
-0.1244252764
-0.1288231589
-0.1344910936
-0.1413099048
-0.1485407716
-0.1558526503
-0.1607865059
-0.1599542991
-0.1528859762
-0.1428966027
-0.1351970701
-0.1313209938
-0.1288571596
-0.1243682038
-0.1176871879
-0.1092231608
-0.0994504547
-0.0900755797
-0.0842038144
-0.0829476978
-0.0876353956
-0.0994726014
-0.1182102663
-0.1382303577
-0.1534400484
-0.1575478265
-0.1468169146
-0.1265448828
-0.1011588149
-0.0731338209
-0.0519446673
-0.0427101260
-0.0401907342
-0.0321506051
-0.0172515523
-0.0033483969
0.0093675256
0.0238398354
0.0431066270
0.0654334788
0.0852567365
0.1022091349
0.1152588578
0.1258005688
0.1335070981
0.1368806815
0.1391270387
0.1413791204
0.1426073079
0.1420794879
0.1400812547
0.1372625530
0.1342968041
0.1298127056
0.1229783976
0.1144034056
0.1041514521
0.0907676783
0.0772017582
0.0690616625
0.0652272775
0.0606079859
0.0566234717
0.0583476931
0.0658051732
0.0783449439
0.0941243192
0.1079448975
0.1184302298
0.1280177247
0.1348752781
0.1361764397
0.1308759204
0.1181620408
0.0984034307
0.0724153544
0.0463834357
0.0289974767
0.0201736033
0.0193912815
0.0242397943
0.0287024631
0.0290973739
0.0273637446
0.0267032179
0.0303651074
0.0379247515
0.0469187612
0.0550641131
0.0610386610
0.0651938551
0.0693886009
0.0762532089
0.0858327240
0.0975331755
0.1093201321
0.1198673941
0.1281123830
0.1333503365
0.1375626609
0.1410405593
0.1429009973
0.1431817920
0.1403705495
0.1354475649
0.1262273119
0.1096349852
0.0882825648
0.0673067538
0.0463859164
0.0298625914
0.0198303180
0.0108148555
0.0029106632
-0.0027702936
-0.0076977111
-0.0096732945
-0.0065228261
0.0014333572
0.0129122804
0.0241462751
0.0337766004
0.0449253448
0.0581375018
0.0735482474
0.0904770536
0.1075758630
0.1264688438
0.1433293017
0.1502806460
0.1459609997
0.1345239956
0.1248363491
0.1203486655
0.1164215304
0.1098771532
0.0965247781
0.0725486393
0.0389318536
0.0065942564
-0.0162503482
-0.0318401062
-0.0437872186
-0.0537630035
-0.0616890105
-0.0682071933
-0.0749434314
-0.0822323538
-0.0877726126
-0.0897687641
-0.0877280879
-0.0814918562
-0.0724382528
-0.0619548865
-0.0512457743
-0.0429811310
-0.0340602516
-0.0242935188
-0.0163433470
-0.0111215958
-0.0077565531
-0.0050214756
-0.0022649401
0.0000141097
0.0009774851
0.0001728540
-0.0043508396
-0.0136897566
-0.0257689744
-0.0372868746
-0.0458590448
-0.0513634525
-0.0567431159
-0.0626527676
-0.0674906928
-0.0724002623
-0.0787878778
-0.0861619176
-0.0955700416
-0.1065698364
-0.1173718722
-0.1273310037
-0.1380134589
-0.1510696582
-0.1677624256
-0.1867452075
-0.2021349051
-0.2111508649
-0.2157905685
-0.2180610962
-0.2153007970
-0.2011791278
-0.1693170310
-0.1256972946
-0.1011049805
-0.1097962571
-0.1225337868
-0.1197906035
-0.1030113888
-0.0811087705
-0.0601601947
-0.0460013040
-0.0360897446
-0.0268515372
-0.0191622222
-0.0160723824
-0.0163496729
-0.0121231700
0.0042929020
0.0364104206
0.0770272445
0.1147325992
0.1381063247
0.1416507210
0.1401925086
0.1409592006
0.1442722998
0.1484980395
0.1522425078
0.1540366792
0.1527805048
0.1425904232
0.1138201322
0.0607583868
-0.0008322115
-0.0450029623
-0.0557733567
-0.0580699053
-0.0465049592
-0.0282666647
-0.0131482150
-0.0052278354
-0.0030650979
-0.0040180684
-0.0105956899
-0.0206126456
-0.0300845209
-0.0339485756
-0.0313895221
-0.0230141858
-0.0122919532
-0.0031418885
-0.0010556115
-0.0012660132
0.0025232001
0.0063028336
0.0052199794
-0.0018479202
-0.0128018708
-0.0246266386
-0.0346458900
-0.0403273151
-0.0385723602
-0.0325536229
-0.0276091970
-0.0264128071
-0.0262583123
-0.0264448996
-0.0279367831
-0.0284411148
-0.0297016144
-0.0280976386
-0.0261094495
-0.0254226417
-0.0262030496
-0.0252173598
-0.0191545547
-0.0104281557
-0.0013830021
0.0035333883
0.0082013952
0.0125535676
0.0151339408
0.0151813163
0.0145191532
0.0162052568
0.0178339294
0.0170511507
0.0131652847
0.0066629227
-0.0033878602
-0.0165665255
-0.0319210544
-0.0511129924
-0.0796713170
-0.1061095552
-0.1148271418
-0.1109537254
-0.1020854488
-0.0923612573
-0.0858481053
-0.0844606120
-0.0867961341
-0.0901676359
-0.0926950768
-0.0967080810
-0.0996835444
-0.1017603029
-0.1045208913
-0.1087184127
-0.1133877223
-0.1169832931
-0.1167270738
-0.1134909965
-0.1114180543
-0.1120303555
-0.1157445238
-0.1171816882
-0.1160352643
-0.1120112735
-0.1011335457
-0.0842978945
-0.0638318044
-0.0477354076
-0.0350791036
-0.0284286883
-0.0285241620
-0.0301005614
-0.0316396583
-0.0295582854
-0.0237459692
-0.0181599773
-0.0129730017
-0.0074436602
0.0018667611
0.0141859467
0.0275769715
0.0404698057
0.0541105562
0.0691749981
0.0815811947
0.0908854664
0.0979759359
0.1037884891
0.1093387515
0.1158142021
0.1234189028
0.1313877230
0.1383124682
0.1428508637
0.1447120534
0.1431974045
0.1360253449
0.1218209292
0.0996416218
0.0725536700
0.0433866641
0.0158897156
-0.0024683312
-0.0063027700
-0.0029072822
0.0024696751
0.0054947002
0.0087500318
0.0146082257
0.0240823677
0.0387209916
0.0564438579
0.0772112992
0.0938745184
0.1019786474
0.1045728753
0.1011792847
0.0922873579
0.0788535084
0.0640565674
0.0508395646
0.0406886301
0.0340938128
0.0292056325
0.0243011921
0.0204017952
0.0180988802
0.0166124727
0.0159002859
0.0159492746
0.0194590110
0.0247926405
0.0304412851
0.0352119317
0.0422223205
0.0501502126
0.0584890734
0.0667139394
0.0709835677
0.0733456890
0.0757496173
0.0766153623
0.0752485122
0.0721096375
0.0668290675
0.0578464145
0.0424127011
0.0226274918
0.0053299328
-0.0079103887
-0.0177543401
-0.0247312312
-0.0287062968
-0.0291989596
-0.0291448419
-0.0295642008
-0.0300569561
-0.0293813084
-0.0293851306
-0.0303702769
-0.0328476478
-0.0349152990
-0.0352110123
-0.0315914676
-0.0240599492
-0.0132920124
0.0003191031
0.0198154514
0.0395164223
0.0547951435
0.0646330753
0.0697811121
0.0722996480
0.0751661126
0.0780517171
0.0786267794
0.0762825836
0.0725998138
0.0680081044
0.0620742936
0.0542675838
0.0429173508
0.0309558748
0.0198011225
0.0056954307
-0.0053180580
-0.0155378838
-0.0262364200
-0.0350518221
-0.0418027360
-0.0441810424
-0.0431952080
-0.0401782152
-0.0355421141
-0.0253604517
-0.0120235388
-0.0024645426
0.0040926403
0.0074505066
0.0092825297
0.0102458011
0.0108652435
0.0109152904
0.0084849191
0.0033171637
-0.0037498407
-0.0127098724
-0.0220107439
-0.0293166667
-0.0365058943
-0.0435343820
-0.0510891457
-0.0593791623
-0.0662389131
-0.0736162488
-0.0801750820
-0.0853079688
-0.0885637064
-0.0921115143
-0.0953186795
-0.0950001256
-0.0907068472
-0.0840272191
-0.0757922916
-0.0648409536
-0.0529794499
-0.0406178589
-0.0292608258
-0.0165287200
-0.0059248826
0.0052897577
0.0156878048
0.0220851985
0.0247058001
0.0221532576
0.0161479703
0.0086198520
0.0016214873
-0.0040800358
-0.0076192725
-0.0101634362
-0.0116755292
-0.0117806364
-0.0102633565
-0.0072135196
-0.0041899013
-0.0015173955
-0.0008984318
-0.0029808040
-0.0068909006
-0.0111787841
-0.0161615301
-0.0207323188
-0.0231945570
-0.0212630761
-0.0142424641
-0.0010278587
0.0178530923
0.0357645525
0.0445909008
0.0490870672
0.0514513858
0.0524425458
0.0496733474
0.0394743783
0.0190064147
-0.0087975460
-0.0319512907
-0.0412199426
-0.0378052518
-0.0278883090
-0.0175838278
-0.0094651734
-0.0047493089
-0.0035503811
-0.0010431845
0.0029920670
0.0079877345
0.0141790598
0.0215013468
0.0292617047
0.0374585665
0.0464134003
0.0535754158
0.0576794989
0.0592569218
0.0582966921
0.0523594119
0.0377837123
0.0146814486
-0.0155543117
-0.0409803535
-0.0506524106
-0.0546264817
-0.0589136192
-0.0636914071
-0.0690769281
-0.0763452651
-0.0833628182
-0.0870200875
-0.0864977609
-0.0815820043
-0.0738185759
-0.0644249079
-0.0513448909
-0.0298497255
0.0023505842
0.0359619414
0.0585570169
0.0730047572
0.0805717565
0.0825874526
0.0849229170
0.0880262298
0.0917136833
0.0937392674
0.0917187141
0.0840782779
0.0698584809
0.0487815874
0.0179990003
-0.0185590399
-0.0433926952
-0.0541689934
-0.0628379209
-0.0702810607
-0.0723882926
-0.0679840495
-0.0580076285
-0.0437246932
-0.0282409329
-0.0142971080
-0.0036095920
0.0030607663
0.0079689416
0.0144173420
0.0240565839
0.0360831815
0.0493596797
0.0605640394
0.0646457388
0.0603771514
0.0502848853
0.0373289013
0.0236589842
0.0133254464
0.0046306136
-0.0029482304
-0.0101905615
-0.0164743016
-0.0201924830
-0.0222261393
-0.0228868336
-0.0213384790
-0.0177425266
-0.0137515072
-0.0103213022
-0.0068774970
-0.0024197305
0.0019474057
0.0075988432
0.0149241891
0.0202330409
0.0236476506
0.0235603938
0.0195760820
0.0142648421
0.0068756582
-0.0043694411
-0.0149758146
-0.0201732969
-0.0202985616
-0.0147004959
-0.0047505273
0.0073737217
0.0185757049
0.0261176605
0.0287473636
0.0277789806
0.0246830751
0.0213590876
0.0191063986
0.0200739606
0.0237507744
0.0269699902
0.0275794175
0.0257690900
0.0223774134
0.0199532293
0.0229184866
0.0293283934
0.0352666335
0.0405364886
0.0447687104
0.0467288085
0.0471190529
0.0476161508
0.0480251303
0.0484877244
0.0488137897
0.0487364960
0.0478409600
0.0461591180
0.0450628451
0.0426919518
0.0394065851
0.0356741038
0.0278757264
0.0149690434
0.0012788456
-0.0088545723
-0.0153114209
-0.0206115817
-0.0261270165
-0.0293881144
-0.0319929010
-0.0303029984
-0.0243624800
-0.0173738275
-0.0100224953
-0.0027056802
0.0023942219
0.0087359747
0.0139872740
0.0166964971
0.0183629116
0.0202856552
0.0225206499
0.0236162578
0.0231750124
0.0225950408
0.0212814874
0.0195770072
0.0182404860
0.0165619169
0.0142129969
0.0120019298
0.0116565513
0.0117614792
0.0104212746
0.0096514428
0.0104079519
0.0116447320
0.0124101518
0.0129741177
0.0133255100
0.0133130026
0.0134130848
0.0121695393
0.0088412843
0.0059197941
0.0031323984
0.0005753093
-0.0019666398
-0.0032484986
-0.0044802566
-0.0053011288
-0.0054500338
-0.0044046294
-0.0032530088
-0.0008216343
0.0029768286
0.0061111173
0.0067784324
0.0076647744
0.0082329672
0.0078945507
0.0071313629
0.0056434716
0.0027897613
-0.0004585622
-0.0042698602
-0.0070523344
-0.0071957097
-0.0077505046
-0.0089807911
-0.0096049925
-0.0093143793
-0.0099003589
-0.0112119752
-0.0113711249
-0.0095641397
-0.0064865471
-0.0009803480
0.0064786946
0.0152461546
0.0202200015
0.0220280276
0.0198750509
0.0148090552
0.0091261845
0.0053514082
0.0034544027
0.0043090159
0.0061269438
0.0061356694
0.0041449736
0.0001144303
-0.0038656373
-0.0063416164
-0.0076537068
-0.0090693432
-0.0085942706
-0.0039048219
0.0016207697
0.0064442197
0.0094259628
0.0086991407
0.0046217914
-0.0000267734
-0.0035738445
-0.0055973296
-0.0076844925
-0.0104334119
-0.0127821122
-0.0159330491
-0.0190900806
-0.0222685708
-0.0265865633
-0.0296992552
-0.0278105469
-0.0211227945
-0.0092522471
0.0081971682
0.0249737577
0.0412967101
0.0550180040
0.0633280394
0.0671647374
0.0678986430
0.0682359320
0.0696865115
0.0702888669
0.0682923106
0.0619202498
0.0501425567
0.0368768601
0.0256618376
0.0156650625
0.0064773241
-0.0009456078
-0.0072907959
-0.0116625187
-0.0154776598
-0.0173388438
-0.0157395113
-0.0116979477
-0.0067379844
-0.0026459159
0.0000506964
0.0009943218
-0.0001275157
-0.0018495104
-0.0027698975
-0.0013413524
0.0034462119
0.0107051339
0.0178045662
0.0245029988
0.0291665144
0.0305432755
0.0282280844
0.0217603070
0.0112598537
-0.0027888280
-0.0165519191
-0.0260643523
-0.0315677076
-0.0330627714
-0.0292936179
-0.0238942018
-0.0195804940
-0.0165019242
-0.0144437677
-0.0130740669
-0.0106294766
-0.0066037280
-0.0008312377
0.0056320351
0.0105248725
0.0136083805
0.0141019743
0.0116027516
0.0072331336
0.0008067914
-0.0068544424
-0.0135913802
-0.0198109180
-0.0258059010
-0.0310452364
-0.0341444495
-0.0349373532
-0.0345456632
-0.0329806667
-0.0306567441
-0.0272136270
-0.0231828303
-0.0200911170
-0.0176972617
-0.0164068091
-0.0171342268
-0.0188905696
-0.0199055821
-0.0191680451
-0.0155791067
-0.0100944113
-0.0053570888
-0.0036345299
-0.0045192921
-0.0074137188
-0.0122091084
-0.0166264314
-0.0182559829
-0.0185867146
-0.0194460931
-0.0208950825
-0.0229191111
-0.0256251943
-0.0295740367
-0.0334988415
-0.0369544545
-0.0397441516
-0.0422171683
-0.0456634658
-0.0500624816
-0.0545765447
-0.0580046217
-0.0609992249
-0.0642719628
-0.0668099855
-0.0677247076
-0.0664831628
-0.0636345659
-0.0589629433
-0.0512549973
-0.0406848599
-0.0297068359
-0.0199791172
-0.0140255595
-0.0107789466
-0.0104811921
-0.0118052001
-0.0135221588
-0.0154482504
-0.0168157828
-0.0196064918
-0.0235090574
-0.0266558021
-0.0283994697
-0.0294107930
-0.0304338200
-0.0311297119
-0.0294905732
-0.0243427735
-0.0160392549
-0.0060077101
0.0038081363
0.0100572939
0.0147475880
0.0174089441
0.0169067346
0.0161069729
0.0146421859
0.0142853061
0.0157406909
0.0179053944
0.0205311886
0.0223061508
0.0238862162
0.0260160633
0.0263666807
0.0248179155
0.0210041969
0.0161191796
0.0095147404
0.0026472748
-0.0025076483
-0.0074041604
-0.0118743579
-0.0126790752
-0.0119391269
-0.0105657312
-0.0086757392
-0.0051472018
0.0005083715
0.0072145604
0.0141347548
0.0209940776
0.0271388718
0.0312136149
0.0344063703
0.0374075654
0.0394989073
0.0399801093
0.0389166111
0.0364610747
0.0318927031
0.0256275941
0.0191274235
0.0130875284
0.0075755053
0.0027583997
-0.0015752458
-0.0036749225
-0.0039514566
-0.0024509024
0.0005236177
0.0033457104
0.0065513912
0.0107385795
0.0150495116
0.0197855909
0.0251046487
0.0308937773
0.0368506599
0.0419406527
0.0455331992
0.0471764319
0.0474043636
0.0482543688
0.0503435654
0.0518964072
0.0518568265
0.0498177867
0.0463712174
0.0418548819
0.0364723562
0.0310019897
0.0249681603
0.0191320611
0.0139530710
0.0084784544
0.0014525034
-0.0067946522
-0.0151272043
-0.0228845958
-0.0297475847
-0.0345266101
-0.0366891163
-0.0376967446
-0.0382209794
-0.0375664781
-0.0358572390
-0.0340977159
-0.0315719924
-0.0285499747
-0.0257285899
-0.0231211202
-0.0200179231
-0.0157311325
-0.0100556228
-0.0040575497
0.0022164840
0.0078011761
0.0111210407
0.0120608354
0.0108472544
0.0075160793
0.0035091391
-0.0003382860
-0.0047174211
-0.0092277296
-0.0132226522
-0.0156055556
-0.0171673717
-0.0185511064
-0.0180415358
-0.0151913661
-0.0117107731
-0.0080352834
-0.0034741890
0.0006418291
0.0031799768
0.0043832645
0.0048974252
0.0052041708
0.0055392509
0.0058343298
0.0058094365
0.0055820189
0.0056688449
0.0061580474
0.0044612515
0.0009286867
-0.0026126114
-0.0055062107
-0.0074893876
-0.0079342528
-0.0060944061
-0.0048619286
-0.0033355617
-0.0012112704
0.0003890143
0.0018726482
0.0028527360
0.0030601088
0.0037261351
0.0043113178
0.0049098470
0.0048741625
0.0046813666
0.0047773069
0.0052100700
0.0064189852
0.0081392861
0.0105224960
0.0143848621
0.0186431164
0.0221475793
0.0250542780
0.0259094411
0.0260970808
0.0263514035
0.0264226026
0.0257856220
0.0245683922
0.0223965648
0.0199737453
0.0184147394
0.0174332072
0.0173323154
0.0175689497
0.0164838426
0.0136283183
0.0110223810
0.0101118685
0.0088921928
0.0084300439
0.0097560353
0.0125716608
0.0153114498
0.0198909410
0.0233378687
0.0251240025
0.0269326878
0.0295381915
0.0300547356
0.0282481205
0.0265083733
0.0243871247
0.0234399921
0.0227026633
0.0223406661
0.0239413285
0.0239639031
0.0217123938
0.0184802833
0.0137684439
0.0084599911
0.0012767783
-0.0054019882
-0.0107843011
-0.0143564878
-0.0164741281
-0.0175027987
-0.0170389787
-0.0148225514
-0.0130653760
-0.0108685626
-0.0051213427
0.0019877948
0.0088041033
0.0147882327
0.0192204686
0.0215043248
0.0220544302
0.0221666555
0.0215739394
0.0210779228
0.0200221211
0.0182919496
0.0170966700
0.0157334802
0.0128565957
0.0101418504
0.0071681449
0.0035747997
0.0013049839
0.0007343965
-0.0003346072
-0.0020882627
-0.0024728883
-0.0026678515
-0.0039322300
-0.0048566140
-0.0051590621
-0.0052539806
-0.0060627646
-0.0064356155
-0.0068537081
-0.0071331554
-0.0079665303
-0.0090896222
-0.0104002150
-0.0118973257
-0.0124096025
-0.0137293662
-0.0158155733
-0.0174073829
-0.0183805133
-0.0191070925
-0.0199371483
-0.0197714818
-0.0176922079
-0.0145485684
-0.0112106337
-0.0091019040
-0.0078064959
-0.0069469555
-0.0078910639
-0.0093807731
-0.0115838430
-0.0148070603
-0.0182517039
-0.0207382053
-0.0214396715
-0.0206097660
-0.0191912442
-0.0175667870
-0.0148983127
-0.0112600271
-0.0090374820
-0.0091341526
-0.0109549232
-0.0135677012
-0.0146651422
-0.0151195137
-0.0141490143
-0.0111870761
-0.0074497375
-0.0044591323
-0.0014993445
0.0014003563
0.0031977612
0.0039333455
0.0048408043
0.0046420646
0.0040144209
0.0031983666
0.0030901693
0.0038933930
0.0049651282
0.0057009524
0.0058156295
0.0054631281
0.0034319998
0.0005739050
-0.0023385094
-0.0054411214
-0.0067066494
-0.0060991939
-0.0059122423
-0.0062617900
-0.0066489523
-0.0075304775
-0.0090635897
-0.0102826351
-0.0108032733
-0.0114507200
-0.0116711577
-0.0109235362
-0.0099928777
-0.0096826216
-0.0095979206
-0.0093580424
-0.0099146357
-0.0103094424
-0.0100330020
-0.0105395541
-0.0116359948
-0.0121050999
-0.0117541933
-0.0105104454
-0.0074173790
-0.0031173890
0.0012046194
0.0044880219
0.0055467212
0.0050700717
0.0032997522
0.0003289166
-0.0029676432
-0.0059818395
-0.0086809434
-0.0105707156
-0.0117606754
-0.0129168832
-0.0136968574
-0.0140281327
-0.0138624546
-0.0131187188
-0.0114020898
-0.0087631117
-0.0050931072
-0.0006651659
0.0033136532
0.0066541912
0.0099660819
0.0125614259
0.0150679807
0.0176472669
0.0195292097
0.0204725317
0.0205173917
0.0185364884
0.0131997827
0.0051021237
-0.0033267255
-0.0102753782
-0.0162158734
-0.0213674143
-0.0241021841
-0.0252173135
-0.0261192333
-0.0273363185
-0.0278611200
-0.0277319001
-0.0277297895
-0.0278976476
-0.0280201425
-0.0275661468
-0.0260798781
-0.0242850360
-0.0230865876
-0.0214514560
-0.0191965640
-0.0167880156
-0.0134392098
-0.0096940766
-0.0059013308
-0.0022884156
0.0007382870
0.0032145372
0.0047595230
0.0056472180
0.0065221090
0.0076063719
0.0087205183
0.0098937207
0.0110886071
0.0114993618
0.0110375541
0.0103372733
0.0089580084
0.0067439634
0.0034200493
0.0001865675
-0.0000569608
0.0030266332
0.0071512775
0.0108470694
0.0139304097
0.0156944835
0.0167440055
0.0176253804
0.0172613997
0.0159748445
0.0143861458
0.0122143589
0.0084952696
0.0022171409
-0.0052462258
-0.0127233281
-0.0184596169
-0.0215635310
-0.0229651682
-0.0226258091
-0.0204532935
-0.0181574330
-0.0168517957
-0.0157934440
-0.0141542243
-0.0123877334
-0.0106040166
-0.0082202806
-0.0048191219
-0.0011338154
0.0020672141
0.0042742421
0.0045993463
0.0033273148
0.0008091188
-0.0016964264
-0.0029159807
-0.0021303599
0.0019273817
0.0062740892
0.0101037847
0.0132342286
0.0147441128
0.0144838284
0.0130644739
0.0107042781
0.0081358629
0.0058968437
0.0035681777
0.0001899601
-0.0022963942
-0.0046125667
-0.0084196297
-0.0115168132
-0.0135568591
-0.0147719551
-0.0147749678
-0.0144329083
-0.0135099925
-0.0118119020
-0.0109436417
-0.0104035399
-0.0091443355
-0.0076693830
-0.0064946830
-0.0044955153
-0.0021260237
-0.0000245954
0.0007119451
0.0001203825
-0.0018055130
-0.0050444324
-0.0094858341
-0.0132875946
-0.0156238338
-0.0189057947
-0.0231568440
-0.0273127840
-0.0301911951
-0.0320457350
-0.0332698574
-0.0350333126
-0.0367620211
-0.0373695518
-0.0373196783
-0.0365406235
-0.0363778482
-0.0352151641
-0.0337224711
-0.0327510986
-0.0307104628
-0.0283288316
-0.0256365799
-0.0209113716
-0.0164362416
-0.0114810951
-0.0057474275
-0.0010297213
0.0029274409
0.0052524217
0.0064695179
0.0077177935
0.0074907002
0.0058086906
0.0041905999
0.0026916879
0.0007339461
-0.0013697268
-0.0027172612
-0.0039219327
-0.0050879799
-0.0063670706
-0.0073933415
-0.0091344707
-0.0106582905
-0.0105533394
-0.0101714333
-0.0079070407
-0.0042048194
0.0001007029
0.0047343862
0.0090007810
0.0134441018
0.0166349894
0.0182409891
0.0187795470
0.0188360644
0.0171264205
0.0151059539
0.0117452537
0.0079862600
0.0037072029
0.0002811118
-0.0032828439
-0.0060035815
-0.0075347392
-0.0078498525
-0.0069639211
-0.0061593947
-0.0056859915
-0.0053009709
-0.0049522640
-0.0040540155
-0.0017959217
0.0007688390
0.0039858632
0.0070907818
0.0092586598
0.0114634009
0.0148043425
0.0174584417
0.0197088119
0.0211104952
0.0215237422
0.0219705850
0.0214874921
0.0194029851
0.0149541999
0.0079629105
-0.0010438258
-0.0108089516
-0.0182286031
-0.0222003786
-0.0240304993
-0.0227542946
-0.0191151012
-0.0145587282
-0.0094922988
-0.0036141734
0.0025487827
0.0076068345
0.0103179773
0.0121155719
0.0132579308
0.0144843257
0.0156314146
0.0154927867
0.0139676485
0.0119749375
0.0090816019
0.0056806399
0.0025031125
-0.0006073803
-0.0033199965
-0.0054195911
-0.0068619191
-0.0075293442
-0.0081767447
-0.0076342085
-0.0059750972
-0.0046855912
-0.0019740927
0.0017018474
0.0051872584
0.0089234815
0.0121023937
0.0139008325
0.0152188269
0.0162140808
0.0161448016
0.0156029188
0.0157579052
0.0166596573
0.0172570224
0.0176901378
0.0183783911
0.0185654237
0.0184865861
0.0182177900
0.0171126063
0.0155285972
0.0135784969
0.0107431649
0.0075896433
0.0041841779
0.0010378294
-0.0013968383
-0.0028597448
-0.0035428333
-0.0034807468
-0.0027984962
-0.0020672077
-0.0016275548
-0.0014167628
-0.0012267881
-0.0013428333
-0.0019751689
-0.0025610148
-0.0031840129
-0.0033201451
-0.0037290714
-0.0052270258
-0.0074082023
-0.0094961036
-0.0109642560
-0.0123398144
-0.0130842671
-0.0130236962
-0.0130956296
-0.0132826275
-0.0130486358
-0.0124200571
-0.0124873125
-0.0133345364
-0.0143697006
-0.0160521439
-0.0171247494
-0.0178662184
-0.0192384693
-0.0200381962
-0.0199889242
-0.0196922394
-0.0187748979
-0.0171088304
-0.0150702648
-0.0126208461
-0.0104957349
-0.0094891300
-0.0088027213
-0.0072080378
-0.0062800624
-0.0057517915
-0.0051666538
-0.0051474984
-0.0048686605
-0.0038633978
-0.0031516001
-0.0032652890
-0.0034239738
-0.0033269985
-0.0033421658
-0.0034522562
-0.0031280656
-0.0017065589
0.0005659233
0.0030226063
0.0049878387
0.0071396491
0.0105905551
0.0135110738
0.0155925856
0.0183184331
0.0200614243
0.0212213212
0.0216982038
0.0214264124
0.0206853076
0.0191693346
0.0162272243
0.0130568180
0.0104918722
0.0076252052
0.0051247532
0.0029077922
0.0015316683
0.0013375771
0.0019423790
0.0023200496
0.0014057143
0.0004073198
0.0009715801
0.0027397786
0.0046903536
0.0058402510
0.0061753716
0.0067334972
0.0076666248
0.0091518526
0.0113072696
0.0129024156
0.0132117928
0.0131057431
0.0118547440
0.0102096435
0.0076109400
0.0053109427
0.0025848541
-0.0011833788
-0.0046565553
-0.0070203114
-0.0075411172
-0.0075194389
-0.0074932156
-0.0083354954
-0.0102029648
-0.0121957394
-0.0136481810
-0.0150772268
-0.0168430701
-0.0185956427
-0.0194316602
-0.0189011167
-0.0183407417
-0.0171569171
-0.0159046111
-0.0150485575
-0.0131227318
-0.0113416519
-0.0102734642
-0.0098241985
-0.0089312415
-0.0074627190
-0.0058105352
-0.0051825040
-0.0045502177
-0.0040725424
-0.0043290213
-0.0047085590
-0.0052150209
-0.0050844196
-0.0050027139
-0.0040970454
-0.0015717555
0.0007434559
0.0025351373
0.0044026201
0.0071082042
0.0095955440
0.0116329937
0.0135965266
0.0157495727
0.0171945202
0.0184867538
0.0197219553
0.0204337258
0.0194386164
0.0178937601
0.0162407667
0.0136219634
0.0092658648
0.0041301064
-0.0008882976
-0.0044216084
-0.0056969781
-0.0056242375
-0.0049751456
-0.0045155433
-0.0041823420
-0.0034007059
-0.0020720742
-0.0007225790
0.0000529809
0.0010887373
0.0020585815
0.0026369185
0.0041930279
0.0057931994
0.0081654053
0.0098936686
0.0097605398
0.0089141949
0.0078829453
0.0074813269
0.0078078663
0.0087340492
0.0099441608
0.0112536780
0.0120724465
0.0114893698
0.0098193471
0.0080438067
0.0066896144
0.0050452518
0.0030242971
0.0014556785
0.0005893710
0.0004564052
0.0014570808
0.0021476263
0.0019597824
0.0016088498
0.0016366835
0.0017194324
0.0017351247
0.0020413765
0.0029103521
0.0037266862
0.0035296274
0.0025688275
0.0016601827
0.0008489973
-0.0003243351
-0.0015756055
-0.0027394600
-0.0040509230
-0.0052386780
-0.0063264259
-0.0070963329
-0.0077964576
-0.0080014967
-0.0076130968
-0.0068743687
-0.0059959487
-0.0054750480
-0.0051755819
-0.0047551278
-0.0046031419
-0.0051990083
-0.0056311440
-0.0058437552
-0.0062161261
-0.0065736709
-0.0070098567
-0.0073075014
-0.0075462693
-0.0076756453
-0.0081679727
-0.0082165451
-0.0075339181
-0.0073280984
-0.0071913960
-0.0055901189
-0.0034221581
-0.0025736292
-0.0025412285
-0.0025533554
-0.0021848240
-0.0013783542
-0.0008890603
-0.0004655135
-0.0000614921
0.0006402922
0.0015622689
0.0024535878
0.0036447752
0.0048782142
0.0050305159
0.0044426622
0.0034476980
0.0019695744
0.0003639111
-0.0016362417
-0.0039309111
-0.0048275463
-0.0035076733
-0.0014954009
0.0005911647
0.0033537896
0.0056951098
0.0068734030
0.0070230060
0.0061921002
0.0050320297
0.0039341024
0.0035566458
0.0038300355
0.0038403889
0.0036252474
0.0038191102
0.0046915974
0.0054349596
0.0053852510
0.0049481914
0.0041590712
0.0029656835
0.0014487512
0.0001162560
-0.0009133412
-0.0024805009
-0.0041157504
-0.0048026200
-0.0046744473
-0.0040493271
-0.0025387571
-0.0007870207
0.0006913360
0.0022274671
0.0038380505
0.0051772987
0.0062289226
0.0078183730
0.0099803009
0.0123906824
0.0147820570
0.0172604225
0.0194470125
0.0208379290
0.0216561019
0.0220121837
0.0231707566
0.0239234261
0.0232769161
0.0221233740
0.0217486207
0.0222935913
0.0225136763
0.0216760918
0.0196352131
0.0174488255
0.0147303043
0.0115877809
0.0086685169
0.0055111679
0.0032416926
0.0005045885
-0.0009438852
-0.0010218028
-0.0003049556
0.0007108748
0.0010159221
0.0022630811
0.0032147621
0.0035939159
0.0034238160
0.0030294724
0.0025010800
0.0023048516
0.0019756904
0.0020325438
0.0017408470
0.0006909578
-0.0001851705
-0.0009507535
-0.0021109142
-0.0035851705
-0.0043624663
-0.0046943007
-0.0046174627
-0.0045910722
-0.0043837844
-0.0038861713
-0.0038530010
-0.0036018655
-0.0034134030
-0.0044794679
-0.0051857538
-0.0048987771
-0.0043901954
-0.0033845706
-0.0021479553
-0.0009418099
-0.0006475931
-0.0005814618
0.0001573183
0.0003531347
-0.0001453261
-0.0015388125
-0.0030396419
-0.0036680986
-0.0037913140
-0.0033737638
-0.0028452159
-0.0026276984
-0.0018034082
-0.0013492443
-0.0018868434
-0.0025608674
-0.0027455107
-0.0034461228
-0.0043334027
-0.0051356178
-0.0058988675
-0.0067237480
-0.0076138081
-0.0085510643
-0.0092792684
-0.0096041309
-0.0098371801
-0.0112984918
-0.0133692020
-0.0146696409
-0.0147954491
-0.0145378536
-0.0145512226
-0.0143610270
-0.0138311543
-0.0140223445
-0.0145049978
-0.0150969680
-0.0153799426
-0.0158100569
-0.0157022551
-0.0152511911
-0.0146814081
-0.0144506951
-0.0139646994
-0.0139207877
-0.0143799586
-0.0154020720
-0.0166401011
-0.0178985364
-0.0185800359
-0.0192588755
-0.0198304336
-0.0198527712
-0.0197051458
-0.0190306489
-0.0180117216
-0.0182389652
-0.0180712113
-0.0169925053
-0.0165242444
-0.0166923453
-0.0160157841
-0.0143998386
-0.0134982195
-0.0125895921
-0.0111455814
-0.0099601665
-0.0083288745
-0.0066678609
-0.0049544336
-0.0025985509
0.0002446477
0.0021593605
0.0045500436
0.0069216458
0.0085017460
0.0096151869
0.0101629620
0.0109259070
0.0122200025
0.0120632409
0.0117515276
0.0125076493
0.0143695214
0.0163168403
0.0188049896
0.0200550231
0.0209613433
0.0216456531
0.0226223743
0.0235519920
0.0240770363
0.0248298678
0.0261648046
0.0258195706
0.0254971598
0.0249194145
0.0234311045
0.0223180221
0.0196230411
0.0166424083
0.0155864389
0.0142910481
0.0129705499
0.0122586060
0.0112909227
0.0102133212
0.0094013181
0.0091641345
0.0093788360
0.0089176065
0.0080654098
0.0079142745
0.0074863807
0.0072551184
0.0061787890
0.0050589527
0.0043161560
0.0041917737
0.0050591591
0.0055818176
0.0047040915
0.0039064046
0.0038777521
0.0029718991
0.0020329370
0.0011175552
0.0004276742
0.0005606388
0.0015055953
0.0016406092
0.0021524795
0.0023694777
0.0024105717
0.0011660310
0.0002169583
-0.0003421420
-0.0007090498
-0.0005154770
-0.0003580611
0.0005124809
0.0017029536
0.0010291956
0.0007160171
0.0010215455
0.0011791507
0.0010875236
0.0009807366
0.0014569616
0.0025944298
0.0038783760
0.0053024004
0.0062154438
0.0075061740
0.0083424979
0.0090770801
0.0091026095
0.0082269072
0.0084083309
0.0081940226
0.0079009287
0.0089073312
0.0093000215
0.0096350091
0.0090852853
0.0086150700
0.0089524919
0.0096454695
0.0088439731
0.0074510848
0.0067012949
0.0061540171
0.0057045624
0.0048802369
0.0039086990
0.0041949766
0.0042681815
0.0041670313
0.0047264811
0.0056827811
0.0059650358
0.0054758749
0.0048139206
0.0038518838
0.0032081118
0.0025806404
0.0016119642
0.0000959135
-0.0017633892
-0.0034245532
-0.0050546945
-0.0066605403
-0.0076641730
-0.0077801049
-0.0075173398
-0.0070911230
-0.0061348194
-0.0052875759
-0.0047820444
-0.0051905595
-0.0063347468
-0.0071222382
-0.0083088500
-0.0102190862
-0.0118863738
-0.0127346501
-0.0125401177
-0.0122673201
-0.0126223206
-0.0134538972
-0.0144701876
-0.0151551797
-0.0159553056
-0.0172765323
-0.0186189805
-0.0191690339
-0.0193960577
-0.0190453073
-0.0179738757
-0.0159343212
-0.0136055009
-0.0107321668
-0.0078698308
-0.0053420539
-0.0021287663
0.0003580129
0.0006752273
0.0001452041
-0.0008987961
-0.0018384682
-0.0024038791
-0.0034411233
-0.0040629724
-0.0040239567
-0.0039349316
-0.0040355429
-0.0047116040
-0.0054628656
-0.0065003324
-0.0071200120
-0.0066494612
-0.0052790261
-0.0039490448
-0.0025807572
-0.0003293285
0.0016543095
0.0030792643
0.0044834335
0.0054992931
0.0062059028
0.0071974502
0.0083895727
0.0096278851
0.0104879402
0.0111683468
0.0117065693
0.0114630886
0.0114229008
0.0115151420
0.0115846179
0.0120648773
0.0130559911
0.0137313207
0.0140413918
0.0152251297
0.0165343463
0.0173549594
0.0184531058
0.0195047442
0.0198921495
0.0201353352
0.0207941560
0.0214175421
0.0215927439
0.0207572873
0.0195895782
0.0189516667
0.0187084636
0.0185418198
0.0174931941
0.0157956239
0.0143080542
0.0125255402
0.0107334158
0.0085404998
0.0051743624
0.0022099036
0.0003633857
-0.0018174988
-0.0039303889
-0.0048397224
-0.0058144094
-0.0073692750
-0.0084460496
-0.0092282558
-0.0104180711
-0.0115190972
-0.0115787545
-0.0113686847
-0.0115937194
-0.0114632274
-0.0103221927
-0.0086507938
-0.0074982983
-0.0067195095
-0.0066927542
-0.0068480355
-0.0067318145
-0.0068498859
-0.0071689486
-0.0066846415
-0.0057954430
-0.0045454882
-0.0035600511
-0.0029803420
-0.0025339016
-0.0023303093
-0.0018438390
-0.0009316195
0.0007832511
0.0024270967
0.0029919595
0.0031822458
0.0035719583
0.0047928905
0.0062214228
0.0066861738
0.0068650127
0.0063786065
0.0048910183
0.0039590755
0.0035017631
0.0028999599
0.0022406516
0.0014975468
0.0003403886
0.0001647121
0.0012125795
0.0026612370
0.0033095997
0.0039830385
0.0048517070
0.0049331421
0.0043376285
0.0044697147
0.0053402319
0.0059321801
0.0066351959
0.0072285308
0.0069990898
0.0068926296
0.0070334259
0.0067991393
0.0059463701
0.0051693866
0.0039332501
0.0013450237
-0.0015009821
-0.0028115610
-0.0040455355
-0.0055109019
-0.0060418901
-0.0063791327
-0.0070446033
-0.0071326986
-0.0067658614
-0.0062502020
-0.0059804171
-0.0052982439
-0.0047171737
-0.0047603152
-0.0044501308
-0.0034682094
-0.0028620035
-0.0026405302
-0.0018834335
-0.0013144231
-0.0010318908
-0.0001551845
0.0004569707
0.0006399464
0.0011956393
0.0015790339
0.0020058469
0.0019240337
0.0021558049
0.0032727315
0.0046932645
0.0061177671
0.0066923205
0.0068267157
0.0067405229
0.0073283065
0.0085551756
0.0088116956
0.0075542433
0.0061296095
0.0042976783
0.0020454670
-0.0001689645
-0.0028610679
-0.0044537818
-0.0058043711
-0.0071613274
-0.0080307384
-0.0092592381
-0.0109205120
-0.0121153637
-0.0133509064
-0.0141910988
-0.0149217894
-0.0154989392
-0.0154912543
-0.0154678586
-0.0151288986
-0.0141978238
-0.0134073776
-0.0130737316
-0.0128981308
-0.0120123787
-0.0110704618
-0.0102878219
-0.0089988438
-0.0071399787
-0.0058088929
-0.0055056850
-0.0054070623
-0.0052238912
-0.0060107979
-0.0065266078
-0.0066320908
-0.0074816854
-0.0080836765
-0.0079672878
-0.0079460663
-0.0080809935
-0.0076669601
-0.0063835621
-0.0049622034
-0.0039373411
-0.0020391919
0.0001500985
0.0018809668
0.0044755197
0.0078287351
0.0093516817
0.0109671877
0.0115691672
0.0118890742
0.0114160486
0.0105535765
0.0099460458
0.0087842638
0.0067876785
0.0050921577
0.0040698570
0.0035491957
0.0026982469
0.0016569290
0.0007746995
0.0002376636
0.0001450520
-0.0000682321
0.0006831047
0.0009423523
0.0017636292
0.0025914582
0.0035407071
0.0048481144
0.0057648488
0.0052513704
0.0051052069
0.0053526254
0.0054612436
0.0055395660
0.0056072418
0.0054829202
0.0049889101
0.0044497543
0.0046721436
0.0042962014
0.0034957655
0.0038298794
0.0044792707
0.0050841172
0.0046455508
0.0039979433
0.0034428477
0.0038508875
0.0040530411
0.0038901467
0.0037181617
0.0037251665
0.0042798568
0.0052923436
0.0057096116
0.0059120341
0.0069950537
0.0072953062
0.0069604054
0.0070286091
0.0072474162
0.0071640220
0.0064731319
0.0055401506
0.0053692614
0.0055066536
0.0051531669
0.0051549433
0.0058779004
0.0055299932
0.0046979870
0.0038961535
0.0036633102
0.0033017703
0.0022313483
0.0020530709
0.0030742763
0.0040308817
0.0039803751
0.0035518100
0.0041012810
0.0055556961
0.0070514902
0.0081251249
0.0080696888
0.0076433678
0.0070990564
0.0062449168
0.0057689161
0.0054433007
0.0045236723
0.0029262416
0.0022252380
0.0015971329
0.0007441099
-0.0001521087
-0.0010583784
-0.0019521120
-0.0028061695
-0.0036810923
-0.0048839458
-0.0058671972
-0.0059245704
-0.0061202130
-0.0061038430
-0.0061447016
-0.0062808199
-0.0063585762
-0.0063715925
-0.0060680555
-0.0054640481
-0.0051870959
-0.0056418236
-0.0061881739
-0.0066112047
-0.0070677619
-0.0078033387
-0.0081795145
-0.0084986003
-0.0086328625
-0.0080573607
-0.0075940669
-0.0070812755
-0.0060775040
-0.0054557694
-0.0054469934
-0.0056522065
-0.0056180058
-0.0054926225
-0.0051967595
-0.0046249648
-0.0042229572
-0.0041057751
-0.0043776035
-0.0050114304
-0.0057309938
-0.0065646561
-0.0070218553
-0.0072067079
-0.0076987693
-0.0081610454
-0.0086305900
-0.0090480407
-0.0095055637
-0.0097140722
-0.0096903180
-0.0094172082
-0.0082843325
-0.0065352120
-0.0048642665
-0.0033282423
-0.0017197284
-0.0003482578
0.0004254666
0.0009218050
0.0014275175
0.0020618850
0.0019192424
0.0008287206
0.0002026195
0.0005123413
0.0007970480
0.0003088761
-0.0007705691
-0.0014243696
-0.0018597418
-0.0029515414
-0.0032516459
-0.0036576353
-0.0036820013
-0.0032657869
-0.0024287985
-0.0015547662
-0.0004176812
0.0010005275
0.0016938278
0.0020762983
0.0023533477
0.0026110826
0.0020433471
0.0019822101
0.0022075079
0.0022934151
0.0024101166
0.0023103715
0.0014537333
-0.0001603508
-0.0006981824
-0.0006315087
-0.0006251995
0.0003609176
0.0008368554
0.0004351412
0.0003078170
0.0004709003
0.0005231457
0.0001506896
-0.0004161011
-0.0003783394
-0.0006098448
-0.0012496165
-0.0011562876
-0.0009357852
-0.0010054599
-0.0015130570
-0.0021903127
-0.0023735127
-0.0027659903
-0.0031427628
-0.0039253195
-0.0044804943
-0.0047285009
-0.0056615035
-0.0062577712
-0.0061186286
-0.0059254667
-0.0055885993
-0.0050573475
-0.0052528831
-0.0053088079
-0.0048856493
-0.0045878884
-0.0052442517
-0.0053155109
-0.0054095840
-0.0060268210
-0.0063235521
-0.0067307910
-0.0068140927
-0.0072181224
-0.0074390516
-0.0059568884
-0.0045896359
-0.0034062009
-0.0025521793
-0.0007650521
0.0012778504
0.0033776600
0.0051436768
0.0053453372
0.0060644646
0.0072822958
0.0082996617
0.0088837331
0.0089867817
0.0090155030
0.0079821660
0.0077672101
0.0076739974
0.0056944622
0.0033781226
0.0027858223
0.0017191074
0.0009532458
0.0001050691
-0.0008921093
-0.0015970230
-0.0021794660
-0.0029233637
-0.0041748329
-0.0031799600
-0.0018999314
-0.0016744832
-0.0016083837
-0.0010020182
-0.0012881477
-0.0019301839
-0.0023459485
-0.0014542300
-0.0005784879
-0.0009634766
-0.0011387454
-0.0014502101
-0.0025155638
-0.0039043622
-0.0055884495
-0.0066180915
-0.0071199888
-0.0085121428
-0.0100634233
-0.0102716196
-0.0102537866
-0.0105008581
-0.0098216774
-0.0100570742
-0.0102213356
-0.0101229707
-0.0101773487
-0.0102686532
-0.0100736929
-0.0091067728
-0.0078298800
-0.0078970487
-0.0070040916
-0.0061384045
-0.0058745755
-0.0055499761
-0.0039042466
-0.0022566620
-0.0018193637
-0.0010817619
-0.0001100544
0.0002928675
-0.0000872957
-0.0000337618
0.0007010261
0.0018490217
0.0022557420
0.0023629158
0.0033118190
0.0038216637
0.0039486440
0.0050205047
0.0060440353
0.0070239196
0.0078522349
0.0079601003
0.0077282596
0.0078950827
0.0081303002
0.0079999238
0.0075010739
0.0070768924
0.0072398181
0.0069709468
0.0063881591
0.0057720248
0.0043072545
0.0035487002
0.0035148094
0.0025707218
0.0020230069
0.0023585368
0.0031493797
0.0045339806
0.0056498080
0.0063425820
0.0076469934
0.0088335243
0.0087915265
0.0086863326
0.0093704110
0.0100109189
0.0097885614
0.0096785276
0.0097732611
0.0097241510
0.0093042948
0.0087780188
0.0083849352
0.0074063346
0.0065068261
0.0057716842
0.0050212958
0.0041912273
0.0033025174
0.0023996788
0.0014672179
0.0006695033
0.0004021251
0.0008090164
0.0015050107
0.0021864634
0.0018131262
0.0009000012
0.0006595037
0.0002502756
0.0000772312
-0.0002533710
-0.0003054761
-0.0007961847
-0.0013530468
-0.0011536375
-0.0011297561
-0.0010580546
-0.0004684013
0.0003987228
0.0007124274
0.0010636502
0.0019572757
0.0021463790
0.0019467956
0.0028415834
0.0044997527
0.0052011524
0.0045555895
0.0042552023
0.0040414156
0.0038409348
0.0040143318
0.0034224478
0.0022738514
0.0015219631
0.0008204795
-0.0002141248
-0.0015917489
-0.0027564273
-0.0028137289
-0.0029011100
-0.0036357951
-0.0042632994
-0.0053205722
-0.0059724026
-0.0061853231
-0.0065984544
-0.0076758882
-0.0080991792
-0.0077914327
-0.0074550284
-0.0066725042
-0.0058543949
-0.0055718429
-0.0041402338
-0.0027390378
-0.0022287375
-0.0014824893
-0.0005546311
0.0003872056
0.0011628778
0.0014389818
0.0012033525
0.0010839194
0.0007909886
0.0004595907
0.0003894255
-0.0005326317
-0.0014765727
-0.0011388125
-0.0014575671
-0.0020811526
-0.0019970050
-0.0019377745
-0.0017716951
-0.0013688236
-0.0010684282
-0.0012180110
-0.0006303880
0.0005753795
0.0012883334
0.0015460943
0.0016952208
0.0021319871
0.0022295638
0.0027431237
0.0032528787
0.0029836784
0.0030205778
0.0035205363
0.0040933059
0.0046208928
0.0060878083
0.0074105095
0.0078689808
0.0085913736
0.0096050793
0.0104732644
0.0108065924
0.0105053106
0.0097421054
0.0083147249
0.0071579678
0.0066846762
0.0054583802
0.0033548478
0.0015932321
0.0001789115
-0.0008785247
-0.0015594262
-0.0024054878
-0.0027710760
-0.0025526540
-0.0025705506
-0.0027403100
-0.0028041636
-0.0027801763
-0.0027401955
-0.0028755424
-0.0033940613
-0.0038638887
-0.0035455626
-0.0034390365
-0.0037178321
-0.0042419600
-0.0046637481
-0.0044704213
-0.0049169368
-0.0060106245
-0.0070516348
-0.0084378964
-0.0096604402
-0.0094900957
-0.0085980638
-0.0077371357
-0.0068597738
-0.0052506875
-0.0034116937
-0.0026011004
-0.0014419828
-0.0005883064
0.0001583164
0.0004234349
0.0002975884
0.0009611139
0.0021552030
0.0030386647
0.0036697003
0.0040863057
0.0043049994
0.0042100647
0.0028752412
0.0015881655
0.0003523236
-0.0011550143
-0.0034554262
-0.0050375265
-0.0063876676
-0.0074550226
-0.0081212854
-0.0090796937
-0.0100879813
-0.0108167058
-0.0110702942
-0.0109651060
-0.0107147270
-0.0097174665
-0.0083008645
-0.0076772933
-0.0064002849
-0.0044211232
-0.0028358686
-0.0017069094
-0.0006220162
0.0008105002
0.0017038059
0.0022512647
0.0020564495
0.0015212877
0.0017601320
0.0013940916
0.0004990287
0.0001689530
-0.0001470067
-0.0012131109
-0.0019863503
-0.0022588732
-0.0025381448
-0.0030400068
-0.0027099158
-0.0021607246
-0.0018077109
-0.0019608302
-0.0016308872
-0.0009781027
-0.0006753470
-0.0000820806
0.0003145241
0.0007550664
0.0004273291
-0.0003434445
-0.0011742154
-0.0011443955
-0.0005915810
-0.0009322087
-0.0022685304
-0.0038793417
-0.0043238582
-0.0048343308
-0.0058792015
-0.0071720943
-0.0081866384
-0.0087099480
-0.0096791290
-0.0098202144
-0.0102402499
-0.0104115196
-0.0107362029
-0.0107468368
-0.0101301294
-0.0103924723
-0.0104252355
-0.0097643157
-0.0088321018
-0.0084632061
-0.0081457682
-0.0072498159
-0.0070095156
-0.0072163414
-0.0065566590
-0.0053096376
-0.0045674591
-0.0043853780
-0.0041958960
-0.0035020267
-0.0030471695
-0.0027433527
-0.0029939353
-0.0028311027
-0.0019358270
-0.0009295696
-0.0003911600
0.0000061447
0.0011261265
0.0025056180
0.0030666736
0.0033154284
0.0035008963
0.0031580851
0.0023341147
0.0019001835
0.0010398740
-0.0002083835
-0.0009494947
-0.0017703472
-0.0023513834
-0.0022177897
-0.0017664533
-0.0020785876
-0.0025922723
-0.0024458064
-0.0026094311
-0.0031709707
-0.0032204740
-0.0024805171
-0.0019493133
-0.0015471282
-0.0006107827
0.0003583126
0.0012263134
0.0018049718
0.0019159337
0.0018185831
0.0019032644
0.0018602454
0.0014914642
0.0010603652
0.0004806055
-0.0005177786
-0.0011382458
-0.0011373582
-0.0009589658
-0.0010440547
-0.0009322879
-0.0004479307
-0.0001794885
-0.0002043013
0.0002602673
0.0008053631
0.0013559797
0.0023314745
0.0032257701
0.0040156930
0.0046056665
0.0049122774
0.0053623861
0.0057988662
0.0055215023
0.0047606442
0.0037447019
0.0029050802
0.0024576129
0.0026817409
0.0032018581
0.0027968679
0.0019029255
0.0015000488
0.0013518337
0.0015669226
0.0018089067
0.0022031873
0.0026339451
0.0029254957
0.0031339637
0.0029907024
0.0032446556
0.0038744156
0.0041718544
0.0038880991
0.0038205442
0.0040072767
0.0041476781
0.0038550792
0.0029986682
0.0022319664
0.0023040727
0.0024304835
0.0017895258
0.0010577597
0.0006744120
0.0007019750
0.0014482695
0.0019127198
0.0020716596
0.0024311225
0.0028287776
0.0033230606
0.0036993283
0.0041550512
0.0048273133
0.0058662546
0.0064248486
0.0065995878
0.0074212706
0.0084756904
0.0089610615
0.0088662528
0.0091038469
0.0098657221
0.0098132582
0.0087046687
0.0074435445
0.0062449053
0.0054696432
0.0047606934
0.0038823572
0.0033661576
0.0034155107
0.0029250452
0.0010593626
-0.0009563070
-0.0021706883
-0.0028144991
-0.0035276313
-0.0042735679
-0.0044568737
-0.0040682628
-0.0029645947
-0.0015423548
-0.0005516228
0.0005201610
0.0018015440
0.0034410724
0.0050002899
0.0058227650
0.0064466079
0.0070705606
0.0074890175
0.0081004918
0.0085540249
0.0086519850
0.0082447460
0.0080990520
0.0081091365
0.0073272541
0.0060259421
0.0043475985
0.0026479762
0.0013002833
0.0005281486
0.0001953684
0.0001470552
-0.0002352647
-0.0012115965
-0.0019311305
-0.0022798975
-0.0029960679
-0.0034959124
-0.0036301040
-0.0045204942
-0.0056728099
-0.0062483979
-0.0059530488
-0.0057467313
-0.0059501229
-0.0064646664
-0.0071348208
-0.0071152993
-0.0069330488
-0.0065496392
-0.0056348639
-0.0048121720
-0.0040821932
-0.0032756927
-0.0024849476
-0.0019709991
-0.0017699257
-0.0009040801
0.0000905851
0.0010265207
0.0019632200
0.0023682634
0.0016727884
0.0006150941
0.0003615860
0.0007733811
0.0005999505
-0.0004775698
-0.0015743946
-0.0028036732
-0.0041225904
-0.0044093647
-0.0041857120
-0.0041963881
-0.0039160953
-0.0030467237
-0.0026605489
-0.0028459393
-0.0025103174
-0.0018174133
-0.0018420956
-0.0019534796
-0.0018597476
-0.0017868260
-0.0017383623
-0.0016382026
-0.0016646230
-0.0022097214
-0.0032435754
-0.0034867663
-0.0035099897
-0.0046810312
-0.0056624368
-0.0060465276
-0.0057816352
-0.0051587949
-0.0036658342
-0.0022305810
-0.0018217125
-0.0011858919
-0.0006393086
-0.0007426400
-0.0008161126
-0.0010660956
-0.0014848248
-0.0012728891
-0.0016574667
-0.0024102681
-0.0020860752
-0.0018324800
-0.0020144535
-0.0025153747
-0.0031404475
-0.0028826363
-0.0031688716
-0.0038678763
-0.0036532407
-0.0038721292
-0.0046388276
-0.0049458559
-0.0059166485
-0.0062460271
-0.0058265062
-0.0062456223
-0.0072053143
-0.0075814438
-0.0079489980
-0.0075870817
-0.0069039458
-0.0060501184
-0.0053467608
-0.0044738538
-0.0030829945
-0.0017979832
-0.0013205767
-0.0007280590
0.0003970345
0.0021159657
0.0038463691
0.0041143210
0.0035286479
0.0042219539
0.0058563956
0.0071552096
0.0076693020
0.0072241824
0.0074634418
0.0077892989
0.0077056504
0.0083287705
0.0083488355
0.0086855057
0.0092983793
0.0095235528
0.0101252259
0.0105826621
0.0109319380
0.0105260001
0.0096973321
0.0089232849
0.0090012320
0.0091482675
0.0085558868
0.0079620489
0.0076392681
0.0070688490
0.0061936903
0.0052065503
0.0042645189
0.0032042896
0.0029873150
0.0029502456
0.0031416960
0.0037044788
0.0039256375
0.0040939530
0.0041940265
0.0047170418
0.0050393722
0.0048651465
0.0050522919
0.0056679446
0.0060152678
0.0059272766
0.0059433980
0.0055656546
0.0043265702
0.0030689906
0.0023945931
0.0015382446
0.0007336610
-0.0005003825
-0.0025528113
-0.0037488415
-0.0042174263
-0.0053581724
-0.0070964023
-0.0075619397
-0.0076038276
-0.0081987352
-0.0087670784
-0.0090674639
-0.0086680601
-0.0079352416
-0.0072290685
-0.0068318447
-0.0060923012
-0.0050360496
-0.0038605019
-0.0021157275
-0.0009637958
0.0000951056
0.0014862774
0.0029983907
0.0046190748
0.0055514275
0.0062199657
0.0072079800
0.0079818942
0.0081618838
0.0080647622
0.0079204733
0.0072827468
0.0065544848
0.0065174600
0.0065553175
0.0060056978
0.0056671871
0.0058253439
0.0056508575
0.0051464385
0.0048887128
0.0046816938
0.0036537542
0.0026178948
0.0019436026
0.0010138323
-0.0002257180
-0.0012088649
-0.0015178512
-0.0017558455
-0.0025711925
-0.0034563889
-0.0035791499
-0.0032298751
-0.0031712818
-0.0036848682
-0.0047004266
-0.0053392107
-0.0051431061
-0.0049741649
-0.0051481871
-0.0050145338
-0.0041434916
-0.0031254977
-0.0024227911
-0.0020209240
-0.0017355798
-0.0009380374
-0.0000969965
0.0001584671
0.0002113425
-0.0002212712
-0.0003993029
-0.0001660086
-0.0000433565
0.0000182987
-0.0000609999
-0.0006974676
-0.0018804614
-0.0023709320
-0.0025480686
-0.0026762713
-0.0025666030
-0.0023103796
-0.0018353700
-0.0017872562
-0.0020010013
-0.0020685510
-0.0020017258
-0.0016238257
-0.0007874590
-0.0001508927
0.0000670996
0.0006811219
0.0013585095
0.0016883310
0.0024354500
0.0031552430
0.0031345587
0.0030066497
0.0031352983
0.0032050367
0.0029150410
0.0021231787
0.0014878658
0.0012121320
0.0005863421
0.0001767555
0.0004402456
0.0001609951
0.0001022385
0.0005048928
0.0003700146
0.0006351499
0.0009449694
0.0008048490
0.0004838677
-0.0000362285
-0.0000807071
0.0001569370
0.0002267710
0.0001908185
0.0001353030
0.0001013414
0.0001255908
0.0002087861
0.0003312878
0.0003615018
-0.0000194076
-0.0009002261
-0.0014085517
-0.0011806299
-0.0012587707
-0.0021490476
-0.0029364308
-0.0029935780
-0.0027576220
-0.0028086843
-0.0027174156
-0.0020077158
-0.0009309736
-0.0001106524
0.0004531805
0.0007787934
0.0011251249
0.0013777384
0.0015433118
0.0020967797
0.0023028520
0.0009669715
-0.0000029046
0.0007652452
0.0011357554
0.0006277524
-0.0005989750
-0.0015388073
-0.0009077265
-0.0005771090
-0.0007098420
-0.0011099443
-0.0017377453
-0.0019433048
-0.0010449666
-0.0004716341
-0.0009277944
-0.0011106573
-0.0009303919
-0.0007516241
-0.0011107365
-0.0022166592
-0.0029889815
-0.0023667918
-0.0025217580
-0.0037277814
-0.0046733434
-0.0043139887
-0.0046838270
-0.0057224243
-0.0063705054
-0.0071868510
-0.0081265185
-0.0075568743
-0.0066424298
-0.0059231190
-0.0059615895
-0.0064875012
-0.0061590305
-0.0050335759
-0.0038109338
-0.0033599589
-0.0022985904
-0.0016781175
-0.0010221764
-0.0012397899
-0.0005793055
0.0006390917
0.0008801704
0.0004942072
0.0004556474
0.0006480765
0.0007814614
0.0006983980
0.0002107932
-0.0004310465
-0.0006906467
-0.0010561076
-0.0007417339
0.0000247346
0.0009103801
0.0010201114
0.0006210274
0.0006813266
0.0009077618
0.0008916809
0.0004504205
-0.0000571410
-0.0002811058
-0.0009340666
-0.0016609368
-0.0023921674
-0.0023138265
-0.0031846155
-0.0042279208
-0.0037890942
-0.0036170583
-0.0037237169
-0.0037701850
-0.0037793820
-0.0037454322
-0.0036869447
-0.0036791049
-0.0037008040
-0.0037294970
-0.0036104715
-0.0029896251
-0.0020789663
-0.0015852188
-0.0009169859
0.0000687038
0.0001691604
0.0006901407
0.0011472416
0.0015917275
0.0014297704
0.0013549660
0.0014671127
0.0015081760
0.0015338182
0.0015088954
0.0015089734
0.0015148831
0.0015748254
0.0016392816
0.0016797684
0.0013339047
0.0003574011
-0.0005370748
-0.0000744900
0.0000368112
0.0001039120
0.0009429467
0.0020514223
0.0028257766
0.0044606207
0.0051857798
0.0053340817
0.0063863839
0.0064831702
0.0051820600
0.0042876047
0.0049761102
0.0052794875
0.0051327758
0.0048517990
0.0043169927
0.0037727339
0.0035498358
0.0029773791
0.0026235940
0.0024438866
0.0031060739
0.0035160491
0.0030468873
0.0030675832
0.0038760439
0.0049532505
0.0051313567
0.0047357185
0.0047169557
0.0048699616
0.0049243927
0.0049401915
0.0049987778
0.0050788483
0.0048056911
0.0038028268
0.0025801755
0.0021344250
0.0014198928
0.0017215933
0.0018087281
0.0017175878
0.0016929841
0.0013530665
0.0005778090
-0.0001702381
-0.0001570130
0.0001129605
0.0000746748
-0.0000644162
-0.0001116536
-0.0001105232
-0.0001027401
-0.0001205600
-0.0001005260
-0.0000160599
0.0000341791
-0.0002824791
-0.0011259426
-0.0017328574
-0.0011941532
-0.0003852267
-0.0000439266
0.0000585818
-0.0003609084
-0.0009339157
-0.0013963398
-0.0016498513
-0.0015569045
-0.0009025663
-0.0007049790
-0.0008968584
-0.0004624011
0.0001640034
0.0008458794
0.0016179086
0.0014275482
0.0005568986
0.0003690919
0.0009855291
0.0015887472
0.0017378910
0.0014608006
0.0014362999
0.0015252047
0.0013392384
0.0008819525
0.0006524775
0.0006519264
0.0000642798
-0.0005275109
-0.0005807436
-0.0001930418
0.0002137864
-0.0000093990
-0.0006146008
-0.0016031073
-0.0021225797
-0.0020159182
-0.0024955202
-0.0024189771
-0.0017331535
-0.0015893046
-0.0015763601
-0.0013758909
-0.0017299263
-0.0016884466
-0.0011616942
-0.0012861869
-0.0013729239
-0.0016929413
-0.0018910773
-0.0017181244
-0.0017008251
-0.0017407562
-0.0016878534
-0.0015551207
-0.0015871900
-0.0022152864
-0.0034179763
-0.0036616333
-0.0031605114
-0.0024803812
-0.0014871870
-0.0011746578
-0.0009865063
-0.0005197197
0.0000668550
0.0002537329
0.0000583482
0.0000576165
0.0004296356
0.0013801161
0.0024066264
0.0031859483
0.0036522212
0.0036078943
0.0035029768
0.0036532956
0.0037930811
0.0039148353
0.0039511045
0.0036119553
0.0026752750
0.0020261143
0.0022696233
0.0026494623
0.0025248250
0.0016610079
0.0002981522
-0.0001874417
-0.0009906916
-0.0012498762
-0.0019817660
-0.0026525379
-0.0029836715
-0.0038458961
-0.0042586862
-0.0040718485
-0.0048876304
-0.0069229469
-0.0079952516
-0.0080897307
-0.0091504070
-0.0099793873
-0.0109797298
-0.0108796302
-0.0106262096
-0.0108102353
-0.0110143839
-0.0110285508
-0.0105164418
-0.0096122842
-0.0091525176
-0.0090239107
-0.0081583508
-0.0072555289
-0.0064207778
-0.0050893237
-0.0033202105
-0.0023366833
-0.0020168902
-0.0008724479
-0.0003634138
0.0000414981
0.0000119433
0.0000434319
0.0005881393
0.0012580219
0.0011681682
0.0009441639
0.0009816398
0.0010825790
0.0013099752
0.0016997316
0.0018277112
0.0009406135
0.0016194380
0.0029839074
0.0031858934
0.0027718219
0.0033074047
0.0045978400
0.0049576307
0.0045533812
0.0050046748
0.0062574416
0.0068608436
0.0068174465
0.0069283881
0.0062642186
0.0065240866
0.0063161159
0.0051495986
0.0043476303
0.0035489743
0.0023648408
0.0009359667
0.0002453898
-0.0008319889
-0.0018697720
-0.0019484778
-0.0029959748
-0.0035720751
-0.0031501609
-0.0030508344
-0.0033618625
-0.0038645837
-0.0040520356
-0.0031852781
-0.0032832018
-0.0030365657
-0.0018453684
-0.0010276477
-0.0007705407
-0.0009481457
-0.0005499666
-0.0002381204
-0.0011373606
-0.0015009283
-0.0019066679
-0.0015851066
-0.0014499013
-0.0017782518
-0.0022436695
-0.0023734225
-0.0013624323
-0.0015853679
-0.0019475670
-0.0018741117
-0.0012282204
-0.0001408622
0.0000808022
-0.0002991340
0.0002032281
0.0014304845
0.0018440783
0.0014916313
0.0015190892
0.0015423137
0.0011525660
0.0005988755
0.0008160664
0.0004676527
-0.0002844231
-0.0001099316
0.0000393388
0.0000300897
0.0000271555
-0.0001396867
-0.0006650710
-0.0011618156
-0.0004252464
0.0002482323
-0.0000398314
0.0002876183
0.0010032846
0.0007070937
0.0005154475
0.0007282677
0.0013347859
0.0019996019
0.0015920368
0.0014739868
0.0016692750
0.0017230597
0.0013404486
0.0006708517
0.0003269918
-0.0011459174
-0.0022482295
-0.0015065448
-0.0009490182
-0.0005579844
-0.0004239526
0.0004672043
0.0009391257
0.0009938101
0.0016985121
0.0021053440
0.0030384831
0.0035008529
0.0035533608
0.0041644165
0.0041487397
0.0045311686
0.0052173443
0.0049682345
0.0048887839
0.0050383059
0.0050255794
0.0045754319
0.0038689605
0.0037835835
0.0032692667
0.0028646437
0.0017825892
0.0013138946
0.0018078509
0.0022564140
0.0026901919
0.0025019075
0.0029062558
0.0034445234
0.0032540983
0.0031134500
0.0031005205
0.0032981118
0.0040592711
0.0050560140
0.0052128734
0.0047702800
0.0047311191
0.0050240956
0.0056153366
0.0062300040
0.0064676154
0.0068626708
0.0067697819
0.0065848946
0.0060183209
0.0051101058
0.0049785151
0.0053660325
0.0054341252
0.0051652238
0.0046097206
0.0039847778
0.0038761422
0.0036362334
0.0036960480
0.0030757433
0.0020300724
0.0017095658
0.0016099745
0.0010676326
0.0007246855
0.0001991531
-0.0001038803
-0.0006460121
-0.0009913670
-0.0013502256
-0.0011367754
-0.0010142689
-0.0011107273
-0.0011810641
-0.0011985305
-0.0011555625
-0.0011120925
-0.0010812063
-0.0011111274
-0.0011062112
-0.0010634756
-0.0010187537
-0.0010242673
-0.0010461619
-0.0010954987
-0.0010844560
-0.0007741791
-0.0000016115
0.0007488659
0.0008281117
0.0008144565
0.0011733394
0.0010189821
0.0005502527
0.0007832968
0.0011777647
0.0016444140
0.0018573299
0.0018400885
0.0023871251
0.0029959216
0.0033674853
0.0036157006
0.0034933855
0.0035649361
0.0036832318
0.0034734801
0.0029532762
0.0026963381
0.0029261728
0.0031592161
0.0036392443
0.0041630339
0.0045514031
0.0047714516
0.0043658912
0.0039223675
0.0038342561
0.0038409481
0.0032628338
0.0029550855
0.0035584650
0.0042677062
0.0041531899
0.0031014462
0.0020007752
0.0012294278
0.0003478476
-0.0003584490
-0.0008626768
-0.0015446070
-0.0019017320
-0.0023361692
-0.0024762757
-0.0024411064
-0.0027596695
-0.0030269073
-0.0025500571
-0.0023181495
-0.0025032999
-0.0022841482
-0.0017374891
-0.0015414163
-0.0013476778
-0.0008139506
-0.0010602108
-0.0018622704
-0.0018342829
-0.0012087851
-0.0009090709
-0.0014882347
-0.0018533117
-0.0016649920
-0.0015436396
-0.0015539919
-0.0016884640
-0.0016999855
-0.0012804802
-0.0006121150
-0.0006791241
-0.0009213008
-0.0008990893
-0.0008008222
-0.0007592448
-0.0007623014
-0.0007853837
-0.0008069255
-0.0008222062
-0.0007957313
-0.0008396234
-0.0008497444
-0.0008338907
-0.0007943979
-0.0007609726
-0.0008030634
-0.0008734824
-0.0008575333
-0.0008008476
-0.0007409515
-0.0008260440
-0.0012357647
-0.0017819913
-0.0016100410
-0.0015072647
-0.0019349226
-0.0025328787
-0.0024973659
-0.0027994619
-0.0034126790
-0.0029881558
-0.0022960837
-0.0023553744
-0.0021503573
-0.0016088966
-0.0017670813
-0.0012624454
-0.0004704319
-0.0009652565
-0.0016381072
-0.0016472497
-0.0000332068
0.0009484764
0.0010502217
0.0006560591
0.0005513894
0.0003369434
-0.0002931074
-0.0001345490
-0.0000169911
0.0005249859
0.0016215318
0.0018862045
0.0013990385
0.0014111452
0.0015897053
0.0015857051
0.0016824485
0.0021796783
0.0028119334
0.0024913152
0.0022336000
0.0024344740
0.0031190497
0.0038913731
0.0033504445
0.0022859986
0.0013143907
0.0018402278
0.0011150352
-0.0003719141
0.0001810389
0.0004156480
0.0002451405
0.0001574171
0.0001821472
0.0003549653
0.0003284358
-0.0002645672
-0.0013614920
-0.0016645519
-0.0011655516
-0.0010216640
-0.0011513390
-0.0013256503
-0.0014217068
-0.0013092276
-0.0006839547
0.0004614215
0.0007898402
0.0003508146
0.0003843466
0.0005773855
0.0006476786
0.0006564222
0.0006751168
0.0007104463
0.0007380117
0.0008056597
0.0009470869
0.0007811081
-0.0001788082
-0.0014335879
-0.0007949484
-0.0004979514
-0.0007715400
-0.0009414230
-0.0006455709
0.0004454176
0.0013298558
0.0007563119
0.0005356182
0.0008020752
0.0010414232
0.0009675897
0.0001716336
-0.0009183777
-0.0009339232
0.0001685145
0.0011450957
0.0011110551
0.0007359312
0.0012296822
0.0020809531
0.0024563940
0.0025666088
0.0018512913
0.0013092339
0.0016359249
0.0019525289
0.0024087896
0.0028956930
0.0026515486
0.0021616244
0.0012318639
0.0005175535
0.0011766996
0.0010380387
-0.0001940884
-0.0013620217
-0.0013083400
-0.0014810530
-0.0015642719
-0.0021096259
-0.0024943481
-0.0019148726
-0.0019418488
-0.0025878106
-0.0019308674
-0.0011240477
-0.0008882663
-0.0005275681
-0.0007224610
-0.0007812417
-0.0006722534
-0.0005866879
-0.0005234821
-0.0005177409
-0.0005963052
-0.0006042879
-0.0002543691
0.0007116583
0.0015601369
0.0014961451
0.0024115212
0.0031482272
0.0017275694
0.0007440619
0.0014656914
0.0016463384
0.0010719480
0.0005050281
0.0004374395
0.0002246358
0.0005058607
0.0017136517
0.0018478242
0.0013798593
0.0015437998
0.0022490448
0.0028327444
0.0025456394
0.0021803797
0.0018954864
0.0021453260
0.0033435732
0.0039298731
0.0045393293
0.0053507108
0.0049396028
0.0049196436
0.0052009610
0.0049548806
0.0039765599
0.0030745834
0.0035405551
0.0036846392
0.0036939975
0.0039745227
0.0042254263
0.0042036843
0.0042152261
0.0029721119
0.0032772875
0.0035786098
0.0035423262
0.0035678013
0.0033581981
0.0026857944
0.0017256305
0.0015631530
0.0019190088
0.0019082899
0.0017641976
0.0018097157
0.0018850555
0.0015588312
0.0004700047
-0.0004369754
0.0002299505
0.0005588881
0.0000898387
-0.0010396173
-0.0021319755
-0.0021913958
-0.0027892461
-0.0030529450
-0.0032016008
-0.0043199302
-0.0052887399
-0.0046441671
-0.0043096531
-0.0047871040
-0.0059087497
-0.0069349859
-0.0069496617
-0.0076228344
-0.0081371061
-0.0086338224
-0.0094732284
-0.0091425372
-0.0079302398
-0.0073731724
-0.0067602351
-0.0059693784
-0.0064683498
-0.0066247702
-0.0060010719
-0.0048242567
-0.0040239943
-0.0046368494
-0.0044226770
-0.0031086928
-0.0021543397
-0.0026482451
-0.0029381135
-0.0028383290
-0.0025202140
-0.0017302438
-0.0008566891
-0.0007976875
-0.0011440375
-0.0005770928
0.0006838622
0.0012194693
0.0006317666
0.0005540755
0.0012623009
0.0024534247
0.0029705408
0.0024813556
0.0024127644
0.0025952665
0.0026475142
0.0026438747
0.0026969279
0.0027838667
0.0025322878
0.0017496155
0.0010285665
0.0009976814
0.0007971000
-0.0003064987
-0.0009581712
-0.0005165852
-0.0003958837
-0.0005695460
-0.0006876942
-0.0006777403
-0.0006624776
-0.0007263647
-0.0007664890
-0.0004991443
0.0002648278
0.0009642260
0.0009808759
0.0011869269
0.0023012648
0.0029417055
0.0025162219
0.0023599628
0.0025331441
0.0028949136
0.0032072693
0.0028913984
0.0023953368
0.0025738044
0.0027095180
0.0026970019
0.0027055414
0.0026650060
0.0024186301
0.0019293628
0.0017289682
0.0017456609
0.0011947916
0.0007597172
0.0009227394
0.0012414067
0.0019652271
0.0026552707
0.0026037036
0.0025431171
0.0033720071
0.0043579283
0.0045437286
0.0042672008
0.0039123171
0.0031910548
0.0029545125
0.0041159522
0.0049554692
0.0044100366
0.0040354608
0.0038560813
0.0037802708
0.0044003528
0.0047568162
0.0038854866
0.0025986185
0.0023120473
0.0028232826
0.0029164895
0.0028246877
0.0027539525
0.0023744136
0.0014758476
0.0008146318
0.0009814438
0.0012888214
0.0012415362
0.0007539215
-0.0002036242
-0.0008683551
-0.0007271095
-0.0004647153
-0.0004366084
-0.0005597834
-0.0011544910
-0.0023580048
-0.0031774152
-0.0038145629
-0.0036441837
-0.0031476762
-0.0037340640
-0.0041689956
-0.0040237254
-0.0039102580
-0.0038878661
-0.0039135013
-0.0039559524
-0.0039542541
-0.0039121182
-0.0038454589
-0.0038427533
-0.0039418850
-0.0040058987
-0.0037229415
-0.0028771332
-0.0020520647
-0.0020588013
-0.0023455929
-0.0022506101
-0.0020653921
-0.0020440150
-0.0021286518
-0.0021303171
-0.0016217851
-0.0005019223
0.0000408435
-0.0004330618
-0.0005249814
-0.0003150332
-0.0002022621
-0.0002175529
-0.0002163639
-0.0001099691
-0.0000321543
-0.0002963565
-0.0010871361
-0.0018600951
-0.0018571368
-0.0015500888
-0.0015496060
-0.0016718413
-0.0017487527
-0.0017434346
-0.0017033271
-0.0016868148
-0.0017040696
-0.0017194405
-0.0015164455
-0.0009217420
-0.0003684956
-0.0001251051
-0.0001300624
-0.0004640541
-0.0001675236
-0.0000952348
-0.0013121824
-0.0019247114
-0.0014219288
-0.0012872347
-0.0014366358
-0.0015463048
-0.0015692460
-0.0015270932
-0.0014692302
-0.0014521547
-0.0014933262
-0.0015370182
-0.0015390056
-0.0015028163
-0.0014841761
-0.0014996643
-0.0014734387
-0.0013417722
-0.0013147174
-0.0018791655
-0.0030928651
-0.0035899219
-0.0025765771
-0.0013947821
-0.0010704324
-0.0015969085
-0.0016357948
-0.0016468924
-0.0023312224
-0.0032325743
-0.0034150793
-0.0027315878
-0.0016624286
-0.0009495283
-0.0016800482
-0.0019512857
-0.0013777742
-0.0001984389
0.0007182549
0.0001453780
-0.0000568837
0.0000664657
0.0000899597
0.0002301262
0.0009198864
0.0020068167
0.0023190330
0.0015910891
0.0003932091
-0.0004715006
0.0003345389
0.0013260839
0.0021356821
0.0019606931
0.0012032033
0.0011275241
0.0012760417
0.0003902468
0.0000221860
0.0003628594
0.0003970491
0.0002902794
0.0002148453
0.0002142391
0.0002322476
0.0002445180
0.0002206972
0.0001969278
0.0002253670
0.0003457840
0.0003803392
-0.0000861861
-0.0012267829
-0.0019397764
-0.0014476889
-0.0010578539
-0.0004942748
0.0001272683
-0.0004944980
-0.0015879296
-0.0016416304
-0.0013536274
-0.0020660674
-0.0030119418
-0.0025951011
-0.0014542161
-0.0008612890
-0.0002685055
0.0004833550
-0.0000389859
-0.0002130018
0.0003812957
0.0015569034
0.0024368257
0.0017722016
0.0015845122
0.0018559190
0.0020279549
0.0017982682
0.0013662961
0.0015288164
0.0022517799
0.0022203351
0.0018126734
0.0007623112
-0.0005568241
-0.0010301000
-0.0015133328
-0.0012873099
-0.0011277195
-0.0006211448
0.0002723135
0.0003952887
0.0000407389
0.0000195041
0.0001936039
0.0003665122
0.0004714122
0.0002196033
-0.0005625057
-0.0015002986
-0.0011997581
0.0001879312
0.0007947633
0.0002314029
0.0001564871
0.0001687911
-0.0004991379
-0.0014539039
-0.0015408953
-0.0011362879
-0.0010928168
-0.0012388630
-0.0017405209
-0.0028113575
-0.0034005128
-0.0027925577
-0.0026675815
-0.0033247237
-0.0044573380
-0.0051010123
-0.0046393451
-0.0045330647
-0.0045984390
-0.0045544330
-0.0046048188
-0.0051841729
-0.0063590735
-0.0067831856
-0.0057445582
-0.0046306639
-0.0045992740
-0.0054699762
-0.0052346968
-0.0045372974
-0.0046592719
-0.0047975060
-0.0047449143
-0.0046575615
-0.0046936837
-0.0048347975
-0.0048548318
-0.0043121794
-0.0031802792
-0.0027045665
-0.0031938558
-0.0032520143
-0.0031165644
-0.0031894201
-0.0031421667
-0.0023998904
-0.0011152480
-0.0010882776
-0.0019715774
-0.0025182723
-0.0020503132
-0.0011451963
-0.0010833134
-0.0014126417
-0.0014514759
-0.0013483717
-0.0012951208
-0.0012568521
-0.0012412875
-0.0012799280
-0.0013366912
-0.0013276764
-0.0010288851
-0.0004021752
0.0000137987
0.0003859001
0.0004719134
0.0003512084
0.0003702327
0.0003526229
0.0003658009
0.0007735777
0.0017351259
0.0023252399
0.0019589601
0.0015810843
0.0020740987
0.0020054572
0.0017252454
0.0024075915
0.0024636781
0.0022442813
0.0022761135
0.0024100339
0.0025031958
0.0023871540
0.0019907166
0.0017779968
0.0025995715
0.0027998239
0.0025694364
0.0020897482
0.0011378717
0.0005525485
0.0005276610
0.0005263919
0.0011397707
0.0010669202
0.0007737321
0.0007687401
0.0009223277
0.0011376959
0.0010879306
0.0005644873
-0.0004950504
-0.0009004245
-0.0005275641
-0.0004395121
-0.0006336013
-0.0007356583
-0.0005844085
-0.0004685031
-0.0006502992
-0.0012411065
-0.0017390822
-0.0008796817
-0.0001427659
-0.0005742028
-0.0007637915
-0.0006181750
-0.0003390455
-0.0005172438
-0.0015500657
-0.0028037594
-0.0021736478
-0.0018723880
-0.0020958151
-0.0022450272
-0.0022410709
-0.0020984282
-0.0021454168
-0.0027591520
-0.0037904207
-0.0037868546
-0.0031606930
-0.0034035283
-0.0022220652
-0.0018947631
-0.0028319158
-0.0031359928
-0.0018968181
-0.0007865876
0.0000263907
-0.0004802774
-0.0011359346
-0.0018214205
-0.0019180535
-0.0003834447
0.0000699870
-0.0000349667
0.0004315675
0.0008528964
0.0012973117
0.0010910422
0.0009810274
0.0011087798
0.0011658986
0.0012005897
0.0011613195
0.0011009174
0.0010495446
0.0012576281
0.0018189930
0.0022589328
0.0017638645
0.0011797163
0.0010462116
0.0017151534
0.0017540448
0.0009821834
0.0010350827
0.0009713361
0.0006012226
0.0008672345
0.0014504263
0.0013473453
0.0009193370
0.0001331722
-0.0006187387
-0.0005704523
-0.0002915112
-0.0003348042
-0.0004835815
-0.0005337401
-0.0005341786
-0.0005103804
-0.0005109788
-0.0004931108
-0.0004650281
-0.0004259803
-0.0004099828
-0.0003841247
-0.0003906797
-0.0003877225
-0.0004196799
-0.0004464527
-0.0003759200
-0.0000787739
0.0002114126
-0.0000970215
-0.0005824500
-0.0003614172
-0.0001938860
-0.0002133260
-0.0002640342
-0.0002352238
-0.0001649191
-0.0001199047
-0.0001879580
-0.0003142703
-0.0002079498
0.0005456456
0.0016730810
0.0016989793
0.0012621719
0.0016922405
0.0027836909
0.0035198910
0.0034435884
0.0033324860
0.0032745206
0.0026441771
0.0016906700
0.0023374720
0.0037581825
0.0031922084
0.0018245650
0.0025869565
0.0039329945
0.0039223161
0.0031819746
0.0022636270
0.0018294650
0.0020805964
0.0019080025
0.0009249142
0.0002419615
0.0004103332
0.0002873354
-0.0006657215
-0.0014213743
-0.0013983394
-0.0014466446
-0.0017268634
-0.0014044433
-0.0012087354
-0.0010742714
-0.0002307984
0.0004892005
0.0004579529
0.0002662600
0.0001545398
-0.0001586970
-0.0001365915
0.0012931068
0.0026100758
0.0021079374
0.0017447131
0.0019382764
0.0020912447
0.0021042731
0.0021618279
0.0025011234
0.0029848690
0.0029023775
0.0031933012
0.0039860760
0.0038947547
0.0031614054
0.0023594105
0.0025137129
0.0029230711
0.0014527046
-0.0000438725
0.0002189002
0.0006908924
0.0011729722
0.0018836313
0.0014590121
0.0000698092
0.0001461840
0.0001312084
-0.0005835556
-0.0002196064
0.0012942505
0.0031306903
0.0046313937
0.0062184911
0.0078215244
0.0087347604
0.0085216028
0.0085249971
0.0086440804
0.0080167970
0.0069401033
0.0072395810
0.0074609323
0.0066354909
0.0051996316
0.0046223043
0.0037521433
0.0038834362
0.0041939889
0.0040624890
0.0033338720
0.0016772472
0.0000591839
-0.0025850032
-0.0050809953
-0.0063364180
-0.0065030097
-0.0074352756
-0.0077467576
-0.0082876863
-0.0092132158
-0.0085814162
-0.0069045009
-0.0045253029
-0.0015288066
0.0015840345
0.0041773974
0.0063113049
0.0064098143
0.0059831811
0.0043747181
0.0029331105
0.0003013577
-0.0015500899
-0.0017829332
-0.0009474743
0.0021214035
0.0045421223
0.0044252987
0.0018914214
-0.0017885092
-0.0041244732
-0.0049835099
-0.0060795973
-0.0056404971
-0.0055467403
-0.0050828763
-0.0039995970
-0.0042603949
-0.0033098842
-0.0016333037
0.0003293102
0.0011427012
0.0008901867
0.0011385853
0.0001005553
-0.0012603302
-0.0031432636
-0.0043628520
-0.0040323684
-0.0027501308
-0.0014967517
-0.0019371419
-0.0020399679
-0.0028463973
-0.0034600307
-0.0045172526
-0.0040692331
-0.0033348117
-0.0021701176
-0.0009289607
-0.0002898920
-0.0010817625
-0.0010998066
0.0002016104
0.0019443370
0.0024023491
0.0025970081
0.0008502914
0.0003685405
0.0020649711
0.0044680164
0.0062389089
0.0077731949
0.0083219588
0.0061659231
0.0026439441
-0.0010956907
-0.0035062352
-0.0035102875
-0.0008335877
0.0016803073
0.0037130865
0.0041030886
0.0030640524
0.0009179701
-0.0002046937
-0.0014483973
-0.0029964044
-0.0022467677
-0.0000767492
0.0017809088
0.0035193902
0.0047267615
0.0045287435
0.0040437956
0.0030460888
0.0013743348
0.0006029030
0.0000470645
-0.0016299580
-0.0035842124
-0.0037323061
-0.0021075390
-0.0011965073
-0.0019473357
-0.0022936539
-0.0024371790
-0.0028412359
-0.0028735978
-0.0017395569
-0.0010299364
-0.0013504985
-0.0003596623
0.0007854929
0.0035579041
0.0063072456
0.0074430472
0.0072455195
0.0063807460
0.0050151560
0.0043892216
0.0034124454
0.0027123664
0.0034661219
0.0043939042
0.0052471348
0.0053705081
0.0058866897
0.0052595294
0.0039992651
0.0038693138
0.0031790082
0.0028424010
0.0032431810
0.0038482825
0.0046526348
0.0049396126
0.0051554365
0.0055430754
0.0050885726
0.0042582519
0.0030699927
0.0013316946
0.0012656720
0.0018734057
0.0018502690
0.0016212780
0.0012646798
0.0005911872
-0.0000257149
-0.0004817601
-0.0018155658
-0.0034970226
-0.0036207394
-0.0030190669
-0.0030479935
-0.0034128877
-0.0036485026
-0.0031458055
-0.0014466464
0.0002580514
0.0003735434
-0.0003316622
-0.0009873199
-0.0019850215
-0.0031049839
-0.0034857642
-0.0025570157
-0.0008954331
0.0006359970
0.0004436562
-0.0009807534
-0.0022739619
-0.0030993622
-0.0027291424
-0.0011652058
-0.0002707980
0.0000616995
0.0004714662
0.0004733639
0.0008125131
0.0006798868
0.0001708413
0.0003973349
0.0010021512
0.0020397800
0.0025353096
0.0021608247
0.0021397014
0.0019773616
0.0011575262
0.0004332859
0.0006654544
0.0015978262
0.0020206714
0.0019111834
0.0012685846
0.0005477281
-0.0000183055
-0.0016116693
-0.0030640131
-0.0027857812
-0.0017531774
-0.0008329464
-0.0009195568
-0.0012986885
-0.0012455440
-0.0014969506
-0.0024326028
-0.0029779226
-0.0022155808
-0.0009812651
-0.0008728440
-0.0007588042
0.0003149273
0.0006266601
0.0003376061
0.0003936901
0.0003158853
-0.0004659769
-0.0017286900
-0.0031282362
-0.0040639682
-0.0046448575
-0.0048437377
-0.0043363864
-0.0042431662
-0.0045641018
-0.0046222985
-0.0044926322
-0.0044811153
-0.0047713897
-0.0053773013
-0.0057825077
-0.0062001204
-0.0062842952
-0.0061177671
-0.0061144422
-0.0061684153
-0.0062476172
-0.0062276447
-0.0060808231
-0.0060728723
-0.0065195821
-0.0075448758
-0.0080783104
-0.0078834079
-0.0076325200
-0.0069601221
-0.0058986536
-0.0060270813
-0.0059728710
-0.0056571326
-0.0063168618
-0.0063981511
-0.0057973050
-0.0045949337
-0.0033113154
-0.0024905161
-0.0028417563
-0.0029542800
-0.0026305503
-0.0026302606
-0.0033751852
-0.0044691729
-0.0041987317
-0.0043667840
-0.0056028605
-0.0061035654
-0.0049711592
-0.0036291060
-0.0039558536
-0.0043491291
-0.0041254487
-0.0040612811
-0.0048237571
-0.0060231145
-0.0057284195
-0.0053617865
-0.0054775524
-0.0056981045
-0.0057402584
-0.0051625229
-0.0039907326
-0.0035358106
-0.0037481037
-0.0038762932
-0.0048086597
-0.0067437205
-0.0072220949
-0.0062706602
-0.0037178923
-0.0019702006
-0.0008098370
-0.0002703140
-0.0007232133
-0.0007719493
-0.0013666089
-0.0024701602
-0.0019675494
-0.0016886103
-0.0013882086
-0.0005184884
-0.0000721830
0.0004152817
0.0017054956
0.0018425529
0.0024035819
0.0023091358
0.0018266131
0.0010178800
0.0003100112
-0.0002271528
0.0015511684
0.0027747669
0.0025947594
0.0014791216
0.0006214397
0.0014085009
0.0027443681
0.0040205248
0.0030176843
