0.0014104362
0.0031034008
0.0045105249
0.0048920076
0.0035381375
0.0009340524
-0.0018163133
-0.0037690143
-0.0046056181
-0.0042769861
-0.0029533129
-0.0012423272
0.0004758452
0.0016543768
0.0014810570
-0.0002012523
-0.0024481884
-0.0042422663
-0.0047757163
-0.0029300401
0.0010096931
0.0055484054
0.0089873339
0.0101252872
0.0085656207
0.0048747220
0.0003221692
-0.0036218295
-0.0057553544
-0.0052112889
-0.0020468783
0.0020409240
0.0049683466
0.0059975623
0.0054592331
0.0041847595
0.0035587940
0.0043375398
0.0059536113
0.0068643978
0.0060880378
0.0033786958
-0.0002378334
-0.0030219408
-0.0041686804
-0.0031431523
0.0002023119
0.0047003984
0.0083700481
0.0094724078
0.0069757393
0.0012738980
-0.0046994113
-0.0077999003
-0.0071648425
-0.0039493282
-0.0007020151
0.0012885865
0.0023373588
0.0027972502
0.0025450781
0.0018908993
0.0014786831
0.0013948808
0.0016980136
0.0025788944
0.0037595166
0.0045133035
0.0043158174
0.0036465944
0.0029020362
0.0015291325
-0.0007832303
-0.0036062685
-0.0058888024
-0.0062043242
-0.0038903156
0.0002637053
0.0044407729
0.0071041525
0.0077012186
0.0061607326
0.0029584809
-0.0013627294
-0.0053677500
-0.0079648924
-0.0089839381
-0.0075401614
-0.0035400578
0.0012476929
0.0053815587
0.0079044936
0.0081304359
0.0063670793
0.0037205880
0.0017632860
0.0006693916
-0.0004936293
-0.0020287475
-0.0037512398
-0.0055896404
-0.0069261723
-0.0065277956
-0.0035891496
0.0004559848
0.0039230649
0.0067714418
0.0093048442
0.0108690590
0.0089020989
0.0022527584
-0.0066402401
-0.0131100785
-0.0141815974
-0.0101383373
-0.0038449809
0.0019547595
0.0060657794
0.0079870082
0.0064053126
0.0011985380
-0.0056333578
-0.0112612018
-0.0136929046
-0.0118656357
-0.0068638339
-0.0010296637
0.0044664295
0.0086325507
0.0107267591
0.0110432097
0.0101522240
0.0083731836
0.0056375765
0.0021796298
-0.0017075961
-0.0059950787
-0.0106951499
-0.0149694213
-0.0168146295
-0.0144968584
-0.0077807588
0.0015960371
0.0114063274
0.0197394125
0.0247665275
0.0245888943
0.0184504095
0.0091237222
0.0006678275
-0.0050877462
-0.0079987509
-0.0081677398
-0.0060735816
-0.0029667801
-0.0005566070
0.0005084834
0.0012726041
0.0028038670
0.0049288486
0.0069056056
0.0082389331
0.0079950701
0.0060179617
0.0031649007
0.0000697099
-0.0034377561
-0.0068352921
-0.0073610347
-0.0025464029
0.0061487173
0.0150108087
0.0215255356
0.0251914692
0.0246055943
0.0190077613
0.0108991933
0.0039620344
-0.0002045456
-0.0016140793
0.0000585309
0.0045941543
0.0109771410
0.0176440205
0.0223695631
0.0214580665
0.0121842366
-0.0025091015
-0.0151857216
-0.0202885598
-0.0177473249
-0.0108715191
-0.0030629094
0.0041462708
0.0097426563
0.0125004580
0.0113033328
0.0064420154
0.0002042072
-0.0047863231
-0.0072959575
-0.0067782891
-0.0028965795
0.0027581363
0.0069983633
0.0076561565
0.0057080336
0.0043551302
0.0055664810
0.0085033691
0.0112062499
0.0133395839
0.0156216004
0.0177955783
0.0173615213
0.0109861819
-0.0010619086
-0.0136194743
-0.0199955139
-0.0176088979
-0.0077226218
0.0060739138
0.0184849745
0.0245353242
0.0233679120
0.0159894523
0.0052927767
-0.0046781741
-0.0115715363
-0.0153379610
-0.0168304496
-0.0167110897
-0.0144258943
-0.0090205045
-0.0005252062
0.0098765225
0.0209829815
0.0304680491
0.0348349914
0.0300199629
0.0152095168
-0.0047186432
-0.0221712206
-0.0307178981
-0.0289739060
-0.0197393257
-0.0070214458
0.0042859241
0.0112509463
0.0138182629
0.0125629884
0.0089241652
0.0054352334
0.0031152147
0.0011892126
-0.0009685281
-0.0027700450
-0.0029354511
-0.0010993661
0.0013622387
0.0031183155
0.0042595859
0.0055331232
0.0070871427
0.0077654035
0.0063808048
0.0029027959
-0.0020539190
-0.0080490305
-0.0142810042
-0.0193396416
-0.0224401244
-0.0236694721
-0.0227778048
-0.0195710184
-0.0139608913
-0.0066693644
0.0012934001
0.0094594258
0.0171361615
0.0237471348
0.0275975551
0.0257346244
0.0163714821
0.0030074413
-0.0086787406
-0.0143627876
-0.0129837473
-0.0055919691
0.0055552279
0.0180672395
0.0288431256
0.0357089425
0.0356514562
0.0256012166
0.0078656778
-0.0092252605
-0.0196040714
-0.0227061839
-0.0203551924
-0.0160784672
-0.0125949073
-0.0100950847
-0.0080497741
-0.0065976009
-0.0060543435
-0.0054853947
-0.0032960950
0.0007437743
0.0048283698
0.0056608876
0.0005686438
-0.0099343187
-0.0216949397
-0.0283967312
-0.0255935700
-0.0135939937
0.0031461156
0.0190167774
0.0302093017
0.0365367719
0.0382324612
0.0349006077
0.0278338149
0.0175128002
0.0034640472
-0.0111329868
-0.0221614113
-0.0261043972
-0.0210753364
-0.0099557777
0.0026828953
0.0155326660
0.0270876325
0.0332219593
0.0300915777
0.0161267763
-0.0064567014
-0.0318033720
-0.0518709778
-0.0592412269
-0.0496897126
-0.0257613382
0.0029569677
0.0254374329
0.0360573245
0.0348562521
0.0263972449
0.0172746690
0.0110171714
0.0087732829
0.0113541082
0.0163144357
0.0172655352
0.0098679836
-0.0039278785
-0.0171544416
-0.0244924062
-0.0245794630
-0.0178159653
-0.0064710715
0.0060246690
0.0181461167
0.0297754182
0.0419192341
0.0531786636
0.0578027855
0.0505643206
0.0297543620
-0.0041200088
-0.0416061854
-0.0656181527
-0.0654275436
-0.0437777403
-0.0142648557
0.0087813076
0.0203524411
0.0227541646
0.0196406316
0.0140600873
0.0091886445
0.0083644649
0.0133417217
0.0217880196
0.0298539980
0.0358891721
0.0397077293
0.0425098432
0.0436768340
0.0372236275
0.0181792874
-0.0104428346
-0.0375972857
-0.0515294988
-0.0490539237
-0.0348223254
-0.0172233979
-0.0009265632
0.0098815852
0.0132638856
0.0093930907
0.0025572012
-0.0016932769
-0.0003096966
0.0071501998
0.0171564679
0.0256249746
0.0305059045
0.0316700944
0.0291265172
0.0255895607
0.0247734306
0.0261238052
0.0224987014
0.0087017487
-0.0130340951
-0.0338933542
-0.0443915808
-0.0422199204
-0.0308140764
-0.0162421642
-0.0043065404
-0.0006359705
-0.0093066784
-0.0282061841
-0.0490699792
-0.0610517463
-0.0568680081
-0.0373312943
-0.0106183114
0.0132430834
0.0268394938
0.0272495387
0.0168926702
0.0036734817
-0.0051915761
-0.0075518793
-0.0066340496
-0.0071521704
-0.0107922205
-0.0155021661
-0.0185743302
-0.0193967871
-0.0193488684
-0.0195579311
-0.0193262568
-0.0169579147
-0.0114794417
-0.0026226515
0.0098943999
0.0243543386
0.0341136390
0.0280085852
-0.0006339411
-0.0407530488
-0.0671577730
-0.0610533637
-0.0288069434
0.0022587276
0.0143736689
0.0123612130
0.0072794682
0.0012926050
-0.0091950271
-0.0248835079
-0.0414221324
-0.0538196144
-0.0603149024
-0.0623830662
-0.0607069894
-0.0541993824
-0.0428637836
-0.0281570756
-0.0129751278
-0.0018628662
0.0029799213
0.0016712416
-0.0025727461
-0.0051844239
-0.0049856582
-0.0031175137
-0.0024357908
-0.0054331898
-0.0090099578
-0.0068891968
0.0023619056
0.0143316556
0.0225053442
0.0222848177
0.0143501278
0.0032148749
-0.0084098244
-0.0200619792
-0.0312355293
-0.0396243161
-0.0399738135
-0.0295507958
-0.0128737877
0.0027372840
0.0119843264
0.0135261775
0.0086299481
-0.0005122273
-0.0110440153
-0.0200483838
-0.0267725575
-0.0313833133
-0.0339318045
-0.0349734804
-0.0345347698
-0.0326897350
-0.0318059746
-0.0336857044
-0.0355723807
-0.0330771187
-0.0237153645
-0.0086349736
0.0099880003
0.0299043830
0.0470441509
0.0566527736
0.0544421115
0.0400999340
0.0190034174
-0.0023775689
-0.0191569581
-0.0275542467
-0.0261208556
-0.0181542653
-0.0096531580
-0.0053240203
-0.0054566962
-0.0077301074
-0.0077083509
-0.0003655651
0.0142774473
0.0319263136
0.0451808608
0.0464891601
0.0349000624
0.0173230525
0.0015693531
-0.0061569948
-0.0016783591
0.0135877474
0.0314045740
0.0405431310
0.0339370035
0.0143004802
-0.0090876019
-0.0289418507
-0.0419090468
-0.0460324730
-0.0381771251
-0.0219684104
-0.0072061060
-0.0021895141
-0.0113374516
-0.0316229936
-0.0533348192
-0.0673883505
-0.0707731481
-0.0641563623
-0.0507350879
-0.0361612734
-0.0249802377
-0.0187302504
-0.0176007059
-0.0204970772
-0.0233249320
-0.0216531557
-0.0140807779
-0.0039275042
0.0040341603
0.0064648872
0.0021172692
-0.0080925558
-0.0190809747
-0.0230898868
-0.0160555892
-0.0008718157
0.0169366045
0.0337910413
0.0488586733
0.0602516903
0.0652779564
0.0640479209
0.0592575427
0.0550515275
0.0538242928
0.0555033936
0.0584411275
0.0607014000
0.0616241435
0.0619023175
0.0628129900
0.0648944456
0.0679286986
0.0713946723
0.0745902862
0.0768648915
0.0774846187
0.0753883531
0.0697745575
0.0606736576
0.0497559363
0.0391435984
0.0308920365
0.0252963661
0.0197021148
0.0114464879
0.0012014529
-0.0082348867
-0.0153144137
-0.0188223078
-0.0166334456
-0.0078502729
0.0061135965
0.0218688488
0.0334154932
0.0368577957
0.0302267824
0.0143704280
-0.0057605317
-0.0208824594
-0.0227169103
-0.0114775083
0.0036729804
0.0134522390
0.0135655386
0.0058644942
-0.0024131786
-0.0051042913
0.0002759597
0.0130546680
0.0303730730
0.0505804877
0.0701197730
0.0832757005
0.0876002205
0.0834584398
0.0731394638
0.0598501534
0.0475130206
0.0407714900
0.0423886801
0.0517183542
0.0648600542
0.0784532795
0.0910746217
0.1012138328
0.1072925632
0.1101603121
0.1113086758
0.1114595643
0.1103740346
0.1083792702
0.1056469181
0.1017450098
0.0958427601
0.0871898162
0.0777753037
0.0699689465
0.0644873875
0.0614509533
0.0620280600
0.0674633300
0.0760069029
0.0852465459
0.0944338272
0.1034121573
0.1121877949
0.1202892987
0.1273942567
0.1339366827
0.1399580321
0.1446898581
0.1471077300
0.1475495513
0.1458840150
0.1413368493
0.1340142648
0.1235243232
0.1109035386
0.0986230123
0.0864323993
0.0727464102
0.0560941267
0.0363579551
0.0180722402
0.0034651118
-0.0073091068
-0.0152574913
-0.0224139002
-0.0295742191
-0.0361664104
-0.0423257097
-0.0493221396
-0.0572705179
-0.0637125580
-0.0652044641
-0.0606528988
-0.0512838883
-0.0388211370
-0.0262360451
-0.0165756308
-0.0096590820
-0.0041915386
-0.0000464319
0.0014179627
-0.0010321355
-0.0060854538
-0.0106038609
-0.0127499724
-0.0115399024
-0.0064402679
0.0005028139
0.0069388754
0.0116629432
0.0147016701
0.0155423204
0.0122154553
0.0056784899
-0.0016058142
-0.0082789201
-0.0146691129
-0.0215213157
-0.0283548294
-0.0337442690
-0.0370318163
-0.0394140513
-0.0422700514
-0.0456069426
-0.0485411754
-0.0510547795
-0.0540897636
-0.0582504689
-0.0643703327
-0.0728466100
-0.0833639408
-0.0950079470
-0.1056824869
-0.1144827872
-0.1207308721
-0.1225819982
-0.1198042867
-0.1144524856
-0.1081586693
-0.1020293742
-0.0994749900
-0.1038783934
-0.1155740797
-0.1321340144
-0.1502952882
-0.1662085402
-0.1751213717
-0.1765177874
-0.1748490288
-0.1733685865
-0.1715463369
-0.1681214469
-0.1627635111
-0.1568388915
-0.1519832564
-0.1471305956
-0.1403294595
-0.1317276999
-0.1217742645
-0.1103069249
-0.0973847971
-0.0842041450
-0.0716613143
-0.0609635742
-0.0553044067
-0.0552675738
-0.0565454599
-0.0536868139
-0.0451371868
-0.0332997087
-0.0232840775
-0.0183624357
-0.0195942187
-0.0254804377
-0.0329857243
-0.0405947491
-0.0508906239
-0.0668198695
-0.0824130645
-0.0893659567
-0.0842260192
-0.0656821021
-0.0285113631
0.0251361145
0.0728725740
0.0919698521
0.0797300997
0.0519881875
0.0321246498
0.0277557184
0.0272200736
0.0178843887
-0.0012657952
-0.0235959674
-0.0416013148
-0.0555591325
-0.0699861732
-0.0847883034
-0.0993979037
-0.1123636559
-0.1224635182
-0.1288145915
-0.1318362653
-0.1327788381
-0.1317167318
-0.1283261094
-0.1234850984
-0.1193155567
-0.1169928033
-0.1158703417
-0.1156895233
-0.1159987983
-0.1157178421
-0.1137254323
-0.1093577216
-0.1033944349
-0.0958795682
-0.0859799817
-0.0748264406
-0.0639022995
-0.0538194161
-0.0462655539
-0.0427436615
-0.0427493067
-0.0438738690
-0.0436873560
-0.0413815753
-0.0373067804
-0.0322197933
-0.0264795798
-0.0189721739
-0.0094241049
0.0022991162
0.0175922103
0.0378977552
0.0676903753
0.1084321896
0.1480525336
0.1643649741
0.1340560302
0.0549619115
-0.0230763719
-0.0448937327
-0.0222940693
-0.0026001068
-0.0072622415
-0.0228427829
-0.0324680064
-0.0354855965
-0.0397191931
-0.0478229338
-0.0556161107
-0.0589348149
-0.0591448380
-0.0606611032
-0.0654540033
-0.0717673390
-0.0772093014
-0.0811728044
-0.0855634427
-0.0922461609
-0.1003391133
-0.1073211297
-0.1116773146
-0.1129910670
-0.1101038606
-0.1007205172
-0.0840119248
-0.0625326534
-0.0403918707
-0.0194974394
-0.0006601790
0.0150242679
0.0280206377
0.0404596063
0.0523833232
0.0639378683
0.0779983832
0.0954063918
0.1139836468
0.1312765216
0.1410669851
0.1333192482
0.1000641058
0.0411842801
-0.0220396471
-0.0619272652
-0.0725319440
-0.0688323564
-0.0650329408
-0.0611593078
-0.0503597691
-0.0307012044
-0.0044367166
0.0237035847
0.0514184796
0.0804849760
0.1102332467
0.1360132430
0.1566464234
0.1730738118
0.1841038536
0.1897908316
0.1922574092
0.1943232493
0.1975631692
0.2012034548
0.2035420096
0.2020323191
0.1930134009
0.1725361282
0.1410686582
0.1010485061
0.0546387747
0.0106964388
-0.0320697537
-0.0801332540
-0.1274173703
-0.1604708736
-0.1648839437
-0.1403822549
-0.1113809907
-0.1021689848
-0.1175865046
-0.1406330335
-0.1507827169
-0.1428326593
-0.1279395622
-0.1175565748
-0.1118995266
-0.1063832664
-0.0986705406
-0.0905941333
-0.0851086704
-0.0822069638
-0.0788668441
-0.0737661933
-0.0708289179
-0.0744735412
-0.0848459323
-0.0962451087
-0.1026220221
-0.1029091130
-0.0989243555
-0.0921892756
-0.0823936690
-0.0687065024
-0.0506137141
-0.0275220798
-0.0003760642
0.0277694564
0.0554508708
0.0808938311
0.1023211126
0.1200423621
0.1356830853
0.1500887537
0.1629090705
0.1736667695
0.1813762730
0.1861829545
0.1868011946
0.1802548028
0.1664760497
0.1470863515
0.1240049975
0.1010157258
0.0793033982
0.0572824960
0.0353978024
0.0148299284
-0.0024031332
-0.0161380170
-0.0278826693
-0.0390338681
-0.0503819345
-0.0615057627
-0.0710803781
-0.0769857882
-0.0757081623
-0.0659760094
-0.0509523550
-0.0347391787
-0.0194102215
-0.0050532210
0.0093459280
0.0254268243
0.0449988279
0.0684074520
0.0926879822
0.1144481479
0.1313268385
0.1421867202
0.1478899954
0.1500450673
0.1497784873
0.1483339856
0.1462416858
0.1426101995
0.1373724787
0.1314299508
0.1255102264
0.1198673066
0.1154147018
0.1121326447
0.1085413746
0.1030969336
0.0937363319
0.0793019110
0.0601629047
0.0387040884
0.0175129799
-0.0026185332
-0.0208487620
-0.0362549358
-0.0494322045
-0.0624647381
-0.0759840992
-0.0871971282
-0.0933613725
-0.0943310867
-0.0925418651
-0.0914012473
-0.0928940829
-0.0939443536
-0.0885589666
-0.0743971985
-0.0535713950
-0.0307124079
-0.0108705710
0.0036903199
0.0159340170
0.0289727596
0.0420391145
0.0529731888
0.0613289226
0.0676540010
0.0719870723
0.0741544756
0.0733690498
0.0687064405
0.0614390991
0.0526125002
0.0413790780
0.0286908615
0.0155180605
0.0011144519
-0.0133021189
-0.0270670472
-0.0429748215
-0.0637737190
-0.0868695112
-0.1042677911
-0.1109792617
-0.1051441217
-0.0916173865
-0.0792735304
-0.0731847614
-0.0726015324
-0.0739901403
-0.0743009644
-0.0726755205
-0.0715495267
-0.0735877917
-0.0782432129
-0.0829909023
-0.0855859366
-0.0844737613
-0.0788568674
-0.0682577408
-0.0533363994
-0.0361080689
-0.0165086884
0.0063092459
0.0313330646
0.0572461898
0.0846356799
0.1114073885
0.1352478324
0.1584240572
0.1791126977
0.1944181201
0.2052865532
0.2145664125
0.2228319416
0.2281769884
0.2280997781
0.2203935588
0.2048891619
0.1805887404
0.1480983889
0.1123591323
0.0788387732
0.0485247605
0.0210814835
-0.0011519807
-0.0151510266
-0.0164115435
-0.0039502341
0.0172618110
0.0370934854
0.0500158425
0.0591929178
0.0688837887
0.0785770266
0.0862487305
0.0916094548
0.0950899287
0.0972797638
0.0982039946
0.0970894027
0.0943011568
0.0907426670
0.0864646219
0.0818932273
0.0774671441
0.0722764560
0.0652851446
0.0560833012
0.0444634247
0.0299655687
0.0135918744
-0.0036052231
-0.0198450158
-0.0313844845
-0.0365193531
-0.0366700186
-0.0312639596
-0.0158234130
0.0048600787
0.0171313776
0.0190197642
0.0136433438
0.0072753412
0.0046458827
0.0055002035
0.0072001882
0.0087361525
0.0104223671
0.0125019699
0.0154125625
0.0185350186
0.0198937091
0.0184101995
0.0146042092
0.0092432618
0.0023784649
-0.0056090390
-0.0139576814
-0.0210316128
-0.0258625915
-0.0291233259
-0.0300448611
-0.0283825223
-0.0260388552
-0.0265039884
-0.0320943606
-0.0411989042
-0.0504268788
-0.0571075025
-0.0623444610
-0.0682457813
-0.0752209815
-0.0828071716
-0.0899837010
-0.0958810554
-0.1005513486
-0.1043978588
-0.1071418606
-0.1085097097
-0.1086627051
-0.1072572423
-0.1035140922
-0.0975850110
-0.0895088515
-0.0782463732
-0.0632238900
-0.0462768132
-0.0302229343
-0.0168571882
-0.0060210892
0.0034904995
0.0116765882
0.0177239945
0.0211121507
0.0220290756
0.0219107382
0.0215622880
0.0197085159
0.0154836257
0.0084643302
-0.0006586373
-0.0112692450
-0.0233838994
-0.0375127757
-0.0525131617
-0.0675101147
-0.0820309789
-0.0937854714
-0.1028516700
-0.1100882450
-0.1142160833
-0.1131192138
-0.1070334811
-0.0988699489
-0.0902974375
-0.0809574088
-0.0716422906
-0.0644907337
-0.0612884585
-0.0624797959
-0.0666363247
-0.0716082710
-0.0753195702
-0.0754772131
-0.0698357185
-0.0597883356
-0.0492610220
-0.0395135324
-0.0299007455
-0.0212804394
-0.0154000267
-0.0123439863
-0.0106400059
-0.0095516754
-0.0092420101
-0.0106145253
-0.0140750522
-0.0194031635
-0.0259251343
-0.0339396618
-0.0433525942
-0.0512536486
-0.0551506120
-0.0544238066
-0.0505660433
-0.0447774959
-0.0368315405
-0.0276590878
-0.0188506885
-0.0114021384
-0.0045992641
0.0030341606
0.0121068280
0.0215671709
0.0303011918
0.0378471409
0.0435923427
0.0478019086
0.0510899083
0.0532435301
0.0536705415
0.0524886353
0.0507589265
0.0496580229
0.0496378157
0.0500991689
0.0501984516
0.0497884749
0.0484753856
0.0459225815
0.0430650199
0.0407296564
0.0387117784
0.0362200858
0.0334229787
0.0307762458
0.0280203217
0.0247193462
0.0199130179
0.0125484510
0.0024076896
-0.0097543246
-0.0230275299
-0.0350808498
-0.0431887113
-0.0470195316
-0.0462171146
-0.0395970446
-0.0292833235
-0.0188684605
-0.0096438382
-0.0016090693
0.0054640417
0.0121427314
0.0197058948
0.0291388919
0.0394579360
0.0488177940
0.0562738544
0.0622062757
0.0670749238
0.0703802803
0.0712269290
0.0693015050
0.0657666864
0.0615652072
0.0568073367
0.0516827668
0.0465099437
0.0415994620
0.0370625455
0.0320227769
0.0263175125
0.0203045906
0.0138459186
0.0071900505
0.0012459684
-0.0035587767
-0.0081081156
-0.0134519478
-0.0199659745
-0.0272863840
-0.0339359190
-0.0389959322
-0.0429213010
-0.0458537491
-0.0473907173
-0.0466032715
-0.0435968043
-0.0393988943
-0.0347698150
-0.0298841323
-0.0247533906
-0.0194677760
-0.0135041050
-0.0064286988
0.0013132771
0.0088661087
0.0160354005
0.0231813184
0.0302960114
0.0373216028
0.0440179660
0.0493222325
0.0525173692
0.0532561341
0.0512473404
0.0461524402
0.0377785873
0.0267420204
0.0141131864
0.0028508029
-0.0049070630
-0.0102324769
-0.0147646653
-0.0191066289
-0.0235696317
-0.0287488622
-0.0353685170
-0.0431068040
-0.0506850438
-0.0571902092
-0.0621532943
-0.0646183228
-0.0628864823
-0.0570943470
-0.0489091699
-0.0393329743
-0.0297528067
-0.0213589386
-0.0129990964
-0.0036848402
0.0060247167
0.0153855017
0.0242528498
0.0326378628
0.0408916741
0.0495173713
0.0576716334
0.0639145689
0.0676061628
0.0677876008
0.0629446069
0.0540667245
0.0435598784
0.0338459498
0.0266922551
0.0244979398
0.0284051462
0.0352638122
0.0413369222
0.0456693739
0.0487725647
0.0510842321
0.0517661304
0.0506746024
0.0494631754
0.0492859387
0.0502943448
0.0525412139
0.0551108233
0.0567944414
0.0570198695
0.0547631415
0.0501436174
0.0446253991
0.0385988754
0.0308163877
0.0207560291
0.0093982525
-0.0025531771
-0.0154141365
-0.0285881892
-0.0403004267
-0.0497582352
-0.0567307646
-0.0599631927
-0.0584581126
-0.0540934197
-0.0490502119
-0.0438487974
-0.0388382026
-0.0348207701
-0.0317653865
-0.0283846725
-0.0242181795
-0.0198983876
-0.0154670435
-0.0109490330
-0.0067551384
-0.0029043228
0.0000668892
0.0008076612
-0.0010570678
-0.0046159449
-0.0086739939
-0.0129790502
-0.0175875752
-0.0226072667
-0.0271236846
-0.0296308813
-0.0300802440
-0.0294166816
-0.0290367587
-0.0291461358
-0.0289710927
-0.0285922789
-0.0288228626
-0.0297341423
-0.0305277724
-0.0315778200
-0.0334144955
-0.0354378761
-0.0372208886
-0.0374623350
-0.0345569848
-0.0290677853
-0.0224422932
-0.0151623231
-0.0073971488
0.0003838290
0.0071851366
0.0123059326
0.0161036318
0.0188862821
0.0203819186
0.0205235865
0.0196555470
0.0192066738
0.0201934226
0.0215997777
0.0214735581
0.0189432913
0.0152199396
0.0113690545
0.0075157156
0.0031547865
-0.0017693600
-0.0068312085
-0.0120781561
-0.0190624529
-0.0289912318
-0.0401436948
-0.0507941668
-0.0600284621
-0.0674537871
-0.0720243762
-0.0724003271
-0.0689652127
-0.0645251871
-0.0616038495
-0.0607542512
-0.0609652039
-0.0610122923
-0.0604891522
-0.0598198208
-0.0589401626
-0.0574239036
-0.0556200394
-0.0540435428
-0.0532941320
-0.0540453646
-0.0553860476
-0.0556348680
-0.0548578945
-0.0533775699
-0.0506959003
-0.0466178708
-0.0419842431
-0.0380238261
-0.0353472997
-0.0336918949
-0.0319511498
-0.0300286445
-0.0288788370
-0.0293880345
-0.0310020518
-0.0325360828
-0.0337898701
-0.0352692094
-0.0379358584
-0.0412845853
-0.0440303407
-0.0461010451
-0.0481384426
-0.0503579101
-0.0529433333
-0.0548775193
-0.0552922861
-0.0539613318
-0.0512359820
-0.0475001998
-0.0427919706
-0.0366087584
-0.0287496182
-0.0208447900
-0.0133519648
-0.0052862139
0.0039755078
0.0132803935
0.0220672532
0.0305205533
0.0381814937
0.0443833950
0.0483846790
0.0496352564
0.0481074036
0.0449213574
0.0418822338
0.0411028003
0.0441754291
0.0498347825
0.0559199202
0.0613967140
0.0661321031
0.0701102302
0.0727674788
0.0738540618
0.0742356517
0.0748038228
0.0757159081
0.0765892644
0.0776622767
0.0792271174
0.0810214822
0.0829134442
0.0842160426
0.0833137479
0.0803212604
0.0772505711
0.0749116446
0.0727244740
0.0704050669
0.0686179523
0.0688409078
0.0707901269
0.0721180696
0.0719062060
0.0709846398
0.0702873305
0.0693438901
0.0675482861
0.0651566260
0.0622097458
0.0585203084
0.0543338560
0.0499868173
0.0450490890
0.0395430284
0.0334285371
0.0268870283
0.0205524319
0.0143170997
0.0090499572
0.0052241860
0.0024325580
0.0016684915
0.0046594460
0.0106175617
0.0161484646
0.0187622065
0.0176575230
0.0139593421
0.0102956703
0.0083517122
0.0083488246
0.0090624993
0.0094051804
0.0096776100
0.0097687566
0.0095750182
0.0094440458
0.0098029621
0.0111986342
0.0139515467
0.0172305737
0.0193465818
0.0195289307
0.0183979301
0.0165641237
0.0141332636
0.0107530081
0.0066752078
0.0034252140
0.0014209092
0.0003959018
0.0002354043
-0.0003156724
-0.0022056434
-0.0045671332
-0.0056933253
-0.0043149412
-0.0011027960
0.0022026634
0.0051088911
0.0071015003
0.0066761683
0.0035396414
-0.0007936729
-0.0050908346
-0.0092415020
-0.0132507611
-0.0167235883
-0.0188650214
-0.0187870923
-0.0178742758
-0.0195497949
-0.0257010013
-0.0361837114
-0.0476938699
-0.0565527596
-0.0587900858
-0.0524854502
-0.0407324573
-0.0284177874
-0.0187246734
-0.0113213403
-0.0035538126
0.0053031555
0.0147552898
0.0236543771
0.0309949257
0.0363602541
0.0397903864
0.0412527407
0.0404149284
0.0377546187
0.0338436261
0.0280656564
0.0201648622
0.0115293619
0.0031639799
-0.0049355763
-0.0124017453
-0.0194770462
-0.0266812932
-0.0336468762
-0.0398691397
-0.0451102499
-0.0493729150
-0.0524673932
-0.0538913902
-0.0529550326
-0.0498755626
-0.0462961901
-0.0432994765
-0.0402204775
-0.0364122626
-0.0325547967
-0.0295775467
-0.0276892346
-0.0259291931
-0.0237570556
-0.0212932479
-0.0190419544
-0.0165966933
-0.0136231923
-0.0110812820
-0.0090117982
-0.0067683187
-0.0043799373
-0.0024523879
-0.0011977832
-0.0006305918
-0.0003004184
0.0001756410
0.0002220256
-0.0002109080
0.0001668818
0.0017399563
0.0038931939
0.0060439096
0.0075101634
0.0078021435
0.0065885786
0.0041773929
0.0010053734
-0.0033084518
-0.0082651512
-0.0136095349
-0.0201839355
-0.0279477279
-0.0358834712
-0.0423422114
-0.0465834360
-0.0482793359
-0.0474063638
-0.0457051968
-0.0442806669
-0.0434922853
-0.0435735978
-0.0439597422
-0.0443615890
-0.0449431572
-0.0449336763
-0.0437288487
-0.0415290370
-0.0382861737
-0.0339493968
-0.0292835775
-0.0246466161
-0.0199321036
-0.0147860004
-0.0096307819
-0.0055918408
-0.0024256518
0.0005516686
0.0032647492
0.0052661200
0.0055897389
0.0036508813
-0.0002832594
-0.0054252847
-0.0115290831
-0.0177465503
-0.0223727482
-0.0246470932
-0.0254246616
-0.0251979571
-0.0236261327
-0.0207413244
-0.0171767805
-0.0132918573
-0.0089955072
-0.0038953863
0.0009862568
0.0046510340
0.0074547901
0.0103615098
0.0132964056
0.0161566318
0.0189247819
0.0216475105
0.0237780685
0.0254573428
0.0268429329
0.0258685402
0.0211735410
0.0134054233
0.0045812263
-0.0030582334
-0.0095185481
-0.0153023055
-0.0205415506
-0.0253057231
-0.0299742317
-0.0342035897
-0.0375896080
-0.0401073080
-0.0412395852
-0.0405747711
-0.0377197935
-0.0332201189
-0.0281070315
-0.0232790954
-0.0193850940
-0.0164565684
-0.0141387228
-0.0120494408
-0.0094961038
-0.0059182972
-0.0016382140
0.0027854084
0.0061841237
0.0083384204
0.0089703922
0.0081376922
0.0073721763
0.0084831618
0.0117928064
0.0155751069
0.0177841392
0.0186629857
0.0194860561
0.0205616463
0.0211108061
0.0210736385
0.0209779994
0.0209151901
0.0196861398
0.0162020656
0.0113533212
0.0066004080
0.0031170359
0.0018084317
0.0026238264
0.0051938292
0.0091733140
0.0141017908
0.0199374823
0.0265149998
0.0324296677
0.0367429594
0.0398096952
0.0419918031
0.0433211710
0.0437222183
0.0430348051
0.0421096510
0.0413803298
0.0411007244
0.0414411437
0.0427217440
0.0458510908
0.0511106795
0.0576894736
0.0647701408
0.0714676689
0.0765598303
0.0791709138
0.0787658386
0.0753310340
0.0697060845
0.0615162598
0.0514069290
0.0411778108
0.0310249237
0.0218003820
0.0137823967
0.0054865566
-0.0029466410
-0.0112456977
-0.0194526995
-0.0262117728
-0.0307990371
-0.0333859785
-0.0339249262
-0.0322508509
-0.0288556553
-0.0242926137
-0.0186517946
-0.0131846676
-0.0084070607
-0.0036477005
0.0009279128
0.0051095182
0.0088938264
0.0123125754
0.0159138036
0.0199996595
0.0236791017
0.0268511621
0.0301137493
0.0335350390
0.0367175221
0.0391648777
0.0405130524
0.0404451867
0.0389958144
0.0364427563
0.0333702018
0.0303388799
0.0283443075
0.0285999318
0.0308694187
0.0334180152
0.0348684843
0.0354545451
0.0352902285
0.0341620473
0.0327748956
0.0316356038
0.0314271608
0.0330002555
0.0360139789
0.0391725182
0.0422565303
0.0452978536
0.0472761970
0.0477542501
0.0472756516
0.0467387427
0.0458536376
0.0441641264
0.0418511514
0.0394793516
0.0371899115
0.0349271914
0.0320978741
0.0285861938
0.0245235196
0.0189460116
0.0122330166
0.0052246805
-0.0010968807
-0.0062960222
-0.0106990043
-0.0150217706
-0.0191771344
-0.0230524528
-0.0265684894
-0.0300458092
-0.0334469598
-0.0361567312
-0.0381560131
-0.0392421438
-0.0383112268
-0.0351368365
-0.0309348987
-0.0267262375
-0.0220894434
-0.0170460188
-0.0122281956
-0.0078780091
-0.0039268349
-0.0007351938
0.0018993156
0.0040305303
0.0060600165
0.0083908813
0.0105772276
0.0121894108
0.0132630676
0.0144239237
0.0164688935
0.0194982325
0.0221005974
0.0234159485
0.0239371242
0.0240312265
0.0224722912
0.0189048782
0.0142296463
0.0085446884
0.0015894303
-0.0054436342
-0.0117421550
-0.0173669620
-0.0224179218
-0.0267453108
-0.0298703014
-0.0313260810
-0.0313053842
-0.0311475864
-0.0319676577
-0.0338252778
-0.0359404928
-0.0379322024
-0.0397247143
-0.0404748625
-0.0389144276
-0.0355875067
-0.0317657645
-0.0281949310
-0.0250373584
-0.0215470628
-0.0173433032
-0.0130884459
-0.0100769905
-0.0088546945
-0.0089241776
-0.0096519497
-0.0109510097
-0.0128706708
-0.0149505339
-0.0171249703
-0.0185797771
-0.0185826647
-0.0180039035
-0.0176917657
-0.0180805623
-0.0189514895
-0.0202875126
-0.0224896666
-0.0252308427
-0.0281972795
-0.0311761344
-0.0330300676
-0.0321439772
-0.0283313441
-0.0228229040
-0.0160662474
-0.0076865015
0.0009502902
0.0083501940
0.0142636101
0.0196879307
0.0247852662
0.0286660625
0.0311036708
0.0317405565
0.0302492825
0.0271947974
0.0230226283
0.0173889849
0.0100222926
0.0017226540
-0.0058372084
-0.0114485390
-0.0152004077
-0.0178175578
-0.0200545804
-0.0222220704
-0.0244077909
-0.0268663005
-0.0294317953
-0.0315406711
-0.0332541509
-0.0348811998
-0.0356018334
-0.0348199521
-0.0331753667
-0.0315267100
-0.0301719049
-0.0288814457
-0.0276527363
-0.0269331686
-0.0263027273
-0.0255698802
-0.0252733332
-0.0253988092
-0.0255129205
-0.0253123907
-0.0243692539
-0.0229226144
-0.0214410691
-0.0195962760
-0.0171767248
-0.0145110363
-0.0118995066
-0.0099771562
-0.0090593328
-0.0081489763
-0.0065070431
-0.0038514006
-0.0011336082
0.0007386367
0.0010943623
-0.0001842515
-0.0031425767
-0.0076220873
-0.0125233608
-0.0164559239
-0.0185768956
-0.0185334137
-0.0166234876
-0.0143195721
-0.0121880661
-0.0102436432
-0.0088416382
-0.0071068047
-0.0039082760
0.0007362311
0.0062462569
0.0113462818
0.0148567290
0.0172187443
0.0186729995
0.0177800495
0.0145162849
0.0108439564
0.0081434427
0.0064503251
0.0051265459
0.0033555370
0.0008588084
-0.0020988013
-0.0062724254
-0.0113638121
-0.0160368071
-0.0198509398
-0.0225579104
-0.0245330438
-0.0261740848
-0.0277421849
-0.0299780302
-0.0328455251
-0.0357427948
-0.0383711422
-0.0394760054
-0.0374619384
-0.0332524716
-0.0287927840
-0.0248300308
-0.0216997173
-0.0194286379
-0.0170139945
-0.0135911122
-0.0094153986
-0.0046751031
0.0003712627
0.0047530662
0.0079921452
0.0103014146
0.0123097250
0.0138448280
0.0147544222
0.0158143101
0.0172626351
0.0187782806
0.0200073247
0.0210897250
0.0220130449
0.0230242209
0.0243403218
0.0257522167
0.0275004721
0.0296644300
0.0320339556
0.0347386582
0.0371827668
0.0386422148
0.0389766358
0.0384095243
0.0366268775
0.0334470279
0.0296140760
0.0257026621
0.0219120147
0.0189509070
0.0170638961
0.0153433831
0.0134213859
0.0114656727
0.0099753654
0.0092049045
0.0092866508
0.0107716352
0.0134560190
0.0167641888
0.0205982313
0.0249179861
0.0293798363
0.0331851078
0.0361872064
0.0382340289
0.0385151091
0.0368211673
0.0338006585
0.0307047612
0.0282496041
0.0259307113
0.0234382378
0.0208319071
0.0182325724
0.0157112474
0.0134653388
0.0117276672
0.0104757946
0.0098486500
0.0102459918
0.0115558278
0.0129046532
0.0139110268
0.0145621277
0.0151654648
0.0155542304
0.0148682795
0.0130748443
0.0111514838
0.0097145792
0.0087126858
0.0082018090
0.0086036619
0.0101170084
0.0119803233
0.0134618810
0.0142506034
0.0142298012
0.0139994283
0.0145576413
0.0163792527
0.0188515994
0.0219616251
0.0261310057
0.0303170491
0.0330518798
0.0338307557
0.0332513686
0.0321909974
0.0312135870
0.0306313123
0.0299500585
0.0282496536
0.0252902872
0.0216863759
0.0178405660
0.0136238243
0.0096282660
0.0063990788
0.0039288501
0.0023855458
0.0017596343
0.0016720664
0.0015852283
0.0013284812
0.0011009432
0.0010637230
0.0011731937
0.0017041315
0.0029262391
0.0041272471
0.0045875264
0.0036728416
0.0011856533
-0.0019623225
-0.0049954012
-0.0074265458
-0.0091855772
-0.0111678616
-0.0135957659
-0.0155506239
-0.0168961093
-0.0183662280
-0.0198913172
-0.0214778958
-0.0231671033
-0.0248663184
-0.0266914681
-0.0280809745
-0.0275361648
-0.0251075665
-0.0218355913
-0.0186021965
-0.0159951408
-0.0136302998
-0.0116158796
-0.0102788836
-0.0093662654
-0.0087753154
-0.0082680326
-0.0075195885
-0.0060142883
-0.0040613680
-0.0022417191
-0.0009636619
-0.0006346444
-0.0012270531
-0.0024633423
-0.0037272662
-0.0047074087
-0.0055941782
-0.0057880070
-0.0046438800
-0.0029975992
-0.0020751710
-0.0015249467
-0.0009067320
-0.0009566392
-0.0021828676
-0.0041803350
-0.0060618235
-0.0074035004
-0.0083205430
-0.0092013848
-0.0092813031
-0.0080318596
-0.0058364394
-0.0025818434
0.0015304394
0.0057089935
0.0095209896
0.0128428044
0.0155107547
0.0174835644
0.0192878500
0.0221074447
0.0255849133
0.0284288856
0.0305279459
0.0325548649
0.0344547338
0.0356026079
0.0356812806
0.0346443762
0.0319524944
0.0274119901
0.0221482373
0.0172521938
0.0125625732
0.0083111055
0.0052925338
0.0032964402
0.0020326837
0.0015999051
0.0015965930
0.0016453297
0.0020307460
0.0026894390
0.0029681087
0.0026309897
0.0018198881
0.0010539484
0.0009427061
0.0012944876
0.0017831822
0.0026053281
0.0033876716
0.0041820751
0.0049957551
0.0058274413
0.0061576875
0.0059929756
0.0058481517
0.0059514561
0.0059123218
0.0052458148
0.0039559239
0.0020653264
-0.0001294910
-0.0021578709
-0.0042354642
-0.0064106417
-0.0083974311
-0.0104513302
-0.0126322670
-0.0150551210
-0.0176637569
-0.0201626996
-0.0222567159
-0.0237934238
-0.0245589211
-0.0233205448
-0.0201964899
-0.0166144157
-0.0133340875
-0.0106777435
-0.0089046643
-0.0075203011
-0.0058389472
-0.0037839122
-0.0013783841
0.0017218118
0.0059018705
0.0101582534
0.0136805795
0.0160927877
0.0170854419
0.0170729060
0.0166654018
0.0152721340
0.0132738374
0.0114536822
0.0095264674
0.0071346648
0.0043454895
0.0012016382
-0.0018601279
-0.0046076618
-0.0075623826
-0.0109052103
-0.0139345555
-0.0164935376
-0.0196386363
-0.0232911417
-0.0264826905
-0.0284838809
-0.0293968895
-0.0293926324
-0.0286784434
-0.0282088487
-0.0288606746
-0.0303364570
-0.0317789448
-0.0323983622
-0.0322598050
-0.0313669108
-0.0293450855
-0.0266602122
-0.0240707116
-0.0224122704
-0.0224073875
-0.0240575685
-0.0266254986
-0.0293990707
-0.0318222222
-0.0337270857
-0.0346436264
-0.0338151153
-0.0313968406
-0.0289679572
-0.0279447907
-0.0280131522
-0.0290344845
-0.0306179461
-0.0328198027
-0.0355104513
-0.0383248471
-0.0407900986
-0.0425852813
-0.0437374001
-0.0446041197
-0.0444620801
-0.0430800282
-0.0414680372
-0.0395072366
-0.0367880896
-0.0334253582
-0.0293181487
-0.0235399373
-0.0157578834
-0.0077903698
-0.0010462410
0.0052039266
0.0122901745
0.0200067361
0.0265029350
0.0308734527
0.0347037029
0.0390351817
0.0425778825
0.0438433815
0.0429241762
0.0407423596
0.0371131722
0.0320065602
0.0256884593
0.0192941086
0.0141964198
0.0102670542
0.0067543824
0.0029153373
-0.0009379347
-0.0042413442
-0.0077002519
-0.0117958923
-0.0158207236
-0.0193816921
-0.0220460978
-0.0231882463
-0.0231114326
-0.0227453281
-0.0219008669
-0.0199626964
-0.0171292398
-0.0136777352
-0.0103556787
-0.0070558806
-0.0028486545
0.0018955059
0.0059200106
0.0092681414
0.0125633850
0.0155470485
0.0176937053
0.0191658317
0.0202528423
0.0207684658
0.0204707600
0.0192749857
0.0172502666
0.0147728201
0.0123519614
0.0100869671
0.0077873707
0.0056267627
0.0036455311
0.0019236480
0.0009034397
0.0003390402
-0.0001243303
-0.0003881425
-0.0004458386
-0.0006979253
-0.0019275308
-0.0042230306
-0.0068146573
-0.0094059301
-0.0113478744
-0.0119345363
-0.0115761033
-0.0109484939
-0.0103079149
-0.0102283871
-0.0105835110
-0.0103221796
-0.0083986952
-0.0056812771
-0.0030957845
-0.0005303781
0.0019774628
0.0038955437
0.0043787023
0.0039495736
0.0036764344
0.0037269006
0.0042276409
0.0049288368
0.0058946929
0.0070483950
0.0083667763
0.0098399995
0.0109169715
0.0111019726
0.0107065084
0.0100815264
0.0093995414
0.0086623008
0.0071151516
0.0042614883
0.0013541248
-0.0005785376
-0.0014162078
-0.0007743883
0.0007303189
0.0020670478
0.0031344584
0.0040294664
0.0048446540
0.0059255882
0.0072051270
0.0079746273
0.0084781363
0.0094995616
0.0107231464
0.0119626938
0.0137609377
0.0159801201
0.0178259481
0.0193801739
0.0213269081
0.0236605304
0.0255852355
0.0267408926
0.0272657057
0.0272352430
0.0266049567
0.0252049035
0.0231195998
0.0211955763
0.0195381452
0.0176825699
0.0152167359
0.0127366248
0.0107617330
0.0083709156
0.0052150050
0.0023838108
0.0004688825
-0.0013198703
-0.0034212005
-0.0054230706
-0.0067966684
-0.0069916399
-0.0060506745
-0.0044926810
-0.0030436514
-0.0018993862
-0.0009292606
0.0001477200
0.0010001782
0.0010928132
0.0002618503
-0.0007992319
-0.0009123617
0.0001139418
0.0020097151
0.0042444376
0.0066450177
0.0093966662
0.0124060024
0.0159188910
0.0195497577
0.0226265817
0.0256810233
0.0288451582
0.0311181771
0.0320264763
0.0317406619
0.0299199118
0.0263178347
0.0210662831
0.0141862016
0.0068006467
0.0001273654
-0.0054550683
-0.0097467398
-0.0129158010
-0.0144490698
-0.0142990674
-0.0125944302
-0.0098466237
-0.0065352998
-0.0030795065
0.0004697912
0.0043520015
0.0078856682
0.0100125453
0.0110892261
0.0122104484
0.0134736485
0.0143726341
0.0144040139
0.0135808072
0.0126206978
0.0118732204
0.0108279008
0.0093127263
0.0076888253
0.0071154552
0.0105696553
0.0155055929
0.0174653153
0.0194845503
0.0232437807
0.0245381747
0.0219799114
0.0180704618
0.0147621680
0.0115916011
0.0075098969
0.0031443297
-0.0000398763
-0.0018975489
-0.0030078775
-0.0041141616
-0.0049699627
-0.0045309987
-0.0034640887
-0.0032305914
-0.0037612722
-0.0041244927
-0.0043028949
-0.0054457417
-0.0076213375
-0.0099803970
-0.0127338177
-0.0157280775
-0.0178367116
-0.0182875677
-0.0176475650
-0.0167479474
-0.0156382074
-0.0143693250
-0.0135634504
-0.0137253627
-0.0147826852
-0.0162796911
-0.0175582403
-0.0181896296
-0.0181345228
-0.0177001808
-0.0164657146
-0.0138235549
-0.0104814150
-0.0069496514
-0.0028417378
0.0013511801
0.0049354722
0.0073264946
0.0085875134
0.0089955444
0.0081429160
0.0061363618
0.0036721228
0.0010869815
-0.0016645002
-0.0047374321
-0.0079344048
-0.0103233012
-0.0118369885
-0.0129316644
-0.0139474879
-0.0144574167
-0.0147340848
-0.0156244571
-0.0165702398
-0.0171767929
-0.0176301338
-0.0178134866
-0.0179364530
-0.0187687750
-0.0197783894
-0.0204041150
-0.0208413570
-0.0209080516
-0.0199936549
-0.0182358071
-0.0163605017
-0.0144761863
-0.0122637210
-0.0098410405
-0.0078944302
-0.0068369405
-0.0059940922
-0.0050671486
-0.0052431818
-0.0064342448
-0.0077018445
-0.0094058744
-0.0117929551
-0.0146357563
-0.0177894002
-0.0208282201
-0.0230252681
-0.0239876702
-0.0236793930
-0.0221261834
-0.0196008863
-0.0164120888
-0.0129830037
-0.0104643184
-0.0091376832
-0.0078083587
-0.0066877003
-0.0065296794
-0.0073598202
-0.0088814826
-0.0108609910
-0.0133409533
-0.0158325097
-0.0181918480
-0.0204281890
-0.0224357434
-0.0238705287
-0.0239814922
-0.0226354243
-0.0207234471
-0.0191572307
-0.0179487347
-0.0163420666
-0.0144728277
-0.0132772332
-0.0124192260
-0.0115669756
-0.0112803680
-0.0120212894
-0.0131055487
-0.0126869462
-0.0107781231
-0.0089308266
-0.0073553338
-0.0056307168
-0.0036637951
-0.0018795464
-0.0006752269
-0.0002685729
-0.0009678849
-0.0020747186
-0.0028534402
-0.0035479555
-0.0037189348
-0.0028666428
-0.0017089433
-0.0009625732
-0.0011226792
-0.0019247417
-0.0031516052
-0.0043610988
-0.0047349113
-0.0037367446
-0.0017382485
0.0004128422
0.0022380097
0.0041619421
0.0065176022
0.0082717010
0.0092379203
0.0098918159
0.0101162091
0.0100935541
0.0101468081
0.0099705629
0.0088787003
0.0064125379
0.0031730456
0.0002457596
-0.0016128840
-0.0021684548
-0.0021880839
-0.0019965448
-0.0012054175
-0.0000013835
0.0006103309
0.0003475308
-0.0000214021
0.0000584931
0.0004434447
0.0015491985
0.0036692661
0.0060822749
0.0086621769
0.0113467775
0.0131761410
0.0135032499
0.0130596749
0.0123876355
0.0118281707
0.0124765823
0.0133231194
0.0127182827
0.0110647245
0.0082864986
0.0042324061
-0.0001310868
-0.0040311680
-0.0076407207
-0.0111477163
-0.0138895864
-0.0152204291
-0.0154407883
-0.0154010243
-0.0159547696
-0.0171858028
-0.0183900727
-0.0194224723
-0.0207589539
-0.0224423552
-0.0238794829
-0.0249277706
-0.0256935530
-0.0261584506
-0.0267960057
-0.0274246251
-0.0269458531
-0.0247831469
-0.0218130727
-0.0186472152
-0.0149496726
-0.0106432716
-0.0068168075
-0.0041256961
-0.0022054767
-0.0006338023
0.0008196591
0.0027893396
0.0059553532
0.0102130442
0.0153573813
0.0210649880
0.0266091084
0.0307847600
0.0332188610
0.0349903291
0.0362622044
0.0362822940
0.0352011144
0.0337603803
0.0325964320
0.0310790948
0.0285612027
0.0253095216
0.0222540389
0.0195769362
0.0172766148
0.0157983723
0.0148221826
0.0144383743
0.0152846016
0.0166378886
0.0175445023
0.0182554133
0.0189107651
0.0198075446
0.0201314251
0.0186916948
0.0160233356
0.0137434445
0.0119963850
0.0101444534
0.0083914451
0.0071320374
0.0059802929
0.0048605082
0.0039068892
0.0029321451
0.0014764826
-0.0005140923
-0.0030299903
-0.0056333534
-0.0074820554
-0.0087113783
-0.0098932349
-0.0110156470
-0.0119779252
-0.0130644463
-0.0144185203
-0.0155597454
-0.0164700275
-0.0169154863
-0.0162584366
-0.0153396279
-0.0147331677
-0.0139259607
-0.0125836170
-0.0108237925
-0.0084685811
-0.0061170462
-0.0041717304
-0.0020963821
0.0001477213
0.0026025607
0.0051704536
0.0073774373
0.0092645287
0.0108431818
0.0117989039
0.0118648859
0.0116033376
0.0113246989
0.0103244352
0.0080288790
0.0047271624
0.0009352763
-0.0026666434
-0.0057328233
-0.0086606092
-0.0118357926
-0.0149827503
-0.0179523288
-0.0206801821
-0.0227783191
-0.0243122447
-0.0257629245
-0.0271859176
-0.0287814132
-0.0304425003
-0.0310724706
-0.0301487108
-0.0283128657
-0.0265567839
-0.0252333090
-0.0240000883
-0.0224714485
-0.0207604473
-0.0193819152
-0.0183165804
-0.0174754654
-0.0163900721
-0.0149073618
-0.0127395186
-0.0100573842
-0.0074555337
-0.0051468493
-0.0029112705
-0.0006422044
0.0011491023
0.0022681521
0.0035836953
0.0053720976
0.0067612917
0.0076630782
0.0084525813
0.0083747576
0.0070579131
0.0054757924
0.0041252387
0.0030440511
0.0025035939
0.0025821439
0.0033208289
0.0045256460
0.0054363160
0.0056192288
0.0050189770
0.0037342312
0.0020765008
0.0005228775
-0.0005878487
-0.0015500320
-0.0024754153
-0.0034265872
-0.0042266172
-0.0044971216
-0.0050046881
-0.0059670897
-0.0072221925
-0.0091513221
-0.0113789630
-0.0131738234
-0.0139500843
-0.0132077749
-0.0109787707
-0.0080792082
-0.0046369329
-0.0003611651
0.0041948464
0.0084588028
0.0116956615
0.0142513656
0.0166851939
0.0186199438
0.0195449429
0.0187959721
0.0171807774
0.0156904142
0.0144575654
0.0131247893
0.0114959496
0.0097126273
0.0081380268
0.0073210787
0.0075969103
0.0090413997
0.0116363533
0.0144802947
0.0164760321
0.0177281711
0.0187157874
0.0192847207
0.0183225726
0.0158420091
0.0128850098
0.0102949329
0.0079262438
0.0058721334
0.0039905316
0.0022371032
0.0011286329
0.0008113686
0.0015449234
0.0035408913
0.0062186942
0.0091685922
0.0120078365
0.0139280800
0.0148639728
0.0157330348
0.0167817935
0.0179007912
0.0188570959
0.0197144709
0.0203756848
0.0203570762
0.0193962604
0.0173220177
0.0145754257
0.0115991548
0.0084181775
0.0047238806
0.0007033827
-0.0025885395
-0.0046916289
-0.0067736726
-0.0090382456
-0.0106932786
-0.0106881601
-0.0090719058
-0.0073721020
-0.0062108864
-0.0053379671
-0.0047907648
-0.0047067264
-0.0047779985
-0.0046500952
-0.0037863804
-0.0016890551
0.0011442714
0.0043372932
0.0081052280
0.0119164978
0.0151547818
0.0180056324
0.0205213123
0.0218183894
0.0217096568
0.0214246603
0.0220661192
0.0234920620
0.0251347388
0.0267580759
0.0278609934
0.0282074854
0.0276144286
0.0260185798
0.0237257749
0.0212093390
0.0183396382
0.0144987607
0.0098781709
0.0057716194
0.0022434994
-0.0013896725
-0.0049064464
-0.0079702773
-0.0110233433
-0.0136766012
-0.0154699001
-0.0168928747
-0.0187911263
-0.0216381226
-0.0247393614
-0.0271265351
-0.0285886601
-0.0283376585
-0.0261312040
-0.0229164797
-0.0191845580
-0.0153193029
-0.0118094630
-0.0084455915
-0.0048674496
-0.0012047879
0.0014894491
0.0028334938
0.0032246445
0.0031701642
0.0028022838
0.0017407432
0.0005649487
0.0002945965
0.0008183256
0.0016822698
0.0028364397
0.0040028889
0.0049239860
0.0045614428
0.0027128630
0.0006168398
-0.0006798168
-0.0009773776
-0.0005812092
0.0001603505
0.0011044660
0.0020455454
0.0015893175
-0.0007545807
-0.0034383404
-0.0057919716
-0.0086183418
-0.0118903727
-0.0143327152
-0.0156824019
-0.0166147379
-0.0172547406
-0.0174692068
-0.0175484681
-0.0181257111
-0.0196351476
-0.0219898570
-0.0245800207
-0.0267613354
-0.0286328051
-0.0301906683
-0.0309913007
-0.0316806163
-0.0323719459
-0.0326238274
-0.0325356243
-0.0324871354
-0.0328953090
-0.0343704531
-0.0370089011
-0.0403458977
-0.0434196544
-0.0454733738
-0.0467214044
-0.0478478630
-0.0481263963
-0.0464069305
-0.0431513269
-0.0396160870
-0.0357204497
-0.0315190758
-0.0280871030
-0.0255609446
-0.0229399216
-0.0194381126
-0.0151232098
-0.0102442753
-0.0050917183
0.0001983941
0.0053060060
0.0101367076
0.0145712802
0.0177411531
0.0192778858
0.0186837631
0.0162827956
0.0133190544
0.0102700967
0.0074755303
0.0051743259
0.0032006771
0.0016582286
0.0008966711
0.0008881173
0.0015774639
0.0024755312
0.0028402370
0.0025460113
0.0019773054
0.0018617465
0.0022358781
0.0029577633
0.0042135429
0.0059917691
0.0084264067
0.0115207672
0.0143237053
0.0161579207
0.0177021575
0.0193181516
0.0208801852
0.0220338161
0.0228193100
0.0237745302
0.0250577888
0.0261249144
0.0273176833
0.0284945391
0.0288310050
0.0284894641
0.0279739088
0.0267022379
0.0239869824
0.0206866390
0.0181040724
0.0160439457
0.0141088116
0.0127862662
0.0124326046
0.0125854698
0.0125683547
0.0122834512
0.0122408430
0.0131236801
0.0141667131
0.0147410127
0.0151203594
0.0155286692
0.0164177092
0.0172264405
0.0175923838
0.0185446173
0.0201222107
0.0211629695
0.0220304761
0.0233645968
0.0246453892
0.0253012243
0.0249662209
0.0235007621
0.0216014570
0.0199669721
0.0185006396
0.0169746209
0.0155376543
0.0143144847
0.0128769170
0.0111030260
0.0092715867
0.0073728022
0.0048801745
0.0017969772
-0.0012560559
-0.0042727538
-0.0076903001
-0.0117329467
-0.0156986124
-0.0183740978
-0.0196484704
-0.0201788977
-0.0197023813
-0.0175880957
-0.0144725923
-0.0115384462
-0.0088202473
-0.0061318153
-0.0036108379
-0.0014569582
0.0008241523
0.0035773078
0.0058664492
0.0073572548
0.0088127494
0.0112305283
0.0140478055
0.0160176223
0.0171934743
0.0180517727
0.0185186905
0.0185277438
0.0180493932
0.0168339507
0.0149439654
0.0131385893
0.0122698309
0.0123022828
0.0122888918
0.0121202623
0.0115354099
0.0101336217
0.0083880556
0.0061090531
0.0034993750
0.0015007927
0.0002859937
-0.0003105207
0.0000387407
0.0011880960
0.0026743768
0.0038519273
0.0043075852
0.0048245310
0.0053626304
0.0055239590
0.0054436603
0.0052731860
0.0044387026
0.0021184484
-0.0015472385
-0.0054907276
-0.0084985791
-0.0100469243
-0.0105762052
-0.0111807135
-0.0121265271
-0.0129647979
-0.0141639494
-0.0162215603
-0.0182845933
-0.0190902883
-0.0177948595
-0.0147493843
-0.0111932307
-0.0078464309
-0.0043645677
-0.0007329438
0.0029668532
0.0072906036
0.0121191407
0.0168391001
0.0212432099
0.0252619313
0.0285748044
0.0303563173
0.0303800504
0.0292196653
0.0274475837
0.0248879200
0.0212026900
0.0171656513
0.0135871773
0.0106646624
0.0083504295
0.0059952640
0.0035974227
0.0013199428
-0.0007675310
-0.0027937522
-0.0043632788
-0.0049784552
-0.0043936090
-0.0030012682
-0.0017435949
-0.0012866544
-0.0021017931
-0.0036390897
-0.0049808261
-0.0056011240
-0.0054707074
-0.0044279638
-0.0024896775
0.0001525970
0.0030265555
0.0052400829
0.0063492019
0.0062787708
0.0051806415
0.0039496950
0.0028277353
0.0018199922
0.0017974500
0.0031754344
0.0049387861
0.0066503778
0.0078933768
0.0079074308
0.0068474995
0.0056109600
0.0045830121
0.0037269167
0.0026685928
0.0013999750
-0.0001335838
-0.0017118061
-0.0027958405
-0.0035675784
-0.0048707041
-0.0069398111
-0.0093291288
-0.0110843989
-0.0118019837
-0.0117290429
-0.0107512730
-0.0092829824
-0.0070512827
-0.0035781344
0.0000952989
0.0030355902
0.0059576875
0.0088844694
0.0109202124
0.0117267315
0.0115531447
0.0103526486
0.0080828952
0.0050494373
0.0018032551
-0.0012009392
-0.0037989918
-0.0065756276
-0.0097702376
-0.0123337618
-0.0138280536
-0.0148987980
-0.0155411616
-0.0154573767
-0.0142744481
-0.0120796371
-0.0098677419
-0.0078299355
-0.0052496226
-0.0023406945
0.0003496662
0.0031654553
0.0063730404
0.0093460457
0.0117392240
0.0139680856
0.0164375508
0.0189093398
0.0203690481
0.0203213401
0.0192549086
0.0178155315
0.0162854726
0.0143810987
0.0121715148
0.0106585711
0.0100840237
0.0095909064
0.0084486403
0.0063101692
0.0038076510
0.0015106535
0.0000074799
-0.0006568997
-0.0009540404
-0.0008322811
-0.0003625828
0.0006178932
0.0016967544
0.0026132834
0.0037015439
0.0049540572
0.0064311774
0.0081400098
0.0100161889
0.0119492967
0.0130500701
0.0128206452
0.0119460496
0.0115215108
0.0113681250
0.0108204401
0.0097217178
0.0084042350
0.0075744908
0.0069257571
0.0063806561
0.0059292188
0.0059564760
0.0067305439
0.0079786861
0.0090478937
0.0095883782
0.0096878407
0.0090097843
0.0080341585
0.0070021184
0.0059359007
0.0043306095
0.0016757230
-0.0015853516
-0.0045942659
-0.0076707001
-0.0112741094
-0.0148967036
-0.0179322083
-0.0204708777
-0.0227542203
-0.0245573409
-0.0255062220
-0.0252106230
-0.0238769051
-0.0221653214
-0.0206084682
-0.0186851821
-0.0162477226
-0.0145322970
-0.0136764649
-0.0130956712
-0.0131410927
-0.0139411116
-0.0148996965
-0.0156133960
-0.0164604785
-0.0173715785
-0.0179307954
-0.0185228980
-0.0194475005
-0.0204660629
-0.0212363378
-0.0212852232
-0.0207251760
-0.0205713812
-0.0216289268
-0.0233442780
-0.0248356636
-0.0261206635
-0.0275344732
-0.0291855651
-0.0309278283
-0.0325436303
-0.0337303017
-0.0344695686
-0.0350920285
-0.0355499612
-0.0355462618
-0.0347652914
-0.0336869499
-0.0326457698
-0.0316442420
-0.0303746903
-0.0284998931
-0.0257391479
-0.0226463180
-0.0196232376
-0.0165532671
-0.0133263602
-0.0099156110
-0.0061550664
-0.0022140231
0.0019531595
0.0055888788
0.0079492520
0.0095253396
0.0114654496
0.0134368218
0.0141398754
0.0132989462
0.0111673535
0.0088934670
0.0074012324
0.0063319566
0.0047402912
0.0024348793
0.0007018589
0.0001152476
-0.0005051363
-0.0016186109
-0.0028006844
-0.0039169457
-0.0051521487
-0.0059375818
-0.0059114468
-0.0061756126
-0.0069073468
-0.0066990339
-0.0054763389
-0.0039854968
-0.0024668571
-0.0006485305
0.0017278232
0.0045783770
0.0077179805
0.0105623371
0.0125819997
0.0143028102
0.0161504971
0.0172698790
0.0172437973
0.0169094012
0.0169885262
0.0173486323
0.0173579335
0.0164001726
0.0152320974
0.0142248067
0.0132487533
0.0119595707
0.0102569784
0.0084750814
0.0068288476
0.0053736214
0.0041813699
0.0030520987
0.0024842133
0.0027384427
0.0035430477
0.0045438803
0.0056898731
0.0066508364
0.0073421226
0.0081918200
0.0100022154
0.0131498919
0.0165591911
0.0188778051
0.0200696507
0.0210130786
0.0222722261
0.0236270622
0.0241604019
0.0238925888
0.0231972500
0.0223017841
0.0214526692
0.0200916860
0.0179696175
0.0153535332
0.0125182671
0.0096715930
0.0066174054
0.0033474646
0.0009302446
-0.0001775483
-0.0009773032
-0.0019529135
-0.0024542475
-0.0024110996
-0.0023031143
-0.0025788585
-0.0036160678
-0.0044978119
-0.0044359625
-0.0039594194
-0.0038260117
-0.0042229680
-0.0050690974
-0.0055313485
-0.0044498145
-0.0025146097
-0.0005466443
0.0017640408
0.0050266224
0.0088757755
0.0123284513
0.0150029700
0.0175014665
0.0201566207
0.0220317402
0.0231617866
0.0244312081
0.0254858536
0.0254879914
0.0241711283
0.0220350058
0.0191893728
0.0154813577
0.0114781032
0.0080722184
0.0053130330
0.0026113872
-0.0004116881
-0.0028180102
-0.0041353319
-0.0052382697
-0.0073340235
-0.0101853885
-0.0129160613
-0.0148816767
-0.0155504504
-0.0147976439
-0.0131860556
-0.0111822874
-0.0090195503
-0.0069222808
-0.0050591307
-0.0040568004
-0.0033276688
-0.0021020701
-0.0003423033
0.0012181931
0.0022316328
0.0022516374
0.0012527581
0.0001029329
-0.0007891481
-0.0019508191
-0.0036907363
-0.0056742197
-0.0074167303
-0.0089015350
-0.0104221936
-0.0121910157
-0.0137311628
-0.0146005469
-0.0149768944
-0.0144014547
-0.0131083496
-0.0120347795
-0.0110301100
-0.0097661664
-0.0087415560
-0.0079139373
-0.0075144453
-0.0075658527
-0.0072024190
-0.0050902738
-0.0016452460
0.0020055814
0.0057246456
0.0090289072
0.0116092616
0.0137753945
0.0152602116
0.0155099305
0.0153461034
0.0162637595
0.0184263851
0.0206211032
0.0221638280
0.0233355841
0.0238929854
0.0236883967
0.0228594333
0.0215287393
0.0205645215
0.0206178623
0.0210979542
0.0211885555
0.0208628904
0.0205139755
0.0194791406
0.0175006424
0.0149222833
0.0117153173
0.0089289118
0.0066461145
0.0042561046
0.0010446447
-0.0027380431
-0.0057932829
-0.0077625531
-0.0086780837
-0.0086414739
-0.0084279682
-0.0082404141
-0.0075623392
-0.0061216825
-0.0044769068
-0.0035379039
-0.0029751735
-0.0026471097
-0.0021620146
-0.0011677053
-0.0005651463
-0.0010383725
-0.0023843790
-0.0043395915
-0.0068418668
-0.0099448840
-0.0131431872
-0.0162538635
-0.0188331024
-0.0205909627
-0.0217077172
-0.0220423179
-0.0216740012
-0.0208669120
-0.0198130783
-0.0188743535
-0.0181278862
-0.0174754220
-0.0168536809
-0.0161464259
-0.0155823694
-0.0151260727
-0.0149139984
-0.0149628962
-0.0150326891
-0.0149822484
-0.0148837773
-0.0149050381
-0.0152612588
-0.0154671674
-0.0155065719
-0.0155410563
-0.0151584192
-0.0147314264
-0.0145590851
-0.0142827516
-0.0136132157
-0.0125704244
-0.0114826330
-0.0100779076
-0.0081969012
-0.0058924584
-0.0036205827
-0.0018754207
-0.0004531571
0.0012556717
0.0033677717
0.0057497427
0.0078955208
0.0094947406
0.0110081615
0.0128084254
0.0140821474
0.0141369815
0.0137092204
0.0134892392
0.0129639924
0.0121576653
0.0108643557
0.0091772861
0.0076864582
0.0063310147
0.0046658453
0.0021654327
-0.0001260616
-0.0014280465
-0.0025259415
-0.0036023863
-0.0045992567
-0.0054064122
-0.0057305802
-0.0056368428
-0.0055395553
-0.0056118839
-0.0053080428
-0.0043427908
-0.0035373871
-0.0029997804
-0.0026053956
-0.0025313364
-0.0025145980
-0.0017697436
-0.0006018552
0.0004090746
0.0009421583
0.0010288048
0.0016586506
0.0025248931
0.0027607476
0.0027785469
0.0035408826
0.0043492397
0.0046279385
0.0047921188
0.0049531116
0.0052888834
0.0057836780
0.0060195363
0.0066539967
0.0083790023
0.0103540924
0.0113602491
0.0118795534
0.0126281648
0.0130719938
0.0126537879
0.0118353960
0.0106261440
0.0091277624
0.0079845357
0.0071590672
0.0063517735
0.0065518263
0.0076746535
0.0081326048
0.0075327812
0.0062382261
0.0049425481
0.0041291736
0.0032127166
0.0019370402
0.0003525016
-0.0013787565
-0.0027310551
-0.0036580935
-0.0043057101
-0.0051427607
-0.0052478566
-0.0039779877
-0.0021764163
-0.0002259195
0.0017022323
0.0032864350
0.0040309399
0.0038936419
0.0036685114
0.0038541358
0.0042141998
0.0043633922
0.0042749747
0.0044548573
0.0054155014
0.0063566503
0.0069757207
0.0076071224
0.0084285755
0.0096280987
0.0107958827
0.0110015992
0.0102754259
0.0091318708
0.0078922924
0.0068512423
0.0060056335
0.0048616266
0.0036146284
0.0027854871
0.0023275662
0.0015389269
0.0007124459
-0.0001864695
-0.0015260515
-0.0027768112
-0.0038496934
-0.0050261279
-0.0057181862
-0.0056395018
-0.0053252701
-0.0049093260
-0.0038059822
-0.0016594568
0.0009200821
0.0026477615
0.0033922559
0.0035850325
0.0028857273
0.0015881178
0.0002979989
-0.0010043498
-0.0024925602
-0.0041628171
-0.0058762207
-0.0075241306
-0.0090742171
-0.0102718070
-0.0109951857
-0.0116147022
-0.0124608242
-0.0134893446
-0.0147430638
-0.0160533955
-0.0169308973
-0.0171854806
-0.0167260174
-0.0155091621
-0.0138184054
-0.0121546599
-0.0101408470
-0.0076844814
-0.0056861024
-0.0036946216
-0.0012483145
0.0008735979
0.0029886097
0.0054500602
0.0074795271
0.0089325431
0.0100782236
0.0112528363
0.0122963030
0.0125605965
0.0122818896
0.0116496885
0.0106029066
0.0093998822
0.0079854467
0.0063660196
0.0047159966
0.0030920330
0.0012497434
-0.0008878006
-0.0025942423
-0.0036220346
-0.0046115613
-0.0058966926
-0.0073617845
-0.0084841099
-0.0093813914
-0.0100784653
-0.0101657885
-0.0097988289
-0.0090453035
-0.0082619661
-0.0075387981
-0.0075355201
-0.0082476456
-0.0088721009
-0.0091238523
-0.0090175673
-0.0088372943
-0.0085360936
-0.0073986236
-0.0055163829
-0.0036890495
-0.0025516515
-0.0021648279
-0.0015698718
-0.0009102356
-0.0007129484
-0.0008327502
-0.0008938616
-0.0010973590
-0.0019658199
-0.0028073315
-0.0033318367
-0.0040658587
-0.0054022778
-0.0068615907
-0.0082703873
-0.0096445075
-0.0105030971
-0.0105379595
-0.0099806883
-0.0088972903
-0.0076932621
-0.0064711520
-0.0051438346
-0.0036092199
-0.0019094068
-0.0003135408
0.0008807755
0.0019096776
0.0025043072
0.0024893708
0.0023340616
0.0022984519
0.0017665963
0.0009009103
0.0000579227
-0.0009870766
-0.0022588008
-0.0037679862
-0.0055460327
-0.0078353080
-0.0104275475
-0.0128133270
-0.0147142183
-0.0165556033
-0.0190660346
-0.0214595041
-0.0229688972
-0.0240573082
-0.0251887860
-0.0265040751
-0.0272927169
-0.0272230604
-0.0269314645
-0.0269655461
-0.0271888982
-0.0267336054
-0.0256120670
-0.0245251059
-0.0233040121
-0.0216337230
-0.0195104090
-0.0175846504
-0.0157813687
-0.0135673790
-0.0114499394
-0.0099802173
-0.0090784061
-0.0081642325
-0.0074048947
-0.0067883587
-0.0059097750
-0.0045494944
-0.0028805611
-0.0012641717
-0.0001496023
0.0004427303
0.0012311522
0.0016895880
0.0010576434
0.0002296514
-0.0003217091
-0.0005904036
-0.0001419007
0.0011338121
0.0024149019
0.0034429464
0.0043879589
0.0056817227
0.0071112725
0.0079183803
0.0085141327
0.0090254185
0.0092753171
0.0099344860
0.0108612574
0.0111441594
0.0108215059
0.0102821926
0.0095859739
0.0090718810
0.0086376382
0.0079281276
0.0072797842
0.0066472361
0.0059047408
0.0051057940
0.0041513471
0.0026973688
0.0008052377
-0.0011017209
-0.0023055842
-0.0028446620
-0.0033256902
-0.0036329395
-0.0030370570
-0.0020344980
-0.0014694011
-0.0011289849
-0.0007851264
-0.0000191231
0.0021870609
0.0051112514
0.0065073653
0.0057057254
0.0037078638
0.0018718526
0.0014085332
0.0022318280
0.0033816305
0.0042488688
0.0052656614
0.0066120949
0.0078358471
0.0090078076
0.0104043348
0.0116659547
0.0125865047
0.0136825500
0.0149024045
0.0159223425
0.0168920319
0.0175410136
0.0175606322
0.0172947152
0.0168338764
0.0158095944
0.0144856610
0.0133217251
0.0127040738
0.0128123913
0.0133856932
0.0144593686
0.0160127207
0.0176643022
0.0188429427
0.0196077646
0.0204148352
0.0208540106
0.0205815066
0.0195177768
0.0178745360
0.0162395988
0.0149252825
0.0134536209
0.0113644008
0.0092547752
0.0077541442
0.0069472347
0.0063768824
0.0056288150
0.0046403206
0.0036346925
0.0027752899
0.0020246751
0.0015011156
0.0019863104
0.0029426503
0.0031970173
0.0031363484
0.0036388418
0.0042728833
0.0040077484
0.0029626977
0.0022807028
0.0025196049
0.0035778667
0.0046749159
0.0047599414
0.0041928374
0.0039113210
0.0041409751
0.0044405759
0.0042487225
0.0033783103
0.0025309206
0.0024427478
0.0026450065
0.0021897756
0.0012333303
0.0007734024
0.0010082481
0.0013208339
0.0015969003
0.0024863957
0.0037387275
0.0051120377
0.0065661467
0.0077665623
0.0089798483
0.0104172115
0.0113917591
0.0121248107
0.0131198382
0.0141305928
0.0146077598
0.0145011898
0.0142253210
0.0135957039
0.0122468847
0.0107510747
0.0096059085
0.0083666461
0.0070327609
0.0060715820
0.0054572774
0.0048241096
0.0039624868
0.0029948695
0.0019166941
0.0006861814
-0.0003240784
-0.0010368456
-0.0017189217
-0.0025365248
-0.0032146251
-0.0033448453
-0.0031276421
-0.0030377349
-0.0031807672
-0.0033366255
-0.0033275263
-0.0027960016
-0.0017589397
-0.0015008404
-0.0025450880
-0.0038971542
-0.0046979718
-0.0051289825
-0.0059411244
-0.0075785063
-0.0095702592
-0.0110826266
-0.0117993191
-0.0122882412
-0.0128841857
-0.0132128809
-0.0127514534
-0.0114535583
-0.0102661123
-0.0096515902
-0.0090035505
-0.0080259914
-0.0074933333
-0.0072003184
-0.0064549416
-0.0058920748
-0.0059641903
-0.0062760876
-0.0067757857
-0.0076030016
-0.0084461864
-0.0092721692
-0.0100024633
-0.0107976426
-0.0111702535
-0.0110590112
-0.0109423840
-0.0110511043
-0.0112417195
-0.0113227221
-0.0110541406
-0.0102692106
-0.0094874347
-0.0093914672
-0.0097618225
-0.0099721741
-0.0102645260
-0.0110708220
-0.0120111455
-0.0128457726
-0.0130744477
-0.0128291532
-0.0126842321
-0.0128608739
-0.0135299389
-0.0145813125
-0.0150415193
-0.0151504379
-0.0157406071
-0.0158493336
-0.0144258447
-0.0122102749
-0.0101750215
-0.0079932978
-0.0052491430
-0.0026850505
-0.0009901427
0.0002815155
0.0018444609
0.0035341338
0.0046810475
0.0051139946
0.0052545539
0.0054184684
0.0048513768
0.0034298349
0.0019436371
0.0003691902
-0.0015670064
-0.0034306219
-0.0049978266
-0.0064893640
-0.0076683453
-0.0079289332
-0.0076446803
-0.0075844427
-0.0078743345
-0.0079078212
-0.0073802196
-0.0067550579
-0.0063166137
-0.0058106657
-0.0045338305
-0.0030592187
-0.0020667900
-0.0009522031
0.0000990712
0.0005884402
0.0005128562
0.0003867744
0.0010995359
0.0023543507
0.0033490603
0.0036546625
0.0037260739
0.0043671331
0.0054442050
0.0058618482
0.0052769052
0.0047509798
0.0045818856
0.0041468112
0.0035196306
0.0027607600
0.0019277756
0.0016952356
0.0019785237
0.0024754927
0.0031618427
0.0036318520
0.0035566320
0.0032740957
0.0028821332
0.0022210111
0.0016114073
0.0008041130
-0.0005941063
-0.0017432269
-0.0025405359
-0.0038377636
-0.0055932419
-0.0066381952
-0.0064548425
-0.0059503779
-0.0059637769
-0.0063590360
-0.0065516156
-0.0060648276
-0.0050635638
-0.0043928697
-0.0041972364
-0.0040625528
-0.0037106133
-0.0036343690
-0.0043071328
-0.0049806922
-0.0050765272
-0.0054551755
-0.0063736601
-0.0074627590
-0.0081799410
-0.0081332988
-0.0077520931
-0.0072627682
-0.0064196579
-0.0050086404
-0.0032843493
-0.0016275651
-0.0001002888
0.0014460162
0.0030819641
0.0046876847
0.0058660458
0.0066813921
0.0077168713
0.0085071676
0.0084548865
0.0076437137
0.0065681482
0.0053025340
0.0039608496
0.0031942933
0.0025053296
0.0014496759
0.0002518180
-0.0010540066
-0.0022018058
-0.0028857626
-0.0030037983
-0.0028607380
-0.0026290309
-0.0018539877
-0.0010347536
-0.0002793712
0.0002865503
0.0008685228
0.0015669705
0.0020575483
0.0025985335
0.0032769746
0.0035751414
0.0034408482
0.0032825956
0.0033598356
0.0035252949
0.0035585406
0.0036311592
0.0039312916
0.0038392886
0.0034553595
0.0031475179
0.0027901606
0.0023740287
0.0019280972
0.0013260310
0.0004190490
-0.0002550067
-0.0007738931
-0.0014873695
-0.0022017488
-0.0026116580
-0.0029022091
-0.0030468582
-0.0030322360
-0.0027851376
-0.0021104169
-0.0013852066
-0.0009744329
-0.0004677108
0.0001101810
0.0008727223
0.0021047544
0.0035201344
0.0047779594
0.0058656752
0.0069793147
0.0078984642
0.0080462978
0.0071556405
0.0057123558
0.0041602443
0.0026788700
0.0011974096
-0.0004934800
-0.0023563559
-0.0041268034
-0.0057458252
-0.0072718711
-0.0084985109
-0.0092590199
-0.0095426407
-0.0095220988
-0.0094676302
-0.0091812767
-0.0083692301
-0.0069957916
-0.0052877153
-0.0036042967
-0.0020423219
-0.0003769126
0.0013185987
0.0024363324
0.0026962212
0.0028537154
0.0032355574
0.0035164071
0.0035471530
0.0035707963
0.0040754090
0.0049476833
0.0054721457
0.0057857589
0.0064564660
0.0074691849
0.0084525379
0.0092988334
0.0099460800
0.0102667382
0.0105949253
0.0110338466
0.0116076938
0.0120691895
0.0124550675
0.0126334071
0.0125763484
0.0125071132
0.0126984782
0.0132591142
0.0136319853
0.0135327274
0.0133022676
0.0132738622
0.0134207352
0.0137541090
0.0142665102
0.0146964773
0.0150216901
0.0151193493
0.0152961584
0.0157601452
0.0160302387
0.0160074598
0.0163042918
0.0171567344
0.0178720016
0.0182369844
0.0183696919
0.0182390975
0.0176440329
0.0168181616
0.0165341938
0.0168240113
0.0168780213
0.0160389264
0.0149730649
0.0141950194
0.0135540252
0.0133925901
0.0133080181
0.0128970004
0.0125751090
0.0125238379
0.0122880739
0.0117596419
0.0110508998
0.0103263933
0.0100454929
0.0102227171
0.0103938191
0.0103114966
0.0101297550
0.0100367432
0.0096343388
0.0086587749
0.0075362451
0.0066988171
0.0061124910
0.0054078727
0.0046997323
0.0039675593
0.0035173168
0.0035375432
0.0036068565
0.0032743237
0.0030367099
0.0028565615
0.0027019432
0.0026918904
0.0027692990
0.0030060669
0.0034429699
0.0036516757
0.0035249585
0.0033729688
0.0033992519
0.0034627689
0.0032159865
0.0030952888
0.0034181245
0.0036833437
0.0037116159
0.0039606612
0.0041756696
0.0037882431
0.0033085212
0.0029438711
0.0021761864
0.0012065657
0.0003131130
0.0000651103
0.0003270119
0.0004862287
0.0003284130
0.0001052956
-0.0000031155
-0.0003464024
-0.0011274357
-0.0018395067
-0.0026977400
-0.0037906554
-0.0049765634
-0.0064223410
-0.0078042008
-0.0084215795
-0.0087962663
-0.0093641151
-0.0097308702
-0.0097285899
-0.0096491550
-0.0099663926
-0.0105653920
-0.0108416760
-0.0110233433
-0.0113179445
-0.0115454422
-0.0119113856
-0.0121435246
-0.0117155837
-0.0110176795
-0.0104752927
-0.0099997058
-0.0092497001
-0.0085028981
-0.0077152168
-0.0068844936
-0.0063426397
-0.0059697648
-0.0057187873
-0.0056725002
-0.0057068061
-0.0056690753
-0.0053498838
-0.0050976175
-0.0054123721
-0.0057755883
-0.0057652480
-0.0057535982
-0.0065553522
-0.0074751461
-0.0078640480
-0.0084200551
-0.0089365523
-0.0089780761
-0.0087938558
-0.0087657973
-0.0089095845
-0.0090241544
-0.0090139051
-0.0089488403
-0.0089205339
-0.0089398985
-0.0089644806
-0.0089669779
-0.0089554521
-0.0089484747
-0.0089510339
-0.0089560656
-0.0089574350
-0.0090481664
-0.0095844185
-0.0104519313
-0.0110270860
-0.0115314750
-0.0122965323
-0.0132639909
-0.0142674273
-0.0154307311
-0.0164523113
-0.0172561844
-0.0180389208
-0.0190297780
-0.0198717420
-0.0205135913
-0.0211087921
-0.0213503377
-0.0212537009
-0.0211455445
-0.0208887490
-0.0204219614
-0.0198169883
-0.0190241452
-0.0181463522
-0.0172309145
-0.0161606038
-0.0147756953
-0.0135356832
-0.0124153221
-0.0112378900
-0.0102573936
-0.0096871404
-0.0089462315
-0.0080858634
-0.0074812002
-0.0071515383
-0.0065891983
-0.0055435993
-0.0041437134
-0.0027211720
-0.0018099945
-0.0012442879
-0.0009389955
-0.0012562208
-0.0017373239
-0.0020321408
-0.0028319316
-0.0040193472
-0.0048225803
-0.0051040564
-0.0056118597
-0.0063976845
-0.0073734343
-0.0081454938
-0.0081963311
-0.0077682230
-0.0071833581
-0.0068241815
-0.0064452934
-0.0058671358
-0.0053999516
-0.0049855188
-0.0046133175
-0.0040243176
-0.0031308768
-0.0021777783
-0.0013697602
-0.0007899815
-0.0006424305
-0.0007680150
-0.0006580120
0.0001294294
0.0013239285
0.0021004744
0.0022300811
0.0023198372
0.0025074991
0.0026350528
0.0026555712
0.0024138063
0.0014866811
0.0002268678
-0.0006313962
-0.0014363444
-0.0023368284
-0.0030216632
-0.0035654084
-0.0043589548
-0.0048378755
-0.0047403129
-0.0043016742
-0.0036266908
-0.0030471166
-0.0025624287
-0.0018210983
-0.0013888105
-0.0014960820
-0.0016945286
-0.0016490898
-0.0014545285
-0.0011162179
-0.0004220993
0.0002818848
0.0008505519
0.0017892147
0.0026675729
0.0030313951
0.0034592467
0.0044144973
0.0057753621
0.0068650237
0.0070089347
0.0068880566
0.0072346974
0.0076344435
0.0074308710
0.0068099974
0.0065378962
0.0061242516
0.0046661817
0.0026027286
0.0005404246
-0.0013652056
-0.0032018371
-0.0045828355
-0.0053309147
-0.0059400357
-0.0059450550
-0.0051448007
-0.0044145444
-0.0041974304
-0.0038528172
-0.0032949245
-0.0027464934
-0.0020133867
-0.0010992434
-0.0002090527
0.0005532934
0.0012766022
0.0017854657
0.0018311939
0.0016827258
0.0016832990
0.0018325033
0.0019605311
0.0022797907
0.0030672892
0.0040854692
0.0049413608
0.0055667239
0.0062008045
0.0066560726
0.0063862083
0.0058085582
0.0057117213
0.0059747109
0.0058263990
0.0052915077
0.0050377194
0.0051636658
0.0050846609
0.0045820362
0.0042366986
0.0041261689
0.0035429436
0.0021655287
0.0008833756
0.0001275725
-0.0006917547
-0.0014416085
-0.0022087529
-0.0029147778
-0.0031022098
-0.0032249122
-0.0036769940
-0.0039802519
-0.0037114579
-0.0032484254
-0.0033184674
-0.0034898755
-0.0037436253
-0.0039840319
-0.0038991396
-0.0033468481
-0.0028417998
-0.0028615529
-0.0031427805
-0.0032592417
-0.0033673571
-0.0034899536
-0.0032258845
-0.0031006191
-0.0034431794
-0.0031357684
-0.0015538026
0.0005025030
0.0023860868
0.0034244072
0.0033932040
0.0031117105
0.0038280454
0.0051712430
0.0056642097
0.0049945312
0.0042859737
0.0042586998
0.0039922344
0.0035158934
0.0032583642
0.0029747812
0.0026986949
0.0026987290
0.0031379162
0.0036139796
0.0036173196
0.0030584515
0.0021819269
0.0015965192
0.0014460893
0.0010790832
0.0003788458
-0.0001546773
-0.0006372737
-0.0012241797
-0.0015449352
-0.0014681649
-0.0012700932
-0.0009001890
-0.0002564152
0.0002555675
0.0008342721
0.0019082598
0.0029660830
0.0036597270
0.0040495789
0.0044479437
0.0055009111
0.0067649168
0.0076267596
0.0081405861
0.0086118291
0.0086867218
0.0083056091
0.0078238132
0.0072219261
0.0062971067
0.0050323481
0.0039941293
0.0032484582
0.0021891677
0.0010145972
0.0002662410
0.0001578860
0.0004048293
0.0008743409
0.0015861299
0.0023563825
0.0033274699
0.0045657569
0.0058595697
0.0070598774
0.0079256861
0.0085465164
0.0092241327
0.0101079179
0.0108436837
0.0112068819
0.0115147626
0.0119196457
0.0124142006
0.0126395418
0.0126880616
0.0128954450
0.0127997191
0.0123474006
0.0116361241
0.0107856211
0.0099719572
0.0092179361
0.0083538253
0.0071705744
0.0060218885
0.0053161970
0.0050991883
0.0047113869
0.0037799749
0.0026787076
0.0018823113
0.0015265435
0.0008735905
0.0000383567
-0.0008306322
-0.0015007029
-0.0015640599
-0.0013222312
-0.0012639901
-0.0014990199
-0.0020451284
-0.0025307576
-0.0025372542
-0.0022688145
-0.0018584009
-0.0014417002
-0.0013949477
-0.0016009585
-0.0017006589
-0.0016154847
-0.0017147489
-0.0019875633
-0.0020277988
-0.0021807291
-0.0023926739
-0.0024469212
-0.0025896475
-0.0030342660
-0.0033287811
-0.0034031626
-0.0038665093
-0.0048500674
-0.0058747825
-0.0065088401
-0.0065412424
-0.0063124372
-0.0062774571
-0.0064663682
-0.0065297786
-0.0059794644
-0.0049394913
-0.0039470236
-0.0033302057
-0.0031463219
-0.0028015811
-0.0019841794
-0.0013142059
-0.0009742687
-0.0007650356
-0.0003982494
0.0000299112
0.0000950231
-0.0004422187
-0.0013267647
-0.0017922827
-0.0015895765
-0.0012534905
-0.0009538018
-0.0003906103
0.0001363756
0.0001632740
-0.0000556028
0.0001898794
0.0008745640
0.0011953201
0.0010050388
0.0007721637
0.0007922328
0.0009476262
0.0010353070
0.0012139980
0.0016348647
0.0018868039
0.0020346387
0.0026191231
0.0033816243
0.0036078722
0.0033749003
0.0034852404
0.0041055253
0.0047701473
0.0051778412
0.0051386276
0.0049371917
0.0049077713
0.0050454807
0.0051315671
0.0047803836
0.0041353126
0.0036014933
0.0032632428
0.0026339356
0.0018574169
0.0016554141
0.0019115199
0.0020622386
0.0019846763
0.0022275046
0.0031348693
0.0042499420
0.0051014613
0.0057278171
0.0064079524
0.0072735876
0.0081993365
0.0089475514
0.0091954608
0.0092019735
0.0095956593
0.0099094144
0.0093466839
0.0083422995
0.0076881127
0.0069209299
0.0057673616
0.0043733583
0.0034239592
0.0030236883
0.0023318017
0.0012913514
0.0002178518
-0.0003572241
-0.0007741168
-0.0012883157
-0.0015518711
-0.0015083471
-0.0016455112
-0.0019323239
-0.0017496813
-0.0011509186
-0.0005976766
-0.0002918016
-0.0000393038
0.0003418405
0.0008286908
0.0010180716
0.0011359177
0.0008707728
0.0000791598
-0.0002146187
0.0004492434
0.0012889007
0.0016340542
0.0013553839
0.0011291423
0.0013961449
0.0014098252
0.0009186197
0.0002428767
-0.0002003553
-0.0005869406
-0.0012005060
-0.0017147185
-0.0021311956
-0.0024819751
-0.0028199529
-0.0027162538
-0.0021674367
-0.0014051393
-0.0007625991
-0.0005141907
-0.0002959109
-0.0000693473
0.0001664451
0.0007973419
0.0016313760
0.0019389395
0.0018752403
0.0021685577
0.0025765973
0.0026708856
0.0025416110
0.0024556480
0.0022498137
0.0021025472
0.0024396259
0.0027869693
0.0030602919
0.0032930537
0.0030041459
0.0023917983
0.0018711524
0.0014519135
0.0006678226
-0.0000220978
0.0001087214
0.0008989230
0.0013278491
0.0012057558
0.0012958700
0.0016107963
0.0017675716
0.0019430373
0.0023771859
0.0023599016
0.0017492996
0.0014035629
0.0015684881
0.0015218960
0.0010421630
0.0008027633
0.0011876492
0.0014038393
0.0010530895
0.0006210199
0.0001914230
-0.0002030757
-0.0007539783
-0.0015779262
-0.0024984687
-0.0031709592
-0.0032779054
-0.0030702673
-0.0030072932
-0.0031691535
-0.0033132517
-0.0030539038
-0.0027749423
-0.0030612326
-0.0034221944
-0.0034785009
-0.0037012693
-0.0044527802
-0.0051845138
-0.0055960874
-0.0057921792
-0.0061705778
-0.0065769971
-0.0066653613
-0.0065473027
-0.0065075078
-0.0068024251
-0.0073783358
-0.0078562712
-0.0081737567
-0.0082469206
-0.0084770953
-0.0092727579
-0.0100566530
-0.0104957045
-0.0109848187
-0.0110896289
-0.0106708529
-0.0104234577
-0.0105029236
-0.0103184430
-0.0098295333
-0.0092415701
-0.0088250497
-0.0084522281
-0.0080986161
-0.0074920010
-0.0067212366
-0.0059994628
-0.0051914020
-0.0045421718
-0.0038805007
-0.0033555885
-0.0032837376
-0.0034409095
-0.0034679220
-0.0033330432
-0.0032745573
-0.0036381564
-0.0042485713
-0.0048192242
-0.0051371249
-0.0055526563
-0.0064555117
-0.0073829771
-0.0076211950
-0.0075398082
-0.0078430414
-0.0082471065
-0.0083236724
-0.0078852964
-0.0069975949
-0.0063948465
-0.0065141506
-0.0068665666
-0.0069161399
-0.0066980983
-0.0065321023
-0.0065414221
-0.0064016442
-0.0059213571
-0.0056216758
-0.0056999662
-0.0055658390
-0.0050165343
-0.0043700251
-0.0040017748
-0.0039839768
-0.0036344812
-0.0026124598
-0.0014161818
-0.0007231766
-0.0007814165
-0.0008308013
-0.0003452914
0.0000928567
0.0001017226
-0.0000809324
-0.0001387687
0.0000493543
0.0005917529
0.0010212883
0.0009718291
0.0007415826
0.0009171567
0.0018159130
0.0027223711
0.0028005152
0.0024375135
0.0026780601
0.0037192446
0.0044617672
0.0045606651
0.0051000175
0.0058202835
0.0063208274
0.0070731507
0.0075809416
0.0075052990
0.0072687728
0.0072736929
0.0074574051
0.0075718697
0.0075390460
0.0073622679
0.0067684612
0.0058984177
0.0053746543
0.0051408137
0.0048684281
0.0043767249
0.0040727172
0.0041786774
0.0046922294
0.0051641881
0.0051485211
0.0047849703
0.0042315665
0.0039216273
0.0038849518
0.0036275688
0.0033319216
0.0032648713
0.0030839613
0.0029084956
0.0032331754
0.0038792106
0.0043972774
0.0047635900
0.0050579007
0.0054825845
0.0057969228
0.0057963539
0.0056840774
0.0056822562
0.0057751707
0.0058147536
0.0054816910
0.0048353361
0.0039385757
0.0031160804
0.0026683567
0.0024394735
0.0020236198
0.0014708003
0.0006994112
-0.0000281621
-0.0003944155
-0.0006293915
-0.0007349881
-0.0004525970
0.0000424598
0.0001604287
-0.0000712773
-0.0001582212
0.0003496547
0.0009588607
0.0010345120
0.0007611677
0.0006193416
0.0007291930
0.0010227643
0.0015144644
0.0017859404
0.0016674660
0.0014614818
0.0011723361
0.0008035162
0.0006898938
0.0004459191
-0.0003462776
-0.0010677155
-0.0014866334
-0.0020578167
-0.0026186069
-0.0031605587
-0.0038210717
-0.0042021188
-0.0041306243
-0.0039531546
-0.0037495933
-0.0031969715
-0.0025463261
-0.0023714150
-0.0022977393
-0.0018886071
-0.0013026052
-0.0008287856
-0.0007300642
-0.0005586777
-0.0000757927
0.0006667065
0.0014482321
0.0018697978
0.0023233259
0.0033133818
0.0046575882
0.0054455329
0.0060651920
0.0070137186
0.0077552224
0.0081050668
0.0081284592
0.0080199806
0.0074603919
0.0069421596
0.0071499024
0.0072284140
0.0067814556
0.0064273479
0.0063782146
0.0061249779
0.0056098502
0.0050507993
0.0048456349
0.0050071265
0.0053798403
0.0058220006
0.0056682951
0.0049391214
0.0045850347
0.0048322080
0.0051418907
0.0051408980
0.0049553114
0.0048515075
0.0048932494
0.0049682339
0.0048846584
0.0042828376
0.0033614870
0.0028392003
0.0024965161
0.0021190935
0.0020425648
0.0018878041
0.0016255431
0.0012176441
0.0004563278
-0.0002416191
-0.0008981243
-0.0015814738
-0.0018771489
-0.0024849556
-0.0038144208
-0.0051044121
-0.0058663067
-0.0064170181
-0.0069707943
-0.0070469822
-0.0069567156
-0.0067847584
-0.0064844377
-0.0060171964
-0.0056117724
-0.0050807112
-0.0043870442
-0.0040758520
-0.0043858724
-0.0050635564
-0.0053619060
-0.0051165712
-0.0048354464
-0.0048579365
-0.0050486323
-0.0051490355
-0.0050929917
-0.0047819377
-0.0042477534
-0.0040095726
-0.0041696477
-0.0043524217
-0.0043220599
-0.0041654903
-0.0038077254
-0.0033472930
-0.0032170524
-0.0031135001
-0.0027183036
-0.0021384618
-0.0016654186
-0.0016346057
-0.0018312069
-0.0018927614
-0.0017745280
-0.0016584870
-0.0017136174
-0.0021587106
-0.0027447540
-0.0032221181
-0.0034241476
-0.0033341549
-0.0033181136
-0.0037927065
-0.0044160408
-0.0048283215
-0.0045683676
-0.0040221729
-0.0039051758
-0.0041806443
-0.0045358197
-0.0048284039
-0.0046991411
-0.0047143508
-0.0049882174
-0.0049850231
-0.0042778629
-0.0033377520
-0.0026298018
-0.0019847674
-0.0019337120
-0.0021403629
-0.0015310020
-0.0007682715
-0.0006688413
-0.0009902518
-0.0011523277
-0.0010253762
-0.0008578206
-0.0008348038
-0.0009110201
-0.0009445316
-0.0006575702
-0.0004195685
-0.0007235955
-0.0007897318
-0.0002737386
0.0000413428
-0.0004188448
-0.0010442240
-0.0008006583
-0.0000358066
0.0002416021
-0.0000486966
-0.0003290835
-0.0002923280
-0.0001091573
0.0000705103
0.0004758187
0.0009311159
0.0013461807
0.0015610719
0.0015064528
0.0014090172
0.0014405699
0.0015444172
0.0015968043
0.0015730445
0.0015332805
0.0015245842
0.0015402146
0.0015521741
0.0015496440
0.0015417136
0.0015386128
0.0015406738
0.0014874997
0.0010678741
0.0001739796
-0.0007517717
-0.0010967970
-0.0008080968
-0.0002213682
0.0001326343
-0.0000159862
-0.0003020972
-0.0003452855
-0.0001838495
-0.0000778613
-0.0004031685
-0.0012646203
-0.0019765005
-0.0022729843
-0.0027454412
-0.0033633386
-0.0041392159
-0.0050120814
-0.0052756616
-0.0052215704
-0.0055233418
-0.0059235669
-0.0062347250
-0.0063968108
-0.0060806198
-0.0057306242
-0.0057581949
-0.0057724559
-0.0053572170
-0.0049928996
-0.0050157671
-0.0050457949
-0.0044670269
-0.0034044838
-0.0025509673
-0.0023054870
-0.0019993246
-0.0011576333
-0.0000802457
0.0006925274
0.0008766628
0.0010343050
0.0013476679
0.0015249894
0.0015071802
0.0014575785
0.0012845804
0.0004492170
-0.0003661391
-0.0003761183
0.0000266462
0.0002215370
0.0003400671
0.0002263181
-0.0001787976
-0.0003677985
-0.0001597918
0.0004598003
0.0012991989
0.0017270269
0.0015419106
0.0012589429
0.0012626541
0.0011845385
0.0007909965
0.0002685670
-0.0001725398
-0.0002238914
-0.0000527288
0.0000071177
-0.0001004527
-0.0002124427
-0.0002219612
-0.0001580532
0.0001101350
0.0006293996
0.0010965516
0.0014370701
0.0015209696
0.0016543638
0.0021102224
0.0020049623
0.0009576803
0.0002604546
0.0003416643
0.0003003686
-0.0001520748
-0.0003545090
0.0010379926
0.0032161365
0.0045507300
0.0051324241
0.0052816302
0.0049685895
0.0049208648
0.0054163863
0.0055344648
0.0052899777
0.0051322667
0.0049018349
0.0047780381
0.0048276876
0.0047074087
0.0041883857
0.0036631593
0.0031400844
0.0024765016
0.0016642487
0.0008107620
0.0000804097
-0.0002996441
-0.0008813084
-0.0016674455
-0.0019360834
-0.0017218881
-0.0015591739
-0.0016629536
-0.0018395402
-0.0018875729
-0.0018215631
-0.0017625914
-0.0017633195
-0.0016462040
-0.0010676126
-0.0001845015
0.0006695074
0.0012996593
0.0015317233
0.0018216474
0.0026340031
0.0036492924
0.0044591578
0.0048361002
0.0047595114
0.0048291791
0.0055865272
0.0064988759
0.0067168617
0.0063800055
0.0061542930
0.0062775872
0.0064937512
0.0064591491
0.0059507280
0.0054762454
0.0054294024
0.0053683759
0.0053151999
0.0052357514
0.0049274301
0.0047394547
0.0050546611
0.0058969299
0.0070708703
0.0083016928
0.0091210204
0.0098234482
0.0108686252
0.0116208679
0.0118663049
0.0115743744
0.0112046015
0.0112390983
0.0114471199
0.0111341952
0.0102235909
0.0095125869
0.0089790985
0.0082886737
0.0077864474
0.0072192058
0.0062075340
0.0048618082
0.0037635005
0.0029370362
0.0017311731
0.0000912500
-0.0016164873
-0.0030340386
-0.0035283778
-0.0032393572
-0.0030165820
-0.0032117232
-0.0032320737
-0.0024836829
-0.0010687602
0.0003133339
0.0010361485
0.0012279089
0.0011979927
0.0014438486
0.0021060570
0.0025242455
0.0024273008
0.0021904089
0.0020050286
0.0016324871
0.0012134217
0.0006670969
0.0000118498
-0.0002990055
-0.0001746098
-0.0000136491
-0.0000687123
-0.0001278206
0.0003376376
0.0011991422
0.0017310789
0.0019790851
0.0024979067
0.0030954474
0.0035775625
0.0038854202
0.0038862562
0.0034769375
0.0029056445
0.0022363205
0.0014659700
0.0006804061
-0.0001139480
-0.0007813372
-0.0017760908
-0.0026772743
-0.0030557870
-0.0032595044
-0.0033774726
-0.0032682194
-0.0028234565
-0.0023766871
-0.0019829568
-0.0018183780
-0.0017547409
-0.0012437810
-0.0004129550
-0.0000163809
-0.0002081784
-0.0005535382
-0.0010364057
-0.0016715421
-0.0020328968
-0.0023169037
-0.0030817683
-0.0044183962
-0.0055187147
-0.0062094054
-0.0067250847
-0.0071396407
-0.0074825015
-0.0073240655
-0.0067921510
-0.0065734216
-0.0062048695
-0.0053704158
-0.0047581128
-0.0044829796
-0.0042611016
-0.0038388183
-0.0035519393
-0.0035709506
-0.0035202459
-0.0028671701
-0.0019473942
-0.0014824661
-0.0014353146
-0.0016833988
-0.0016615556
-0.0016800879
-0.0020723943
-0.0030530573
-0.0038216592
-0.0037500506
-0.0032693565
-0.0027158962
-0.0020035749
-0.0009492541
-0.0000399715
0.0006771733
0.0013153337
0.0017768734
0.0017660225
0.0012954976
0.0005043449
-0.0003569561
-0.0011047256
-0.0023781539
-0.0040990003
-0.0055007407
-0.0062944483
-0.0068941913
-0.0076624709
-0.0083723657
-0.0085268358
-0.0080404048
-0.0071741995
-0.0065998937
-0.0061459864
-0.0054378410
-0.0048098245
-0.0044058058
-0.0040849054
-0.0036747855
-0.0031875098
-0.0024396377
-0.0018081368
-0.0017672711
-0.0020296981
-0.0021093610
-0.0019496646
-0.0018149215
-0.0021435473
-0.0030491299
-0.0037855649
-0.0040313136
-0.0041761641
-0.0045606218
-0.0051234104
-0.0053392138
-0.0051971159
-0.0050668957
-0.0051228428
-0.0052449386
-0.0053417861
-0.0057195817
-0.0065136053
-0.0070787462
-0.0070520139
-0.0071089611
-0.0075173081
-0.0077925449
-0.0077485672
-0.0075672903
-0.0072023695
-0.0067753023
-0.0063580507
-0.0060496365
-0.0059800190
-0.0057377714
-0.0053016144
-0.0051227431
-0.0052364820
-0.0054265817
-0.0058506601
-0.0066103598
-0.0072691012
-0.0080941855
-0.0091768771
-0.0100288363
-0.0102172517
-0.0100806155
-0.0104104076
-0.0109858411
-0.0111798583
-0.0109157136
-0.0103405217
-0.0098925285
-0.0095860730
-0.0093277532
-0.0088973461
-0.0083367659
-0.0074493061
-0.0065866453
-0.0056386714
-0.0045659812
-0.0035731870
-0.0024120353
-0.0012536262
-0.0005045947
-0.0003592614
-0.0005210399
-0.0005471225
-0.0003707840
-0.0002103182
-0.0002003962
-0.0002755458
-0.0003197960
-0.0003041768
-0.0002738151
-0.0002669496
-0.0002796118
-0.0002936508
-0.0004361888
-0.0007510058
-0.0006169648
-0.0002071320
0.0000736637
0.0004084150
0.0007732326
0.0011995078
0.0015862811
0.0021787220
0.0030578126
0.0040248381
0.0051391747
0.0061917859
0.0066994119
0.0069207006
0.0072410923
0.0077608428
0.0076235621
0.0065623482
0.0058988125
0.0061668264
0.0066317135
0.0066604288
0.0063797576
0.0061992801
0.0062304121
0.0060389876
0.0052844887
0.0045773267
0.0045313630
0.0045300066
0.0038184487
0.0029687457
0.0028170020
0.0031477211
0.0033252391
0.0031997098
0.0032951215
0.0037773103
0.0043415540
0.0047761221
0.0050842972
0.0054043915
0.0055799606
0.0058766570
0.0062853640
0.0064235556
0.0062503157
0.0057980239
0.0053428017
0.0049349578
0.0042613042
0.0034100366
0.0028974978
0.0025964495
0.0019804676
0.0013757523
