-0.0007306422
-0.0008026775
-0.0005393166
-0.0001164827
0.0002510067
0.0005648030
0.0007696566
0.0009316961
0.0009421158
0.0005768107
-0.0001595264
-0.0010213937
-0.0014888494
-0.0015812248
-0.0009916219
-0.0001221672
0.0006963957
0.0013293589
0.0016660034
0.0013950151
0.0006314795
-0.0001101021
-0.0006907003
-0.0011016130
-0.0013185758
-0.0015325114
-0.0012859835
-0.0004353823
0.0008200496
0.0013690843
0.0003827922
-0.0009769312
-0.0011707015
-0.0010452713
-0.0009608748
-0.0013744538
-0.0018894518
-0.0014474535
-0.0002734521
0.0010838764
0.0018176873
0.0020285738
0.0017867891
0.0014351528
0.0010280945
-0.0000042297
-0.0014033556
-0.0026217022
-0.0032636818
-0.0032426810
-0.0029426470
-0.0024792512
-0.0012571706
0.0012080919
0.0040101815
0.0054755059
0.0047008903
0.0018683324
-0.0009663072
-0.0025005925
-0.0031580584
-0.0027261291
-0.0017058769
-0.0011195382
-0.0007035989
-0.0003133983
0.0000291248
0.0001075434
-0.0001770283
-0.0004388822
-0.0003634431
-0.0001124884
0.0004773506
0.0012500350
0.0019276046
0.0013973392
-0.0003213369
-0.0025439122
-0.0046818073
-0.0060542054
-0.0055511005
-0.0028154301
0.0005116010
0.0021818714
0.0022892923
0.0027704096
0.0034155580
0.0023933928
0.0002419346
-0.0026348686
-0.0044451296
-0.0036825668
-0.0014179313
0.0007022549
0.0027812169
0.0050992369
0.0086885129
0.0130029625
0.0159329569
0.0171778033
0.0154020797
0.0129084873
0.0105644434
0.0085142363
0.0062977997
0.0043226746
0.0032047059
0.0036965186
0.0058770853
0.0079417865
0.0080289218
0.0063897356
0.0036481909
0.0006491061
-0.0027317731
-0.0058542766
-0.0089473312
-0.0119027008
-0.0148784334
-0.0178620864
-0.0210114004
-0.0251787441
-0.0307053552
-0.0364038971
-0.0406367555
-0.0410319479
-0.0372454554
-0.0320706444
-0.0282148523
-0.0259976480
-0.0232679462
-0.0162557119
-0.0033504592
0.0116093356
0.0240068672
0.0304538768
0.0328963561
0.0305430315
0.0266768766
0.0238246884
0.0225005303
0.0219646409
0.0233618289
0.0242606431
0.0237389195
0.0243431774
0.0285566765
0.0357472323
0.0417189336
0.0427272957
0.0394898185
0.0342409316
0.0293740628
0.0245982169
0.0185653781
0.0089595865
-0.0011612739
-0.0108768233
-0.0199108062
-0.0245751090
-0.0261786176
-0.0230592314
-0.0168422428
-0.0090614801
-0.0033859972
-0.0002504682
0.0010728079
0.0022724687
0.0038609342
0.0056554640
0.0065088000
0.0064015132
0.0068816946
0.0084786494
0.0085629854
0.0037690745
-0.0050561795
-0.0173615299
-0.0268716251
-0.0297063705
-0.0242710846
-0.0099130688
0.0076959491
0.0186912866
0.0232937688
0.0243415873
0.0173433616
0.0050579172
-0.0084675972
-0.0173185971
-0.0169998567
-0.0060140743
0.0124452348
0.0321100463
0.0478528195
0.0605490067
0.0736524964
0.0837416799
0.0825001891
0.0699112161
0.0542351729
0.0430174263
0.0366277028
0.0335065391
0.0308058159
0.0274065532
0.0235460694
0.0184006965
0.0129397755
0.0062246731
-0.0030441670
-0.0139965965
-0.0274914999
-0.0372713022
-0.0430589504
-0.0482636530
-0.0482148132
-0.0400581086
-0.0265471591
-0.0124765955
-0.0016854244
0.0034282419
0.0041610716
-0.0022632279
-0.0107906554
-0.0186339824
-0.0258371139
-0.0330544476
-0.0397834317
-0.0472103387
-0.0538782398
-0.0562753376
-0.0549871533
-0.0518872535
-0.0498839151
-0.0506317903
-0.0552334986
-0.0617399527
-0.0680919672
-0.0739104803
-0.0758904931
-0.0732068439
-0.0683180280
-0.0640208762
-0.0588312221
-0.0534984164
-0.0463097893
-0.0374765708
-0.0315934195
-0.0267660252
-0.0260861497
-0.0276664355
-0.0259121149
-0.0186181962
-0.0060164449
0.0089829785
0.0232040518
0.0344732743
0.0448384467
0.0540243178
0.0628865814
0.0708295469
0.0735701496
0.0681623429
0.0571066600
0.0424363428
0.0272152267
0.0159211732
0.0097179213
0.0068112765
0.0088116040
0.0153116855
0.0232228066
0.0294659503
0.0299750135
0.0189743796
0.0012528827
-0.0182774181
-0.0345623262
-0.0471975876
-0.0613271301
-0.0784690623
-0.0935187676
-0.1029487529
-0.1055330659
-0.1016827153
-0.0956354810
-0.0886460341
-0.0792054077
-0.0627514527
-0.0354512007
0.0001536031
0.0324011141
0.0653450161
0.0849573542
0.0831852642
0.0741887184
0.0632256425
0.0521185865
0.0453732721
0.0458465972
0.0470472350
0.0442988813
0.0338375771
0.0212897896
0.0088194698
-0.0026755034
-0.0100260630
-0.0151547610
-0.0182285601
-0.0169450192
-0.0090907127
0.0035469804
0.0141267372
0.0195075544
0.0215738802
0.0228603897
0.0219620350
0.0210509656
0.0203468576
0.0198941796
0.0215777799
0.0285063977
0.0408863415
0.0570843139
0.0722682590
0.0824990404
0.0821184431
0.0727735858
0.0594981108
0.0422345507
0.0216666263
0.0038726913
-0.0152346169
-0.0357473048
-0.0524136930
-0.0639869579
-0.0699004542
-0.0709546391
-0.0652143010
-0.0529776118
-0.0358638964
-0.0185534312
-0.0059189757
-0.0059215006
-0.0169974504
-0.0300493252
-0.0400245350
-0.0448973713
-0.0430698756
-0.0360773150
-0.0237184718
-0.0031857607
0.0233717021
0.0467591964
0.0692865408
0.0803143697
0.0805836596
0.0784160992
0.0754343810
0.0712329377
0.0642744464
0.0533333538
0.0441198041
0.0370422485
0.0280109804
0.0136546635
-0.0044378755
-0.0185058187
-0.0306109042
-0.0386935328
-0.0407021977
-0.0380183732
-0.0332381318
-0.0257919441
-0.0168895409
-0.0084630687
0.0003022225
0.0097683512
0.0191573686
0.0290821607
0.0317976603
0.0276838541
0.0177410994
0.0038490828
-0.0109533177
-0.0249002944
-0.0401231880
-0.0454408545
-0.0388503184
-0.0235644675
-0.0018350303
0.0239398289
0.0402479478
0.0538025677
0.0630263050
0.0580337635
0.0390717964
0.0142611222
-0.0076233968
-0.0199722096
-0.0241350853
-0.0166927549
0.0031745628
0.0232348322
0.0336618373
0.0364476643
0.0369570237
0.0326258811
0.0246941008
0.0144597341
0.0037998040
-0.0012616966
-0.0027960031
-0.0064886183
-0.0158839841
-0.0310484187
-0.0441569569
-0.0507892530
-0.0519096056
-0.0473030605
-0.0420177644
-0.0385851034
-0.0379415162
-0.0404940089
-0.0437109054
-0.0479637338
-0.0532940063
-0.0595653486
-0.0632998272
-0.0609612247
-0.0504285834
-0.0306113758
0.0019288912
0.0312534636
0.0517768651
0.0625073142
0.0577302531
0.0515545226
0.0484687583
0.0448564760
0.0400554786
0.0362403582
0.0331060383
0.0285035077
0.0217620265
0.0140011250
0.0064388777
0.0002440866
-0.0026173908
0.0006605542
0.0075311405
0.0142229899
0.0203140881
0.0294863677
0.0448161550
0.0582214019
0.0598608360
0.0571555360
0.0556875309
0.0605273619
0.0698257253
0.0730325975
0.0609268228
0.0371533200
0.0110275810
-0.0099447621
-0.0229487947
-0.0334193070
-0.0494735835
-0.0724966174
-0.0930034044
-0.1098912826
-0.1212356209
-0.1320522017
-0.1447265446
-0.1536903209
-0.1554156146
-0.1487971519
-0.1387010759
-0.1297584002
-0.1188497990
-0.0930829096
-0.0523870723
-0.0087525222
0.0179992767
0.0214006012
0.0273519939
0.0367460900
0.0416592049
0.0360206275
0.0204438902
0.0011593247
-0.0109550045
-0.0145822387
-0.0125664516
-0.0039563556
0.0045287177
0.0099971811
0.0123138305
0.0118535103
0.0094221195
0.0111764825
0.0203755641
0.0393702644
0.0604567625
0.0724779351
0.0664385607
0.0475744908
0.0284807868
0.0125616933
-0.0007015209
-0.0091503083
-0.0099942306
-0.0052393215
0.0027446028
0.0114981250
0.0169041058
0.0166016110
0.0091060514
-0.0024769344
-0.0146091072
-0.0232836840
-0.0279605021
-0.0334190954
-0.0360858520
-0.0332491175
-0.0238077837
-0.0103398698
0.0032837202
0.0142772953
0.0220169692
0.0271721065
0.0246074250
0.0118669083
-0.0063554123
-0.0289368626
-0.0453271046
-0.0543477015
-0.0674926247
-0.0797193199
-0.0879589033
-0.0907206067
-0.0873169969
-0.0757251343
-0.0519996612
-0.0175131703
0.0098660428
0.0260499279
0.0381541911
0.0464242647
0.0569061194
0.0653750649
0.0734346582
0.0814649887
0.0875732274
0.0953090561
0.1074530416
0.1252801094
0.1432157638
0.1523551772
0.1527424856
0.1468334029
0.1361366544
0.1190603215
0.0927897379
0.0631430538
0.0337256833
0.0016609308
-0.0251229030
-0.0435566592
-0.0609984682
-0.0683465048
-0.0589553047
-0.0321807183
0.0087893425
0.0467519774
0.0725393628
0.0887742098
0.0938535360
0.0947574167
0.0962944977
0.0972820554
0.0947354092
0.0889165333
0.0814169228
0.0721665649
0.0589110357
0.0386516944
0.0201603921
0.0056617180
-0.0153014254
-0.0433204168
-0.0723303517
-0.0956395923
-0.1134414481
-0.1317821862
-0.1469305626
-0.1603008634
-0.1742518245
-0.1890424575
-0.2065995098
-0.2208750215
-0.2246260360
-0.2182203933
-0.2033196621
-0.1855442879
-0.1732067086
-0.1707074632
-0.1703584866
-0.1510322464
-0.0869816238
0.0245418740
0.1263711146
0.1740512174
0.1828380266
0.2025729780
0.2195621272
0.2196382467
0.1998855199
0.1592772713
0.1041211377
0.0557335774
0.0165798998
-0.0100996612
-0.0181597805
-0.0117401836
0.0124542071
0.0506366090
0.0751180529
0.0650519653
0.0467665906
0.0304662651
0.0087164093
-0.0143968010
-0.0346761064
-0.0491979392
-0.0596878169
-0.0659735004
-0.0648604272
-0.0569975232
-0.0451331784
-0.0333855763
-0.0271927234
-0.0235356098
-0.0169150128
-0.0079401238
-0.0007445505
0.0039609264
0.0075825136
0.0117250021
0.0171813886
0.0255780055
0.0332002656
0.0352577763
0.0315629959
0.0276470701
0.0262153230
0.0238616054
0.0197906414
0.0119879014
0.0008034581
-0.0131037195
-0.0261933457
-0.0384901264
-0.0458811926
-0.0431887102
-0.0323565428
-0.0181205116
-0.0024677474
0.0128962804
0.0311515760
0.0526772332
0.0644736025
0.0606283305
0.0464207580
0.0322379560
0.0195173127
0.0108795259
0.0062518076
0.0040917436
0.0070700343
0.0178328296
0.0369593636
0.0632036349
0.0895406644
0.1108221891
0.1212173619
0.1216254686
0.1123578190
0.0903862615
0.0565649361
0.0163782769
-0.0185680263
-0.0438708046
-0.0570200507
-0.0627350075
-0.0666886243
-0.0703880056
-0.0728743730
-0.0715316718
-0.0659199931
-0.0573251210
-0.0456770304
-0.0325521136
-0.0233902815
-0.0195957720
-0.0210108079
-0.0252847067
-0.0281937275
-0.0291190959
-0.0305043853
-0.0336050167
-0.0377425777
-0.0421701545
-0.0459369672
-0.0492074798
-0.0528327248
-0.0567840199
-0.0606070485
-0.0625278707
-0.0598023528
-0.0487812955
-0.0255095886
0.0049519697
0.0294652973
0.0401755889
0.0440279287
0.0471335421
0.0474240717
0.0447669283
0.0417088307
0.0392117618
0.0382748698
0.0399732587
0.0421873494
0.0407892423
0.0354521862
0.0278918435
0.0180950881
0.0066467400
-0.0051609009
-0.0157377066
-0.0253387280
-0.0347353937
-0.0443151874
-0.0539335851
-0.0608818404
-0.0668094843
-0.0725975255
-0.0776905762
-0.0825875542
-0.0862637188
-0.0863360897
-0.0802999801
-0.0677209226
-0.0508282619
-0.0332170735
-0.0175808071
-0.0028779031
0.0118741817
0.0228065862
0.0293935370
0.0307440558
0.0258280146
0.0188332412
0.0135429088
0.0111379270
0.0117213261
0.0145287918
0.0186190366
0.0252662059
0.0369129240
0.0534056764
0.0693194916
0.0819484289
0.0911036224
0.0994340776
0.1054496912
0.1061233998
0.1001578473
0.0872335013
0.0631494021
0.0301314242
-0.0075099915
-0.0406237022
-0.0639758937
-0.0847733736
-0.1047114715
-0.1207776950
-0.1331775483
-0.1374736119
-0.1296424374
-0.1065057504
-0.0685174259
-0.0194068579
0.0317257308
0.0814007195
0.1134128504
0.1326162354
0.1386420667
0.1376441098
0.1313615038
0.1200876621
0.1023780082
0.0819307745
0.0632354975
0.0478577531
0.0389181669
0.0313439061
0.0267056073
0.0268172955
0.0300339199
0.0329976935
0.0324042943
0.0252375296
0.0115150055
-0.0061326707
-0.0228033697
-0.0367799296
-0.0477534894
-0.0555480552
-0.0617807029
-0.0661066944
-0.0694052847
-0.0743945856
-0.0811397126
-0.0882824262
-0.0937467632
-0.0978473588
-0.1009224276
-0.1030396851
-0.1034208870
-0.1005379004
-0.0943141222
-0.0834300073
-0.0636147042
-0.0341192312
-0.0027227065
0.0277615818
0.0523909539
0.0648612132
0.0722110031
0.0762229036
0.0767841561
0.0744574038
0.0683021270
0.0598239855
0.0489931482
0.0382900272
0.0310225055
0.0253857721
0.0246270020
0.0302148109
0.0389017821
0.0467089176
0.0503497614
0.0487473410
0.0421640722
0.0335076092
0.0239018780
0.0110585306
-0.0016358162
-0.0122543860
-0.0215382026
-0.0292351009
-0.0371697773
-0.0445011329
-0.0502066157
-0.0548362990
-0.0579626260
-0.0569285138
-0.0493139503
-0.0360799994
-0.0209345614
-0.0066793765
0.0039197729
0.0069956622
0.0043091913
-0.0016898054
-0.0077082467
-0.0123326518
-0.0124928412
-0.0059624805
0.0015700929
0.0084582924
0.0149910044
0.0210546476
0.0262485217
0.0279587548
0.0249878046
0.0197402538
0.0154130774
0.0119970309
0.0097202792
0.0091733376
0.0108771015
0.0144738213
0.0188914584
0.0235845705
0.0265918211
0.0258674650
0.0205764191
0.0122465020
0.0016812775
-0.0111265726
-0.0223594282
-0.0306817696
-0.0380748008
-0.0416967688
-0.0406093671
-0.0339234125
-0.0245251386
-0.0134647821
-0.0045896713
0.0014245215
0.0031259171
0.0000545047
-0.0031324891
-0.0059569200
-0.0060857112
-0.0029776498
0.0004714308
0.0050175128
0.0102844157
0.0145254363
0.0177209117
0.0184516282
0.0153812692
0.0091057189
0.0009867857
-0.0065968664
-0.0122446942
-0.0117471970
-0.0059987113
0.0039602613
0.0159628969
0.0276655468
0.0355755493
0.0387685822
0.0363148996
0.0303171883
0.0198931578
0.0058650809
-0.0102475893
-0.0226271038
-0.0310568892
-0.0365648362
-0.0379477798
-0.0358738783
-0.0303232645
-0.0236261551
-0.0153454707
-0.0081735427
-0.0009272861
0.0046788749
0.0092689374
0.0144735674
0.0192558221
0.0233677117
0.0262208430
0.0242824027
0.0177664262
0.0096980056
-0.0009842711
-0.0112051709
-0.0195580145
-0.0249395633
-0.0266934790
-0.0245529200
-0.0194726688
-0.0135461253
-0.0055634392
0.0030002602
0.0108081889
0.0179550621
0.0230297449
0.0254794008
0.0256034350
0.0243631172
0.0226237967
0.0203831519
0.0169635201
0.0122310604
0.0066388137
0.0010790867
-0.0027407351
-0.0049154057
-0.0053772936
-0.0036138948
-0.0012791497
0.0004494824
0.0003816732
-0.0021065446
-0.0068888954
-0.0135072312
-0.0203318211
-0.0260143290
-0.0295674570
-0.0298886883
-0.0260161790
-0.0193763859
-0.0119722603
-0.0041153606
0.0037942236
0.0105159361
0.0152498045
0.0178134582
0.0179767250
0.0163593045
0.0138607604
0.0112506733
0.0077493415
0.0038756333
0.0000715699
-0.0047153935
-0.0099680997
-0.0151600029
-0.0203463799
-0.0248466964
-0.0287901619
-0.0310585640
-0.0296534980
-0.0240495038
-0.0165341314
-0.0092440459
-0.0027011391
0.0016850393
0.0039027286
0.0046554569
0.0045946858
0.0043854904
0.0036677957
0.0037836146
0.0056659835
0.0089103295
0.0119426167
0.0141037321
0.0153018366
0.0140903643
0.0113519079
0.0084983171
0.0048730424
0.0015696926
-0.0006829312
-0.0002939876
0.0024475005
0.0061668791
0.0095610692
0.0114155060
0.0113858503
0.0084356803
0.0059209758
0.0043177555
0.0031678336
0.0032689038
0.0052189730
0.0061204698
0.0049736326
0.0035033783
0.0020896586
0.0004269795
-0.0024979836
-0.0059667279
-0.0079028441
-0.0068610777
-0.0026073308
0.0032051684
0.0086248967
0.0141044032
0.0170500024
0.0181637528
0.0166232195
0.0147711649
0.0141726870
0.0145438706
0.0133463949
0.0129557733
0.0125264450
0.0125443110
0.0120641176
0.0107106242
0.0098644950
0.0093889328
0.0077367839
0.0062052230
0.0052880368
0.0040273009
0.0028695022
0.0011374750
-0.0006118723
-0.0022195593
-0.0038158865
-0.0054498435
-0.0070736499
-0.0087793847
-0.0107290222
-0.0126289856
-0.0131246932
-0.0105669585
-0.0064433820
-0.0016558569
0.0017616636
0.0049294567
0.0059545971
0.0034546576
-0.0007605138
-0.0051398487
-0.0108073908
-0.0167771453
-0.0211366256
-0.0241653759
-0.0255896078
-0.0255847286
-0.0232960603
-0.0197467835
-0.0166311640
-0.0144247699
-0.0120256890
-0.0109946060
-0.0133590734
-0.0167376829
-0.0204822402
-0.0242216100
-0.0279579930
-0.0313063119
-0.0328189549
-0.0305035812
-0.0247227892
-0.0188906664
-0.0128576705
-0.0057662380
0.0017820756
0.0089351847
0.0143672662
0.0173017528
0.0174579156
0.0141300323
0.0096375454
0.0042866457
-0.0028834437
-0.0093515503
-0.0139958165
-0.0178975886
-0.0196618732
-0.0195657716
-0.0187960582
-0.0185751062
-0.0172746364
-0.0162551557
-0.0166088542
-0.0167402464
-0.0163003678
-0.0153082030
-0.0137245012
-0.0106214876
-0.0066285778
-0.0024716151
0.0028262314
0.0073494937
0.0108109942
0.0122059271
0.0138809542
0.0162762865
0.0180991631
0.0188815913
0.0192951092
0.0216202109
0.0236651761
0.0247755226
0.0245808466
0.0230540137
0.0205391756
0.0162271323
0.0110597579
0.0065504994
0.0022892857
-0.0013886444
-0.0048316767
-0.0081243583
-0.0103898765
-0.0116025761
-0.0124571032
-0.0135612827
-0.0149811010
-0.0161485824
-0.0164040814
-0.0170630921
-0.0175644043
-0.0177472784
-0.0190632744
-0.0213839504
-0.0239515703
-0.0259618253
-0.0275343783
-0.0289676550
-0.0289093169
-0.0263790071
-0.0225874117
-0.0182892018
-0.0135135070
-0.0087210708
-0.0047209142
-0.0018532990
0.0010640895
0.0041964257
0.0058352099
0.0067598188
0.0074332251
0.0089169015
0.0098690900
0.0104511832
0.0097797660
0.0106616151
0.0114237589
0.0118595926
0.0109348531
0.0100033722
0.0112034840
0.0141380130
0.0176475129
0.0213469124
0.0238479354
0.0261963022
0.0282424585
0.0278786813
0.0259466497
0.0263333717
0.0276411329
0.0275254906
0.0254407728
0.0237195299
0.0206901690
0.0171835349
0.0140349706
0.0111878974
0.0094201968
0.0088804379
0.0092908482
0.0102228732
0.0107335688
0.0099870963
0.0086509611
0.0087614219
0.0082889674
0.0065827308
0.0041350997
0.0024438384
0.0014240475
0.0011178955
0.0013042582
0.0010822071
0.0002127777
-0.0013496989
-0.0028079409
-0.0051661368
-0.0076715413
-0.0104438252
-0.0138394119
-0.0168195037
-0.0188141177
-0.0204841205
-0.0220562865
-0.0226811251
-0.0220083536
-0.0201053975
-0.0177011109
-0.0146545249
-0.0101750914
-0.0058084423
-0.0026074173
0.0012268866
0.0040209973
0.0058574157
0.0076241102
0.0096633922
0.0115310637
0.0122734370
0.0119407001
0.0121544331
0.0120933441
0.0105881438
0.0082209133
0.0060116510
0.0048240829
0.0038307942
0.0034789107
0.0032867009
0.0031303089
0.0040947134
0.0061815588
0.0067903089
0.0059840648
0.0061098651
0.0068667005
0.0072127447
0.0062799035
0.0059572822
0.0055466343
0.0054395223
0.0048463535
0.0040937322
0.0026087540
0.0018196480
0.0006376779
-0.0012057219
-0.0028482715
-0.0035687340
-0.0033191094
-0.0037885717
-0.0032580439
-0.0006932161
0.0015305621
0.0031542687
0.0052213697
0.0065499613
0.0069063080
0.0064008965
0.0066833064
0.0074178803
0.0069040891
0.0063612407
0.0064914237
0.0060088148
0.0051027225
0.0045631214
0.0038954691
0.0028800005
0.0027825494
0.0024664016
0.0024108017
0.0017573709
0.0006657599
0.0001003718
-0.0002930465
-0.0013750795
-0.0032210211
-0.0037921208
-0.0036895173
-0.0046742787
-0.0059249698
-0.0067302598
-0.0063039364
-0.0080699743
-0.0107267791
-0.0129158211
-0.0145901590
-0.0160006059
-0.0164723773
-0.0167478221
-0.0168578658
-0.0170754804
-0.0170669071
-0.0164271953
-0.0154941304
-0.0145116392
-0.0131285868
-0.0113754451
-0.0097861325
-0.0082383017
-0.0066165038
-0.0047061038
-0.0022703937
0.0002415824
0.0020919338
0.0035115120
0.0044806064
0.0048368001
0.0058795091
0.0063885143
0.0045313477
0.0029049331
0.0008682171
-0.0012195655
-0.0026825972
-0.0031492542
-0.0027737567
-0.0029488496
-0.0030858054
-0.0029033273
-0.0029553872
-0.0029275694
-0.0023030174
-0.0014357919
0.0002351344
0.0018317153
0.0024954999
0.0026505079
0.0029177664
0.0028928713
0.0024743334
0.0022636040
0.0018807177
0.0012694585
0.0004736994
0.0003540758
0.0005933582
0.0005287531
0.0003337396
0.0002342283
0.0006237031
0.0016996556
0.0026203044
0.0031660216
0.0039912236
0.0049457997
0.0061388135
0.0068519905
0.0077804362
0.0091220008
0.0104454757
0.0118957962
0.0135029688
0.0142568355
0.0141162534
0.0140123222
0.0144802241
0.0153919647
0.0159317538
0.0154316508
0.0149399336
0.0151207642
0.0150057144
0.0146893138
0.0148900237
0.0152895873
0.0150676559
0.0151182309
0.0156871497
0.0162233899
0.0163763120
0.0161498521
0.0154067291
0.0141836786
0.0121738408
0.0101522617
0.0084128626
0.0068797538
0.0051608737
0.0037457774
0.0030740501
0.0023950845
0.0013310149
-0.0000229603
-0.0020266331
-0.0032723367
-0.0033954701
-0.0032139811
-0.0033298804
-0.0027716642
-0.0010168882
0.0014006004
0.0040706031
0.0066069874
0.0080547504
0.0084233040
0.0085477433
0.0085575197
0.0080738740
0.0071512990
0.0059124606
0.0047460046
0.0046301966
0.0035166632
0.0012951692
-0.0009127563
-0.0032475130
-0.0056061465
-0.0076479739
-0.0090804646
-0.0090555067
-0.0080708389
-0.0078464528
-0.0069950273
-0.0050320892
-0.0033081479
-0.0021577417
-0.0019199225
-0.0021405934
-0.0020919289
-0.0022273309
-0.0025497871
-0.0033693960
-0.0051336956
-0.0065286128
-0.0067527752
-0.0068586592
-0.0077034341
-0.0087969182
-0.0095490860
-0.0096229080
-0.0098269250
-0.0102954194
-0.0114064612
-0.0119591767
-0.0114804524
-0.0114834755
-0.0120303142
-0.0125338091
-0.0118507896
-0.0099044230
-0.0082324794
-0.0069667199
-0.0054753565
-0.0034846973
-0.0012162656
0.0002722029
0.0007229021
0.0018299510
0.0037726526
0.0050941444
0.0063895361
0.0079992540
0.0090287590
0.0095497329
0.0097917614
0.0095606823
0.0089832325
0.0083267006
0.0079444226
0.0072139600
0.0061602527
0.0051763697
0.0042424142
0.0041375011
0.0036246640
0.0022261694
0.0007673035
-0.0000570883
-0.0001204885
-0.0006424125
-0.0015887648
-0.0021097459
-0.0025317283
-0.0027722851
-0.0023584945
-0.0018830660
-0.0020101171
-0.0027331564
-0.0027690553
-0.0021796223
-0.0023680539
-0.0028953544
-0.0028619585
-0.0031459760
-0.0040068085
-0.0057931253
-0.0081908888
-0.0100156759
-0.0116525405
-0.0131887508
-0.0150119962
-0.0167147140
-0.0177730345
-0.0181348528
-0.0178285853
-0.0173067106
-0.0170766170
-0.0170079463
-0.0174140759
-0.0177463292
-0.0173606049
-0.0164153270
-0.0157734749
-0.0157442182
-0.0158347211
-0.0149741904
-0.0142021069
-0.0140632721
-0.0140980851
-0.0134344915
-0.0129673514
-0.0127821737
-0.0127231343
-0.0121230361
-0.0112242159
-0.0102701591
-0.0083405944
-0.0055741250
-0.0034725744
-0.0021806519
-0.0005009148
0.0007626662
0.0008453649
0.0006489888
0.0007864784
0.0006882680
0.0008763871
0.0006549151
0.0000272254
-0.0002259134
0.0000231569
0.0000690219
-0.0000231015
-0.0000377143
-0.0000254232
-0.0001943112
-0.0006751385
-0.0011743509
-0.0016820223
-0.0023533633
-0.0025406855
-0.0027126731
-0.0030010806
-0.0019867275
0.0001840293
0.0018809511
0.0032636226
0.0041262755
0.0041698178
0.0046909501
0.0060671922
0.0061647267
0.0059155174
0.0068358174
0.0071865896
0.0070418901
0.0076654469
0.0084231771
0.0093342586
0.0096408888
0.0093819376
0.0097892946
0.0108693263
0.0109690071
0.0106477213
0.0109207296
0.0115762517
0.0118845204
0.0115595828
0.0112234117
0.0107521785
0.0091130950
0.0060548704
0.0036485833
0.0024932139
0.0019681783
0.0017526024
0.0009598954
0.0000405574
-0.0007538807
-0.0007809409
-0.0005559249
-0.0010077315
-0.0021009853
-0.0029050866
-0.0032597586
-0.0039189972
-0.0041131774
-0.0043160227
-0.0053350972
-0.0063530120
-0.0072417294
-0.0084557470
-0.0091849279
-0.0096740211
-0.0096700549
-0.0094218897
-0.0098405165
-0.0099530512
-0.0086990693
-0.0078772271
-0.0081279376
-0.0082468871
-0.0079016107
-0.0072703754
-0.0077261913
-0.0091044734
-0.0103900337
-0.0109185349
-0.0113197128
-0.0114408631
-0.0114095507
-0.0116084347
-0.0117061324
-0.0114518124
-0.0109168964
-0.0107368458
-0.0109938925
-0.0106055987
-0.0093086840
-0.0082362400
-0.0080996603
-0.0076333848
-0.0068403096
-0.0066457122
-0.0063682238
-0.0052464558
-0.0042850381
-0.0037992037
-0.0029317019
-0.0015953012
0.0002506220
0.0010228992
0.0008068844
0.0006601473
0.0011123060
0.0020396242
0.0028174144
0.0030342751
0.0034461702
0.0044689884
0.0055803203
0.0067228353
0.0073493002
0.0074883225
0.0077266145
0.0079498459
0.0087552913
0.0096975885
0.0100339893
0.0101904665
0.0101760044
0.0098721674
0.0104115817
0.0114304941
0.0114814017
0.0111756360
0.0114105785
0.0120064687
0.0122631709
0.0122599544
0.0129229857
0.0139092012
0.0145434534
0.0150814831
0.0158989843
0.0164609563
0.0163509791
0.0168413843
0.0173746558
0.0174786051
0.0175185875
0.0168582588
0.0159583200
0.0155733454
0.0148628589
0.0146556435
0.0150562047
0.0156748824
0.0160966712
0.0158371637
0.0159152300
0.0164698621
0.0162162495
0.0154188634
0.0146201412
0.0143617099
0.0143365705
0.0145398863
0.0148552590
0.0146623485
0.0146202137
0.0145445961
0.0138844004
0.0127095005
0.0113894960
0.0102506849
0.0093920647
0.0085624231
0.0074611517
0.0063411921
0.0065274640
0.0070905848
0.0068732725
0.0064522878
0.0064145122
0.0069060601
0.0086450783
0.0107050981
0.0129749089
0.0151996829
0.0160246449
0.0155950869
0.0147226213
0.0138466732
0.0135739975
0.0134417528
0.0122808434
0.0106091174
0.0086657013
0.0067471101
0.0048166040
0.0025777258
0.0002024630
-0.0004336852
-0.0003980357
0.0009344476
0.0018471375
0.0018020480
0.0007236487
-0.0001914083
-0.0019770006
-0.0036466359
-0.0048625193
-0.0053362617
-0.0051734223
-0.0055689744
-0.0055623286
-0.0047925366
-0.0044880376
-0.0034295177
-0.0039390283
-0.0054014420
-0.0071957010
-0.0079701303
-0.0079115382
-0.0081548484
-0.0083767013
-0.0076275746
-0.0070184859
-0.0066269635
-0.0069277653
-0.0064185872
-0.0065193805
-0.0070356627
-0.0074053892
-0.0076786333
-0.0086121335
-0.0100546909
-0.0120730959
-0.0143221689
-0.0160453949
-0.0162067391
-0.0156705171
-0.0160958550
-0.0173034760
-0.0186182809
-0.0184970822
-0.0192914755
-0.0203294511
-0.0212107560
-0.0219626094
-0.0222765976
-0.0223011022
-0.0228128136
-0.0225900538
-0.0203008110
-0.0190672164
-0.0187165590
-0.0176195682
-0.0164339004
-0.0163142556
-0.0156909406
-0.0157211345
-0.0161445074
-0.0168424847
-0.0173600426
-0.0179666282
-0.0173071157
-0.0180826151
-0.0191101794
-0.0202402964
-0.0199757284
-0.0197492140
-0.0190858563
-0.0169468874
-0.0150798870
-0.0133482752
-0.0121949294
-0.0105422968
-0.0106249157
-0.0102674808
-0.0101744747
-0.0091818928
-0.0068751709
-0.0052225311
-0.0039352453
-0.0028109676
-0.0020474495
-0.0010690467
-0.0006425292
-0.0013782422
-0.0017341814
-0.0004866259
0.0004411372
-0.0005768283
-0.0003328351
-0.0003878240
-0.0018639684
-0.0015024910
-0.0012102570
-0.0012327628
-0.0009659474
-0.0004224821
-0.0002588002
0.0005884203
0.0015256782
0.0027248679
0.0045327244
0.0061288496
0.0078022926
0.0095233964
0.0107555522
0.0109935056
0.0108357769
0.0106321709
0.0098017192
0.0088810849
0.0077642752
0.0069341681
0.0073615555
0.0070106805
0.0060874827
0.0057308428
0.0047927609
0.0044491961
0.0046709371
0.0041221823
0.0031119599
0.0031353888
0.0036334289
0.0024529201
0.0016717628
0.0011527696
0.0000513616
0.0004791490
0.0006864373
0.0005213495
0.0002399484
-0.0003276469
-0.0006986152
0.0001796778
0.0006801669
-0.0006621492
-0.0018908538
-0.0009629728
-0.0006134333
-0.0014656290
-0.0005627249
0.0006530681
0.0001864599
0.0008031292
0.0024211356
0.0028307677
0.0033315049
0.0024201132
0.0025635231
0.0029396929
0.0028623189
0.0023993499
0.0017742556
0.0020545699
0.0021419102
0.0019790793
0.0016925249
0.0017975685
0.0031468787
0.0055254158
0.0063104722
0.0073772873
0.0076090072
0.0073298260
0.0074981957
0.0078127462
0.0083180851
0.0087297710
0.0081030642
0.0080140849
0.0092957213
0.0088269064
0.0071211837
0.0076146784
0.0081419764
0.0079233582
0.0072221523
0.0062782529
0.0062339839
0.0063768576
0.0055257441
0.0062830293
0.0058125645
0.0048881127
0.0047691481
0.0042731619
0.0045109012
0.0045233004
0.0041440369
0.0033715441
0.0026949734
0.0010767735
0.0005072484
0.0003291643
0.0001184517
-0.0006219945
-0.0010549165
-0.0015994632
-0.0014283892
-0.0013118067
-0.0013716696
-0.0013673449
-0.0015186569
-0.0016565238
-0.0014841607
-0.0004180470
0.0010777517
0.0007929507
0.0002488215
0.0011726501
0.0006901707
-0.0004074002
-0.0006170670
-0.0002196700
-0.0005351608
-0.0012655377
-0.0008280183
0.0022166747
0.0044970824
0.0045928291
0.0042799818
0.0050735419
0.0053625607
0.0052896795
0.0049925312
0.0046950481
0.0052005465
0.0049754016
0.0057188644
0.0055245083
0.0048398377
0.0043663668
0.0047102611
0.0044350170
0.0033001478
0.0027200650
0.0022369108
0.0012464830
0.0014382653
0.0005833591
-0.0007946593
-0.0002587115
-0.0001317125
-0.0007306966
-0.0015016168
-0.0016096768
-0.0020697575
-0.0024253684
-0.0033527120
-0.0038228805
-0.0040093411
-0.0050368450
-0.0055959354
-0.0056768911
-0.0061690194
-0.0061728949
-0.0066195390
-0.0073654129
-0.0068533992
-0.0059563849
-0.0052962122
-0.0039706514
-0.0037977309
-0.0036698846
-0.0025236042
-0.0019616498
-0.0019110234
-0.0011264966
-0.0004722197
0.0002292997
-0.0002674797
0.0008002446
0.0015205783
0.0015868875
0.0023142134
0.0025240565
0.0026220504
0.0018547222
0.0020725998
0.0022972320
0.0022346024
0.0021820213
0.0021852064
0.0022584159
0.0021996860
0.0017686969
0.0011090030
0.0010171409
0.0005564873
0.0002132571
-0.0008870897
-0.0017802249
-0.0019862746
-0.0017686836
-0.0018387837
-0.0019967324
-0.0020196819
-0.0020190743
-0.0020084738
-0.0019444077
-0.0018261977
-0.0020022694
-0.0028495624
-0.0040192052
-0.0040389624
-0.0048913951
-0.0054230596
-0.0051780003
-0.0051997249
-0.0052388427
-0.0050762409
-0.0049634148
-0.0052243915
-0.0042901089
-0.0031183777
-0.0024266351
-0.0020975584
-0.0020189558
-0.0014465030
-0.0008621082
0.0003525117
0.0014741830
0.0015264877
0.0019368877
0.0024278304
0.0029933344
0.0029487801
0.0026905761
0.0028084820
0.0036904581
0.0052931523
0.0057762980
0.0054738063
0.0049910094
0.0037912568
0.0023976486
0.0019241644
0.0020199268
0.0025235480
0.0023392488
0.0025166773
0.0034915402
0.0037802633
0.0026579294
0.0012382302
-0.0004115991
-0.0015162452
-0.0017222798
-0.0016606387
-0.0017860121
-0.0015325670
-0.0006651498
-0.0002977326
-0.0006269680
-0.0003159579
0.0011794416
0.0030019966
0.0041846765
0.0049095562
0.0060698585
0.0068961204
0.0058922191
0.0049162383
0.0042618757
0.0035669988
0.0032056370
0.0033749753
0.0033415710
0.0028163794
0.0021434296
0.0018829221
0.0015052118
0.0014543085
0.0011857888
0.0008486781
0.0013969819
0.0015988798
0.0019345497
0.0021703803
0.0007197110
-0.0013642015
-0.0028739792
-0.0034779324
-0.0031818289
-0.0032584236
-0.0032835636
-0.0024035894
-0.0011419273
-0.0001732975
-0.0004210789
-0.0005949095
-0.0005210735
-0.0006400751
-0.0006325974
0.0000618317
-0.0001535559
-0.0007973589
-0.0013688261
-0.0010592207
-0.0005715397
-0.0000414562
0.0001495516
0.0010193635
0.0016122427
0.0017491411
0.0020310442
0.0011775238
0.0004831576
-0.0006795025
-0.0006487548
-0.0005256448
0.0006028565
0.0013998846
0.0014562142
0.0012527013
0.0015640523
0.0019617102
0.0017028672
0.0028432697
0.0032496194
0.0030728590
0.0039248842
0.0047242225
0.0036055060
0.0037750534
0.0044578232
0.0045644122
0.0038425851
0.0039092589
0.0040397726
0.0039417581
0.0039778305
0.0041902975
0.0046263966
0.0047751331
0.0042296637
0.0043898852
0.0051727862
0.0044399415
0.0030000945
0.0017731770
0.0012217620
0.0019128850
0.0026079826
0.0030881434
0.0026748383
0.0019741729
0.0022041740
0.0019970335
0.0012169633
0.0004385498
-0.0003437295
-0.0001036935
-0.0004457311
-0.0010252517
-0.0009948892
-0.0013705226
-0.0021747969
-0.0029648752
-0.0037486837
-0.0033874035
-0.0032594587
-0.0034777226
-0.0036244554
-0.0036449774
-0.0033593281
-0.0028581036
-0.0026522655
-0.0028256056
-0.0025295191
-0.0019726983
-0.0019680737
-0.0024574970
-0.0021224916
-0.0015544597
-0.0021480221
-0.0032223754
-0.0036644450
-0.0036609655
-0.0045379923
-0.0052185189
-0.0051972617
-0.0056808911
-0.0059580687
-0.0056277230
-0.0055482873
-0.0063053270
-0.0070114121
-0.0069279104
-0.0076060568
-0.0084480746
-0.0083885092
-0.0081198661
-0.0081362569
-0.0086089956
-0.0094935654
-0.0100159661
-0.0098680864
-0.0099779608
-0.0106801159
-0.0112303888
-0.0115644378
-0.0113555597
-0.0108260428
-0.0107407636
-0.0099594841
-0.0074068826
-0.0033376005
0.0007840890
0.0049063318
0.0097549773
0.0139404712
0.0144909860
0.0140138458
0.0145732240
0.0151353411
0.0149707079
0.0144922980
0.0147959777
0.0146709762
0.0125665544
0.0084789879
0.0042844782
0.0004590411
-0.0033542102
-0.0063979884
-0.0074959103
-0.0058586292
-0.0033499193
-0.0011308425
-0.0006932814
-0.0011389321
-0.0017737937
-0.0039941118
-0.0068140638
-0.0082769963
-0.0086543227
-0.0070570535
-0.0041491017
-0.0005538284
0.0034984097
0.0043893048
0.0031915050
0.0029400490
0.0021725122
0.0015452467
0.0021868497
0.0022994841
0.0019355442
0.0013260402
0.0007254372
0.0010064800
0.0011046711
0.0011549601
0.0012353517
0.0007075591
-0.0009309174
-0.0027285905
-0.0037176259
-0.0040357036
-0.0043603994
-0.0038081403
0.0000254587
0.0037310910
0.0061321628
0.0071132150
0.0070175488
0.0071190011
0.0074416593
0.0073596389
0.0071426894
0.0071558879
0.0060757171
0.0039443179
0.0019442439
-0.0007251736
-0.0042682700
-0.0083768524
-0.0110769528
-0.0125716632
-0.0131695003
-0.0131155999
-0.0136927172
-0.0136049531
-0.0116173707
-0.0085883363
-0.0062747160
-0.0048516093
-0.0043568068
-0.0038341660
-0.0047570512
-0.0072605264
-0.0091612516
-0.0095237592
-0.0094803669
-0.0098570766
-0.0079273002
-0.0049009612
-0.0028126550
-0.0018497862
-0.0015512075
-0.0002904258
-0.0012315064
-0.0029570897
-0.0032308652
-0.0035154516
-0.0036549818
-0.0035207232
-0.0020679842
-0.0017887830
-0.0012196640
-0.0014443404
-0.0004816213
-0.0007741464
-0.0000906613
0.0002499402
0.0007282232
0.0013364327
0.0024047261
0.0027086495
0.0031492058
0.0033149739
0.0026216732
0.0006972977
-0.0017941743
-0.0040239187
-0.0044734945
-0.0045533703
-0.0045521255
-0.0042610462
-0.0037787161
-0.0017736571
0.0002180997
0.0012323129
0.0026065696
0.0036872343
0.0039391540
0.0049809670
0.0059706493
0.0061281301
0.0057699430
0.0064074686
0.0066123926
0.0065475610
0.0065101966
0.0062440989
0.0057228433
0.0053969414
0.0044797854
0.0036356121
0.0035426140
0.0039703872
0.0036991117
0.0039712627
0.0040628793
0.0043223342
0.0048967235
0.0048061631
0.0048077925
0.0053043683
0.0054628038
0.0039478150
0.0016453520
-0.0006944114
-0.0028438404
-0.0043585559
-0.0053289937
-0.0055202325
-0.0055304032
-0.0055978762
-0.0052525581
-0.0046020052
-0.0033554412
-0.0023011159
-0.0016732477
-0.0009178561
-0.0002605292
0.0001270990
0.0006105959
0.0007902772
0.0007259880
0.0008503245
0.0011047944
0.0010998917
0.0004407131
0.0006761185
0.0011228339
0.0009528475
0.0007524593
0.0007623421
0.0011479044
0.0019964531
0.0026109252
0.0024870234
0.0022831417
0.0024219113
0.0028149543
0.0032833435
0.0033721542
0.0037912374
0.0049608047
0.0052979268
0.0049898486
0.0046604170
0.0039289756
0.0033627115
0.0034670653
0.0036736138
0.0036703248
0.0034797202
0.0028183123
0.0017798240
0.0014499668
0.0012302712
0.0005347413
-0.0005713762
-0.0011642716
-0.0014575020
-0.0015210789
-0.0011863154
-0.0008361187
-0.0008541758
-0.0004918253
0.0009960978
0.0023280540
0.0031587144
0.0035237365
0.0041384842
0.0047311851
0.0046117840
0.0046042948
0.0040808565
0.0034267939
0.0035292650
0.0034097943
0.0025491578
0.0018075698
0.0015528393
0.0011931867
0.0011009721
0.0011422979
0.0007774330
0.0001773456
0.0000873206
0.0002195183
0.0002043091
0.0002167545
0.0002566578
0.0000081170
-0.0008464961
-0.0018198874
-0.0024994068
-0.0029053152
-0.0031990668
-0.0040072843
-0.0048425614
-0.0048868068
-0.0044004283
-0.0036141336
-0.0030590995
-0.0031871259
-0.0033568227
-0.0032640797
-0.0031739878
-0.0031671667
-0.0031507451
-0.0029615366
-0.0024846243
-0.0022511697
-0.0023373316
-0.0018134889
-0.0008347946
0.0000937083
0.0001587411
-0.0009824416
-0.0021642140
-0.0033194401
-0.0040828753
-0.0044484518
-0.0046078825
-0.0047098675
-0.0044927112
-0.0034616988
-0.0023607944
-0.0021494677
-0.0018470383
-0.0010601983
-0.0000708245
0.0002624974
0.0005835180
0.0014052831
0.0011884841
0.0008816489
0.0010316357
0.0007842257
0.0002614943
0.0004604515
0.0011354671
0.0012114566
0.0012077225
0.0017034283
0.0021514792
0.0028097572
0.0034739729
0.0039761799
0.0049085296
0.0054936953
0.0061336260
0.0068960116
0.0069423846
0.0064862967
0.0057492777
0.0051905198
0.0051034939
0.0050288334
0.0050172244
0.0043753427
0.0038146422
0.0040898808
0.0038095980
0.0035029406
0.0036657619
0.0038017750
0.0036257075
0.0028121713
0.0017351826
0.0020293665
0.0023045912
0.0017179043
0.0006441659
0.0000940324
0.0003376456
0.0005086522
0.0006131673
0.0007297304
0.0005177890
0.0014593926
0.0021233646
0.0017866433
0.0016613564
0.0022094183
0.0032605542
0.0037125448
0.0034644208
0.0034000832
0.0035719082
0.0036436642
0.0036139504
0.0035887947
0.0036920754
0.0037361944
0.0033429839
0.0024710238
0.0018765701
0.0013281926
0.0002796472
0.0003516363
0.0005571310
0.0004095223
0.0002819514
0.0002311434
0.0002723897
0.0002991772
0.0002748218
0.0001653174
0.0001681210
0.0006238960
0.0016077451
0.0020904730
0.0018614442
0.0017461271
0.0017994778
0.0018710265
0.0023022840
0.0034971999
0.0046183258
0.0051328534
0.0064378861
0.0069731226
0.0067261304
0.0067904299
0.0070820115
0.0071716741
0.0066176828
0.0055110807
0.0051310964
0.0054880761
0.0055882975
0.0056483218
0.0054360428
0.0043918284
0.0027138811
0.0022366303
0.0020881671
0.0022361460
0.0022946540
0.0024787500
0.0025667311
0.0016746153
0.0017870847
0.0019694661
0.0021674008
0.0028071864
0.0031623613
0.0020394809
0.0027819726
0.0023613755
0.0016272459
0.0025658152
0.0036557581
0.0034847632
0.0024126143
0.0023920282
0.0019860697
0.0011297639
-0.0008314669
-0.0014628394
-0.0009837040
-0.0019622659
-0.0033892983
-0.0029265132
-0.0027569832
-0.0030583117
-0.0031846966
-0.0027281128
-0.0015607094
-0.0010595985
-0.0013336649
-0.0016143449
-0.0025136374
-0.0035870378
-0.0024414309
-0.0011436570
-0.0010551698
-0.0016095662
-0.0016759715
-0.0014040769
-0.0013206671
-0.0013544082
-0.0014337550
-0.0014254665
-0.0014051319
-0.0013499299
-0.0012955175
-0.0012347652
-0.0014678256
-0.0023276429
-0.0034040204
-0.0029883985
-0.0035741271
-0.0049776429
-0.0051359097
-0.0059728489
-0.0064600871
-0.0064730982
-0.0072213482
-0.0081411905
-0.0097480970
-0.0098602084
-0.0093901360
-0.0094791879
-0.0097677405
-0.0103459400
-0.0109301312
-0.0106182409
-0.0104812077
-0.0106420683
-0.0107717313
-0.0107116822
-0.0102126373
-0.0096036574
-0.0098489809
-0.0099732630
-0.0099166481
-0.0099370715
-0.0097687260
-0.0089111397
-0.0077044619
-0.0079007884
-0.0075482931
-0.0070064785
-0.0055588684
-0.0044635693
-0.0045332812
-0.0035827058
-0.0030086152
-0.0032543915
-0.0032639624
-0.0031607102
-0.0030894922
-0.0029888531
-0.0030183124
-0.0031402420
-0.0032664703
-0.0030704067
-0.0021033952
-0.0009083639
-0.0014679846
-0.0017266964
-0.0015157222
-0.0013536119
-0.0012614548
-0.0014114494
-0.0018887299
-0.0025164203
-0.0028184719
-0.0032019912
-0.0029177670
-0.0022407833
-0.0014359957
-0.0013242566
-0.0016451494
-0.0015618080
-0.0014213256
-0.0013765445
-0.0013964528
-0.0014066047
-0.0013785766
-0.0014273637
-0.0014681140
-0.0014368397
-0.0013994263
-0.0013775778
-0.0013886075
-0.0013728498
-0.0013760814
-0.0014637989
-0.0015579162
-0.0013741321
-0.0006693071
0.0002902637
0.0003205913
-0.0006081799
-0.0014879050
-0.0015930653
-0.0012505284
-0.0010965488
-0.0007477488
-0.0003845298
-0.0007373013
-0.0012202348
-0.0015048260
-0.0015097620
-0.0023099286
-0.0032137048
-0.0031298488
-0.0038057975
-0.0044746366
-0.0041281195
-0.0046390498
-0.0046613294
-0.0046009489
-0.0046687025
-0.0046536201
-0.0046185108
-0.0045899814
-0.0046921822
-0.0047462470
-0.0044830242
-0.0036593271
-0.0028663963
-0.0028421536
-0.0031080160
-0.0030674690
-0.0029290966
-0.0027591477
-0.0025435410
-0.0024096379
-0.0027030551
-0.0026409171
-0.0013659567
-0.0007267298
-0.0012041747
-0.0012953361
-0.0011601645
-0.0011107497
-0.0010569746
-0.0006080070
0.0003478403
0.0007949108
0.0006363659
0.0013912393
0.0023562158
0.0024683484
0.0022313938
0.0022703997
0.0023972260
0.0024517128
0.0024440996
0.0024256707
0.0024372089
0.0024815366
0.0025001293
0.0024637401
0.0024193224
0.0024220389
0.0024777995
0.0025090920
0.0024945845
0.0024677873
0.0024070526
0.0023939037
0.0026385234
0.0031583129
0.0034148288
0.0034033057
0.0036710491
0.0035415644
0.0030026882
0.0026985296
0.0021979145
0.0015742435
0.0010934031
0.0016724750
0.0025293721
0.0025298643
0.0027429341
0.0038522648
0.0043521828
0.0040161889
0.0039727530
0.0041345229
0.0042785688
0.0043114961
0.0040478960
0.0034366471
0.0030388114
0.0027684356
0.0027619561
0.0025889920
0.0016642887
0.0009292184
0.0010146639
0.0012233164
0.0011795335
0.0010682081
0.0010299325
0.0010761562
0.0011182849
0.0011562255
0.0011934926
0.0012260505
0.0012023579
0.0011364719
0.0011819405
0.0015517976
0.0021754300
0.0024369907
0.0025588495
0.0027303003
0.0034380184
0.0034176747
0.0029953236
0.0025023899
0.0015127052
0.0014328541
0.0018377462
0.0017956223
0.0015580655
0.0013922895
0.0015039953
0.0021981310
0.0032227400
0.0033224794
0.0033000922
0.0042129441
0.0050211972
0.0050223992
0.0048342795
0.0048836653
0.0049572962
0.0050796230
0.0054611115
0.0059084146
0.0056149357
0.0049611741
0.0050482115
0.0052847447
0.0046443697
0.0034400613
0.0032685761
0.0037013778
0.0036657129
0.0031917329
0.0025265668
0.0023995283
0.0026366020
0.0029533224
0.0033943788
0.0034154147
0.0032877577
0.0034244753
0.0034311483
0.0028265306
0.0017856730
0.0017166189
0.0020628862
0.0016445696
0.0006328882
-0.0000116772
0.0000952490
0.0002426795
0.0001252473
0.0000293860
0.0000093794
-0.0000402014
-0.0000567482
0.0000528704
0.0002947082
0.0005042185
0.0001028063
-0.0001039282
-0.0001777141
-0.0009417011
-0.0019268295
-0.0027290657
-0.0032075197
-0.0031831059
-0.0031202248
-0.0032514247
-0.0033691674
-0.0034036098
-0.0033829131
-0.0033360413
-0.0033128735
-0.0034125713
-0.0037061844
-0.0039075128
-0.0034153270
-0.0032129273
-0.0035332312
-0.0035577919
-0.0028820223
-0.0017002463
-0.0014461711
-0.0018295707
-0.0022543838
-0.0029633165
-0.0031066932
-0.0021907282
-0.0017401524
-0.0022685859
-0.0021047870
-0.0014295052
-0.0006257600
-0.0000365145
-0.0001378005
-0.0002553004
-0.0001355390
-0.0000204939
0.0000053238
-0.0000520797
-0.0001298169
-0.0000590132
0.0002603661
0.0007376773
0.0008122726
0.0009290655
0.0015168510
0.0017077518
0.0016057408
0.0016071441
0.0013496645
0.0006358865
-0.0000360415
-0.0006088928
-0.0014693582
-0.0014189646
-0.0009772535
-0.0015668830
-0.0019877057
-0.0015402890
-0.0006391235
-0.0000173697
-0.0001038831
-0.0002762701
-0.0002157153
-0.0001499962
-0.0001630664
-0.0001577748
0.0000904003
0.0006609013
0.0010581632
0.0014271231
0.0015144870
0.0014087994
0.0014566289
0.0015275706
0.0015571961
0.0015742205
0.0015888918
0.0015265264
0.0012834611
0.0010135006
0.0011637075
0.0009127225
0.0006991309
0.0007414005
0.0003742087
-0.0001491797
0.0001482742
0.0008580688
0.0005588914
-0.0002553077
-0.0003263521
-0.0000807186
-0.0001362253
-0.0002390066
0.0000582027
0.0009184045
0.0015478187
0.0014847550
0.0013875882
0.0014676811
0.0013222113
0.0008592399
0.0004715693
-0.0002330215
-0.0011318993
-0.0016273324
-0.0016967903
-0.0019025432
-0.0022697401
-0.0018427378
-0.0013961838
-0.0013011814
-0.0013071730
-0.0006958933
-0.0005104014
-0.0003620008
-0.0001518848
-0.0002293656
-0.0002220185
-0.0001690505
-0.0001366352
-0.0001591201
-0.0002216641
-0.0002256348
0.0000586784
0.0006584490
0.0010358504
0.0013083895
0.0013583665
0.0016052747
0.0025620981
0.0033052918
0.0031756971
0.0026858862
0.0022735612
0.0022364011
0.0021587617
0.0018556877
0.0022347542
0.0027460345
0.0031194043
0.0031295544
0.0028986470
0.0029095915
0.0033437723
0.0042541266
0.0048829930
0.0046933431
0.0044741076
0.0049011661
0.0058669860
0.0065323855
0.0064186719
0.0062193586
0.0063709506
0.0065325790
0.0062276779
0.0053590588
0.0047450033
0.0049237063
0.0051142262
0.0046621329
0.0036842240
0.0030708789
0.0031861198
0.0030992523
0.0024301387
0.0019311633
0.0015547741
0.0014691460
0.0015668728
0.0015328512
0.0014701666
0.0012166967
0.0006355648
0.0002263544
-0.0001277087
-0.0002445639
-0.0004166277
-0.0009797644
-0.0011625079
-0.0010843625
-0.0010611977
-0.0008031407
-0.0002863553
-0.0002149120
-0.0003870909
-0.0003740432
-0.0003063831
-0.0002706128
-0.0002114675
0.0000217664
0.0001944821
-0.0002484593
-0.0001749699
0.0005789711
0.0007062477
0.0004390676
0.0004033877
0.0006923116
0.0012841207
0.0018061224
0.0025137758
0.0027858542
0.0018758863
0.0011224827
0.0013265813
0.0016037783
0.0015408912
0.0014089584
0.0013572250
0.0013690565
0.0013820851
0.0013587837
0.0013163968
0.0013293202
0.0013798184
0.0013831322
0.0013628968
0.0013591591
0.0013647015
0.0013683092
0.0013640395
0.0013445671
0.0013217482
0.0013260632
0.0013079257
0.0013130219
0.0013574898
0.0013417641
0.0012908626
0.0012877919
0.0013034940
0.0012933179
0.0013584693
0.0014009855
0.0010590828
0.0001878017
-0.0003699177
-0.0002601183
-0.0003773039
-0.0010192323
-0.0014467920
-0.0018505256
-0.0022832554
-0.0027570497
-0.0027921155
-0.0023924448
-0.0022130127
-0.0027553042
-0.0030146049
-0.0027817550
-0.0026610661
-0.0027107728
-0.0030514011
-0.0036207474
-0.0037603416
-0.0034501455
-0.0033508214
-0.0036466752
-0.0044762896
-0.0054966107
-0.0060347565
-0.0060193537
-0.0058825805
-0.0060425607
-0.0061971697
-0.0060056552
-0.0054715675
-0.0051522847
-0.0052796171
-0.0053477848
-0.0055816414
-0.0059060935
-0.0055868803
-0.0047959756
-0.0044928641
-0.0046349137
-0.0050962308
-0.0048202824
-0.0042719998
-0.0044087210
-0.0045089345
-0.0044981224
-0.0045195483
-0.0047021050
-0.0048980300
-0.0046362795
-0.0045010873
-0.0052808438
-0.0056105946
-0.0049105985
-0.0040259598
-0.0038701066
-0.0041183619
-0.0038226623
-0.0038327089
-0.0035794355
-0.0030195542
-0.0028252688
-0.0030441482
-0.0028985823
-0.0023463487
-0.0018141848
-0.0012725988
-0.0005580545
-0.0004755170
-0.0006847964
-0.0005673422
-0.0004311358
-0.0004281143
-0.0006015650
-0.0008743121
-0.0009064292
-0.0011866461
-0.0018177060
-0.0014541247
-0.0011762893
-0.0019200561
-0.0023058258
-0.0020871344
-0.0020728235
-0.0021380740
-0.0019160089
-0.0013572831
-0.0011040302
-0.0013841087
-0.0014212778
-0.0010785377
-0.0004896398
-0.0002147804
-0.0004473230
-0.0004798256
-0.0003635720
-0.0003234813
-0.0003262822
-0.0003244469
-0.0002916847
-0.0002523295
-0.0002453900
-0.0002960484
-0.0004881333
-0.0006964072
-0.0004838368
-0.0003047313
-0.0006808749
-0.0002504467
0.0005186893
0.0001007620
-0.0004507262
-0.0002398250
-0.0001067694
-0.0001008621
0.0001140944
0.0006016346
0.0007025838
0.0002182059
0.0001787172
0.0002292094
0.0000432548
0.0004328836
0.0004804275
0.0004995305
0.0009177370
0.0007890057
0.0004835046
0.0002537524
0.0005790285
0.0010355100
0.0008583608
0.0007926992
0.0008329325
0.0006260556
0.0001165755
-0.0001420024
0.0000645477
0.0000977186
0.0000265852
-0.0000106038
-0.0000454823
-0.0000493691
0.0000130283
0.0000117353
-0.0002262533
-0.0007056806
-0.0009533306
-0.0009712824
-0.0014406324
-0.0017681836
-0.0015980727
-0.0015254000
-0.0016000437
-0.0018858737
-0.0023990108
-0.0026101676
-0.0024149850
-0.0024495017
-0.0025619953
-0.0025297246
-0.0022594449
-0.0019616437
-0.0022530017
-0.0026887460
-0.0024715703
-0.0024062418
-0.0026968628
-0.0030030963
-0.0027373445
-0.0022894810
-0.0025301345
-0.0026288933
-0.0022753345
-0.0015224822
-0.0010313207
-0.0013605751
-0.0012702221
-0.0002562984
0.0004830825
0.0004038412
-0.0000072289
0.0006916604
0.0011678907
0.0009550870
0.0008813599
0.0009305232
0.0010056432
0.0010602957
0.0010433015
0.0009223368
0.0007236723
0.0005812248
0.0008790630
0.0006517869
-0.0003714856
-0.0001540141
0.0007657406
0.0008482996
0.0001097939
-0.0008511201
-0.0006125252
0.0002895645
0.0004335628
-0.0001952063
-0.0005311224
0.0000789365
0.0010887815
0.0010956976
0.0007675350
0.0011324405
0.0018195089
0.0019034042
0.0016548974
0.0017267133
0.0020666499
0.0023494775
0.0021925523
0.0024656452
0.0027193098
0.0025847422
0.0025036681
0.0025741369
0.0029230040
0.0034679287
0.0035256029
0.0033562797
0.0034223815
0.0035027417
0.0032947167
0.0027690849
0.0025071633
0.0027033284
0.0027219296
0.0026575854
0.0026872484
0.0027144784
0.0024771006
0.0019316446
0.0017068322
0.0019799263
0.0019992712
0.0016231401
0.0010336121
0.0008553161
0.0010579105
0.0010723176
0.0010000815
0.0008244946
0.0005021408
0.0003194021
-0.0000695341
-0.0004700339
-0.0001903591
-0.0000238405
0.0002659584
0.0000862819
-0.0000105972
0.0000851233
0.0001546038
0.0001264269
-0.0001356078
-0.0004344803
-0.0002017861
0.0002840548
0.0003218886
0.0006452185
0.0008941327
0.0010355142
0.0018063643
0.0023938795
0.0018796766
0.0013913953
0.0019074351
0.0026082685
0.0028020678
0.0024848970
0.0024189959
0.0027469093
0.0033060427
0.0035872179
0.0033852136
0.0033356041
0.0034094479
0.0034654087
0.0034720539
0.0034652073
0.0034560954
0.0034542380
0.0034396574
0.0034360123
0.0034613572
0.0035244947
0.0034972591
0.0031994954
0.0026868916
0.0027129766
0.0034279469
0.0036647588
0.0033631033
0.0033282987
0.0034734541
0.0035246168
0.0032755925
0.0027702694
0.0024822609
0.0026808879
0.0029409130
0.0033580978
0.0035339930
0.0033023020
0.0032564780
0.0034132641
0.0036806381
0.0039012207
0.0035924429
0.0033964622
0.0041579772
0.0045370007
0.0040262525
0.0034215024
0.0032189878
0.0035066444
0.0036027599
0.0035416273
0.0032562410
0.0026592208
0.0021788490
0.0021957464
0.0025776230
0.0029154320
0.0023554764
0.0016838585
0.0016008411
0.0021286222
0.0023734470
0.0019317425
0.0014232089
0.0017937305
0.0023036190
0.0023640750
0.0017837908
0.0015616381
0.0011722807
0.0018261977
0.0013404177
0.0006778537
0.0007132224
0.0003340980
0.0000985110
0.0006342407
0.0005679799
-0.0002242087
-0.0000993260
0.0000326924
0.0000302605
0.0002149684
0.0005535646
0.0006137000
0.0000137295
-0.0002022117
-0.0004356075
0.0008159075
0.0011977508
0.0007511569
0.0005383094
0.0002248067
-0.0000421958
0.0000360964
-0.0003992616
-0.0009683169
-0.0009263786
-0.0010956353
-0.0012383892
-0.0011408178
-0.0019304493
-0.0022227147
-0.0021803484
-0.0017521756
-0.0022337282
-0.0019983673
-0.0022593857
-0.0016227604
-0.0015651527
-0.0012853130
-0.0006643469
-0.0009186524
-0.0009769578
-0.0009115544
-0.0008376405
-0.0008181693
-0.0007910728
-0.0008263320
-0.0009079195
-0.0009418552
-0.0003720681
0.0007820020
0.0010566517
0.0002189541
-0.0004378243
-0.0003891124
-0.0008355752
-0.0012282905
-0.0021273357
-0.0024318340
-0.0023145641
-0.0033358369
-0.0046457179
-0.0041650432
-0.0038839544
-0.0040611785
-0.0042215875
-0.0043134326
-0.0042099138
-0.0041913579
-0.0041516761
-0.0042852249
-0.0042351185
-0.0038401522
-0.0032508866
-0.0033290430
-0.0034194625
-0.0034312178
-0.0037255069
-0.0042360774
-0.0041414716
-0.0040169718
-0.0040725717
-0.0041489354
-0.0041675178
-0.0041374951
-0.0040830948
-0.0040916064
-0.0041014281
-0.0041106102
-0.0041092215
-0.0041021646
-0.0040539028
-0.0040146242
-0.0040650649
-0.0041650081
-0.0041102717
-0.0036681138
-0.0030876935
-0.0031818876
-0.0032878883
-0.0032704770
-0.0035121698
-0.0039963688
-0.0040115673
-0.0045506533
-0.0054364292
-0.0051278600
-0.0054883186
-0.0056031483
-0.0055417328
-0.0056420206
-0.0056737907
-0.0055814618
-0.0052602595
-0.0051227959
-0.0056929076
-0.0054362067
-0.0049559570
-0.0052947231
-0.0048728955
-0.0047866979
-0.0044767412
-0.0038026886
-0.0039235492
-0.0044930008
-0.0050444146
-0.0047915523
-0.0042211558
-0.0037108477
-0.0038287373
-0.0040503991
-0.0044200047
-0.0049718327
-0.0048081317
-0.0042881348
-0.0037115629
-0.0035530779
-0.0032071817
-0.0031698221
-0.0029257127
-0.0022850897
-0.0018626534
-0.0010132388
-0.0004433850
-0.0005947435
-0.0007002416
-0.0006568656
-0.0004941257
-0.0000737899
0.0005104071
0.0004208983
0.0002771809
0.0002655457
0.0003896998
0.0008149564
0.0014204314
0.0014175958
0.0015649809
0.0017816149
0.0013229386
0.0017905763
0.0024721707
0.0019261971
0.0012756551
0.0017915243
0.0025829411
0.0024617334
0.0023289966
0.0026674706
0.0030654677
0.0027654531
0.0029976035
0.0028115818
0.0030620433
0.0030161443
0.0034947555
0.0032496448
0.0024677710
0.0022014829
0.0019137507
0.0023329997
0.0026145643
0.0018954119
0.0017629067
0.0019406701
0.0019675985
0.0019659292
0.0019730955
0.0019918908
0.0020204129
0.0020200447
0.0020125355
0.0020453110
0.0020917953
0.0021007017
0.0020905577
0.0020561721
0.0019987446
0.0020692001
0.0024851170
0.0030799661
0.0030770942
0.0028631254
0.0024968542
0.0019918720
0.0021619945
0.0023588168
0.0022337838
0.0017945189
0.0012468482
0.0013158357
0.0013711000
0.0012698497
0.0013817809
0.0020898164
0.0027915084
0.0020649407
0.0022438583
0.0030685524
0.0031314722
0.0032397547
0.0034895184
0.0033114400
0.0038875687
0.0039168926
0.0034879706
0.0033171094
0.0038899382
0.0037260903
0.0033111800
0.0036661035
0.0030841494
0.0025612208
0.0021222280
0.0022127908
0.0023501559
0.0023331937
0.0022961473
0.0021867100
0.0018437172
0.0013750711
0.0014643582
0.0011940035
0.0005141431
0.0005103193
0.0006733440
0.0006750980
0.0005979152
0.0005534993
0.0005656286
0.0005818998
0.0005753538
0.0005413968
0.0005378716
0.0006485535
0.0009012525
0.0009801508
0.0004882049
0.0010956274
0.0020884283
0.0017735017
0.0020888219
0.0021393594
0.0018173505
0.0016745833
0.0021728096
0.0019243307
0.0016353119
0.0024045767
0.0022886122
0.0012736448
0.0004531483
0.0012175776
0.0007785364
0.0005282507
0.0006116129
0.0005729694
0.0005804976
0.0005635125
0.0005408739
0.0004538541
0.0004817334
0.0008996497
0.0016897570
0.0019835594
0.0022459786
0.0011968536
0.0002788935
0.0012558289
0.0012567830
0.0016612349
0.0009339259
0.0001452205
0.0005444750
0.0007117514
0.0006489217
0.0005184944
0.0005711720
0.0005515942
0.0001944576
-0.0004676891
-0.0007252854
-0.0012735692
-0.0010841224
-0.0009994817
-0.0010458837
-0.0010311212
-0.0012083634
-0.0016104005
-0.0018111037
-0.0009953402
-0.0009185678
-0.0006128215
-0.0001728261
-0.0010402755
-0.0016254321
-0.0006266034
0.0006061164
0.0007976515
0.0003090844
0.0002738419
0.0005382349
0.0005149589
0.0000872473
-0.0001195546
0.0007653421
0.0006002606
0.0003786867
0.0004691997
0.0005888012
0.0005187257
-0.0000345738
-0.0006911417
-0.0002613356
0.0003993709
0.0007268646
-0.0001676623
-0.0007764106
0.0001795518
0.0007762625
-0.0000131282
-0.0003393969
0.0005905122
0.0006948908
0.0007997869
0.0008706977
0.0002087009
0.0007937240
0.0011268436
0.0002026253
0.0003065527
0.0004957349
0.0004636308
0.0004307229
0.0003946383
0.0003981003
0.0003928373
0.0004055477
0.0004316284
0.0004774831
0.0004463457
0.0004019879
0.0002709925
-0.0000170136
-0.0001056926
0.0000964334
-0.0003814796
-0.0000508282
0.0001440204
-0.0000199868
0.0005799834
0.0004597043
0.0003448138
0.0004091816
0.0004328669
0.0004507372
0.0004863010
0.0006667901
0.0009836405
0.0009268629
0.0002959871
0.0004980472
0.0006444434
0.0005930680
0.0005637688
0.0005647683
0.0005841346
0.0004844243
0.0002071863
0.0000398260
0.0001623164
-0.0002401034
0.0003745109
0.0009471618
0.0006252799
0.0005200482
0.0005910825
0.0006528667
0.0006626220
0.0006849784
0.0007255363
0.0007095047
0.0004573818
0.0001339581
0.0003926279
0.0008766162
0.0006803628
0.0005558289
0.0006456175
0.0008940596
0.0011154765
0.0007656982
0.0005516225
0.0015810924
0.0025142692
0.0022311616
0.0011549788
0.0004305166
0.0005357342
0.0009279748
0.0011405851
0.0011200382
0.0003948511
-0.0001483543
0.0005163884
0.0009480645
0.0005714957
-0.0001483363
-0.0007990046
-0.0003498866
-0.0002631636
-0.0011091687
-0.0013375228
-0.0008294645
-0.0001848236
-0.0001820802
-0.0007790461
-0.0013958446
-0.0013354134
-0.0007116607
-0.0001484497
-0.0003353649
-0.0009019237
-0.0009482495
-0.0000345744
0.0003772108
-0.0006276766
-0.0012025266
-0.0005319534
-0.0001281567
-0.0002650970
-0.0002682749
-0.0003415678
-0.0007827831
-0.0014098526
-0.0011359447
-0.0005217425
-0.0001236837
-0.0007781869
-0.0014755361
-0.0008782571
0.0000131380
-0.0000673238
-0.0003772985
-0.0007596123
-0.0012370730
-0.0010915330
-0.0009655327
-0.0010692117
-0.0010427670
-0.0005966636
-0.0000309796
-0.0005439041
-0.0012611162
-0.0010582980
-0.0007849796
-0.0009175176
-0.0012390204
-0.0015371904
-0.0012755293
-0.0018133208
-0.0017151158
-0.0015665644
-0.0016698686
-0.0017334583
-0.0017002323
-0.0015000478
-0.0012676453
-0.0015467848
-0.0023557902
-0.0009587829
-0.0007430426
-0.0018806342
-0.0020227648
-0.0021357705
-0.0017957160
-0.0024052757
-0.0018907964
-0.0012642396
-0.0019065070
-0.0022709179
-0.0018163354
-0.0025088054
-0.0023734300
-0.0021039273
-0.0021717824
-0.0024759065
-0.0031882794
-0.0034664625
-0.0022000071
-0.0031695089
-0.0032749486
-0.0026327858
-0.0021484314
-0.0023521287
-0.0023222190
-0.0018667653
-0.0017772176
-0.0026119445
-0.0024938082
-0.0021425704
-0.0018880443
-0.0017200899
-0.0022119649
-0.0014041379
-0.0012630685
-0.0010708871
-0.0009949454
-0.0018558516
-0.0016299781
-0.0011601071
-0.0008967247
-0.0013119548
-0.0027908603
-0.0022961473
-0.0020875921
-0.0026810808
-0.0032052488
-0.0030230083
-0.0030629792
-0.0034588917
-0.0036309059
-0.0033835673
-0.0034513795
-0.0027936125
-0.0024188605
-0.0021130809
-0.0022454429
-0.0022942307
-0.0022246694
-0.0021576559
-0.0018894258
-0.0015762108
-0.0017018007
-0.0023526057
-0.0019694141
-0.0015690003
-0.0018961399
-0.0027001766
-0.0025914116
-0.0034830486
-0.0036778122
-0.0029692773
-0.0030379341
-0.0037933759
-0.0037343806
-0.0036552502
-0.0035436249
-0.0028825023
-0.0020145815
-0.0018721541
-0.0021841465
-0.0019403170
-0.0014293360
-0.0013978827
-0.0020823212
-0.0019463418
-0.0018226166
-0.0018738313
-0.0017521532
-0.0013334527
-0.0009416914
-0.0009996770
-0.0005332681
0.0000123664
-0.0001985931
-0.0002680058
-0.0001784316
-0.0001227355
-0.0001100642
-0.0001356245
-0.0001561582
-0.0001408304
-0.0000736004
-0.0000511324
-0.0002765883
-0.0008213289
-0.0010773829
-0.0003142051
0.0002302075
-0.0000802164
-0.0002541210
-0.0002253066
-0.0001295919
0.0001019896
0.0004314631
0.0003359224
-0.0003627399
-0.0002331365
-0.0000134586
0.0001763866
0.0004475607
0.0002344506
-0.0004140791
-0.0000402258
0.0005855910
0.0007696669
0.0003813481
0.0008108524
0.0019060451
0.0014847423
0.0016107536
0.0027281080
0.0036646518
0.0032048830
0.0030495830
0.0032581860
0.0033954973
0.0034120229
0.0033906490
0.0033787897
0.0033411768
0.0032868810
0.0033025185
0.0034753405
0.0039760511
0.0042448846
0.0035050555
0.0029996658
0.0034211064
0.0038362035
0.0039238782
0.0031475171
0.0032023238
0.0033900649
0.0035084086
0.0037547654
0.0037584136
0.0031177725
0.0038502956
0.0043710482
0.0032319360
0.0023910778
0.0035342421
0.0035585828
0.0034212660
0.0037547213
0.0038074323
0.0029646460
0.0031814625
0.0039090364
0.0043935660
0.0040850597
0.0039190728
0.0040497370
0.0041425466
0.0041941560
0.0040479099
0.0037374532
0.0036024702
0.0043716268
0.0038941160
0.0034625253
0.0038849315
0.0031828029
0.0033000305
0.0035002102
0.0034056274
0.0033689335
0.0033398158
0.0033611571
0.0033586075
0.0033689456
0.0033542132
0.0033502301
0.0033393231
0.0033682829
0.0034004224
0.0033708863
0.0030794516
0.0026836062
0.0027117952
0.0019292268
0.0026783117
0.0023087678
0.0019134648
0.0027964033
0.0025184947
0.0021487688
0.0022815849
0.0029122058
0.0017453448
0.0025681090
0.0028527789
0.0028974451
0.0027076694
0.0015796837
0.0022485899
0.0020370044
0.0024361448
0.0026100950
0.0032264891
0.0018487306
0.0013144657
0.0019499423
0.0019363048
0.0013591573
0.0006139200
0.0008933806
0.0010583367
0.0010521982
0.0008786223
0.0003911194
-0.0002032266
0.0000878712
0.0001868223
0.0002084717
0.0001134016
-0.0004726115
-0.0015125643
-0.0017847249
-0.0014174682
-0.0013995696
-0.0015360828
-0.0015964402
-0.0017097548
-0.0019997585
-0.0022275933
-0.0018643753
-0.0024829381
-0.0024670140
-0.0023829864
-0.0024394756
-0.0022778242
-0.0018964271
-0.0017114241
-0.0020771663
-0.0014678056
-0.0014942884
-0.0016037124
-0.0015171412
-0.0014726588
-0.0014665021
-0.0014935998
-0.0014848887
-0.0014698848
-0.0014140794
-0.0014093883
-0.0014820918
-0.0015175281
-0.0012923427
-0.0007663845
-0.0004715072
-0.0010648405
-0.0012718086
-0.0010536626
-0.0013516361
-0.0007252213
-0.0002118040
-0.0007194304
-0.0011490809
-0.0009526147
-0.0003400291
-0.0008571643
-0.0011313854
-0.0007676596
-0.0009734584
-0.0007975741
-0.0010262263
-0.0008116372
-0.0008475179
-0.0003794633
-0.0003094117
0.0000363085
0.0005508361
0.0003404211
0.0003122085
0.0002642679
0.0000436623
-0.0002046656
-0.0003434940
-0.0009948214
-0.0007592326
-0.0013574421
-0.0015922806
-0.0018035680
-0.0020065318
-0.0024408402
-0.0018728990
-0.0024556989
-0.0031451344
-0.0026762555
-0.0020588070
-0.0018189110
-0.0024633913
-0.0026958120
-0.0022187933
-0.0021522719
-0.0016271184
-0.0019312365
-0.0025067981
-0.0026956009
-0.0021220937
-0.0018883973
-0.0021638137
-0.0017808996
-0.0021553154
-0.0021723840
-0.0014532951
-0.0015268759
-0.0016296172
-0.0017661739
-0.0022005198
-0.0023710364
-0.0017989150
-0.0017748421
-0.0025125303
-0.0024149112
-0.0022517139
-0.0022360492
-0.0022376097
-0.0022837651
-0.0022876823
-0.0022837717
-0.0022776513
-0.0022679922
-0.0022307360
-0.0022060132
-0.0022308871
-0.0022501214
-0.0022305631
-0.0021822190
-0.0021584612
-0.0023373812
-0.0028098835
-0.0031768676
-0.0029465575
-0.0030807950
-0.0034518341
-0.0034772244
-0.0029476337
-0.0032548637
-0.0032279631
-0.0029357170
-0.0036349634
-0.0028950635
-0.0028666448
-0.0032549072
-0.0036008801
-0.0035615036
-0.0027313662
-0.0024420700
-0.0020246989
-0.0017598909
-0.0013576718
-0.0014133285
-0.0013620322
-0.0014163684
-0.0019374161
-0.0023486105
-0.0019095687
-0.0013652148
-0.0010714089
-0.0013288020
-0.0012349448
-0.0008413473
-0.0007928032
-0.0008889797
0.0001557247
0.0002235339
-0.0003006331
0.0006393581
0.0010224959
0.0014330899
0.0012409823
0.0012010616
0.0013831401
0.0013997878
0.0013467533
0.0012763105
0.0014495388
0.0019956309
0.0024456129
0.0016918157
0.0009721313
0.0013010883
0.0014605389
0.0013167402
0.0013221357
0.0017496405
0.0023479013
0.0020825957
0.0019807099
0.0018961586
0.0015656799
0.0015213891
0.0022553143
0.0016088406
0.0007295073
0.0009889465
0.0011964007
0.0011814568
0.0008664377
0.0002875843
0.0001868496
0.0015552184
0.0023056638
0.0018702073
0.0015391118
0.0022567913
0.0022938184
0.0019959138
0.0014997994
0.0010872851
0.0013427194
0.0013475973
0.0011821817
0.0010492538
0.0012214240
0.0017302104
0.0021239886
0.0016998146
0.0011568567
0.0007778054
0.0008843660
0.0006775073
0.0008397627
0.0015900623
0.0008555077
-0.0004137632
-0.0000395186
0.0002259735
0.0004300174
0.0010811254
0.0014012691
0.0007260629
0.0011946462
0.0013918512
0.0005673557
0.0003292583
0.0002742748
0.0005616865
0.0000274977
0.0004354428
0.0007371689
-0.0001628389
-0.0001560939
-0.0003279716
-0.0005037714
0.0003632163
0.0002679383
-0.0001415970
-0.0005346071
-0.0006093099
0.0004632964
0.0006310726
0.0004602999
-0.0002639237
0.0004332694
0.0012513682
0.0009291205
0.0007138893
0.0006996853
0.0009129262
0.0014743952
0.0019814910
0.0012362616
0.0005209470
0.0007976751
0.0007076836
0.0004726568
0.0007562042
-0.0000968064
-0.0000875973
0.0002302228
0.0006734692
0.0011074819
0.0003464842
-0.0003017951
0.0000968158
0.0003412632
0.0001421245
-0.0004102393
-0.0010014461
-0.0006331621
-0.0005841761
-0.0011574680
-0.0018867571
-0.0017121992
-0.0014898863
-0.0010476165
-0.0004240430
-0.0007772020
-0.0013766920
-0.0018470419
-0.0015189538
-0.0014572474
-0.0016495014
-0.0014692028
-0.0006913297
-0.0000060014
-0.0010344809
-0.0005024910
0.0003129165
-0.0002327468
-0.0005682511
-0.0001770155
-0.0009844761
-0.0007467319
-0.0000216541
0.0004104221
-0.0002052928
-0.0007074829
-0.0005579057
-0.0014214030
-0.0005958842
-0.0005128510
-0.0007014211
-0.0002847810
0.0001686446
-0.0001796107
-0.0006015673
-0.0002514883
-0.0006163886
-0.0003784315
-0.0000787509
-0.0006519846
-0.0004718868
-0.0000350634
-0.0002896784
0.0001068639
-0.0001134771
-0.0005717225
-0.0003624771
-0.0005785125
0.0002198778
0.0011875397
-0.0000328043
-0.0005039345
-0.0003549972
0.0003463517
0.0003761677
0.0001224387
0.0000849946
0.0001137066
0.0001788116
0.0002339462
0.0002055866
-0.0002320426
-0.0008403141
-0.0006524169
-0.0002158678
-0.0000454590
-0.0004129994
0.0000499042
0.0001696744
-0.0000043808
-0.0000391372
0.0001067972
0.0006093692
0.0010900179
0.0006626703
0.0002046123
0.0005424741
0.0003072481
0.0004806633
0.0002667844
-0.0009306411
-0.0004670789
0.0003733194
-0.0000654160
-0.0006232587
-0.0003524840
-0.0003841489
0.0001967667
0.0002687343
0.0000291655
-0.0003851256
-0.0010236126
-0.0008725883
-0.0002293087
0.0006789178
0.0008663101
0.0002123506
-0.0000052487
-0.0006100258
0.0001490568
0.0007506309
0.0007308864
-0.0000156987
-0.0001435794
0.0000422817
0.0001163099
0.0003392736
0.0005459014
0.0002580453
-0.0010639656
-0.0009147642
-0.0001127433
0.0004323871
0.0000783371
-0.0004683573
-0.0005303229
0.0002409535
0.0001840840
-0.0003703970
-0.0004321190
0.0005214761
0.0007417342
-0.0000369576
0.0003080759
0.0009852875
0.0006457131
0.0003552494
0.0010023022
0.0006678548
-0.0001464162
-0.0000044972
0.0007636752
0.0016006755
0.0011094359
-0.0003963414
-0.0001020468
0.0009742783
0.0017484476
0.0012273703
0.0015714218
0.0020344953
0.0023783781
0.0025722264
0.0032160452
0.0022211700
0.0013874660
0.0018211680
0.0023935706
0.0025469745
0.0016930346
0.0015716600
0.0019024828
0.0022889816
0.0024467006
0.0017560698
0.0016187785
0.0015514693
0.0012966964
0.0015030025
0.0010382651
0.0012561409
0.0016439565
0.0011949612
0.0013232083
0.0013528779
0.0022200714
0.0024678804
0.0016852152
0.0018689255
0.0024551759
0.0026979837
0.0036305105
0.0031382957
0.0023880475
0.0030859595
0.0038470259
0.0033350757
0.0025141984
0.0026484492
0.0028941246
0.0028961010
0.0027290427
0.0024409430
0.0022591299
0.0025415373
0.0019408055
0.0015215058
0.0014957002
0.0020731451
0.0018409850
0.0013897472
0.0016469856
0.0011893178
0.0011907435
0.0012613701
0.0008445578
0.0002530197
0.0003717815
0.0005170466
0.0004511090
0.0003761068
0.0003535838
0.0003926879
0.0004544689
0.0004361867
0.0003626834
0.0002616959
0.0001268749
0.0002501615
0.0007610658
-0.0001839622
-0.0000975718
0.0000251853
0.0005646437
0.0004897308
-0.0000516922
-0.0002080328
0.0004356027
0.0004854332
0.0004323907
0.0010263140
0.0015215650
0.0007570119
0.0010139765
0.0005107253
-0.0006586890
-0.0001444112
0.0002871803
-0.0004423238
-0.0006654757
-0.0004646839
-0.0004245856
-0.0004540553
-0.0005751622
-0.0006426810
-0.0005451116
-0.0001437332
0.0001257199
-0.0005925088
-0.0014975079
-0.0006403466
-0.0012280323
-0.0021552592
-0.0015337865
-0.0012038815
-0.0014476258
-0.0015334298
-0.0012836600
-0.0009343249
-0.0010859731
-0.0010261265
-0.0011755244
-0.0014724411
-0.0019437233
-0.0014096580
-0.0005815352
-0.0007344639
-0.0010053971
-0.0020489707
-0.0019716717
-0.0009526964
-0.0004067422
-0.0006518159
-0.0015784557
-0.0022664239
-0.0013119258
0.0000376745
0.0000379254
-0.0010425336
-0.0015275476
-0.0008396901
-0.0006590415
-0.0008191844
-0.0002681798
-0.0005092077
-0.0009363334
-0.0007112175
-0.0003113424
0.0001505224
0.0000308173
-0.0001522302
0.0002129363
-0.0003757311
-0.0006014860
-0.0000951179
-0.0004570496
-0.0005210925
-0.0000436624
-0.0001142398
-0.0002472737
-0.0007913503
-0.0013010067
-0.0009893679
-0.0009947737
-0.0008919314
-0.0007296972
-0.0005915530
-0.0013782610
-0.0014898603
-0.0004358156
0.0000019234
-0.0004322504
-0.0015070854
-0.0015663764
-0.0008022410
-0.0005994291
-0.0001231011
-0.0002618835
-0.0007005928
-0.0011480997
-0.0007667865
-0.0003440288
-0.0006416634
-0.0010232625
-0.0010709911
-0.0003953304
-0.0005517917
-0.0021869253
-0.0023816683
-0.0016079089
-0.0019814916
-0.0021737897
-0.0016356300
-0.0013594264
-0.0008921418
-0.0002047843
-0.0009111614
-0.0018823108
-0.0016452220
-0.0010211857
-0.0008163627
-0.0014543750
-0.0018124556
-0.0015022317
-0.0008543553
-0.0001560017
-0.0006146147
-0.0009768267
-0.0004549416
-0.0000721767
-0.0005815438
-0.0009631403
-0.0006952288
-0.0005633594
-0.0006403781
-0.0008230436
-0.0009253496
-0.0005039021
0.0007675393
0.0018808295
0.0012223981
0.0001871153
0.0008862723
0.0013922158
0.0004840306
0.0005987185
0.0011471535
-0.0003089278
-0.0011681580
-0.0001725323
0.0005828862
0.0001352761
-0.0004462404
-0.0000966064
-0.0002732480
-0.0000915528
0.0001484909
-0.0005393141
-0.0008771634
-0.0006296645
-0.0005656427
-0.0006969465
-0.0006750254
-0.0004285417
-0.0001822173
-0.0004390896
-0.0006777008
-0.0001641146
-0.0000665404
-0.0002847333
-0.0003443220
-0.0006451169
-0.0007395818
-0.0013064233
-0.0018370998
-0.0016476767
-0.0008334252
-0.0004308299
-0.0013183618
-0.0016912546
-0.0015908489
-0.0020401139
-0.0022924544
-0.0019208059
-0.0016565752
-0.0019785466
-0.0022460614
-0.0017670814
-0.0017278863
-0.0019222285
-0.0015830301
-0.0010830916
-0.0006828586
-0.0008509750
-0.0009732172
-0.0015592759
-0.0010586040
-0.0001080532
-0.0004380474
-0.0006561703
-0.0005762347
-0.0004958473
-0.0004507067
-0.0003921350
-0.0001855754
-0.0001318978
-0.0007178796
-0.0011122238
-0.0007449235
-0.0007509206
-0.0009143652
-0.0013914377
-0.0015886233
-0.0020024659
-0.0018481205
-0.0006283410
-0.0001300738
-0.0005915432
-0.0005024824
-0.0001271232
-0.0002472780
-0.0004070017
0.0000089884
-0.0002567262
-0.0007880329
-0.0003114549
0.0006273749
0.0011097715
0.0002019144
-0.0008773151
-0.0003164616
0.0011625871
0.0016194284
0.0008228023
0.0003901369
0.0006567235
0.0009150333
0.0006977990
0.0005355651
0.0006054072
0.0015241600
0.0016144012
0.0009270679
0.0010354030
0.0011863758
0.0011548694
0.0011612437
0.0014138491
0.0018679848
0.0018538504
0.0013966947
0.0017393429
0.0023274289
0.0018758482
0.0011064903
0.0009902670
0.0018301463
0.0025970519
0.0019901048
0.0005263845
0.0009174365
0.0020920486
0.0017547760
0.0012977678
0.0017176927
0.0015739702
0.0010704082
0.0012441323
0.0015719260
0.0019071769
0.0018562754
0.0016144912
0.0015006482
0.0012294211
0.0015968356
0.0018871742
0.0015638999
0.0013753099
0.0020794276
0.0022117406
0.0014158285
0.0010797548
0.0014445973
0.0017668130
0.0016752326
0.0008751579
0.0005723887
0.0019963606
0.0023953299
0.0010291205
0.0005700324
0.0016892092
0.0017177882
0.0012557570
0.0008622666
0.0009416182
0.0016635892
0.0014757948
0.0013514136
0.0013757386
0.0012114427
0.0008850039
0.0009184281
0.0015845284
0.0015082644
0.0013903464
0.0013024371
0.0008011352
0.0001447316
0.0000282881
0.0004105766
0.0015065884
0.0015305325
0.0005802425
0.0001693657
0.0006110216
0.0007831253
0.0004798163
0.0000723079
-0.0000960773
0.0002323092
0.0001937313
0.0009204444
0.0011050078
0.0009324186
0.0003689499
0.0004348036
0.0001806014
-0.0002906043
-0.0002229517
-0.0007049871
-0.0012894618
-0.0010329773
-0.0007211378
-0.0004995852
-0.0006264909
-0.0012757712
-0.0010569214
-0.0008832414
-0.0009148343
-0.0009738883
-0.0010690896
-0.0010802917
-0.0008404265
-0.0002865683
-0.0000628271
-0.0008787662
-0.0013917357
-0.0007873285
-0.0000899309
0.0000645502
-0.0007632508
-0.0012774798
-0.0009215533
-0.0007789910
-0.0008569987
-0.0009206863
-0.0009385444
-0.0009488934
-0.0009925040
-0.0009825117
-0.0007619763
-0.0003416832
-0.0003581480
-0.0012332071
-0.0011296992
-0.0009283617
-0.0006901223
-0.0000302553
0.0001401487
-0.0013791866
-0.0007316984
-0.0001717994
-0.0010327868
-0.0006281258
-0.0002944005
-0.0006802721
0.0000664106
0.0000289029
-0.0003070855
-0.0006294172
-0.0008384749
-0.0002382624
-0.0006162097
-0.0003123358
-0.0007138983
-0.0005139944
-0.0012669125
-0.0010830855
-0.0003739384
0.0002021578
-0.0002137634
-0.0008517604
-0.0014049167
-0.0009441195
-0.0002509441
0.0001368449
-0.0006459628
-0.0013754913
-0.0010920385
-0.0012656858
-0.0015628951
-0.0011207740
-0.0015467467
-0.0013439534
-0.0018503969
-0.0014469384
-0.0011510483
-0.0019450305
-0.0014098889
-0.0010977072
-0.0019936296
-0.0019506533
-0.0018058830
-0.0017209091
-0.0012240129
-0.0007505669
-0.0013521548
-0.0017856397
-0.0011588827
-0.0013033967
-0.0006167834
-0.0009827729
-0.0016227314
-0.0014933223
0.0000024413
0.0003543521
-0.0009171784
-0.0017880309
-0.0011845777
-0.0019891894
-0.0018093740
-0.0005395007
-0.0010363582
-0.0005717774
-0.0009825740
0.0003362455
-0.0008058789
-0.0023794652
-0.0014559167
-0.0006168838
-0.0004287516
-0.0017722326
-0.0026601404
-0.0012325064
-0.0007860474
-0.0009862844
-0.0019007228
-0.0017366548
-0.0014071235
-0.0014282803
-0.0015141339
-0.0015869933
-0.0014089349
-0.0010932090
-0.0010042194
-0.0017360913
-0.0010336853
-0.0003854947
-0.0012364333
-0.0018563032
-0.0009475760
-0.0002607884
-0.0011331593
-0.0019746651
-0.0015023991
-0.0008388412
-0.0002656230
-0.0007032978
-0.0009427428
-0.0006661257
-0.0001131387
0.0004987872
0.0001934441
0.0000432012
0.0001543947
0.0002955295
0.0004039320
0.0002459475
-0.0003428687
-0.0007763743
0.0000848148
0.0008241681
0.0008344464
0.0006410419
0.0000275800
0.0002606946
0.0004856505
0.0004669972
0.0003964088
0.0001764458
-0.0001012530
-0.0000367680
0.0004477829
-0.0000359982
-0.0001021195
0.0006108559
0.0005513868
0.0004312856
0.0002763532
-0.0000497392
-0.0001501064
0.0000025052
-0.0003594220
0.0002093626
0.0005095137
-0.0003294485
-0.0006261058
0.0001746755
0.0007367499
0.0004062007
0.0002769161
0.0003315104
0.0003813962
0.0003641788
0.0003535500
0.0003183532
0.0004141097
0.0007333151
0.0010889085
0.0012879352
0.0016373174
0.0003705730
-0.0000408987
0.0003935308
0.0004976302
0.0004337987
0.0003253673
0.0001075795
-0.0002492028
-0.0002235685
0.0004591910
0.0005180260
0.0006172018
0.0004538138
-0.0000902266
0.0007937421
0.0020387203
0.0022814132
0.0015704369
0.0010312832
0.0018661323
0.0014213655
0.0007685054
0.0008256277
0.0006519973
0.0007101129
0.0010914369
0.0003896696
-0.0001726210
0.0003418293
0.0009749209
0.0011073682
0.0002603049
-0.0000576580
0.0008566413
0.0014726340
0.0011337790
0.0007146359
0.0002859353
0.0003570457
0.0015037244
0.0017829746
0.0004204205
0.0003593998
0.0009949798
0.0010011274
0.0014712355
0.0011390989
0.0006923702
0.0006861174
0.0010881969
0.0010581022
0.0015294333
0.0013823680
0.0012487394
0.0014873022
0.0020251167
0.0025214391
0.0023703913
0.0025806261
0.0028327786
0.0029360913
0.0037063258
0.0033360274
0.0025686411
0.0027816244
0.0016097058
0.0009190901
0.0015393633
0.0025944165
0.0022365124
0.0011059522
0.0008160622
0.0008210798
0.0014342828
0.0014498828
0.0006318145
0.0004945098
0.0003025017
0.0003175216
0.0009826411
0.0010247517
0.0011141543
0.0009826526
0.0003536798
0.0006414875
0.0008715267
0.0006443811
-0.0000576536
-0.0008426049
-0.0007508353
-0.0005156476
-0.0009998457
-0.0006961037
-0.0007256699
-0.0014699223
-0.0011349882
-0.0004848210
-0.0002591860
-0.0010534213
-0.0015585963
-0.0011303038
-0.0008906285
-0.0011041735
-0.0012347755
-0.0002954455
-0.0009300842
-0.0013155008
-0.0006800037
-0.0004351328
-0.0005119121
-0.0017850049
-0.0013697494
-0.0007861671
-0.0007691904
-0.0009426660
-0.0004561983
-0.0007307026
-0.0012716478
-0.0012334466
-0.0004014855
-0.0003432721
-0.0003546316
0.0004356396
0.0002677560
0.0001796282
0.0001439748
-0.0000946536
-0.0002858782
-0.0008408364
-0.0015070612
-0.0013408536
-0.0015289116
-0.0017203100
-0.0019397360
-0.0020565337
-0.0008135193
0.0003149848
-0.0004329132
-0.0019706850
-0.0017397129
-0.0008235484
-0.0008785848
-0.0008488668
-0.0003602461
0.0000075638
0.0000062385
0.0000474504
-0.0001397837
0.0001848595
0.0009007949
0.0006095621
0.0009722692
0.0012496112
0.0008157333
0.0012433100
0.0016534942
0.0011782222
0.0004073400
0.0006295297
0.0008969441
0.0007413715
0.0007881689
0.0009200182
0.0013688243
0.0012561198
0.0010062013
0.0008076196
0.0008622418
0.0007929253
0.0003097339
0.0004238780
0.0007469423
0.0011800311
0.0013088949
0.0011148973
0.0014914921
0.0021179498
0.0017074664
0.0004022641
0.0001801176
0.0005172119
0.0005215915
0.0006949114
0.0012355076
0.0013275922
0.0007683579
-0.0001219811
-0.0007147998
-0.0005328540
-0.0000541421
0.0003547207
0.0002465735
-0.0000485482
0.0000040632
0.0004045473
0.0009298164
0.0009737776
0.0008318363
0.0009315903
0.0008597804
0.0002681491
-0.0004723815
-0.0000817793
0.0002185917
-0.0003456557
-0.0006706922
0.0001838116
0.0010612020
0.0007838726
0.0000262018
-0.0003114597
0.0003953860
0.0000133877
-0.0009927023
-0.0007343297
0.0000201834
0.0000247741
-0.0002121731
0.0001608097
0.0008808738
0.0008924435
0.0005652492
-0.0000205294
-0.0004533807
0.0005651809
0.0004276109
0.0006276723
0.0008868739
0.0014040285
0.0018080378
0.0005491152
0.0004982233
0.0008743882
0.0008411986
0.0007016684
0.0007603330
0.0010756574
0.0013476360
0.0008390486
0.0006966399
0.0004893792
0.0015388518
0.0013604814
0.0008532761
0.0014391275
0.0011468983
0.0005620056
0.0009391490
0.0012461450
0.0005982266
0.0008241337
0.0012174361
0.0006375594
0.0005059473
0.0002577291
-0.0004143230
-0.0004106529
-0.0000013515
0.0008210272
0.0013326419
-0.0001615474
-0.0002245846
0.0008449163
0.0007339778
0.0005405899
0.0005460136
0.0006228555
0.0006205991
0.0006254293
0.0006654255
0.0007164074
0.0006128940
0.0001779180
-0.0003455799
-0.0001092370
-0.0004236643
-0.0011915766
-0.0010640013
-0.0008790376
-0.0004737959
0.0001368964
-0.0000976763
-0.0003490034
-0.0007769451
-0.0011992285
-0.0002926058
0.0003270652
-0.0007062447
-0.0015632258
-0.0009133875
0.0002387791
0.0012014673
0.0002243139
-0.0001565928
0.0008241035
0.0004760845
0.0001021794
0.0005140699
-0.0002704521
-0.0006263325
-0.0010362972
-0.0008937156
-0.0007926720
-0.0007792692
-0.0005483546
-0.0007257485
-0.0016332146
-0.0009993983
-0.0018600766
-0.0025285982
-0.0003802924
-0.0000432564
-0.0023464587
-0.0029644925
-0.0018925860
-0.0018574592
-0.0009501643
-0.0007391284
-0.0011276859
-0.0011421389
-0.0009887754
-0.0008737456
-0.0006778543
-0.0003534633
-0.0002725989
-0.0005966014
-0.0002899359
-0.0004694797
-0.0003002346
-0.0004602815
-0.0000756698
0.0000789141
0.0002698036
-0.0005642402
-0.0003938829
-0.0007408455
-0.0006408732
-0.0004878771
-0.0005961447
-0.0006260514
-0.0007013927
-0.0006850739
-0.0004839257
0.0000866259
0.0005667947
0.0001904122
-0.0004368644
-0.0007462010
-0.0002514215
0.0003617111
0.0005241193
-0.0001131329
-0.0002982528
0.0003182009
0.0004091545
0.0005493348
-0.0001371011
0.0004351264
0.0002269116
-0.0000597061
0.0001223061
-0.0004696532
-0.0003292014
-0.0001834480
-0.0002572943
-0.0005080928
-0.0008429852
-0.0007192666
-0.0000168461
-0.0002643760
-0.0005708760
-0.0003406326
0.0005231425
0.0016480902
0.0014525460
0.0003996277
0.0007200477
0.0004506425
0.0006055632
0.0007278169
0.0004653673
-0.0000512367
-0.0005507180
-0.0004230676
-0.0004488172
-0.0002147775
0.0000241640
-0.0009922730
-0.0003316675
0.0010129637
0.0004071181
-0.0002288298
-0.0001040637
0.0006463521
0.0005011689
0.0004829737
0.0009838515
0.0014036561
0.0011850941
0.0011593997
0.0012291230
0.0010720806
0.0007946200
0.0009072599
0.0015379824
0.0011772826
0.0005428677
0.0003337342
0.0008843249
0.0009032955
0.0003515640
0.0008441992
0.0007862445
-0.0002934732
-0.0003326654
0.0003908181
0.0006090584
0.0007601051
-0.0003568545
-0.0002286869
0.0006148850
0.0003975463
0.0002318710
0.0004443180
0.0008802831
0.0008334736
-0.0000431112
-0.0003807233
-0.0004416478
0.0000937635
0.0000761912
-0.0008174522
-0.0002471821
0.0005102696
0.0003632272
0.0006584031
0.0010931631
0.0004550750
0.0004240671
0.0014468700
0.0013429546
0.0008018245
0.0000015361
-0.0004829252
0.0001805697
-0.0005379448
-0.0005776420
-0.0004801965
-0.0005467711
-0.0005564603
-0.0005694263
-0.0005641516
-0.0005963138
-0.0006217587
-0.0005448082
-0.0002393738
0.0000274280
-0.0002802466
-0.0000086765
-0.0007315279
-0.0006010292
-0.0003059818
-0.0003345351
-0.0006654231
-0.0015453326
-0.0020693506
-0.0014562643
-0.0014332858
-0.0012244446
-0.0017831373
-0.0020666015
-0.0014638702
-0.0011897471
-0.0005649070
-0.0010513602
-0.0009206579
-0.0010225606
-0.0007364796
-0.0007805255
-0.0002682063
-0.0003142992
-0.0003946486
-0.0004417743
-0.0009023928
-0.0013063380
-0.0012512799
-0.0014818560
-0.0015672923
-0.0010262523
-0.0010381460
-0.0006657411
-0.0001891408
-0.0003727608
-0.0004602107
-0.0004159983
-0.0002927746
-0.0001545973
-0.0002820996
-0.0009331175
-0.0018270308
-0.0020650930
-0.0020382209
-0.0022472453
-0.0016125831
0.0000871028
0.0004255579
-0.0000534356
-0.0006169352
-0.0004662976
-0.0008650834
-0.0015920677
-0.0012240716
-0.0006843792
-0.0018157495
-0.0032618457
-0.0032820255
-0.0022665381
-0.0026147523
-0.0031404518
-0.0026491578
-0.0015426729
-0.0017114767
-0.0014708292
-0.0009694360
-0.0011680630
-0.0010113628
-0.0004230552
0.0000472104
-0.0002387881
-0.0003503841
-0.0000854580
0.0005338063
0.0008197715
0.0000309416
-0.0005380629
-0.0001932913
0.0001777571
0.0005325123
0.0004317379
-0.0005076459
-0.0008895426
-0.0009738623
-0.0002804870
0.0001151288
-0.0002341538
-0.0000535584
0.0004406998
0.0001145228
-0.0015618425
-0.0023328376
-0.0017344843
-0.0013762543
-0.0008983928
-0.0004928922
-0.0012495066
-0.0019497941
-0.0008105084
-0.0000567416
0.0004656953
0.0001382679
-0.0005491004
-0.0002630314
-0.0000973243
-0.0001399048
-0.0000448038
0.0003868254
0.0007633288
0.0005545056
0.0005445481
0.0007153971
0.0006543214
0.0001837379
-0.0002729845
-0.0000269419
0.0000359588
-0.0000765430
-0.0001035754
0.0000617996
0.0003224756
0.0002198681
-0.0001182641
0.0003365539
0.0003514800
-0.0001920029
-0.0000781056
0.0000488792
0.0000208304
-0.0001338608
-0.0004304047
-0.0006528171
-0.0010939944
-0.0012645957
-0.0003592639
0.0003387251
0.0006884784
0.0001895526
-0.0003154699
0.0000127355
0.0004690150
0.0009451866
0.0008340848
0.0001093623
0.0000474811
0.0008108342
0.0012440265
0.0013093254
0.0014660317
0.0009898171
0.0000990746
0.0000700110
0.0003952773
0.0004390865
0.0003215924
-0.0000068836
-0.0005889515
-0.0008191028
-0.0003499915
0.0002091925
0.0003687747
0.0001091448
0.0000583560
0.0001366376
0.0001889208
0.0002882314
0.0004453128
0.0004407287
-0.0000842926
-0.0000579619
0.0008754155
0.0007683531
0.0006163354
0.0010375124
0.0011789302
0.0016490612
0.0019897342
0.0018295145
0.0015286830
0.0009517054
0.0005581366
0.0007966007
0.0004356314
-0.0006796887
-0.0006868351
0.0003634911
0.0013764623
0.0018688227
0.0018950395
0.0018013412
0.0017057886
0.0010534141
0.0000681734
-0.0003753238
-0.0001669866
-0.0000491281
-0.0009800353
-0.0015190940
-0.0003453840
0.0005156310
0.0000054191
-0.0009175823
-0.0007892608
-0.0004712201
-0.0006972687
-0.0002846778
-0.0005869023
-0.0010626288
-0.0010508131
-0.0008441823
-0.0004831890
0.0003862507
0.0005209600
0.0002561303
0.0002943088
0.0002643207
-0.0000564332
-0.0002715108
-0.0003936248
-0.0001628320
0.0003815652
-0.0001557217
-0.0009701579
-0.0016000219
-0.0011945688
-0.0007704946
