-0.0006028958
-0.0006006372
-0.0006041008
-0.0006081327
-0.0006190244
-0.0006292753
-0.0006437526
-0.0006533344
-0.0006592758
-0.0006501562
-0.0006336214
-0.0006115673
-0.0006047682
-0.0006070385
-0.0006208820
-0.0006324323
-0.0006427699
-0.0006386897
-0.0006355115
-0.0006422941
-0.0006664440
-0.0006857497
-0.0006774177
-0.0005868563
-0.0003837193
-0.0000996856
0.0001307454
0.0002469980
0.0002114880
0.0001070591
0.0000297050
-0.0000087637
-0.0000767252
-0.0002752332
-0.0006869565
-0.0012718182
-0.0017353875
-0.0018863156
-0.0017537511
-0.0013542329
-0.0008345401
-0.0003150584
0.0000396072
0.0001115626
-0.0000737136
-0.0004790670
-0.0009692216
-0.0013104396
-0.0015171646
-0.0018279883
-0.0023065961
-0.0027759240
-0.0029437105
-0.0023818449
-0.0009382566
0.0010825188
0.0026591963
0.0034228377
0.0037147654
0.0035162857
0.0026279613
0.0009904321
-0.0013517121
-0.0039017727
-0.0059465106
-0.0062724553
-0.0059928425
-0.0054526372
-0.0040633514
-0.0017104429
0.0010362252
0.0028080073
0.0034551869
0.0032403439
0.0022478762
0.0007417795
-0.0008017917
-0.0013610480
-0.0010531685
0.0000560791
0.0013063712
0.0022841240
0.0027064243
0.0028009552
0.0027694284
0.0025643157
0.0022963888
0.0018475468
0.0010548228
0.0000670270
-0.0008132719
-0.0015923345
-0.0020624966
-0.0022544619
-0.0023881931
-0.0023137867
-0.0022431598
-0.0024645467
-0.0029819858
-0.0038410926
-0.0049111898
-0.0060448104
-0.0072893465
-0.0085597222
-0.0096104471
-0.0096571327
-0.0080128710
-0.0043937413
0.0005956963
0.0058417335
0.0098336704
0.0113273578
0.0106856261
0.0074314433
0.0028801452
-0.0005322960
-0.0016032339
-0.0017010975
-0.0009169406
-0.0001293358
-0.0002850663
-0.0011689942
-0.0026004651
-0.0038263364
-0.0042717649
-0.0035867528
-0.0024510186
-0.0012561111
-0.0001615493
0.0002337929
0.0004272785
0.0013815687
0.0029090921
0.0039784359
0.0039224638
0.0020819885
-0.0012723535
-0.0051260334
-0.0069113808
-0.0060214116
-0.0033051986
-0.0001107772
0.0020642280
0.0026564419
0.0027335826
0.0030506241
0.0039620732
0.0053206570
0.0054753033
0.0031985691
-0.0019685233
-0.0088067157
-0.0153514264
-0.0173132084
-0.0154365972
-0.0105243929
-0.0048923958
-0.0004710118
0.0016944357
0.0014369949
0.0000348244
-0.0012258288
-0.0018921343
-0.0018387456
-0.0015853856
-0.0015774409
-0.0021053532
-0.0033068434
-0.0062099464
-0.0114354912
-0.0184524703
-0.0236173043
-0.0249938796
-0.0214171184
-0.0125797996
0.0001345869
0.0125284920
0.0205860324
0.0252631637
0.0282080267
0.0295312664
0.0286311571
0.0241044763
0.0147537333
0.0016132885
-0.0122414215
-0.0234949217
-0.0317601747
-0.0344641400
-0.0317551577
-0.0239474465
-0.0114778555
0.0028099333
0.0157248527
0.0247801596
0.0288785280
0.0292148781
0.0264182961
0.0193976676
0.0093481490
-0.0008749754
-0.0098735233
-0.0168337180
-0.0198170131
-0.0194823609
-0.0168848252
-0.0131627424
-0.0078357261
-0.0003786967
0.0080222624
0.0157884640
0.0218239951
0.0244661885
0.0225959385
0.0168362530
0.0090620749
0.0023632874
-0.0006764845
-0.0012030578
-0.0012538131
-0.0014890866
-0.0014679569
-0.0011327081
-0.0004093601
0.0013135058
0.0045216856
0.0082148296
0.0107657740
0.0105894663
0.0063368507
-0.0016189616
-0.0103763064
-0.0160817718
-0.0179211594
-0.0165910929
-0.0126758651
-0.0077895592
-0.0034446477
-0.0004704322
0.0018122782
0.0043279593
0.0068104398
0.0090641972
0.0105443724
0.0107721057
0.0095401739
0.0069568402
0.0031847993
-0.0009716146
-0.0050382768
-0.0090200348
-0.0115545251
-0.0130737455
-0.0131792318
-0.0114016103
-0.0082981552
-0.0045891460
-0.0000214838
0.0038784600
0.0065618781
0.0078065439
0.0087199296
0.0101515149
0.0114790464
0.0118425743
0.0106195328
0.0072876369
0.0019826004
-0.0041310241
-0.0103456916
-0.0138485245
-0.0156956292
-0.0156883837
-0.0127065330
-0.0070204634
0.0000463195
0.0065891089
0.0115403467
0.0160848139
0.0200430191
0.0229196076
0.0242760206
0.0229747177
0.0179296724
0.0097418437
-0.0001522565
-0.0074551782
-0.0114937554
-0.0125772587
-0.0099260572
-0.0046617673
0.0018842981
0.0077673689
0.0110812190
0.0128806712
0.0146754483
0.0182477762
0.0241116510
0.0314716185
0.0396720811
0.0478887619
0.0538727200
0.0563815005
0.0556905246
0.0519352035
0.0451218042
0.0357010533
0.0274235321
0.0192621030
0.0112503757
0.0027400004
-0.0064839350
-0.0193608450
-0.0350688899
-0.0503469657
-0.0619991246
-0.0666534819
-0.0640860363
-0.0546380428
-0.0385667707
-0.0179070812
0.0029200181
0.0216643006
0.0388887184
0.0522638719
0.0626913621
0.0702019806
0.0757311560
0.0803591020
0.0844310531
0.0877607736
0.0893471661
0.0894168497
0.0863563130
0.0785770413
0.0667372555
0.0519556311
0.0331601724
0.0126320210
-0.0029163682
-0.0172941250
-0.0291644429
-0.0379580119
-0.0426135307
-0.0421614716
-0.0370435356
-0.0286677027
-0.0204374448
-0.0149523905
-0.0142439111
-0.0173141398
-0.0229795755
-0.0286798943
-0.0294588119
-0.0231296959
-0.0094481939
0.0095835817
0.0295964577
0.0509898942
0.0707760744
0.0839363113
0.0922658595
0.0953497419
0.0929416489
0.0832783260
0.0668679565
0.0509291775
0.0342176181
0.0151557935
-0.0055643644
-0.0271970545
-0.0487565467
-0.0709262302
-0.0918229382
-0.1117306344
-0.1276837569
-0.1392850148
-0.1460100126
-0.1479720009
-0.1463919165
-0.1423371210
-0.1376065951
-0.1341638009
-0.1329207564
-0.1330332995
-0.1329135050
-0.1309459751
-0.1243610519
-0.1105741932
-0.0888232421
-0.0618459621
-0.0340961434
-0.0066970006
0.0192692953
0.0417888412
0.0586071722
0.0732785528
0.0891458382
0.0887203085
0.0799561516
0.0666509469
0.0507429950
0.0378097191
0.0275306691
0.0175417316
0.0084884173
-0.0007783292
-0.0112133762
-0.0233988032
-0.0358678813
-0.0429109417
-0.0435037004
-0.0378515588
-0.0250695588
-0.0055152516
0.0172988943
0.0426284814
0.0691181708
0.0905321999
0.1097902822
0.1221484503
0.1316442259
0.1381021623
0.1410646585
0.1421007746
0.1395097474
0.1311608623
0.1160216584
0.0979797377
0.0788951569
0.0625752818
0.0453717101
0.0248811655
0.0030885646
-0.0231631995
-0.0504334807
-0.0777623563
-0.1041976723
-0.1259380707
-0.1448595258
-0.1594768691
-0.1702341420
-0.1758304659
-0.1760849113
-0.1692835681
-0.1543295386
-0.1340027387
-0.1147518487
-0.0965712682
-0.0778160633
-0.0613910143
-0.0465331801
-0.0327585367
-0.0179794826
-0.0015945234
0.0145606944
0.0332161079
0.0540633418
0.0786091122
0.1033736137
0.1247261538
0.1427000417
0.1502663128
0.1452426677
0.1258503472
0.0910099629
0.0527952595
0.0167674537
-0.0240178081
-0.0624932768
-0.0980767169
-0.1237662063
-0.1382214851
-0.1432797951
-0.1374836172
-0.1212430351
-0.0977494045
-0.0752379471
-0.0579572990
-0.0505902747
-0.0493078371
-0.0493302219
-0.0473856663
-0.0414456112
-0.0299597557
-0.0121313131
0.0081754955
0.0302852936
0.0575576972
0.0870975413
0.1155726060
0.1323543266
0.1389310551
0.1409554757
0.1405709189
0.1370331498
0.1276770361
0.1126603386
0.0961655470
0.0800429908
0.0652034500
0.0558137678
0.0502773588
0.0457600223
0.0396366674
0.0291146740
0.0128535170
-0.0074544354
-0.0329813414
-0.0604311257
-0.0890884171
-0.1140725221
-0.1282646893
-0.1330821134
-0.1246203904
-0.1007963228
-0.0635718397
-0.0187578166
0.0289243588
0.0711176538
0.1089623915
0.1421519466
0.1615122551
0.1693973492
0.1730995999
0.1754686064
0.1778212827
0.1777260721
0.1688532630
0.1443794636
0.1067054565
0.0664420730
0.0224263868
-0.0249026070
-0.0720971151
-0.1131574974
-0.1509807170
-0.1817263940
-0.2030331269
-0.2160684403
-0.2203896488
-0.2140805123
-0.1962870826
-0.1706352648
-0.1427595263
-0.1150025210
-0.0887204853
-0.0662378564
-0.0508329646
-0.0450943729
-0.0438871311
-0.0441516753
-0.0492290569
-0.0561664895
-0.0510862486
-0.0371634892
-0.0165889529
0.0107009718
0.0390370289
0.0661919313
0.0889234049
0.0985416280
0.0936987358
0.0814973264
0.0668347654
0.0574421827
0.0547366492
0.0549613464
0.0563343668
0.0577137719
0.0602980076
0.0658056059
0.0736200142
0.0830290686
0.0926800701
0.0984982968
0.0956484617
0.0825833765
0.0619922269
0.0410921408
0.0192796771
-0.0013438046
-0.0210042872
-0.0400195499
-0.0575062775
-0.0747307071
-0.0877975608
-0.0965847687
-0.0989016010
-0.0917595627
-0.0720231868
-0.0409201485
-0.0057747158
0.0262657880
0.0577298546
0.0846620347
0.0973520547
0.0986406707
0.0808008441
0.0443662972
0.0046910368
-0.0235888354
-0.0361375014
-0.0387096398
-0.0378458992
-0.0359789860
-0.0341631741
-0.0343791048
-0.0386135271
-0.0472310183
-0.0585875406
-0.0664110632
-0.0689206160
-0.0685477321
-0.0664915943
-0.0614888190
-0.0520095563
-0.0404541999
-0.0274566524
-0.0156889261
-0.0052137392
0.0037708047
0.0095748801
0.0101187836
0.0050384089
-0.0039730021
-0.0121184140
-0.0159723120
-0.0160685720
-0.0149639278
-0.0124622572
-0.0075568266
0.0011330294
0.0139404338
0.0282875438
0.0382700907
0.0428509973
0.0413158417
0.0357415135
0.0278765049
0.0199137743
0.0121493589
0.0052541793
-0.0012890381
-0.0052510936
-0.0071608446
-0.0079263501
-0.0073036370
-0.0056155447
-0.0030206596
-0.0010389276
-0.0009717042
-0.0016099576
-0.0020481141
-0.0010320642
0.0033872631
0.0121112098
0.0238398791
0.0357638393
0.0462870531
0.0556854958
0.0619931113
0.0665458909
0.0706753221
0.0751984479
0.0806142548
0.0863376246
0.0907087671
0.0911126608
0.0859067300
0.0741378069
0.0579951180
0.0437366983
0.0306552239
0.0186901787
0.0068232859
-0.0064435103
-0.0194612613
-0.0322066862
-0.0434912375
-0.0518435831
-0.0583646002
-0.0632375118
-0.0671801767
-0.0719530316
-0.0764618316
-0.0775090900
-0.0756144272
-0.0719394132
-0.0678140499
-0.0645903876
-0.0623510798
-0.0609827580
-0.0599088524
-0.0596785192
-0.0604673234
-0.0611689936
-0.0609045261
-0.0596799931
-0.0578909522
-0.0554836256
-0.0513440425
-0.0448379585
-0.0368814180
-0.0270243960
-0.0162219408
-0.0062368117
0.0028976232
0.0123758542
0.0218072817
0.0298015350
0.0360001151
0.0388598368
0.0375895024
0.0343998979
0.0306295494
0.0264792250
0.0229195958
0.0195633696
0.0161619257
0.0133366625
0.0113770855
0.0097562167
0.0078789865
0.0053607068
0.0028642547
0.0023405512
0.0064003560
0.0155332582
0.0286224437
0.0436523528
0.0585545322
0.0711298572
0.0803140612
0.0867996469
0.0931374350
0.0992910509
0.1053094264
0.1104357693
0.1124288853
0.1075050493
0.0945716673
0.0759531177
0.0555569231
0.0321850147
0.0080847713
-0.0187681689
-0.0459781107
-0.0730612484
-0.0943132131
-0.1102219432
-0.1255778030
-0.1352074042
-0.1417265937
-0.1434266495
-0.1376719751
-0.1221173815
-0.0980398707
-0.0735658944
-0.0556796299
-0.0416290995
-0.0348004724
-0.0358402673
-0.0410324912
-0.0493962857
-0.0569624212
-0.0607932210
-0.0635654138
-0.0672601773
-0.0730182120
-0.0827754486
-0.0940822904
-0.1014832545
-0.1000072238
-0.0860808800
-0.0615766604
-0.0327754977
-0.0078562598
0.0148255628
0.0323826992
0.0469171119
0.0603102111
0.0735880022
0.0842014863
0.0931502280
0.1051250773
0.1190686356
0.1332379877
0.1436094068
0.1455658534
0.1373589885
0.1204878347
0.1014513014
0.0839793477
0.0700977500
0.0539990525
0.0347893950
0.0135989193
-0.0072751033
-0.0248349102
-0.0408922633
-0.0512969855
-0.0551181345
-0.0534001391
-0.0446722507
-0.0282078263
-0.0078198910
0.0093936733
0.0236928243
0.0338361387
0.0407091699
0.0463072213
0.0490514522
0.0492099145
0.0461614988
0.0396163342
0.0296412627
0.0166482193
0.0018683116
-0.0125011432
-0.0258971783
-0.0368184316
-0.0458977564
-0.0542188977
-0.0605693138
-0.0643154262
-0.0633840713
-0.0567572673
-0.0459000851
-0.0331478156
-0.0206988998
-0.0097247647
-0.0013742891
0.0055824692
0.0116733174
0.0175825809
0.0235466303
0.0281482533
0.0314105540
0.0319570397
0.0301323139
0.0260757145
0.0192554765
0.0112087129
0.0034083604
-0.0041076736
-0.0121983025
-0.0215345370
-0.0287105209
-0.0331312260
-0.0323043434
-0.0257541147
-0.0136468430
0.0024471205
0.0190496859
0.0342066290
0.0463237578
0.0536828234
0.0566557839
0.0563244861
0.0540135964
0.0483513737
0.0385668827
0.0266481694
0.0122378430
-0.0028147304
-0.0153065565
-0.0272474778
-0.0358247506
-0.0400304859
-0.0391812833
-0.0349504395
-0.0292561753
-0.0232337320
-0.0189054432
-0.0160306234
-0.0140804318
-0.0120279727
-0.0088943449
-0.0047633603
-0.0000609367
0.0044114428
0.0080624218
0.0113424677
0.0146329307
0.0180926624
0.0210875538
0.0230800626
0.0237029821
0.0228647037
0.0201697348
0.0158076653
0.0099004122
0.0048667998
0.0005632218
-0.0027121475
-0.0044097019
-0.0046745609
-0.0039483387
-0.0023500729
-0.0002961342
0.0012423737
0.0022300520
0.0021749359
0.0006279942
-0.0017001849
-0.0040898955
-0.0069051376
-0.0107667409
-0.0162560575
-0.0229427470
-0.0300198415
-0.0359058889
-0.0409543359
-0.0438107621
-0.0449410395
-0.0449935616
-0.0440861303
-0.0408877474
-0.0359064313
-0.0311650166
-0.0269981320
-0.0233519878
-0.0193495907
-0.0138448458
-0.0076075329
-0.0014313147
0.0039753892
0.0083161067
0.0114385921
0.0132345837
0.0141833065
0.0146201200
0.0145436037
0.0148592374
0.0161180167
0.0181888400
0.0204787008
0.0235839540
0.0266121426
0.0286642067
0.0298306052
0.0293970930
0.0283700735
0.0269747744
0.0263361201
0.0271026279
0.0288103005
0.0304167846
0.0314429551
0.0317807614
0.0323055284
0.0325959003
0.0323951915
0.0318640575
0.0309768768
0.0291334214
0.0261519479
0.0227951439
0.0189169923
0.0145559074
0.0104174209
0.0076751531
0.0056203135
0.0036913654
0.0021052376
0.0009532015
-0.0002728780
-0.0017905973
-0.0030953749
-0.0042901067
-0.0053340743
-0.0062371360
-0.0072915868
-0.0090213377
-0.0115627610
-0.0145352617
-0.0179561781
-0.0219252250
-0.0250937358
-0.0273343170
-0.0288905664
-0.0297298882
-0.0295271160
-0.0289200492
-0.0289196778
-0.0294119730
-0.0298657830
-0.0301658823
-0.0297048387
-0.0288544688
-0.0275883615
-0.0263608395
-0.0256340372
-0.0252883783
-0.0249814049
-0.0246075896
-0.0235733777
-0.0218272553
-0.0200806435
-0.0178177424
-0.0151963126
-0.0123973429
-0.0088830729
-0.0045207117
0.0005735668
0.0061339901
0.0108502315
0.0143353488
0.0164194661
0.0178058455
0.0179826307
0.0163306578
0.0132091451
0.0090343547
0.0047631009
0.0017800457
-0.0006826316
-0.0027766267
-0.0038238214
-0.0048051457
-0.0057624728
-0.0063398810
-0.0064615856
-0.0061392311
-0.0054418386
-0.0043471576
-0.0023579073
-0.0001707195
0.0015708658
0.0030457486
0.0046241859
0.0067699443
0.0092897669
0.0117450998
0.0144895547
0.0168656298
0.0195746946
0.0223716775
0.0246224224
0.0265519683
0.0288292071
0.0310252780
0.0325091024
0.0332713537
0.0333773647
0.0323501330
0.0308917944
0.0298891406
0.0280055198
0.0255606867
0.0238103785
0.0226976517
0.0223938383
0.0229023164
0.0236159189
0.0239703089
0.0224624372
0.0190710567
0.0143184290
0.0078225322
0.0006780249
-0.0063879344
-0.0141047149
-0.0213723192
-0.0276261392
-0.0330445460
-0.0367921794
-0.0390230155
-0.0400821296
-0.0400879542
-0.0394682006
-0.0386227829
-0.0374272906
-0.0360601715
-0.0342944705
-0.0319277042
-0.0284168063
-0.0237917196
-0.0183226950
-0.0119335992
-0.0056781686
0.0003013330
0.0052646247
0.0088133893
0.0117977339
0.0134996762
0.0147440826
0.0157394320
0.0161659463
0.0160564688
0.0153332332
0.0140040156
0.0121098598
0.0098950179
0.0078044628
0.0055243553
0.0045812244
0.0050065968
0.0061317793
0.0076984046
0.0092914766
0.0104289641
0.0107564475
0.0102075565
0.0087078145
0.0069377450
0.0052359849
0.0026743781
-0.0006854655
-0.0039403787
-0.0069073837
-0.0095816422
-0.0114167851
-0.0119482846
-0.0110362195
-0.0092162867
-0.0068313685
-0.0035405529
0.0001863487
0.0037849831
0.0075334219
0.0108076844
0.0133952392
0.0151438848
0.0152355347
0.0130878119
0.0085873067
0.0017681647
-0.0065216302
-0.0148420110
-0.0216839087
-0.0272270090
-0.0314733459
-0.0340905369
-0.0349739268
-0.0339867307
-0.0314529125
-0.0278189364
-0.0236070993
-0.0192055779
-0.0150019296
-0.0116974826
-0.0096771594
-0.0083240949
-0.0076996603
-0.0074517824
-0.0072223984
-0.0071562815
-0.0066368557
-0.0052720848
-0.0036594678
-0.0013575161
0.0010770803
0.0039111676
0.0065264644
0.0079798627
0.0084291804
0.0088878718
0.0090290135
0.0085959789
0.0082133970
0.0079920956
0.0073680501
0.0064061924
0.0050110218
0.0032398393
0.0021968963
0.0011640675
-0.0000329750
-0.0008473938
-0.0011806978
-0.0008567027
-0.0001965113
0.0008248964
0.0020549658
0.0032671084
0.0048710775
0.0063459532
0.0071256490
0.0083001478
0.0091026116
0.0090679644
0.0088968446
0.0086224846
0.0085457619
0.0084584157
0.0081754543
0.0080027958
0.0079120715
0.0078927287
0.0069394488
0.0051414227
0.0022332573
-0.0007235298
-0.0044969709
-0.0089925210
-0.0134628948
-0.0170879098
-0.0197539501
-0.0214464892
-0.0214355533
-0.0201227013
-0.0181226818
-0.0161301789
-0.0137823310
-0.0108511158
-0.0081059593
-0.0054512035
-0.0027635943
-0.0000038093
0.0025261884
0.0043266853
0.0053201623
0.0054140566
0.0052281570
0.0051727656
0.0054234391
0.0061391309
0.0070552226
0.0077307998
0.0085902544
0.0101350077
0.0127756742
0.0157121422
0.0179056074
0.0195984354
0.0205032728
0.0207521706
0.0202336291
0.0189558253
0.0177003237
0.0172004176
0.0164140423
0.0149338908
0.0130469391
0.0113506505
0.0097121368
0.0076894731
0.0058767828
0.0048429081
0.0039538509
0.0029990040
0.0027976668
0.0029898473
0.0032082340
0.0035596428
0.0042203158
0.0052868840
0.0065300311
0.0082601770
0.0102568774
0.0129039816
0.0151663109
0.0172169542
0.0189578238
0.0199791955
0.0199162445
0.0188585217
0.0171510849
0.0150472593
0.0124705402
0.0099932529
0.0078825296
0.0061463292
0.0046348412
0.0035990930
0.0032667223
0.0033781347
0.0041480883
0.0056226516
0.0071804291
0.0084364494
0.0096146151
0.0109431783
0.0119453251
0.0125517198
0.0130291173
0.0129391182
0.0116456267
0.0090874605
0.0058095794
0.0017643769
-0.0028540014
-0.0082450376
-0.0133834720
-0.0181082617
-0.0216553573
-0.0242149679
-0.0260311394
-0.0267976649
-0.0272258889
-0.0270758274
-0.0266157801
-0.0259887161
-0.0256469894
-0.0257131181
-0.0254112855
-0.0249935494
-0.0243527551
-0.0233888046
-0.0220068232
-0.0204689498
-0.0186904911
-0.0169970205
-0.0153556829
-0.0136253425
-0.0118067361
-0.0099962773
-0.0080727918
-0.0057540046
-0.0036766941
-0.0019992165
-0.0011335670
-0.0008188955
-0.0005718846
-0.0002278739
0.0001284639
0.0000941063
-0.0000247467
-0.0000792195
-0.0003600891
-0.0012120554
-0.0027054262
-0.0046879511
-0.0064528309
-0.0082018185
-0.0092133449
-0.0091577100
-0.0081221540
-0.0061502202
-0.0039507947
-0.0018386106
0.0002051617
0.0019517627
0.0030015803
0.0035657610
0.0038845187
0.0040290214
0.0039369930
0.0034209152
0.0022099039
0.0005967852
-0.0006883106
-0.0014592494
-0.0017267979
-0.0020359879
-0.0022025323
-0.0022950051
-0.0029354257
-0.0039186524
-0.0052991382
-0.0064554603
-0.0066670461
-0.0059014580
-0.0044296513
-0.0029101946
-0.0020372949
-0.0004220142
0.0019625613
0.0042888810
0.0066689739
0.0089346871
0.0108141634
0.0122863090
0.0132546163
0.0137909147
0.0142661486
0.0144092181
0.0140221499
0.0135317530
0.0128206914
0.0120264045
0.0111593802
0.0103901252
0.0101855136
0.0105445079
0.0114284580
0.0129792599
0.0144598360
0.0159441438
0.0178386828
0.0198016262
0.0219857059
0.0240887179
0.0258520313
0.0271701420
0.0279465187
0.0280083496
0.0274625360
0.0265927939
0.0252534068
0.0235833055
0.0213959539
0.0188576846
0.0165389717
0.0145488565
0.0126580374
0.0108122946
0.0086203210
0.0064798908
0.0041731679
0.0017148933
-0.0007071571
-0.0029496330
-0.0045660885
-0.0054738937
-0.0060886663
-0.0063297586
-0.0061796205
-0.0056969743
-0.0050511866
-0.0045537654
-0.0048795315
-0.0056446126
-0.0066246346
-0.0076239280
-0.0087466947
-0.0103546997
-0.0123500324
-0.0144255837
-0.0166574574
-0.0189075714
-0.0212808580
-0.0237838375
-0.0261815192
-0.0283953942
-0.0300530503
-0.0315519198
-0.0333178684
-0.0345181477
-0.0348293009
-0.0340473413
-0.0328056998
-0.0310716807
-0.0286071157
-0.0255456063
-0.0219781421
-0.0181139625
-0.0141333842
-0.0100861762
-0.0056061056
-0.0011225090
0.0032601383
0.0080002254
0.0124889221
0.0162065008
0.0187863798
0.0206726181
0.0218648148
0.0220764065
0.0214628372
0.0200829545
0.0184730276
0.0165095006
0.0141066545
0.0114270548
0.0090193804
0.0073667649
0.0060192598
0.0049892171
0.0046142575
0.0047507731
0.0053632813
0.0064265905
0.0078235462
0.0091804898
0.0106374843
0.0121651822
0.0136836185
0.0153799837
0.0170630018
0.0184972282
0.0196541941
0.0205199037
0.0212890762
0.0217277822
0.0217876087
0.0214695520
0.0206170952
0.0194205771
0.0179451891
0.0159520967
0.0135679036
0.0112255620
0.0086943730
0.0057816823
0.0030250187
0.0006385812
-0.0018221306
-0.0037997210
-0.0054362692
-0.0071755831
-0.0082828979
-0.0088848533
-0.0092340318
-0.0091067207
-0.0086946501
-0.0082228533
-0.0078566430
-0.0076660565
-0.0076342214
-0.0079360599
-0.0087765549
-0.0097828698
-0.0112950923
-0.0135558652
-0.0164126215
-0.0185711565
-0.0201136578
-0.0213099047
-0.0221887728
-0.0228765358
-0.0232271056
-0.0232954686
-0.0230660728
-0.0226315879
-0.0215210188
-0.0200960364
-0.0188169002
-0.0177411847
-0.0167974259
-0.0160344554
-0.0150980363
-0.0137918580
-0.0127317063
-0.0122797769
-0.0120309204
-0.0120311268
-0.0127678923
-0.0140087909
-0.0157679539
-0.0174085487
-0.0174532123
-0.0171606060
-0.0174882663
-0.0181336944
-0.0181646099
-0.0174098103
-0.0159657091
-0.0141463954
-0.0122681099
-0.0104267887
-0.0080818059
-0.0058089757
-0.0038307391
-0.0015120421
0.0004434005
0.0022650854
0.0043487164
0.0060544907
0.0071795448
0.0080000662
0.0090656711
0.0105374983
0.0123017550
0.0135988485
0.0145436096
0.0154162935
0.0169161651
0.0188054278
0.0208607107
0.0232412428
0.0254520876
0.0267348023
0.0277864763
0.0293806095
0.0308189745
0.0321186325
0.0327827726
0.0328488011
0.0319215966
0.0302766451
0.0284899623
0.0261943594
0.0236765766
0.0206626195
0.0173836643
0.0143180517
0.0123331539
0.0102969956
0.0084454635
0.0067784396
0.0047658045
0.0025387256
0.0009680066
-0.0004134944
-0.0019042989
-0.0033454524
-0.0046222410
-0.0055913264
-0.0060302783
-0.0060524450
-0.0057825331
-0.0053237450
-0.0044724348
-0.0034648047
-0.0024065484
-0.0011188763
-0.0001527004
0.0002359781
0.0002417019
0.0000257911
-0.0005804535
-0.0015234090
-0.0026967841
-0.0040407827
-0.0054603926
-0.0068106933
-0.0078570203
-0.0086864260
-0.0088977053
-0.0089549378
-0.0093229167
-0.0095644099
-0.0096056777
-0.0095149063
-0.0089060178
-0.0075631819
-0.0059497472
-0.0048245422
-0.0039342357
-0.0030184930
-0.0022386357
-0.0015925072
-0.0010289591
-0.0005815388
-0.0004213487
-0.0005049849
-0.0009352482
-0.0016585492
-0.0021787467
-0.0022663476
-0.0020897298
-0.0017648521
-0.0014811025
-0.0014095029
-0.0012483752
-0.0012924061
-0.0013089415
-0.0012817402
-0.0011786256
-0.0009728673
-0.0006213643
-0.0002032138
0.0003566724
0.0011068626
0.0019566978
0.0024909139
0.0030439323
0.0033860646
0.0032093471
0.0026067667
0.0017139212
0.0007869124
-0.0001240601
-0.0011786061
-0.0025538202
-0.0040567904
-0.0054202632
-0.0065113486
-0.0073281972
-0.0083964668
-0.0098545106
-0.0112256150
-0.0123033939
-0.0123990526
-0.0119431026
-0.0108274045
-0.0093292071
-0.0080294429
-0.0066474616
-0.0051240620
-0.0035608242
-0.0022449261
-0.0011642148
-0.0004185812
-0.0000811280
-0.0003074887
-0.0005209103
-0.0005481912
-0.0003054272
0.0003583498
0.0010507332
0.0023741679
0.0041189898
0.0060837908
0.0075149929
0.0082304347
0.0090370135
0.0099937010
0.0107935944
0.0114222501
0.0115856057
0.0106516450
0.0093858324
0.0083590900
0.0072044174
0.0055135555
0.0034667820
0.0015305554
-0.0000310952
-0.0012554072
-0.0022486791
-0.0035522906
-0.0050456137
-0.0062910907
-0.0073909655
-0.0080175519
-0.0086129989
-0.0089532399
-0.0088381559
-0.0084896848
-0.0080584719
-0.0079676356
-0.0078375654
-0.0074884223
-0.0072814939
-0.0070224029
-0.0067198747
-0.0067197038
-0.0067495816
-0.0069451732
-0.0073444626
-0.0077521058
-0.0079037884
-0.0079423620
-0.0081456118
-0.0086218655
-0.0092020670
-0.0095407753
-0.0089138056
-0.0075016398
-0.0057867211
-0.0040951070
-0.0025273823
-0.0006696441
0.0012548754
0.0032529394
0.0049433468
0.0061854864
0.0069889760
0.0075316474
0.0077419834
0.0078889792
0.0080833505
0.0081550621
0.0082039880
0.0081444150
0.0077754692
0.0072124293
0.0068392329
0.0065349833
0.0067344776
0.0074067003
0.0080832326
0.0079127259
0.0073543846
0.0067083374
0.0063369038
0.0063744457
0.0065451351
0.0063823573
0.0061212325
0.0059734643
0.0059829382
0.0063746638
0.0066068894
0.0059050659
0.0054697922
0.0053624960
0.0051560315
0.0050256466
0.0049268586
0.0046221090
0.0038683364
0.0026091550
0.0011458088
-0.0003338027
-0.0021838427
-0.0044076574
-0.0064916934
-0.0083341584
-0.0097928271
-0.0105697874
-0.0109140668
-0.0110584805
-0.0108791956
-0.0106751146
-0.0100829691
-0.0089738444
-0.0076605031
-0.0065308034
-0.0059800967
-0.0049888227
-0.0037804060
-0.0027495533
-0.0021822427
-0.0019964451
-0.0022125498
-0.0030685196
-0.0040387098
-0.0047151542
-0.0056279705
-0.0063931813
-0.0070958891
-0.0080948583
-0.0091801243
-0.0097475151
-0.0102889543
-0.0106711824
-0.0103788768
-0.0098942338
-0.0088473055
-0.0075295958
-0.0059978241
-0.0043215150
-0.0027516774
-0.0009258150
0.0005479290
0.0018041538
0.0028969848
0.0037593228
0.0041401260
0.0044406522
0.0047293993
0.0047763921
0.0043424932
0.0037494887
0.0027777899
0.0016528938
0.0009076949
0.0008837755
0.0010928593
0.0013203998
0.0016194504
0.0018342215
0.0021867385
0.0025625672
0.0029729865
0.0031416131
0.0034399992
0.0039083874
0.0043865695
0.0047456423
0.0053669529
0.0058806926
0.0062085021
0.0061751164
0.0059428260
0.0061153784
0.0060485010
0.0057374380
0.0050492535
0.0041751582
0.0034211339
0.0028142010
0.0016101969
0.0000709047
-0.0011778020
-0.0019050216
-0.0021488476
-0.0018551873
-0.0013231878
-0.0006229484
0.0005185533
0.0019183246
0.0030815638
0.0036564169
0.0038535478
0.0040146490
0.0042208535
0.0044654405
0.0046131161
0.0045959422
0.0047026849
0.0044747995
0.0039511555
0.0035900530
0.0036623194
0.0040816224
0.0046629982
0.0050668560
0.0052258855
0.0053827054
0.0054109308
0.0050703914
0.0046146065
0.0041168451
0.0034408140
0.0026998574
0.0016777800
0.0005767788
-0.0005239578
-0.0017789262
-0.0027610888
-0.0036932260
-0.0044520692
-0.0047782091
-0.0048204749
-0.0044130865
-0.0034834436
-0.0025371209
-0.0016541984
-0.0009986261
-0.0002063113
0.0003996607
0.0006383277
0.0007442356
0.0006106518
0.0001969695
-0.0000787938
-0.0001467116
-0.0000952260
0.0002272061
0.0008894451
0.0016310295
0.0022697121
0.0029232499
0.0036718681
0.0041059645
0.0041653483
0.0038530768
0.0036367457
0.0032028787
0.0029096793
0.0025783161
0.0021857552
0.0015344853
0.0008226408
-0.0001375280
-0.0009416418
-0.0013936785
-0.0018635381
-0.0022993400
-0.0029846965
-0.0035606615
-0.0042279008
-0.0045929892
-0.0050829274
-0.0057138157
-0.0063297114
-0.0065377659
-0.0065561477
-0.0064891407
-0.0062335044
-0.0057115766
-0.0049213976
-0.0042402741
-0.0038735544
-0.0036047361
-0.0034629099
-0.0031170995
-0.0026053795
-0.0020419240
-0.0011387202
-0.0005712375
-0.0004712013
-0.0005342308
-0.0006480645
-0.0007930489
-0.0006633318
-0.0004352416
0.0000724113
0.0005735908
0.0012108751
0.0015924076
0.0015734215
0.0015422761
0.0015001888
0.0014811856
0.0011850415
0.0006449866
0.0001395694
-0.0003829474
-0.0007981914
-0.0011510734
-0.0016559965
-0.0020586480
-0.0018674061
-0.0014614366
-0.0007781665
-0.0001254825
0.0007278635
0.0017596011
0.0026335802
0.0029519375
0.0028211063
0.0022817482
0.0014244984
0.0003769647
-0.0006345010
-0.0015014216
-0.0025393534
-0.0033970849
-0.0039848678
-0.0042056675
-0.0051193427
-0.0053480588
-0.0050961473
-0.0048469977
-0.0044802686
-0.0040881781
-0.0035560047
-0.0031535613
-0.0027833044
-0.0026852940
-0.0027659478
-0.0029212832
-0.0030346081
-0.0030891564
-0.0031250783
-0.0030112918
-0.0024700477
-0.0014807258
-0.0001237035
0.0013968620
0.0027972960
0.0041445576
0.0050800711
0.0057364558
0.0063886831
0.0069002267
0.0071346041
0.0070795411
0.0070919451
0.0068115894
0.0060845159
0.0046881516
0.0032546910
0.0018229005
0.0008230382
0.0004765829
0.0000527217
-0.0004440750
-0.0011765368
-0.0020977210
-0.0025440509
-0.0024679118
-0.0020817256
-0.0016488578
-0.0012032695
-0.0007109720
-0.0003831761
0.0001689475
0.0009121595
0.0014700079
0.0015789714
0.0016107558
0.0015306020
0.0013528764
0.0010965074
0.0006073108
0.0002234591
0.0003106230
0.0006376326
0.0005579799
0.0004519054
0.0001758074
0.0004474124
0.0013007505
0.0023265160
0.0032529890
0.0045107030
0.0057933151
0.0066876328
0.0076013251
0.0082638616
0.0087013945
0.0088942034
0.0087866360
0.0086578098
0.0085725977
0.0082431393
0.0077020067
0.0069817011
0.0062994916
0.0055045397
0.0049373636
0.0041452751
0.0030969130
0.0021248009
0.0014066065
0.0007627748
-0.0000122101
-0.0006797323
-0.0012410036
-0.0014223401
-0.0014905605
-0.0013981430
-0.0010581849
-0.0007114418
-0.0003913898
0.0002848394
0.0007506486
0.0012793266
0.0017635522
0.0019196299
0.0018676719
0.0016825677
0.0012513388
0.0007480723
0.0002402613
-0.0001093807
-0.0004873258
-0.0006324671
-0.0003463777
0.0001502849
0.0009168805
0.0015732069
0.0022455021
0.0028513455
0.0032836515
0.0034563914
0.0035528866
0.0036075912
0.0035962555
0.0035486048
0.0034213633
0.0031028456
0.0027577089
0.0025719627
0.0024726394
0.0021988883
0.0015526473
0.0015802713
0.0018710783
0.0021956306
0.0020489018
0.0017226741
0.0012611711
0.0008980270
0.0010241520
0.0010581561
0.0005305595
-0.0002998993
-0.0009846752
-0.0018444276
-0.0028524468
-0.0037900726
-0.0047195375
-0.0055197121
-0.0060845454
-0.0061644575
-0.0060496447
-0.0061885461
-0.0058606813
-0.0056372227
-0.0051009001
-0.0044384455
-0.0039272750
-0.0036021262
-0.0036214601
-0.0034638001
-0.0030291655
-0.0026146088
-0.0028358760
-0.0033122884
-0.0038671426
-0.0043341577
-0.0047142051
-0.0049511576
-0.0053668197
-0.0057325819
-0.0059795189
-0.0061868836
-0.0059994689
-0.0056501643
-0.0050005475
-0.0041651284
-0.0035021792
-0.0032476236
-0.0023303669
-0.0013111523
-0.0003192400
0.0006098376
0.0012512327
0.0015084294
0.0015725094
0.0010986203
0.0003093614
-0.0008000113
-0.0019945156
-0.0027297141
-0.0027532367
-0.0029702333
-0.0037106829
-0.0048682465
-0.0056526969
-0.0058355834
-0.0058074110
-0.0054282356
-0.0049756371
-0.0042606639
-0.0034119843
-0.0026847953
-0.0019515428
-0.0014298108
-0.0010914261
-0.0008661895
-0.0006176366
-0.0006383424
-0.0006978748
-0.0004928938
-0.0001923921
-0.0001033774
0.0001409186
0.0004962144
0.0005973458
0.0009504778
0.0015437765
0.0023721258
0.0031857101
0.0034268625
0.0027117119
0.0022738212
0.0013427092
0.0006174362
-0.0002078326
-0.0012408468
-0.0019446370
-0.0020946153
-0.0018464980
-0.0015505314
-0.0011026421
-0.0009141757
-0.0008963616
-0.0010213481
-0.0014901018
-0.0020891968
-0.0024850769
-0.0020611153
-0.0013066618
-0.0008892948
-0.0010634867
-0.0012274212
-0.0017944151
-0.0021830433
-0.0023091906
-0.0022408052
-0.0021022085
-0.0020732680
-0.0021063795
-0.0021391585
-0.0023009949
-0.0026787619
-0.0028591959
-0.0028403553
-0.0029682100
-0.0032967735
-0.0041851256
-0.0044022118
-0.0043731793
-0.0038629232
-0.0027905852
-0.0019555540
-0.0015114154
-0.0012674397
-0.0011017484
-0.0010803251
-0.0011402949
-0.0010314688
-0.0009174942
-0.0010481073
-0.0009683886
-0.0007605629
-0.0006590135
-0.0005834029
-0.0001024154
0.0004372424
0.0009868960
0.0016824108
0.0022342059
0.0026670147
0.0033971208
0.0040406029
0.0044453148
0.0048399179
0.0048988248
0.0050582139
0.0050585629
0.0048606692
0.0046424599
0.0044754627
0.0039689997
0.0034562770
0.0029878635
0.0024998160
0.0021127271
0.0017689058
0.0017032051
0.0016470119
0.0013942037
0.0011542381
0.0009089636
0.0007830067
0.0006176195
0.0003201410
-0.0001515922
-0.0004223266
-0.0007887771
-0.0012175599
-0.0019265681
-0.0025810840
-0.0032840589
-0.0043027175
-0.0053889433
-0.0062789108
-0.0069884396
-0.0075865984
-0.0078218247
-0.0076957988
-0.0074767141
-0.0068586052
-0.0059085147
-0.0048623081
-0.0038073744
-0.0025263246
-0.0011491934
-0.0000527486
0.0010559482
0.0017758553
0.0021115881
0.0025852544
0.0031425340
0.0036815372
0.0040320198
0.0042063773
0.0037844897
0.0032311253
0.0027805153
0.0030159492
0.0035411289
0.0041287432
0.0045177734
0.0046500072
0.0046373026
0.0045801143
0.0046927983
0.0047109815
0.0048359191
0.0048629825
0.0048475407
0.0049460475
0.0051847197
0.0051494181
0.0047454548
0.0041459790
0.0031899524
0.0019413621
0.0008942015
0.0001516810
-0.0004003557
-0.0011068668
-0.0017405118
-0.0020758196
-0.0029546370
-0.0037791791
-0.0040852746
-0.0039677587
-0.0036603256
-0.0032388931
-0.0026112743
-0.0017696114
-0.0009224605
-0.0004891814
-0.0002005999
-0.0000263778
-0.0001343352
-0.0004767916
-0.0008014445
-0.0009288104
-0.0010642165
-0.0012201156
-0.0019551526
-0.0025161008
-0.0030416036
-0.0035797726
-0.0042807077
-0.0051187832
-0.0059961380
-0.0064218093
-0.0064485037
-0.0065010022
-0.0063215345
-0.0058393806
-0.0049579456
-0.0039218760
-0.0027792590
-0.0017580506
-0.0004429496
0.0009186515
0.0021193583
0.0031813121
0.0042052931
0.0050785088
0.0053020635
0.0053656035
0.0052095894
0.0048524805
0.0041777982
0.0034539943
0.0029334967
0.0022492857
0.0014453239
0.0007597711
0.0003843104
0.0001402119
-0.0000448688
-0.0002022276
-0.0001600518
0.0000941523
0.0004183103
0.0006683365
0.0008159436
0.0009648048
0.0007965101
0.0008091940
0.0008665238
0.0009086547
0.0008254305
0.0010611727
0.0007791434
0.0008243640
0.0008970667
0.0008249683
0.0008718980
0.0008014003
0.0006466455
0.0002262466
-0.0005129951
-0.0005390680
0.0001228555
0.0007060434
0.0009337184
0.0009072510
0.0008528064
0.0006252323
0.0002259939
-0.0000238966
-0.0003759158
-0.0008118882
-0.0012932627
-0.0014902810
-0.0014477841
-0.0013698416
-0.0009699031
-0.0005900238
-0.0002995275
0.0004054897
0.0014658823
0.0021365705
0.0028770660
0.0035137837
0.0040959813
0.0046101731
0.0045543484
0.0036177620
0.0022246848
0.0011732831
0.0004292078
-0.0006686124
-0.0015984810
-0.0024138416
-0.0030116744
-0.0031091548
-0.0029853868
-0.0029736963
-0.0025466154
-0.0018168548
-0.0011572347
-0.0006082682
0.0003720055
0.0015150122
0.0026029677
0.0034862233
0.0039095393
0.0041721622
0.0043919349
0.0042809800
0.0042349028
0.0043594448
0.0040592105
0.0037030530
0.0034538516
0.0032715883
0.0030532464
0.0028729663
0.0029546046
0.0031962499
0.0033790508
0.0033769326
0.0036376831
0.0039414323
0.0041340650
0.0043056411
0.0045558930
0.0047406725
0.0048199449
0.0050366314
0.0051987407
0.0051580059
0.0050528986
0.0047660887
0.0044284516
0.0039887293
0.0034623098
0.0026071081
0.0019459375
0.0014504777
0.0008571489
0.0003414462
0.0003307024
0.0001840890
-0.0001729227
-0.0002399475
-0.0004585829
-0.0006639638
-0.0010029050
-0.0014828345
-0.0019702707
-0.0022435619
-0.0024285618
-0.0024329763
-0.0025390610
-0.0027432729
-0.0026772934
-0.0026505123
-0.0031096978
-0.0035473385
-0.0039500625
-0.0038379391
-0.0034572468
-0.0032793001
-0.0031377994
-0.0033764557
-0.0036836884
-0.0037064287
-0.0037118124
-0.0036586029
-0.0035823359
-0.0035043463
-0.0031747517
-0.0024212492
-0.0017716294
-0.0017970787
-0.0016579656
-0.0013882588
-0.0008706706
-0.0005922451
-0.0004576066
-0.0007219315
-0.0013687474
-0.0019401116
-0.0020826341
-0.0022651791
-0.0031079174
-0.0040798874
-0.0049584732
-0.0053121747
-0.0053330526
-0.0051094201
-0.0051694312
-0.0047891822
-0.0044115448
-0.0042366673
-0.0041306792
-0.0037932821
-0.0034393607
-0.0031994027
-0.0029979075
-0.0025691340
-0.0021928432
-0.0018873419
-0.0016708423
-0.0014267723
-0.0009553993
-0.0003447511
-0.0000065128
0.0003350458
0.0006914765
0.0008184787
0.0008615681
0.0008587024
0.0008709471
0.0009941256
0.0011406144
0.0010012437
0.0007811095
0.0005527374
0.0002787100
0.0000814046
-0.0003142648
-0.0004460628
-0.0006576003
-0.0009051964
-0.0010626943
-0.0011331697
-0.0011557432
-0.0010659480
-0.0008141408
-0.0007866241
-0.0007018088
-0.0003445396
0.0000911069
0.0002799359
0.0007727852
0.0011142289
0.0012917517
0.0014632630
0.0015374177
0.0016189286
0.0014800820
0.0013478795
0.0012001367
0.0008136745
0.0002762956
-0.0001274444
-0.0004304877
-0.0005102706
-0.0004141705
-0.0006393175
-0.0008718910
-0.0011413177
-0.0007520776
-0.0000756631
0.0000571686
0.0002647020
0.0005191981
0.0001585016
0.0000406511
0.0002236141
0.0005414705
0.0004173837
-0.0000869084
-0.0009434210
-0.0015087761
-0.0016382201
-0.0019794033
-0.0024585016
-0.0030822913
-0.0031859695
-0.0029106226
-0.0027714718
-0.0025066069
-0.0022449361
-0.0016443732
-0.0005529508
0.0003885694
0.0012125294
0.0016845120
0.0019805552
0.0023158124
0.0026591603
0.0032464928
0.0037168996
0.0036189351
0.0029465226
0.0020921027
0.0017844201
0.0013393647
0.0010691569
0.0008011527
0.0003937359
0.0000856797
-0.0001472717
-0.0002604858
-0.0003602587
-0.0003511367
-0.0000580583
0.0002988177
0.0005710248
0.0011586343
0.0014730853
0.0016570713
0.0017918064
0.0020785167
0.0024699027
0.0027957231
0.0027968815
0.0027106472
0.0027713456
0.0028992975
0.0032610857
0.0032337605
0.0033806049
0.0035551505
0.0033524838
0.0032025403
0.0028677059
0.0024571398
0.0019110025
0.0013005483
0.0007327714
0.0002818028
-0.0001894716
-0.0006220812
-0.0009103685
-0.0012268847
-0.0014168527
-0.0012616098
-0.0010342113
-0.0006437686
-0.0003055089
0.0000710886
0.0004527491
0.0008092270
0.0011622080
0.0015533671
0.0017913596
0.0018511501
0.0021086970
0.0021074655
0.0018315626
0.0016637036
0.0013903729
0.0013222940
0.0011708973
0.0011313079
0.0008612191
0.0006354289
0.0004247524
0.0002080117
0.0000321838
0.0000410282
0.0000731987
0.0000138511
-0.0000738093
-0.0002430932
-0.0003996070
-0.0007749983
-0.0005949989
-0.0000046589
0.0005974602
0.0011401097
0.0015565866
0.0017573272
0.0016547703
0.0018921095
0.0022228402
0.0024328743
0.0027941095
0.0031998254
0.0035559310
0.0037833619
0.0036153696
0.0033966710
0.0031570555
0.0029048174
0.0026728258
0.0025308753
0.0022588003
0.0020700745
0.0018919291
0.0017642337
0.0018145414
0.0017272719
0.0013102486
0.0005482578
-0.0000096980
-0.0001279745
-0.0000094214
0.0002015061
0.0002434970
0.0004044662
0.0005500574
0.0004258308
0.0000657598
-0.0000878488
-0.0002769067
-0.0004840335
-0.0008047206
-0.0010562713
-0.0012787211
-0.0014838692
-0.0013665832
-0.0014333032
-0.0016509318
-0.0017754526
-0.0020460166
-0.0024851299
-0.0027217989
-0.0027550448
-0.0028541924
-0.0029803062
-0.0031765080
-0.0031643758
-0.0030678163
-0.0028921293
-0.0028145724
-0.0029367923
-0.0029471298
-0.0027837642
-0.0026125607
-0.0025762280
-0.0026262469
-0.0026737373
-0.0025691783
-0.0022412786
-0.0020510672
-0.0018989730
-0.0020811007
-0.0020881003
-0.0015495923
-0.0011428299
-0.0007909065
-0.0004643971
-0.0004614117
-0.0000553584
0.0000156693
0.0000406963
0.0000635668
0.0002200433
0.0003819367
0.0000765902
0.0000117778
-0.0000592437
-0.0003626084
-0.0007747218
-0.0011029581
-0.0015222075
-0.0016602972
-0.0017267484
-0.0019722469
-0.0022337785
-0.0025417210
-0.0026359260
-0.0027756333
-0.0029235205
-0.0032949158
-0.0041337666
-0.0043098044
-0.0038313776
-0.0034907120
-0.0032691913
-0.0029582332
-0.0029880981
-0.0029161560
-0.0029019151
-0.0031237011
-0.0033010158
-0.0033801032
-0.0035437128
-0.0037480573
-0.0040765088
-0.0041802967
-0.0042195176
-0.0042351339
-0.0040403965
-0.0035203063
-0.0029734033
-0.0024780325
-0.0017244492
-0.0008406801
0.0001781420
0.0011260634
0.0011817666
0.0007461740
0.0005802658
0.0009863920
0.0013890052
0.0015498576
0.0014170926
0.0011107742
0.0008399774
0.0007012652
0.0006147986
0.0005357004
0.0003099376
0.0003159004
0.0004325829
0.0003762920
0.0002265938
-0.0000095856
-0.0000804726
0.0001126405
0.0005141597
0.0007174469
0.0007706923
0.0007954117
0.0007002530
0.0006136289
0.0005875008
0.0005930729
0.0004691143
0.0003000825
0.0000442914
-0.0001281648
-0.0004017291
-0.0005618188
-0.0008584831
-0.0010452941
-0.0009097807
-0.0008137529
-0.0007076369
-0.0004202822
-0.0001702232
0.0000201890
0.0003153637
0.0007463632
0.0012022667
0.0012526311
0.0014193335
0.0018260911
0.0020718761
0.0021764428
0.0020281470
0.0019207388
0.0018164728
0.0017951739
0.0017004956
0.0012036055
0.0012627971
0.0014282166
0.0015210391
0.0017665842
0.0020393052
0.0021262140
0.0022081724
0.0023371171
0.0026527579
0.0028827267
0.0030231598
0.0031356140
0.0028140236
0.0026121233
0.0025976224
0.0024380670
0.0019529913
0.0012224732
0.0005106659
0.0003206099
0.0004890496
0.0006574689
0.0004038906
0.0001345273
0.0002110588
0.0004417010
0.0004652673
0.0002193410
-0.0000708001
0.0001100833
0.0004165826
0.0004307884
0.0002542712
0.0001020846
0.0000299848
-0.0001528155
-0.0000564095
0.0001895308
0.0005155427
0.0010514117
0.0015185778
0.0016111827
0.0022477223
0.0029554311
0.0032871829
0.0031691122
0.0029308120
0.0029468333
0.0030450730
0.0029141716
0.0028559911
0.0029604452
0.0032226330
0.0036175539
0.0038593430
0.0040724474
0.0041347606
0.0042524369
0.0044674768
0.0044976889
0.0045271258
0.0043796873
0.0039921309
0.0037356499
0.0036081849
0.0033235651
0.0030008428
0.0029381623
0.0027049269
0.0024617128
0.0022923935
0.0022090561
0.0023083553
0.0021927053
0.0020275958
0.0018147024
0.0016372144
0.0013690805
0.0011341937
0.0008295850
0.0005610012
0.0002991041
-0.0000124052
-0.0005071320
-0.0010660064
-0.0014739390
-0.0020682882
-0.0026102432
-0.0031668336
-0.0036054795
-0.0036793836
-0.0036752120
-0.0037672038
-0.0036243624
-0.0034254594
-0.0032695084
-0.0033957802
-0.0035439197
-0.0035703435
-0.0035099776
-0.0032221189
-0.0030648450
-0.0029004695
-0.0026710047
-0.0025688027
-0.0020163368
-0.0014794429
-0.0010428610
-0.0005561203
-0.0000843460
0.0003302338
0.0003796501
0.0005029126
0.0006027902
0.0006982774
0.0003930489
-0.0001401867
-0.0010206684
-0.0015992905
-0.0017313332
-0.0014475229
-0.0011171702
-0.0008938012
-0.0006727468
-0.0003209486
0.0003823670
0.0010081707
0.0016662645
0.0020649756
0.0023446509
0.0026886786
0.0030207522
0.0029693030
0.0026219556
0.0021769032
0.0015996589
0.0009656803
0.0003362196
0.0000662127
-0.0001980785
-0.0003472437
-0.0001886345
0.0002469591
0.0006423283
0.0009036972
0.0008709459
0.0006875967
0.0004542975
0.0002397665
0.0001648324
-0.0000029269
-0.0002893555
-0.0003160315
-0.0003868248
-0.0004822945
-0.0004768182
-0.0008169034
-0.0009502255
-0.0008836482
-0.0007344433
-0.0006699777
-0.0005627830
-0.0007249193
-0.0010325683
-0.0012285826
-0.0013029701
-0.0013764686
-0.0017448213
-0.0020596839
-0.0025034452
-0.0028133385
-0.0030244114
-0.0030124196
-0.0029314021
-0.0034287537
-0.0038832736
-0.0040762364
-0.0043221623
-0.0046372589
-0.0047759140
-0.0049475154
-0.0053162767
-0.0053512387
-0.0051889438
-0.0051997771
-0.0049869397
-0.0046618610
-0.0042461229
-0.0039231082
-0.0034405115
-0.0027956028
-0.0021945358
-0.0015779055
-0.0010801500
-0.0006320184
-0.0003453735
0.0000238966
0.0003633927
0.0003842190
0.0002751629
0.0001397923
-0.0003521959
-0.0007672960
-0.0009358767
-0.0011515557
-0.0011588606
-0.0012463536
-0.0013235020
-0.0012347474
-0.0010987317
-0.0008284525
-0.0005350166
-0.0000837557
0.0004720379
0.0011506472
0.0017233137
0.0020147267
0.0019372494
0.0018030843
0.0019969574
0.0023661649
0.0028931351
0.0031787288
0.0030738290
0.0026437898
0.0023480325
0.0022206836
0.0018455966
0.0013737013
0.0011412364
0.0008540869
0.0005016572
0.0004605862
0.0005595172
0.0006670925
0.0008602871
0.0010568874
0.0013989059
0.0019818422
0.0024192919
0.0026032967
0.0027137175
0.0031383111
0.0035663370
0.0033566660
0.0026331616
0.0020823894
0.0018315373
0.0020708739
0.0024457923
0.0026410526
0.0026931956
0.0024204621
0.0025232708
0.0026452719
0.0027119683
0.0022350566
0.0024286391
0.0025500483
0.0026059543
0.0025824518
0.0023512732
0.0023820230
0.0025294050
0.0026752648
0.0025297876
0.0022916825
0.0017235849
0.0014737957
0.0013820144
0.0010834520
0.0007702879
0.0002230831
-0.0004760029
-0.0012057662
-0.0017462987
-0.0024412470
-0.0030095197
-0.0036469430
-0.0043923512
-0.0047733831
-0.0052184302
-0.0055197705
-0.0056926235
-0.0056683156
-0.0057197223
-0.0055109545
-0.0050119374
-0.0044266388
-0.0038240525
-0.0030973263
-0.0023730095
-0.0017264512
-0.0011901009
-0.0008167301
-0.0004901522
-0.0003913390
-0.0003084303
-0.0005033480
-0.0006378985
-0.0009083080
-0.0015212307
-0.0018294845
-0.0017356769
-0.0018641123
-0.0020478306
-0.0021513532
-0.0021100359
-0.0018987419
-0.0015381829
-0.0007060835
-0.0000047883
0.0006713425
0.0015167319
0.0020686944
0.0024207156
0.0025343376
0.0026234018
0.0028665851
0.0033908540
0.0039984195
0.0042842997
0.0044018876
0.0044795606
0.0042776344
0.0040120845
0.0040254423
0.0039312538
0.0038619959
0.0037482018
0.0033606077
0.0030005209
0.0031038213
0.0033302753
0.0036145301
0.0037286526
0.0036542869
0.0034215413
0.0031303163
0.0027891538
0.0025132805
0.0026659011
0.0030469395
0.0034791895
0.0033113056
0.0027087382
0.0022418646
0.0021204236
0.0019533221
0.0017350096
0.0016229528
0.0014094763
0.0015274344
0.0014274043
0.0013690905
0.0012810274
0.0012496639
0.0012215959
0.0008065570
0.0005201052
0.0002384540
-0.0003907400
-0.0010265491
-0.0014137493
-0.0015891810
-0.0016253800
-0.0015702674
-0.0012597639
-0.0010667757
-0.0010026450
-0.0011228704
-0.0014093502
-0.0015303420
-0.0017564517
-0.0016589808
-0.0016734534
-0.0015831895
-0.0012767244
-0.0011055745
-0.0010419926
-0.0008488246
-0.0005675672
-0.0003469071
-0.0000900047
0.0000968617
0.0001177812
-0.0000320575
-0.0002778778
-0.0008244307
-0.0014480741
-0.0021172966
-0.0027506221
-0.0030764984
-0.0036215503
-0.0041387329
-0.0043540346
-0.0046057227
-0.0047376228
-0.0045059337
-0.0044116156
-0.0041429051
-0.0037862300
-0.0035005715
-0.0028212183
-0.0026203592
-0.0025984354
-0.0025669133
-0.0026665543
-0.0028414330
-0.0029091599
-0.0029630197
-0.0031006649
-0.0030293801
-0.0030256518
-0.0028718993
-0.0028632377
-0.0030227448
-0.0033443234
-0.0036001837
-0.0037186682
-0.0033140912
-0.0026482921
-0.0022321130
-0.0020604780
-0.0019281216
-0.0019096083
-0.0017059518
-0.0015068530
-0.0013766791
-0.0008799364
-0.0003547985
0.0001354852
0.0004450267
0.0007013501
0.0009751247
0.0012976212
0.0013502824
0.0014940211
0.0018899913
0.0021766633
0.0023507691
0.0023709626
0.0020530350
0.0022446331
0.0022015973
0.0016692865
0.0010290139
0.0006040542
0.0006399625
0.0006967529
0.0010360530
0.0014727410
0.0017827405
0.0021099775
0.0024019158
0.0028893396
0.0029070099
0.0030947524
0.0033377606
0.0034416128
0.0035443088
0.0033897940
0.0032813847
0.0031596353
0.0031260805
0.0031490154
0.0032141383
0.0030738485
0.0029374272
0.0028979799
0.0028778854
0.0028496005
0.0029464295
0.0029137141
0.0028637719
0.0027271390
0.0025799604
0.0023604376
0.0020902432
0.0018943186
0.0016827481
0.0016803728
0.0017074657
0.0017319575
0.0016321956
0.0013474361
0.0011410984
0.0009719376
0.0007289405
0.0006466320
0.0008400311
0.0008232604
0.0007664135
0.0005018543
0.0002723815
0.0000453917
0.0001083468
-0.0000721471
-0.0003201181
-0.0002796390
-0.0001980232
-0.0000187174
0.0001025652
0.0002633857
0.0002593341
0.0002902378
0.0001380731
0.0000199884
-0.0000123454
-0.0000749318
-0.0005344455
-0.0007663468
-0.0003865699
-0.0002461188
-0.0000358329
0.0000439242
-0.0000864848
-0.0006252429
-0.0011447023
-0.0008403064
-0.0003001426
0.0002893797
0.0005333637
0.0007301238
0.0007011874
0.0005278313
0.0005623555
0.0004736394
0.0004194826
0.0002790164
0.0002926199
-0.0000193610
-0.0003668001
-0.0006087800
-0.0007292589
-0.0008583221
-0.0011217361
-0.0012253377
-0.0014371582
-0.0015903802
-0.0015711376
-0.0012278763
-0.0007727015
-0.0001635644
-0.0004513038
-0.0011392478
-0.0016783701
-0.0019744341
-0.0019229101
-0.0017716719
-0.0015374837
-0.0009472583
-0.0001257675
0.0002457066
0.0003640855
0.0003199011
0.0000092778
-0.0002525671
-0.0003251328
-0.0002150962
-0.0002355622
0.0001531487
0.0005882020
0.0008551581
0.0008529337
0.0008883456
0.0008357268
0.0006091879
0.0006978918
0.0008727877
0.0011246019
0.0011443621
0.0010494721
0.0008067739
0.0004227085
0.0001230654
-0.0002371967
-0.0003941720
-0.0004664480
-0.0004114617
-0.0003021884
0.0001008942
0.0006184402
0.0009594406
0.0009454661
0.0010843210
0.0011137880
0.0008150275
0.0007969817
0.0007777603
0.0003518271
-0.0002694673
-0.0007069165
-0.0011008193
-0.0013219120
-0.0015406035
-0.0013937421
-0.0012702725
-0.0012742495
-0.0012507056
-0.0014953611
-0.0019913061
-0.0027017092
-0.0033084794
-0.0038006006
-0.0043081820
-0.0047872219
-0.0050190266
-0.0048680296
-0.0046715766
-0.0041795880
-0.0037447011
-0.0029602035
-0.0018467073
-0.0005065786
0.0004819058
0.0009757620
0.0008309209
0.0003187486
0.0003712286
0.0004979694
0.0001660303
-0.0004244367
-0.0010387826
-0.0018842592
-0.0026619989
-0.0032984277
-0.0039435145
-0.0043709597
-0.0045960106
-0.0040404401
-0.0032406971
-0.0023629030
-0.0016154067
-0.0006017810
0.0000984632
0.0006629304
0.0010475178
0.0012394042
0.0012843436
0.0010496319
0.0006113079
0.0002301604
0.0000725681
-0.0005149202
-0.0011835099
-0.0016420545
-0.0020326682
-0.0020689591
-0.0019843890
-0.0016878346
-0.0014523606
-0.0013454341
-0.0013568346
-0.0011809760
-0.0011933198
-0.0010859641
-0.0007271943
-0.0001974596
0.0005365501
0.0011190667
0.0016616349
0.0018866828
0.0022049382
0.0023484994
0.0022263385
0.0018133052
0.0014496818
0.0012997589
0.0011806766
0.0009312753
0.0004611780
-0.0001904571
-0.0008655717
-0.0012640717
-0.0014176261
-0.0016213051
-0.0014499872
-0.0009163670
-0.0001245235
0.0005808758
0.0011568226
0.0017256949
0.0023774122
0.0026506397
0.0029053810
0.0027489661
0.0022340456
0.0017869410
0.0013746039
0.0008340903
0.0003877705
0.0000939359
-0.0000045114
0.0000026990
0.0002969090
0.0006787141
0.0012555180
0.0017972632
0.0021607280
0.0023588246
0.0026223772
0.0027624895
0.0027619589
0.0026507476
0.0024683546
0.0022870481
0.0020227616
0.0018572790
0.0020223648
0.0022745847
0.0023243365
0.0019800830
0.0018921473
0.0020942421
0.0022578588
0.0022142181
0.0016379808
0.0009236119
0.0009311869
0.0016364279
0.0023967279
0.0028419383
0.0030536732
0.0031354630
0.0032597415
0.0035347890
0.0035139635
0.0031425847
0.0025029411
0.0019855227
0.0016460976
0.0011836396
0.0007957678
0.0005147317
0.0000773580
-0.0002437821
-0.0004292219
-0.0007400263
-0.0006743981
-0.0002589272
0.0001539472
0.0007458774
0.0016176145
0.0021989544
0.0021860729
0.0019131237
0.0020217782
0.0022531372
0.0021885331
0.0019703656
0.0016693856
0.0011676583
0.0007044340
0.0005315286
0.0000937277
-0.0004072968
-0.0008226326
-0.0010399481
-0.0010369745
-0.0011273079
-0.0012899153
-0.0015970997
-0.0016881877
-0.0014662425
-0.0011311022
-0.0006702212
-0.0002990936
-0.0000932896
-0.0000132367
-0.0002477303
-0.0008965048
-0.0016440141
-0.0019471914
-0.0019289540
-0.0017337055
-0.0016765284
-0.0019402803
-0.0026012392
-0.0032433824
-0.0039808689
-0.0042967449
-0.0042781962
-0.0035505515
-0.0024053375
-0.0018208289
-0.0016998801
-0.0015995298
-0.0014069278
-0.0014490297
-0.0015690483
-0.0016475867
-0.0017942289
-0.0018616586
-0.0017105708
-0.0018444028
-0.0021406147
-0.0022613825
-0.0020098837
-0.0018197766
-0.0016815289
-0.0013775298
-0.0011074363
-0.0007998038
-0.0006154211
-0.0003269205
0.0000550486
0.0004324923
0.0008702579
0.0011633411
0.0014364124
0.0016734133
0.0019195450
0.0019499458
0.0019036480
0.0020232609
0.0019400615
0.0014968603
0.0013337376
0.0018031792
0.0026517970
0.0033385607
0.0034208958
0.0029855330
0.0024575076
0.0020610716
0.0017897955
0.0015297236
0.0013677393
0.0011797864
0.0008785286
0.0003338956
-0.0001833957
-0.0006940209
-0.0010271634
-0.0014708274
-0.0016883151
-0.0015791553
-0.0011866964
-0.0007559792
-0.0005664949
-0.0002367072
0.0002850261
0.0009736609
0.0012294362
0.0008231213
0.0003430394
0.0000367340
0.0000744675
0.0000486358
-0.0002326742
-0.0004869874
-0.0010447823
-0.0014068883
-0.0012076969
-0.0011989818
-0.0013551703
-0.0015097016
-0.0015238818
-0.0013076257
-0.0011413389
-0.0009729746
-0.0008415049
-0.0008107869
-0.0007962412
-0.0007947697
-0.0009361437
-0.0010170828
-0.0011491887
-0.0011648221
-0.0010547031
-0.0007955839
-0.0005921791
-0.0005498070
-0.0003697232
-0.0002924920
-0.0001212937
0.0001237745
0.0003585123
0.0004809308
0.0005550131
0.0006114241
0.0009059127
0.0012341360
0.0013961858
0.0014596698
0.0013294487
0.0013953622
0.0015400741
0.0014926716
0.0014777557
0.0015454254
0.0017110383
0.0015654833
0.0012954381
0.0009665604
0.0004891309
0.0003373058
0.0003854888
0.0001508741
-0.0003043053
-0.0006177534
-0.0007635430
-0.0007749930
-0.0006134208
-0.0002502042
0.0002030353
0.0006878732
0.0012232378
0.0014177488
0.0009953783
0.0002907217
-0.0008867161
-0.0025839403
-0.0045688688
-0.0066411889
-0.0087266739
-0.0103336708
-0.0111260535
-0.0106677218
-0.0092092594
-0.0069447606
-0.0044562508
-0.0020133266
-0.0001337219
0.0011896900
0.0020385495
0.0025427633
0.0027185423
0.0025346731
0.0021064190
0.0018259119
0.0016953654
0.0016359846
0.0014272799
0.0009369290
-0.0001318318
-0.0016654180
-0.0033739053
-0.0049767867
-0.0059698799
-0.0060518908
-0.0052713591
-0.0041035109
-0.0029895997
-0.0021055666
-0.0011224000
-0.0002288006
0.0002227527
0.0007384327
0.0011816228
0.0015076035
0.0020255489
0.0023071284
0.0026772887
0.0030237075
0.0030857153
0.0026945020
0.0019391631
0.0009198188
0.0000833013
-0.0007053607
-0.0012891271
-0.0015678757
-0.0014525410
-0.0010130062
-0.0003000846
0.0005298236
0.0014837601
0.0025922234
0.0034103766
0.0042492345
0.0048118105
0.0049666012
0.0049134754
0.0046209116
0.0041475430
0.0035333133
0.0028390548
0.0022402687
0.0017217909
0.0011755151
0.0005008046
-0.0002122498
-0.0009172944
-0.0014232327
-0.0015363052
-0.0013926868
-0.0009415528
-0.0003487115
0.0001607397
0.0007581210
0.0012723694
0.0016349211
0.0019472580
0.0021546345
0.0023524864
0.0024457139
0.0023132113
0.0019126226
0.0013501857
0.0007129817
-0.0001214610
-0.0009958069
-0.0016844141
-0.0020968844
-0.0022185507
-0.0020940240
-0.0016542668
-0.0010012000
-0.0002185462
0.0004810125
0.0008333834
0.0010191492
0.0011130363
0.0010710228
0.0008703959
0.0006425288
0.0004854766
0.0005649299
0.0007147209
0.0008349681
0.0008159914
0.0006467127
0.0004204194
0.0003418358
0.0004361381
0.0005282995
0.0006613811
0.0008370391
0.0010487906
0.0012855415
0.0015182075
0.0016653885
0.0015558514
0.0012528645
0.0010279309
0.0006366740
0.0001620599
-0.0001684821
-0.0004181848
-0.0005721710
-0.0005201722
-0.0002907320
-0.0001496343
-0.0001167253
-0.0000132128
0.0001254470
0.0002495059
0.0003749968
0.0005403563
0.0005982649
0.0004807816
0.0003211985
0.0000974662
-0.0001843429
-0.0003721358
-0.0005381312
-0.0006537506
-0.0006815439
-0.0006561224
-0.0006031251
-0.0005576708
-0.0005047873
-0.0004713683
-0.0004133823
-0.0003164994
-0.0002924335
-0.0003467867
-0.0004410135
-0.0004560852
-0.0004979246
-0.0005781849
-0.0007025993
-0.0008091498
-0.0008393596
-0.0008247667
-0.0008036582
-0.0007729462
-0.0007120603
-0.0006889751
-0.0007211020
-0.0007251940
-0.0007203639
-0.0007285532
-0.0007623963
-0.0007903034
-0.0008442315
-0.0008183967
-0.0007713090
-0.0007286010
-0.0006781470
-0.0006073114
-0.0005352454
-0.0004727515
-0.0004109078
-0.0003360974
-0.0002729652
-0.0002470532
-0.0002078734
-0.0001711159
-0.0001842570
-0.0002400436
-0.0002686503
-0.0002858459
-0.0002974694
-0.0002841710
-0.0002653004
-0.0002603575
-0.0002373996
-0.0002186714
-0.0001976628
-0.0001765478
-0.0001547525
-0.0001330008
-0.0001200690
-0.0001319394
-0.0001388975
-0.0001321949
-0.0001143711
-0.0000989043
-0.0000942918
-0.0000952442
-0.0001044203
-0.0001190364
-0.0001290666
-0.0001363644
-0.0001385428
-0.0001377932
-0.0001286175
-0.0001167589
-0.0001040831
-0.0000885776
-0.0000758218
-0.0000611692
-0.0000479003
-0.0000388491
-0.0000286421
-0.0000170898
-0.0000069800
0.0000037210
0.0000143174
0.0000262073
0.0000338869
0.0000327710
0.0000271258
0.0000279138
0.0000328933
0.0000379723
0.0000422169
0.0000472526
0.0000525354
0.0000589855
0.0000643099
0.0000711264
0.0000780094
0.0000825279
0.0000863598
0.0000894613
0.0000928711
0.0000957229
0.0000975119
0.0001006099
0.0001036400
0.0001062245
0.0001086661
0.0001108366
0.0001132035
0.0001159787
0.0001188269
0.0001215193
0.0001245723
0.0001275735
0.0001305937
0.0001337400
0.0001367191
0.0001396435
0.0001426224
0.0001454053
0.0001482243
0.0001510133
0.0001537448
0.0001563783
0.0001589851
0.0001617013
0.0001644571
0.0001672159
0.0001699407
0.0001726682
0.0001754276
0.0001782046
0.0001810041
0.0001838361
0.0001866755
0.0001895189
0.0001923717
0.0001952277
0.0001980884
0.0002009492
0.0002038088
0.0002066654
0.0002095174
0.0002123642
0.0002152051
0.0002180394
0.0002208666
0.0002236859
0.0002264970
0.0000000000
0.0000000000
0.0000000000
0.0000000000
0.0000000000
0.0000000000
0.0000000000
0.0000000000
0.0000000000
0.0000000000
0.0000000000
0.0000000000
0.0000000000
0.0000000000
0.0000000000
0.0000000000
0.0000000000
0.0000000000
0.0000000000
0.0000000000
0.0000000000
0.0000000000
0.0000000000
0.0000000000
0.0000000000
0.0000000000
0.0000000000
0.0000000000
0.0000000000
0.0000000000
0.0000000000
0.0000000000
0.0000000000
0.0000000000
0.0000000000
0.0000000000
0.0000000000
0.0000000000
0.0000000000
0.0000000000
0.0000000000
0.0000000000
0.0000000000
0.0000000000
0.0000000000
0.0000000000
0.0000000000
0.0000000000
0.0000000000
0.0000000000
0.0000000000
0.0000000000
0.0000000000
0.0000000000
0.0000000000
0.0000000000
0.0000000000
0.0000000000
0.0000000000
0.0000000000
0.0000000000
0.0000000000
0.0000000000
0.0000000000
0.0000000000
0.0000000000
0.0000000000
0.0000000000
0.0000000000
0.0000000000
0.0000000000
0.0000000000
0.0000000000
0.0000000000
0.0000000000
0.0000000000
0.0000000000
0.0000000000
0.0000000000
0.0000000000
0.0000000000
0.0000000000
0.0000000000
0.0000000000
0.0000000000
0.0000000000
0.0000000000
0.0000000000
0.0000000000
0.0000000000
0.0000000000
0.0000000000
0.0000000000
0.0000000000
0.0000000000
0.0000000000
0.0000000000
0.0000000000
0.0000000000
0.0000000000
0.0000000000
0.0000000000
0.0000000000
0.0000000000
0.0000000000
0.0000000000
0.0000000000
0.0000000000
0.0000000000
0.0000000000
0.0000000000
0.0000000000
0.0000000000
0.0000000000
0.0000000000
0.0000000000
0.0000000000
0.0000000000
0.0000000000
0.0000000000
0.0000000000
0.0000000000
0.0000000000
0.0000000000
0.0000000000
0.0000000000
0.0000000000
0.0000000000
0.0000000000
0.0000000000
0.0000000000
0.0000000000
0.0000000000
0.0000000000
0.0000000000
0.0000000000
0.0000000000
0.0000000000
0.0000000000
0.0000000000
0.0000000000
0.0000000000
0.0000000000
0.0000000000
0.0000000000
0.0000000000
0.0000000000
0.0000000000
0.0000000000
0.0000000000
0.0000000000
0.0000000000
0.0000000000
0.0000000000
0.0000000000
0.0000000000
0.0000000000
0.0000000000
0.0000000000
0.0000000000
0.0000000000
0.0000000000
0.0000000000
0.0000000000
0.0000000000
0.0000000000
0.0000000000
0.0000000000
0.0000000000
0.0000000000
0.0000000000
0.0000000000
0.0000000000
0.0000000000
0.0000000000
0.0000000000
0.0000000000
0.0000000000
0.0000000000
0.0000000000
0.0000000000
0.0000000000
0.0000000000
0.0000000000
0.0000000000
0.0000000000
0.0000000000
0.0000000000
0.0000000000
0.0000000000
0.0000000000
0.0000000000
0.0000000000
0.0000000000
0.0000000000
0.0000000000
0.0000000000
0.0000000000
0.0000000000
0.0000000000
0.0000000000
0.0000000000
0.0000000000
0.0000000000
0.0000000000
0.0000000000
0.0000000000
0.0000000000
0.0000000000
0.0000000000
0.0000000000
0.0000000000
0.0000000000
0.0000000000
0.0000000000
0.0000000000
0.0000000000
0.0000000000
0.0000000000
0.0000000000
0.0000000000
0.0000000000
0.0000000000
0.0000000000
0.0000000000
0.0000000000
0.0000000000
0.0000000000
0.0000000000
0.0000000000
0.0000000000
0.0000000000
0.0000000000
0.0000000000
0.0000000000
0.0000000000
0.0000000000
0.0000000000
0.0000000000
0.0000000000
0.0000000000
0.0000000000
0.0000000000
0.0000000000
0.0000000000
0.0000000000
0.0000000000
0.0000000000
0.0000000000
0.0000000000
0.0000000000
0.0000000000
0.0000000000
0.0000000000
0.0000000000
0.0000000000
0.0000000000
0.0000000000
0.0000000000
0.0000000000
0.0000000000
0.0000000000
0.0000000000
0.0000000000
0.0000000000
0.0000000000
0.0000000000
0.0000000000
0.0000000000
0.0000000000
0.0000000000
0.0000000000
0.0000000000
0.0000000000
0.0000000000
0.0000000000
0.0000000000
0.0000000000
0.0000000000
0.0000000000
0.0000000000
0.0000000000
0.0000000000
0.0000000000
0.0000000000
0.0000000000
0.0000000000
0.0000000000
0.0000000000
0.0000000000
0.0000000000
0.0000000000
0.0000000000
0.0000000000
0.0000000000
0.0000000000
0.0000000000
0.0000000000
0.0000000000
0.0000000000
0.0000000000
0.0000000000
0.0000000000
0.0000000000
0.0000000000
0.0000000000
0.0000000000
0.0000000000
0.0000000000
0.0000000000
0.0000000000
0.0000000000
0.0000000000
0.0000000000
0.0000000000
0.0000000000
0.0000000000
0.0000000000
0.0000000000
0.0000000000
0.0000000000
0.0000000000
0.0000000000
0.0000000000
0.0000000000
0.0000000000
0.0000000000
0.0000000000
0.0000000000
0.0000000000
0.0000000000
0.0000000000
0.0000000000
0.0000000000
0.0000000000
0.0000000000
0.0000000000
0.0000000000
0.0000000000
0.0000000000
0.0000000000
0.0000000000
0.0000000000
0.0000000000
0.0000000000
0.0000000000
0.0000000000
0.0000000000
0.0000000000
0.0000000000
0.0000000000
0.0000000000
0.0000000000
0.0000000000
0.0000000000
0.0000000000
0.0000000000
0.0000000000
0.0000000000
0.0000000000
0.0000000000
0.0000000000
0.0000000000
0.0000000000
0.0000000000
0.0000000000
0.0000000000
0.0000000000
0.0000000000
0.0000000000
0.0000000000
0.0000000000
0.0000000000
0.0000000000
0.0000000000
0.0000000000
0.0000000000
0.0000000000
0.0000000000
0.0000000000
0.0000000000
0.0000000000
0.0000000000
0.0000000000
0.0000000000
0.0000000000
0.0000000000
0.0000000000
0.0000000000
0.0000000000
0.0000000000
0.0000000000
0.0000000000
0.0000000000
0.0000000000
0.0000000000
0.0000000000
0.0000000000
0.0000000000
0.0000000000
0.0000000000
0.0000000000
0.0000000000
0.0000000000
0.0000000000
0.0000000000
0.0000000000
0.0000000000
0.0000000000
0.0000000000
0.0000000000
0.0000000000
0.0000000000
0.0000000000
0.0000000000
0.0000000000
0.0000000000
0.0000000000
0.0000000000
0.0000000000
0.0000000000
0.0000000000
0.0000000000
0.0000000000
0.0000000000
0.0000000000
0.0000000000
0.0000000000
0.0000000000
0.0000000000
0.0000000000
0.0000000000
0.0000000000
0.0000000000
0.0000000000
0.0000000000
0.0000000000
0.0000000000
0.0000000000
0.0000000000
0.0000000000
0.0000000000
0.0000000000
0.0000000000
0.0000000000
0.0000000000
0.0000000000
0.0000000000
0.0000000000
0.0000000000
0.0000000000
0.0000000000
0.0000000000
0.0000000000
0.0000000000
0.0000000000
0.0000000000
0.0000000000
0.0000000000
0.0000000000
0.0000000000
0.0000000000
0.0000000000
0.0000000000
0.0000000000
0.0000000000
0.0000000000
0.0000000000
0.0000000000
0.0000000000
0.0000000000
0.0000000000
0.0000000000
0.0000000000
0.0000000000
0.0000000000
0.0000000000
0.0000000000
0.0000000000
0.0000000000
0.0000000000
0.0000000000
0.0000000000
0.0000000000
0.0000000000
0.0000000000
0.0000000000
0.0000000000
0.0000000000
0.0000000000
0.0000000000
0.0000000000
0.0000000000
0.0000000000
0.0000000000
0.0000000000
0.0000000000
0.0000000000
0.0000000000
0.0000000000
0.0000000000
0.0000000000
0.0000000000
0.0000000000
0.0000000000
0.0000000000
0.0000000000
0.0000000000
0.0000000000
0.0000000000
0.0000000000
0.0000000000
0.0000000000
0.0000000000
0.0000000000
0.0000000000
0.0000000000
0.0000000000
0.0000000000
0.0000000000
0.0000000000
0.0000000000
0.0000000000
0.0000000000
0.0000000000
0.0000000000
0.0000000000
0.0000000000
0.0000000000
0.0000000000
0.0000000000
0.0000000000
0.0000000000
0.0000000000
0.0000000000
0.0000000000
0.0000000000
0.0000000000
0.0000000000
0.0000000000
0.0000000000
0.0000000000
0.0000000000
0.0000000000
0.0000000000
0.0000000000
0.0000000000
0.0000000000
0.0000000000
0.0000000000
0.0000000000
0.0000000000
0.0000000000
0.0000000000
0.0000000000
0.0000000000
0.0000000000
0.0000000000
0.0000000000
0.0000000000
0.0000000000
0.0000000000
0.0000000000
0.0000000000
0.0000000000
0.0000000000
0.0000000000
0.0000000000
0.0000000000
0.0000000000
0.0000000000
0.0000000000
0.0000000000
0.0000000000
0.0000000000
0.0000000000
0.0000000000
0.0000000000
0.0000000000
0.0000000000
0.0000000000
0.0000000000
0.0000000000
0.0000000000
0.0000000000
0.0000000000
0.0000000000
0.0000000000
0.0000000000
0.0000000000
0.0000000000
0.0000000000
0.0000000000
0.0000000000
0.0000000000
0.0000000000
0.0000000000
0.0000000000
0.0000000000
0.0000000000
0.0000000000
0.0000000000
0.0000000000
0.0000000000
0.0000000000
0.0000000000
0.0000000000
0.0000000000
0.0000000000
0.0000000000
0.0000000000
0.0000000000
0.0000000000
0.0000000000
0.0000000000
0.0000000000
0.0000000000
0.0000000000
0.0000000000
0.0000000000
0.0000000000
0.0000000000
0.0000000000
0.0000000000
0.0000000000
0.0000000000
0.0000000000
0.0000000000
0.0000000000
0.0000000000
0.0000000000
0.0000000000
0.0000000000
0.0000000000
0.0000000000
0.0000000000
0.0000000000
0.0000000000
0.0000000000
0.0000000000
0.0000000000
0.0000000000
0.0000000000
0.0000000000
0.0000000000
0.0000000000
0.0000000000
0.0000000000
0.0000000000
0.0000000000
0.0000000000
0.0000000000
0.0000000000
0.0000000000
0.0000000000
0.0000000000
0.0000000000
0.0000000000
0.0000000000
0.0000000000
0.0000000000
0.0000000000
0.0000000000
0.0000000000
0.0000000000
0.0000000000
0.0000000000
0.0000000000
0.0000000000
0.0000000000
0.0000000000
0.0000000000
0.0000000000
0.0000000000
0.0000000000
0.0000000000
0.0000000000
0.0000000000
0.0000000000
0.0000000000
0.0000000000
0.0000000000
0.0000000000
0.0000000000
0.0000000000
0.0000000000
0.0000000000
0.0000000000
0.0000000000
0.0000000000
0.0000000000
0.0000000000
0.0000000000
0.0000000000
0.0000000000
0.0000000000
0.0000000000
0.0000000000
0.0000000000
0.0000000000
0.0000000000
0.0000000000
0.0000000000
0.0000000000
0.0000000000
0.0000000000
0.0000000000
0.0000000000
0.0000000000
0.0000000000
0.0000000000
0.0000000000
0.0000000000
0.0000000000
0.0000000000
0.0000000000
0.0000000000
0.0000000000
0.0000000000
0.0000000000
0.0000000000
0.0000000000
0.0000000000
0.0000000000
0.0000000000
0.0000000000
0.0000000000
0.0000000000
0.0000000000
0.0000000000
0.0000000000
0.0000000000
0.0000000000
0.0000000000
0.0000000000
0.0000000000
0.0000000000
0.0000000000
0.0000000000
0.0000000000
0.0000000000
0.0000000000
0.0000000000
0.0000000000
0.0000000000
0.0000000000
0.0000000000
0.0000000000
0.0000000000
0.0000000000
0.0000000000
0.0000000000
0.0000000000
0.0000000000
0.0000000000
0.0000000000
0.0000000000
0.0000000000
0.0000000000
0.0000000000
0.0000000000
0.0000000000
0.0000000000
0.0000000000
0.0000000000
0.0000000000
0.0000000000
0.0000000000
0.0000000000
0.0000000000
0.0000000000
0.0000000000
0.0000000000
0.0000000000
0.0000000000
0.0000000000
0.0000000000
0.0000000000
0.0000000000
0.0000000000
0.0000000000
0.0000000000
0.0000000000
0.0000000000
0.0000000000
0.0000000000
0.0000000000
0.0000000000
0.0000000000
0.0000000000
0.0000000000
0.0000000000
0.0000000000
0.0000000000
0.0000000000
0.0000000000
0.0000000000
0.0000000000
0.0000000000
0.0000000000
0.0000000000
0.0000000000
0.0000000000
0.0000000000
0.0000000000
0.0000000000
0.0000000000
0.0000000000
0.0000000000
0.0000000000
0.0000000000
0.0000000000
0.0000000000
0.0000000000
0.0000000000
0.0000000000
0.0000000000
0.0000000000
0.0000000000
0.0000000000
0.0000000000
0.0000000000
0.0000000000
0.0000000000
0.0000000000
0.0000000000
0.0000000000
0.0000000000
0.0000000000
0.0000000000
0.0000000000
0.0000000000
0.0000000000
0.0000000000
0.0000000000
0.0000000000
0.0000000000
0.0000000000
0.0000000000
0.0000000000
0.0000000000
0.0000000000
0.0000000000
0.0000000000
0.0000000000
0.0000000000
0.0000000000
0.0000000000
0.0000000000
0.0000000000
0.0000000000
0.0000000000
0.0000000000
0.0000000000
0.0000000000
0.0000000000
0.0000000000
0.0000000000
0.0000000000
0.0000000000
0.0000000000
0.0000000000
0.0000000000
0.0000000000
0.0000000000
0.0000000000
0.0000000000
0.0000000000
0.0000000000
0.0000000000
0.0000000000
0.0000000000
0.0000000000
0.0000000000
0.0000000000
0.0000000000
0.0000000000
0.0000000000
0.0000000000
0.0000000000
0.0000000000
0.0000000000
0.0000000000
0.0000000000
0.0000000000
0.0000000000
0.0000000000
0.0000000000
0.0000000000
0.0000000000
0.0000000000
0.0000000000
0.0000000000
0.0000000000
0.0000000000
0.0000000000
0.0000000000
0.0000000000
0.0000000000
0.0000000000
0.0000000000
0.0000000000
0.0000000000
0.0000000000
0.0000000000
0.0000000000
0.0000000000
0.0000000000
0.0000000000
0.0000000000
0.0000000000
0.0000000000
0.0000000000
0.0000000000
0.0000000000
0.0000000000
0.0000000000
0.0000000000
0.0000000000
0.0000000000
0.0000000000
0.0000000000
0.0000000000
0.0000000000
0.0000000000
0.0000000000
0.0000000000
0.0000000000
0.0000000000
0.0000000000
0.0000000000
0.0000000000
0.0000000000
0.0000000000
0.0000000000
0.0000000000
0.0000000000
0.0000000000
0.0000000000
0.0000000000
0.0000000000
0.0000000000
0.0000000000
0.0000000000
0.0000000000
0.0000000000
0.0000000000
0.0000000000
0.0000000000
0.0000000000
0.0000000000
0.0000000000
0.0000000000
0.0000000000
0.0000000000
0.0000000000
0.0000000000
0.0000000000
0.0000000000
0.0000000000
0.0000000000
0.0000000000
0.0000000000
0.0000000000
0.0000000000
0.0000000000
0.0000000000
0.0000000000
0.0000000000
0.0000000000
0.0000000000
0.0000000000
0.0000000000
0.0000000000
0.0000000000
0.0000000000
0.0000000000
0.0000000000
0.0000000000
0.0000000000
0.0000000000
0.0000000000
0.0000000000
0.0000000000
0.0000000000
0.0000000000
0.0000000000
0.0000000000
0.0000000000
0.0000000000
0.0000000000
0.0000000000
0.0000000000
0.0000000000
0.0000000000
0.0000000000
0.0000000000
0.0000000000
0.0000000000
0.0000000000
0.0000000000
0.0000000000
0.0000000000
0.0000000000
0.0000000000
0.0000000000
0.0000000000
0.0000000000
0.0000000000
0.0000000000
0.0000000000
0.0000000000
0.0000000000
0.0000000000
0.0000000000
0.0000000000
0.0000000000
0.0000000000
0.0000000000
0.0000000000
0.0000000000
0.0000000000
0.0000000000
0.0000000000
0.0000000000
0.0000000000
0.0000000000
0.0000000000
0.0000000000
0.0000000000
0.0000000000
0.0000000000
0.0000000000
0.0000000000
0.0000000000
0.0000000000
0.0000000000
0.0000000000
0.0000000000
0.0000000000
0.0000000000
0.0000000000
0.0000000000
0.0000000000
0.0000000000
0.0000000000
0.0000000000
0.0000000000
0.0000000000
0.0000000000
0.0000000000
0.0000000000
0.0000000000
0.0000000000
0.0000000000
0.0000000000
0.0000000000
0.0000000000
0.0000000000
0.0000000000
0.0000000000
0.0000000000
0.0000000000
0.0000000000
0.0000000000
0.0000000000
0.0000000000
0.0000000000
0.0000000000
0.0000000000
0.0000000000
0.0000000000
0.0000000000
0.0000000000
0.0000000000
0.0000000000
0.0000000000
0.0000000000
0.0000000000
0.0000000000
0.0000000000
0.0000000000
0.0000000000
0.0000000000
0.0000000000
0.0000000000
0.0000000000
0.0000000000
0.0000000000
0.0000000000
0.0000000000
0.0000000000
0.0000000000
0.0000000000
0.0000000000
0.0000000000
0.0000000000
0.0000000000
0.0000000000
0.0000000000
0.0000000000
0.0000000000
0.0000000000
0.0000000000
0.0000000000
0.0000000000
0.0000000000
0.0000000000
0.0000000000
0.0000000000
0.0000000000
0.0000000000
0.0000000000
0.0000000000
0.0000000000
0.0000000000
0.0000000000
0.0000000000
0.0000000000
0.0000000000
0.0000000000
0.0000000000
0.0000000000
0.0000000000
0.0000000000
0.0000000000
0.0000000000
0.0000000000
0.0000000000
0.0000000000
0.0000000000
0.0000000000
0.0000000000
0.0000000000
0.0000000000
0.0000000000
0.0000000000
0.0000000000
0.0000000000
0.0000000000
0.0000000000
0.0000000000
0.0000000000
0.0000000000
0.0000000000
0.0000000000
0.0000000000
0.0000000000
0.0000000000
0.0000000000
0.0000000000
0.0000000000
0.0000000000
0.0000000000
0.0000000000
0.0000000000
0.0000000000
0.0000000000
0.0000000000
0.0000000000
0.0000000000
0.0000000000
0.0000000000
0.0000000000
0.0000000000
0.0000000000
0.0000000000
0.0000000000
0.0000000000
0.0000000000
0.0000000000
0.0000000000
0.0000000000
0.0000000000
0.0000000000
0.0000000000
0.0000000000
0.0000000000
0.0000000000
0.0000000000
0.0000000000
0.0000000000
0.0000000000
0.0000000000
0.0000000000
0.0000000000
0.0000000000
0.0000000000
0.0000000000
0.0000000000
0.0000000000
0.0000000000
0.0000000000
0.0000000000
0.0000000000
0.0000000000
0.0000000000
0.0000000000
0.0000000000
0.0000000000
0.0000000000
0.0000000000
0.0000000000
0.0000000000
0.0000000000
0.0000000000
0.0000000000
0.0000000000
0.0000000000
0.0000000000
0.0000000000
0.0000000000
0.0000000000
0.0000000000
0.0000000000
0.0000000000
0.0000000000
0.0000000000
0.0000000000
0.0000000000
0.0000000000
0.0000000000
0.0000000000
0.0000000000
0.0000000000
0.0000000000
0.0000000000
0.0000000000
0.0000000000
0.0000000000
0.0000000000
0.0000000000
0.0000000000
0.0000000000
0.0000000000
0.0000000000
0.0000000000
0.0000000000
0.0000000000
0.0000000000
0.0000000000
0.0000000000
0.0000000000
0.0000000000
0.0000000000
0.0000000000
0.0000000000
0.0000000000
0.0000000000
0.0000000000
0.0000000000
0.0000000000
0.0000000000
0.0000000000
0.0000000000
0.0000000000
0.0000000000
0.0000000000
0.0000000000
0.0000000000
0.0000000000
0.0000000000
0.0000000000
0.0000000000
0.0000000000
0.0000000000
0.0000000000
0.0000000000
0.0000000000
0.0000000000
0.0000000000
0.0000000000
0.0000000000
0.0000000000
0.0000000000
0.0000000000
0.0000000000
0.0000000000
0.0000000000
0.0000000000
0.0000000000
0.0000000000
0.0000000000
0.0000000000
0.0000000000
0.0000000000
0.0000000000
0.0000000000
0.0000000000
0.0000000000
0.0000000000
0.0000000000
0.0000000000
0.0000000000
0.0000000000
0.0000000000
0.0000000000
0.0000000000
0.0000000000
0.0000000000
0.0000000000
0.0000000000
0.0000000000
0.0000000000
0.0000000000
0.0000000000
0.0000000000
0.0000000000
0.0000000000
0.0000000000
0.0000000000
0.0000000000
0.0000000000
0.0000000000
0.0000000000
0.0000000000
0.0000000000
0.0000000000
0.0000000000
0.0000000000
0.0000000000
0.0000000000
0.0000000000
0.0000000000
0.0000000000
0.0000000000
0.0000000000
0.0000000000
0.0000000000
0.0000000000
0.0000000000
0.0000000000
0.0000000000
0.0000000000
0.0000000000
0.0000000000
0.0000000000
0.0000000000
0.0000000000
0.0000000000
0.0000000000
0.0000000000
0.0000000000
0.0000000000
0.0000000000
0.0000000000
0.0000000000
0.0000000000
0.0000000000
0.0000000000
0.0000000000
0.0000000000
0.0000000000
0.0000000000
0.0000000000
0.0000000000
0.0000000000
0.0000000000
0.0000000000
0.0000000000
0.0000000000
0.0000000000
0.0000000000
0.0000000000
0.0000000000
0.0000000000
0.0000000000
0.0000000000
0.0000000000
0.0000000000
0.0000000000
0.0000000000
0.0000000000
0.0000000000
0.0000000000
0.0000000000
0.0000000000
0.0000000000
0.0000000000
0.0000000000
0.0000000000
0.0000000000
0.0000000000
0.0000000000
0.0000000000
0.0000000000
0.0000000000
0.0000000000
0.0000000000
0.0000000000
0.0000000000
0.0000000000
0.0000000000
0.0000000000
0.0000000000
0.0000000000
0.0000000000
0.0000000000
0.0000000000
0.0000000000
0.0000000000
0.0000000000
0.0000000000
0.0000000000
0.0000000000
0.0000000000
0.0000000000
0.0000000000
0.0000000000
0.0000000000
0.0000000000
0.0000000000
0.0000000000
0.0000000000
0.0000000000
0.0000000000
0.0000000000
0.0000000000
0.0000000000
0.0000000000
0.0000000000
0.0000000000
0.0000000000
0.0000000000
0.0000000000
0.0000000000
0.0000000000
0.0000000000
0.0000000000
0.0000000000
0.0000000000
0.0000000000
0.0000000000
0.0000000000
0.0000000000
0.0000000000
0.0000000000
0.0000000000
0.0000000000
0.0000000000
0.0000000000
0.0000000000
0.0000000000
0.0000000000
0.0000000000
0.0000000000
0.0000000000
0.0000000000
0.0000000000
0.0000000000
0.0000000000
0.0000000000
0.0000000000
0.0000000000
0.0000000000
0.0000000000
0.0000000000
0.0000000000
0.0000000000
0.0000000000
0.0000000000
0.0000000000
0.0000000000
0.0000000000
0.0000000000
0.0000000000
0.0000000000
0.0000000000
0.0000000000
0.0000000000
0.0000000000
0.0000000000
0.0000000000
0.0000000000
0.0000000000
0.0000000000
0.0000000000
0.0000000000
0.0000000000
0.0000000000
0.0000000000
0.0000000000
0.0000000000
0.0000000000
0.0000000000
0.0000000000
0.0000000000
0.0000000000
0.0000000000
0.0000000000
0.0000000000
0.0000000000
0.0000000000
0.0000000000
0.0000000000
0.0000000000
0.0000000000
0.0000000000
0.0000000000
0.0000000000
0.0000000000
0.0000000000
0.0000000000
0.0000000000
0.0000000000
0.0000000000
0.0000000000
0.0000000000
0.0000000000
0.0000000000
0.0000000000
0.0000000000
0.0000000000
0.0000000000
0.0000000000
0.0000000000
0.0000000000
0.0000000000
0.0000000000
0.0000000000
0.0000000000
0.0000000000
0.0000000000
0.0000000000
0.0000000000
0.0000000000
0.0000000000
0.0000000000
0.0000000000
0.0000000000
0.0000000000
0.0000000000
0.0000000000
0.0000000000
0.0000000000
0.0000000000
0.0000000000
0.0000000000
0.0000000000
0.0000000000
0.0000000000
0.0000000000
0.0000000000
0.0000000000
0.0000000000
0.0000000000
0.0000000000
0.0000000000
0.0000000000
0.0000000000
0.0000000000
0.0000000000
0.0000000000
0.0000000000
0.0000000000
0.0000000000
0.0000000000
0.0000000000
0.0000000000
0.0000000000
0.0000000000
0.0000000000
0.0000000000
0.0000000000
0.0000000000
0.0000000000
0.0000000000
0.0000000000
0.0000000000
0.0000000000
0.0000000000
0.0000000000
0.0000000000
0.0000000000
0.0000000000
0.0000000000
0.0000000000
0.0000000000
0.0000000000
0.0000000000
0.0000000000
0.0000000000
0.0000000000
0.0000000000
0.0000000000
0.0000000000
0.0000000000
0.0000000000
0.0000000000
0.0000000000
0.0000000000
0.0000000000
0.0000000000
0.0000000000
0.0000000000
0.0000000000
0.0000000000
0.0000000000
0.0000000000
0.0000000000
0.0000000000
0.0000000000
0.0000000000
0.0000000000
0.0000000000
0.0000000000
0.0000000000
0.0000000000
0.0000000000
0.0000000000
0.0000000000
0.0000000000
0.0000000000
0.0000000000
0.0000000000
0.0000000000
0.0000000000
0.0000000000
0.0000000000
0.0000000000
0.0000000000
0.0000000000
0.0000000000
0.0000000000
0.0000000000
0.0000000000
0.0000000000
0.0000000000
0.0000000000
0.0000000000
0.0000000000
0.0000000000
0.0000000000
0.0000000000
0.0000000000
0.0000000000
0.0000000000
0.0000000000
0.0000000000
0.0000000000
0.0000000000
0.0000000000
0.0000000000
0.0000000000
0.0000000000
0.0000000000
0.0000000000
0.0000000000
0.0000000000
0.0000000000
0.0000000000
0.0000000000
0.0000000000
0.0000000000
0.0000000000
0.0000000000
0.0000000000
0.0000000000
0.0000000000
0.0000000000
0.0000000000
0.0000000000
0.0000000000
0.0000000000
0.0000000000
0.0000000000
0.0000000000
0.0000000000
0.0000000000
0.0000000000
0.0000000000
0.0000000000
0.0000000000
0.0000000000
0.0000000000
0.0000000000
0.0000000000
0.0000000000
0.0000000000
0.0000000000
0.0000000000
0.0000000000
0.0000000000
0.0000000000
0.0000000000
0.0000000000
0.0000000000
0.0000000000
0.0000000000
0.0000000000
0.0000000000
0.0000000000
0.0000000000
0.0000000000
0.0000000000
0.0000000000
0.0000000000
0.0000000000
0.0000000000
0.0000000000
0.0000000000
0.0000000000
0.0000000000
0.0000000000
0.0000000000
0.0000000000
0.0000000000
0.0000000000
0.0000000000
0.0000000000
0.0000000000
0.0000000000
0.0000000000
0.0000000000
0.0000000000
0.0000000000
0.0000000000
0.0000000000
0.0000000000
0.0000000000
0.0000000000
0.0000000000
0.0000000000
0.0000000000
0.0000000000
0.0000000000
0.0000000000
0.0000000000
0.0000000000
0.0000000000
0.0000000000
0.0000000000
0.0000000000
0.0000000000
0.0000000000
0.0000000000
0.0000000000
0.0000000000
0.0000000000
0.0000000000
0.0000000000
0.0000000000
0.0000000000
0.0000000000
0.0000000000
0.0000000000
0.0000000000
0.0000000000
0.0000000000
0.0000000000
0.0000000000
0.0000000000
0.0000000000
0.0000000000
0.0000000000
0.0000000000
0.0000000000
0.0000000000
0.0000000000
0.0000000000
0.0000000000
0.0000000000
0.0000000000
0.0000000000
0.0000000000
0.0000000000
0.0000000000
0.0000000000
0.0000000000
0.0000000000
0.0000000000
0.0000000000
0.0000000000
0.0000000000
0.0000000000
0.0000000000
0.0000000000
0.0000000000
0.0000000000
0.0000000000
0.0000000000
0.0000000000
0.0000000000
0.0000000000
0.0000000000
0.0000000000
0.0000000000
0.0000000000
0.0000000000
0.0000000000
0.0000000000
0.0000000000
0.0000000000
0.0000000000
0.0000000000
0.0000000000
0.0000000000
0.0000000000
0.0000000000
0.0000000000
0.0000000000
0.0000000000
0.0000000000
0.0000000000
0.0000000000
0.0000000000
0.0000000000
0.0000000000
0.0000000000
0.0000000000
0.0000000000
0.0000000000
0.0000000000
0.0000000000
0.0000000000
0.0000000000
0.0000000000
0.0000000000
0.0000000000
0.0000000000
0.0000000000
0.0000000000
0.0000000000
0.0000000000
0.0000000000
0.0000000000
0.0000000000
0.0000000000
0.0000000000
0.0000000000
0.0000000000
0.0000000000
0.0000000000
0.0000000000
0.0000000000
0.0000000000
0.0000000000
0.0000000000
0.0000000000
0.0000000000
0.0000000000
0.0000000000
0.0000000000
0.0000000000
0.0000000000
0.0000000000
0.0000000000
0.0000000000
0.0000000000
0.0000000000
0.0000000000
0.0000000000
0.0000000000
0.0000000000
0.0000000000
0.0000000000
0.0000000000
0.0000000000
0.0000000000
0.0000000000
0.0000000000
0.0000000000
0.0000000000
0.0000000000
0.0000000000
0.0000000000
0.0000000000
0.0000000000
0.0000000000
0.0000000000
0.0000000000
0.0000000000
0.0000000000
0.0000000000
0.0000000000
0.0000000000
0.0000000000
0.0000000000
0.0000000000
0.0000000000
