0.0025575706
0.0026219373
0.0025295362
0.0023858680
0.0022625749
0.0021855244
0.0021258774
0.0020521373
0.0019051255
0.0016529373
0.0012715653
0.0007865002
0.0003280821
0.0000117676
-0.0001352415
-0.0001377944
-0.0000512013
0.0000914955
0.0002371540
0.0003262491
0.0003169348
0.0001960032
-0.0000000236
-0.0002328283
-0.0004262034
-0.0005262109
-0.0004961494
-0.0002534135
0.0002346345
0.0009522332
0.0017913790
0.0024873609
0.0028391951
0.0027390299
0.0021119198
0.0008622417
-0.0007295746
-0.0021106447
-0.0029125413
-0.0032031297
-0.0033101965
-0.0034812425
-0.0037809290
-0.0041689053
-0.0045249378
-0.0048208731
-0.0050248349
-0.0051145861
-0.0049349821
-0.0038563650
-0.0016843755
0.0010847874
0.0038576019
0.0064628789
0.0089112790
0.0108128515
0.0118708256
0.0122046322
0.0119947534
0.0113904494
0.0105987955
0.0097872532
0.0090338834
0.0082304508
0.0070700241
0.0050303128
0.0022013963
-0.0004605771
-0.0021777114
-0.0029207463
-0.0031975727
-0.0034325476
-0.0036648116
-0.0037962313
-0.0037269800
-0.0034606441
-0.0030866379
-0.0027355659
-0.0024027465
-0.0019892182
-0.0014496108
-0.0008569927
-0.0003575318
-0.0001036999
-0.0001496551
-0.0004701477
-0.0010127225
-0.0016719739
-0.0023228912
-0.0027457484
-0.0027275785
-0.0021962953
-0.0012405611
0.0001618585
0.0022111805
0.0050288847
0.0083147523
0.0111611024
0.0125328881
0.0120419938
0.0089611663
0.0037407156
-0.0017070687
-0.0049155841
-0.0055694799
-0.0049164647
-0.0042401899
-0.0041798749
-0.0047175700
-0.0053806937
-0.0057382918
-0.0056834717
-0.0052426910
-0.0044799340
-0.0034023631
-0.0021305550
-0.0007567987
0.0004839703
0.0011894013
0.0009959337
-0.0002757162
-0.0029734126
-0.0070479154
-0.0109057142
-0.0133103423
-0.0142774043
-0.0143323906
-0.0139387996
-0.0133071373
-0.0124316962
-0.0111264561
-0.0095690641
-0.0079562592
-0.0064876971
-0.0051103908
-0.0032984661
0.0000713939
0.0053601029
0.0104577829
0.0136193997
0.0148883126
0.0152491200
0.0156731489
0.0164806144
0.0174008373
0.0178349076
0.0172986482
0.0156082654
0.0128231234
0.0093826299
0.0064062242
0.0046358883
0.0039349208
0.0037454328
0.0035333349
0.0029908111
0.0020107536
0.0008465687
-0.0001631077
-0.0007241468
-0.0005532046
0.0004105048
0.0019040279
0.0038006367
0.0059957497
0.0082185905
0.0104718196
0.0128640229
0.0152527389
0.0172811306
0.0183407229
0.0176546450
0.0142138567
0.0085731385
0.0037908719
0.0015253278
0.0010878143
0.0009767421
0.0001194670
-0.0017587723
-0.0040819639
-0.0060597840
-0.0074088922
-0.0085609897
-0.0100781470
-0.0120217040
-0.0140417727
-0.0158730992
-0.0170979578
-0.0177150503
-0.0176974951
-0.0169116051
-0.0143850437
-0.0087042289
-0.0005169524
0.0084233577
0.0166929330
0.0233420266
0.0281570467
0.0312410855
0.0325990603
0.0306193455
0.0240306760
0.0142307283
0.0037573514
-0.0048344362
-0.0089320392
-0.0090034895
-0.0074347640
-0.0063513069
-0.0069884195
-0.0099697361
-0.0146246956
-0.0188994610
-0.0213089436
-0.0214924299
-0.0202582951
-0.0186367534
-0.0169621822
-0.0149057361
-0.0106128447
-0.0023087121
0.0080874562
0.0154046585
0.0172325855
0.0140831301
0.0072428168
-0.0009063907
-0.0072864571
-0.0101587167
-0.0107190793
-0.0110613217
-0.0122933805
-0.0140622633
-0.0155321112
-0.0161186341
-0.0157431377
-0.0147311810
-0.0133335799
-0.0114915974
-0.0091530947
-0.0064298257
-0.0036627168
-0.0011848215
0.0010436383
0.0035166346
0.0066692705
0.0104758901
0.0141467027
0.0168256729
0.0183213927
0.0190316991
0.0195886748
0.0203997467
0.0214751883
0.0224607400
0.0229343801
0.0226503165
0.0214337682
0.0194403742
0.0167006287
0.0128418766
0.0077043896
0.0022159704
-0.0020180962
-0.0044069007
-0.0055354282
-0.0061432118
-0.0065665483
-0.0064994068
-0.0059366007
-0.0052520607
-0.0048071437
-0.0048265047
-0.0050730720
-0.0049466523
-0.0043740437
-0.0038440770
-0.0039784514
-0.0048406649
-0.0060540345
-0.0069642787
-0.0069147553
-0.0052387886
-0.0021102797
0.0014854720
0.0041236248
0.0046725592
0.0031518363
0.0003438885
-0.0027901138
-0.0056765612
-0.0080743855
-0.0102453012
-0.0123767789
-0.0143181595
-0.0159177744
-0.0168536020
-0.0166421614
-0.0142180714
-0.0071437385
0.0036893739
0.0128229854
0.0168162399
0.0165934282
0.0149287103
0.0136360706
0.0129238198
0.0122032963
0.0107341069
0.0079106871
0.0024439784
-0.0057211718
-0.0130370351
-0.0166647907
-0.0171258116
-0.0166487721
-0.0168021217
-0.0180837792
-0.0202235547
-0.0227124341
-0.0250047939
-0.0270021456
-0.0286531655
-0.0296665522
-0.0296122683
-0.0274518644
-0.0217612213
-0.0131148451
-0.0035109540
0.0056864603
0.0140277863
0.0201327178
0.0229405204
0.0230961028
0.0215637422
0.0187214438
0.0152418006
0.0126669639
0.0120318960
0.0134797355
0.0174898553
0.0243063226
0.0319268498
0.0365748536
0.0358641897
0.0284221752
0.0164608138
0.0037054483
-0.0074935763
-0.0142121695
-0.0155267612
-0.0137754776
-0.0108505711
-0.0075591873
-0.0041956245
-0.0005128866
0.0029558091
0.0055022871
0.0062592840
0.0046562829
0.0016636191
-0.0005231576
-0.0006261882
0.0014003915
0.0048808105
0.0081530986
0.0099193973
0.0104497611
0.0107816986
0.0116362290
0.0131197999
0.0142376400
0.0133940542
0.0092316135
0.0030932781
-0.0015649033
-0.0034064349
-0.0033136016
-0.0029201022
-0.0030623980
-0.0038180966
-0.0047583905
-0.0055123254
-0.0062221759
-0.0075523634
-0.0099425848
-0.0128873671
-0.0154239574
-0.0165218776
-0.0157093507
-0.0130948814
-0.0088240611
-0.0032655038
0.0022787854
0.0063770596
0.0084901416
0.0085905871
0.0067284403
0.0038586455
0.0015688854
0.0012047055
0.0031218456
0.0068705003
0.0111283377
0.0141657444
0.0153529023
0.0150551657
0.0139235901
0.0122990567
0.0094503985
0.0039617799
-0.0031591143
-0.0084572765
-0.0105179812
-0.0103244095
-0.0093180412
-0.0084510986
-0.0082601736
-0.0087400167
-0.0099125170
-0.0116115927
-0.0136083297
-0.0156419019
-0.0172879168
-0.0185132584
-0.0193295674
-0.0197122514
-0.0196013505
-0.0188530673
-0.0175461713
-0.0159877068
-0.0142239734
-0.0123963537
-0.0105745042
-0.0082917467
-0.0038505842
0.0035537640
0.0116559292
0.0172001156
0.0196486035
0.0205009763
0.0212625310
0.0221531942
0.0222907697
0.0205841802
0.0173905325
0.0145900367
0.0136298613
0.0146294811
0.0165821387
0.0179815085
0.0172738174
0.0141065998
0.0103383772
0.0082203341
0.0091113297
0.0125417128
0.0167368054
0.0193060977
0.0195398162
0.0182850341
0.0166937483
0.0153237000
0.0141387687
0.0127529401
0.0099786925
0.0040314664
-0.0048853658
-0.0149033967
-0.0245468651
-0.0334210831
-0.0407806525
-0.0444586403
-0.0435211757
-0.0377640373
-0.0292163630
-0.0204189891
-0.0135942052
-0.0106469768
-0.0106322439
-0.0115832371
-0.0123799086
-0.0128781348
-0.0133051993
-0.0137907185
-0.0140556212
-0.0136188039
-0.0119121265
-0.0089275799
-0.0055139009
-0.0032573038
-0.0029235380
-0.0044675443
-0.0081272832
-0.0139542286
-0.0208642110
-0.0278109658
-0.0345252126
-0.0406653048
-0.0452904473
-0.0482836681
-0.0500412613
-0.0508011539
-0.0506462677
-0.0496488870
-0.0479214683
-0.0457421794
-0.0434584435
-0.0412882490
-0.0393445352
-0.0378101990
-0.0368479790
-0.0366485242
-0.0372464307
-0.0385057475
-0.0399627128
-0.0413549765
-0.0426280665
-0.0434628214
-0.0433259859
-0.0421711851
-0.0399855678
-0.0369442160
-0.0333907769
-0.0304866996
-0.0295125378
-0.0313453820
-0.0365762209
-0.0441279446
-0.0515880787
-0.0564390497
-0.0584931752
-0.0593914400
-0.0605999413
-0.0624769402
-0.0645056705
-0.0661462915
-0.0672047485
-0.0677546746
-0.0681224627
-0.0686608483
-0.0698502013
-0.0718036053
-0.0740910542
-0.0762152438
-0.0776645071
-0.0779074204
-0.0761492000
-0.0710171634
-0.0629187375
-0.0537880964
-0.0451171717
-0.0371314217
-0.0291701386
-0.0207835284
-0.0127975149
-0.0070878427
-0.0038100146
-0.0004392030
0.0064304403
0.0166563800
0.0280482719
0.0387816074
0.0484606128
0.0577010007
0.0671882533
0.0764627983
0.0827341377
0.0848298526
0.0840723244
0.0822760332
0.0797522566
0.0755633983
0.0697083921
0.0630371522
0.0562555759
0.0497304665
0.0447449117
0.0418176845
0.0399565036
0.0377859766
0.0341150950
0.0281808864
0.0218953097
0.0187612519
0.0207023378
0.0272827596
0.0358369568
0.0439084258
0.0507773518
0.0572204803
0.0639576887
0.0700231821
0.0737236424
0.0747770819
0.0737579500
0.0709671758
0.0665910993
0.0615108503
0.0565397210
0.0519715718
0.0470274622
0.0411597866
0.0346387603
0.0285316587
0.0241162193
0.0213930883
0.0195688241
0.0179255814
0.0162990660
0.0147920003
0.0135246428
0.0124988251
0.0115122761
0.0104230801
0.0090365302
0.0070675153
0.0044669592
0.0015369561
-0.0012520495
-0.0034737011
-0.0049363556
-0.0057209856
-0.0059351023
-0.0057276188
-0.0053281616
-0.0048691396
-0.0046952951
-0.0052975827
-0.0067478645
-0.0089108525
-0.0123333455
-0.0179803921
-0.0255521610
-0.0337862056
-0.0418105345
-0.0492069455
-0.0546375339
-0.0572920936
-0.0580628807
-0.0579060878
-0.0534154287
-0.0385809108
-0.0150651821
0.0112497190
0.0361669437
0.0590527224
0.0812478697
0.1043766244
0.1290603250
0.1547326756
0.1804604078
0.2050426907
0.2219574945
0.2239888590
0.2133585656
0.1984507911
0.1856448780
0.1759212602
0.1669312742
0.1563022353
0.1435158907
0.1294782261
0.1154852179
0.1021879590
0.0895878291
0.0771736630
0.0645738467
0.0516992054
0.0386787409
0.0256583077
0.0127393550
-0.0001022637
-0.0129089239
-0.0257506123
-0.0386081436
-0.0515015569
-0.0643587810
-0.0757233335
-0.0832464319
-0.0873499914
-0.0897969364
-0.0919452104
-0.0943165155
-0.0965506527
-0.0982060756
-0.0994794729
-0.1008071228
-0.1029333195
-0.1066909800
-0.1129562983
-0.1216365745
-0.1313899842
-0.1409793193
-0.1500970025
-0.1583789461
-0.1640703794
-0.1663693060
-0.1660372681
-0.1635838003
-0.1563124586
-0.1432755490
-0.1271431103
-0.1106398102
-0.0949276559
-0.0797860625
-0.0643858132
-0.0483319936
-0.0317506138
-0.0149563446
0.0018069573
0.0182417073
0.0343813023
0.0491142709
0.0588076265
0.0632323985
0.0656414609
0.0698910318
0.0787368252
0.0892933603
0.0963761666
0.0982946357
0.0938302500
0.0813719292
0.0638718882
0.0457071380
0.0289989076
0.0132633276
-0.0013731034
-0.0110357070
-0.0146683736
-0.0148473002
-0.0144893215
-0.0150999852
-0.0166372191
-0.0184833599
-0.0204308996
-0.0228758627
-0.0260169200
-0.0298931772
-0.0344029532
-0.0388731656
-0.0425321242
-0.0448199307
-0.0458095529
-0.0455811843
-0.0439535776
-0.0409564432
-0.0358188371
-0.0276770342
-0.0174986361
-0.0068322727
0.0034941828
0.0134656738
0.0234421711
0.0337089287
0.0438291293
0.0528493963
0.0611101407
0.0696035249
0.0787227133
0.0882121987
0.0976780387
0.1069103107
0.1159780063
0.1250141539
0.1341126449
0.1439042509
0.1553848347
0.1657141991
0.1718663084
0.1735143930
0.1695917170
0.1543780587
0.1284891997
0.0981296203
0.0687652138
0.0415554285
0.0148671322
-0.0128138722
-0.0374514676
-0.0502452507
-0.0518680468
-0.0481401216
-0.0413006048
-0.0306694208
-0.0211479673
-0.0173055034
-0.0196068886
-0.0277972239
-0.0396500114
-0.0522597374
-0.0638042764
-0.0720302741
-0.0756534638
-0.0764769730
-0.0768184188
-0.0773867217
-0.0779723352
-0.0781439990
-0.0775343638
-0.0762167491
-0.0746957972
-0.0731077980
-0.0712894295
-0.0693295654
-0.0673705166
-0.0652919869
-0.0626756047
-0.0588987331
-0.0526382254
-0.0426918587
-0.0311783784
-0.0218886865
-0.0163779109
-0.0132125999
-0.0097512333
-0.0044982180
0.0022768806
0.0088692569
0.0133831473
0.0147165548
0.0127918702
0.0083249254
0.0033627613
-0.0000830378
-0.0011284020
-0.0002044358
0.0016868567
0.0037972072
0.0058359858
0.0082881968
0.0119996079
0.0184673852
0.0289132012
0.0399288630
0.0468054973
0.0485485646
0.0466941448
0.0406101616
0.0300244369
0.0171203173
0.0040227013
-0.0087151484
-0.0213355053
-0.0342687268
-0.0476515417
-0.0591470089
-0.0655029131
-0.0670818180
-0.0661225834
-0.0642225539
-0.0615686214
-0.0577202682
-0.0527960218
-0.0473472447
-0.0408166661
-0.0311276695
-0.0182193540
-0.0040991322
0.0096486804
0.0226972810
0.0354947332
0.0484832107
0.0620020519
0.0752132972
0.0848317969
0.0896680475
0.0912700332
0.0920141393
0.0933103667
0.0953779831
0.0977013077
0.0994314924
0.0999595920
0.0987681065
0.0927488375
0.0801185395
0.0635786738
0.0466962647
0.0311044758
0.0163260480
0.0013408279
-0.0144669744
-0.0310367762
-0.0472754557
-0.0596443884
-0.0671951524
-0.0725765624
-0.0786448155
-0.0857927249
-0.0925010948
-0.0972097110
-0.0997781440
-0.1011503875
-0.1022629090
-0.1037080328
-0.1055486041
-0.1077600995
-0.1105502465
-0.1144448241
-0.1198977345
-0.1275372406
-0.1359453135
-0.1416437087
-0.1433688758
-0.1409843996
-0.1307132390
-0.1122069237
-0.0899157902
-0.0679691131
-0.0475493713
-0.0277657449
-0.0072203067
0.0145795625
0.0371866526
0.0599179841
0.0800283486
0.0919908076
0.0958796777
0.0963367159
0.0975564880
0.1008904145
0.1054703299
0.1103259610
0.1164643346
0.1244220176
0.1335043896
0.1429401242
0.1521737760
0.1610827282
0.1679443223
0.1686632778
0.1568078812
0.1332981046
0.1052970982
0.0786606836
0.0546620385
0.0314603472
0.0069823295
-0.0184809264
-0.0368579451
-0.0427192170
-0.0361108598
-0.0218598041
-0.0061181716
0.0069718427
0.0137400661
0.0142854637
0.0122988183
0.0109450520
0.0112976369
0.0127221698
0.0142232019
0.0152267416
0.0156860378
0.0155817663
0.0147180475
0.0128774010
0.0098263088
0.0054837484
0.0000406910
-0.0068178032
-0.0150230470
-0.0239845394
-0.0327059158
-0.0388509440
-0.0415352391
-0.0418276883
-0.0407342839
-0.0369410988
-0.0283027633
-0.0159754765
-0.0025982437
0.0102759084
0.0222754724
0.0317072933
0.0370458658
0.0396225213
0.0414115559
0.0434155056
0.0456753391
0.0479367719
0.0500310693
0.0520333821
0.0543160204
0.0566604878
0.0583482112
0.0586655476
0.0551313635
0.0448989763
0.0298660007
0.0137196822
-0.0012500600
-0.0148549207
-0.0251465968
-0.0301609211
-0.0319040574
-0.0333701233
-0.0359004040
-0.0393144235
-0.0427584482
-0.0456528666
-0.0480988207
-0.0506283111
-0.0540316055
-0.0592533940
-0.0668554627
-0.0758524733
-0.0850257888
-0.0937231875
-0.1020571257
-0.1097360198
-0.1157078100
-0.1193712656
-0.1210338385
-0.1213810546
-0.1207828344
-0.1187667108
-0.1138395793
-0.1057112362
-0.0958441157
-0.0859341577
-0.0765939451
-0.0676396467
-0.0592479311
-0.0525744458
-0.0477743907
-0.0435835379
-0.0388606342
-0.0329801074
-0.0261289812
-0.0192574084
-0.0129659235
-0.0075916134
-0.0029405488
0.0016665493
0.0062554211
0.0104335041
0.0142053770
0.0180010833
0.0230444908
0.0300456424
0.0383305652
0.0466621766
0.0539649094
0.0593906246
0.0631820346
0.0664401958
0.0700764311
0.0742923843
0.0792447918
0.0855740841
0.0931327446
0.1010502242
0.1088018731
0.1158670552
0.1209824711
0.1237733081
0.1246772239
0.1243158332
0.1216200792
0.1141390030
0.1024084186
0.0891329233
0.0763171005
0.0643879456
0.0526941526
0.0404496244
0.0275765009
0.0143273291
0.0012795985
-0.0091466158
-0.0143381608
-0.0154082774
-0.0150516158
-0.0149991759
-0.0153117205
-0.0154794831
-0.0152660355
-0.0149102206
-0.0148478647
-0.0150678288
-0.0155465116
-0.0160183454
-0.0163120678
-0.0160638547
-0.0150303664
-0.0131806004
-0.0102393178
-0.0039732507
0.0061620171
0.0181940341
0.0285163488
0.0340903521
0.0359055219
0.0365006876
0.0373535559
0.0382672184
0.0379499948
0.0334212148
0.0233577943
0.0100623354
-0.0034602609
-0.0158184954
-0.0273092273
-0.0388983601
-0.0512310282
-0.0642484571
-0.0775142308
-0.0905163310
-0.1011250488
-0.1066308946
-0.1077243492
-0.1069853862
-0.1062940273
-0.1060542500
-0.1055554405
-0.1039044708
-0.0996952913
-0.0916360652
-0.0808531122
-0.0695046159
-0.0588877509
-0.0499174526
-0.0439545874
-0.0405854626
-0.0383927706
-0.0364819658
-0.0349154042
-0.0340533224
-0.0341513031
-0.0350262549
-0.0363924899
-0.0379137993
-0.0393719437
-0.0405667220
-0.0413155195
-0.0415525183
-0.0410700097
-0.0397242213
-0.0372581844
-0.0313327189
-0.0205514092
-0.0069234169
0.0068814386
0.0196886061
0.0319170091
0.0426569615
0.0495773866
0.0533990714
0.0563955348
0.0597323590
0.0631328624
0.0656095993
0.0661992269
0.0644512298
0.0603494766
0.0536071753
0.0451673600
0.0384556408
0.0356728696
0.0362966919
0.0387892969
0.0415974131
0.0438038846
0.0449842687
0.0450416509
0.0439327484
0.0418404894
0.0391454379
0.0363724949
0.0339279709
0.0320253510
0.0307762136
0.0301505975
0.0301743181
0.0309690201
0.0325942936
0.0347951392
0.0370796278
0.0389402255
0.0400970082
0.0405847978
0.0409156189
0.0414589406
0.0422848771
0.0431031178
0.0435031752
0.0431878960
0.0420234552
0.0397832781
0.0360427714
0.0302383235
0.0229294315
0.0156107491
0.0095597627
0.0047484889
0.0000165015
-0.0055688126
-0.0121909719
-0.0193421176
-0.0252811305
-0.0286960908
-0.0297557396
-0.0296428191
-0.0290285176
-0.0280410843
-0.0268350478
-0.0255242758
-0.0244316491
-0.0237361068
-0.0233244400
-0.0229944028
-0.0230266031
-0.0236199374
-0.0250780568
-0.0283577433
-0.0351146583
-0.0449044830
-0.0557718504
-0.0662875989
-0.0762264079
-0.0859696570
-0.0959788375
-0.1062591551
-0.1144733615
-0.1185162712
-0.1189041923
-0.1167896615
-0.1099033559
-0.0974440316
-0.0819518353
-0.0662658351
-0.0514563988
-0.0370993782
-0.0223997828
-0.0069265842
0.0088856831
0.0216891564
0.0286161734
0.0311155646
0.0321481812
0.0334446970
0.0349573197
0.0358730269
0.0356963895
0.0344150706
0.0325323580
0.0306319960
0.0290884650
0.0281358662
0.0282690703
0.0298871937
0.0330910836
0.0382305713
0.0444083642
0.0495900246
0.0527251800
0.0539464071
0.0539905681
0.0534993853
0.0527085969
0.0516553644
0.0500475207
0.0475960097
0.0444020734
0.0410294238
0.0381592653
0.0362240061
0.0351613782
0.0348821063
0.0353908318
0.0368170268
0.0391040367
0.0420135769
0.0451260528
0.0479271695
0.0496953059
0.0497999348
0.0481924047
0.0447136647
0.0390204627
0.0319492031
0.0256693527
0.0211525646
0.0179733361
0.0151700493
0.0119350631
0.0080938787
0.0038758037
-0.0005894718
-0.0055480888
-0.0115481956
-0.0183245035
-0.0244943625
-0.0287502555
-0.0311572230
-0.0325215639
-0.0334832194
-0.0339728154
-0.0337308304
-0.0329240862
-0.0319206468
-0.0311430609
-0.0307751348
-0.0309081758
-0.0314517922
-0.0323584489
-0.0334372585
-0.0344627313
-0.0352492233
-0.0358366620
-0.0364195347
-0.0371092001
-0.0380179516
-0.0390115189
-0.0399231806
-0.0407624701
-0.0412733719
-0.0413052335
-0.0407256787
-0.0393672460
-0.0371354734
-0.0332580809
-0.0272552570
-0.0199155384
-0.0123598383
-0.0051498484
0.0018032525
0.0088029873
0.0155084847
0.0216875257
0.0275216400
0.0328906503
0.0378023465
0.0427878574
0.0482203149
0.0539805956
0.0591525847
0.0630909657
0.0656831695
0.0671814168
0.0679156132
0.0679065189
0.0667711048
0.0642657050
0.0602025495
0.0546319582
0.0484470026
0.0428816986
0.0382224867
0.0341360684
0.0304353949
0.0268450516
0.0233635708
0.0198633682
0.0162772396
0.0129244094
0.0099173589
0.0072664056
0.0048129058
0.0023393501
-0.0003776066
-0.0035298816
-0.0069827120
-0.0107193302
-0.0154020368
-0.0208890730
-0.0268260852
-0.0323909439
-0.0365446353
-0.0391317964
-0.0407352121
-0.0418451181
-0.0423605860
-0.0421642358
-0.0414767091
-0.0405489472
-0.0396768679
-0.0391121212
-0.0389008626
-0.0388556856
-0.0387467729
-0.0382634426
-0.0370755573
-0.0353152421
-0.0331918678
-0.0310306861
-0.0290486945
-0.0276921309
-0.0271770080
-0.0274649289
-0.0281292430
-0.0288325375
-0.0294669155
-0.0301425004
-0.0307834828
-0.0312785856
-0.0314212164
-0.0309885887
-0.0299541658
-0.0285050655
-0.0266636789
-0.0246969783
-0.0231314390
-0.0221406439
-0.0217503269
-0.0217436786
-0.0219220408
-0.0222325220
-0.0225882178
-0.0228380051
-0.0229866570
-0.0230092988
-0.0227402565
-0.0219101994
-0.0205559752
-0.0188419408
-0.0169937741
-0.0152738629
-0.0139026292
-0.0129976283
-0.0122380869
-0.0112783317
-0.0099575622
-0.0079797666
-0.0050844280
-0.0013028976
0.0029964044
0.0071437260
0.0110320881
0.0148088092
0.0185277529
0.0217797989
0.0242131714
0.0256627671
0.0259114506
0.0248133986
0.0228974069
0.0208221888
0.0191368424
0.0181579891
0.0179430363
0.0186330153
0.0201247085
0.0223535145
0.0251235160
0.0280394536
0.0306671253
0.0327270774
0.0340672462
0.0346708728
0.0346802933
0.0340620906
0.0327914780
0.0308235481
0.0279999715
0.0237934702
0.0179893547
0.0113356324
0.0046316121
-0.0015719543
-0.0063287655
-0.0092552274
-0.0106313596
-0.0110619928
-0.0109600106
-0.0101324623
-0.0081034309
-0.0047998482
-0.0003291474
0.0046752725
0.0089925135
0.0125188138
0.0155741521
0.0184034613
0.0209987823
0.0232539368
0.0247117237
0.0250262879
0.0241552372
0.0222907509
0.0199610164
0.0177819847
0.0161326143
0.0147464031
0.0134341446
0.0121031894
0.0106597026
0.0092424326
0.0079777470
0.0069570158
0.0062307033
0.0058511615
0.0057884813
0.0059277974
0.0061793007
0.0064952297
0.0068233351
0.0070005432
0.0069614187
0.0068470557
0.0066172383
0.0061618377
0.0055287053
0.0048351261
0.0043221946
0.0040645341
0.0038636612
0.0035634849
0.0029473451
0.0021668691
0.0011904657
-0.0000001145
-0.0013553826
-0.0027574362
-0.0041530767
-0.0056067981
-0.0068986426
-0.0078457848
-0.0085286075
-0.0088575346
-0.0088752027
-0.0087540534
-0.0086832115
-0.0087728567
-0.0089857022
-0.0092573787
-0.0094511135
-0.0093976575
-0.0089360031
-0.0080573194
-0.0067525434
-0.0052205165
-0.0039517472
-0.0033678121
-0.0033733960
-0.0035478602
-0.0036358534
-0.0036030384
-0.0032761373
-0.0028635240
-0.0025180616
-0.0022378025
-0.0020867905
-0.0019934135
-0.0017657348
-0.0014067325
-0.0008525534
-0.0000907931
0.0008239796
0.0018722071
0.0030848711
0.0044196616
0.0057430058
0.0068747088
0.0076075128
0.0078799984
0.0076090369
0.0067863932
0.0053191225
0.0030579142
0.0000964805
-0.0033176809
-0.0065908458
-0.0092835892
-0.0113634925
-0.0129889981
-0.0145329242
-0.0161872933
-0.0179518609
-0.0197513508
-0.0214673044
-0.0229275688
-0.0241837433
-0.0251645973
-0.0259257005
-0.0264578580
-0.0265951388
-0.0261838985
-0.0253284713
-0.0244346408
-0.0237329771
-0.0230752924
-0.0222631041
-0.0211154346
-0.0196736286
-0.0177975204
-0.0153351651
-0.0122274434
-0.0086617677
-0.0047286563
-0.0003686217
0.0040146218
0.0080276530
0.0119011380
0.0157108936
0.0191491982
0.0219802196
0.0240947253
0.0252374713
0.0251359345
0.0238633901
0.0214640242
0.0175033212
0.0119438125
0.0054841492
-0.0008873704
-0.0057343712
-0.0083545040
-0.0093949355
-0.0096764276
-0.0094973065
-0.0088006415
-0.0071797835
-0.0036317759
0.0022676765
0.0085576405
0.0132490275
0.0157767178
0.0167226809
0.0170460573
0.0173427087
0.0173950859
0.0168069134
0.0154552294
0.0134207979
0.0107741911
0.0075997920
0.0038687346
-0.0004424889
-0.0048599850
-0.0082895264
-0.0102145686
-0.0109879836
-0.0109936660
-0.0102235250
-0.0085634609
-0.0058050431
-0.0011884668
0.0049883565
0.0106692172
0.0144277872
0.0162728304
0.0169350058
0.0171264889
0.0169810734
0.0162703781
0.0149158967
0.0132827895
0.0117060297
0.0102948999
0.0091196149
0.0080428437
0.0068224947
0.0051678477
0.0027104448
-0.0004080133
-0.0037445942
-0.0066134751
-0.0083760545
-0.0089782511
-0.0089255101
-0.0083638994
-0.0073875863
-0.0060167671
-0.0040960539
-0.0014423315
0.0020115564
0.0056359001
0.0090310987
0.0123169945
0.0156062521
0.0190184465
0.0225893781
0.0260769113
0.0290289441
0.0312655462
0.0327560414
0.0335824106
0.0337266784
0.0331023041
0.0315367335
0.0290682568
0.0260617645
0.0230899500
0.0208219693
0.0194905876
0.0187467261
0.0182484497
0.0178411733
0.0173089091
0.0165416469
0.0155331774
0.0142669489
0.0128683066
0.0114575156
0.0100248730
0.0085970347
0.0069159470
0.0046359027
0.0013639345
-0.0028209129
-0.0067916805
-0.0098782846
-0.0122445094
-0.0142488856
-0.0162995051
-0.0185695744
-0.0208047527
-0.0225972619
-0.0237413941
-0.0244745995
-0.0246821075
-0.0244212251
-0.0240165076
-0.0236220699
-0.0233907723
-0.0234466932
-0.0237712047
-0.0241068365
-0.0243985080
-0.0246940556
-0.0249758613
-0.0251842976
-0.0252673322
-0.0251844607
-0.0248257669
-0.0240903475
-0.0230155707
-0.0215640182
-0.0197801705
-0.0177635890
-0.0155856361
-0.0131315975
-0.0106446060
-0.0083673553
-0.0065244822
-0.0052293368
-0.0045873539
-0.0045747260
-0.0049169351
-0.0054096332
-0.0059210205
-0.0062671616
-0.0064660337
-0.0065414917
-0.0064736416
-0.0061701543
-0.0056901099
-0.0050931680
-0.0043407528
-0.0032369557
-0.0019716773
-0.0006114627
0.0006911544
0.0018022891
0.0028169929
0.0038920525
0.0051761423
0.0067157395
0.0085943566
0.0105550047
0.0122593488
0.0136586308
0.0150855471
0.0166489289
0.0184203517
0.0203684496
0.0223604952
0.0242569873
0.0258003741
0.0267129264
0.0269393945
0.0265283988
0.0256579001
0.0243930639
0.0225831061
0.0201600824
0.0173138828
0.0142281442
0.0113444257
0.0091106147
0.0075305683
0.0063546875
0.0052703767
0.0043686699
0.0037674430
0.0035015768
0.0034500250
0.0035369840
0.0037599624
0.0038624513
0.0035710834
0.0029634145
0.0019248646
0.0002817025
-0.0020340702
-0.0048747562
-0.0077199629
-0.0102051669
-0.0121779826
-0.0136721971
-0.0149253674
-0.0162603241
-0.0177789428
-0.0194645087
-0.0212665702
-0.0229989438
-0.0244307961
-0.0254517782
-0.0259088853
-0.0258255372
-0.0250696523
-0.0236149638
-0.0215294784
-0.0190330100
-0.0165303197
-0.0142398038
-0.0124372594
-0.0112720661
-0.0105947689
-0.0102294645
-0.0100322363
-0.0098348261
-0.0095408653
-0.0092126470
-0.0088039092
-0.0084780053
-0.0082294096
-0.0079869480
-0.0078509592
-0.0078464747
-0.0079700387
-0.0081658433
-0.0083760482
-0.0084732449
-0.0084579162
-0.0083686348
-0.0080311465
-0.0074149697
-0.0067364245
-0.0059787929
-0.0050738949
-0.0039832914
-0.0027598904
-0.0013525251
0.0001806061
0.0017547840
0.0031215960
0.0042259432
0.0050125174
0.0053409815
0.0050705331
0.0041609317
0.0025996768
0.0005863781
-0.0014570123
-0.0033989612
-0.0050426849
-0.0062422123
-0.0070723384
-0.0076570990
-0.0080453337
-0.0081860766
-0.0079880518
-0.0076313588
-0.0071940836
-0.0066944901
-0.0060795464
-0.0053904686
-0.0046134635
-0.0037231221
-0.0028384719
-0.0022148666
-0.0018899800
-0.0017873813
-0.0018091544
-0.0020785410
-0.0026807827
-0.0035845073
-0.0046411135
-0.0056150859
-0.0064704680
-0.0071595940
-0.0074871475
-0.0074521374
-0.0069734923
-0.0060884312
-0.0050139938
-0.0040021776
-0.0031352770
-0.0024277459
-0.0017611807
-0.0011491842
-0.0006010822
-0.0000487143
0.0005681892
0.0012919981
0.0023010516
0.0035232013
0.0047352469
0.0058277570
0.0067815701
0.0077321368
0.0088019587
0.0100047149
0.0112051003
0.0120874656
0.0124561381
0.0122966420
0.0116578171
0.0105325134
0.0092603202
0.0081045912
0.0071807494
0.0065514893
0.0060440094
0.0056667544
0.0054688644
0.0055257173
0.0059257120
0.0066744763
0.0076791512
0.0088319826
0.0099053105
0.0107228111
0.0112359960
0.0115540976
0.0116318198
0.0114615610
0.0112745748
0.0112140253
0.0110849231
0.0108443807
0.0104705526
0.0101677295
0.0100616643
0.0101286991
0.0104485882
0.0108123434
0.0109342078
0.0107290078
0.0102985628
0.0096521990
0.0088775672
0.0080944683
0.0074074935
0.0068050398
0.0063087579
0.0058585668
0.0053465053
0.0048381298
0.0044348969
0.0040797367
0.0037944695
0.0037110743
0.0040101292
0.0046290839
0.0055789939
0.0068103584
0.0082495615
0.0097018165
0.0108653792
0.0114206866
0.0111732324
0.0103212673
0.0091925391
0.0080836617
0.0069396801
0.0057864900
0.0047593927
0.0039623638
0.0033220675
0.0028846041
0.0025456332
0.0022371365
0.0019308023
0.0014916298
0.0009621215
0.0002279946
-0.0006872489
-0.0017650938
-0.0029004527
-0.0038441899
-0.0045982277
-0.0050516313
-0.0052475838
-0.0051746214
-0.0047582136
-0.0039749146
-0.0028548279
-0.0016757001
-0.0006110355
0.0002596727
0.0009193518
0.0012299019
0.0010604616
0.0005709172
-0.0000839872
-0.0007310661
-0.0013271017
-0.0017667176
-0.0019508074
-0.0019527699
-0.0017836657
-0.0014244671
-0.0009361318
-0.0005136943
-0.0003078617
-0.0003946436
-0.0007371975
-0.0012633421
-0.0020008959
-0.0028316292
-0.0036222137
-0.0043051744
-0.0049930166
-0.0057841900
-0.0067137889
-0.0077388102
-0.0088286271
-0.0100313017
-0.0114465396
-0.0130437084
-0.0145922131
-0.0158847587
-0.0168661145
-0.0177160977
-0.0184556755
-0.0190243735
-0.0193492864
-0.0193545862
-0.0188798736
-0.0179329447
-0.0166107389
-0.0150543943
-0.0133468953
-0.0115396971
-0.0097121276
-0.0078088053
-0.0056670981
-0.0032845310
-0.0007425413
0.0020751698
0.0050395646
0.0078204273
0.0101920899
0.0119574226
0.0130176296
0.0133911001
0.0131638417
0.0124195223
0.0111467835
0.0094032584
0.0074180681
0.0055094089
0.0039493118
0.0029664388
0.0024840287
0.0023420087
0.0025291486
0.0029753337
0.0034785505
0.0039477482
0.0042445835
0.0045023857
0.0047403228
0.0050027394
0.0054062194
0.0057817521
0.0059491315
0.0059162689
0.0056615850
0.0050657055
0.0041102429
0.0027762063
0.0010646977
-0.0007407406
-0.0023868383
-0.0037322434
-0.0046214032
-0.0050204326
-0.0050270702
-0.0046328044
-0.0039638778
-0.0032481536
-0.0026429183
-0.0020902232
-0.0013907139
-0.0005383601
0.0004180084
0.0014541203
0.0024014645
0.0031336946
0.0037086132
0.0041068385
0.0043434767
0.0042139806
0.0037007375
0.0028107028
0.0016421463
0.0004274865
-0.0006051402
-0.0013581141
-0.0017832650
-0.0018326799
-0.0013620165
-0.0005009292
0.0006344884
0.0019668059
0.0034072320
0.0049352831
0.0065125153
0.0080358630
0.0093417743
0.0104163189
0.0110620367
0.0111433026
0.0107670097
0.0099039934
0.0087496128
0.0074795208
0.0059986869
0.0043609266
0.0026416482
0.0009948794
-0.0005853744
-0.0021184520
-0.0034650828
-0.0046734147
-0.0058056126
-0.0068161976
-0.0077165698
-0.0085667913
-0.0093577615
-0.0101700314
-0.0110764246
-0.0121233224
-0.0132752067
-0.0145207377
-0.0156267677
-0.0164717646
-0.0169642081
-0.0171981274
-0.0170641331
-0.0165418225
-0.0155606862
-0.0143807098
-0.0132556068
-0.0122366443
-0.0113045987
-0.0104746357
-0.0098813516
-0.0095751479
-0.0093987802
-0.0090682977
-0.0083666591
-0.0072782910
-0.0058506528
-0.0041640037
-0.0021917387
0.0001931903
0.0028859300
0.0055075060
0.0077904912
0.0095914487
0.0109210115
0.0118947782
0.0125154082
0.0127826065
0.0126761210
0.0122149433
0.0114339455
0.0102126431
0.0086151481
0.0067176587
0.0046336950
0.0025481150
0.0006508658
-0.0009137452
-0.0020662806
-0.0029731674
-0.0037117479
-0.0044402105
-0.0051847142
-0.0059374468
-0.0067104272
-0.0073465300
-0.0078432259
-0.0081558081
-0.0083042342
-0.0081693556
-0.0077484125
-0.0072145177
-0.0067519727
-0.0064743754
-0.0064345923
-0.0066412599
-0.0070428288
-0.0076090808
-0.0081929883
-0.0086364038
-0.0089320831
-0.0089439434
-0.0086490795
-0.0080678877
-0.0071701686
-0.0059395178
-0.0044924083
-0.0029273112
-0.0013865374
-0.0000231680
0.0011195291
0.0019577969
0.0024170961
0.0025105189
0.0022663262
0.0018105637
0.0012449502
0.0005984778
-0.0000326879
-0.0004684196
-0.0004072950
0.0002108409
0.0012503654
0.0028060477
0.0049507184
0.0074388095
0.0101059507
0.0127488570
0.0149504113
0.0165310598
0.0173676084
0.0176076805
0.0176468866
0.0175141655
0.0171697153
0.0165220909
0.0156146063
0.0143849622
0.0127854916
0.0107751946
0.0084300248
0.0059799845
0.0037051893
0.0017621385
0.0002537475
-0.0008594645
-0.0015766745
-0.0019039558
-0.0020105811
-0.0020759651
-0.0021710111
-0.0022730027
-0.0023380674
-0.0024275076
-0.0026901468
-0.0032381699
-0.0039436106
-0.0045364965
-0.0050082763
-0.0053314657
-0.0055211519
-0.0056192530
-0.0056326750
-0.0057781376
-0.0060375612
-0.0062842909
-0.0064095108
-0.0064086201
-0.0063583315
-0.0063290853
-0.0063270218
-0.0061392461
-0.0055076860
-0.0046057672
-0.0037772272
-0.0032588442
-0.0029404679
-0.0026799204
-0.0025162233
-0.0024390342
-0.0023995854
-0.0023647321
-0.0022993381
-0.0021250119
-0.0019750335
-0.0021368063
-0.0025509455
-0.0030863507
-0.0038022938
-0.0046217783
-0.0054140788
-0.0059721552
-0.0062117531
-0.0061996119
-0.0058598419
-0.0051528859
-0.0041594133
-0.0030051526
-0.0017946110
-0.0005951833
0.0004347348
0.0012118825
0.0018316764
0.0022733934
0.0027332227
0.0031784238
0.0037704805
0.0045580576
0.0054570386
0.0064424198
0.0073363443
0.0082650344
0.0092294183
0.0101491269
0.0109870867
0.0116589586
0.0120203242
0.0121736236
0.0123152195
0.0125158409
0.0126443598
0.0126233675
0.0123676971
0.0118174763
0.0111026289
0.0103245287
0.0096141219
0.0090315377
0.0087422244
0.0087077788
0.0087511745
0.0087280373
0.0085003335
0.0080956161
0.0076766173
0.0072599831
0.0069845246
0.0067222498
0.0064215968
0.0062260821
0.0060864888
0.0058962607
0.0056387162
0.0054712233
0.0052770740
0.0050711778
0.0049584079
0.0048936116
0.0047264091
0.0044534343
0.0042035146
0.0040198921
0.0036310120
0.0028760215
0.0017963194
0.0003619970
-0.0013372786
-0.0031207355
-0.0048190598
-0.0062782636
-0.0075368967
-0.0083401475
-0.0084719466
-0.0079344077
-0.0068520231
-0.0051995079
-0.0031653856
-0.0011253194
0.0008661140
0.0027698371
0.0042749172
0.0051223627
0.0053658329
0.0052491969
0.0047342384
0.0038606055
0.0025656407
0.0007997385
-0.0012113250
-0.0031210271
-0.0047029751
-0.0060162729
-0.0071016411
-0.0078241528
-0.0081353051
-0.0081093517
-0.0078809705
-0.0074501617
-0.0068981032
-0.0062872639
-0.0056561918
-0.0049729338
-0.0043709774
-0.0039024364
-0.0035257828
-0.0033262039
-0.0032778677
-0.0032836072
-0.0033334304
-0.0033552255
-0.0033423818
-0.0032286020
-0.0028975683
-0.0022649965
-0.0012179801
0.0001680922
0.0016987458
0.0031762073
0.0046415387
0.0059589057
0.0070947106
0.0081051369
0.0089594415
0.0096440329
0.0101638472
0.0105667709
0.0108910253
0.0111227493
0.0112630407
0.0113176632
0.0113274851
0.0113317877
0.0113444445
0.0112732891
0.0111118110
0.0109503581
0.0106418338
0.0101449999
0.0093489808
0.0083073012
0.0071834212
0.0060162503
0.0047285735
0.0034534351
0.0019795769
0.0001359934
-0.0020094829
-0.0041944184
-0.0061518979
-0.0078712553
-0.0093710393
-0.0106686527
-0.0117844794
-0.0127436576
-0.0134950266
-0.0140680899
-0.0143280880
-0.0141225243
-0.0134426557
-0.0122804540
-0.0105454086
-0.0080690982
-0.0047194560
-0.0009140074
0.0025576252
0.0052716619
0.0072167379
0.0084474107
0.0091673321
0.0095885197
0.0098325807
0.0099512275
0.0098968684
0.0097901070
0.0098741702
0.0102379505
0.0106308014
0.0108589755
0.0109360705
0.0108974415
0.0106104238
0.0099849017
0.0091718981
0.0083874820
0.0075636529
0.0066829183
0.0058599817
0.0050009770
0.0040067254
0.0029270346
0.0019880334
0.0012171755
0.0006365544
0.0002807747
0.0001526532
0.0001045393
-0.0000645765
-0.0003231556
-0.0007413063
-0.0012979753
-0.0020447295
-0.0029331799
-0.0040836693
-0.0053500132
-0.0066628292
-0.0080602986
-0.0095613558
-0.0109655739
-0.0122403072
-0.0134196877
-0.0144244819
-0.0152602967
-0.0158179686
-0.0158503570
-0.0152712914
-0.0142316628
-0.0128790191
-0.0112369995
-0.0094677279
-0.0078815538
-0.0066364180
-0.0058864921
-0.0056368703
-0.0056405451
-0.0056923358
-0.0056426418
-0.0054327216
-0.0050804974
-0.0045868158
-0.0039425651
-0.0033107798
-0.0026893107
-0.0019448898
-0.0011362326
-0.0004588253
-0.0001100004
0.0000134081
0.0000708407
0.0001188215
0.0001193184
-0.0000608921
-0.0003082347
-0.0006088059
-0.0009615652
-0.0011928509
-0.0014262703
-0.0017371077
-0.0020218763
-0.0023326635
-0.0026412982
-0.0028332894
-0.0030826734
-0.0034342322
-0.0038869051
-0.0043023934
-0.0045728525
-0.0046636894
-0.0044780844
-0.0038893800
-0.0029080142
-0.0014853553
0.0002807493
0.0021669607
0.0039687254
0.0054822682
0.0065715031
0.0071502175
0.0073052354
0.0071003365
0.0065963715
0.0060326841
0.0053963304
0.0047033577
0.0040655376
0.0035960916
0.0034406973
0.0037429660
0.0043823679
0.0053582100
0.0065382241
0.0079812593
0.0096059495
0.0110926941
0.0122121586
0.0128311389
0.0128184696
0.0121717985
0.0109594085
0.0092493757
0.0072383699
0.0051169469
0.0030402843
0.0012523204
-0.0001522725
-0.0011445273
-0.0017594679
-0.0020763226
-0.0022530867
-0.0023073267
-0.0022048427
-0.0018385530
-0.0011882203
-0.0003552466
0.0005665925
0.0013461748
0.0019183982
0.0022725379
0.0024364909
0.0023541764
0.0020997747
0.0019372844
0.0017913784
0.0014122123
0.0008583293
0.0004398558
0.0001484282
-0.0001196230
-0.0004937028
-0.0009363864
-0.0013473370
-0.0017478672
-0.0020229927
-0.0022648824
-0.0024864377
-0.0026800828
-0.0028000530
-0.0028390289
-0.0028374703
-0.0028362372
-0.0029155958
-0.0032020841
-0.0038375541
-0.0047300249
-0.0056946282
-0.0067523741
-0.0077185893
-0.0083112525
-0.0085613597
-0.0084508979
-0.0080094455
-0.0074330142
-0.0068055102
-0.0059972757
-0.0050449184
-0.0041705699
-0.0034005129
-0.0026372051
-0.0017693142
-0.0007870722
0.0003610362
0.0017092790
0.0030741241
0.0043295880
0.0053831787
0.0062658827
0.0068557110
0.0071194158
0.0070771616
0.0067381806
0.0061162913
0.0052985002
0.0041790696
0.0026681679
0.0007504326
-0.0011884774
-0.0029005982
-0.0042628970
-0.0051743053
-0.0056934704
-0.0058349911
-0.0055751460
-0.0047870885
-0.0036411212
-0.0023864757
-0.0010814125
0.0003298624
0.0016611617
0.0027988789
0.0036061932
0.0039397389
0.0037506642
0.0030834618
0.0020146842
0.0004528003
-0.0013561980
-0.0031414048
-0.0049427687
-0.0065917427
-0.0078845456
-0.0089833063
-0.0098191462
-0.0101112379
-0.0096929417
-0.0086808344
-0.0072631317
-0.0055666525
-0.0038437051
-0.0022564930
-0.0009679137
-0.0001157599
0.0003019677
0.0004232856
0.0004240598
0.0003535751
0.0002608907
0.0000077004
-0.0003373377
-0.0007385184
-0.0012420526
-0.0019309723
-0.0028603360
-0.0039325356
-0.0048698678
-0.0055913352
-0.0060818877
-0.0062528276
-0.0059304379
-0.0051484811
-0.0040738361
-0.0026401636
-0.0008389727
0.0012596956
0.0033706564
0.0051900968
0.0065914103
0.0075245033
0.0079051803
0.0077326511
0.0073625674
0.0069777509
0.0066811559
0.0065752287
0.0066705312
0.0068594428
0.0070960465
0.0072380313
0.0072343747
0.0070803979
0.0068631056
0.0066284463
0.0062993938
0.0059746847
0.0057054781
0.0054573748
0.0052572069
0.0050536515
0.0048974770
0.0047085860
0.0043874438
0.0039279006
0.0035732472
0.0032074511
0.0027167048
0.0022141704
0.0016766158
0.0010769638
0.0005481364
-0.0000738727
-0.0007854616
-0.0014605441
-0.0020989857
-0.0026379565
-0.0031142910
-0.0034661302
-0.0036135007
-0.0035695148
-0.0033073409
-0.0027412991
-0.0018543521
-0.0008114513
0.0003582072
0.0013575496
0.0017560070
0.0015364901
0.0008695417
0.0000174349
-0.0007772447
-0.0014913250
-0.0021954316
-0.0028258163
-0.0033881264
-0.0039541406
-0.0044341480
-0.0047383578
-0.0048399436
-0.0048317913
-0.0048173827
-0.0047874698
-0.0046081750
-0.0042383228
-0.0037146474
-0.0031385303
-0.0025203722
-0.0017827795
-0.0010768007
-0.0005068690
-0.0001946013
0.0000067740
0.0000528265
-0.0001493872
-0.0004147480
-0.0005728201
-0.0007714933
-0.0009186913
-0.0009645011
-0.0009045179
-0.0007782225
-0.0004629820
0.0000303645
0.0006384642
0.0013475834
0.0020739487
0.0027819264
0.0035259158
0.0043268340
0.0051122881
0.0058694148
0.0066320903
0.0074300726
0.0082382343
0.0089621698
0.0094568649
0.0097656275
0.0099104347
0.0099452127
0.0098352087
0.0095662542
0.0092500718
0.0087926197
0.0081001319
0.0072052602
0.0061623802
0.0049799715
0.0039358515
0.0032127860
0.0027226381
0.0022942120
0.0019189552
0.0016126349
0.0012606189
0.0009204531
0.0006524363
0.0004632471
0.0003841339
0.0002697866
0.0000856284
-0.0000968030
-0.0002985588
-0.0004318542
-0.0004794206
-0.0005952786
-0.0007700877
-0.0008868642
-0.0009124764
-0.0007381741
-0.0003296177
0.0001913872
0.0006379443
0.0010257770
0.0013270045
0.0014514115
0.0014257936
0.0013531730
0.0013824932
0.0013714508
0.0011147273
0.0006600147
0.0001508348
-0.0005278448
-0.0012746593
-0.0019649444
-0.0025382730
-0.0029449241
-0.0033462560
-0.0037518534
-0.0040821652
-0.0043928182
-0.0048313510
-0.0053924838
-0.0061230255
-0.0069824047
-0.0077192103
-0.0083065297
-0.0088440373
-0.0092970928
-0.0097093491
-0.0101251241
-0.0104503757
-0.0106027406
-0.0107242850
-0.0109389180
-0.0113422619
-0.0117349372
-0.0120175018
-0.0121757122
-0.0122575613
-0.0122246147
-0.0121422512
-0.0119884814
-0.0118579367
-0.0118224437
-0.0118843793
-0.0121801527
-0.0126783852
-0.0132084228
-0.0135167903
-0.0136089004
-0.0135829658
-0.0133426178
-0.0129458281
-0.0123516346
-0.0115455552
-0.0106043776
-0.0096472818
-0.0087062296
-0.0077394185
-0.0066870578
-0.0054517708
-0.0039400745
-0.0022593555
-0.0006061227
0.0008399123
0.0019823547
0.0029137161
0.0037756787
0.0044826849
0.0050258347
0.0054328044
0.0056870705
0.0058479992
0.0060608515
0.0064008429
0.0067163855
0.0069625539
0.0071281464
0.0073122600
0.0074854164
0.0075745913
0.0075871226
0.0074562392
0.0070837722
0.0064825854
0.0056472310
0.0047550670
0.0039585799
0.0033328371
0.0029296525
0.0026764821
0.0025415802
0.0025398423
0.0027870901
0.0031548575
0.0035826890
0.0038812967
0.0039539556
0.0038187458
0.0035547299
0.0032553764
0.0029475050
0.0026833097
0.0024882553
0.0024954844
0.0028337058
0.0035240091
0.0043587401
0.0054378753
0.0066203555
0.0078429060
0.0090971425
0.0102736442
0.0112679203
0.0120415234
0.0125148060
0.0126069412
0.0123913236
0.0119657016
0.0114799253
0.0108665270
0.0099940086
0.0089668361
0.0079111324
0.0069283090
0.0059735846
0.0048816359
0.0039158678
0.0030836694
0.0023386206
0.0014640978
0.0005333959
-0.0004047393
-0.0013433442
-0.0023369862
-0.0033853472
-0.0046578891
-0.0060477130
-0.0072949117
-0.0082876511
-0.0090224183
-0.0095155328
-0.0097079756
-0.0097017663
-0.0095627858
-0.0092063186
-0.0085301003
-0.0077275708
-0.0069387957
-0.0061189519
-0.0053346067
-0.0046168353
-0.0039770088
-0.0034012736
-0.0029111270
-0.0025365526
-0.0020735912
-0.0014117889
-0.0006351457
0.0002058885
0.0011365932
0.0019572412
0.0026055737
0.0031707093
0.0036560165
0.0041982644
0.0048377127
0.0054468680
0.0059421483
0.0063447025
0.0067011886
0.0069600326
0.0070681550
0.0070782717
0.0070185438
0.0068036537
0.0063192572
0.0056229848
0.0047373869
0.0036743262
0.0025203308
0.0012058395
-0.0001690785
-0.0015055674
-0.0026923984
-0.0037734139
-0.0047253836
-0.0056175157
-0.0063359594
-0.0068533088
-0.0071655273
-0.0072327126
-0.0069267347
-0.0061979605
-0.0052170782
-0.0040388912
-0.0028229990
-0.0016647800
-0.0007515271
-0.0002771785
-0.0000747433
-0.0000760805
-0.0002763346
-0.0005051105
-0.0005008614
-0.0002680239
-0.0000273290
0.0002851254
0.0006087142
0.0009295199
0.0012294673
0.0013894030
0.0013149629
0.0011111761
0.0008204849
0.0004076996
-0.0000990228
-0.0005796489
-0.0008613982
-0.0009136254
-0.0008637501
-0.0008147441
-0.0006215076
-0.0003286277
-0.0002330724
-0.0003935081
-0.0006377085
-0.0010290020
-0.0015274766
-0.0020082793
-0.0023426485
-0.0025118141
-0.0026766683
-0.0028111644
-0.0027696891
-0.0025966782
-0.0023598130
-0.0019886443
-0.0014447688
-0.0008066056
0.0000366442
0.0009412629
0.0018692706
0.0027510626
0.0036000649
0.0043963644
0.0049446729
0.0050697196
0.0049786619
0.0047822265
0.0044724791
0.0041712761
0.0039090627
0.0037326517
0.0036170682
0.0035507729
0.0034126629
0.0031444655
0.0026968371
0.0021787796
0.0015781252
0.0008968768
0.0002445825
-0.0004806213
-0.0010841458
-0.0015839017
-0.0021692575
-0.0027114188
-0.0031381678
-0.0035829060
-0.0039577683
-0.0041745500
-0.0043655327
-0.0045096104
-0.0045882546
-0.0047168199
-0.0048891779
-0.0050001309
-0.0050233848
-0.0049831163
-0.0047594335
-0.0044004406
-0.0040760350
-0.0037246707
-0.0034017440
-0.0031631635
-0.0030681093
-0.0030699671
-0.0030854124
-0.0030743148
-0.0031024414
-0.0031046949
-0.0028881591
-0.0026210172
-0.0023840165
-0.0020567541
-0.0014655654
-0.0005400348
0.0005811119
0.0018457093
0.0033015450
0.0049014559
0.0065136379
0.0080244355
0.0092792114
0.0102075189
0.0107349223
0.0108182767
0.0105992095
0.0100128810
0.0090687179
0.0079774710
0.0068738872
0.0056539288
0.0043691140
0.0032157846
0.0023414242
0.0016579642
0.0011280314
0.0008469369
0.0007179978
0.0006663118
0.0005962106
0.0003972333
0.0001017829
-0.0000839431
-0.0001663090
-0.0000737423
0.0001506889
0.0003012181
0.0003059785
0.0000889632
-0.0003364193
-0.0008540092
-0.0013368929
-0.0018739469
-0.0025004593
-0.0030142149
-0.0034646951
-0.0038307980
-0.0040567493
-0.0040490298
-0.0037183774
-0.0031784495
-0.0026107631
-0.0019981670
-0.0011650209
-0.0002382637
0.0004891513
0.0008871471
0.0010616664
0.0010081967
0.0007603662
0.0003843118
-0.0000689206
-0.0006679086
-0.0012433145
-0.0018055888
-0.0024076951
-0.0028925632
-0.0032694689
-0.0036376296
-0.0039902452
-0.0043447267
-0.0047357819
-0.0051428407
-0.0054314835
-0.0056417505
-0.0057667904
-0.0057779488
-0.0054901810
-0.0048669858
-0.0040712827
-0.0031915190
-0.0022519389
-0.0013030224
-0.0004785219
0.0001051636
0.0005611289
0.0009709105
0.0012956171
0.0016411510
0.0019800529
0.0022659442
0.0027210902
0.0034403242
0.0043103024
0.0050987576
0.0057237440
0.0062522312
0.0066604145
0.0068761388
0.0070383068
0.0071643106
0.0071892918
0.0071775946
0.0071242264
0.0070659536
0.0070301657
0.0069051780
0.0065591034
0.0060246102
0.0054045517
0.0046169100
0.0036808033
0.0027767583
0.0019507779
0.0010979711
0.0002828479
-0.0005275413
-0.0013442079
-0.0022349043
-0.0031803066
-0.0042245470
-0.0053342210
-0.0063899297
-0.0072861435
-0.0079093198
-0.0081442489
-0.0079625124
-0.0074957652
-0.0068395544
-0.0061619732
-0.0055075775
-0.0048471350
-0.0042380079
-0.0037815975
-0.0035861969
-0.0035993975
-0.0038161141
-0.0042335109
-0.0046859587
-0.0052246397
-0.0059112507
-0.0066523801
-0.0072750170
-0.0077886347
-0.0081113712
-0.0080456473
-0.0076115206
-0.0069151881
-0.0060458634
-0.0049384756
-0.0036698098
-0.0024080099
-0.0012786138
-0.0004320911
0.0000736379
0.0002492503
0.0000217689
-0.0006182877
-0.0014784405
-0.0022420123
-0.0027721270
-0.0029971834
-0.0031204319
-0.0032268741
-0.0033167382
-0.0032311070
-0.0029326530
-0.0026866151
-0.0026197910
-0.0025490137
-0.0022801320
-0.0018642825
-0.0013600716
-0.0009021352
-0.0005429908
-0.0003683290
-0.0004368149
-0.0006761399
-0.0010982797
-0.0016821489
-0.0024352509
-0.0033189020
-0.0042581240
-0.0051005984
-0.0058026146
-0.0063279125
-0.0065583571
-0.0064145158
-0.0059196357
-0.0052562460
-0.0046387577
-0.0041191015
-0.0035510212
-0.0028775444
-0.0020105366
-0.0010038740
-0.0000576228
0.0006846359
0.0010971187
0.0011887942
0.0011482120
0.0011409146
0.0012094634
0.0013056340
0.0013798515
0.0014728152
0.0015311978
0.0014617339
0.0013321080
0.0011298785
0.0008235807
0.0005542191
0.0003217440
0.0001007871
-0.0000635508
-0.0000951432
0.0000125285
0.0001671781
0.0003588757
0.0004853939
0.0005049820
0.0004692421
0.0004425649
0.0004091764
0.0002727760
-0.0000262482
-0.0005399989
-0.0011674444
-0.0018452019
-0.0025823580
-0.0033083501
-0.0038951427
-0.0042677546
-0.0045730056
-0.0048560017
-0.0050130016
-0.0049128452
-0.0045919689
-0.0042698877
-0.0036594717
-0.0025807882
-0.0010025105
0.0008470579
0.0027344438
0.0045749900
0.0059923648
0.0067422009
0.0069439387
0.0066318645
0.0058117666
0.0045843804
0.0031722296
0.0017379080
0.0002794009
-0.0010893973
-0.0023807582
-0.0034309651
-0.0041600436
-0.0045012599
-0.0043436423
-0.0036890089
-0.0026784508
-0.0013628764
0.0000130811
0.0011619163
0.0020130629
0.0025453183
0.0029097967
0.0032532251
0.0036369560
0.0041263023
0.0045600006
0.0049775675
0.0052575186
0.0053098494
0.0050896594
0.0046285915
0.0040758425
0.0035417042
0.0030753208
0.0028191856
0.0027815670
0.0029329516
0.0031989569
0.0034725307
0.0036603868
0.0037002552
0.0036572081
0.0036233452
0.0036523398
0.0038714341
0.0041811080
0.0043221859
0.0042950251
0.0041317094
0.0038777248
0.0036015382
0.0033442903
0.0030827205
0.0028420570
0.0026483711
0.0024412093
0.0022621378
0.0022417489
0.0024806136
0.0029554961
0.0035734134
0.0042960255
0.0051468660
0.0060542885
0.0067466478
0.0071619899
0.0072465423
0.0070812572
0.0066832131
0.0060346679
0.0052169684
0.0043152384
0.0033737723
0.0024089639
0.0015653442
0.0008589314
0.0004339686
0.0001432178
-0.0000537942
0.0000143828
0.0002864994
0.0006667815
0.0012362466
0.0019114019
0.0025481212
0.0031360918
0.0036342070
0.0040830007
0.0044123767
0.0047302883
0.0050451059
0.0052345124
0.0053406642
0.0054336624
0.0055555016
0.0056433831
0.0056112230
0.0054831225
0.0052228653
0.0049533985
0.0048330087
0.0048049504
0.0047068142
0.0045838159
0.0045063270
0.0044844109
0.0045076078
0.0047165364
0.0050724159
0.0053096650
0.0053436666
0.0052672790
0.0051103557
0.0048857578
0.0045110486
0.0039030467
0.0031191813
0.0021645698
0.0010934910
-0.0000120025
-0.0012959702
-0.0026098180
-0.0038051218
-0.0047273028
-0.0055041768
-0.0061732244
-0.0067822475
-0.0073886274
-0.0080034871
-0.0086088824
-0.0090880168
-0.0092928090
-0.0092880549
-0.0092338024
-0.0092327675
-0.0092899678
-0.0093598187
-0.0094665613
-0.0096971564
-0.0100081205
-0.0101962984
-0.0103147256
-0.0104221268
-0.0104356868
-0.0102244658
-0.0097655711
-0.0091043490
-0.0082112837
-0.0072234991
-0.0061876374
-0.0050082035
-0.0036865471
-0.0023660574
-0.0011361191
-0.0000154842
0.0010243928
0.0019124957
0.0024637388
0.0026381315
0.0026153241
0.0024823296
0.0022971046
0.0020605693
0.0017952576
0.0015061657
0.0011549494
0.0007570119
0.0004646827
0.0003666141
0.0003921622
0.0004298843
0.0004224955
0.0003562844
0.0001714811
-0.0000137936
-0.0002125500
-0.0005736435
-0.0010973665
-0.0016512112
-0.0022068999
-0.0026474322
-0.0029440021
-0.0032304159
-0.0034773833
-0.0037205644
-0.0041156425
-0.0045652227
-0.0050083986
-0.0055861339
-0.0062428213
-0.0067004610
-0.0070029705
-0.0071648625
-0.0071360867
-0.0069760763
-0.0068129236
-0.0066124089
-0.0063465214
-0.0060524145
-0.0056345917
-0.0051022329
-0.0046344119
-0.0042718627
-0.0039769756
-0.0037523031
-0.0034202162
-0.0030146703
-0.0025592785
-0.0022164879
-0.0019733927
-0.0018470540
-0.0020239410
-0.0023835216
-0.0026071862
-0.0025280560
-0.0022188374
-0.0018149428
-0.0013897944
-0.0008394387
-0.0001259504
0.0006854055
0.0014444320
0.0020576246
0.0024729768
0.0026885832
0.0028086725
0.0029388842
0.0031086318
0.0032510883
0.0034190020
0.0035551005
0.0037394192
0.0040390323
0.0043942922
0.0048178782
0.0051083424
0.0051799939
0.0051905145
0.0052267490
0.0051796114
0.0049223748
0.0044116461
0.0037868854
0.0032513605
0.0027939635
0.0022319941
0.0016560162
0.0010547917
0.0005679786
0.0003338291
0.0002678680
0.0003993091
0.0007166562
0.0011896290
0.0016966510
0.0021629228
0.0025076715
0.0026003410
0.0024035631
0.0019942702
0.0014344326
0.0007685900
0.0000899137
-0.0006687440
-0.0014446672
-0.0022825028
-0.0031766946
-0.0042280154
-0.0052824735
-0.0060069327
-0.0063050574
-0.0063574346
-0.0061346958
-0.0055773563
-0.0047483541
-0.0038185539
-0.0029123118
-0.0020706189
-0.0011747650
-0.0005086317
-0.0002645737
-0.0004059471
-0.0008188529
-0.0014299206
-0.0020474483
-0.0026161815
-0.0032410751
-0.0038606701
-0.0042920208
-0.0042737142
-0.0037745911
-0.0029612588
-0.0019810013
-0.0010048468
-0.0000282346
0.0010157851
0.0019995939
0.0030058343
0.0038804575
0.0045568941
0.0049820745
0.0053861083
0.0057442546
0.0061505256
0.0065137257
0.0068543625
0.0072297711
0.0076413062
0.0080624185
0.0084837818
0.0088686297
0.0091435049
0.0093576674
0.0094489057
0.0092454055
0.0088347987
0.0082611207
0.0075403212
0.0067452554
0.0058808668
0.0050565347
0.0041597965
0.0033202342
0.0026142422
0.0020154281
0.0013666101
0.0005703344
-0.0002654550
-0.0011022454
-0.0019707861
-0.0028516543
-0.0035285287
-0.0040401957
-0.0043665155
-0.0044893965
-0.0044831691
-0.0042603568
-0.0038287270
-0.0032662526
-0.0026390466
-0.0019870004
-0.0013063522
-0.0006873931
-0.0001342708
0.0003940302
0.0007617165
0.0007932840
0.0006055552
0.0002873760
-0.0001275853
-0.0004823499
-0.0006212932
-0.0005880571
-0.0004400862
-0.0001628852
0.0003003524
0.0010182105
0.0016724337
0.0021983017
0.0024710093
0.0024731330
0.0021853745
0.0016516057
0.0010509922
0.0002974469
-0.0006574445
-0.0015806861
-0.0025210025
-0.0035681487
-0.0048503356
-0.0062007697
-0.0073583338
-0.0082506653
-0.0089167858
-0.0093452239
-0.0095362617
-0.0094563443
-0.0090372828
-0.0083325835
-0.0074485247
-0.0063508679
-0.0049612867
-0.0035951602
-0.0023431089
-0.0010410775
0.0003284117
0.0014398215
0.0021302414
0.0025461418
0.0029024014
0.0031577834
0.0033545870
0.0036286663
0.0038305659
0.0038524262
0.0037095552
0.0034591162
0.0031389261
0.0028871869
0.0027841755
0.0027809849
0.0028924560
0.0031747628
0.0034479954
0.0037742851
0.0041061329
0.0043814139
0.0045151874
0.0045278405
0.0044323749
0.0040549669
0.0033457711
0.0022762597
0.0008432270
-0.0007825213
-0.0023338483
-0.0035666679
-0.0044049476
-0.0048677993
-0.0051084245
-0.0051143886
-0.0048684735
-0.0045900333
-0.0041962755
-0.0036747703
-0.0031169798
-0.0025417521
-0.0018460956
-0.0009104976
0.0000423007
0.0008283537
0.0013227954
0.0014075246
0.0012559287
0.0009980982
0.0005908640
0.0002270029
-0.0000080730
-0.0001401862
-0.0000682135
0.0001031276
0.0002281368
0.0003657872
0.0002523769
-0.0002512971
-0.0009593901
-0.0016767638
-0.0021714476
-0.0023153422
-0.0021674386
-0.0017538218
-0.0011454474
-0.0004232618
0.0003351846
0.0010755419
0.0016752912
0.0021258680
0.0025764260
0.0030009585
0.0032393045
0.0032939540
0.0032691214
0.0031506753
0.0029719927
0.0027707955
0.0024774908
0.0020962913
0.0016867469
0.0012757048
0.0008249223
0.0003280960
-0.0000756473
-0.0003402324
-0.0006765758
-0.0011283224
-0.0015919418
-0.0019617426
-0.0021912746
-0.0020464699
-0.0015832037
-0.0010301686
-0.0004147904
0.0002834029
0.0010078304
0.0016251594
0.0021061489
0.0023951267
0.0027174681
0.0030594546
0.0034308955
0.0039574823
0.0045572661
0.0049746811
0.0051875642
0.0052143411
0.0051116364
0.0049550605
0.0048072008
0.0047335146
0.0046423378
0.0045707665
0.0045713642
0.0047377068
0.0049169038
0.0049901622
0.0050276190
0.0050513961
0.0049496209
0.0046845588
0.0042447064
0.0035316220
0.0027729242
0.0020601692
0.0014844553
0.0010157205
0.0004419261
-0.0000520279
-0.0002757594
-0.0001826711
0.0002012356
0.0007045570
0.0011477122
0.0013983845
0.0014778597
0.0013039757
0.0008735457
0.0000418239
-0.0011096426
-0.0022851371
-0.0032294243
-0.0038659160
-0.0042709270
-0.0044933196
-0.0044588652
-0.0040233179
-0.0032750384
-0.0023557713
-0.0012470708
0.0000426666
0.0012606640
0.0022465519
0.0028609807
0.0030809411
0.0032128751
0.0033330033
0.0033875543
0.0033545952
0.0032987502
0.0032637357
0.0031399816
0.0029104528
0.0026246744
0.0022485960
0.0017743456
0.0012998939
0.0008213799
0.0003302930
-0.0000400320
-0.0002176280
-0.0001870847
-0.0000462788
0.0000609705
0.0001331982
0.0002065186
0.0003695532
0.0004630236
0.0004107263
0.0002553908
0.0000752349
-0.0000286096
-0.0000324363
-0.0000328188
-0.0000495830
-0.0000149990
0.0002137562
0.0007196636
0.0013323557
0.0019161008
0.0026014468
0.0033269634
0.0039709294
0.0043043296
0.0043427805
0.0042462480
0.0039632412
0.0034512104
0.0028180560
0.0022343636
0.0018899894
0.0016623007
0.0014748172
0.0013108391
0.0012169265
0.0013371149
0.0016725898
0.0021716120
0.0027757899
0.0034713453
0.0041457115
0.0046161523
0.0047028516
0.0045326292
0.0042077212
0.0036748807
0.0029935469
0.0021750948
0.0012836834
0.0004393670
-0.0004087182
-0.0011957586
-0.0017833923
-0.0021628782
-0.0023267227
-0.0023606867
-0.0023735059
-0.0024152183
-0.0024526437
-0.0022747783
-0.0019260864
-0.0015174910
-0.0010528782
-0.0005309548
-0.0001446877
0.0000446329
0.0000366269
-0.0001839197
-0.0005150806
-0.0010283773
-0.0017013286
-0.0024191401
-0.0031009318
-0.0035869634
-0.0040358236
-0.0044834764
-0.0047564888
-0.0047708322
-0.0045153003
-0.0041366040
-0.0036812298
-0.0032779166
-0.0029504259
-0.0027180627
-0.0026216187
-0.0025417502
-0.0025437616
-0.0027144237
-0.0029271870
-0.0032608293
-0.0036844630
-0.0040513561
-0.0043771396
-0.0046651916
-0.0047563960
-0.0044932519
-0.0041081199
-0.0036033075
-0.0028377814
-0.0018336884
-0.0006793274
0.0005762466
0.0018088703
0.0028120111
0.0035538806
0.0039662116
0.0039279526
0.0034806328
0.0028661087
0.0022278546
0.0013978326
0.0003647713
-0.0006976685
-0.0017606257
-0.0027741642
-0.0036190620
-0.0042881673
-0.0046688381
-0.0048517123
-0.0050178316
-0.0050387869
-0.0049558038
-0.0048241276
-0.0045727189
-0.0042844970
-0.0041317138
-0.0041584549
-0.0043126061
-0.0044627845
-0.0045037242
-0.0045104346
-0.0043934241
-0.0040995612
-0.0035729010
-0.0027864993
-0.0018364055
-0.0008133492
0.0001673773
0.0009517327
0.0013804881
0.0013515266
0.0010587155
0.0006399726
0.0000875629
-0.0005258549
-0.0011327134
-0.0016007106
-0.0018096950
-0.0018225005
-0.0017232937
-0.0015017352
-0.0010782232
-0.0004305188
0.0003625007
0.0011076494
0.0016548483
0.0019577166
0.0019568304
0.0017210797
0.0012694611
0.0007284626
0.0001282231
-0.0005442310
-0.0011743749
-0.0017050592
-0.0020155046
-0.0020525318
-0.0018326285
-0.0015160315
-0.0010798307
-0.0005408820
0.0000282045
0.0006923047
0.0013950635
0.0020827526
0.0027061836
0.0033379324
0.0040043728
0.0045011226
0.0046836029
0.0045815135
0.0043341528
0.0040925704
0.0037428130
0.0032183605
0.0025802657
0.0017824364
0.0009885115
0.0001171029
-0.0007395414
-0.0015472985
-0.0022272249
-0.0029057720
-0.0034940091
-0.0038907624
-0.0041005634
-0.0041683985
-0.0041302173
-0.0040220566
-0.0037192780
-0.0032403362
-0.0026435900
-0.0019317136
-0.0011967345
-0.0005352427
0.0000111961
0.0003894045
0.0007873896
0.0011664998
0.0014079568
0.0016469820
0.0019672989
0.0023542855
0.0028056538
0.0033038568
0.0037794017
0.0042366224
0.0045679943
0.0047337743
0.0047792435
0.0048543773
0.0048718259
0.0046713136
0.0043450880
0.0038973015
0.0033739210
0.0028699189
0.0024035568
0.0019584579
0.0015511106
0.0012618319
0.0011362652
0.0009125623
0.0005441343
0.0001153779
-0.0003128560
-0.0006158711
-0.0009361926
-0.0012057699
-0.0013785243
-0.0014129116
-0.0012307047
-0.0009125423
-0.0003917372
0.0003865198
0.0013181855
0.0022764780
0.0031768897
0.0040326060
0.0046555741
0.0050204013
0.0051877982
0.0051095497
0.0049500267
0.0048219976
0.0046267626
0.0044084461
0.0042251849
0.0039023266
0.0033965615
0.0028194873
0.0023372891
0.0020536476
0.0018096260
0.0016143421
0.0015158917
0.0015114003
0.0016480125
0.0018942656
0.0020733321
0.0021516201
0.0020996386
0.0019604079
0.0018032155
0.0016295315
0.0013771959
0.0011499927
0.0010412079
0.0009024080
0.0006202264
0.0003242136
0.0000489871
-0.0001399818
-0.0001979256
-0.0002514372
-0.0003974616
-0.0005378906
-0.0006032613
-0.0005772819
-0.0004066149
-0.0002368620
-0.0001758215
-0.0002059466
-0.0002478982
-0.0001963105
-0.0001643374
-0.0001957377
-0.0003419980
-0.0005919405
-0.0008788900
-0.0010432758
-0.0010564877
-0.0009816763
-0.0007261683
-0.0003556969
0.0000716393
0.0005443354
0.0010478167
0.0015033051
0.0018849179
0.0021193659
0.0022521572
0.0023399227
0.0023948382
0.0024803639
0.0025569095
0.0025938364
0.0025700662
0.0023074872
0.0019055577
0.0014504255
0.0010192654
0.0005040663
-0.0001148107
-0.0007617366
-0.0014584837
-0.0021618089
-0.0028164328
-0.0033362584
-0.0036624484
-0.0037365887
-0.0035583952
-0.0033010771
-0.0029051755
-0.0023357242
-0.0016462175
-0.0009523605
-0.0003598738
0.0001497457
0.0006087103
0.0010209482
0.0012873989
0.0016162293
0.0019618090
0.0021541245
0.0022041396
0.0022261762
0.0022763864
0.0023597007
0.0025298259
0.0026750439
0.0027334635
0.0027297361
0.0027307107
0.0027838186
0.0029033491
0.0029966616
0.0030232440
0.0030049318
0.0029812990
0.0029581285
0.0028094898
0.0024274762
0.0018820077
0.0013314049
0.0008412219
0.0002114382
-0.0003462578
-0.0006868029
-0.0008786348
-0.0009526615
-0.0009719522
-0.0008829242
-0.0006253745
-0.0003601940
-0.0002493612
-0.0002645358
-0.0001481705
0.0001890203
0.0005483250
0.0008999965
0.0012244710
0.0016223508
0.0019788832
0.0022059761
0.0024514621
0.0027345297
0.0029173419
0.0029667023
0.0029452026
0.0028243794
0.0026331779
0.0025129631
0.0023005140
0.0018974085
0.0013562463
0.0007594229
0.0000695673
-0.0006470813
-0.0013211496
-0.0017496924
-0.0020396366
-0.0023463439
-0.0025715364
-0.0026713077
-0.0027612991
-0.0029297597
-0.0030532999
-0.0029710625
-0.0027964152
-0.0026909948
-0.0026921708
-0.0027434573
-0.0028168374
-0.0029776180
-0.0032117398
-0.0034813616
-0.0038547036
-0.0042372728
-0.0046037871
-0.0049114321
-0.0050617925
-0.0050615372
-0.0048915023
-0.0045770040
-0.0043084139
-0.0040311033
-0.0036915704
-0.0032442600
-0.0027127033
-0.0021825007
-0.0016809278
-0.0013169599
-0.0011811179
-0.0011274675
-0.0011808131
-0.0014596020
-0.0019658419
-0.0025635553
-0.0031286990
-0.0036193963
-0.0040133618
-0.0042014424
-0.0042253705
-0.0041200542
-0.0037994990
-0.0033198133
-0.0028564674
-0.0024006146
-0.0019990363
-0.0017131525
-0.0017039146
-0.0019675479
-0.0022386060
-0.0024870141
-0.0026717097
-0.0028114146
-0.0030905322
-0.0032592600
-0.0032076204
-0.0029914897
-0.0027769715
-0.0027030790
-0.0027472029
-0.0027387294
-0.0025201376
-0.0022508520
-0.0021631323
-0.0022514359
-0.0023634551
-0.0024334848
-0.0025756941
-0.0027453238
-0.0029531015
-0.0030997915
-0.0031033948
-0.0029296425
-0.0027470856
-0.0025590909
-0.0022949307
-0.0020655737
-0.0019759598
-0.0019925354
-0.0020282687
-0.0020299477
-0.0019983351
-0.0019400629
-0.0018282237
-0.0017398034
-0.0016527529
-0.0015731679
-0.0014536788
-0.0012825657
-0.0011703571
-0.0011466027
-0.0011330797
-0.0010834233
-0.0009792722
-0.0008185468
-0.0007691770
-0.0009361688
-0.0011361837
-0.0012226766
-0.0011968060
-0.0011357195
-0.0011210431
-0.0012833993
-0.0016357583
-0.0019401475
-0.0020406113
-0.0019871371
-0.0019079987
-0.0018854309
-0.0019213247
-0.0019731318
-0.0020040012
-0.0020112917
-0.0021069204
-0.0023860267
-0.0026881674
-0.0028290596
-0.0028125279
-0.0026669449
-0.0023264888
-0.0018809590
-0.0013284941
-0.0006695199
0.0000878713
0.0008879499
0.0016388749
0.0023582481
0.0030687058
0.0036369233
0.0041052893
0.0043708557
0.0044424922
0.0043963268
0.0042924348
0.0041301370
0.0038951396
0.0035690858
0.0031847020
0.0029369687
0.0027456938
0.0024623647
0.0021274109
0.0018410022
0.0015425789
0.0012130284
0.0009829783
0.0009138644
0.0009402732
0.0010529998
0.0011542319
0.0012144779
0.0012413012
0.0012347903
0.0011196432
0.0008712683
0.0005873284
0.0002242701
-0.0001494973
-0.0005188134
-0.0008886329
-0.0011017405
-0.0011406048
-0.0010289337
-0.0007515635
-0.0004564992
-0.0003022552
-0.0000951109
0.0001910046
0.0005041359
0.0009014183
0.0012137503
0.0015564242
0.0020189611
0.0026722209
0.0033446434
0.0039155987
0.0043039834
0.0044199182
0.0042618069
0.0039615716
0.0035408839
0.0029836247
0.0023666820
0.0017957280
0.0013109652
0.0010136144
0.0007923789
0.0006525467
0.0008090849
0.0011341898
0.0014186818
0.0016943454
0.0019140668
0.0018845836
0.0015703524
0.0011434328
0.0008011427
0.0005245218
0.0002264461
-0.0000883007
-0.0002847463
-0.0003200077
-0.0001431653
0.0002263745
0.0007598995
0.0013300627
0.0019726269
0.0025932506
0.0031606992
0.0035360984
0.0037734810
0.0038349682
0.0035517651
0.0030165537
0.0022687798
0.0014054147
0.0005167299
-0.0004468903
-0.0014383369
-0.0023035008
-0.0029821997
-0.0033512986
-0.0035138592
-0.0036676936
-0.0036884676
-0.0035188624
-0.0030562434
-0.0024084935
-0.0017190908
-0.0009599477
-0.0002167331
0.0004069021
0.0007073681
0.0005905856
0.0001720370
-0.0003364232
-0.0007694938
-0.0010442705
-0.0011353501
-0.0011677680
-0.0011549594
-0.0011142155
-0.0008744269
-0.0005186869
-0.0000702983
0.0003099660
0.0005882333
0.0007380204
0.0007443984
0.0005675424
0.0002682464
-0.0001309338
-0.0004172742
-0.0006451088
-0.0009068298
-0.0010999323
-0.0011742062
-0.0012129193
-0.0013025457
-0.0014533369
-0.0015651279
-0.0014735973
-0.0010863705
-0.0005115827
0.0002320798
0.0011443448
0.0020807788
0.0030009278
0.0038593129
0.0046422362
0.0052295676
0.0055840485
0.0057004373
0.0056170760
0.0053345101
0.0049348127
0.0044819096
0.0039901254
0.0034203768
0.0028210590
0.0021854937
0.0015863334
0.0010955131
0.0006111839
0.0000299464
-0.0005907284
-0.0011681180
-0.0015269473
-0.0017516354
-0.0018861503
-0.0019163235
-0.0016850397
-0.0013446112
-0.0009680097
-0.0006125501
-0.0004140416
-0.0003721246
-0.0005559304
-0.0008167085
-0.0011829054
-0.0017539554
-0.0023325544
-0.0028886313
-0.0033350636
-0.0035305345
-0.0035342933
-0.0034954140
-0.0035067631
-0.0035687521
-0.0036348574
-0.0036676936
-0.0036630555
-0.0036383879
-0.0034953544
-0.0031611201
-0.0027407264
-0.0022227435
-0.0016486993
-0.0011397737
-0.0007315189
-0.0004924123
-0.0003601973
-0.0002984355
-0.0003710224
-0.0005248323
-0.0007111231
-0.0008343973
-0.0009888113
-0.0011634310
-0.0013808863
-0.0015829722
-0.0018180493
-0.0019968192
-0.0020611633
-0.0021078787
-0.0021352107
-0.0021506862
-0.0021121405
-0.0019730145
-0.0015976493
-0.0010189631
-0.0002831560
0.0004604163
0.0011651740
0.0018263195
0.0023877119
0.0027411899
0.0030331951
0.0032634296
0.0033315049
0.0033113293
0.0032290912
0.0030263236
0.0028525092
0.0027999771
0.0028318130
0.0028713571
0.0028756126
0.0028384067
0.0026796801
0.0024531706
0.0021568371
0.0017861563
0.0013919099
0.0010140265
0.0006259006
0.0001777325
-0.0002848052
-0.0007236858
-0.0010617925
-0.0012043480
-0.0012025179
-0.0010698902
-0.0007820139
-0.0003672623
0.0002309038
0.0008795292
0.0014746140
0.0020621317
0.0025320449
0.0027829374
0.0027911995
0.0026456045
0.0023550952
0.0019184202
0.0014133394
0.0009810836
0.0006260135
0.0001701461
-0.0002287783
-0.0004064673
-0.0003809261
-0.0001683867
0.0001119117
0.0003625460
0.0006259705
0.0008786197
0.0009637748
0.0008120114
0.0003894062
-0.0001702604
-0.0007151698
-0.0011222329
-0.0015004300
-0.0018245834
-0.0019851320
-0.0020792366
-0.0021676242
-0.0021508605
-0.0020705398
-0.0018069034
-0.0014565908
-0.0011368278
-0.0007814381
-0.0005497683
-0.0004566781
-0.0003098649
-0.0000549173
0.0002194964
0.0004897662
0.0008062613
0.0011218723
0.0015205511
0.0020266844
0.0026560342
0.0034659495
0.0042860023
0.0050169303
0.0056813492
0.0061394261
0.0062799382
0.0060270876
0.0055271003
0.0047893037
0.0038475579
0.0028956032
0.0021536879
0.0016320591
0.0011996158
0.0008787069
0.0008078782
0.0010146210
0.0012827043
0.0016198965
0.0020090921
0.0024400960
0.0027016671
0.0026721143
0.0024294425
0.0022001325
0.0018690009
0.0013859409
0.0008397122
0.0001986950
-0.0004883713
-0.0011875931
-0.0018419706
-0.0023137460
-0.0026294266
-0.0029221631
-0.0032885162
-0.0035502912
-0.0034881605
-0.0031497716
-0.0028755298
-0.0027506594
-0.0026501793
-0.0026029119
-0.0026678010
-0.0028099144
-0.0029333417
-0.0029658850
-0.0030113568
-0.0030837873
-0.0030901866
-0.0030643699
-0.0030078238
-0.0029491069
-0.0029263246
-0.0029343847
-0.0028530868
-0.0025170901
-0.0020778561
-0.0015281427
-0.0009321020
-0.0003684452
0.0000802124
0.0004019622
0.0005875987
0.0005679850
0.0003108637
0.0000060116
-0.0002191914
-0.0003766163
-0.0004316254
-0.0004224681
-0.0004133978
-0.0004328660
-0.0004632485
-0.0003683897
-0.0000752861
0.0002399811
0.0005526086
0.0008872004
0.0011391616
0.0013991911
0.0016889559
0.0018762908
0.0019270216
0.0019074085
0.0018906918
0.0019048665
0.0019093014
0.0016870743
0.0013054396
0.0009027141
0.0004130289
-0.0002194926
-0.0008602679
-0.0015000380
-0.0020447953
-0.0024824324
-0.0029089073
-0.0033316623
-0.0035872732
-0.0036541424
-0.0036161870
-0.0034144253
-0.0030864761
-0.0026826280
-0.0023152438
-0.0021301499
-0.0019637000
-0.0016925573
-0.0014484084
-0.0013352841
-0.0011961111
-0.0008330978
-0.0003320544
0.0001639508
0.0006469897
0.0009879501
0.0011571320
0.0012318036
0.0012057736
0.0011168027
0.0010725966
0.0010942713
0.0010747027
0.0009337465
0.0007077883
0.0004486661
0.0002244544
-0.0000512258
-0.0004152960
-0.0007365804
-0.0010051523
-0.0013454140
-0.0016361710
-0.0018979874
-0.0020588470
-0.0020442697
-0.0017421604
-0.0013777529
-0.0010408228
-0.0006501589
-0.0001847141
0.0001904408
0.0005700397
0.0009161524
0.0012233270
0.0015577087
0.0018103517
0.0019621722
0.0020646041
0.0022443342
0.0023299804
0.0022328063
0.0020754025
0.0019963638
0.0019584855
0.0019538562
0.0019514904
0.0018245552
0.0015525701
0.0011406826
0.0007252814
0.0002890085
-0.0001341996
-0.0004007873
-0.0004661514
-0.0004075401
-0.0001519331
0.0002077846
0.0006216524
0.0009624496
0.0010602628
0.0008774613
0.0005925646
0.0001194208
-0.0005668387
-0.0013329647
-0.0020122356
-0.0025570676
-0.0030245637
-0.0033882154
-0.0035751746
-0.0035941385
-0.0033514799
-0.0028965829
-0.0023952904
-0.0020370726
-0.0017173071
-0.0015039981
-0.0014318975
-0.0014328885
-0.0014306707
-0.0013989828
-0.0013838762
-0.0014148321
-0.0015365490
-0.0018494436
-0.0021194317
-0.0022182064
-0.0022849182
-0.0024036804
-0.0026100688
-0.0027750015
-0.0028363501
-0.0027717049
-0.0025709017
-0.0024055758
-0.0022874445
-0.0021235336
-0.0018255499
-0.0014145856
-0.0009671968
-0.0005413073
-0.0002090597
0.0000424613
0.0001386669
0.0000174966
-0.0001467952
-0.0003656805
-0.0006725405
-0.0009337748
-0.0011554167
-0.0012752595
-0.0012981980
-0.0012667829
-0.0010557332
-0.0007222797
-0.0005144545
-0.0004090304
-0.0002074516
0.0000620215
0.0002367756
0.0002773849
0.0002491632
0.0002216127
0.0001272951
-0.0000947858
-0.0003305587
-0.0005958254
-0.0008235625
-0.0010365892
-0.0012327858
-0.0014551445
-0.0018334288
-0.0022782015
-0.0026286539
-0.0029813410
-0.0033055741
-0.0035590606
-0.0036740321
-0.0035806406
-0.0031273336
-0.0022800543
-0.0011983439
0.0000455468
0.0013466822
0.0025333338
0.0036507512
0.0046955121
0.0056608280
0.0063299697
0.0065649677
0.0064415417
0.0061122202
0.0056254434
0.0050213408
0.0043104266
0.0034717737
0.0025613865
0.0017471014
0.0011228476
0.0006635891
0.0003269244
0.0001965552
0.0002895986
0.0006526119
0.0011614045
0.0016986599
0.0022074531
0.0025440476
0.0025817910
0.0022965138
0.0017910736
0.0013054791
0.0010693063
0.0010902039
0.0012162798
0.0014515237
0.0016701394
0.0015726003
0.0009875575
0.0000453676
-0.0012127500
-0.0027103695
-0.0042124384
-0.0054855328
-0.0063240301
-0.0066253354
-0.0063740679
-0.0057688043
-0.0049996498
-0.0042593345
-0.0038113524
-0.0036171547
-0.0035145253
-0.0033792622
-0.0031986998
-0.0029750998
-0.0027139169
-0.0025534424
-0.0025572150
-0.0027931425
-0.0031935173
-0.0036922045
-0.0040871270
-0.0041753202
-0.0038625856
-0.0031286055
-0.0020757606
-0.0009372256
0.0000755340
0.0008872844
0.0014558125
0.0019227962
0.0023698895
0.0028239266
0.0032510362
0.0036616587
0.0039124458
0.0039284814
0.0038249864
0.0034968101
0.0028455693
0.0021349304
0.0015280768
0.0012012221
0.0011581976
0.0012308276
0.0013543785
0.0014661474
0.0014296979
0.0010559966
0.0003691289
-0.0005883032
-0.0016155695
-0.0025291028
-0.0031790177
-0.0036179111
-0.0037325087
-0.0036006639
-0.0032209778
-0.0026161238
-0.0019596164
-0.0013975986
-0.0009476132
-0.0007244460
-0.0006893619
-0.0007020676
-0.0005346793
-0.0001796963
0.0002120101
0.0006653333
0.0011610671
0.0017236349
0.0023015470
0.0028061500
0.0032088654
0.0034007619
0.0034232839
0.0033167319
0.0031305994
0.0029232087
0.0026033509
0.0023208139
0.0019905516
0.0015693602
0.0012208214
0.0009876020
0.0007941282
0.0006183824
0.0005031475
0.0006678710
0.0009628416
0.0011979431
0.0015011412
0.0019451356
0.0024087889
0.0027026155
0.0027372568
0.0024866002
0.0021167981
0.0016563135
0.0011267494
0.0006814554
0.0002950073
-0.0000502820
-0.0001714101
0.0000490768
0.0005116710
0.0010044065
0.0013828313
0.0016498979
0.0018016744
0.0019057966
0.0020337159
0.0021541169
0.0021478788
0.0018451316
0.0012937587
0.0005630302
-0.0002452926
-0.0010246863
-0.0016515863
-0.0021334571
-0.0023589600
-0.0022683100
-0.0020650073
-0.0017494051
-0.0014583878
-0.0011501056
-0.0008272097
-0.0005629863
-0.0002573877
0.0000242788
0.0001265939
-0.0000055228
-0.0002995986
-0.0007116888
-0.0011116584
-0.0015356396
-0.0020265859
-0.0025119891
-0.0029826920
-0.0032969514
-0.0034053899
-0.0032163573
-0.0029836522
-0.0029022415
-0.0028502049
-0.0026461082
-0.0023843665
-0.0022318222
-0.0022098622
-0.0022454637
-0.0022682918
-0.0022559812
-0.0022249550
-0.0021819714
-0.0020128083
-0.0016982503
-0.0014149682
-0.0011589058
-0.0009315859
-0.0007634507
-0.0006657241
-0.0005641185
-0.0004271455
-0.0002610847
-0.0001908786
-0.0002747937
-0.0004555024
-0.0005956606
-0.0006154547
-0.0004366739
-0.0001227213
0.0001177200
0.0001259555
0.0000034504
-0.0001433265
-0.0002139604
-0.0001923901
-0.0001345775
-0.0000970515
-0.0000216934
0.0001239805
0.0003507370
0.0007194291
0.0010609113
0.0015001409
0.0020565847
0.0025846805
0.0030804532
0.0033212026
0.0031890190
0.0028028942
0.0022933038
0.0016743886
0.0010205430
0.0004172168
-0.0001667431
-0.0006301357
-0.0008392167
-0.0008366063
-0.0006727575
-0.0005240462
-0.0003831305
-0.0001053867
0.0001686403
0.0005234901
0.0008597555
0.0010508416
0.0011535658
0.0013254867
0.0015128203
0.0016642839
0.0017856094
0.0018847109
0.0019901928
0.0021871357
0.0024690186
0.0027270310
0.0029933148
0.0032097083
0.0033673712
0.0034941859
0.0035036265
0.0032932553
0.0030381412
0.0027698321
0.0024768755
0.0022528320
0.0019476181
0.0016217938
0.0013463767
0.0011568536
0.0010878902
0.0010923966
0.0011043817
0.0010921701
0.0010624090
0.0010359978
0.0010259313
0.0010306930
0.0010406503
0.0010481830
0.0011084365
0.0012880292
0.0015225029
0.0015795038
0.0014494709
0.0011931507
0.0010003297
0.0009004374
0.0008520523
0.0008938587
0.0010113577
0.0010461151
0.0009434047
0.0007448738
0.0004110328
-0.0001119422
-0.0008217455
-0.0016314018
-0.0023153849
-0.0028126540
-0.0030754826
-0.0030858947
-0.0029632470
-0.0027925285
-0.0025426860
-0.0022763099
-0.0019180426
-0.0015900119
-0.0014429713
-0.0014343517
-0.0012975796
-0.0009463018
-0.0006438964
-0.0004543489
-0.0001816919
0.0001004567
0.0003885434
0.0006606871
0.0008390235
0.0008638499
0.0007305449
0.0005391687
0.0004142239
0.0003062152
0.0001618751
-0.0000876591
-0.0003324333
-0.0005106779
-0.0005744205
-0.0005624266
-0.0005402391
-0.0005435741
-0.0005690810
-0.0005788892
-0.0003889445
0.0000630895
0.0006583991
0.0012475788
0.0017707054
0.0022377875
0.0025379720
0.0028393876
0.0031772854
0.0033651107
0.0033262810
0.0031143657
0.0026966358
0.0020997183
0.0015022871
0.0009403691
0.0003407766
-0.0003242737
-0.0009630661
-0.0014623680
-0.0016832936
-0.0016306567
-0.0013308072
-0.0007798839
-0.0000452628
0.0007446141
0.0014914304
0.0019824764
0.0021225250
0.0020725600
0.0019705321
0.0016263397
0.0009270324
0.0000418726
-0.0007605123
-0.0014179192
-0.0019143817
-0.0022663249
-0.0025596027
-0.0028169779
-0.0030616636
-0.0032177816
-0.0032707214
-0.0032216245
-0.0031038068
-0.0029956436
-0.0027517745
-0.0024215517
-0.0020484073
-0.0016248577
-0.0011527429
-0.0007372973
-0.0003154857
0.0001710481
0.0007018732
0.0011323578
0.0015028152
0.0017268398
0.0018400256
0.0020490979
0.0023757262
0.0026210360
0.0026971124
0.0026632244
0.0026163207
0.0026084500
0.0025498761
0.0023395363
0.0019673246
0.0015814544
0.0012501165
0.0010867048
0.0010790191
0.0011272348
0.0012061669
0.0012575443
0.0013206949
0.0013673727
0.0013219875
0.0011655879
0.0009751340
0.0007604264
0.0004486081
0.0000487078
-0.0004390258
-0.0008246400
-0.0011193899
-0.0014484530
-0.0017375505
-0.0019378439
-0.0020842761
-0.0021600026
-0.0021824669
-0.0021870479
-0.0021890411
-0.0020452864
-0.0017046013
-0.0014318172
-0.0012879690
-0.0010453029
-0.0007734144
-0.0006251438
-0.0006068807
-0.0006390939
-0.0006717765
-0.0007826210
-0.0009151571
-0.0010659759
-0.0012559927
-0.0013772988
-0.0014011699
-0.0013769199
-0.0013565210
-0.0012510729
-0.0009822207
-0.0007579615
-0.0006471214
-0.0006249761
-0.0006420712
-0.0006503038
-0.0006330459
-0.0005361323
-0.0002636956
0.0000708739
0.0002760688
0.0003491779
0.0002013799
-0.0000695488
-0.0003240030
-0.0005184518
-0.0005813125
-0.0005487389
-0.0003740546
0.0000464196
0.0006394050
0.0011341779
0.0014898235
0.0017894322
0.0021844588
0.0025245249
0.0029012223
0.0032957898
0.0037437136
0.0041265055
0.0044285371
0.0047737267
0.0050324447
0.0051887879
0.0052814336
0.0052091667
0.0049110953
0.0045787162
0.0042671117
0.0039811935
0.0036937267
0.0034432400
0.0032496827
0.0031487743
0.0032288937
0.0032960188
0.0032022598
0.0029442198
0.0025641907
0.0022540425
0.0020281238
0.0017738457
0.0014929519
0.0012347984
0.0010771162
0.0009173729
0.0007467397
0.0004801919
0.0001914525
-0.0000585587
-0.0003290554
-0.0005114718
-0.0005617306
-0.0005399648
-0.0005564933
-0.0006651740
-0.0008358286
-0.0010256277
-0.0013032695
-0.0016729141
-0.0020263137
-0.0022466322
-0.0023317905
-0.0022784794
-0.0021769105
-0.0020233477
-0.0017155835
-0.0014571478
-0.0013777378
-0.0013899888
-0.0013400113
-0.0011835979
-0.0010134676
-0.0008713173
-0.0008211716
-0.0008365775
-0.0008488505
-0.0007837719
-0.0006611430
-0.0005748859
-0.0005566456
-0.0005587723
-0.0004315751
-0.0002413679
-0.0001272721
-0.0001162527
-0.0001540731
-0.0001819048
-0.0001778616
-0.0001538929
-0.0001320750
-0.0001242162
-0.0000969898
-0.0000128027
0.0001188912
0.0002209617
0.0003076036
0.0004865735
0.0007506252
0.0009769234
0.0010634445
0.0010430682
0.0010013696
0.0009929878
0.0010198130
0.0010550589
0.0010522027
0.0009097569
0.0007333528
0.0005740249
0.0004474542
0.0003386693
0.0004309738
0.0007769668
0.0011127836
0.0014007810
0.0017217552
0.0021526135
0.0025850631
0.0030300566
0.0033526578
0.0034637362
0.0034403781
0.0032738417
0.0029840549
0.0026541143
0.0023570859
0.0020826391
0.0017487717
0.0012933115
0.0008781757
0.0004225630
-0.0002784917
-0.0009705090
-0.0016088108
-0.0021145609
-0.0025651082
-0.0028404821
-0.0029214337
-0.0029122352
-0.0029263077
-0.0030253433
-0.0030815232
-0.0030713074
-0.0030353903
-0.0029227320
-0.0026425752
-0.0023263922
-0.0021683593
-0.0022039973
-0.0024229328
-0.0026552571
-0.0028804596
-0.0030017531
-0.0030031562
-0.0029580789
-0.0028733509
-0.0025998988
-0.0022725285
-0.0018860123
-0.0015275287
-0.0011821917
-0.0008407653
-0.0006257720
-0.0004353517
-0.0001954413
0.0000640874
0.0001970131
0.0001438073
-0.0000203725
-0.0001857834
-0.0004164046
-0.0007062786
-0.0009367420
-0.0011921246
-0.0014955335
-0.0018135172
-0.0020635660
-0.0021497002
-0.0019939987
-0.0016499988
-0.0013503481
-0.0010719801
-0.0007873739
-0.0006288468
-0.0006058743
-0.0005874415
-0.0002934644
0.0001227998
0.0005913343
0.0010809728
0.0015874234
0.0021083698
0.0025344346
0.0028310101
0.0029248018
0.0027411316
0.0023842335
0.0018726085
0.0011551833
0.0002946296
-0.0005685553
-0.0012672408
-0.0018075927
-0.0022002592
-0.0024677730
-0.0027069174
-0.0029263566
-0.0030325278
-0.0030156869
-0.0027840068
-0.0022606676
-0.0015947146
-0.0009003791
-0.0002283690
0.0004262143
0.0008924958
0.0010683611
0.0009636155
0.0007006238
0.0002860515
-0.0003373159
-0.0011074712
-0.0019074317
-0.0025477261
-0.0028518676
-0.0029465981
-0.0030341943
-0.0030016183
-0.0027576306
-0.0023058797
-0.0017598893
-0.0012092019
-0.0006784336
-0.0001650581
0.0003525393
0.0007781052
0.0009869949
0.0010152551
0.0009872533
0.0009903191
0.0010354383
0.0010889664
0.0011190512
0.0011012927
0.0009339347
0.0006814906
0.0005305051
0.0005583182
0.0007482814
0.0009536048
0.0010934741
0.0011222022
0.0011745901
0.0013080732
0.0014306124
0.0015980438
0.0018032337
0.0020237616
0.0022182001
0.0023757005
0.0024604912
0.0024152509
0.0022151356
0.0019860320
0.0018532488
0.0016452767
0.0012715722
0.0008759033
0.0004559190
-0.0000233922
-0.0005558733
-0.0010577734
-0.0015566676
-0.0019454574
-0.0022038768
-0.0024866108
-0.0027625955
-0.0029168477
-0.0029884980
-0.0030165820
-0.0029849367
-0.0029362926
-0.0027768461
-0.0024562413
-0.0020494943
-0.0017482097
-0.0015490741
-0.0014430773
-0.0014143648
-0.0012930192
-0.0009330159
-0.0005599979
-0.0001605188
0.0002054958
0.0006005180
0.0009316962
0.0011621477
0.0012654790
0.0012883547
0.0012513370
0.0011659931
0.0010910964
0.0010257877
0.0010018175
0.0010124672
0.0010199961
0.0010636333
0.0011093930
0.0012029764
0.0013930144
0.0016768247
0.0018928983
0.0019553640
0.0019823083
0.0020200900
0.0019520894
0.0017185659
0.0014697758
0.0012043129
0.0009268411
0.0006340162
0.0003008215
0.0000313173
-0.0002028167
-0.0003818555
-0.0004595583
-0.0004660500
-0.0004566471
-0.0003525962
-0.0000369835
0.0002846963
0.0006437214
0.0009631445
0.0012286839
0.0015675281
0.0018223011
0.0019128425
0.0018485593
0.0016212651
0.0012336588
0.0007510053
0.0001370469
-0.0005646909
-0.0012243644
-0.0017256896
-0.0019754656
-0.0020141210
-0.0019860991
-0.0019964171
-0.0020567346
-0.0020065426
-0.0016986561
-0.0013549267
-0.0009637353
-0.0006318523
-0.0003905257
-0.0002141586
-0.0001442426
-0.0002635387
-0.0005692976
-0.0009153277
-0.0012909288
-0.0015262642
-0.0017403227
-0.0019386642
-0.0020463351
-0.0019922902
-0.0017234593
-0.0014062012
-0.0012538734
-0.0012495884
-0.0011640550
-0.0009873273
-0.0007270658
-0.0005282803
-0.0004184423
-0.0001535000
0.0003812769
0.0009369879
0.0013106855
0.0015892448
0.0017690797
0.0017642847
0.0016327547
0.0014665212
0.0011808959
0.0008951608
0.0007500312
0.0006142770
0.0004784643
0.0004897307
0.0006644565
0.0008963851
0.0011020786
0.0013756022
0.0017214773
0.0019229787
0.0018848294
0.0018112292
0.0017489849
0.0016671050
0.0014701132
0.0012031219
0.0009408056
0.0006870933
0.0003649302
-0.0000606070
-0.0004541804
-0.0007157311
-0.0009356921
-0.0010030254
-0.0007825125
-0.0004211053
-0.0000736723
0.0002790040
0.0007165201
0.0010694361
0.0013579347
0.0015871230
0.0017287390
0.0017449690
0.0017023528
0.0015549773
0.0012664781
0.0009521008
0.0007171153
0.0005085504
0.0001989859
-0.0001800419
-0.0004144093
-0.0004588289
-0.0004106524
-0.0003748147
-0.0003899354
-0.0004347828
-0.0004719763
-0.0004413917
-0.0002521507
-0.0000485174
0.0001388771
0.0002510038
0.0002111917
0.0000631474
-0.0001202578
-0.0003270199
-0.0003721616
-0.0001847492
0.0000681930
0.0001745707
0.0000959069
-0.0000286924
-0.0001155033
-0.0001953238
-0.0003027803
-0.0004860497
-0.0006990207
-0.0008896139
-0.0010367717
-0.0011578489
-0.0012085898
-0.0010472459
-0.0006866047
-0.0003954139
-0.0001352219
0.0001252051
0.0004435988
0.0007673143
0.0009986275
0.0011165505
0.0011414302
0.0011338285
0.0011170423
0.0010585794
0.0009520011
0.0008538981
0.0007079526
0.0004217552
0.0001239642
-0.0001291055
-0.0003189632
-0.0003919050
-0.0003401743
-0.0001961235
0.0000712347
0.0003380376
0.0005724265
0.0007801291
0.0008686373
0.0008274154
0.0007447640
0.0005573593
0.0002377512
-0.0001667366
-0.0005524622
-0.0007863259
-0.0009741568
-0.0011055138
-0.0011996378
-0.0013698370
-0.0015437141
-0.0017558364
-0.0020280724
-0.0022498309
-0.0023756284
-0.0023996381
-0.0023778926
-0.0023502865
-0.0022407246
