-0.0050026568
-0.0066629083
-0.0082483514
-0.0094712133
-0.0101692851
-0.0102879746
-0.0095950987
-0.0079569198
-0.0058179641
-0.0035967850
-0.0012926344
0.0010147512
0.0032062418
0.0053191064
0.0071726247
0.0084915750
0.0092701540
0.0095124785
0.0093932238
0.0091511433
0.0088100522
0.0082994303
0.0075602154
0.0065129986
0.0052408349
0.0037172806
0.0016764313
-0.0009034021
-0.0037466087
-0.0064395048
-0.0086987037
-0.0103877946
-0.0114587622
-0.0116629107
-0.0109043831
-0.0094641035
-0.0076729127
-0.0055386718
-0.0033033129
-0.0011270876
0.0009851893
0.0031327815
0.0053285001
0.0074441848
0.0092642645
0.0107014612
0.0120844962
0.0135581862
0.0149236682
0.0156248164
0.0152335712
0.0138134843
0.0115073170
0.0084864498
0.0050276009
0.0014442231
-0.0016487589
-0.0036321819
-0.0042866134
-0.0038533824
-0.0026839077
-0.0009672125
0.0010718308
0.0034130096
0.0059164552
0.0082909653
0.0103851742
0.0121070267
0.0135848463
0.0150223642
0.0161195552
0.0163498309
0.0156575780
0.0143357182
0.0129731649
0.0120936099
0.0117328207
0.0112601499
0.0096954132
0.0065571924
0.0020355885
-0.0030843256
-0.0076668112
-0.0106509668
-0.0116243880
-0.0109203111
-0.0094941356
-0.0085976763
-0.0092528965
-0.0114327442
-0.0142015695
-0.0167246728
-0.0182677074
-0.0186137568
-0.0179703156
-0.0169406132
-0.0160601141
-0.0157605708
-0.0160514308
-0.0162055602
-0.0153454207
-0.0129012575
-0.0089452671
-0.0043955406
-0.0002056083
0.0028020211
0.0041361532
0.0039788151
0.0030237772
0.0021202287
0.0018519383
0.0021748631
0.0026172469
0.0025643639
0.0018326872
0.0006635362
-0.0005926267
-0.0017029663
-0.0025883369
-0.0032077852
-0.0037094450
-0.0043392401
-0.0053503799
-0.0068162157
-0.0085358717
-0.0099971853
-0.0107541972
-0.0105084751
-0.0092459601
-0.0071559195
-0.0048660618
-0.0033565665
-0.0035858756
-0.0059295804
-0.0099256311
-0.0146540413
-0.0189913026
-0.0216707575
-0.0218213994
-0.0192989705
-0.0145776317
-0.0086027437
-0.0025952695
0.0022307789
0.0051909191
0.0064388626
0.0068763890
0.0075695025
0.0091820553
0.0117119023
0.0146706758
0.0172609337
0.0185364994
0.0179769502
0.0157419452
0.0122258318
0.0080167141
0.0038879533
0.0005343085
-0.0018160900
-0.0032982436
-0.0042107786
-0.0046917757
-0.0046481752
-0.0038665937
-0.0020902352
0.0009298818
0.0051350856
0.0099415078
0.0145559362
0.0183668081
0.0210437967
0.0224194008
0.0224757012
0.0212192555
0.0187231464
0.0151247725
0.0107260469
0.0062218958
0.0023248667
-0.0005459360
-0.0023011814
-0.0030923391
-0.0032849983
-0.0032047370
-0.0027845183
-0.0016588610
0.0002987809
0.0028784750
0.0056279747
0.0079429763
0.0094759789
0.0101270629
0.0099712701
0.0093321834
0.0088807778
0.0094744888
0.0117161155
0.0158024461
0.0213090627
0.0277655938
0.0347427019
0.0418564828
0.0487774509
0.0553951442
0.0617377706
0.0677258699
0.0730904701
0.0773817906
0.0800864092
0.0808044552
0.0794002835
0.0755216789
0.0686956816
0.0588928697
0.0463540585
0.0317092786
0.0156805195
-0.0008803450
-0.0171791163
-0.0327588782
-0.0474189310
-0.0608099049
-0.0728109588
-0.0834348287
-0.0926236983
-0.0999745500
-0.1050333063
-0.1074052345
-0.1071876370
-0.1049667682
-0.1013474437
-0.0970515632
-0.0923504169
-0.0870833117
-0.0810111985
-0.0740579054
-0.0660368561
-0.0568248651
-0.0468339354
-0.0368230572
-0.0276584392
-0.0202225267
-0.0146307401
-0.0100702744
-0.0055495394
-0.0001417210
0.0065067558
0.0142228412
0.0224661894
0.0306036996
0.0381809542
0.0448999639
0.0507142227
0.0555638144
0.0593360737
0.0616929859
0.0620244688
0.0599003949
0.0551204627
0.0478685896
0.0390582356
0.0299446644
0.0215200513
0.0141821669
0.0076360727
0.0010822636
-0.0063581787
-0.0151622419
-0.0251494207
-0.0353816537
-0.0446180056
-0.0517699945
-0.0559611096
-0.0563472617
-0.0527630817
-0.0459538088
-0.0372690614
-0.0281519450
-0.0200109536
-0.0138645696
-0.0100638710
-0.0085182224
-0.0088490438
-0.0101911669
-0.0117279845
-0.0126107058
-0.0118835268
-0.0086589157
-0.0025735592
0.0060285237
0.0163533055
0.0270171946
0.0363243685
0.0430798264
0.0468861254
0.0477242932
0.0459180606
0.0421705091
0.0371157284
0.0311155418
0.0241321396
0.0162667226
0.0076448973
-0.0015279165
-0.0106208256
-0.0187826582
-0.0252651944
-0.0294984482
-0.0310892028
-0.0298534186
-0.0261042614
-0.0203179665
-0.0129305446
-0.0046007315
0.0037317456
0.0112371762
0.0173270094
0.0216999353
0.0240886715
0.0239311060
0.0209039768
0.0152802442
0.0076243386
-0.0013429965
-0.0106798877
-0.0192488936
-0.0258604726
-0.0297231555
-0.0305062946
-0.0281917907
-0.0231281469
-0.0158591833
-0.0071753286
0.0018346050
0.0101245003
0.0168290464
0.0214488055
0.0237748957
0.0239362184
0.0222515398
0.0188773786
0.0139839142
0.0078485000
0.0009687571
-0.0058640520
-0.0117058972
-0.0160212382
-0.0186420740
-0.0193654508
-0.0182019144
-0.0151897049
-0.0102179555
-0.0031335066
0.0060978061
0.0168288344
0.0278476168
0.0381723800
0.0469181934
0.0535812752
0.0581557936
0.0609786393
0.0623206724
0.0621499856
0.0603197454
0.0570102854
0.0522997750
0.0462070260
0.0387705547
0.0303416706
0.0215500384
0.0130069542
0.0052836685
-0.0013069459
-0.0066331653
-0.0106675307
-0.0138310051
-0.0164999912
-0.0190434284
-0.0216873535
-0.0245252409
-0.0275988055
-0.0306711176
-0.0333971491
-0.0355245500
-0.0367028969
-0.0367036226
-0.0357433228
-0.0340539429
-0.0318269726
-0.0291903949
-0.0261562009
-0.0226976018
-0.0187629537
-0.0144260199
-0.0099535566
-0.0058528542
-0.0027018441
-0.0010601860
-0.0015005428
-0.0041656605
-0.0086929362
-0.0144394881
-0.0206379337
-0.0264943376
-0.0313728438
-0.0351779418
-0.0380519178
-0.0397751255
-0.0400905391
-0.0387730082
-0.0356642093
-0.0308624081
-0.0246351957
-0.0173863927
-0.0100358685
-0.0034293075
0.0020112488
0.0060870457
0.0086345934
0.0098066076
0.0099139870
0.0090662880
0.0073480193
0.0049924192
0.0022142073
-0.0009222633
-0.0043373878
-0.0078341069
-0.0110571381
-0.0137170876
-0.0156602434
-0.0168500996
-0.0175035857
-0.0177383123
-0.0177195840
-0.0178453255
-0.0182431474
-0.0187033199
-0.0188949508
-0.0184654977
-0.0171741901
-0.0150388638
-0.0122165448
-0.0086705856
-0.0043231682
0.0005893666
0.0057391942
0.0108546851
0.0155056516
0.0192190092
0.0216410337
0.0225159837
0.0216913612
0.0192355731
0.0157436665
0.0119819081
0.0083474970
0.0049737160
0.0015652511
-0.0022252734
-0.0065076550
-0.0112256991
-0.0159879177
-0.0203048323
-0.0236675099
-0.0255469022
-0.0256376214
-0.0238142983
-0.0202095403
-0.0151426080
-0.0092374694
-0.0031283294
0.0027978201
0.0083916844
0.0137060343
0.0185406035
0.0227230546
0.0259489053
0.0278758633
0.0284449437
0.0277868847
0.0262989880
0.0244549585
0.0227695863
0.0218747969
0.0222635758
0.0240488578
0.0269709519
0.0305394929
0.0342994787
0.0379845320
0.0415449163
0.0450618261
0.0485331868
0.0517420690
0.0544429240
0.0564383662
0.0573901690
0.0569103691
0.0547944968
0.0511662642
0.0464102947
0.0409612887
0.0351746278
0.0294758664
0.0241158391
0.0190529467
0.0143993148
0.0104079615
0.0071775765
0.0046608907
0.0026343188
0.0007315238
-0.0014141929
-0.0040209608
-0.0073371137
-0.0115755570
-0.0169540108
-0.0236532646
-0.0314634409
-0.0400859341
-0.0489340081
-0.0574841957
-0.0652745584
-0.0719361372
-0.0771943793
-0.0806301460
-0.0817831301
-0.0803160169
-0.0760679847
-0.0691019107
-0.0597151866
-0.0482748123
-0.0353609665
-0.0216591776
-0.0076927135
0.0057996918
0.0183857740
0.0296140100
0.0387808887
0.0455066485
0.0496748415
0.0512227316
0.0503193938
0.0473484173
0.0427224861
0.0366897434
0.0293256933
0.0204141384
0.0096164667
-0.0032019740
-0.0175576447
-0.0328510938
-0.0485705278
-0.0640097505
-0.0784056163
-0.0910095077
-0.1010484720
-0.1083203900
-0.1131266098
-0.1156567266
-0.1159748377
-0.1141555736
-0.1105480025
-0.1054904665
-0.0992396768
-0.0920165063
-0.0840837033
-0.0757829500
-0.0677117402
-0.0601781593
-0.0533467477
-0.0473874667
-0.0420993082
-0.0368386577
-0.0310004875
-0.0241066676
-0.0157958693
-0.0058458889
0.0053859656
0.0179683375
0.0320821936
0.0475640688
0.0644486770
0.0823320692
0.1006782736
0.1190887040
0.1367469843
0.1528182416
0.1661501983
0.1756248734
0.1809018052
0.1824655785
0.1813738017
0.1787575579
0.1754974492
0.1721606546
0.1692153172
0.1668887967
0.1652370339
0.1642575241
0.1638269533
0.1636846287
0.1632669031
0.1613143061
0.1558574774
0.1445046431
0.1262906157
0.1014563709
0.0715286879
0.0384234842
0.0042163547
-0.0307947397
-0.0664520126
-0.1020399278
-0.1354791642
-0.1647148770
-0.1885228554
-0.2061722084
-0.2181252341
-0.2239872000
-0.2229864314
-0.2132136837
-0.1929008167
-0.1628872636
-0.1266023684
-0.0884480487
-0.0529725481
-0.0230684296
0.0003329719
0.0173144917
0.0283942823
0.0339019329
0.0337448299
0.0279249641
0.0173538879
0.0039652974
-0.0098422594
-0.0221536274
-0.0320825726
-0.0393995129
-0.0443811210
-0.0472103508
-0.0477350768
-0.0460058832
-0.0424092497
-0.0374727219
-0.0319281863
-0.0265349798
-0.0218433776
-0.0178912086
-0.0144932581
-0.0114408046
-0.0084576573
-0.0054807734
-0.0026728197
-0.0003492321
0.0013005817
0.0022879451
0.0028501732
0.0030389435
0.0026026683
0.0011573585
-0.0014240593
-0.0048515281
-0.0086221335
-0.0119151067
-0.0139607800
-0.0142455771
-0.0127753233
-0.0098625869
-0.0059316241
-0.0013587775
0.0034704436
0.0082665787
0.0130517903
0.0178584276
0.0226291498
0.0273255755
0.0319322582
0.0363157622
0.0402111362
0.0433474302
0.0455384083
0.0466106090
0.0465952911
0.0456955435
0.0441995029
0.0424010031
0.0404103458
0.0384736960
0.0368806807
0.0356997969
0.0349448466
0.0345949886
0.0346780777
0.0353387379
0.0367501479
0.0389114279
0.0417246719
0.0450200086
0.0485467385
0.0518748690
0.0549282730
0.0579497375
0.0608821077
0.0636109138
0.0659195153
0.0676224661
0.0687601002
0.0692945885
0.0692818718
0.0685732027
0.0669559935
0.0642643485
0.0605030398
0.0555782203
0.0494277386
0.0419313638
0.0330961864
0.0230164965
0.0119226404
0.0002114154
-0.0117385239
-0.0237009202
-0.0357007024
-0.0474989629
-0.0588407953
-0.0694888077
-0.0790651525
-0.0873084879
-0.0942010874
-0.0996372354
-0.1035170603
-0.1057937414
-0.1064203939
-0.1054847504
-0.1031890584
-0.0995256749
-0.0946878559
-0.0891623054
-0.0831528126
-0.0767920680
-0.0702758324
-0.0636397063
-0.0570516982
-0.0505009541
-0.0439056114
-0.0374997417
-0.0316743268
-0.0267452812
-0.0228158225
-0.0196861438
-0.0169716279
-0.0142930786
-0.0113231940
-0.0079395338
-0.0042539590
-0.0004651500
0.0032420170
0.0066680015
0.0096981172
0.0122610212
0.0143693855
0.0160279112
0.0173018264
0.0183272192
0.0192430169
0.0201825654
0.0213436419
0.0228639470
0.0248063707
0.0270313693
0.0294302403
0.0319215517
0.0343196328
0.0364871298
0.0384242741
0.0401909114
0.0417338112
0.0430414257
0.0442828104
0.0454688516
0.0463492865
0.0465142058
0.0454344008
0.0428668596
0.0387271059
0.0331421529
0.0261796048
0.0181222614
0.0096380274
0.0011813989
-0.0067474682
-0.0137009476
-0.0194640762
-0.0239321465
-0.0271712983
-0.0294310624
-0.0307701412
-0.0310582523
-0.0303613687
-0.0286664975
-0.0261086737
-0.0227788798
-0.0187237181
-0.0138965541
-0.0084346773
-0.0025227847
0.0036796770
0.0099910324
0.0161551428
0.0219750728
0.0272901677
0.0318531960
0.0352826494
0.0374821952
0.0382405558
0.0373652397
0.0348001777
0.0306102378
0.0249473467
0.0181596858
0.0104811341
0.0019670697
-0.0072318025
-0.0169229318
-0.0264666113
-0.0351906714
-0.0427418823
-0.0490331729
-0.0540505099
-0.0578821718
-0.0607259166
-0.0627914743
-0.0640365263
-0.0643249136
-0.0636326543
-0.0620613538
-0.0596355336
-0.0563871139
-0.0523775462
-0.0479360654
-0.0431733907
-0.0382343773
-0.0333950361
-0.0286837422
-0.0242428138
-0.0200370165
-0.0157805771
-0.0115727054
-0.0076811336
-0.0040261258
-0.0003163866
0.0035099560
0.0073697084
0.0111777544
0.0147835272
0.0179319663
0.0206717294
0.0231723985
0.0254660161
0.0276852857
0.0300316006
0.0322804848
0.0342965564
0.0361774773
0.0381449619
0.0402073725
0.0422609970
0.0442330867
0.0461102118
0.0480490388
0.0503125473
0.0528731007
0.0557480272
0.0587903073
0.0617169936
0.0645150866
0.0670656272
0.0690762845
0.0702350490
0.0702268923
0.0689144994
0.0663823916
0.0628085455
0.0584053627
0.0535381410
0.0485316583
0.0437803901
0.0395181832
0.0357698353
0.0326833677
0.0304626145
0.0292332272
0.0289511726
0.0292997910
0.0301200333
0.0313671791
0.0329016588
0.0344720795
0.0358542924
0.0365332248
0.0361762570
0.0345358558
0.0314327409
0.0267417231
0.0207185501
0.0136857324
0.0058088632
-0.0031309363
-0.0130484570
-0.0236273687
-0.0343945652
-0.0445176590
-0.0534432279
-0.0608205086
-0.0667367262
-0.0713244494
-0.0745513533
-0.0760530843
-0.0756469195
-0.0736005525
-0.0701504634
-0.0655937613
-0.0602911712
-0.0544538167
-0.0485488772
-0.0429239693
-0.0376830747
-0.0326775296
-0.0277892225
-0.0229926622
-0.0183100323
-0.0138836318
-0.0098843403
-0.0065734480
-0.0039472223
-0.0015610006
0.0007609464
0.0028054803
0.0043505188
0.0051929769
0.0050852951
0.0039532011
0.0018279647
-0.0010775726
-0.0047434512
-0.0090714004
-0.0139186157
-0.0191305509
-0.0245459024
-0.0300007401
-0.0352246084
-0.0399326782
-0.0439953029
-0.0472679037
-0.0497756634
-0.0517280035
-0.0532395482
-0.0542185635
-0.0545023844
-0.0541195849
-0.0532593170
-0.0519893132
-0.0501888931
-0.0476986992
-0.0445139724
-0.0406294911
-0.0358454163
-0.0299969315
-0.0231967337
-0.0157037501
-0.0079067722
-0.0000565816
0.0075592584
0.0143845107
0.0200239016
0.0242094355
0.0270199820
0.0287527401
0.0296857439
0.0300191922
0.0296947227
0.0286393299
0.0268115239
0.0241979905
0.0209475220
0.0172950120
0.0133703445
0.0093314448
0.0052805670
0.0015087091
-0.0015910044
-0.0037794282
-0.0050802289
-0.0055612228
-0.0054346508
-0.0047697196
-0.0035823130
-0.0019942752
-0.0002316867
0.0013928166
0.0027362448
0.0039773802
0.0053273582
0.0066920541
0.0077564513
0.0082598735
0.0079141774
0.0064617527
0.0036590752
-0.0006793383
-0.0065162677
-0.0135567346
-0.0211636487
-0.0285369666
-0.0349858420
-0.0402731463
-0.0443847177
-0.0473867153
-0.0493523566
-0.0501750588
-0.0495794981
-0.0472478909
-0.0429247207
-0.0367616572
-0.0291266764
-0.0206021149
-0.0120157873
-0.0040578611
0.0026870047
0.0078793991
0.0111946137
0.0121692552
0.0105813780
0.0066430946
0.0010052445
-0.0056636079
-0.0128899409
-0.0201789173
-0.0272504118
-0.0338208926
-0.0395719917
-0.0442214553
-0.0477688853
-0.0503905240
-0.0522818046
-0.0537423217
-0.0548502963
-0.0555262486
-0.0556123692
-0.0546015813
-0.0516417224
-0.0460810918
-0.0379242623
-0.0275376816
-0.0158865371
-0.0040951514
0.0070281099
0.0167477941
0.0249222472
0.0319660603
0.0382490401
0.0436610455
0.0481158852
0.0516083056
0.0542258853
0.0562422009
0.0578160961
0.0587734544
0.0590731327
0.0588283291
0.0581803857
0.0573449667
0.0567353469
0.0564503443
0.0564786423
0.0567203309
0.0569688147
0.0570988208
0.0571344598
0.0573837014
0.0577707462
0.0580363654
0.0581178424
0.0580717090
0.0579549912
0.0575372656
0.0565450069
0.0548550554
0.0525400057
0.0497898958
0.0464714699
0.0427543935
0.0389888780
0.0353319685
0.0319538895
0.0292028805
0.0271527756
0.0256878268
0.0248927867
0.0247158892
0.0249966914
0.0254889383
0.0261745888
0.0270719023
0.0280806927
0.0290812173
0.0298725836
0.0303148948
0.0304132569
0.0299989353
0.0288141273
0.0269351395
0.0244205334
0.0210422938
0.0167986482
0.0117765264
0.0061801393
0.0001046526
-0.0063451987
-0.0130591249
-0.0197145895
-0.0259700998
-0.0317348597
-0.0368551059
-0.0411185909
-0.0445075883
-0.0468664851
-0.0481160843
-0.0485024033
-0.0482611001
-0.0473275567
-0.0457697051
-0.0439195613
-0.0420483770
-0.0401225622
-0.0378455342
-0.0349766449
-0.0314466330
-0.0274422740
-0.0233314990
-0.0192673906
-0.0152587478
-0.0112557118
-0.0072158937
-0.0031140860
0.0010052188
0.0047707633
0.0077942483
0.0099383607
0.0112060459
0.0117339254
0.0115776379
0.0105900613
0.0086276827
0.0057544960
0.0022646851
-0.0014668717
-0.0049465882
-0.0077736318
-0.0099361192
-0.0116895645
-0.0132239094
-0.0145535148
-0.0154774564
-0.0159386950
-0.0160236787
-0.0157095497
-0.0150662947
-0.0143440676
-0.0138358028
-0.0137516475
-0.0141529441
-0.0150802703
-0.0166909221
-0.0189482969
-0.0217080663
-0.0248714316
-0.0282351497
-0.0315820084
-0.0348412951
-0.0379244743
-0.0407342436
-0.0432480341
-0.0456603990
-0.0479939587
-0.0501450653
-0.0522264161
-0.0542558403
-0.0562175959
-0.0582054852
-0.0604023785
-0.0627071071
-0.0647182333
-0.0662954297
-0.0675051253
-0.0682763504
-0.0685398695
-0.0680967105
-0.0667142471
-0.0643118757
-0.0609604762
-0.0569349291
-0.0523316118
-0.0473457712
-0.0423222364
-0.0373650599
-0.0323409664
-0.0273822934
-0.0224605439
-0.0177153579
-0.0133534595
-0.0091442262
-0.0049050469
-0.0004635013
0.0039880745
0.0082635216
0.0124008732
0.0164470112
0.0204414601
0.0241142013
0.0272614972
0.0299406053
0.0319162467
0.0331458202
0.0337973153
0.0340793314
0.0339309245
0.0334932954
0.0329320441
0.0324665474
0.0321567471
0.0318073451
0.0312485281
0.0303941625
0.0291552955
0.0275353823
0.0255647571
0.0232315635
0.0204482424
0.0172521604
0.0139304204
0.0107648394
0.0079269391
0.0055933338
0.0036198820
0.0018972240
0.0003194278
-0.0010362836
-0.0017698923
-0.0015166783
-0.0002710250
0.0018093353
0.0045833205
0.0078986604
0.0116882543
0.0158755801
0.0202927193
0.0246806677
0.0289146730
0.0327407151
0.0358185763
0.0379678653
0.0392547348
0.0397434493
0.0396661855
0.0392011126
0.0383199712
0.0370308859
0.0356295658
0.0345112380
0.0337335068
0.0331035531
0.0323865283
0.0313297097
0.0298401688
0.0279568201
0.0255501585
0.0225520273
0.0190987076
0.0154179254
0.0117729812
0.0085644265
0.0060523123
0.0042785511
0.0031149421
0.0025159421
0.0026673111
0.0035912507
0.0050099632
0.0067754001
0.0086935014
0.0104293745
0.0117913498
0.0128145397
0.0136217249
0.0142229889
0.0145879785
0.0147012923
0.0145251976
0.0141579922
0.0136822257
0.0132851167
0.0132211156
0.0134677111
0.0139621994
0.0148022041
0.0159350662
0.0172746010
0.0186826456
0.0200980633
0.0214544188
0.0226393168
0.0234938494
0.0239404252
0.0240585303
0.0238845294
0.0235238108
0.0229110054
0.0220105898
0.0209558585
0.0197288348
0.0181162755
0.0159871535
0.0134062083
0.0104644739
0.0074781924
0.0045599294
0.0016972058
-0.0009550931
-0.0032473304
-0.0050614551
-0.0064090380
-0.0075498108
-0.0085267452
-0.0091815158
-0.0093249644
-0.0088695704
-0.0076943834
-0.0058704322
-0.0034519748
-0.0004597936
0.0029501293
0.0064779569
0.0102035432
0.0140435159
0.0177707978
0.0210706560
0.0237154995
0.0256416997
0.0269575287
0.0279087727
0.0286182446
0.0292217886
0.0297458209
0.0300926667
0.0301081515
0.0298461932
0.0294985125
0.0289271007
0.0277502181
0.0257818472
0.0230257514
0.0195191756
0.0153996723
0.0109043381
0.0061800635
0.0016362060
-0.0023818004
-0.0056669252
-0.0081815821
-0.0100824452
-0.0113419031
-0.0118894356
-0.0118233343
-0.0112772340
-0.0103270882
-0.0089771103
-0.0071044167
-0.0047595096
-0.0023206207
-0.0000957552
0.0017269482
0.0030899370
0.0041125945
0.0049604488
0.0055520500
0.0056494981
0.0052001510
0.0043579523
0.0033531060
0.0023429373
0.0012879440
0.0001370730
-0.0010236067
-0.0021034677
-0.0029500927
-0.0033266250
-0.0031964448
-0.0024800571
-0.0009847982
0.0012311368
0.0039008544
0.0066140260
0.0090236998
0.0111381398
0.0129018548
0.0140486925
0.0143115886
0.0134557907
0.0114374648
0.0085581773
0.0051352051
0.0012797256
-0.0028068085
-0.0069616296
-0.0110905163
-0.0150444258
-0.0184536929
-0.0210336362
-0.0229376335
-0.0242996666
-0.0251198896
-0.0254832864
-0.0254736847
-0.0252058432
-0.0249040391
-0.0247206805
-0.0246794988
-0.0247224081
-0.0247813097
-0.0248980661
-0.0252373525
-0.0258750775
-0.0268295649
-0.0280598642
-0.0293436573
-0.0305851640
-0.0318263175
-0.0330072270
-0.0341639105
-0.0353909086
-0.0366133980
-0.0378288997
-0.0391810420
-0.0405886627
-0.0418508758
-0.0431067627
-0.0445374277
-0.0461950800
-0.0480175168
-0.0498181167
-0.0513555573
-0.0525409691
-0.0533800360
-0.0539417626
-0.0542058082
-0.0537538824
-0.0522832818
-0.0495843664
-0.0454582158
-0.0400764158
-0.0336054018
-0.0263235930
-0.0185469811
-0.0104848978
-0.0024944456
0.0052844244
0.0127668198
0.0195426759
0.0252690223
0.0299121211
0.0336990239
0.0367257806
0.0389293277
0.0403376099
0.0410426309
0.0411791110
0.0408340315
0.0401408794
0.0392651394
0.0382535231
0.0370894471
0.0359883255
0.0352319237
0.0348964138
0.0349441594
0.0352906455
0.0358443309
0.0365817282
0.0373291062
0.0380686872
0.0388362900
0.0395727303
0.0401112135
0.0403801660
0.0403763895
0.0399833203
0.0390457886
0.0375924454
0.0357452174
0.0335455046
0.0309967431
0.0281612320
0.0252871982
0.0224401136
0.0198137928
0.0175385054
0.0156370900
0.0141348837
0.0130239548
0.0123378355
0.0120283563
0.0120211309
0.0122836223
0.0126269485
0.0129307886
0.0132448085
0.0135243519
0.0137069206
0.0137254305
0.0134454504
0.0128855800
0.0123082787
0.0118764491
0.0115301108
0.0112719674
0.0111800601
0.0114657885
0.0123411688
0.0137854561
0.0155952853
0.0175308818
0.0193654701
0.0208854669
0.0220526257
0.0229188538
0.0233501246
0.0231556291
0.0224349755
0.0211381703
0.0192729205
0.0167544608
0.0136236452
0.0100812634
0.0063596020
0.0026305340
-0.0010955000
-0.0049999529
-0.0092107193
-0.0136977684
-0.0183995055
-0.0232953270
-0.0282870635
-0.0333303221
-0.0382427459
-0.0427624603
-0.0467558431
-0.0501875957
-0.0531782574
-0.0557585346
-0.0577200398
-0.0591268127
-0.0599366440
-0.0600551730
-0.0595089699
-0.0582999872
-0.0563039477
-0.0533836327
-0.0496601530
-0.0452635084
-0.0404532166
-0.0354327711
-0.0303883565
-0.0254260740
-0.0207950432
-0.0166778135
-0.0131007369
-0.0097823431
-0.0065120480
-0.0033644984
-0.0003865378
0.0025263891
0.0054329013
0.0081165084
0.0105919175
0.0130682771
0.0154779959
0.0178711701
0.0203875553
0.0229383721
0.0255145773
0.0279674303
0.0299667581
0.0313930814
0.0322127200
0.0323252888
0.0317323100
0.0304287803
0.0283656311
0.0257173707
0.0228395604
0.0197869271
0.0166895027
0.0138071644
0.0112267781
0.0089920750
0.0072022200
0.0060667683
0.0056614673
0.0058594688
0.0064402691
0.0073306462
0.0083652233
0.0094821253
0.0107773570
0.0121469110
0.0132955534
0.0141047874
0.0145329754
0.0146619860
0.0146343817
0.0144158337
0.0139010499
0.0131498248
0.0121397627
0.0109227517
0.0094813225
0.0078273439
0.0058610436
0.0034878148
0.0007443844
-0.0025053731
-0.0064398067
-0.0112517363
-0.0167053793
-0.0224098760
-0.0280807055
-0.0336056522
-0.0388893213
-0.0437532161
-0.0481915369
-0.0522198651
-0.0557432553
-0.0586732684
-0.0608019730
-0.0620894847
-0.0626313269
-0.0624950651
-0.0618625552
-0.0608572523
-0.0595146732
-0.0579035076
-0.0561227985
-0.0542745493
-0.0524243669
-0.0505858608
-0.0486483632
-0.0465550664
-0.0444211466
-0.0422513438
-0.0399257418
-0.0373895814
-0.0346735819
-0.0317592849
-0.0286763947
-0.0254789191
-0.0221329595
-0.0186207446
-0.0148627820
-0.0107668304
-0.0063509109
-0.0015357797
0.0035379470
0.0085958266
0.0135442555
0.0183193451
0.0228291751
0.0269779333
0.0306851895
0.0338108156
0.0363131353
0.0383364195
0.0400081051
0.0413630092
0.0423616519
0.0430518753
0.0435268325
0.0437032997
0.0435834605
0.0433564796
0.0431845532
0.0431254653
0.0431718814
0.0434731396
0.0440745321
0.0449336889
0.0461324661
0.0476669459
0.0494202948
0.0511458596
0.0525994340
0.0537112621
0.0544501751
0.0545905152
0.0539064640
0.0523586124
0.0499601973
0.0466146231
0.0422726219
0.0370286316
0.0308848551
0.0241467510
0.0172896491
0.0107634072
0.0049896061
0.0000961212
-0.0040302543
-0.0074688347
-0.0101190668
-0.0120645284
-0.0135528490
-0.0147690956
-0.0159574939
-0.0173633484
-0.0191520858
-0.0213011308
-0.0237839451
-0.0267036436
-0.0301532895
-0.0341517012
-0.0385703496
-0.0433153493
-0.0483636175
-0.0535264198
-0.0584206678
-0.0626592074
-0.0660056423
-0.0684775703
-0.0701108360
-0.0706176429
-0.0698518128
-0.0680356958
-0.0652016619
-0.0613686706
-0.0567450322
-0.0513815817
-0.0455585238
-0.0397840144
-0.0344597160
-0.0296434833
-0.0252808591
-0.0213759668
-0.0177628723
-0.0144607918
-0.0116509197
-0.0093596657
-0.0074452895
-0.0058136622
-0.0044632533
-0.0033543925
-0.0025207391
-0.0021524258
-0.0023689353
-0.0030640000
-0.0040262305
-0.0051768633
-0.0066624459
-0.0085510804
-0.0108640813
-0.0134837419
-0.0162717193
-0.0192938710
-0.0223601331
-0.0250916688
-0.0272344902
-0.0288248209
-0.0298524616
-0.0301279845
-0.0294703044
-0.0278095115
-0.0252667166
-0.0220452461
-0.0182539374
-0.0138196243
-0.0087186844
-0.0031608097
0.0023470645
0.0075436772
0.0122319590
0.0160553100
0.0190086243
0.0211977399
0.0226751806
0.0234833549
0.0236989613
0.0233033038
0.0223602230
0.0211665646
0.0200085901
0.0190955991
0.0185749451
0.0184909054
0.0187747584
0.0193298440
0.0202746782
0.0216476362
0.0233453205
0.0252021117
0.0270902580
0.0289447692
0.0307573473
0.0325535992
0.0343580206
0.0361835017
0.0380246668
0.0398770007
0.0417223918
0.0433756254
0.0445036449
0.0450122244
0.0449891159
0.0445329640
0.0437879752
0.0429008094
0.0418978186
0.0407423297
0.0395556783
0.0384617179
0.0376595359
0.0373590098
0.0374374169
0.0376469861
0.0378851487
0.0382511017
0.0387479665
0.0392854991
0.0398220875
0.0402247328
0.0403330049
0.0399266153
0.0388715564
0.0370995242
0.0344383480
0.0307609633
0.0260409667
0.0203364636
0.0139674082
0.0074770171
0.0011939333
-0.0047082214
-0.0101056757
-0.0148356722
-0.0188652078
-0.0222516876
-0.0251019706
-0.0274072773
-0.0291251478
-0.0302773355
-0.0308964415
-0.0311195046
-0.0311379888
-0.0311120479
-0.0311997677
-0.0314909168
-0.0319198176
-0.0323167789
-0.0324393348
-0.0322176847
-0.0317674801
-0.0313351881
-0.0309609307
-0.0305091269
-0.0299968672
-0.0295797390
-0.0293579733
-0.0294281016
-0.0298799824
-0.0307729542
-0.0321255333
-0.0339318237
-0.0360623266
-0.0383391105
-0.0405241413
-0.0425284531
-0.0444697143
-0.0462717272
-0.0477726875
-0.0488529806
-0.0496405513
-0.0501080069
-0.0500963820
-0.0495579182
-0.0483339130
-0.0464768841
-0.0440991306
-0.0411999202
-0.0378633569
-0.0342588750
-0.0305693002
-0.0270148568
-0.0237751847
-0.0208568029
-0.0181389987
-0.0155894086
-0.0132761122
-0.0111996876
-0.0092945791
-0.0074716607
-0.0056526221
-0.0036909114
-0.0014393406
0.0010048939
0.0034774982
0.0058689164
0.0081708821
0.0104076468
0.0125452082
0.0147794617
0.0172230340
0.0197395926
0.0223942884
0.0250790997
0.0275721260
0.0300287233
0.0324956610
0.0348212759
0.0369216826
0.0388307858
0.0406292214
0.0422357626
0.0434061584
0.0440178655
0.0441656623
0.0439467867
0.0435476289
0.0430737763
0.0426357618
0.0423564496
0.0422527119
0.0422443496
0.0421246903
0.0418517493
0.0415447493
0.0412076530
0.0409895610
0.0408642433
0.0407167035
0.0404074299
0.0398137638
0.0388239201
0.0373881941
0.0354908056
0.0332863722
0.0307785997
0.0279997295
0.0251005127
0.0220988170
0.0191911545
0.0166578971
0.0147168350
0.0135075568
0.0128453296
0.0124802308
0.0122909955
0.0123252664
0.0125369937
0.0127669547
0.0128947579
0.0127443728
0.0120691912
0.0107805747
0.0088918761
0.0065079183
0.0038295334
0.0010499965
-0.0017155924
-0.0043986665
-0.0067363250
-0.0084915815
-0.0096852270
-0.0103804279
-0.0105193229
-0.0099686689
-0.0087463080
-0.0070613918
-0.0051796134
-0.0032896341
-0.0014667066
0.0003067406
0.0020520876
0.0035425064
0.0047560748
0.0056812084
0.0062182863
0.0062812373
0.0059949348
0.0055153571
0.0050333915
0.0047257923
0.0046574392
0.0050228630
0.0058497251
0.0069570310
0.0084118321
0.0103434145
0.0125784836
0.0148333087
0.0170672347
0.0193875702
0.0217320355
0.0239287296
0.0257747887
0.0271889926
0.0283783928
0.0294036058
0.0303847084
0.0312865241
0.0319334528
0.0323899451
0.0327471312
0.0331170791
0.0333673676
0.0333552224
0.0329019800
0.0319889633
0.0306965896
0.0291052442
0.0273094226
0.0251656892
0.0227150906
0.0199776589
0.0168593610
0.0132594649
0.0093127294
0.0052938592
0.0012675516
-0.0027395209
-0.0067848991
-0.0108647557
-0.0149937901
-0.0191204931
-0.0231219362
-0.0269484022
-0.0306369558
-0.0342624331
-0.0378882123
-0.0415436189
-0.0452170795
-0.0487386585
-0.0519488252
-0.0548423259
-0.0573980045
-0.0596069273
-0.0615461526
-0.0632011844
-0.0645171418
-0.0654075703
-0.0658371776
-0.0657859895
-0.0653150207
-0.0645752021
-0.0637046516
-0.0627980125
-0.0618930754
-0.0608844391
-0.0597190851
-0.0585228512
-0.0574069640
-0.0564147953
-0.0556162420
-0.0548949076
-0.0541334128
-0.0532701133
-0.0522260821
-0.0509781528
-0.0494822022
-0.0477763933
-0.0459623765
-0.0442306011
-0.0426736744
-0.0412728488
-0.0399506743
-0.0386409339
-0.0374048350
-0.0363089735
-0.0354529252
-0.0348274031
-0.0343584702
-0.0340445980
-0.0337600064
-0.0333068410
-0.0325999125
-0.0315646674
-0.0300368736
-0.0279354907
-0.0253616361
-0.0223193110
-0.0188142702
-0.0150529358
-0.0112412482
-0.0073803185
-0.0033329551
0.0008475441
0.0048800733
0.0085959037
0.0121800516
0.0158120543
0.0194087134
0.0229847753
0.0265764120
0.0301147283
0.0334284786
0.0364445095
0.0391447864
0.0415812168
0.0439663820
0.0462220741
0.0480540164
0.0494978284
0.0505601640
0.0512699762
0.0516895450
0.0517721332
0.0515615877
0.0510548450
0.0502212308
0.0490731664
0.0477458539
0.0463386121
0.0448511907
0.0431293574
0.0412185265
0.0392469956
0.0373188108
0.0355493026
0.0340863128
0.0328585889
0.0316672812
0.0304094097
0.0290361499
0.0275207838
0.0257341594
0.0237639130
0.0217978992
0.0200264899
0.0184748168
0.0168550771
0.0149908228
0.0128847772
0.0107743320
0.0086851649
0.0066478795
0.0046962824
0.0028262253
0.0010007416
-0.0007552829
-0.0022980344
-0.0035457806
-0.0045460727
-0.0054196168
-0.0062234199
-0.0069014563
-0.0075357068
-0.0081776194
-0.0087033537
-0.0090747594
-0.0094168718
-0.0097202879
-0.0099281424
-0.0100266906
-0.0100454446
-0.0100284890
-0.0099479175
-0.0097672050
-0.0096291770
-0.0094652596
-0.0092825175
-0.0091400644
-0.0091292616
-0.0093530761
-0.0096249445
-0.0095975971
-0.0091765511
-0.0084945615
-0.0074886227
-0.0061138915
-0.0044445276
-0.0026197331
-0.0007566683
0.0010811769
0.0028295188
0.0043414482
0.0055626602
0.0065553684
0.0073162532
0.0076702537
0.0075518660
0.0068815463
0.0058432781
0.0047116196
0.0036000432
0.0024476108
0.0012953126
0.0002643453
-0.0005133316
-0.0010230081
-0.0011658826
-0.0009837372
-0.0005003589
0.0002819873
0.0014310998
0.0029444794
0.0047106857
0.0065810524
0.0084519797
0.0102812245
0.0120213942
0.0135913267
0.0150422871
0.0164075058
0.0177147606
0.0188543215
0.0198779931
0.0207200658
0.0213856393
0.0218320160
0.0219941672
0.0218289396
0.0214536224
0.0209672522
0.0204899314
0.0199110052
0.0190305511
0.0179172072
0.0167525982
0.0157325939
0.0150028267
0.0144973043
0.0142395142
0.0143625647
0.0148296543
0.0154807062
0.0163560673
0.0173205675
0.0180766096
0.0184688567
0.0185494988
0.0184163969
0.0180482667
0.0174331427
0.0165624637
0.0153008993
0.0134755081
0.0110473950
0.0081628153
0.0051828093
0.0021431201
-0.0009412915
-0.0039015365
-0.0067659203
-0.0093936862
-0.0117411379
-0.0139009728
-0.0157994660
-0.0174501819
-0.0188407506
-0.0199851862
-0.0208980231
-0.0215071355
-0.0218666273
-0.0221173975
-0.0221744944
-0.0220766141
-0.0219418937
-0.0218526646
-0.0217706031
-0.0216250350
-0.0215167629
-0.0213082470
-0.0208394876
-0.0201485256
-0.0193844938
-0.0184184008
-0.0171096367
-0.0154775013
-0.0136453793
-0.0117529683
-0.0098806023
-0.0080485830
-0.0062445226
-0.0044417685
-0.0027476545
-0.0014333258
-0.0004896986
0.0001528948
0.0004011515
0.0002899842
-0.0002147297
-0.0011533585
-0.0023329347
-0.0036288306
-0.0051303714
-0.0067188235
-0.0082920828
-0.0097546938
-0.0111993343
-0.0126983228
-0.0141267913
-0.0153118241
-0.0161903643
-0.0169613454
-0.0176551012
-0.0183510856
-0.0191930363
-0.0202997006
-0.0215485933
-0.0228064199
-0.0241425314
-0.0256579682
-0.0273637899
-0.0291301253
-0.0307678932
-0.0323209472
-0.0338558894
-0.0352698941
-0.0364744966
-0.0374237881
-0.0380312371
-0.0382439919
-0.0379493940
-0.0370359983
-0.0355098808
-0.0334187291
-0.0309686507
-0.0284663117
-0.0259277556
-0.0231882431
-0.0202794823
-0.0173348256
-0.0143953135
-0.0114321855
-0.0086786781
-0.0063122020
-0.0042495666
-0.0021655074
0.0001258821
0.0026087563
0.0052990724
0.0079304523
0.0102629265
0.0123203853
0.0143948896
0.0166658290
0.0190040900
0.0212196987
0.0232349803
0.0250827799
0.0268585565
0.0286433890
0.0304667057
0.0323230730
0.0341862869
0.0359697128
0.0374745844
0.0386760719
0.0398376174
0.0411835555
0.0426218633
0.0439916421
0.0453171114
0.0465717972
0.0476960852
0.0486975603
0.0495846297
0.0502506399
0.0506205621
0.0507404783
0.0506872093
0.0504507872
0.0500587456
0.0493818620
0.0484247863
0.0473422709
0.0462440201
0.0450427638
0.0436119512
0.0419362321
0.0401012392
0.0382492713
0.0365715099
0.0350768502
0.0337674117
0.0326488334
0.0317101456
0.0309932043
0.0303850167
0.0297585697
0.0291956872
0.0287849109
0.0284346932
0.0280881108
0.0276329865
0.0269807721
0.0261098041
0.0249392863
0.0234448707
0.0217084517
0.0198590336
0.0179182220
0.0156904360
0.0131924579
0.0103823161
0.0072740503
0.0042428049
0.0016104783
-0.0007247197
-0.0029947959
-0.0051804497
-0.0072193683
-0.0091351126
-0.0109756610
-0.0127913413
-0.0146103997
-0.0164431255
-0.0182990882
-0.0202994951
-0.0224544232
-0.0247289271
-0.0268779656
-0.0287501839
-0.0304396088
-0.0321004338
-0.0338305265
-0.0356347681
-0.0373326065
-0.0387182748
-0.0396458259
-0.0402285671
-0.0406111931
-0.0408597154
-0.0411266962
-0.0413343901
-0.0415040493
-0.0416932268
-0.0418544404
-0.0419495847
-0.0419793855
-0.0419701306
-0.0419516528
-0.0419419290
-0.0419605481
-0.0421280943
-0.0424288194
-0.0427125503
-0.0428787093
-0.0429192936
-0.0428697433
-0.0426642332
-0.0423477855
-0.0420724425
-0.0419407665
-0.0420574329
-0.0422452295
-0.0424334372
-0.0426288575
-0.0427742843
-0.0428446053
-0.0428558191
-0.0428414839
-0.0428288442
-0.0428284460
-0.0428216124
-0.0426735331
-0.0423863982
-0.0420894881
-0.0417417367
-0.0412139343
-0.0404566912
-0.0393901167
-0.0379621492
-0.0362440989
-0.0343826962
-0.0324677227
-0.0302982667
-0.0278655229
-0.0251601657
-0.0222352008
-0.0192526508
-0.0162215460
-0.0133012053
-0.0105901320
-0.0080052819
-0.0055750301
-0.0033702993
-0.0013805193
0.0005068682
0.0026400105
0.0050602887
0.0074798366
0.0096996457
0.0118302900
0.0140976969
0.0166005947
0.0192888228
0.0219224911
0.0242656589
0.0262982045
0.0282660809
0.0302891274
0.0321927907
0.0339089914
0.0355193477
0.0368639306
0.0378403126
0.0384654044
0.0389068165
0.0392715171
0.0395406430
0.0396976177
0.0397434043
0.0395891144
0.0392705344
0.0388469129
0.0383879287
0.0380309416
0.0377298633
0.0373010523
0.0366493774
0.0359048831
0.0352078775
0.0345160357
0.0336517729
0.0325367335
0.0312122147
0.0297866750
0.0283579176
0.0269808427
0.0257517637
0.0246991776
0.0237669060
0.0228667794
0.0218465246
0.0206600017
0.0195584177
0.0188195753
0.0183924920
0.0179925057
0.0173903233
0.0164373709
0.0151875084
0.0138807224
0.0125974688
0.0113226096
0.0099146999
0.0083205542
0.0067755478
0.0054705794
0.0044324159
0.0036671760
0.0031178117
0.0027986004
0.0027607136
0.0028805084
0.0030226250
0.0032205925
0.0035083986
0.0037912920
0.0040978829
0.0045557869
0.0051090510
0.0055624476
0.0058061060
0.0058592652
0.0058120546
0.0057439411
0.0055983993
0.0053326170
0.0049411573
0.0043690538
0.0037173647
0.0030918760
0.0024643494
0.0019913163
0.0018337348
0.0018019628
0.0016801860
0.0013733009
0.0009258600
0.0005267367
0.0003004960
0.0002494161
0.0002985716
0.0003634932
0.0004043399
0.0005185269
0.0007615167
0.0010356870
0.0013425476
0.0016881641
0.0019817634
0.0022632920
0.0025783549
0.0028483139
0.0030111889
0.0030675112
0.0030589339
0.0030328524
0.0030187933
0.0030232679
0.0030380611
0.0030518170
0.0030578979
0.0030565684
0.0030518067
0.0030477618
0.0030368472
0.0029149727
0.0026354428
0.0022142086
0.0016157558
0.0008336013
-0.0001809169
-0.0013950587
-0.0026378744
-0.0038735397
-0.0051172668
-0.0063043844
-0.0074946471
-0.0087370466
-0.0099288553
-0.0109008828
-0.0117245227
-0.0126139299
-0.0136082438
-0.0147592691
-0.0160441090
-0.0172962644
-0.0184176750
-0.0195099335
-0.0206808559
-0.0219824460
-0.0234789746
-0.0250602815
-0.0266156926
-0.0281799410
-0.0297043245
-0.0311629920
-0.0325530469
-0.0338024983
-0.0348785397
-0.0357028026
-0.0361792628
-0.0362401939
-0.0359700660
-0.0355360914
-0.0349548787
-0.0341406543
-0.0329594301
-0.0315011287
-0.0300535466
-0.0288090984
-0.0277143479
-0.0266781202
-0.0257936647
-0.0250914632
-0.0245588182
-0.0241099817
-0.0237765720
-0.0235872339
-0.0235192122
-0.0235232713
-0.0236302139
-0.0238907207
-0.0241837901
-0.0243881828
-0.0244675146
-0.0244529867
-0.0243188701
-0.0239525832
-0.0234828282
-0.0231443511
-0.0229017312
-0.0227461567
-0.0226691562
-0.0226432924
-0.0226343200
-0.0225359130
-0.0222576028
-0.0219261648
-0.0216810593
-0.0214890687
-0.0211532891
-0.0205513571
-0.0196486551
-0.0184268593
-0.0169057707
-0.0151760697
-0.0133480581
-0.0115055700
-0.0095593955
-0.0072885718
-0.0047927324
-0.0021786724
0.0004923225
0.0031908970
0.0058492665
0.0084180428
0.0110264895
0.0135485523
0.0159510392
0.0184309634
0.0209583248
0.0234689554
0.0258730095
0.0282024009
0.0304107585
0.0324535480
0.0343575004
0.0361835274
0.0379335494
0.0394685430
0.0407723746
0.0420091286
0.0432061973
0.0443881923
0.0456414973
0.0468950143
0.0480513831
0.0490741170
0.0499952069
0.0508208699
0.0514281776
0.0517513176
0.0518040920
0.0515740411
0.0512116912
0.0508819616
0.0505212366
0.0499959198
0.0492555874
0.0483170409
0.0471584498
0.0458948237
0.0446615572
0.0434173722
0.0421917871
0.0410248082
0.0397767440
0.0383095024
0.0366099748
0.0347641855
0.0328709910
0.0309168974
0.0286878526
0.0262749226
0.0239418446
0.0218769485
0.0201836122
0.0187510847
0.0174098480
0.0158956058
0.0142291353
0.0125415023
0.0110150829
0.0097773912
0.0087922359
0.0079370740
0.0070986878
0.0062159086
0.0052782292
0.0043533480
0.0035552983
0.0027293829
0.0017770534
0.0007443658
-0.0002878463
-0.0012688451
-0.0021999010
-0.0031014264
-0.0039558382
-0.0046220263
-0.0049979459
-0.0051545024
-0.0053223158
-0.0056059183
-0.0060872499
-0.0067573847
-0.0073969595
-0.0078404139
-0.0082097259
-0.0086758007
-0.0092075530
-0.0098079628
-0.0105195156
-0.0113425646
-0.0122456584
-0.0131794329
-0.0140673630
-0.0147820500
-0.0153858766
-0.0159935311
-0.0165698947
-0.0171554426
-0.0177990829
-0.0184119589
-0.0189801273
-0.0194731706
-0.0199713198
-0.0205955895
-0.0213519463
-0.0220774233
-0.0227389569
-0.0233815632
-0.0239139898
-0.0242383565
-0.0243970973
-0.0245476815
-0.0246132690
-0.0245166218
-0.0241768345
-0.0235972274
-0.0229582692
-0.0223144170
-0.0216174564
-0.0208735145
-0.0202034645
-0.0196190983
-0.0191308848
-0.0186396720
-0.0180180227
-0.0172687115
-0.0165537419
-0.0159293308
-0.0154652984
-0.0151394931
-0.0146813951
-0.0140242995
-0.0130977953
-0.0119737193
-0.0108306453
-0.0097783867
-0.0087966483
-0.0077208959
-0.0065467622
-0.0053504821
-0.0041252284
-0.0030104677
-0.0019520068
-0.0008851112
0.0002002851
0.0013920311
0.0026396778
0.0037910666
0.0047839033
0.0056700337
0.0065260108
0.0074167282
0.0084746772
0.0095686955
0.0106596245
0.0117593074
0.0126815984
0.0133763818
0.0138517372
0.0141218202
0.0143695782
0.0146694491
0.0149566546
0.0152877394
0.0156444438
0.0159162480
0.0160683094
0.0162430938
0.0163726504
0.0164803380
0.0164953541
0.0163636331
0.0161834215
0.0160492214
0.0159957083
0.0159891123
0.0158477832
0.0154055490
0.0146782480
0.0139091231
0.0132159711
0.0125365441
0.0117975733
0.0109620516
0.0100471787
0.0090837703
0.0079764573
0.0067508015
0.0055581843
0.0044674364
0.0033521555
0.0021734553
0.0010146209
-0.0000743540
-0.0012150077
-0.0024289011
-0.0036036347
-0.0046652735
-0.0056226344
-0.0065220865
-0.0074072035
-0.0082959557
-0.0090658449
-0.0097071730
-0.0103339989
-0.0109144858
-0.0114558848
-0.0119387419
-0.0124119715
-0.0128549506
-0.0131666199
-0.0133134660
-0.0133364975
-0.0133053607
-0.0132586107
-0.0130836849
-0.0127852655
-0.0125048165
-0.0123213358
-0.0121317665
-0.0120070526
-0.0119014009
-0.0117417545
-0.0115787426
-0.0114499439
-0.0112282103
-0.0107905812
-0.0103635108
-0.0100848215
-0.0098872690
-0.0097478601
-0.0095379505
-0.0090957035
-0.0084837138
-0.0077262073
-0.0068898636
-0.0062335688
-0.0058753069
-0.0055525388
-0.0049423930
-0.0040333917
-0.0030670559
-0.0021498645
-0.0013181829
-0.0007278790
-0.0003233048
0.0000242624
0.0004092365
0.0008448011
0.0011988112
0.0012936948
0.0012040315
0.0011688171
0.0013538315
0.0018524605
0.0025188618
0.0031837981
0.0037511816
0.0042154620
0.0046103937
0.0048994284
0.0051695993
0.0054986468
0.0059178585
0.0063811100
0.0066361069
0.0066553040
0.0065707056
0.0063639835
0.0060532603
0.0056550351
0.0053137268
0.0051312320
0.0050970870
0.0051393386
0.0051814375
0.0051776957
0.0050549483
0.0047618956
0.0044360440
0.0042087086
0.0040322735
0.0037812548
0.0035120710
0.0033095705
0.0031297488
0.0029495064
0.0028416312
0.0027836531
0.0028698932
0.0030401137
0.0031917859
0.0032701762
0.0032782680
0.0032506329
0.0032225662
0.0032123356
0.0032195919
0.0032340331
0.0032449566
0.0031890209
0.0029609578
0.0025941160
0.0021245428
0.0017052116
0.0013973850
0.0010995276
0.0007651403
0.0003366873
-0.0000771386
-0.0003538236
-0.0004645680
-0.0004593312
-0.0004126215
-0.0003789341
-0.0003766304
-0.0003963339
-0.0004192014
-0.0004322301
-0.0004919599
-0.0007684782
-0.0012871348
-0.0018265305
-0.0022481135
-0.0026764633
-0.0032552430
-0.0040218644
-0.0049277880
-0.0058966203
-0.0067997032
-0.0074871969
-0.0079553848
-0.0081538686
-0.0082551208
-0.0083315754
-0.0082627380
-0.0080644725
-0.0078216278
-0.0075019047
-0.0072039734
-0.0071159389
-0.0071117064
-0.0070253353
-0.0067335248
-0.0063265879
-0.0059880299
-0.0058141356
-0.0057906199
-0.0058434598
-0.0058990756
-0.0058820538
-0.0056386908
-0.0051208101
-0.0045019495
-0.0038595989
-0.0031932098
-0.0025947505
-0.0020662699
-0.0016135387
-0.0011741247
-0.0007410652
-0.0002703007
0.0001683731
0.0004640697
0.0006271900
0.0008241280
0.0010813735
0.0013116716
0.0014523444
0.0014987573
0.0014859397
0.0014567844
0.0014393740
0.0014411383
0.0015038498
0.0017231884
0.0020747143
0.0025370210
0.0029657703
0.0032823136
0.0036568543
0.0041822835
0.0047008225
0.0050497171
0.0051896398
0.0051828742
0.0051234967
0.0050806894
0.0050770196
0.0049788348
0.0045415756
0.0038122830
0.0028029119
0.0016590852
0.0005451921
-0.0004563750
-0.0013583523
-0.0022247795
-0.0031033667
-0.0040089293
-0.0049361920
-0.0058169885
-0.0065265374
-0.0070819698
-0.0075159958
-0.0079296751
-0.0082870411
-0.0085218447
-0.0086247732
-0.0086359550
-0.0085519988
-0.0083653711
-0.0082262834
-0.0080746588
-0.0079122249
-0.0077863806
-0.0076602280
-0.0073550264
-0.0068198573
-0.0062060326
-0.0055497886
-0.0048244960
-0.0040159550
-0.0031328168
-0.0022099395
-0.0012788149
-0.0004091453
0.0002853596
0.0008907579
0.0015491612
0.0022707961
0.0028766118
0.0032955705
0.0036493662
0.0040012864
0.0043596152
0.0045282108
0.0045469250
0.0046368503
0.0048216367
0.0050726471
0.0054248949
0.0057728389
0.0060025738
0.0060883187
0.0060760432
0.0060323631
0.0060037935
0.0059453736
0.0057406694
0.0054599507
0.0052304168
0.0051728620
0.0053220891
0.0054333843
0.0054076708
0.0052951174
0.0051781151
0.0051098153
0.0050985160
0.0051218685
0.0051506161
0.0051665525
0.0052252575
0.0054399636
0.0057319861
0.0059683652
0.0060854658
0.0060986899
0.0061245916
0.0062645714
0.0063358429
0.0063451929
0.0064082692
0.0063908498
0.0062757165
0.0061398266
0.0060462057
0.0059500197
0.0057190510
0.0053004879
0.0046077232
0.0037566100
0.0027898542
0.0019056858
0.0011403008
0.0004677461
-0.0000993722
-0.0006844096
-0.0013882970
-0.0022579811
-0.0032318462
-0.0042164382
-0.0050756856
-0.0057247452
-0.0062260480
-0.0066486373
-0.0071568572
-0.0077628804
-0.0082869191
-0.0086851392
-0.0090442007
-0.0093279188
-0.0094925941
-0.0094620033
-0.0091905010
-0.0087649078
-0.0082706956
-0.0078784871
-0.0076790527
-0.0076457001
-0.0076890912
-0.0076456102
-0.0073121106
-0.0067222082
-0.0061512839
-0.0058041844
-0.0057080279
-0.0057634985
-0.0057685204
-0.0055668708
-0.0052587963
-0.0049955869
-0.0047766162
-0.0045133027
-0.0042623186
-0.0040935277
-0.0040219781
-0.0040144842
-0.0039436565
-0.0036129963
-0.0030394529
-0.0023964780
-0.0017184524
-0.0010610504
-0.0004113102
0.0003375890
0.0010881506
0.0018374149
0.0025413659
0.0031376685
0.0036519834
0.0040230520
0.0042980829
0.0045183297
0.0046404020
0.0047883574
0.0049570506
0.0050849560
0.0049789504
0.0045680964
0.0042063708
0.0041447935
0.0044337685
0.0048482378
0.0051610843
0.0052873589
0.0053474891
0.0055142184
0.0057499315
0.0059554352
0.0060766707
0.0062009312
0.0064494663
0.0067395235
0.0069574228
0.0070581034
0.0070645453
0.0070294265
0.0069979237
0.0069934215
0.0070965169
0.0074426049
0.0079911201
0.0085108364
0.0088267767
0.0089781444
0.0092207386
0.0096870189
0.0102116100
0.0105946663
0.0106993225
0.0104002351
0.0097828312
0.0091638858
0.0087248950
0.0083379145
0.0078787118
0.0073165743
0.0065479246
0.0057259032
0.0049229505
0.0041744826
0.0035624659
0.0029929719
0.0022736767
0.0012992696
0.0002405425
-0.0008894092
-0.0020272225
-0.0030313662
-0.0038302071
-0.0046513493
-0.0055993486
-0.0066271217
-0.0076573957
-0.0086462825
-0.0095806800
-0.0104152383
-0.0110100990
-0.0113084927
-0.0114376126
-0.0116253899
-0.0118837388
-0.0121180414
-0.0122015287
-0.0120207199
-0.0116985818
-0.0113019995
-0.0107137990
-0.0100994265
-0.0095484707
-0.0089030963
-0.0081544980
-0.0071390281
-0.0058736807
-0.0047075688
-0.0037735939
-0.0029689109
-0.0020865705
-0.0011286611
-0.0000951875
0.0008456784
0.0015992863
0.0021009725
0.0023383753
0.0023894780
0.0023998151
0.0025656529
0.0028688957
0.0031586902
0.0033309018
0.0033735601
0.0033771959
0.0035300922
0.0038582129
0.0043329421
0.0048041145
0.0051145763
0.0052279589
0.0052074586
0.0051825743
0.0053745790
0.0058787128
0.0064463128
0.0067327027
0.0067730623
0.0065981108
0.0062777505
0.0058563012
0.0054202179
0.0049766370
0.0045919686
0.0043084830
0.0040068362
0.0036856044
0.0034336171
0.0032976720
0.0032631274
0.0032826091
0.0033103598
0.0033218164
0.0033148325
0.0033000837
0.0033413251
0.0035579264
0.0038803233
0.0041546753
0.0042579275
0.0040739587
0.0037133583
0.0033879891
0.0031585091
0.0029155938
0.0026741884
0.0024956287
0.0023445551
0.0020969519
0.0018054542
0.0015781258
0.0014065578
0.0012255479
0.0011199771
0.0009881431
0.0008213464
0.0006775297
0.0005939596
0.0005703410
0.0006409529
0.0008844850
0.0011963732
0.0014351274
0.0015422980
0.0015427546
0.0014978851
0.0014601434
0.0014510618
0.0014067215
0.0012038247
0.0009155652
0.0006170017
0.0002692848
-0.0001094212
-0.0005396706
-0.0009837057
-0.0014609957
-0.0019333640
-0.0024226532
-0.0028926118
-0.0033635973
-0.0037510673
-0.0039805222
-0.0040592452
-0.0040485304
-0.0040153339
-0.0040583024
-0.0042917052
-0.0046748322
-0.0052228214
-0.0058896293
-0.0065202433
-0.0071303447
-0.0077460339
-0.0083079723
-0.0088973353
-0.0096011745
-0.0103724446
-0.0111226164
-0.0119370206
-0.0127156959
-0.0134526115
-0.0142137789
-0.0150469371
-0.0159460617
-0.0168757515
-0.0177444459
-0.0184339499
-0.0189822853
-0.0194254571
-0.0199144028
-0.0205099764
-0.0210534820
-0.0213977651
-0.0215226653
-0.0215039948
-0.0214405203
-0.0213409637
-0.0211181768
-0.0208442146
-0.0205735986
-0.0202474336
-0.0198709925
-0.0194184950
-0.0188875520
-0.0181776819
-0.0174784349
-0.0169492645
-0.0165365871
-0.0161655217
-0.0156680790
-0.0149849911
-0.0142062965
-0.0135694321
-0.0130772430
-0.0124925943
-0.0118312983
-0.0110883133
-0.0102567801
-0.0093562104
-0.0084285951
-0.0074981153
-0.0064934867
-0.0054156945
-0.0043709632
-0.0032834883
-0.0021898638
-0.0011459276
-0.0001663921
0.0007594730
0.0016563292
0.0025530640
0.0034642561
0.0043058741
0.0050680466
0.0058617739
0.0066131718
0.0073469660
0.0080383454
0.0086299627
0.0092260179
0.0098523172
0.0104442813
0.0110651535
0.0116983763
0.0121914324
0.0125486443
0.0129693049
0.0135041721
0.0139916727
0.0143830528
0.0148253383
0.0153578163
0.0159157856
0.0165486166
0.0172099833
0.0177271883
0.0181740339
0.0187523500
0.0193339351
0.0199079481
0.0205839390
0.0211913429
0.0215743544
0.0218020995
0.0221288490
0.0226335622
0.0231244539
0.0233343699
0.0232883264
0.0231176267
0.0228524249
0.0225057140
0.0221150726
0.0218068073
0.0216268912
0.0213465449
0.0208204703
0.0201510561
0.0196132409
0.0194329137
0.0194090859
0.0192025160
0.0187661393
0.0182942006
0.0178595323
0.0174628665
0.0170563484
0.0165106655
0.0157766786
0.0148968539
0.0139546336
0.0131183476
0.0124614897
0.0118660510
0.0112931748
0.0106292777
0.0098290225
0.0089200777
0.0079767784
0.0070631901
0.0061662080
0.0052790596
0.0043815708
0.0035087993
0.0026155989
0.0017258776
0.0007995320
-0.0001234465
-0.0012256924
-0.0024764161
-0.0036739718
-0.0048388332
-0.0059501847
-0.0070618542
-0.0081902783
-0.0092435131
-0.0102266517
-0.0109587118
-0.0113462255
-0.0115371114
-0.0118391018
-0.0123473859
-0.0128705383
-0.0132244039
-0.0133596509
-0.0133392463
-0.0132602805
-0.0131119828
-0.0128357471
-0.0125384388
-0.0122499744
-0.0119203026
-0.0116285113
-0.0114471116
-0.0113774200
-0.0112959109
-0.0110685767
-0.0106970939
-0.0102233569
-0.0098172755
-0.0095909112
-0.0095340648
-0.0094788819
-0.0091774182
-0.0086284726
-0.0080819356
-0.0077362459
-0.0076276847
-0.0076699454
-0.0076651156
-0.0073709994
-0.0067992215
-0.0062240756
-0.0058581933
-0.0056568077
-0.0053705777
-0.0049086705
-0.0044286529
-0.0040943010
-0.0039476077
-0.0037790184
-0.0034197552
-0.0030306282
-0.0026494961
-0.0023640606
-0.0022211983
-0.0021988631
-0.0023130947
-0.0025115882
-0.0026555160
-0.0028123525
-0.0029645127
-0.0030753597
-0.0032143953
-0.0034757069
-0.0037674719
-0.0039785556
-0.0040700018
-0.0040697121
-0.0040322498
-0.0040018735
-0.0039962351
-0.0040101124
-0.0040321932
-0.0041259066
-0.0043815618
-0.0047671885
-0.0052487039
-0.0057807496
-0.0064644630
-0.0071294392
-0.0075751030
-0.0077548200
-0.0077509986
-0.0078049483
-0.0082224683
-0.0088493071
-0.0093827806
-0.0096603330
-0.0096977382
-0.0095516499
-0.0092332947
-0.0088299301
-0.0083678438
-0.0079722184
-0.0076224889
-0.0071020147
-0.0065176614
-0.0059516459
-0.0052700840
-0.0045549160
-0.0038289502
-0.0031188612
-0.0025102973
-0.0019180801
-0.0012924617
-0.0007656368
-0.0003894396
0.0000047475
0.0005160056
0.0010092702
0.0013387493
0.0014707863
0.0014653386
0.0014742121
0.0017346084
0.0022803305
0.0028644802
0.0033170502
0.0037461347
0.0042533456
0.0047266863
0.0051586867
0.0057378448
0.0063456386
0.0067851110
0.0069866135
0.0071266774
0.0075303953
0.0081017300
0.0085902261
0.0089148754
0.0092510404
0.0097140388
0.0101796126
0.0105026177
0.0107045505
0.0109487889
0.0112233099
0.0115015944
0.0118449014
0.0121761274
0.0123985161
0.0125475203
0.0127691962
0.0130356439
0.0133105759
0.0136505045
0.0139774595
0.0141953332
0.0142821474
0.0142782681
0.0142431944
0.0142818905
0.0144586724
0.0145577859
0.0145100853
0.0143851979
0.0142691802
0.0142083261
0.0141448452
0.0140045051
0.0138941199
0.0138000932
0.0137239148
0.0134305756
0.0129909876
0.0126095690
0.0124020486
0.0123617211
0.0124118302
0.0124717594
0.0124969938
0.0124840137
0.0123941038
0.0120803858
0.0115280684
0.0109670933
0.0104837931
0.0099088938
0.0093384968
0.0089366351
0.0087536618
0.0087326664
0.0087152290
0.0084549085
0.0079106835
0.0073261311
0.0068674551
0.0064830179
0.0061335742
0.0057418390
0.0053766535
0.0051293425
0.0049622619
0.0047285437
0.0043931161
0.0039358871
0.0034983601
0.0032161583
0.0030555806
0.0028490730
0.0025422689
0.0021102756
0.0016892418
0.0014137568
0.0013119799
0.0012684745
0.0010339214
0.0005254868
-0.0001002213
-0.0007838127
-0.0015341875
-0.0023009701
-0.0029579765
-0.0035001847
-0.0039336687
-0.0044136780
-0.0050058071
-0.0056095123
-0.0061819832
-0.0066721312
-0.0071854635
-0.0077830601
-0.0083765078
-0.0089368792
-0.0094216566
-0.0098748413
-0.0103023163
-0.0107601830
-0.0112231750
-0.0117048182
-0.0121660375
-0.0126287726
-0.0130100820
-0.0132360160
-0.0133134789
-0.0133029587
-0.0132701328
-0.0132541919
-0.0132626826
-0.0132873710
-0.0132576473
-0.0130450337
-0.0126758309
-0.0121935904
-0.0117619536
-0.0115070922
-0.0114346517
-0.0114701558
-0.0115272142
-0.0114950627
-0.0112004647
-0.0106440047
-0.0100750335
-0.0097081878
-0.0095887275
-0.0096330948
-0.0097229341
-0.0097772178
-0.0097747772
-0.0097327735
-0.0096181751
-0.0093529541
-0.0090957228
-0.0090265579
-0.0090012528
-0.0088773803
-0.0085543174
-0.0081578571
-0.0078560465
-0.0077178644
-0.0075954883
-0.0072013658
-0.0066458242
-0.0061769993
-0.0059281450
-0.0058845310
-0.0059493569
-0.0060239026
-0.0060550323
-0.0060396181
-0.0059444468
-0.0056903323
-0.0053316896
-0.0048860591
-0.0044812829
-0.0042323181
-0.0041499367
-0.0041708076
-0.0042180638
-0.0042432634
-0.0042362153
-0.0042116123
-0.0041891409
-0.0041799579
-0.0041838442
-0.0041937921
-0.0042024183
-0.0042060265
-0.0042050407
-0.0042021287
-0.0041999270
-0.0041995673
-0.0042007786
-0.0042025615
-0.0042040336
-0.0042048416
-0.0042050959
-0.0042049694
-0.0041674518
-0.0039759666
-0.0036385634
-0.0031728733
-0.0027126135
-0.0024069108
-0.0022909117
-0.0023049412
-0.0023614646
-0.0023984638
-0.0023973669
-0.0023715667
-0.0023440818
-0.0023302263
-0.0023320799
-0.0023596277
-0.0025399041
-0.0028589613
-0.0031424610
-0.0031496331
-0.0028808931
-0.0025469619
-0.0023361910
-0.0024175454
-0.0026005296
-0.0026588287
-0.0025842271
-0.0024558985
-0.0023515956
-0.0023070742
-0.0023149907
-0.0023461036
-0.0023728261
-0.0023822545
-0.0023934645
-0.0025517660
-0.0028729221
-0.0033303424
-0.0038066497
-0.0041402855
-0.0042798664
-0.0042771831
-0.0042211633
-0.0041797620
-0.0041771974
-0.0042026380
-0.0042326546
-0.0042500502
-0.0042510521
-0.0042419995
-0.0042320033
-0.0042269834
-0.0042278576
-0.0042320502
-0.0042362821
-0.0042386103
-0.0042388974
-0.0042381093
-0.0042374003
-0.0042374009
-0.0042381363
-0.0042392146
-0.0042402056
-0.0042409211
-0.0042511677
-0.0043651546
-0.0045146213
-0.0045330772
-0.0044464769
-0.0044451269
-0.0046220995
-0.0047629348
-0.0047003633
-0.0044973194
-0.0041815513
-0.0037987178
-0.0034887602
-0.0033290637
-0.0033023078
-0.0033311041
-0.0032512263
-0.0030942780
-0.0029286676
-0.0027166359
-0.0025226151
-0.0024039930
-0.0023662147
-0.0023783386
-0.0024027227
-0.0024059648
-0.0022794538
-0.0019951635
-0.0016940241
-0.0014866751
-0.0012975406
-0.0010486317
-0.0007974152
-0.0005030728
-0.0001541252
0.0000256642
-0.0000832143
-0.0003400126
-0.0005583341
-0.0005373683
-0.0002454423
0.0001292341
0.0005097142
0.0008723848
0.0011302886
0.0012506576
0.0012682928
0.0012433160
0.0012320437
0.0013559432
0.0016448052
0.0019631674
0.0022896452
0.0026293317
0.0028945424
0.0030356520
0.0030705170
0.0030513610
0.0030261671
0.0030187605
0.0030292069
0.0030458241
0.0030573738
0.0030699583
0.0031971539
0.0034821000
0.0037884038
0.0039979255
0.0041601268
0.0043941687
0.0046467713
0.0048337490
0.0049266949
0.0050264082
0.0052580282
0.0056287198
0.0061102049
0.0065308084
0.0067751496
0.0069290028
0.0072289958
0.0077228997
0.0082146649
0.0085389031
0.0087408745
0.0089704308
0.0092947269
0.0097370702
0.0101514495
0.0104948078
0.0108304655
0.0111049800
0.0112684543
0.0113308112
0.0114118387
0.0115585693
0.0116842915
0.0118599752
0.0120455111
0.0121774440
0.0122343803
0.0122351639
0.0122137766
0.0122026655
0.0122139565
0.0121491140
0.0119054215
0.0115967259
0.0113619351
0.0112568872
0.0112566431
0.0113010297
0.0113349217
0.0112554421
0.0109884549
0.0106664067
0.0104327592
0.0103383663
0.0103461762
0.0103033439
0.0100722654
0.0097569867
0.0095004939
0.0092901732
0.0090299618
0.0087757042
0.0086006243
0.0085201106
0.0084220505
0.0081035990
0.0075691043
0.0070515716
0.0067265884
0.0065302368
0.0062150724
0.0057200677
0.0052301252
0.0049043789
0.0047005387
0.0045526526
0.0044812565
0.0043578945
0.0042751433
0.0043793621
0.0045957251
0.0047976040
0.0049929992
0.0052646801
0.0056255785
0.0060764504
0.0064760751
0.0068017713
0.0072116805
0.0077358926
0.0082052879
0.0084903483
0.0085827438
0.0085562441
0.0084989418
0.0084667646
0.0084721660
0.0084988711
0.0085279976
0.0086272523
0.0088753507
0.0091643354
0.0093731403
0.0094640457
0.0095492671
0.0096872437
0.0098012383
0.0099784827
0.0101778721
0.0103264203
0.0103947759
0.0103991176
0.0103754311
0.0103542173
0.0103486874
0.0103564395
0.0103681158
0.0103757522
0.0103765743
0.0103726051
0.0103675891
0.0103642558
0.0103633695
0.0103640888
0.0103650907
0.0103654375
0.0103685011
0.0104520205
0.0106145828
0.0106617246
0.0105798751
0.0104521682
0.0103541273
0.0103156046
0.0103249110
0.0103527079
0.0103739154
0.0103784754
0.0103700233
0.0103539925
0.0102482766
0.0099004610
0.0093454397
0.0088160509
0.0084912411
0.0083931937
0.0083767391
0.0081690773
0.0076832402
0.0071308586
0.0066728569
0.0062127571
0.0056804583
0.0051434208
0.0045526424
0.0038937369
0.0032155405
0.0024348889
0.0016643350
0.0009204669
0.0002031578
-0.0004691858
-0.0012233764
-0.0020397844
-0.0029626033
-0.0038943104
-0.0048462057
-0.0056914377
-0.0064468330
-0.0071427339
-0.0076729255
-0.0080452369
-0.0085731741
-0.0094033779
-0.0104332344
-0.0115044846
-0.0124816438
-0.0132220854
-0.0137983719
-0.0143588203
-0.0149034884
-0.0154935129
-0.0161680201
-0.0167746085
-0.0171582493
-0.0173582617
-0.0175664822
-0.0178632253
-0.0182894158
-0.0187130565
-0.0189959012
-0.0191042696
-0.0191458109
-0.0192994844
-0.0195431704
-0.0198933046
-0.0205063733
-0.0211889794
-0.0216824338
-0.0218952593
-0.0218945271
-0.0218090167
-0.0217814252
-0.0219365180
-0.0221247000
-0.0223351749
-0.0225540055
-0.0227130674
-0.0227857006
-0.0227920204
-0.0227310379
-0.0225091308
-0.0221897609
-0.0219217974
-0.0217832235
-0.0217623373
-0.0217260432
-0.0213841813
-0.0208038550
-0.0202706127
-0.0199649679
-0.0198952763
-0.0199220971
-0.0198064261
-0.0195317510
-0.0192252841
-0.0188751757
-0.0185023248
-0.0180713623
-0.0175035408
-0.0169026878
-0.0163019762
-0.0156452274
-0.0150073032
-0.0142775681
-0.0134882569
-0.0127261519
-0.0119529487
-0.0111458020
-0.0104296442
-0.0098321438
-0.0093725045
-0.0090835391
-0.0088033149
-0.0083283705
-0.0075920072
-0.0066819000
-0.0058498728
-0.0051802660
-0.0045722923
-0.0040499703
-0.0037030610
-0.0035271994
-0.0033285968
-0.0030389943
-0.0027441831
-0.0024047753
-0.0020463502
-0.0017785531
-0.0016491218
-0.0016177827
-0.0015027965
-0.0011236399
-0.0005537857
-0.0000456427
0.0002408591
0.0003045254
0.0002518167
0.0002939142
0.0005382029
0.0009647231
0.0014681652
0.0018592119
0.0020465808
0.0020629000
0.0020007736
0.0019430428
0.0019372381
0.0020820740
0.0023876816
0.0027111748
0.0030409500
0.0033914746
0.0036812794
0.0039584246
0.0042826384
0.0046790422
0.0051288621
0.0056101488
0.0060867259
0.0064474624
0.0067527797
0.0071884114
0.0078393092
0.0085596738
0.0091037767
0.0093728256
0.0095172633
0.0097204742
0.0099620344
0.0101620211
0.0102746349
0.0103003767
0.0101874161
0.0098891315
0.0095487662
0.0092280668
0.0088895382
0.0086071432
0.0084369380
0.0082960456
0.0081402527
0.0081117814
0.0081149284
0.0079826679
0.0077679414
0.0076586095
0.0077160018
0.0077407224
0.0075992262
0.0072495353
0.0067686564
0.0061479871
0.0054776385
0.0049609742
0.0046171310
0.0043186146
0.0039779422
0.0034557763
0.0027164914
0.0019101514
0.0012993512
0.0010043094
0.0009677160
0.0010496060
0.0011276303
0.0011466257
0.0011137459
0.0010649059
0.0010315714
0.0010247827
0.0010371834
0.0010542476
0.0010653048
0.0011263811
0.0014054807
0.0019260268
0.0024653365
0.0028217635
0.0029477934
0.0029166766
0.0028375946
0.0028499118
0.0030271690
0.0032064885
0.0034174379
0.0036254837
0.0037669189
0.0038244339
0.0038235553
0.0038613503
0.0040714276
0.0043744822
0.0046271284
0.0048144389
0.0050537415
0.0053140486
0.0055749524
0.0058519878
0.0060174961
0.0061730712
0.0063994876
0.0067013604
0.0069166907
0.0071052131
0.0072759514
0.0073963172
0.0075146535
0.0077525336
0.0080470673
0.0082795267
0.0083943049
0.0084121982
0.0083890062
0.0083588971
0.0082833867
0.0081186664
0.0079921284
0.0078375815
0.0076045056
0.0073020271
0.0070929524
0.0068494911
0.0064437181
0.0060009688
0.0056811846
0.0055395838
0.0054753765
0.0053019863
0.0050423395
0.0048088352
0.0046726543
0.0046364669
0.0046013366
0.0044719380
0.0043540872
0.0041867485
0.0039931503
0.0037806388
0.0035299868
0.0033734098
0.0032175944
0.0030465839
0.0028484700
0.0025443049
0.0021581721
0.0016987209
0.0012894944
0.0010293511
0.0008739506
0.0006057754
0.0000623340
-0.0006882394
-0.0014214601
-0.0019832630
-0.0022290628
-0.0023320773
-0.0024780558
-0.0028646080
-0.0034345400
-0.0038876900
-0.0042037003
-0.0043931783
-0.0044736258
-0.0045470290
-0.0047067557
-0.0048444850
-0.0050205842
-0.0051551793
-0.0050763664
-0.0048443078
-0.0046709710
-0.0047604216
-0.0050360659
-0.0053143408
-0.0054136990
-0.0052050071
-0.0048351909
-0.0045186001
-0.0043647102
-0.0043608284
-0.0044291763
-0.0044562739
-0.0043250892
-0.0041657504
-0.0040170288
-0.0039659378
-0.0039060535
-0.0037758970
-0.0036300753
-0.0035245135
-0.0034784956
-0.0035157935
-0.0037261316
-0.0040395844
-0.0043045979
-0.0044412540
-0.0044971075
-0.0046102222
-0.0047112856
-0.0048515827
-0.0050425746
-0.0052111683
-0.0053085027
-0.0053343864
-0.0053586914
-0.0055000283
-0.0056022388
-0.0055671393
-0.0054517201
-0.0053387865
-0.0052764597
-0.0052682639
-0.0052904957
-0.0053158630
-0.0053681236
-0.0055304830
-0.0056366279
-0.0055993056
-0.0054383965
-0.0051226071
-0.0047917215
-0.0047137005
-0.0049061683
-0.0051892743
-0.0053992893
-0.0054756109
-0.0054485268
-0.0053849194
-0.0053020422
-0.0051401761
-0.0050165650
-0.0048879018
-0.0047257634
-0.0045823668
-0.0044954016
-0.0044492444
-0.0043065729
-0.0041573401
-0.0040085960
-0.0039499885
-0.0039136199
-0.0037878302
-0.0034955226
-0.0032150440
-0.0029949321
-0.0027798124
-0.0024508825
-0.0019207738
-0.0014658640
-0.0013038129
-0.0013769245
-0.0015161458
-0.0014635133
-0.0011657895
-0.0006798457
-0.0002773455
-0.0000187389
0.0001495635
0.0001132887
0.0000276971
0.0000645009
0.0002205965
0.0005222554
0.0007635552
0.0008026977
0.0008257227
0.0008145539
0.0007159587
0.0005990673
0.0005132415
0.0003213774
-0.0001045075
-0.0004966262
-0.0006127577
-0.0003884604
-0.0000815976
0.0001746720
0.0002570718
0.0002620969
0.0003329735
0.0004541670
0.0005875266
0.0008307645
0.0011674137
0.0014490554
0.0016005342
0.0016523793
0.0017691601
0.0018854521
0.0020176541
0.0022135317
0.0025395355
0.0029420850
0.0032808775
0.0035877324
0.0037634642
0.0038826791
0.0041919899
0.0047857562
0.0054509558
0.0058115235
0.0058839678
0.0057545024
0.0056313716
0.0056877113
0.0059916162
0.0063096682
0.0065335830
0.0065650858
0.0063896950
0.0061470141
0.0059805116
0.0060519141
0.0062027179
0.0062394507
0.0061626737
0.0060451563
0.0059537711
0.0059166183
0.0059234699
0.0059398334
0.0059664487
0.0061058877
0.0062479709
0.0063760560
0.0063931485
0.0062547897
0.0060641209
0.0059263942
0.0058813962
0.0058788214
0.0057447516
0.0054630952
0.0051854175
0.0050206992
0.0049805284
0.0050155136
0.0050493067
0.0049332337
0.0047794454
0.0046139351
0.0044241564
0.0042514593
0.0040006744
0.0036946384
0.0035897382
0.0037494983
0.0039954265
0.0040420397
0.0038324139
0.0035360376
0.0033228074
0.0032548692
0.0032942950
0.0033675068
0.0034177771
0.0034263197
0.0034064039
0.0033732492
0.0032075989
0.0028963607
0.0024730565
0.0021564232
0.0019763857
0.0018456936
0.0017359334
0.0015170540
0.0011662654
0.0007032541
0.0002210404
-0.0002825634
-0.0008747169
-0.0014524620
-0.0018498593
-0.0020245224
-0.0020511274
-0.0021595144
-0.0024196648
-0.0027152043
-0.0030666506
-0.0034392356
-0.0037140899
-0.0038342733
-0.0038388468
-0.0037932490
-0.0037657436
-0.0039190124
-0.0042426103
-0.0045462506
-0.0045882126
-0.0044784794
-0.0042840482
-0.0040514642
-0.0040221894
-0.0042392949
-0.0045225525
-0.0047085586
-0.0046166711
-0.0042853398
-0.0039321947
-0.0037140282
-0.0036603719
-0.0037108208
-0.0037828007
-0.0037824185
-0.0035764421
-0.0032428416
-0.0029183632
-0.0025797332
-0.0022665450
-0.0020568326
-0.0019649920
-0.0019478713
-0.0019643562
-0.0019811802
-0.0019764198
-0.0019622785
-0.0019544025
-0.0019910575
-0.0021769042
-0.0024617816
-0.0027097111
-0.0028831526
-0.0030716943
-0.0031901834
-0.0032756682
-0.0032456303
-0.0031320281
-0.0031229748
-0.0031224398
-0.0030482158
-0.0029384017
-0.0028088214
-0.0025693203
-0.0022641956
-0.0019764532
-0.0016439709
-0.0012697610
-0.0008423650
-0.0004353937
-0.0001554602
-0.0000326379
0.0000138957
0.0001697675
0.0004791329
0.0009437174
0.0014601395
0.0019790980
0.0024050213
0.0026524505
0.0027315261
0.0027516474
0.0029077550
0.0032032695
0.0034982027
0.0036846281
0.0037793485
0.0039060477
0.0039619776
0.0038951152
0.0038137698
0.0038715828
0.0039730155
0.0040942689
0.0041043691
0.0039711002
0.0037940068
0.0036242988
0.0033326295
0.0028723402
0.0024835754
0.0021263841
0.0015775747
0.0010179985
0.0005900382
0.0004123817
0.0003063673
0.0000178993
-0.0004430436
-0.0009718130
-0.0013285142
-0.0015344502
-0.0016704731
-0.0017571306
-0.0018076077
-0.0018352293
-0.0018502973
-0.0018586653
-0.0018631965
-0.0019022992
-0.0020563322
-0.0021991450
-0.0023535359
-0.0025320487
-0.0026779289
-0.0027583706
-0.0028193621
-0.0029735577
-0.0031116948
-0.0032346670
-0.0032773676
-0.0033371350
-0.0034668617
-0.0036476276
-0.0039407432
-0.0042805967
-0.0045394748
-0.0046621656
-0.0046736498
-0.0046354341
-0.0046404591
-0.0047967607
-0.0048870168
-0.0046775406
-0.0042670926
-0.0038855256
-0.0037085979
-0.0038214782
-0.0039845569
-0.0040179306
-0.0039320245
-0.0038070569
-0.0037138586
-0.0036801792
-0.0036939178
-0.0037253243
-0.0037491071
-0.0037552510
-0.0037475843
-0.0037358573
-0.0037280500
-0.0037109023
-0.0035716868
-0.0034258926
-0.0032665629
-0.0029283407
-0.0024770012
-0.0020845705
-0.0017335192
-0.0015362460
-0.0014271068
-0.0012883531
-0.0011245320
-0.0008679404
-0.0006577552
-0.0004981935
-0.0003295100
-0.0001872008
-0.0001167019
-0.0002434975
-0.0005380526
-0.0008301325
-0.0009886774
-0.0008887438
-0.0007176074
-0.0006783287
-0.0007490241
-0.0007198065
-0.0005246526
-0.0002805666
-0.0000999489
-0.0000398333
-0.0002044700
-0.0005367235
-0.0008492712
-0.0010408681
-0.0012323198
-0.0014778935
-0.0017019123
-0.0018604913
-0.0020734645
-0.0023629578
-0.0026212996
-0.0027914791
-0.0029894498
-0.0031308650
-0.0032534884
-0.0034287282
-0.0036016476
-0.0037179575
-0.0037646312
-0.0037622420
-0.0037420737
-0.0037272690
-0.0037258959
-0.0037341842
-0.0037441245
-0.0037498900
-0.0037501810
-0.0037471206
-0.0037437732
-0.0037250558
-0.0035725256
-0.0034129267
-0.0032416580
-0.0028907782
-0.0024292704
-0.0020481884
-0.0018324284
-0.0016381199
-0.0013767081
-0.0009807192
-0.0005201408
-0.0001712164
-0.0000131375
-0.0000083605
-0.0000527887
0.0000792775
0.0005376005
0.0011507144
0.0016412124
0.0018772459
0.0018933326
0.0018063912
0.0017246020
0.0016990350
0.0017244273
0.0017679745
0.0017995255
0.0018071889
0.0017964831
0.0017803913
0.0017695082
0.0017673727
0.0017714709
0.0017770355
0.0017804889
0.0017807830
0.0017948472
0.0019670569
0.0024012789
0.0028321643
0.0031482940
0.0033840649
0.0035224018
0.0035965140
0.0037720762
0.0040620076
0.0043428027
0.0045404215
0.0047628404
0.0050401956
0.0052808464
0.0054230002
0.0054684497
0.0054648248
0.0054469558
0.0054318281
0.0054278152
0.0054328075
0.0054241229
0.0052696325
0.0049761720
0.0046931854
0.0045318036
0.0044948654
0.0045082417
0.0043881931
0.0041112573
0.0038355944
0.0037942573
0.0040136801
0.0043243770
0.0046982419
0.0050767620
0.0053421340
0.0054564285
0.0054595268
0.0054107947
0.0053623690
0.0053426298
0.0053504377
0.0053850697
0.0055734302
0.0060275757
0.0065952849
0.0070358941
0.0072433053
0.0072729071
0.0073569660
0.0075892198
0.0080015761
0.0084873040
0.0088488896
0.0090100325
0.0089991527
0.0089126853
0.0088347278
0.0088006624
0.0088086200
0.0088349655
0.0088561986
0.0088457747
0.0086796093
0.0083578117
0.0078988081
0.0074148657
0.0070721432
0.0069261962
0.0069263696
0.0069822333
0.0069494395
0.0065696523
0.0059494301
0.0053974678
0.0050957067
0.0050011527
0.0048765280
0.0046148317
0.0041846791
0.0037199325
0.0033961316
0.0032239868
0.0029966482
0.0025615329
0.0020469052
0.0016615039
0.0014501530
0.0012436955
0.0009981264
0.0007522251
0.0004338560
0.0000963043
-0.0001875093
-0.0004994593
-0.0008510361
-0.0012750853
-0.0016825469
-0.0019536915
-0.0020994529
-0.0022867505
-0.0025382452
-0.0027955818
-0.0031215843
-0.0034687468
-0.0037249826
-0.0038451878
-0.0038580144
-0.0038209470
-0.0037760647
-0.0037483692
-0.0037440680
-0.0037539453
-0.0037650756
-0.0037693961
-0.0037287995
-0.0034933768
-0.0029964080
-0.0024250020
-0.0020127305
-0.0018377938
-0.0018495260
-0.0019385997
-0.0019707993
-0.0018226198
-0.0016440068
-0.0014118063
-0.0010135284
-0.0005677014
-0.0002456613
-0.0000691099
0.0001254843
0.0003796695
0.0006429498
0.0009680455
0.0013058553
0.0015479691
0.0016089112
0.0014055057
0.0010147917
0.0005085286
0.0000402187
-0.0002492320
-0.0003436636
-0.0003570941
-0.0005056307
-0.0007978859
-0.0011010664
-0.0013056787
-0.0014213805
-0.0016103563
-0.0018817764
-0.0021283905
-0.0022798154
-0.0023393239
-0.0023431313
-0.0023286695
-0.0023202508
-0.0023247723
-0.0023392038
-0.0023633078
-0.0023907593
-0.0024202178
-0.0024478491
-0.0024665067
-0.0024745234
-0.0024751708
-0.0024731323
-0.0024717225
-0.0024731233
-0.0024858085
-0.0025069761
-0.0025163987
-0.0025073949
-0.0024900314
-0.0024753969
-0.0024687514
-0.0024692652
-0.0024730488
-0.0024605177
-0.0023031474
-0.0020252501
-0.0018843634
-0.0018222537
-0.0015868091
-0.0012018472
-0.0008401524
-0.0006071022
-0.0005257486
-0.0005422677
-0.0005905599
-0.0006182963
-0.0005916059
-0.0004163020
-0.0002352811
-0.0000741323
0.0000886868
0.0000935769
0.0000308990
-0.0000497953
-0.0000978477
-0.0001230687
-0.0002265150
-0.0003719937
-0.0004962870
-0.0006838245
-0.0010901769
-0.0016437332
-0.0021177207
-0.0023776097
-0.0024332846
-0.0023878749
-0.0024328003
-0.0025636048
-0.0027185807
-0.0028164906
-0.0027391979
-0.0025589105
-0.0023911504
-0.0023015013
-0.0022920125
-0.0023327999
-0.0023786822
-0.0023953347
-0.0023736726
-0.0022346074
-0.0019719477
-0.0018188626
-0.0019154860
-0.0021407149
-0.0022231167
-0.0019306215
-0.0013635501
-0.0008232044
-0.0005102509
-0.0004484715
-0.0005335201
-0.0006398899
-0.0006924199
-0.0006811155
-0.0006367156
-0.0005960152
-0.0005710558
-0.0004731508
-0.0003122926
-0.0001817561
-0.0000114191
0.0001620661
0.0002758276
0.0003164603
0.0003084968
0.0002860029
0.0002778626
0.0002961563
0.0003272271
0.0003494804
0.0002729910
0.0000237040
-0.0001984941
-0.0002559365
-0.0002167285
-0.0001228183
-0.0000701755
-0.0000487475
-0.0001594473
-0.0003411440
-0.0004115133
-0.0002292899
0.0001671539
0.0006012944
0.0007825623
0.0006240810
0.0001924702
-0.0002576173
-0.0005342957
-0.0006036732
-0.0005435685
-0.0004570547
-0.0004047968
-0.0003938104
-0.0004089648
-0.0004323178
-0.0005300149
-0.0007819945
-0.0011594690
-0.0016200140
-0.0020065501
-0.0022231951
-0.0023617940
-0.0025758148
-0.0028241296
-0.0030961355
-0.0033587117
-0.0035102431
-0.0036636262
-0.0038150896
-0.0039181286
-0.0039616455
-0.0039593251
-0.0039293643
-0.0038968017
-0.0038782257
-0.0038756727
-0.0038820702
-0.0038890240
-0.0038917902
-0.0038901884
-0.0038866553
-0.0038832982
-0.0038225585
-0.0035976938
-0.0032373779
-0.0028314366
-0.0025786709
-0.0024054619
-0.0022090480
-0.0018252704
-0.0012867250
-0.0008632384
-0.0005595451
-0.0003691965
-0.0002914710
-0.0002271365
0.0000431483
0.0005727908
0.0011293946
0.0015576152
0.0019120217
0.0022385284
0.0026182212
0.0029806983
0.0032840201
0.0036015384
0.0038900696
0.0040812965
0.0041577145
0.0041459644
0.0041002554
0.0040608117
0.0040360057
0.0039671067
0.0037977454
0.0037661064
0.0040306268
0.0044381583
0.0047747100
0.0049331355
0.0049257392
0.0048983815
0.0049815567
0.0050740735
0.0052336011
0.0054875749
0.0058598619
0.0062227204
0.0064600443
0.0065399028
0.0065128252
0.0063925647
0.0061889761
0.0060425737
0.0058211298
0.0054901921
0.0051967502
0.0049094207
0.0046827083
0.0045482063
0.0044124538
0.0041593921
0.0037792047
0.0033034433
0.0028924352
0.0025708931
0.0021676236
0.0016432136
0.0011695692
0.0008679821
0.0006730994
0.0003583821
-0.0001385781
-0.0006310383
-0.0009569742
-0.0011657657
-0.0014832018
-0.0019676253
-0.0024414869
-0.0027498786
-0.0028619266
-0.0028414449
-0.0027784618
-0.0027307624
-0.0027118171
-0.0027161016
-0.0027289789
-0.0027375376
-0.0027370270
-0.0027301125
-0.0027223077
-0.0027177214
-0.0027172853
-0.0027194689
-0.0027220014
-0.0027233649
-0.0027232904
-0.0027223585
-0.0027213681
-0.0027208241
-0.0027207881
-0.0027207830
-0.0027149795
-0.0026994651
-0.0026050382
-0.0024253482
-0.0022729657
-0.0020090292
-0.0016644114
-0.0013925404
-0.0011583983
-0.0009852857
-0.0008916218
-0.0008701459
-0.0008819179
-0.0007693516
-0.0003691111
0.0002156028
0.0007146934
0.0009706980
0.0010016138
0.0009190835
0.0008336328
0.0008017337
0.0008323496
0.0009988842
0.0013132015
0.0016330184
0.0018380996
0.0019036723
0.0018605151
0.0016791763
0.0014890181
0.0014611639
0.0014530336
0.0013224166
0.0011232513
0.0009508060
0.0008569513
0.0008389366
0.0008625814
0.0008809384
0.0007627903
0.0004755786
0.0001705826
-0.0000454822
-0.0002417561
-0.0003946473
-0.0004979741
-0.0006463172
-0.0008100022
-0.0009340770
-0.0009950371
-0.0010037802
-0.0009874706
-0.0009705336
-0.0009647565
-0.0009696319
-0.0009785041
-0.0009850410
-0.0009866543
-0.0009844193
-0.0009809973
-0.0009786171
-0.0009780320
-0.0009833152
-0.0010870350
-0.0013473665
-0.0015568188
-0.0015206481
-0.0014049322
-0.0013465508
-0.0012512761
-0.0011300953
-0.0010316041
-0.0009796556
-0.0009683840
-0.0009774893
-0.0009881501
-0.0009911745
-0.0009867584
-0.0009797719
-0.0009747918
-0.0009696955
-0.0008768100
-0.0006093627
-0.0002896171
-0.0000555707
0.0000430343
0.0000408300
0.0000820703
0.0002971532
0.0005903968
0.0008256797
0.0009392941
0.0009469473
0.0009042004
0.0008632230
0.0008492757
0.0008604882
0.0008812923
0.0008969345
0.0009012730
0.0008966404
0.0008891587
0.0008839885
0.0008829603
0.0008849853
0.0008914586
0.0009815663
0.0012302158
0.0014412398
0.0014071274
0.0011980758
0.0009731495
0.0008377979
0.0008101409
0.0008488678
0.0008992377
0.0009261914
0.0009234457
0.0009040341
0.0008812820
0.0007843099
0.0005306533
0.0001476536
-0.0002433497
-0.0004777173
-0.0006550429
-0.0007980915
-0.0008953623
-0.0009470308
-0.0009696351
-0.0010640614
-0.0014026252
-0.0019508636
-0.0023870310
-0.0025359998
-0.0025744757
-0.0026048134
-0.0026520837
-0.0027079969
-0.0027550655
-0.0027816101
-0.0027872671
-0.0027840025
-0.0028685913
-0.0031324135
-0.0034531842
-0.0036903462
-0.0037951526
-0.0038746650
-0.0039941098
-0.0040884404
-0.0041666303
-0.0041886194
-0.0042081749
-0.0041802777
-0.0042393001
-0.0043876716
-0.0045418665
-0.0046399055
-0.0046695105
-0.0046543165
-0.0046273924
-0.0046112248
-0.0046114810
-0.0046218484
-0.0046328092
-0.0046382979
-0.0046375272
-0.0046333551
-0.0046293134
-0.0046273904
-0.0046276679
-0.0046290308
-0.0046302511
-0.0046306904
-0.0046303506
-0.0046296653
-0.0046290745
-0.0046287854
-0.0046287520
-0.0046288240
-0.0046288542
-0.0046287899
-0.0046286165
-0.0046284052
-0.0046282273
-0.0046280905
-0.0046279755
-0.0046278664
-0.0046277578
-0.0046271913
-0.0045673694
-0.0043422414
-0.0040402523
-0.0038582257
-0.0039074241
-0.0039760109
-0.0039561067
-0.0038696656
-0.0037738624
-0.0037110854
-0.0036923969
-0.0037042389
-0.0037244386
-0.0036735870
-0.0033748850
-0.0028791314
-0.0025354257
-0.0024676204
-0.0025832849
-0.0027374246
-0.0028314430
-0.0028025625
-0.0025967364
-0.0024349647
-0.0024081709
-0.0023721678
-0.0023994966
-0.0025229029
-0.0026653592
-0.0027610199
-0.0027524971
-0.0025351572
-0.0022314834
-0.0021038183
-0.0020788556
-0.0020797105
-0.0021739100
-0.0022171636
-0.0021717758
-0.0022219337
-0.0024011472
-0.0026064872
-0.0027492467
-0.0027656172
-0.0025632451
-0.0022321829
-0.0019471135
-0.0018015197
-0.0017861761
-0.0018362165
-0.0018868162
-0.0019047211
-0.0018511137
-0.0016572599
-0.0014723328
-0.0012928117
-0.0011471742
-0.0012007746
-0.0014279495
-0.0016731603
-0.0018253976
-0.0018636217
-0.0018297662
-0.0017807978
-0.0017539058
-0.0017566514
-0.0017763682
-0.0017959038
-0.0018047425
-0.0017649237
-0.0015655555
-0.0012609344
-0.0009968829
-0.0008556745
-0.0008316662
-0.0008696282
-0.0009122788
-0.0008914137
-0.0006520796
-0.0001411445
0.0004348864
0.0008437465
0.0010085875
0.0010321854
0.0011541684
0.0014494485
0.0019136280
0.0023957741
0.0027254253
0.0028902849
0.0030274323
0.0031041464
0.0032528198
0.0036337644
0.0041254641
0.0045166457
0.0047071751
0.0047247281
0.0046603705
0.0045983070
0.0045788877
0.0046358464
0.0048235333
0.0049916928
0.0051530631
0.0053240762
0.0054953283
0.0057585814
0.0060749937
0.0063279701
0.0064588047
0.0064826390
0.0064527290
0.0064567623
0.0066368776
0.0069849950
0.0074700422
0.0079448967
0.0082147933
0.0081218391
0.0077827583
0.0074424700
0.0072528686
0.0072275892
0.0072572616
0.0071782252
0.0071061701
0.0071319119
0.0072581801
0.0075099008
0.0076745825
0.0076094382
0.0072783213
0.0068407885
0.0065044886
0.0063570284
0.0063633515
0.0064339172
0.0064918875
0.0065051181
0.0064820931
0.0064488433
0.0064271863
0.0064614894
0.0066626386
0.0069724324
0.0072409482
0.0073841271
0.0074478072
0.0076133688
0.0078878319
0.0081498673
0.0083123012
0.0083631874
0.0083429113
0.0083037912
0.0082805543
0.0082817938
0.0082979403
0.0083147032
0.0083230205
0.0083219736
0.0083159877
0.0083102909
0.0083078375
0.0083086853
0.0083111579
0.0082963988
0.0081445623
0.0079833616
0.0078259245
0.0076164259
0.0072892462
0.0068966394
0.0065848353
0.0064101863
0.0062253781
0.0059556041
0.0055580725
0.0051107375
0.0047548725
0.0044077750
0.0039178807
0.0033623321
0.0029280523
0.0027144439
0.0026819122
0.0027136488
0.0025857075
0.0021438716
0.0015475838
0.0010668044
0.0008168313
0.0006228418
0.0002441728
-0.0002698257
-0.0007125329
-0.0009771560
-0.0012090476
-0.0015821765
-0.0019552965
-0.0022182722
-0.0024466545
-0.0027236539
-0.0029659276
-0.0030181048
-0.0029225803
-0.0027999762
-0.0028250718
-0.0029615738
-0.0031159993
-0.0032016221
-0.0031140545
-0.0029309630
-0.0027570231
-0.0025403550
-0.0021491599
-0.0017446039
-0.0015681072
-0.0016107783
-0.0017374036
-0.0017289501
-0.0014991677
-0.0011892011
-0.0009419775
-0.0007194500
-0.0005592562
-0.0004637662
-0.0003215546
-0.0001468836
0.0001072562
0.0004582122
0.0008861272
0.0013278296
0.0015550623
0.0015641727
0.0014595769
0.0013690235
0.0014299610
0.0014966526
0.0014050716
0.0012075813
0.0010183312
0.0009078844
0.0008828305
0.0009087033
0.0009437809
0.0009622305
0.0009596447
0.0009419422
0.0008402686
0.0005788947
0.0001963034
-0.0001840015
-0.0004065535
-0.0005687434
-0.0006975233
-0.0007894261
-0.0009301689
-0.0012924437
-0.0017758980
-0.0021395761
-0.0024071138
-0.0025689259
-0.0026380940
-0.0027306757
-0.0028855726
-0.0029354428
-0.0029557652
-0.0031886850
-0.0036707977
-0.0041789373
-0.0045994669
-0.0049661007
-0.0052327752
-0.0053733863
-0.0054184215
-0.0054995203
-0.0057380156
-0.0060375699
-0.0062713035
-0.0064590359
-0.0067737366
-0.0072157139
-0.0075589116
-0.0078227903
-0.0080147938
-0.0081241577
-0.0081657761
-0.0081703875
-0.0081655449
-0.0081656091
-0.0081722180
-0.0081806573
-0.0081861036
-0.0081869386
-0.0081844594
-0.0081811582
-0.0081790516
-0.0081786341
-0.0081793406
-0.0081802591
-0.0081807279
-0.0081806251
-0.0081805995
-0.0082435345
-0.0084244975
-0.0085189867
-0.0084589868
-0.0083247482
-0.0082167394
-0.0081769386
-0.0081888846
-0.0082139135
-0.0081772083
-0.0079647682
-0.0077223345
-0.0077000096
-0.0078804010
-0.0081104712
-0.0082197195
-0.0081017557
-0.0079211780
-0.0077046724
-0.0074585265
-0.0071213017
-0.0067561901
-0.0064856512
-0.0063574909
-0.0063417363
-0.0063756553
-0.0064066128
-0.0063747150
-0.0061302255
-0.0056202760
-0.0050483420
-0.0046432498
-0.0044802251
-0.0044965622
-0.0045787033
-0.0046385060
-0.0046073468
-0.0043834937
-0.0040465574
-0.0037621951
-0.0035783194
-0.0033585318
-0.0030892614
-0.0028594423
-0.0027647990
-0.0028876253
-0.0030136026
-0.0029998010
-0.0028856208
-0.0027581798
-0.0026784029
-0.0026597562
-0.0026809392
-0.0027109160
-0.0027284471
-0.0027284869
-0.0027178524
-0.0027063835
-0.0027003688
-0.0027006841
-0.0027018421
-0.0026946398
-0.0026858595
-0.0026366772
-0.0024682922
-0.0023502668
-0.0023426688
-0.0022657306
-0.0020734857
-0.0018283481
-0.0014929821
-0.0011418852
-0.0008863719
-0.0007679965
-0.0007633317
-0.0008016618
-0.0008244177
-0.0008067125
-0.0007620973
-0.0007161045
-0.0006441971
-0.0004777924
-0.0003333019
-0.0002140412
-0.0002217441
-0.0003667872
-0.0005420809
-0.0006604566
-0.0006977237
-0.0006785644
-0.0006405879
-0.0006046189
-0.0005823426
-0.0005764910
-0.0005806635
-0.0005863651
-0.0005884133
-0.0005862643
-0.0005793044
-0.0005242963
-0.0002697971
0.0002111223
0.0006349236
0.0009441708
0.0011596039
0.0012775355
0.0013606535
0.0015712318
0.0018885966
0.0022110378
0.0025689696
0.0029199849
0.0031698579
0.0032853624
0.0032996861
0.0032717356
0.0032879148
0.0034912567
0.0038283157
0.0041780394
0.0045541054
0.0048619847
0.0048974419
0.0046924308
0.0044735757
0.0045079469
0.0048217324
0.0053461860
0.0058772074
0.0062209041
0.0063374787
0.0063128917
0.0062938218
0.0064700507
0.0068033191
0.0070832736
0.0070757206
0.0068486819
0.0067298639
0.0068300756
0.0070452390
0.0072498756
0.0073686615
0.0073930032
0.0073610572
0.0073200874
0.0072994067
0.0073062146
0.0073346924
0.0073614040
0.0073798882
0.0073907874
0.0073946859
0.0073632730
0.0071844358
0.0068906022
0.0066244242
0.0064741483
0.0064412775
0.0064746814
0.0065175522
0.0065372182
0.0065300441
0.0065098708
0.0064766210
0.0063117203
0.0060224569
0.0057336129
0.0054132424
0.0050777813
0.0048257645
0.0047004809
0.0046605599
0.0045327310
0.0043977230
0.0042637913
