0.0564530900
0.0570374794
0.0406046340
0.0186274033
-0.0008317719
-0.0141785651
-0.0155499096
-0.0031834486
0.0114966576
0.0153480651
0.0108941910
0.0103493155
0.0163163963
0.0214883087
0.0231593107
0.0237842405
0.0199062890
0.0054608321
-0.0142451362
-0.0246296508
-0.0198814150
-0.0108700968
-0.0126355199
-0.0284967703
-0.0475376159
-0.0559202875
-0.0484883573
-0.0279060454
0.0016907089
0.0320761493
0.0471757409
0.0356066447
0.0074196752
-0.0142581255
-0.0191181253
-0.0165306648
-0.0171474527
-0.0197838489
-0.0191092491
-0.0162046453
-0.0145461777
-0.0109354203
0.0002394155
0.0136304536
0.0145259563
-0.0022111341
-0.0244966516
-0.0384616305
-0.0411332713
-0.0356851004
-0.0266906832
-0.0234191490
-0.0344588282
-0.0534745530
-0.0624669428
-0.0538097281
-0.0368293495
-0.0206992482
-0.0057609919
0.0052134119
0.0041117014
-0.0079652070
-0.0192034103
-0.0252251451
-0.0319575235
-0.0371157513
-0.0294622294
-0.0102627048
0.0044966173
0.0085571730
0.0141601175
0.0293399258
0.0413510552
0.0321262872
0.0020340382
-0.0284713764
-0.0378854155
-0.0230984253
-0.0017517119
0.0067999892
0.0027246976
0.0004883456
0.0040607799
0.0034766771
-0.0015059909
0.0054072432
0.0317688763
0.0601225496
0.0676931907
0.0535176276
0.0352946021
0.0240381917
0.0130613473
-0.0064710378
-0.0292380061
-0.0419397917
-0.0393511356
-0.0269418924
-0.0115178342
0.0040219997
0.0164200704
0.0188475394
0.0074846413
-0.0098139203
-0.0180847305
-0.0128824859
-0.0067596047
-0.0095213000
-0.0109452516
0.0021778213
0.0212563659
0.0271018124
0.0189081454
0.0125273037
0.0167095132
0.0281885810
0.0428680633
0.0551679143
0.0502027069
0.0140399062
-0.0418958788
-0.0791914337
-0.0698926026
-0.0321434612
-0.0108354629
-0.0215396941
-0.0348977684
-0.0227191099
0.0055449124
0.0255694692
0.0324073542
0.0329735819
0.0244651173
0.0033616102
-0.0155295062
-0.0116692485
0.0133163382
0.0369620303
0.0445330028
0.0428201022
0.0432006457
0.0437732544
0.0354986040
0.0183269595
0.0019213398
-0.0068208475
-0.0104161205
-0.0160299880
-0.0271219299
-0.0396910282
-0.0465784142
-0.0455395417
-0.0421119862
-0.0435320065
-0.0507397265
-0.0558362956
-0.0475886960
-0.0236509424
0.0013598965
0.0077437843
-0.0050341671
-0.0158518674
-0.0095764543
0.0044059273
0.0087734298
0.0018519778
-0.0049759868
-0.0049148181
-0.0008348259
0.0026945005
0.0039593930
0.0011224356
-0.0084420690
-0.0234367454
-0.0376580862
-0.0453077678
-0.0434686649
-0.0307255007
-0.0093818939
0.0133236484
0.0307373594
0.0394630036
0.0347905529
0.0149759039
-0.0048218655
-0.0005455787
0.0273702150
0.0465683490
0.0343605864
0.0081135803
-0.0055226506
-0.0099609550
-0.0207921423
-0.0288882887
-0.0132243083
0.0215639833
0.0497715187
0.0579343661
0.0502709674
0.0300173457
-0.0016003840
-0.0307667234
-0.0351766651
-0.0078790513
0.0305123173
0.0478857933
0.0295575277
-0.0092152291
-0.0400287959
-0.0479691095
-0.0386473667
-0.0241710999
-0.0118604429
-0.0044291079
-0.0015212480
0.0006122454
0.0065735956
0.0172707960
0.0286629672
0.0351609272
0.0343322100
0.0285622042
0.0221468522
0.0175667887
0.0146981703
0.0115218045
0.0045914094
-0.0082797838
-0.0233848921
-0.0328183209
-0.0325763193
-0.0255544655
-0.0159979923
-0.0064474790
-0.0017500647
-0.0083405912
-0.0243920158
-0.0366370634
-0.0345246325
-0.0242395099
-0.0211711718
-0.0299429836
-0.0395427719
-0.0396161073
-0.0319490828
-0.0228869314
-0.0149951377
-0.0102648881
-0.0129289069
-0.0239389882
-0.0371197995
-0.0441715826
-0.0425684058
-0.0374364426
-0.0359239895
-0.0395669441
-0.0431120857
-0.0418694388
-0.0367315560
-0.0283587482
-0.0126172933
0.0102070763
0.0276404694
0.0281055442
0.0173940484
0.0103716488
0.0108221292
0.0104771098
0.0034458250
-0.0084737658
-0.0223902443
-0.0361565691
-0.0432942091
-0.0355848832
-0.0154757360
0.0015043424
0.0030902861
-0.0056497672
-0.0099944972
-0.0026982972
0.0105815767
0.0188830375
0.0161191913
0.0054670045
-0.0052453199
-0.0118548612
-0.0156729605
-0.0182542089
-0.0190972865
-0.0179377933
-0.0146757070
-0.0084491387
-0.0010949547
0.0015865104
-0.0031132978
-0.0091745132
-0.0084460847
0.0000949896
0.0131945219
0.0314854765
0.0568585660
0.0834749196
0.1001174914
0.1024296420
0.0972839487
0.0931375037
0.0896077751
0.0791019575
0.0571390547
0.0280219486
-0.0003498476
-0.0229001481
-0.0362457984
-0.0366753036
-0.0254768155
-0.0126288725
-0.0073099320
-0.0062038757
0.0000873230
0.0087690697
0.0038087838
-0.0208043714
-0.0444929951
-0.0408553298
-0.0155736594
-0.0061134423
-0.0308480967
-0.0560512594
-0.0408275708
-0.0009075615
0.0109033076
-0.0177356174
-0.0425709270
-0.0278606641
0.0092498564
0.0304692037
0.0252597854
0.0112651306
0.0016940306
-0.0061743810
-0.0122952180
-0.0057434748
0.0164149566
0.0395281321
0.0508543236
0.0546917606
0.0578715703
0.0532812922
0.0307932674
-0.0020326444
-0.0233850285
-0.0224076782
-0.0109138212
-0.0049793072
-0.0038752782
0.0030892815
0.0164628072
0.0270892844
0.0322420864
0.0383334398
0.0497971659
0.0647455902
0.0794977451
0.0896653466
0.0875399459
0.0656972933
0.0263704923
-0.0163683991
-0.0475205979
-0.0627422072
-0.0683583815
-0.0734656722
-0.0838271712
-0.0996263146
-0.1147150416
-0.1209267817
-0.1158905132
-0.1039795230
-0.0895730113
-0.0733674238
-0.0564749555
-0.0436549015
-0.0382213833
-0.0368621120
-0.0343118066
-0.0303266591
-0.0260927457
-0.0184003404
-0.0063822783
0.0025768877
0.0033434725
0.0026351752
0.0087219404
0.0179848836
0.0216761892
0.0201381084
0.0207263250
0.0248624838
0.0256093924
0.0178484601
0.0053688490
-0.0031442610
-0.0044148301
-0.0044177801
-0.0090077314
-0.0145099129
-0.0151083832
-0.0147059678
-0.0208165225
-0.0307456117
-0.0360759561
-0.0371587090
-0.0402251302
-0.0437137400
-0.0399804645
-0.0276510220
-0.0128713160
-0.0011761545
0.0060170166
0.0099173995
0.0129223246
0.0164760239
0.0202398851
0.0232160504
0.0230502368
0.0156125234
-0.0008601040
-0.0226503231
-0.0442530144
-0.0609819629
-0.0681317345
-0.0657048308
-0.0629250323
-0.0679371221
-0.0748917031
-0.0717753714
-0.0577669540
-0.0412828077
-0.0251729604
-0.0057046869
0.0169973771
0.0370549244
0.0499180400
0.0562070077
0.0597276392
0.0637179330
0.0683642296
0.0725629178
0.0777802181
0.0868681921
0.0986501988
0.1074321214
0.1078911986
0.0977882513
0.0780960814
0.0545296248
0.0370072882
0.0313905941
0.0323238106
0.0294015714
0.0198429474
0.0098502631
0.0036951861
-0.0013497792
-0.0072647910
-0.0100730309
-0.0066438315
-0.0001160482
0.0055606205
0.0116650573
0.0219957108
0.0355957217
0.0442767058
0.0400651257
0.0259488041
0.0155321573
0.0191405885
0.0340696880
0.0509826053
0.0630276928
0.0656792291
0.0573646490
0.0434936364
0.0299802621
0.0130659608
-0.0113134166
-0.0300036221
-0.0239735765
0.0010173593
0.0163566833
0.0092000955
-0.0012842680
0.0041127365
0.0172502886
0.0221534800
0.0225490986
0.0306178239
0.0423843201
0.0435592523
0.0318327962
0.0171489668
0.0042772375
-0.0103818570
-0.0264159062
-0.0366718142
-0.0381786726
-0.0378697166
-0.0442908257
-0.0580099758
-0.0736366971
-0.0879497689
-0.1015405333
-0.1142032664
-0.1240546797
-0.1301734347
-0.1320487309
-0.1283685108
-0.1200192839
-0.1127290210
-0.1125826232
-0.1188923517
-0.1238982100
-0.1202516491
-0.1079493549
-0.0938141958
-0.0844376497
-0.0800106250
-0.0755662509
-0.0674592660
-0.0565241251
-0.0455229331
-0.0360057007
-0.0272497567
-0.0163828244
-0.0003881480
0.0193373322
0.0358355920
0.0431973708
0.0430335845
0.0425158832
0.0475745110
0.0588985777
0.0736645082
0.0900920642
0.1082619692
0.1260906692
0.1385183730
0.1438519208
0.1466158709
0.1516368044
0.1583840371
0.1613364915
0.1524703560
0.1226397602
0.0679350428
0.0019846157
-0.0455525635
-0.0555424797
-0.0409745664
-0.0320288576
-0.0439769313
-0.0685805450
-0.0914242653
-0.1065552287
-0.1151793821
-0.1192093197
-0.1192279037
-0.1161394480
-0.1109415115
-0.1011694377
-0.0809612689
-0.0478774370
-0.0086615424
0.0222095440
0.0311890549
0.0183422036
0.0007602474
-0.0029369758
0.0093289490
0.0259145666
0.0392037436
0.0511320442
0.0617461884
0.0629493475
0.0493866346
0.0292100651
0.0159481924
0.0125783968
0.0120389990
0.0093722120
0.0022032164
-0.0126717522
-0.0309147913
-0.0388645463
-0.0306059327
-0.0156383656
-0.0038455509
0.0045955869
0.0122593170
0.0205394322
0.0335909676
0.0547816331
0.0791527062
0.0964516317
0.1022456213
0.1008584479
0.0977570614
0.0943039431
0.0891520768
0.0806454706
0.0679099609
0.0531959487
0.0421124541
0.0369465848
0.0308159256
0.0135957028
-0.0156253698
-0.0463126628
-0.0669565878
-0.0745781790
-0.0747064477
-0.0745393865
-0.0765788199
-0.0785090884
-0.0779077070
-0.0741938277
-0.0670448294
-0.0559675988
-0.0430233243
-0.0329007923
-0.0272121598
-0.0206856286
-0.0078456520
0.0071129284
0.0131016148
0.0067943815
-0.0010213184
0.0019908271
0.0149382355
0.0270496212
0.0326194849
0.0355047705
0.0396494676
0.0420791978
0.0386256312
0.0320433024
0.0303037800
0.0380598129
0.0522430630
0.0653605067
0.0719010409
0.0718099403
0.0689207105
0.0672028585
0.0690540475
0.0755397394
0.0868292697
0.1025913100
0.1214215324
0.1397011222
0.1528552271
0.1590290194
0.1600966257
0.1581246406
0.1529250796
0.1442430299
0.1338199956
0.1236810500
0.1140774019
0.1041001242
0.0937350513
0.0841033973
0.0757394851
0.0682503213
0.0615352533
0.0560726050
0.0518996160
0.0481980373
0.0445264789
0.0412463804
0.0385843500
0.0354679468
0.0293053179
0.0173764780
0.0001764548
-0.0164254897
-0.0251902773
-0.0247140456
-0.0204249455
-0.0189705318
-0.0236613975
-0.0339055703
-0.0455848126
-0.0536453245
-0.0580132507
-0.0642587669
-0.0751566228
-0.0858207294
-0.0904741412
-0.0894747629
-0.0865884572
-0.0836604349
-0.0813506236
-0.0813931199
-0.0847137458
-0.0892547438
-0.0917002964
-0.0907680415
-0.0878527551
-0.0857439891
-0.0869585780
-0.0915631905
-0.0966628787
-0.0991361774
-0.0983795610
-0.0942769768
-0.0849476055
-0.0709886047
-0.0594226534
-0.0567356320
-0.0582868971
-0.0516386471
-0.0319519548
-0.0075903232
0.0118307345
0.0257179789
0.0365972442
0.0424344969
0.0415328927
0.0383328939
0.0390378455
0.0453880560
0.0553397320
0.0660689736
0.0752830071
0.0827062821
0.0901313115
0.0980175625
0.1039010283
0.1058729484
0.1046996212
0.1019005174
0.0987638472
0.0973459387
0.0992061598
0.1022931859
0.1013881573
0.0928281383
0.0780380551
0.0619777868
0.0488990446
0.0395132844
0.0317926976
0.0239472535
0.0161255203
0.0085568351
-0.0001885416
-0.0116782481
-0.0256894271
-0.0398098164
-0.0498356790
-0.0512158802
-0.0422083957
-0.0267365195
-0.0130885670
-0.0079912896
-0.0102927122
-0.0103809018
0.0005310230
0.0198802974
0.0363582772
0.0431370117
0.0435996303
0.0435562177
0.0435977134
0.0415829526
0.0375665242
0.0325298138
0.0245652175
0.0104877079
-0.0076214612
-0.0204336527
-0.0193377741
-0.0064121895
0.0062823022
0.0099137802
0.0091264872
0.0162823668
0.0370937754
0.0648745931
0.0872269416
0.0964608587
0.0962804768
0.0990147964
0.1127760659
0.1307520734
0.1378067221
0.1296709515
0.1208069603
0.1277237884
0.1475076438
0.1620084402
0.1623519846
0.1571789351
0.1550871285
0.1523084931
0.1417375015
0.1237412856
0.1035622274
0.0844235492
0.0667619105
0.0506699389
0.0367846504
0.0255626464
0.0167702752
0.0105858133
0.0073712268
0.0064658947
0.0067742185
0.0072902239
0.0071390370
0.0065400469
0.0075950732
0.0119153698
0.0179108205
0.0223513478
0.0243140864
0.0259394536
0.0291523117
0.0334431337
0.0382185892
0.0448757674
0.0537732488
0.0608886854
0.0603840384
0.0505045997
0.0357746611
0.0241945639
0.0216267791
0.0264167704
0.0305437932
0.0282950362
0.0216245308
0.0148538017
0.0085604089
0.0023381370
-0.0004351167
0.0043786679
0.0151800812
0.0251216529
0.0300096067
0.0327771112
0.0385141076
0.0473476431
0.0547647451
0.0567232600
0.0528791107
0.0476250518
0.0489729713
0.0627830075
0.0853526201
0.1044419141
0.1111139010
0.1073720158
0.0998369118
0.0907748644
0.0792753217
0.0675521211
0.0598977090
0.0566550580
0.0542871358
0.0505152692
0.0453971141
0.0381359878
0.0270614539
0.0131427271
0.0000922420
-0.0094590436
-0.0157365100
-0.0202538816
-0.0243867265
-0.0288230432
-0.0332695551
-0.0371918158
-0.0409379312
-0.0449260092
-0.0484142292
-0.0501764228
-0.0499378326
-0.0480029506
-0.0440097717
-0.0370304598
-0.0273390185
-0.0171361594
-0.0083825677
-0.0008029185
0.0065702102
0.0129935286
0.0173075677
0.0203461779
0.0233012445
0.0243619955
0.0196396084
0.0080922152
-0.0068108147
-0.0209115414
-0.0324216366
-0.0410123453
-0.0465304532
-0.0505473364
-0.0567405380
-0.0671716686
-0.0789923378
-0.0864128187
-0.0857825867
-0.0791321078
-0.0720825275
-0.0680236743
-0.0644108309
-0.0561009164
-0.0426605136
-0.0299518923
-0.0237602502
-0.0238440732
-0.0249039470
-0.0223740320
-0.0164261135
-0.0097989167
-0.0024213895
0.0094670490
0.0266783307
0.0429763444
0.0511990701
0.0517846420
0.0514624888
0.0554235680
0.0638339662
0.0738729610
0.0825118647
0.0886677228
0.0933398485
0.0967026459
0.0957384213
0.0861688223
0.0672192333
0.0438020076
0.0236689221
0.0130775921
0.0134485901
0.0193230563
0.0206955574
0.0118199545
-0.0021563769
-0.0107274352
-0.0093263563
-0.0019160284
0.0055135594
0.0098592108
0.0097887929
0.0042441723
-0.0057358775
-0.0155329825
-0.0188930702
-0.0124050131
0.0012257290
0.0150160480
0.0235023417
0.0261373149
0.0246914004
0.0200454547
0.0137173891
0.0088513917
0.0067193242
0.0047223864
-0.0001659352
-0.0079348098
-0.0159024211
-0.0200489506
-0.0166200760
-0.0043763611
0.0147451697
0.0364349655
0.0546713052
0.0633008973
0.0597979856
0.0472832748
0.0309327125
0.0141434374
0.0005342771
-0.0028916724
0.0094100039
0.0320280258
0.0494743369
0.0500615983
0.0372746122
0.0259219027
0.0268747430
0.0364240685
0.0425742149
0.0403995081
0.0357476428
0.0344928318
0.0350123655
0.0329734909
0.0281500094
0.0229448602
0.0175849309
0.0103242660
0.0016546585
-0.0054286057
-0.0097429892
-0.0139290000
-0.0210176977
-0.0300082551
-0.0365522722
-0.0380270764
-0.0357891644
-0.0317804296
-0.0248707102
-0.0129878755
0.0014189787
0.0106199013
0.0076125721
-0.0073091328
-0.0266067952
-0.0425202823
-0.0527889652
-0.0580679306
-0.0573797177
-0.0507697273
-0.0441171237
-0.0451097766
-0.0542261335
-0.0653811700
-0.0747922201
-0.0839006626
-0.0938004852
-0.1020787550
-0.1066313192
-0.1090362600
-0.1122744924
-0.1173833426
-0.1231701195
-0.1276040969
-0.1292831563
-0.1282950844
-0.1252187149
-0.1196683969
-0.1117480319
-0.1050319242
-0.1049360151
-0.1121659123
-0.1208696651
-0.1248642540
-0.1226915485
-0.1154161659
-0.1042201405
-0.0925777739
-0.0856716674
-0.0848802222
-0.0862141127
-0.0855576941
-0.0819170462
-0.0754659882
-0.0653059892
-0.0500432092
-0.0310234298
-0.0138564638
-0.0038900291
-0.0004716725
0.0021242870
0.0085415065
0.0185769015
0.0282335075
0.0323409001
0.0265240379
0.0098430375
-0.0129260739
-0.0333728459
-0.0451972059
-0.0487075447
-0.0495197962
-0.0531696711
-0.0614888062
-0.0732627425
-0.0864757185
-0.0997914264
-0.1127745064
-0.1248422911
-0.1347478969
-0.1414887616
-0.1453934845
-0.1484175459
-0.1535212627
-0.1627163223
-0.1751523434
-0.1874550274
-0.1965021297
-0.2018554311
-0.2053706694
-0.2091693464
-0.2142789763
-0.2200470392
-0.2238414926
-0.2211588962
-0.2082196771
-0.1860562878
-0.1606150938
-0.1371187236
-0.1155663326
-0.0928284632
-0.0676424420
-0.0427383001
-0.0228280019
-0.0111791698
-0.0069597598
-0.0051652299
-0.0000039735
0.0102590335
0.0217128959
0.0284885114
0.0292637118
0.0291890509
0.0326969465
0.0356878880
0.0301079395
0.0152010954
-0.0011492291
-0.0115565618
-0.0157591942
-0.0189143964
-0.0261781023
-0.0380102793
-0.0489173427
-0.0520572098
-0.0463246449
-0.0381596272
-0.0356768286
-0.0416595824
-0.0512487401
-0.0557250059
-0.0501318927
-0.0375844064
-0.0249886992
-0.0156739417
-0.0082327844
-0.0001867170
0.0098978148
0.0211930827
0.0293161240
0.0291425453
0.0216323153
0.0140840790
0.0107700550
0.0069436125
-0.0037662375
-0.0201820342
-0.0367939489
-0.0511238828
-0.0621741471
-0.0662318112
-0.0612760257
-0.0522218278
-0.0459576561
-0.0439203020
-0.0447938288
-0.0506491131
-0.0627524479
-0.0745126801
-0.0769928666
-0.0701525838
-0.0612262712
-0.0534240642
-0.0438787804
-0.0327608664
-0.0252209474
-0.0214380928
-0.0132223265
0.0049003330
0.0277924815
0.0469076827
0.0600488893
0.0699198288
0.0782789325
0.0863417966
0.0964719701
0.1079791803
0.1158306674
0.1176034917
0.1180549013
0.1221058921
0.1266601458
0.1244310385
0.1133309223
0.0975935740
0.0811753100
0.0651189145
0.0510748431
0.0414963030
0.0354206356
0.0291979985
0.0220105585
0.0165478648
0.0148108180
0.0166045850
0.0203601874
0.0229574402
0.0221540388
0.0215642887
0.0281967358
0.0419274586
0.0526080050
0.0522913164
0.0450251023
0.0398371596
0.0390311591
0.0383113014
0.0343689167
0.0274624398
0.0183085964
0.0067514628
-0.0062085184
-0.0177985171
-0.0259696559
-0.0312440597
-0.0359188042
-0.0419791300
-0.0501006832
-0.0608464165
-0.0750890445
-0.0914909988
-0.1047016355
-0.1091244366
-0.1048389363
-0.0970819937
-0.0905001978
-0.0864473876
-0.0850103103
-0.0862771424
-0.0891308936
-0.0915221887
-0.0926821953
-0.0931124218
-0.0929401622
-0.0916842466
-0.0891234210
-0.0855480122
-0.0816589493
-0.0789389900
-0.0795604499
-0.0847178395
-0.0924997340
-0.0982529817
-0.0981131467
-0.0926592577
-0.0862723340
-0.0822235525
-0.0795888458
-0.0759155784
-0.0710468259
-0.0659206264
-0.0593177642
-0.0481757625
-0.0308001876
-0.0081391885
0.0172865275
0.0417063673
0.0608450910
0.0728755322
0.0804502085
0.0881347644
0.0977541373
0.1073745500
0.1147405784
0.1203328079
0.1264042582
0.1339221428
0.1412368377
0.1461775221
0.1488142431
0.1505369685
0.1509392540
0.1469424558
0.1353311491
0.1164924144
0.0950131898
0.0758756813
0.0617475594
0.0533514956
0.0498626583
0.0489653103
0.0478366756
0.0432880881
0.0314819676
0.0110311604
-0.0126692505
-0.0301140930
-0.0375842440
-0.0413877489
-0.0500378030
-0.0648499401
-0.0803271381
-0.0917988697
-0.0998462687
-0.1074361501
-0.1149971808
-0.1207688826
-0.1253217717
-0.1323975386
-0.1448229032
-0.1604862403
-0.1727199165
-0.1744070983
-0.1631266651
-0.1438972762
-0.1259762410
-0.1160242401
-0.1139092361
-0.1140590778
-0.1102579966
-0.1000409461
-0.0848975066
-0.0667990136
-0.0469033746
-0.0276947660
-0.0133060585
-0.0052870215
0.0003458462
0.0098031988
0.0252885322
0.0426250740
0.0561377725
0.0648355992
0.0713100562
0.0753895728
0.0727022979
0.0618239878
0.0500061581
0.0482261602
0.0597291403
0.0760861485
0.0870504585
0.0908925415
0.0918119305
0.0916350574
0.0892923017
0.0864122989
0.0866617536
0.0897869224
0.0916294042
0.0902097413
0.0873161579
0.0847030892
0.0832105197
0.0839907885
0.0873903640
0.0922105771
0.0975573807
0.1031245283
0.1070535533
0.1067769374
0.1019057807
0.0942253185
0.0857897993
0.0783452112
0.0735438420
0.0713869914
0.0688296098
0.0622435447
0.0516148322
0.0408241139
0.0328916433
0.0272968016
0.0226878160
0.0189704473
0.0159051697
0.0120859918
0.0065943889
0.0002189951
-0.0056684429
-0.0108097832
-0.0155895143
-0.0190168489
-0.0186309056
-0.0138061960
-0.0077656433
-0.0041208368
-0.0021583263
0.0020227240
0.0092502528
0.0154466188
0.0171653610
0.0152807143
0.0113379787
0.0046287802
-0.0042570381
-0.0106353534
-0.0102325091
-0.0040373179
0.0040427878
0.0121895815
0.0213513198
0.0323543118
0.0432136156
0.0499893611
0.0510688585
0.0499428165
0.0513583078
0.0543201777
0.0530792917
0.0459166608
0.0380327101
0.0342536633
0.0328899018
0.0301981955
0.0263313229
0.0230603800
0.0201371792
0.0175056239
0.0188611720
0.0286108345
0.0453112247
0.0604029538
0.0649181291
0.0575066933
0.0453226220
0.0370112130
0.0358843003
0.0386841838
0.0394249908
0.0346864759
0.0261045719
0.0179995039
0.0128059145
0.0100384296
0.0091170392
0.0107391055
0.0148554002
0.0188360186
0.0193978212
0.0159914879
0.0107310611
0.0051155216
-0.0012303243
-0.0077080978
-0.0110297894
-0.0080328243
0.0008521909
0.0119580025
0.0212629872
0.0269568375
0.0302116916
0.0336328272
0.0389189208
0.0462239988
0.0550228355
0.0637843871
0.0694877179
0.0701983291
0.0679802682
0.0661215417
0.0637465758
0.0561782805
0.0390319649
0.0108844377
-0.0245073862
-0.0571158116
-0.0760233137
-0.0786641285
-0.0729802135
-0.0688186933
-0.0700380257
-0.0759422848
-0.0850010183
-0.0945418965
-0.1007570155
-0.1020170898
-0.1006369992
-0.1001306822
-0.1016112955
-0.1032976975
-0.1021842160
-0.0953918879
-0.0812478916
-0.0610116323
-0.0407114726
-0.0293983290
-0.0310689931
-0.0383906343
-0.0397050896
-0.0328707330
-0.0258085597
-0.0233753791
-0.0218759739
-0.0183064521
-0.0166532998
-0.0215338850
-0.0304668255
-0.0361272181
-0.0341893600
-0.0264030338
-0.0171974347
-0.0095638873
-0.0046856083
-0.0025280442
-0.0014087458
0.0003798702
0.0010041704
-0.0048020586
-0.0202914785
-0.0417484738
-0.0587818947
-0.0609422022
-0.0454441719
-0.0176020529
0.0145645473
0.0418656440
0.0541238889
0.0474467037
0.0305638262
0.0181188315
0.0179548633
0.0283248746
0.0444440269
0.0623174194
0.0780329867
0.0882801226
0.0924989543
0.0917967903
0.0850552758
0.0699360086
0.0481783291
0.0259226565
0.0080366775
-0.0041470643
-0.0102482210
-0.0112975032
-0.0120007978
-0.0175327722
-0.0284224862
-0.0416490298
-0.0549419105
-0.0669295565
-0.0752184179
-0.0778892530
-0.0753004864
-0.0689012817
-0.0607704950
-0.0551457499
-0.0570004348
-0.0659284888
-0.0725040468
-0.0646780314
-0.0393970368
-0.0065977808
0.0192050738
0.0295515367
0.0252122207
0.0129980057
0.0009995901
-0.0048191611
-0.0024070038
0.0062450958
0.0170519465
0.0269803015
0.0349446118
0.0399603925
0.0407422467
0.0382662319
0.0361327348
0.0360802057
0.0344440650
0.0247541832
0.0028512697
-0.0298571008
-0.0655740279
-0.0933171059
-0.1064996067
-0.1074967756
-0.1031932762
-0.0972701731
-0.0898365664
-0.0830868646
-0.0818303641
-0.0873077756
-0.0942136872
-0.0950804431
-0.0872337644
-0.0758089477
-0.0696706990
-0.0727243908
-0.0789617327
-0.0787294325
-0.0692309206
-0.0558383099
-0.0445672337
-0.0380602157
-0.0362990033
-0.0358968867
-0.0310181340
-0.0200719077
-0.0089243502
-0.0033605068
-0.0016227213
0.0022899680
0.0109817958
0.0226012119
0.0347777520
0.0471966642
0.0608079489
0.0762012914
0.0926224145
0.1073649331
0.1175902359
0.1242271341
0.1317654871
0.1419002741
0.1502170115
0.1523377337
0.1488743488
0.1401176381
0.1218314205
0.0942841895
0.0704510977
0.0650174821
0.0769936463
0.0912931375
0.0959676025
0.0914709203
0.0842583724
0.0767324304
0.0643855151
0.0422490206
0.0148893843
-0.0033655232
-0.0032027305
0.0076586098
0.0126049213
0.0034962364
-0.0140464107
-0.0291413887
-0.0359533341
-0.0389792148
-0.0498456338
-0.0748260092
-0.1063676991
-0.1312740503
-0.1440662868
-0.1477055701
-0.1462569915
-0.1429763277
-0.1409522944
-0.1400379737
-0.1370142372
-0.1320349554
-0.1289480592
-0.1258178220
-0.1133597730
-0.0896159625
-0.0696515302
-0.0709517615
-0.0908269126
-0.1066495134
-0.1007835920
-0.0778835348
-0.0532598361
-0.0335059490
-0.0166874593
-0.0051971821
-0.0052457988
-0.0139878645
-0.0188768385
-0.0135313020
-0.0057300164
-0.0050759383
-0.0097572521
-0.0104707419
-0.0016172708
0.0148280570
0.0319166777
0.0411778470
0.0388108151
0.0325243750
0.0375589671
0.0609359512
0.0919517005
0.1132170139
0.1200346839
0.1237601945
0.1363909579
0.1569754856
0.1746744223
0.1809235253
0.1759218906
0.1655955453
0.1553304102
0.1456075905
0.1325919560
0.1143093123
0.0948340425
0.0789531554
0.0648746386
0.0470100508
0.0238559579
-0.0017495143
-0.0282877261
-0.0568240231
-0.0869679350
-0.1145826792
-0.1348801943
-0.1469394667
-0.1525634061
-0.1510745404
-0.1404805462
-0.1249941472
-0.1134283909
-0.1059713267
-0.0911887811
-0.0624271106
-0.0285496567
-0.0019727895
0.0138413172
0.0189886999
0.0123161607
0.0017860676
0.0076819307
0.0414621370
0.0875988819
0.1183592633
0.1236251030
0.1171476634
0.1160305431
0.1228346974
0.1288122529
0.1276276193
0.1209692131
0.1134396323
0.1061553475
0.0965921164
0.0836850620
0.0705737782
0.0610801788
0.0536051869
0.0412669073
0.0197239967
-0.0059772806
-0.0245735024
-0.0289670953
-0.0215077829
-0.0086598724
0.0066514925
0.0239867153
0.0382613455
0.0399696455
0.0267355708
0.0110855219
0.0097947775
0.0256791539
0.0458639303
0.0558793767
0.0492311397
0.0280940039
0.0031048525
-0.0121337904
-0.0141184530
-0.0132618078
-0.0199585387
-0.0318542458
-0.0403722364
-0.0442347748
-0.0491790199
-0.0579437946
-0.0662964654
-0.0675280788
-0.0572837371
-0.0364514312
-0.0125399812
0.0046526775
0.0109598069
0.0090456532
0.0016935335
-0.0120387715
-0.0315133395
-0.0488485818
-0.0528043263
-0.0387374992
-0.0138977320
0.0072196761
0.0122000301
-0.0020670891
-0.0265536489
-0.0439714925
-0.0425369689
-0.0294869020
-0.0242428953
-0.0341545377
-0.0460491856
-0.0457424324
-0.0356742164
-0.0276799832
-0.0263612523
-0.0252651917
-0.0161926502
0.0002776683
0.0140482301
0.0175980957
0.0159201994
0.0198969450
0.0332028541
0.0505391360
0.0662279124
0.0788124108
0.0890329702
0.0973882401
0.1024712286
0.1012112193
0.0935941117
0.0864592788
0.0878191610
0.0956875427
0.0970369632
0.0824685236
0.0584567134
0.0392454276
0.0297537581
0.0230401001
0.0112960282
-0.0069628398
-0.0292299552
-0.0532026220
-0.0776805402
-0.1004094424
-0.1170954852
-0.1244806825
-0.1248036935
-0.1244663871
-0.1280840324
-0.1350109972
-0.1410611993
-0.1408309134
-0.1293781557
-0.1059665833
-0.0766614083
-0.0496109749
-0.0272436942
-0.0072101761
0.0095540560
0.0187770826
0.0227214427
0.0335374964
0.0605704504
0.0963622205
0.1216568867
0.1270399485
0.1249673758
0.1345504905
0.1571845233
0.1757077196
0.1777933531
0.1707547542
0.1689630861
0.1745051518
0.1780333858
0.1728386983
0.1605750017
0.1467484282
0.1350187947
0.1247687997
0.1128958223
0.0979278914
0.0813899359
0.0652578397
0.0498249250
0.0343665254
0.0179781778
-0.0005705156
-0.0209009043
-0.0373647511
-0.0404080333
-0.0244407891
0.0054214847
0.0345338531
0.0464158691
0.0315554005
-0.0060151849
-0.0490050450
-0.0775517516
-0.0831343643
-0.0717546431
-0.0557091705
-0.0454553418
-0.0465661852
-0.0588167235
-0.0772003448
-0.0950194928
-0.1069273639
-0.1107673026
-0.1080166732
-0.1020945449
-0.0954323698
-0.0878593180
-0.0780377951
-0.0659575345
-0.0526678117
-0.0389920027
-0.0263422784
-0.0174802886
-0.0145093021
-0.0166056897
-0.0208023115
-0.0234956619
-0.0201179389
-0.0072474416
0.0126061753
0.0312743465
0.0414772316
0.0411292166
0.0316475343
0.0157517801
-0.0014974721
-0.0140940728
-0.0209221590
-0.0269719127
-0.0359389997
-0.0447774086
-0.0481813572
-0.0463048003
-0.0460739167
-0.0548382689
-0.0730598778
-0.0929282061
-0.1039769238
-0.1003209409
-0.0846236848
-0.0667575569
-0.0563236517
-0.0550517642
-0.0578603874
-0.0596707111
-0.0578560338
-0.0505235671
-0.0374007366
-0.0222786752
-0.0106094657
-0.0037502481
0.0020081297
0.0099319353
0.0182993694
0.0230350967
0.0235243437
0.0223731808
0.0204056078
0.0165841686
0.0133833706
0.0173150468
0.0311239979
0.0488799082
0.0619280713
0.0673755729
0.0681806637
0.0666905635
0.0612620227
0.0494389363
0.0324704359
0.0162617944
0.0075467808
0.0085533587
0.0156774375
0.0229586878
0.0256620384
0.0206472000
0.0077399506
-0.0059307569
-0.0076220915
0.0083969605
0.0331410070
0.0532775754
0.0651622555
0.0724730518
0.0762077893
0.0754778144
0.0747392621
0.0813987081
0.0964631330
0.1134819986
0.1264710567
0.1344156589
0.1380132256
0.1367496424
0.1299187167
0.1178696460
0.1021309982
0.0842540838
0.0638544671
0.0396528985
0.0145789987
-0.0040640301
-0.0145983040
-0.0272292039
-0.0529989516
-0.0870370078
-0.1092872741
-0.1056921766
-0.0852977128
-0.0705208203
-0.0735882877
-0.0906579020
-0.1152222033
-0.1436605574
-0.1682982851
-0.1783381377
-0.1705417528
-0.1502113583
-0.1214720862
-0.0861458197
-0.0525421357
-0.0325072076
-0.0263055782
-0.0223362207
-0.0143905269
-0.0070488656
-0.0028927484
0.0024230933
0.0104475963
0.0173383548
0.0218856428
0.0258534343
0.0283834792
0.0289465944
0.0321213683
0.0408871306
0.0500394209
0.0533361280
0.0523376985
0.0517608402
0.0510240424
0.0458086915
0.0343525030
0.0187143193
0.0031005548
-0.0080153904
-0.0138007053
-0.0183412744
-0.0237006449
-0.0240093735
-0.0124826111
0.0076630478
0.0249278853
0.0324113504
0.0330367156
0.0297978139
0.0183484871
-0.0036096613
-0.0244670472
-0.0259314612
-0.0020027624
0.0348408272
0.0657444681
0.0801714482
0.0792146962
0.0684647523
0.0512946673
0.0298273404
0.0081222940
-0.0100585991
-0.0251425827
-0.0392460969
-0.0514034878
-0.0591011175
-0.0627153578
-0.0648357486
-0.0663611845
-0.0654704513
-0.0599703751
-0.0504240971
-0.0418437396
-0.0408053544
-0.0483216015
-0.0578631555
-0.0632272305
-0.0651824640
-0.0675536156
-0.0697642039
-0.0660119220
-0.0507572318
-0.0247753144
0.0027679710
0.0200773010
0.0231976418
0.0193835128
0.0187790319
0.0254697523
0.0366471872
0.0458598821
0.0471356488
0.0403863173
0.0323464558
0.0291690568
0.0298750415
0.0296002840
0.0261482249
0.0204795669
0.0136601750
0.0061756306
-0.0000049281
-0.0007235005
0.0070365520
0.0206372777
0.0323871067
0.0363855814
0.0339269355
0.0314163713
0.0336390327
0.0386678676
0.0396917364
0.0329328075
0.0233270737
0.0207710761
0.0299465120
0.0447787601
0.0538780276
0.0509287311
0.0389964473
0.0255358101
0.0156101777
0.0097372645
0.0051823415
-0.0015519623
-0.0119070459
-0.0234371742
-0.0320450049
-0.0369595351
-0.0415480913
-0.0473762794
-0.0502689335
-0.0456580765
-0.0358162867
-0.0278936474
-0.0252431638
-0.0239271555
-0.0177307894
-0.0043660789
0.0125136126
0.0258990171
0.0308293373
0.0289972976
0.0278253219
0.0346235177
0.0517984956
0.0759873803
0.1000412710
0.1182055878
0.1309936656
0.1431325374
0.1559777968
0.1650276281
0.1663062864
0.1612225182
0.1538537606
0.1470572088
0.1426126398
0.1415794074
0.1425874929
0.1411430729
0.1324671962
0.1165380947
0.0996398952
0.0886358180
0.0832303384
0.0756112814
0.0584503715
0.0314693552
-0.0005790840
-0.0333095237
-0.0634332337
-0.0861061175
-0.0951954561
-0.0873290887
-0.0662338255
-0.0430779067
-0.0316677558
-0.0394267972
-0.0603791130
-0.0793167784
-0.0848413647
-0.0776016556
-0.0664003669
-0.0596003192
-0.0609407402
-0.0689963461
-0.0774917110
-0.0793143741
-0.0734154433
-0.0661352523
-0.0639148521
-0.0668073309
-0.0709528012
-0.0748582388
-0.0795254262
-0.0844995747
-0.0876285773
-0.0875299391
-0.0836083867
-0.0749943050
-0.0622266567
-0.0493452364
-0.0420387613
-0.0431532695
-0.0501649670
-0.0572174064
-0.0601287226
-0.0588404669
-0.0542697864
-0.0454395584
-0.0314445267
-0.0157810402
-0.0059593373
-0.0052559134
-0.0062341995
0.0011429593
0.0151138805
0.0251535901
0.0294089661
0.0367467091
0.0501375718
0.0607344381
0.0619347966
0.0590074306
0.0599650403
0.0647860721
0.0682890488
0.0670355374
0.0601109053
0.0478869824
0.0342390170
0.0272536555
0.0311542392
0.0377868292
0.0331358672
0.0139313392
-0.0095329768
-0.0279279759
-0.0425599325
-0.0589317625
-0.0774503843
-0.0943963434
-0.1076130232
-0.1174912728
-0.1250314452
-0.1319121449
-0.1405492941
-0.1518342758
-0.1627145678
-0.1674693470
-0.1623074739
-0.1482565927
-0.1297471069
-0.1106521597
-0.0913072379
-0.0694742672
-0.0444591021
-0.0190700473
0.0038087364
0.0242037259
0.0428952571
0.0574369837
0.0616134556
0.0504892971
0.0282931518
0.0091089753
0.0062255267
0.0216210804
0.0464621732
0.0688279853
0.0801454566
0.0784033674
0.0672262510
0.0501433225
0.0264938291
-0.0031634149
-0.0300175601
-0.0435114667
-0.0441447398
-0.0425131346
-0.0463117531
-0.0555365796
-0.0689447527
-0.0872509189
-0.1089551661
-0.1290851001
-0.1441892922
-0.1541607868
-0.1577495813
-0.1494145199
-0.1227012304
-0.0789385351
-0.0336639521
-0.0074759146
-0.0045143228
-0.0077231665
-0.0026516279
0.0045764883
0.0026090127
-0.0029550627
0.0049316243
0.0322934134
0.0655209400
0.0843717609
0.0815187244
0.0683407072
0.0591628346
0.0532682249
0.0401729520
0.0189707462
0.0006692910
-0.0079613083
-0.0118150486
-0.0170927988
-0.0222102457
-0.0225754022
-0.0180122268
-0.0114936750
-0.0050259940
-0.0013361109
-0.0050912467
-0.0158468315
-0.0212245001
-0.0061265707
0.0280290833
0.0595027596
0.0675608933
0.0538522439
0.0372538448
0.0320280973
0.0376498274
0.0467505633
0.0547138535
0.0595642039
0.0571008664
0.0420511398
0.0143326110
-0.0193526868
-0.0503533349
-0.0726568776
-0.0846357059
-0.0896034865
-0.0932015081
-0.0977135904
-0.1003922879
-0.0981709131
-0.0917466265
-0.0838805840
-0.0767801900
-0.0726174353
-0.0738192883
-0.0803589128
-0.0873750939
-0.0878854396
-0.0785344952
-0.0614843616
-0.0415795542
-0.0237755528
-0.0125872015
-0.0100122235
-0.0119425960
-0.0095742775
0.0040823737
0.0300465343
0.0640940904
0.0979416020
0.1219137490
0.1328500529
0.1388923276
0.1508057869
0.1685997231
0.1820071164
0.1841820962
0.1787363945
0.1726670236
0.1684353260
0.1647125446
0.1599191678
0.1528034388
0.1421767601
0.1276184573
0.1091271007
0.0860263882
0.0586745233
0.0310703967
0.0086487285
-0.0068411209
-0.0179491906
-0.0270837872
-0.0341001632
-0.0389920612
-0.0440275825
-0.0514654713
-0.0603953967
-0.0673563391
-0.0699112515
-0.0689982305
-0.0676294462
-0.0675477675
-0.0668077857
-0.0607314036
-0.0466285326
-0.0275416298
-0.0097597278
0.0023402040
0.0082310300
0.0096195549
0.0081901776
0.0045811668
-0.0004866197
-0.0051983621
-0.0087191333
-0.0130700415
-0.0198139602
-0.0263840989
-0.0284564832
-0.0253232115
-0.0207098138
-0.0182030899
-0.0184528565
-0.0203274834
-0.0221115230
-0.0217029671
-0.0186178838
-0.0164132021
-0.0205565802
-0.0319080615
-0.0451490759
-0.0572687009
-0.0731984782
-0.0961929500
-0.1165556390
-0.1195653400
-0.1030927535
-0.0790228130
-0.0587695032
-0.0451787973
-0.0356551905
-0.0257821587
-0.0110674642
0.0100741810
0.0331584344
0.0492952805
0.0529632976
0.0484572323
0.0459789432
0.0498806965
0.0532026025
0.0477229103
0.0380163873
0.0381143953
0.0521914371
0.0660182249
0.0624182475
0.0407594792
0.0175525778
0.0097932180
0.0186716540
0.0296212852
0.0290242769
0.0193578916
0.0136050662
0.0160860000
0.0177327388
0.0108846586
-0.0022603304
-0.0171867976
-0.0311613999
-0.0379293544
-0.0304921478
-0.0125803332
0.0029015641
0.0097933999
0.0141207142
0.0226310438
0.0349460868
0.0478475791
0.0590466065
0.0666545001
0.0709179074
0.0743610839
0.0759732149
0.0699997531
0.0549220139
0.0381507576
0.0272181054
0.0224809226
0.0217004134
0.0248717044
0.0311538558
0.0367354028
0.0386119271
0.0372658075
0.0340087506
0.0287649649
0.0219682961
0.0164706761
0.0153259657
0.0187560683
0.0234738939
0.0230413412
0.0101852108
-0.0166507397
-0.0476496918
-0.0674380178
-0.0694151363
-0.0611800971
-0.0553355213
-0.0580003588
-0.0660657896
-0.0722299000
-0.0714007670
-0.0639662896
-0.0538741158
-0.0441092482
-0.0346159411
-0.0244963657
-0.0144363371
-0.0060848821
-0.0008875356
0.0002064748
-0.0023614112
-0.0058289288
-0.0067928350
-0.0053021798
-0.0068604912
-0.0174940252
-0.0350385651
-0.0490905184
-0.0525003411
-0.0489950187
-0.0463165940
-0.0461195515
-0.0443173177
-0.0383926617
-0.0305915918
-0.0248334707
-0.0219057733
-0.0198810706
-0.0188128536
-0.0209418736
-0.0252987339
-0.0265260327
-0.0210665685
-0.0112425114
-0.0021835466
0.0033300251
0.0066362289
0.0109934596
0.0176513395
0.0242340192
0.0279210881
0.0293572947
0.0314425838
0.0348122949
0.0372611680
0.0373818471
0.0364884693
0.0368277705
0.0390682492
0.0418206135
0.0426329690
0.0399207877
0.0345159578
0.0289030844
0.0246477410
0.0212435130
0.0175441760
0.0133269298
0.0091087674
0.0050728407
0.0006787845
-0.0046008301
-0.0105463970
-0.0157368089
-0.0184691012
-0.0190512553
-0.0196598689
-0.0210305311
-0.0213916068
-0.0196390561
-0.0170369493
-0.0145415837
-0.0107242318
-0.0032508039
0.0094196208
0.0273102718
0.0470831457
0.0609875186
0.0617842726
0.0507018891
0.0373688773
0.0301686950
0.0295462409
0.0314082164
0.0329981310
0.0333938796
0.0320426331
0.0295731292
0.0275772318
0.0263740857
0.0247606616
0.0224461913
0.0208251387
0.0199848552
0.0169911066
0.0097995795
0.0020323435
0.0003653835
0.0066565154
0.0152415969
0.0188218012
0.0151593788
0.0074549913
0.0009691591
0.0004723498
0.0080763862
0.0206947322
0.0317696950
0.0371038601
0.0370556327
0.0334534329
0.0282542748
0.0243176408
0.0225350957
0.0192505396
0.0109642840
0.0001959384
-0.0071916051
-0.0093092668
-0.0095150361
-0.0114068630
-0.0152292053
-0.0192401950
-0.0228539480
-0.0275071259
-0.0345251264
-0.0427030489
-0.0484107593
-0.0481023231
-0.0403848748
-0.0265280926
-0.0101534490
0.0036977339
0.0109203061
0.0117432922
0.0112195608
0.0143405515
0.0208942569
0.0277322329
0.0347584727
0.0444788167
0.0562840989
0.0653194399
0.0678004062
0.0644275696
0.0581229419
0.0512107468
0.0455957096
0.0424266084
0.0410545232
0.0398160024
0.0376647206
0.0347373351
0.0318626151
0.0297074085
0.0282292254
0.0268782518
0.0244778207
0.0181388191
0.0041092380
-0.0177968472
-0.0409284573
-0.0555261894
-0.0571600169
-0.0504042850
-0.0436342381
-0.0414042796
-0.0435192252
-0.0489920621
-0.0568439847
-0.0639261130
-0.0655228894
-0.0590017060
-0.0456262888
-0.0295250772
-0.0154558524
-0.0055741985
0.0030794099
0.0159046304
0.0338168479
0.0516504018
0.0641708502
0.0704462243
0.0713964134
0.0671545791
0.0589778067
0.0506201974
0.0459104163
0.0460063124
0.0494881579
0.0540289610
0.0578791989
0.0608719078
0.0635894889
0.0652243105
0.0639993314
0.0597575881
0.0542791369
0.0496597677
0.0474736960
0.0486186794
0.0526645238
0.0577411508
0.0615569368
0.0611906367
0.0531840770
0.0370828784
0.0189676467
0.0077187544
0.0063731156
0.0101448263
0.0132864153
0.0139906131
0.0122690769
0.0079552133
0.0024651919
-0.0013342954
-0.0030145965
-0.0058717013
-0.0127889095
-0.0230387550
-0.0336251141
-0.0422898340
-0.0484893840
-0.0527445780
-0.0557509456
-0.0574093871
-0.0569510702
-0.0547353355
-0.0523900651
-0.0505652771
-0.0483386000
-0.0450066223
-0.0404309190
-0.0345637175
-0.0287190897
-0.0259859461
-0.0273122926
-0.0279887768
-0.0214289178
-0.0066661908
0.0103315112
0.0231868358
0.0307319141
0.0357492608
0.0409545854
0.0477496232
0.0571737860
0.0686324633
0.0781299355
0.0806916707
0.0750347870
0.0638276307
0.0509869784
0.0404793349
0.0353271047
0.0346236736
0.0328935082
0.0260646488
0.0158601197
0.0052551226
-0.0065287405
-0.0209285724
-0.0353420304
-0.0455558904
-0.0509394787
-0.0541613364
-0.0575627118
-0.0622071499
-0.0691711398
-0.0773533705
-0.0800377862
-0.0684674164
-0.0421858609
-0.0135006254
0.0025899602
0.0014882542
-0.0095577013
-0.0185465043
-0.0149129392
0.0059560565
0.0401503588
0.0775631879
0.1068710271
0.1198442952
0.1161242429
0.1059236971
0.1019308626
0.1046926034
0.1020000653
0.0868886605
0.0690927751
0.0622038945
0.0651985138
0.0650840857
0.0545621728
0.0383618746
0.0230756111
0.0085268537
-0.0082498479
-0.0260814849
-0.0400495567
-0.0466973259
-0.0469678404
-0.0442438784
-0.0408433672
-0.0376880351
-0.0363191598
-0.0387169268
-0.0441734475
-0.0469285605
-0.0387568954
-0.0159772510
0.0148461537
0.0387693324
0.0435829047
0.0313834269
0.0163181183
0.0109747001
0.0177683344
0.0314522462
0.0448511338
0.0520349415
0.0500462307
0.0392844151
0.0230717449
0.0069542755
-0.0039466694
-0.0094519609
-0.0148975716
-0.0252247877
-0.0392885673
-0.0508667281
-0.0555304001
-0.0552560584
-0.0554623930
-0.0588865305
-0.0638495092
-0.0686759992
-0.0748656464
-0.0849283717
-0.0993484640
-0.1159022094
-0.1292806221
-0.1318420325
-0.1191659136
-0.0950656929
-0.0674614103
-0.0423325642
-0.0260017295
-0.0265717650
-0.0444668151
-0.0640603923
-0.0629315952
-0.0313262583
0.0183813730
0.0602692983
0.0726189298
0.0527919347
0.0197501833
-0.0009709148
0.0009595987
0.0142002941
0.0204102733
0.0124601154
-0.0025843661
-0.0142658645
-0.0180946788
-0.0165215873
-0.0155012922
-0.0204180902
-0.0322289996
-0.0470830418
-0.0609255741
-0.0737467717
-0.0875560607
-0.1004183446
-0.1047617412
-0.0928506860
-0.0633909908
-0.0237633432
0.0131163976
0.0350920883
0.0378486698
0.0275560291
0.0144044259
0.0036728398
-0.0042518989
-0.0069611113
0.0008035027
0.0191086448
0.0391829827
0.0509420648
0.0511619345
0.0427687558
0.0299796513
0.0165912188
0.0057009213
-0.0021377155
-0.0093670982
-0.0182319471
-0.0277880629
-0.0363357749
-0.0453739165
-0.0570474471
-0.0682417441
-0.0720394464
-0.0653519944
-0.0517417818
-0.0375902415
-0.0279668009
-0.0247658145
-0.0261513309
-0.0282426176
-0.0281358050
-0.0246875537
-0.0185915478
-0.0125419435
-0.0082712000
-0.0041646671
0.0016455536
0.0083488175
0.0157689086
0.0271514434
0.0439982119
0.0608284498
0.0690383876
0.0649129698
0.0519046194
0.0350476816
0.0160458104
-0.0041972860
-0.0212111144
-0.0294090700
-0.0287421248
-0.0258529145
-0.0281384821
-0.0386171254
-0.0556419951
-0.0745822077
-0.0895728164
-0.0959639637
-0.0918965982
-0.0780921177
-0.0577549004
-0.0363708961
-0.0194450805
-0.0104805277
-0.0114320164
-0.0217541966
-0.0353793349
-0.0443553954
-0.0472171976
-0.0480214761
-0.0473113653
-0.0407563147
-0.0286942417
-0.0207368646
-0.0250630483
-0.0373562974
-0.0467873740
-0.0497219916
-0.0505217736
-0.0516373540
-0.0511029400
-0.0484485706
-0.0465513050
-0.0474986674
-0.0499981462
-0.0506071821
-0.0466655252
-0.0393055593
-0.0338448669
-0.0341485531
-0.0373131123
-0.0378239323
-0.0350572336
-0.0317224357
-0.0272414069
-0.0190973580
-0.0097454129
-0.0052929177
-0.0066200166
-0.0074210917
-0.0019831680
0.0079016900
0.0150000371
0.0153787287
0.0129822743
0.0135265910
0.0164358668
0.0172825832
0.0157981427
0.0162480968
0.0207844553
0.0266535022
0.0308059383
0.0339213408
0.0380563235
0.0419904494
0.0420972100
0.0380824581
0.0352413648
0.0393262161
0.0500228318
0.0616026236
0.0696363251
0.0749334846
0.0805933574
0.0869949663
0.0914692958
0.0918615745
0.0876109680
0.0767506246
0.0571939100
0.0336839657
0.0181878328
0.0175434288
0.0242247272
0.0253332053
0.0171126629
0.0049865972
-0.0065512103
-0.0174188184
-0.0279703097
-0.0373159843
-0.0449484075
-0.0503363298
-0.0524999512
-0.0525097111
-0.0537185559
-0.0568507685
-0.0573980548
-0.0502340723
-0.0352370762
-0.0173554053
-0.0025722333
0.0060811009
0.0096334214
0.0108475491
0.0115770822
0.0123617630
0.0136399080
0.0166743661
0.0227170956
0.0304918749
0.0357465186
0.0355503988
0.0313211444
0.0259149240
0.0201758807
0.0140087618
0.0094976412
0.0109042498
0.0202004688
0.0338573624
0.0461772659
0.0543603608
0.0586581616
0.0605733615
0.0625608506
0.0656038533
0.0659857354
0.0587790486
0.0450268503
0.0307033558
0.0192957911
0.0105706862
0.0052357810
0.0045290100
0.0050236912
0.0011677429
-0.0064171565
-0.0120430861
-0.0145901101
-0.0192924512
-0.0285266021
-0.0371627182
-0.0394118910
-0.0359620413
-0.0323321084
-0.0328624287
-0.0374183784
-0.0425223681
-0.0453265988
-0.0465602981
-0.0486659256
-0.0517976639
-0.0543953000
-0.0566094102
-0.0593659202
-0.0604772379
-0.0551386802
-0.0415924525
-0.0244892765
-0.0109943173
-0.0043885837
-0.0022752925
-0.0000887378
0.0041345032
0.0089673404
0.0121907706
0.0132216117
0.0131341824
0.0135897897
0.0159619679
0.0198564436
0.0220578178
0.0202085327
0.0184372875
0.0241320800
0.0371554795
0.0496523601
0.0579883117
0.0672233919
0.0813838279
0.0960110735
0.1036275963
0.1024437425
0.0969055755
0.0920976435
0.0903570489
0.0915375888
0.0939866503
0.0948814122
0.0914694257
0.0827666477
0.0700176223
0.0554868316
0.0412086991
0.0284460281
0.0173706819
0.0072441602
-0.0023525318
-0.0106712348
-0.0167512103
-0.0215883635
-0.0282962838
-0.0384808058
-0.0498301168
-0.0583640857
-0.0622511473
-0.0624730118
-0.0602838602
-0.0546874525
-0.0426642954
-0.0226763927
0.0018469498
0.0229675704
0.0328582570
0.0286854435
0.0145269504
0.0000737578
-0.0039648922
0.0059078186
0.0208475955
0.0266417410
0.0183650372
0.0054116546
0.0000454421
0.0049949795
0.0151360383
0.0269135940
0.0401539521
0.0527246034
0.0596250178
0.0592709923
0.0559192739
0.0532594592
0.0502404597
0.0461971950
0.0443898214
0.0458961599
0.0459568958
0.0413595155
0.0364714707
0.0379069041
0.0467056758
0.0583617400
0.0663888006
0.0647278249
0.0509632935
0.0291141950
0.0068097491
-0.0113146707
-0.0254527863
-0.0362649087
-0.0425516932
-0.0447526061
-0.0465709286
-0.0513511276
-0.0592149673
-0.0680757875
-0.0750718900
-0.0776120522
-0.0758335098
-0.0730721589
-0.0726907967
-0.0751510995
-0.0787726436
-0.0821398595
-0.0842861185
-0.0839407546
-0.0799338847
-0.0717482101
-0.0597240784
-0.0451540078
-0.0291990771
-0.0111105649
0.0108108489
0.0352369917
0.0566964821
0.0704690320
0.0777393462
0.0836376272
0.0918128402
0.1026830604
0.1148273255
0.1254898076
0.1312001691
0.1303809779
0.1243145310
0.1140938416
0.0992470317
0.0812506208
0.0645959758
0.0520314976
0.0416413233
0.0303010508
0.0183198768
0.0088726074
0.0034909725
-0.0001241201
-0.0070924795
-0.0229966551
-0.0498482265
-0.0823336271
-0.1087254650
-0.1179530791
-0.1082177185
-0.0895788594
-0.0762234493
-0.0745498481
-0.0802726206
-0.0869184210
-0.0932404955
-0.1007774190
-0.1079277818
-0.1111033744
-0.1095560926
-0.1060427387
-0.1042510706
-0.1058974455
-0.1082804883
-0.1057176484
-0.0957594745
-0.0823641672
-0.0706573413
-0.0613687574
-0.0527671127
-0.0448166170
-0.0380895798
-0.0306325806
-0.0204619706
-0.0094655805
-0.0006860875
0.0067863891
0.0162522685
0.0275390631
0.0371308914
0.0442085102
0.0517649859
0.0609689801
0.0686592346
0.0714544397
0.0691868648
0.0635020205
0.0562710576
0.0494367400
0.0442239493
0.0406091306
0.0388540392
0.0403497731
0.0440991829
0.0442390179
0.0353823109
0.0192106750
0.0021524190
-0.0125454134
-0.0262879234
-0.0392591447
-0.0468948234
-0.0426752834
-0.0238204663
0.0046088108
0.0305854578
0.0425503221
0.0386028235
0.0276724067
0.0207653579
0.0220175828
0.0283279026
0.0352711317
0.0408814449
0.0448670082
0.0474146885
0.0493987467
0.0516012256
0.0533941414
0.0534916100
0.0519940241
0.0508364933
0.0520706800
0.0563613136
0.0628620936
0.0699420516
0.0756953643
0.0786729007
0.0786645833
0.0754781392
0.0674070228
0.0532178141
0.0358337855
0.0208494214
0.0102909772
0.0017749490
-0.0059956853
-0.0120670634
-0.0181795804
-0.0280438531
-0.0402648129
-0.0491505981
-0.0532224731
-0.0571909794
-0.0648359371
-0.0749549277
-0.0849223936
-0.0931157357
-0.0972430769
-0.0951356104
-0.0888076877
-0.0839110592
-0.0830410543
-0.0826728828
-0.0779316843
-0.0671370347
-0.0511619605
-0.0329750959
-0.0187915664
-0.0142470596
-0.0176470639
-0.0213540359
-0.0208212919
-0.0179159278
-0.0156232710
-0.0138982064
-0.0115257032
-0.0088433538
-0.0073009519
-0.0073674385
-0.0076954984
-0.0072708926
-0.0075964898
-0.0104227483
-0.0141545163
-0.0151629917
-0.0121481573
-0.0070577027
-0.0028283587
-0.0016148321
-0.0035173527
-0.0049708021
-0.0004077761
0.0117654435
0.0265683146
0.0373323981
0.0411292166
0.0389674861
0.0336041194
0.0282448009
0.0254065082
0.0260635117
0.0298195494
0.0348275585
0.0377916702
0.0369793277
0.0349013812
0.0356001338
0.0404568001
0.0480909388
0.0558539244
0.0610346284
0.0628340096
0.0630698317
0.0635840047
0.0641987522
0.0632152224
0.0585479830
0.0495387441
0.0387854732
0.0300642736
0.0244635643
0.0203293743
0.0162382590
0.0118428076
0.0067600920
0.0016812512
-0.0004571479
0.0025780248
0.0088851354
0.0138267164
0.0146215860
0.0133380347
0.0155206820
0.0242104838
0.0357407940
0.0438884688
0.0474548066
0.0495287438
0.0508391445
0.0491097652
0.0443187278
0.0393103093
0.0351218618
0.0303239820
0.0250055223
0.0207744225
0.0166848147
0.0088379865
-0.0042403664
-0.0185933412
-0.0294221958
-0.0368412407
-0.0449003165
-0.0560126033
-0.0685516943
-0.0793757144
-0.0866087956
-0.0903383999
-0.0920954992
-0.0937887240
-0.0959538919
-0.0973628333
-0.0969710095
-0.0951067597
-0.0921085600
-0.0867968451
-0.0774011951
-0.0640499696
-0.0490848977
-0.0345514234
-0.0209334263
-0.0080899344
0.0042759789
0.0167725235
0.0289903188
0.0372793361
0.0363043705
0.0251908296
0.0112058437
0.0051775844
0.0123341924
0.0287398115
0.0461954275
0.0586565566
0.0649817436
0.0676619357
0.0697183287
0.0720526371
0.0733287613
0.0718974021
0.0675330172
0.0608919344
0.0516034414
0.0378183311
0.0185263933
-0.0029140271
-0.0181758961
-0.0193440121
-0.0067949728
0.0098914924
0.0204505083
0.0206268940
0.0118814117
0.0002478204
-0.0056411880
-0.0014060368
0.0072809383
0.0096092947
0.0017811338
-0.0078564061
-0.0072949283
0.0067788125
0.0256702843
0.0366539255
0.0337039273
0.0206204481
0.0051737292
-0.0080185029
-0.0188944933
-0.0285276613
-0.0370020054
-0.0437863087
-0.0482448482
-0.0493657048
-0.0469433367
-0.0433857581
-0.0420714588
-0.0429178178
-0.0414371785
-0.0336919581
-0.0211844600
-0.0107269154
-0.0091286899
-0.0169577073
-0.0280071984
-0.0351959184
-0.0355230881
-0.0296406815
-0.0202707177
-0.0124924879
-0.0121582940
-0.0210739176
-0.0347694087
-0.0461909765
-0.0503676693
-0.0463250543
-0.0376410812
-0.0309852221
-0.0309148627
-0.0359897028
-0.0423795506
-0.0488782513
-0.0560032918
-0.0633100723
-0.0695922043
-0.0735737974
-0.0742232633
-0.0726675341
-0.0725612933
-0.0760005061
-0.0808767961
-0.0840282165
-0.0831403423
-0.0748046961
-0.0567176068
-0.0339591066
-0.0172797826
-0.0119907130
-0.0124110107
-0.0091938445
0.0012396007
0.0156806410
0.0292153284
0.0390714202
0.0451283021
0.0485043097
0.0493510001
0.0460979394
0.0371297218
0.0236909565
0.0113540740
0.0065477144
0.0103067737
0.0172068826
0.0217108360
0.0232313140
0.0242628829
0.0264665769
0.0298644759
0.0333484722
0.0342834432
0.0299271352
0.0214809141
0.0149692695
0.0153407094
0.0199690653
0.0201803513
0.0105652539
-0.0036440060
-0.0114332900
-0.0087483219
-0.0021500213
0.0004492398
-0.0025542477
-0.0091377220
-0.0174483904
-0.0246902438
-0.0283470325
-0.0299126254
-0.0329249256
-0.0367573917
-0.0366036382
-0.0307760609
-0.0245343395
-0.0248303907
-0.0323864309
-0.0400624226
-0.0398333713
-0.0316695038
-0.0237836622
-0.0229500391
-0.0269967672
-0.0291476137
-0.0267451487
-0.0223018273
-0.0175509273
-0.0103419988
0.0012549962
0.0135210288
0.0189917800
0.0152232403
0.0079487673
0.0030322825
-0.0003996755
-0.0051481222
-0.0091786004
-0.0088921986
-0.0064009455
-0.0076018115
-0.0141083422
-0.0224774722
-0.0301980395
-0.0369620173
-0.0414331953
-0.0421144619
-0.0405627355
-0.0396403835
-0.0398065415
-0.0401995804
-0.0410317805
-0.0417951417
-0.0398797079
-0.0342896877
-0.0282293424
-0.0251167405
-0.0244875545
-0.0242927928
-0.0239523219
-0.0224521694
-0.0169145352
-0.0066355336
0.0039160474
0.0095207607
0.0111664014
0.0153783128
0.0264566871
0.0420708545
0.0556633993
0.0616260680
0.0594277673
0.0537096083
0.0501452524
0.0508784178
0.0534506212
0.0536461432
0.0495906494
0.0430573474
0.0359875585
0.0269652068
0.0139013644
-0.0005922633
-0.0107665981
-0.0149062073
-0.0174389489
-0.0229093102
-0.0312167880
-0.0395725908
-0.0463159962
-0.0514532747
-0.0553397579
-0.0580822260
-0.0590752948
-0.0568705481
-0.0507015967
-0.0422363692
-0.0351511933
-0.0327471168
-0.0353602050
-0.0404201974
-0.0448481578
-0.0472483745
-0.0483437204
-0.0496028525
-0.0511482954
-0.0512722105
-0.0485690613
-0.0441012233
-0.0404749943
-0.0387773833
-0.0379187823
-0.0369872942
-0.0364020666
-0.0365811424
-0.0373039892
-0.0385667471
-0.0399882685
-0.0398214867
-0.0371647390
-0.0338931853
-0.0311847078
-0.0263981084
-0.0169089730
-0.0051323719
0.0034563613
0.0063537954
0.0052708268
0.0020797503
-0.0028732358
-0.0074853690
-0.0072287017
-0.0016075707
0.0026882424
0.0012034528
0.0001507007
0.0064037149
0.0122412788
0.0032089951
-0.0185653288
-0.0336338343
-0.0307297958
-0.0199772137
-0.0152741774
-0.0155332425
-0.0118582661
-0.0043384660
-0.0019493971
-0.0087665940
-0.0194008687
-0.0278130019
-0.0338315137
-0.0392140427
-0.0423064946
-0.0405574202
-0.0358025566
-0.0330409132
-0.0344048046
-0.0368581937
-0.0357837841
-0.0299023522
-0.0228619274
-0.0194920539
-0.0202095139
-0.0201937045
-0.0150879278
-0.0060498233
0.0022364441
0.0081061532
0.0145802398
0.0232087663
0.0301544970
0.0318500221
0.0316484375
0.0355854485
0.0431895213
0.0483266959
0.0485224648
0.0476357083
0.0490358645
0.0511627923
0.0509682059
0.0472435401
0.0398545610
0.0304894382
0.0236337554
0.0226915848
0.0261173728
0.0306160954
0.0355902829
0.0416210108
0.0475091486
0.0517363561
0.0549011102
0.0586946993
0.0636730650
0.0691492419
0.0742548431
0.0782889393
0.0808243580
0.0821017167
0.0825515019
0.0813853874
0.0766833712
0.0680684449
0.0578068382
0.0480785537
0.0390379494
0.0308497017
0.0251904462
0.0228611542
0.0221277158
0.0206187196
0.0175244484
0.0130423539
0.0073245068
0.0019397561
0.0003988521
0.0047513639
0.0127061652
0.0197331783
0.0230108400
0.0231979018
0.0240871859
0.0300180475
0.0405166848
0.0489211700
0.0491574729
0.0426940298
0.0354740419
0.0298548070
0.0233751192
0.0136289071
0.0012217315
-0.0111032677
-0.0203854967
-0.0256004577
-0.0283122037
-0.0307913505
-0.0341179480
-0.0382120653
-0.0424833352
-0.0454344185
-0.0445644526
-0.0383466955
-0.0282459120
-0.0177890497
-0.0092471013
-0.0018172433
0.0060502742
0.0140191649
0.0210684074
0.0275561526
0.0337050579
0.0376643697
0.0379000358
0.0363739241
0.0374168384
0.0443215608
0.0569227263
0.0704260808
0.0776838541
0.0758972543
0.0699360736
0.0655469317
0.0624307235
0.0578482883
0.0530470296
0.0514689477
0.0523579590
0.0506175528
0.0437125249
0.0351780297
0.0305717082
0.0316163184
0.0355870730
0.0394285322
0.0419670309
0.0423476329
0.0391142414
0.0317475631
0.0211283701
0.0082429471
-0.0051140076
-0.0139094672
-0.0132020595
-0.0051817989
0.0014415076
0.0000322743
-0.0091665013
-0.0216438296
-0.0320996458
-0.0369068111
-0.0364264857
-0.0343943560
-0.0335272167
-0.0326343976
-0.0292827312
-0.0244064802
-0.0217673873
-0.0223116196
-0.0217671989
-0.0159602135
-0.0068820253
-0.0006179392
0.0001440322
-0.0010491100
0.0010833410
0.0089025368
0.0213737960
0.0358264494
0.0497849369
0.0624238942
0.0744541339
0.0857586744
0.0943973181
0.0997560778
0.1042268334
0.1095194444
0.1143723420
0.1177392979
0.1210638226
0.1252320356
0.1284393380
0.1294856961
0.1303175583
0.1329295223
0.1361867936
0.1378858666
0.1370858442
0.1325423770
0.1221077115
0.1064701062
0.0913410921
0.0827781490
0.0807902440
0.0795537571
0.0736077814
0.0622770869
0.0482085574
0.0338484407
0.0209234845
0.0114954230
0.0066583738
0.0047520150
0.0022964802
-0.0028215560
-0.0102040547
-0.0183805997
-0.0263983424
-0.0335281978
-0.0384349436
-0.0401224178
-0.0396180892
-0.0395789393
-0.0409296399
-0.0405045792
-0.0337984653
-0.0198727858
-0.0019935510
0.0156872884
0.0299115013
0.0378267134
0.0380919450
0.0334582219
0.0295333490
0.0295400938
0.0318544797
0.0331481807
0.0317589215
0.0274817515
0.0206712812
0.0118861877
0.0014638032
-0.0095340619
-0.0188915497
-0.0259848740
-0.0335601286
-0.0443484167
-0.0572463416
-0.0691137633
-0.0786014887
-0.0859989020
-0.0909584952
-0.0922972592
-0.0898706805
-0.0857493174
-0.0821561692
-0.0769111229
-0.0630098820
-0.0362994516
-0.0024880217
0.0273158405
0.0469127901
0.0569515575
0.0590984923
0.0538154202
0.0445483248
0.0394877931
0.0453981147
0.0602791362
0.0746126179
0.0808717277
0.0792586221
0.0732713197
0.0639594538
0.0506393013
0.0335612657
0.0137242119
-0.0068762616
-0.0239577216
-0.0339292032
-0.0387687931
-0.0446124657
-0.0551109536
-0.0688141448
-0.0831349491
-0.0972598415
-0.1095711677
-0.1161803199
-0.1147811903
-0.1082162890
-0.1006403131
-0.0903608177
-0.0710404580
-0.0412821254
-0.0085354245
0.0186228612
0.0378510611
0.0499716153
0.0533717236
0.0466941355
0.0350683710
0.0283113200
0.0313358427
0.0385479682
0.0396093430
0.0295545842
0.0120296939
-0.0054156638
-0.0183837772
-0.0291848597
-0.0432012110
-0.0620251630
-0.0821717642
-0.1003974213
-0.1162859109
-0.1294409905
-0.1382739867
-0.1430741212
-0.1467978773
-0.1515756591
-0.1564615010
-0.1582520646
-0.1523316907
-0.1347978008
-0.1069348365
-0.0749598011
-0.0424557581
-0.0059027763
0.0379221482
0.0824956849
0.1127700878
0.1135632225
0.0767738221
0.0087913186
-0.0625451126
-0.0945686029
-0.0567916050
0.0364756294
0.1224497614
0.1397154176
0.0917712536
0.0426546005
0.0383053233
0.0557644547
0.0467235060
0.0048505395
-0.0362516660
-0.0531036004
-0.0524457457
-0.0505563880
-0.0554528475
-0.0676684336
-0.0838716169
-0.0984520776
-0.1084380626
-0.1160553001
-0.1233040413
-0.1271380669
-0.1226946026
-0.1076572739
-0.0818687667
-0.0477541717
-0.0128999588
0.0125174529
0.0238104465
0.0246720042
0.0211112741
0.0177130307
0.0210014724
0.0372152343
0.0606824028
0.0737413784
0.0678875431
0.0568944929
0.0583402449
0.0707917181
0.0810523696
0.0846035413
0.0852118104
0.0827776291
0.0753261532
0.0667987536
0.0629479309
0.0634743265
0.0637191481
0.0603454343
0.0522349146
0.0392158037
0.0227200651
0.0057789463
-0.0087273337
-0.0189141235
-0.0236086540
-0.0223976519
-0.0155106687
-0.0039710827
0.0100189163
0.0228680550
0.0293159875
0.0237943902
0.0051491541
-0.0200248174
-0.0421453335
-0.0565329298
-0.0644879546
-0.0683945099
-0.0693803725
-0.0680148371
-0.0640222171
-0.0576454691
-0.0532269242
-0.0573523940
-0.0702035924
-0.0828382546
-0.0864080753
-0.0806400123
-0.0713127203
-0.0629030564
-0.0557246745
-0.0473852595
-0.0356013034
-0.0211185712
-0.0080822019
-0.0004959840
0.0012277420
0.0000400718
-0.0008071136
-0.0011455149
-0.0042751088
-0.0119690100
-0.0191631428
-0.0174932844
-0.0043812853
0.0146373954
0.0321902916
0.0445588125
0.0514193102
0.0542818076
0.0562747939
0.0596146406
0.0617943703
0.0583431950
0.0509105890
0.0474568144
0.0510123852
0.0546323177
0.0522010280
0.0473888008
0.0464132634
0.0481977254
0.0473785601
0.0428553144
0.0388668140
0.0383697371
0.0376305286
0.0301067114
0.0159247869
0.0039831441
0.0026797411
0.0105568197
0.0179104891
0.0165707569
0.0071475168
-0.0028073620
-0.0063312925
-0.0031270740
0.0001851035
-0.0039170455
-0.0157086145
-0.0278371871
-0.0348349661
-0.0393686670
-0.0466884368
-0.0576012768
-0.0695853165
-0.0805229850
-0.0889018424
-0.0934882608
-0.0952984479
-0.0976092340
-0.1024208698
-0.1085322822
-0.1136896718
-0.1174182363
-0.1207601754
-0.1238706589
-0.1247311769
-0.1206243041
-0.1109167545
-0.0971171474
-0.0808031748
-0.0630740098
-0.0452900870
-0.0288620631
-0.0144886648
-0.0017959249
0.0108400830
0.0260108981
0.0450378057
0.0663847069
0.0869511704
0.1041182533
0.1163098882
0.1228263801
0.1245112227
0.1237410906
0.1230504930
0.1234430316
0.1236849487
0.1213469364
0.1163903972
0.1134249470
0.1169522064
0.1242574144
0.1266887366
0.1191192587
0.1055182276
0.0935232845
0.0869607223
0.0848902939
0.0843607794
0.0811067571
0.0693242305
0.0449227278
0.0106785645
-0.0231856207
-0.0451567954
-0.0498873179
-0.0413768909
-0.0304288842
-0.0270817663
-0.0329930107
-0.0414512595
-0.0448865734
-0.0414476791
-0.0347164963
-0.0287019222
-0.0242784584
-0.0191515050
-0.0107787687
-0.0011753085
0.0023582415
-0.0046726846
-0.0158628683
-0.0194508507
-0.0131547092
-0.0078109662
-0.0141685778
-0.0317701434
-0.0520623756
-0.0663657331
-0.0698849350
-0.0634073265
-0.0536293656
-0.0496296434
-0.0543718036
-0.0599449163
-0.0561494233
-0.0437770686
-0.0344078002
-0.0362749220
-0.0456543857
-0.0532097632
-0.0543855597
-0.0524993080
-0.0538927843
-0.0606956781
-0.0699362685
-0.0794864387
-0.0892932114
-0.0956362092
-0.0917287572
-0.0777683269
-0.0636693417
-0.0579658160
-0.0593318257
-0.0612605932
-0.0600621580
-0.0561567659
-0.0516498235
-0.0485109310
-0.0465039417
-0.0436967350
-0.0401869745
-0.0374242720
-0.0332437064
-0.0245336767
-0.0157775963
-0.0150102064
-0.0201368478
-0.0199936469
-0.0111103959
-0.0025245412
-0.0012083341
-0.0033687546
-0.0032751808
-0.0014290797
-0.0005742375
-0.0006028335
-0.0010183508
-0.0034703669
-0.0092750293
-0.0165575922
-0.0211364080
-0.0197640043
-0.0129319025
-0.0047543795
0.0009201648
0.0038636268
0.0057100158
0.0065291304
0.0054926556
0.0044153421
0.0080559048
0.0188002801
0.0322848946
0.0413972683
0.0441894844
0.0445447315
0.0453151300
0.0450168370
0.0424452379
0.0403618592
0.0424131318
0.0481680234
0.0539766593
0.0576461774
0.0602867062
0.0636685229
0.0677725301
0.0713216874
0.0727178279
0.0703451169
0.0637979158
0.0550549481
0.0465078080
0.0382813395
0.0290743303
0.0192413321
0.0116133860
0.0083610986
0.0076613909
0.0054619315
0.0000881593
-0.0056427131
-0.0069103886
-0.0014316581
0.0078352164
0.0149125688
0.0158974567
0.0118913990
0.0075168189
0.0066080475
0.0098393531
0.0155890530
0.0214469820
0.0254747102
0.0275326692
0.0294572585
0.0326605907
0.0357275577
0.0352183037
0.0291265995
0.0202167201
0.0155267770
0.0214556177
0.0371992234
0.0543208535
0.0647342448
0.0680343958
0.0689077796
0.0696911674
0.0696579631
0.0687333758
0.0674877918
0.0655101535
0.0630259903
0.0623647567
0.0646878433
0.0673044858
0.0666806217
0.0620027388
0.0542074650
0.0435224351
0.0297112033
0.0135681841
-0.0031163642
-0.0181482605
-0.0295609651
-0.0369595546
-0.0420850199
-0.0473629976
-0.0539097179
-0.0612250821
-0.0677547259
-0.0714156472
-0.0708466254
-0.0668656821
-0.0620555278
-0.0587114054
-0.0573085461
-0.0567046630
-0.0558935227
-0.0550242000
-0.0543896793
-0.0531949675
-0.0501617441
-0.0452283049
-0.0399202419
-0.0363841064
-0.0359707355
-0.0377698047
-0.0380685331
-0.0330257276
-0.0234252506
-0.0147423496
-0.0118103506
-0.0155518460
-0.0242605306
-0.0352762391
-0.0450916799
-0.0508148943
-0.0525845020
-0.0529803936
-0.0538417173
-0.0540882089
-0.0505332944
-0.0419572386
-0.0328150589
-0.0301707483
-0.0353399575
-0.0413603732
-0.0411906609
-0.0353430700
-0.0292854213
-0.0262395855
-0.0246401319
-0.0220610928
-0.0189535788
-0.0171683825
-0.0168202571
-0.0158413538
-0.0124269241
-0.0069152621
-0.0008825290
0.0048686212
0.0104378625
0.0155860834
0.0202353301
0.0253841229
0.0319946916
0.0393264566
0.0459187076
0.0516729430
0.0574892204
0.0630220851
0.0659685809
0.0641040842
0.0574929502
0.0491444121
0.0436164988
0.0435464514
0.0472030321
0.0500741068
0.0490751249
0.0447528205
0.0396286678
0.0356576208
0.0338681814
0.0351940470
0.0401829003
0.0477882012
0.0554514115
0.0608466180
0.0635449197
0.0644742115
0.0643225699
0.0635241264
0.0632897339
0.0646720404
0.0662132272
0.0637367510
0.0541676523
0.0399228280
0.0267347650
0.0165562861
0.0057459648
-0.0085818195
-0.0230098848
-0.0313905616
-0.0327553822
-0.0325885224
-0.0363338645
-0.0441112236
-0.0524987556
-0.0589945713
-0.0634909546
-0.0672522426
-0.0712467016
-0.0746683050
-0.0747116460
-0.0690936198
-0.0589903671
-0.0487027233
-0.0427750977
-0.0413646878
-0.0378042891
-0.0243578563
-0.0029561043
0.0133687178
0.0130172005
-0.0025906990
-0.0209049330
-0.0290100465
-0.0220429051
-0.0045042829
0.0143418900
0.0275188871
0.0349354043
0.0414850421
0.0506788606
0.0596169279
0.0604600509
0.0488072162
0.0311846559
0.0210379907
0.0248982483
0.0359238271
0.0428897338
0.0412977399
0.0340743990
0.0272799135
0.0262120733
0.0303536514
0.0318839867
0.0242966265
0.0119111331
0.0056921232
0.0105278520
0.0206372842
0.0267631089
0.0252997411
0.0204439259
0.0176667006
0.0175315116
0.0179040821
0.0192314488
0.0243166401
0.0328833260
0.0400958738
0.0416466580
0.0386225382
0.0353470792
0.0335652749
0.0315966492
0.0290073499
0.0286040377
0.0320713279
0.0363381337
0.0366166535
0.0319712861
0.0257416378
0.0213464528
0.0192858948
0.0184191778
0.0187428451
0.0217119277
0.0275959653
0.0340090235
0.0380264266
0.0392909260
0.0400767245
0.0422459276
0.0453509789
0.0470973891
0.0453350460
0.0394524120
0.0303492328
0.0200019902
0.0108647165
0.0046510940
0.0013460468
-0.0003241899
-0.0019592674
-0.0044160341
-0.0076371342
-0.0114442389
-0.0154813177
-0.0191122382
-0.0218376817
-0.0235895762
-0.0242136417
-0.0236402728
-0.0224069829
-0.0213470831
-0.0208841592
-0.0205316347
-0.0190841607
-0.0157560557
-0.0112302823
-0.0075274755
-0.0064668843
-0.0082439283
-0.0119743838
-0.0169032094
-0.0219341821
-0.0249824742
-0.0247598364
-0.0228943390
-0.0226505310
-0.0251295219
-0.0283367268
-0.0302067597
-0.0312878426
-0.0336017867
-0.0383785417
-0.0450454538
-0.0509909356
-0.0532492055
-0.0520982571
-0.0516229611
-0.0546461778
-0.0575771566
-0.0542589804
-0.0456647759
-0.0407161316
-0.0447342625
-0.0518789592
-0.0528944457
-0.0468271801
-0.0409716359
-0.0409784782
-0.0444873615
-0.0441235046
-0.0355315678
-0.0218355114
-0.0095806324
-0.0027584373
-0.0011596621
-0.0018770572
-0.0020207058
-0.0012390555
-0.0015235463
-0.0047927510
-0.0110932090
-0.0185395840
-0.0245084843
-0.0277024660
-0.0294911646
-0.0325537456
-0.0384346382
-0.0463770895
-0.0537579202
-0.0577561805
-0.0573437777
-0.0538388582
-0.0494332896
-0.0456189007
-0.0429424708
-0.0410249512
-0.0387032682
-0.0348349271
-0.0292357643
-0.0230021978
-0.0173872321
-0.0127208374
-0.0087171644
-0.0056228074
-0.0048903145
-0.0078440341
-0.0145129085
-0.0237658969
-0.0335901944
-0.0411994070
-0.0446669961
-0.0448106454
-0.0438053151
-0.0425623952
-0.0410214163
-0.0400408431
-0.0412058140
-0.0447656344
-0.0485516404
-0.0494058359
-0.0463021297
-0.0422247119
-0.0414393358
-0.0450351221
-0.0504918768
-0.0549948750
-0.0572239043
-0.0567173599
-0.0535217668
-0.0488688943
-0.0449607471
-0.0433390902
-0.0436200402
-0.0443160571
-0.0445627177
-0.0440654068
-0.0423541828
-0.0392177790
-0.0354031692
-0.0322666030
-0.0302021982
-0.0281614132
-0.0250217736
-0.0206275438
-0.0156236024
-0.0111060943
-0.0087124795
-0.0095995089
-0.0126343633
-0.0148698580
-0.0148053793
-0.0139690985
-0.0144118010
-0.0160761167
-0.0179722582
-0.0210687972
-0.0268395828
-0.0322275116
-0.0308815025
-0.0226253386
-0.0168971078
-0.0212166961
-0.0299511905
-0.0312720202
-0.0226937031
-0.0129861990
-0.0096212249
-0.0104859730
-0.0092235204
-0.0046694610
-0.0020548367
-0.0052804541
-0.0112837536
-0.0147097756
-0.0150377185
-0.0153693522
-0.0166470489
-0.0171530020
-0.0164040986
-0.0165509318
-0.0195890222
-0.0241196625
-0.0259816445
-0.0226556968
-0.0163988613
-0.0117411673
-0.0102358100
-0.0095812822
-0.0076936010
-0.0051870583
-0.0034173784
-0.0016881415
0.0021789571
0.0087883490
0.0160670456
0.0216081301
0.0250978641
0.0278545755
0.0307219853
0.0332461107
0.0346977953
0.0348786321
0.0337863792
0.0312917869
0.0279776914
0.0246869169
0.0208557503
0.0152124083
0.0086617958
0.0043764788
0.0035281093
0.0030560324
-0.0009190680
-0.0083365365
-0.0152976543
-0.0187959590
-0.0198029658
-0.0211582409
-0.0237402886
-0.0265422060
-0.0286400816
-0.0294348862
-0.0284421228
-0.0262070634
-0.0243477781
-0.0237896922
-0.0235997389
-0.0220264459
-0.0181559995
-0.0124152343
-0.0060966296
-0.0003135788
0.0045414243
0.0081179404
0.0097172055
0.0093756494
0.0080855743
0.0068223940
0.0062290174
0.0068586198
0.0092142674
0.0129148780
0.0161665221
0.0170794391
0.0155146649
0.0127520079
0.0098441876
0.0067364851
0.0031271786
-0.0001169699
-0.0016428674
-0.0018425234
-0.0029648076
-0.0067232424
-0.0122431047
-0.0167621333
-0.0185033842
-0.0181983399
-0.0175010949
-0.0167047178
-0.0146251923
-0.0103487501
-0.0048225744
-0.0005333720
0.0008738146
0.0007454270
0.0022663735
0.0067282393
0.0119280407
0.0146932124
0.0141051582
0.0117144090
0.0099053654
0.0099855106
0.0113990915
0.0126865610
0.0132319759
0.0135544930
0.0141196941
0.0145901751
0.0145582574
0.0139815810
0.0133753652
0.0138153580
0.0162081347
0.0198152078
0.0220523076
0.0210719617
0.0182727929
0.0170364425
0.0185387588
0.0199056067
0.0179563448
0.0132566289
0.0091832789
0.0074078425
0.0063392459
0.0046587986
0.0036571766
0.0044821568
0.0060936426
0.0071571662
0.0083326507
0.0111492339
0.0153163618
0.0190391497
0.0213289280
0.0228905767
0.0246962154
0.0269414765
0.0294045280
0.0318648179
0.0341307618
0.0358793359
0.0370767119
0.0386880501
0.0423127131
0.0484803194
0.0556017016
0.0612241854
0.0639175943
0.0637032478
0.0613533183
0.0580868135
0.0549711121
0.0526774091
0.0514361722
0.0508623940
0.0500952575
0.0482518270
0.0451877515
0.0416985958
0.0388008473
0.0367082220
0.0350296889
0.0338627426
0.0338392852
0.0349352353
0.0360003074
0.0359286875
0.0349361450
0.0338628466
0.0326764196
0.0308366474
0.0285438151
0.0267872162
0.0258757286
0.0247158066
0.0221551045
0.0184053243
0.0145010173
0.0113503897
0.0093791518
0.0086553174
0.0091514521
0.0105374364
0.0118861552
0.0121799126
0.0111286291
0.0093574163
0.0076932436
0.0065197474
0.0059515275
0.0058908799
0.0055743317
0.0033656655
-0.0022011020
-0.0109226194
-0.0206308642
-0.0290161155
-0.0357810615
-0.0423996941
-0.0498980914
-0.0577063935
-0.0647443166
-0.0702533664
-0.0733587816
-0.0728394688
-0.0684442189
-0.0621505337
-0.0566698212
-0.0523351448
-0.0466704896
-0.0373637180
-0.0250829903
-0.0127211948
-0.0028530280
0.0038354266
0.0082867885
0.0120991111
0.0165837137
0.0222999494
0.0290097216
0.0354267826
0.0399424192
0.0425524209
0.0455104571
0.0509907082
0.0582248941
0.0641122391
0.0667064833
0.0665669083
0.0650325573
0.0626353816
0.0595340536
0.0563254776
0.0534434085
0.0501219509
0.0448260454
0.0375892474
0.0308286290
0.0268759646
0.0251030494
0.0226475225
0.0181327565
0.0132487925
0.0098795232
0.0073857041
0.0039376945
-0.0008705312
-0.0058617140
-0.0099972133
-0.0134064057
-0.0170162730
-0.0213926530
-0.0256894011
-0.0280611115
-0.0277340133
-0.0257329306
-0.0237424784
-0.0230533623
-0.0241244060
-0.0263406539
-0.0279964313
-0.0274343428
-0.0243965124
-0.0196825790
-0.0132308582
-0.0042675842
0.0063009200
0.0148769538
0.0174067323
0.0134062822
0.0075644096
0.0058189825
0.0094644628
0.0143468674
0.0157753740
0.0128721282
0.0080649499
0.0038982607
0.0014352501
0.0005957148
0.0006025656
0.0004008079
-0.0007091446
-0.0027542962
-0.0051117053
-0.0067876302
-0.0070753510
-0.0064982328
-0.0063285465
-0.0068726683
-0.0071070023
-0.0058904562
-0.0030824841
0.0003429029
0.0032456004
0.0055207090
0.0077596197
0.0098898744
0.0111931923
0.0121277214
0.0144784955
0.0191870486
0.0257726328
0.0331592466
0.0399599636
0.0446832474
0.0465482120
0.0460553781
0.0444307387
0.0423601933
0.0397634863
0.0365829618
0.0337273977
0.0327818871
0.0339451556
0.0349980571
0.0332001315
0.0282335530
0.0221426870
0.0170879774
0.0141787016
0.0135497820
0.0143210577
0.0148668495
0.0141915479
0.0131472886
0.0133130373
0.0152381335
0.0181974822
0.0209533749
0.0226457030
0.0230698735
0.0230771511
0.0244236021
0.0281208728
0.0328374312
0.0362045822
0.0376792759
0.0389255616
0.0412831911
0.0440849915
0.0461566350
0.0476145641
0.0493267824
0.0514256846
0.0531379678
0.0539304592
0.0537911310
0.0523013817
0.0486127208
0.0422655643
0.0338310328
0.0245765304
0.0158764879
0.0089499780
0.0043538920
0.0018360534
0.0003145973
-0.0012939193
-0.0031300806
-0.0048400733
-0.0064641962
-0.0082295419
-0.0095354785
-0.0092792530
-0.0072722831
-0.0045022113
-0.0017623087
0.0015830392
0.0069241967
0.0144551681
0.0220919123
0.0269666104
0.0281146738
0.0269734917
0.0250656149
0.0225982878
0.0197813083
0.0183361605
0.0202079479
0.0247850548
0.0290179999
0.0306204360
0.0295983281
0.0268767768
0.0231388293
0.0192071011
0.0161482694
0.0141100642
0.0115462496
0.0065381495
-0.0010908870
-0.0093984571
-0.0161439093
-0.0202644992
-0.0216622512
-0.0208070680
-0.0190324699
-0.0181874949
-0.0189959386
-0.0203129021
-0.0205132326
-0.0189878032
-0.0165526667
-0.0147861130
-0.0146061599
-0.0154438897
-0.0160440950
-0.0160782285
-0.0165687361
-0.0187700583
-0.0227156725
-0.0273967394
-0.0320508660
-0.0364742973
-0.0405991303
-0.0446663658
-0.0492723949
-0.0544051509
-0.0589688785
-0.0620982060
-0.0643456634
-0.0667565822
-0.0696732332
-0.0730832053
-0.0771477117
-0.0815920208
-0.0852095362
-0.0866779984
-0.0859166385
-0.0838899410
-0.0811551015
-0.0776389536
-0.0732616379
-0.0684689759
-0.0638291902
-0.0597469965
-0.0567299659
-0.0551165808
-0.0544918849
-0.0539450990
-0.0529000794
-0.0512349905
-0.0486760819
-0.0453335190
-0.0422762728
-0.0404277350
-0.0397485477
-0.0399209891
-0.0409499069
-0.0427843508
-0.0447879092
-0.0459079016
-0.0453097237
-0.0426741202
-0.0386346828
-0.0347691488
-0.0322825034
-0.0303662184
-0.0274979443
-0.0241482013
-0.0218416324
-0.0197654144
-0.0149595357
-0.0068775872
0.0010075429
0.0058225921
0.0089271378
0.0132354198
0.0187910206
0.0230878987
0.0247882582
0.0250575185
0.0256899339
0.0272829026
0.0291380228
0.0302541230
0.0302970351
0.0298707009
0.0297783461
0.0299353941
0.0286547279
0.0232802692
0.0131419344
0.0020423607
-0.0047227269
-0.0061547918
-0.0057648965
-0.0061609037
-0.0066362289
-0.0063659965
-0.0066918900
-0.0092315778
-0.0134145476
-0.0162901448
-0.0139657261
-0.0040451810
0.0114098715
0.0260051280
0.0349026678
0.0393970498
0.0436969819
0.0487316975
0.0521438724
0.0535408706
0.0552227501
0.0575274671
0.0579985199
0.0559458828
0.0543634148
0.0555231159
0.0572696041
0.0559290987
0.0510382209
0.0456127731
0.0424995799
0.0421312395
0.0431874810
0.0440987281
0.0443085455
0.0442890843
0.0447627688
0.0458484912
0.0470700135
0.0482031381
0.0501734728
0.0545437447
0.0615822656
0.0696170263
0.0765200788
0.0810616616
0.0836564712
0.0864256846
0.0912831307
0.0976973456
0.1036174596
0.1088419075
0.1156409285
0.1247621719
0.1334385035
0.1384374090
0.1395135926
0.1387943391
0.1374110645
0.1346167041
0.1297424285
0.1231941617
0.1159228728
0.1089083811
0.1027688328
0.0970590561
0.0905285936
0.0825981569
0.0735390985
0.0633138216
0.0518039733
0.0397720831
0.0285754079
0.0190235742
0.0111285641
0.0048627497
0.0004300585
-0.0027070817
-0.0063785531
-0.0123266159
-0.0205938781
-0.0296469714
-0.0374368909
-0.0423541568
-0.0444796874
-0.0460403680
-0.0495223304
-0.0549049504
-0.0595869985
-0.0614935432
-0.0609742174
-0.0590539751
-0.0557854949
-0.0516145463
-0.0486301222
-0.0485052909
-0.0500717805
-0.0510458689
-0.0511965749
-0.0519151590
-0.0536644413
-0.0554237629
-0.0556238465
-0.0522914984
-0.0441960797
-0.0330376968
-0.0232480786
-0.0177416020
-0.0152103289
-0.0125138011
-0.0081412484
-0.0022709519
0.0046205974
0.0117457874
0.0181507492
0.0236092323
0.0288440120
0.0343147371
0.0398521763
0.0452111699
0.0499906801
0.0530355218
0.0527292234
0.0484212469
0.0416433896
0.0342385816
0.0259521310
0.0163638440
0.0085469452
0.0057658439
0.0045155080
-0.0023148479
-0.0145895643
-0.0240337407
-0.0257532301
-0.0243744390
-0.0263699465
-0.0308805603
-0.0322230411
-0.0291700770
-0.0268617796
-0.0291981674
-0.0328764837
-0.0315680649
-0.0237471764
-0.0135933310
-0.0055697097
-0.0003752389
0.0041262879
0.0091696398
0.0137071354
0.0170211334
0.0207826554
0.0264991899
0.0316882437
0.0312067423
0.0233094773
0.0120938088
0.0028047485
-0.0029893483
-0.0062229984
-0.0070493984
-0.0059185376
-0.0055807594
-0.0080889272
-0.0115584787
-0.0134278293
-0.0151014240
-0.0192798712
-0.0247380814
-0.0278826140
-0.0283253749
-0.0295911804
-0.0343911265
-0.0413989383
-0.0468709825
-0.0475395848
-0.0421574131
-0.0322410662
-0.0217013296
-0.0139625487
-0.0089459558
-0.0036114469
0.0038866665
0.0110738192
0.0133302047
0.0096375606
0.0047153486
0.0035463067
0.0051751828
0.0048089860
0.0011424128
-0.0023622306
-0.0033479139
-0.0039343364
-0.0074113449
-0.0140956583
-0.0212439873
-0.0260999454
-0.0287278424
-0.0315392207
-0.0362978076
-0.0422029439
-0.0469246747
-0.0488673868
-0.0483484509
-0.0470674793
-0.0467457938
-0.0473050818
-0.0460238698
-0.0398741392
-0.0290026064
-0.0170436552
-0.0075081767
-0.0006552848
0.0054036505
0.0119328296
0.0189630787
0.0260688724
0.0323197949
0.0364812566
0.0383770732
0.0391033769
0.0388980235
0.0360671514
0.0291421620
0.0191143695
0.0087025961
0.0002130112
-0.0056578825
-0.0100762084
-0.0153197927
-0.0225857339
-0.0311535114
-0.0403395064
-0.0508605356
-0.0626246210
-0.0726948254
-0.0776234885
-0.0766579644
-0.0714378051
-0.0649458882
-0.0613816427
-0.0632681024
-0.0676519939
-0.0689842600
-0.0658084075
-0.0610997895
-0.0570124624
-0.0529434465
-0.0479615199
-0.0425052786
-0.0383721218
-0.0374803099
-0.0395906940
-0.0417475706
-0.0411538307
-0.0376444536
-0.0320009101
-0.0240509406
-0.0142256100
-0.0050133153
0.0009539442
0.0027022739
0.0008008892
-0.0029765760
-0.0056414181
-0.0046170151
-0.0001512908
0.0047997024
0.0073995577
0.0069582327
0.0044094686
0.0011333443
-0.0011036807
-0.0007848251
0.0014942550
0.0034252754
0.0046945884
0.0083397984
0.0168637086
0.0284936058
0.0382573233
0.0423025049
0.0408772668
0.0375880323
0.0355150112
0.0338368290
0.0292905547
0.0210451384
0.0122985774
0.0070456166
0.0063651505
0.0079230941
0.0087989536
0.0086215737
0.0097950894
0.0146386235
0.0224899872
0.0298451316
0.0336858501
0.0345194472
0.0347320588
0.0351836699
0.0354833859
0.0365330839
0.0400824686
0.0454842705
0.0493997279
0.0497201592
0.0478055571
0.0456987664
0.0432293925
0.0394917373
0.0353595422
0.0326476793
0.0319494141
0.0323779902
0.0326358856
0.0317079844
0.0291402061
0.0249501016
0.0195788010
0.0140358645
0.0095546213
0.0063440141
0.0032443476
-0.0008185278
-0.0055288256
-0.0100092474
-0.0142559942
-0.0184152206
-0.0216203917
-0.0232134643
-0.0242299515
-0.0258270138
-0.0269206637
-0.0255088957
-0.0216968265
-0.0171135986
-0.0117684001
-0.0042042498
0.0049056690
0.0120743866
0.0150557762
0.0157674466
0.0179055767
0.0226688226
0.0284814092
0.0338138134
0.0386393223
0.0429982034
0.0462052069
0.0481095033
0.0497113156
0.0514940816
0.0520631034
0.0495379449
0.0439495101
0.0374710114
0.0324331119
0.0292615285
0.0265561895
0.0225321651
0.0165127696
0.0094572762
0.0027418826
-0.0034563250
-0.0101990253
-0.0184741631
-0.0275756658
-0.0349471135
-0.0380431717
-0.0362782684
-0.0310134360
-0.0244783145
-0.0189681471
-0.0163624925
-0.0178001221
-0.0225541605
-0.0274706596
-0.0290323018
-0.0263028296
-0.0215734768
-0.0176449326
-0.0153189934
-0.0137837132
-0.0121377412
-0.0103301726
-0.0089576975
-0.0082312574
-0.0075022376
-0.0062816881
-0.0046689379
-0.0027176759
-0.0002635897
0.0027562735
0.0063299819
0.0102475387
0.0137804253
0.0158393394
0.0155589807
0.0127497271
0.0082465080
0.0038482320
0.0011098472
0.0002995900
0.0004449552
-0.0000067489
-0.0023796301
-0.0067769931
-0.0118801706
-0.0167165505
-0.0218993988
-0.0274840258
-0.0311539273
-0.0312277305
-0.0293624475
-0.0281722127
-0.0282531637
-0.0289729694
-0.0303760497
-0.0326112131
-0.0348466689
-0.0362177664
-0.0370756202
-0.0382773433
-0.0399431535
-0.0416970623
-0.0434824080
-0.0454815934
-0.0477236575
-0.0496783452
-0.0503959157
-0.0494392547
-0.0475880137
-0.0459970334
-0.0447902614
-0.0434064670
-0.0417007661
-0.0395489904
-0.0365764314
-0.0329624900
-0.0291757302
-0.0251614981
-0.0209994516
-0.0176745890
-0.0161967178
-0.0163721159
-0.0170083455
-0.0170395680
-0.0162922306
-0.0157692660
-0.0166751458
-0.0188772608
-0.0210172883
-0.0220619505
-0.0223530893
-0.0229079651
-0.0241130476
-0.0252543727
-0.0251600100
-0.0232973198
-0.0199796179
-0.0163478917
-0.0139119624
-0.0131924946
-0.0133675742
-0.0136086596
-0.0139168684
-0.0145087758
-0.0155451141
-0.0177069876
-0.0211752070
-0.0245579074
-0.0261898180
-0.0257501111
-0.0236870578
-0.0204147698
-0.0171433266
-0.0155383173
-0.0153297020
-0.0140597184
-0.0104740038
-0.0061763219
-0.0030383353
-0.0011666942
0.0003968102
0.0027120773
0.0063926568
0.0104886046
0.0127396814
0.0123441082
0.0110186065
0.0101064886
0.0084017625
0.0044151095
-0.0009516907
-0.0056236905
-0.0091481122
-0.0125831922
-0.0167082137
-0.0218394686
-0.0280505524
-0.0347871740
-0.0409256957
-0.0459041588
-0.0502716237
-0.0547542445
-0.0593621774
-0.0635132359
-0.0667471603
-0.0685952303
-0.0681617548
-0.0646058137
-0.0581406422
-0.0498761935
-0.0410027803
-0.0325807509
-0.0253827648
-0.0194787592
-0.0141714434
-0.0088930628
-0.0036347738
0.0015894461
0.0071229742
0.0131864385
0.0192814372
0.0244468906
0.0281285728
0.0305078663
0.0317550032
0.0313844275
0.0288539538
0.0245933665
0.0198989789
0.0159431955
0.0128329198
0.0095030604
0.0052701659
0.0009213052
-0.0021909951
-0.0041837307
-0.0063562386
-0.0092978955
-0.0129337739
-0.0172637913
-0.0216214118
-0.0240872314
-0.0237713096
-0.0225699049
-0.0232934860
-0.0259140663
-0.0275658085
-0.0269408592
-0.0262147895
-0.0274474946
-0.0291398877
-0.0283904320
-0.0252929377
-0.0225991130
-0.0216045498
-0.0207249085
-0.0183513396
-0.0150073148
-0.0118899954
-0.0094960427
-0.0080295233
-0.0077861442
-0.0085840743
-0.0095458102
-0.0099348334
-0.0101674715
-0.0116418988
-0.0146722177
-0.0172749092
-0.0172437647
-0.0150829699
-0.0134974999
-0.0138351572
-0.0144465453
-0.0137078177
-0.0124017512
-0.0114673780
-0.0096947487
-0.0053690465
0.0009992736
0.0072433804
0.0118985142
0.0148211302
0.0160109167
0.0155970779
0.0144481438
0.0137729527
0.0139137104
0.0136359248
0.0117590951
0.0090946149
0.0074678962
0.0071768938
0.0067824838
0.0052177804
0.0028518285
0.0003190368
-0.0023932250
-0.0053746250
-0.0079989182
-0.0094033045
-0.0099200117
-0.0113856733
-0.0153032490
-0.0206051065
-0.0245934055
-0.0262916922
-0.0267187932
-0.0269552001
-0.0275854582
-0.0289031754
-0.0304014240
-0.0305520780
-0.0281252329
-0.0238096018
-0.0196886871
-0.0169108509
-0.0147406926
-0.0121399050
-0.0092829438
-0.0071783039
-0.0062241277
-0.0057092666
-0.0047992482
-0.0036040932
-0.0031412239
-0.0043425668
-0.0072358039
-0.0107826479
-0.0134591297
-0.0145076127
-0.0144720886
-0.0143429362
-0.0145919880
-0.0154045579
-0.0170343372
-0.0193802119
-0.0217627933
-0.0234537634
-0.0239560387
-0.0231735346
-0.0218904577
-0.0214835262
-0.0224082760
-0.0235826039
-0.0238885709
-0.0233244680
-0.0227650696
-0.0230353176
-0.0241416514
-0.0252434432
-0.0257913403
-0.0263922993
-0.0277889661
-0.0296615073
-0.0309904139
-0.0313722180
-0.0312347352
-0.0306372396
-0.0289526310
-0.0261933788
-0.0232309696
-0.0204764350
-0.0171459517
-0.0125053733
-0.0071244362
-0.0021522319
0.0022411122
0.0065308978
0.0104846864
0.0137542517
0.0167202153
0.0200507375
0.0242711482
0.0298170932
0.0365751838
0.0429742391
0.0470615012
0.0488104066
0.0502085940
0.0526900995
0.0555643321
0.0574757438
0.0584264462
0.0596177986
0.0620313620
0.0659583142
0.0705678651
0.0738168191
0.0744324959
0.0739313123
0.0748669460
0.0776053594
0.0804366278
0.0822483095
0.0835191054
0.0854305950
0.0887158073
0.0927376874
0.0956839688
0.0955813019
0.0915859332
0.0852970630
0.0802862013
0.0788680328
0.0793604443
0.0781742512
0.0746965059
0.0714177265
0.0694632208
0.0672661482
0.0635650243
0.0585545784
0.0524338610
0.0453017768
0.0381233169
0.0319063525
0.0267146085
0.0222169581
0.0189688878
0.0179586451
0.0185137744
0.0184595038
0.0163990627
0.0126507835
0.0080499463
0.0032358412
-0.0006711650
-0.0026643716
-0.0038422221
-0.0070639407
-0.0136838859
-0.0217398752
-0.0283568248
-0.0326965696
-0.0356667048
-0.0377807797
-0.0387085120
-0.0385798469
-0.0381795693
-0.0382548866
-0.0390333099
-0.0399623808
-0.0400146890
-0.0384761273
