0.0034608833
0.0050039642
0.0043479394
0.0018105553
-0.0007497984
-0.0023773500
-0.0031355762
-0.0032216578
-0.0025650146
-0.0018427754
-0.0016885669
-0.0016643121
-0.0014287978
-0.0011023404
-0.0009273121
-0.0010740784
-0.0015260001
-0.0018068244
-0.0013891425
-0.0009395256
-0.0005437239
-0.0002075638
-0.0000573547
-0.0002016267
-0.0007211937
-0.0012995597
-0.0020010914
-0.0029565558
-0.0034044993
-0.0034877283
-0.0033234143
-0.0034490408
-0.0034295485
-0.0019162106
0.0009806675
0.0044473242
0.0072541930
0.0080230585
0.0063873138
0.0030604570
0.0002927868
-0.0007188257
0.0004545352
0.0026734045
0.0044334708
0.0050420800
0.0041875608
0.0014544748
-0.0034992925
-0.0094445030
-0.0136190698
-0.0133504565
-0.0092415792
-0.0044847775
-0.0006306146
0.0020991253
0.0037653454
0.0033948020
0.0005852415
-0.0038630890
-0.0079289063
-0.0094569709
-0.0079133783
-0.0045561198
-0.0001975148
0.0054172345
0.0104766123
0.0129521300
0.0116841039
0.0063791618
-0.0007302960
-0.0067173071
-0.0094781586
-0.0075025271
-0.0006259866
0.0077543127
0.0130651606
0.0130690725
0.0084659246
0.0002091505
-0.0064755665
-0.0073876731
-0.0039417498
-0.0005536166
0.0002129299
-0.0010648133
-0.0026407213
-0.0029775245
-0.0033639675
-0.0042146543
-0.0044131071
-0.0023373918
0.0020176769
0.0063636275
0.0072994961
0.0052149763
0.0013408177
-0.0027906240
-0.0053175229
-0.0060694003
-0.0062863113
-0.0067828326
-0.0071863267
-0.0074398537
-0.0071738526
-0.0064846524
-0.0057497459
-0.0049926757
-0.0043760482
-0.0039846534
-0.0023117034
0.0007948113
0.0035455370
0.0045097226
0.0048706974
0.0062239154
0.0084926648
0.0098832553
0.0090359928
0.0039097998
-0.0021534354
-0.0062436816
-0.0082302034
-0.0086508912
-0.0098734186
-0.0117816822
-0.0127734730
-0.0105606250
-0.0053837726
-0.0000011021
0.0029031038
0.0023093291
0.0008891679
0.0018042709
0.0071550814
0.0135270629
0.0168181183
0.0156555575
0.0105626251
0.0047497640
0.0010602212
0.0013963821
0.0038960436
0.0017887700
-0.0065095249
-0.0166509511
-0.0246097839
-0.0260347871
-0.0205076580
-0.0125802092
-0.0048689989
0.0011517814
0.0068964058
0.0121641842
0.0167633066
0.0183794220
0.0157015484
0.0066700733
-0.0073900960
-0.0204632950
-0.0215377608
-0.0085614271
0.0122015056
0.0285300034
0.0342427870
0.0259467300
0.0042595877
-0.0203256190
-0.0308174943
-0.0306885130
-0.0224204960
-0.0095697743
0.0002984087
0.0062612860
0.0102729503
0.0130836162
0.0142664876
0.0110189623
0.0016868034
-0.0105826708
-0.0161355180
-0.0130747891
-0.0036882008
0.0038167783
0.0068722084
0.0044508096
-0.0027313906
-0.0141114034
-0.0279148846
-0.0351867571
-0.0317236130
-0.0193010056
-0.0062811424
0.0064827469
0.0168806340
0.0248062719
0.0310971684
0.0304158552
0.0219093282
0.0102111412
0.0012516488
-0.0060383210
-0.0068830736
-0.0047628609
0.0006444479
0.0054262225
0.0036422181
-0.0079915356
-0.0252701870
-0.0399193091
-0.0443328213
-0.0363158642
-0.0143070648
0.0104420671
0.0238299334
0.0231901754
0.0159095073
0.0042954560
-0.0084871754
-0.0161736660
-0.0176275231
-0.0147934989
-0.0088196169
-0.0046516008
0.0000474121
0.0059507832
0.0113791345
0.0149120000
0.0163309901
0.0152915301
0.0115217573
0.0073190622
0.0032570598
0.0029077471
0.0006458341
-0.0065646142
-0.0148295269
-0.0199494582
-0.0179289149
-0.0085764251
0.0008533728
0.0039206076
0.0021608555
-0.0013906732
-0.0033656200
-0.0047173206
-0.0025494248
0.0049417501
0.0124894895
0.0186102659
0.0216749257
0.0204262891
0.0175881069
0.0154686286
0.0083877547
-0.0039357052
-0.0128358436
-0.0169115007
-0.0122218983
-0.0005116209
0.0103693676
0.0111019023
0.0020863691
-0.0142803688
-0.0279303179
-0.0383923550
-0.0444312451
-0.0472244397
-0.0438997413
-0.0328518242
-0.0184616932
-0.0051850580
0.0096371548
0.0168648852
0.0144391883
0.0048360399
-0.0038033495
-0.0065753785
0.0002601180
0.0146181987
0.0289354409
0.0390780975
0.0449739863
0.0412035762
0.0267093300
0.0075198534
-0.0078493230
-0.0204838644
-0.0274378707
-0.0277855373
-0.0188898768
-0.0064952399
0.0042161774
0.0105176943
0.0113501040
0.0046271945
-0.0084565990
-0.0222535245
-0.0310593548
-0.0339480708
-0.0298612961
-0.0172743671
0.0006151530
0.0145179577
0.0220549038
0.0214447822
0.0150287911
0.0080048994
0.0033924839
0.0071209022
0.0210421462
0.0381675494
0.0495079113
0.0495403491
0.0414059384
0.0292514079
0.0182615834
0.0157802799
0.0214223451
0.0287129068
0.0328549222
0.0349642419
0.0337131193
0.0293846482
0.0240575341
0.0188906845
0.0132172919
0.0085941109
0.0051819025
0.0069955110
0.0167967791
0.0346674877
0.0550382458
0.0720393684
0.0809633212
0.0819602417
0.0815076524
0.0830083963
0.0863584278
0.0892015441
0.0900923367
0.0889734512
0.0846841692
0.0795322355
0.0757990837
0.0745440365
0.0751533568
0.0740590788
0.0697186258
0.0592565067
0.0445235927
0.0333826591
0.0292999920
0.0290653939
0.0291110819
0.0280903489
0.0270064944
0.0265693132
0.0267086360
0.0303692902
0.0364029749
0.0430129553
0.0450031998
0.0407857655
0.0288042638
0.0084657290
-0.0149761815
-0.0344262393
-0.0486450955
-0.0572823895
-0.0646161595
-0.0722685339
-0.0808039401
-0.0870866214
-0.0916416648
-0.0941237444
-0.0937051009
-0.0898386899
-0.0881607717
-0.0892465317
-0.0894506480
-0.0858140335
-0.0769415672
-0.0610367543
-0.0396980243
-0.0164776321
0.0037556633
0.0209318350
0.0313375776
0.0370559578
0.0431242886
0.0482812637
0.0514792711
0.0501881013
0.0424040136
0.0305293717
0.0159719221
-0.0026011208
-0.0188659066
-0.0307387502
-0.0404017303
-0.0484195581
-0.0563984365
-0.0600778556
-0.0583810590
-0.0564270948
-0.0576517486
-0.0626798938
-0.0704990631
-0.0802256631
-0.0892351113
-0.0954454844
-0.0986432646
-0.0994451546
-0.0996641617
-0.1020313431
-0.1054892060
-0.1042284802
-0.0955934450
-0.0798253175
-0.0592830765
-0.0338423656
-0.0115417651
0.0007638197
0.0069652879
0.0103122782
0.0078422310
-0.0026036118
-0.0185442167
-0.0362672296
-0.0443329790
-0.0405506942
-0.0302112783
-0.0187308491
-0.0091169389
-0.0014722964
0.0030722692
0.0040389647
0.0066473776
0.0140850292
0.0231345624
0.0340731401
0.0484149773
0.0686034629
0.0928437111
0.1096415061
0.1123620895
0.1025061423
0.0868798551
0.0733090539
0.0649005342
0.0594684091
0.0563090166
0.0503013275
0.0385056821
0.0241986930
0.0088019625
-0.0040596540
-0.0129823909
-0.0185714806
-0.0221014878
-0.0262189083
-0.0329514657
-0.0434603581
-0.0564655141
-0.0691318939
-0.0764275222
-0.0756870879
-0.0651252830
-0.0434771165
-0.0116344030
0.0193313422
0.0433335473
0.0658047664
0.0863112949
0.1021072479
0.1056939533
0.0844446559
0.0389045008
-0.0143077967
-0.0609259825
-0.0926886206
-0.0996890216
-0.0973006398
-0.0801009218
-0.0471357074
-0.0079195554
0.0303235833
0.0642569526
0.0937251024
0.1191456919
0.1380871814
0.1512371938
0.1547759461
0.1413315898
0.1098771705
0.0699904444
0.0322677802
0.0030531889
-0.0093544016
-0.0139899936
-0.0021953792
0.0267408718
0.0593950660
0.0771603218
0.0873644972
0.0883828074
0.0799337799
0.0641643905
0.0429740691
0.0219328442
0.0026746286
-0.0163719333
-0.0311250064
-0.0440342814
-0.0528658992
-0.0583837974
-0.0629308528
-0.0665744773
-0.0689671496
-0.0724185136
-0.0839830438
-0.1024559808
-0.1240073829
-0.1395455247
-0.1512371938
-0.1633710413
-0.1710795083
-0.1723220624
-0.1608182308
-0.1357831593
-0.1020781605
-0.0696717453
-0.0376580599
-0.0002336021
0.0341802965
0.0686053558
0.0971900321
0.1172312890
0.1273563418
0.1249470121
0.1083157911
0.0786897115
0.0375291543
-0.0105823364
-0.0529576411
-0.0775805428
-0.1024677167
-0.1240271321
-0.1362992865
-0.1450119931
-0.1509160971
-0.1542093419
-0.1559548362
-0.1581093833
-0.1594397674
-0.1571530336
-0.1504416134
-0.1392703620
-0.1229640236
-0.1038073759
-0.0817726566
-0.0562581357
-0.0287646709
-0.0009909251
0.0213795659
0.0321136929
0.0393014518
0.0484060933
0.0572572835
0.0625615379
0.0536958671
0.0302277654
-0.0004710099
-0.0288637447
-0.0458867743
-0.0462704435
-0.0377227020
-0.0263807943
-0.0141627511
-0.0043999579
0.0089206466
0.0232817407
0.0320344503
0.0358321811
0.0382921077
0.0403604275
0.0383989864
0.0288663947
0.0095760271
-0.0185970535
-0.0509123452
-0.0797480246
-0.1017333396
-0.1187568298
-0.1268711948
-0.1183094144
-0.0864772380
-0.0324476865
0.0250068548
0.0677095155
0.1053798603
0.1451224746
0.1733890197
0.1849795456
0.1990165018
0.2131713848
0.2240994633
0.2228418291
0.2044422100
0.1712336524
0.1362962579
0.1137020012
0.0977039510
0.0850772587
0.0781035474
0.0740176877
0.0700904519
0.0663532619
0.0626763352
0.0596676291
0.0569307668
0.0525600528
0.0444568432
0.0341935404
0.0253807316
0.0230688414
0.0301480433
0.0394396578
0.0454655249
0.0457760530
0.0401793918
0.0343649602
0.0302069121
0.0282540457
0.0283615933
0.0288406262
0.0272344295
0.0228467552
0.0157928360
0.0048074321
-0.0076084468
-0.0198256508
-0.0291555143
-0.0321477775
-0.0286031383
-0.0197336880
-0.0047531333
0.0132726273
0.0287351861
0.0419688451
0.0515552516
0.0569631541
0.0583225183
0.0556405309
0.0506784853
0.0455382622
0.0388652234
0.0292702926
0.0177394369
0.0038868258
-0.0106671062
-0.0246460579
-0.0368423013
-0.0475577140
-0.0596669287
-0.0720230264
-0.0847777409
-0.0977460362
-0.1068033113
-0.1064008835
-0.0901548651
-0.0565070756
-0.0179545446
0.0119506287
0.0341063287
0.0468456162
0.0480415044
0.0404852318
0.0208846958
-0.0082265943
-0.0329190848
-0.0480061831
-0.0589433033
-0.0682110044
-0.0763608926
-0.0834099408
-0.0902026290
-0.0965230418
-0.1015933921
-0.1037360141
-0.1007711851
-0.0915366726
-0.0760450328
-0.0574408557
-0.0410299858
-0.0282642169
-0.0148110838
0.0013973772
0.0192532922
0.0349838522
0.0435527121
0.0460559416
0.0462360498
0.0446794404
0.0425483020
0.0397765665
0.0354855115
0.0282563424
0.0158406377
-0.0001533471
-0.0179315965
-0.0393773882
-0.0612836940
-0.0776392854
-0.0882063272
-0.0942664050
-0.0971583578
-0.0968252097
-0.0902512131
-0.0761013146
-0.0538218135
-0.0265960344
-0.0002500023
0.0203705877
0.0337971698
0.0372564966
0.0267810263
0.0009973325
-0.0293109897
-0.0493228564
-0.0554564665
-0.0544204011
-0.0471636023
-0.0317813145
-0.0097880053
0.0136457532
0.0326953897
0.0462431860
0.0578201020
0.0683546745
0.0798216579
0.0955442931
0.1140519329
0.1323887712
0.1479849615
0.1607767135
0.1695672177
0.1682907809
0.1575849274
0.1387900735
0.1128580259
0.0870129250
0.0644210028
0.0439845364
0.0241816760
0.0065542602
-0.0049076428
-0.0070903762
-0.0008126006
0.0126953598
0.0288158231
0.0408510701
0.0469974699
0.0490638589
0.0475713049
0.0458244541
0.0471626748
0.0504458179
0.0521389359
0.0492756036
0.0396662301
0.0229129369
0.0016192727
-0.0195702183
-0.0389364149
-0.0601798885
-0.0831988838
-0.1079793620
-0.1327099941
-0.1527822944
-0.1684563454
-0.1790302017
-0.1828047446
-0.1745426713
-0.1453454567
-0.0956115536
-0.0400457224
0.0033542305
0.0359608406
0.0693465473
0.0958164271
0.1155888941
0.1255618218
0.1200458859
0.0956795714
0.0597496227
0.0276931581
0.0042404108
-0.0158341893
-0.0333089879
-0.0488238219
-0.0588033053
-0.0652572172
-0.0715697431
-0.0755254984
-0.0745067466
-0.0672243685
-0.0553445086
-0.0419559987
-0.0310561558
-0.0240828988
-0.0215713217
-0.0195373578
-0.0173663993
-0.0154354653
-0.0146999777
-0.0169565262
-0.0230256394
-0.0326141280
-0.0454015327
-0.0573143478
-0.0668731749
-0.0734221223
-0.0753880748
-0.0724879826
-0.0609609063
-0.0377569254
-0.0080719454
0.0189940235
0.0441201870
0.0648198972
0.0821200644
0.0993596592
0.1132979960
0.1234457633
0.1289037138
0.1294207244
0.1224615883
0.1084579469
0.0895639058
0.0786122293
0.0724782658
0.0730406425
0.0815340266
0.0861662997
0.0749166828
0.0481390511
0.0153820922
-0.0152004318
-0.0448373388
-0.0773916957
-0.1104664263
-0.1363992310
-0.1566454244
-0.1675767208
-0.1699619478
-0.1692635987
-0.1631698905
-0.1503171245
-0.1275532651
-0.0959059607
-0.0673874092
-0.0423610261
-0.0155918240
0.0092475418
0.0313783441
0.0468317413
0.0519576794
0.0504145348
0.0358942173
0.0074721526
-0.0250713707
-0.0495859487
-0.0670610124
-0.0821412648
-0.0993151133
-0.1138476904
-0.1228791592
-0.1281871930
-0.1206163389
-0.0967873520
-0.0624813994
-0.0264506733
0.0038089992
0.0275897623
0.0472391663
0.0586207048
0.0651057863
0.0693637095
0.0695736306
0.0645243545
0.0600070111
0.0581077514
0.0604537262
0.0669791766
0.0738865737
0.0798489786
0.0861237098
0.0929249791
0.0982742778
0.1036637058
0.1099684708
0.1159899337
0.1203432584
0.1233549048
0.1258561657
0.1267711873
0.1266747131
0.1224883411
0.1137744356
0.1003497654
0.0871887111
0.0721270090
0.0569274795
0.0413416749
0.0284911425
0.0201498960
0.0144743203
0.0144618967
0.0202240278
0.0298417426
0.0418096407
0.0529953538
0.0610714951
0.0700291223
0.0784577697
0.0849144705
0.0896200614
0.0891976321
0.0836590447
0.0716158664
0.0521669885
0.0305786561
0.0087988077
-0.0129363054
-0.0300949919
-0.0477354939
-0.0681837468
-0.0931702341
-0.1184606561
-0.1358145813
-0.1484885326
-0.1543472072
-0.1513514611
-0.1375117438
-0.1176334644
-0.0947010119
-0.0787446052
-0.0688664480
-0.0624452831
-0.0580626376
-0.0527555250
-0.0459398761
-0.0390121682
-0.0333447761
-0.0303731075
-0.0317078516
-0.0388446414
-0.0493348005
-0.0619926118
-0.0768781555
-0.0934094951
-0.1074284688
-0.1187281210
-0.1280962713
-0.1353020505
-0.1424423359
-0.1430516562
-0.1372793603
-0.1274051782
-0.1143603473
-0.0991720741
-0.0827778427
-0.0629752914
-0.0452919345
-0.0290982292
-0.0116996697
0.0041595940
0.0212577081
0.0360078789
0.0453710446
0.0546374522
0.0620806373
0.0704153975
0.0769159501
0.0766318909
0.0708624974
0.0632087349
0.0544771120
0.0482777934
0.0492761652
0.0555188056
0.0641174469
0.0674377600
0.0602510863
0.0463304922
0.0334330162
0.0271262006
0.0243235731
0.0233888465
0.0257984854
0.0314244548
0.0381201010
0.0471643279
0.0540393756
0.0554231076
0.0489098789
0.0314334650
0.0070740406
-0.0129419652
-0.0239805315
-0.0330283990
-0.0369183008
-0.0396493582
-0.0398371136
-0.0364780909
-0.0319127377
-0.0252199750
-0.0143803385
-0.0006576893
0.0170231306
0.0318630620
0.0459237360
0.0615027200
0.0742667285
0.0868151814
0.0953697689
0.1007041769
0.0991110601
0.0844035172
0.0556505064
0.0207407481
-0.0096089571
-0.0365651637
-0.0561212989
-0.0764648121
-0.0926922171
-0.1042793357
-0.1096635267
-0.1066937762
-0.0950900633
-0.0762028365
-0.0521946815
-0.0322758060
-0.0139665786
0.0059645066
0.0277618636
0.0506272385
0.0662485222
0.0742030644
0.0784099428
0.0742881182
0.0597022879
0.0391149520
0.0195067498
0.0006763538
-0.0109734952
-0.0181291445
-0.0218729469
-0.0219931957
-0.0211886809
-0.0212261789
-0.0225620966
-0.0257638204
-0.0296409767
-0.0345645714
-0.0395962059
-0.0439556698
-0.0458247191
-0.0451306542
-0.0446628587
-0.0432514528
-0.0398425714
-0.0321668388
-0.0176066698
0.0012433510
0.0176177999
0.0305741321
0.0382488741
0.0461713067
0.0555190391
0.0642205461
0.0727692656
0.0807021028
0.0853737479
0.0853928030
0.0814027864
0.0760546865
0.0721986864
0.0701362597
0.0668969622
0.0592642675
0.0466351335
0.0327206660
0.0186624401
0.0080163955
0.0022700864
-0.0023212423
-0.0050548829
-0.0052747890
-0.0062501962
-0.0102246186
-0.0165331568
-0.0236167249
-0.0309809388
-0.0372052309
-0.0406296339
-0.0392620609
-0.0333574522
-0.0233681384
-0.0116674212
-0.0010521922
0.0073421113
0.0130623402
0.0181145251
0.0230363153
0.0259631981
0.0259649207
0.0234213979
0.0204160044
0.0184310473
0.0174166050
0.0173554900
0.0193953471
0.0220260941
0.0233902094
0.0248598911
0.0261724884
0.0250732321
0.0215611505
0.0156781334
0.0071630252
-0.0034176366
-0.0144033118
-0.0251823633
-0.0346483443
-0.0415054727
-0.0469737962
-0.0524358100
-0.0572387206
-0.0603290417
-0.0620076665
-0.0610194912
-0.0554828282
-0.0465334665
-0.0345530942
-0.0212223111
-0.0090535588
0.0029444489
0.0151849227
0.0250635405
0.0326612041
0.0376405003
0.0373048157
0.0310884800
0.0212799874
0.0114572161
0.0045291405
0.0010012161
-0.0010484689
-0.0016321330
-0.0004695159
0.0021652552
0.0053983371
0.0084487246
0.0097775439
0.0098672352
0.0091324480
0.0087805351
0.0103633041
0.0116019210
0.0127680152
0.0129864985
0.0131859646
0.0128479329
0.0096084712
0.0038477699
-0.0036250484
-0.0089598672
-0.0104754955
-0.0091325931
-0.0058718378
-0.0039603948
-0.0038534435
-0.0042989086
-0.0027666923
0.0010500860
0.0040803641
0.0047506991
0.0046752076
0.0032160517
-0.0003163197
-0.0038403845
-0.0085210581
-0.0155143166
-0.0222193326
-0.0260023998
-0.0274273841
-0.0281165906
-0.0274988406
-0.0237488926
-0.0157167672
-0.0060323603
0.0038245909
0.0129219006
0.0199109127
0.0229760584
0.0226003014
0.0188202691
0.0116523980
0.0029184652
-0.0047777169
-0.0105254299
-0.0148415025
-0.0186317375
-0.0224591740
-0.0257806481
-0.0281087540
-0.0299763521
-0.0307306676
-0.0280208610
-0.0215080172
-0.0125775970
-0.0028708029
0.0049120620
0.0101781293
0.0160519596
0.0211963029
0.0230093227
0.0239133908
0.0233554939
0.0207929287
0.0163652135
0.0109062914
0.0085477541
0.0088190995
0.0080651247
0.0045555696
-0.0017531667
-0.0104174659
-0.0196050537
-0.0297204843
-0.0391227317
-0.0481525537
-0.0526170350
-0.0534020153
-0.0497587062
-0.0440666183
-0.0358183756
-0.0269651600
-0.0175184928
-0.0101030889
-0.0037428598
0.0001919620
0.0018674813
0.0021836622
0.0002326209
-0.0008771998
-0.0019663109
-0.0005208743
0.0037944094
0.0078432468
0.0114888526
0.0151024496
0.0192374424
0.0218474055
0.0225573328
0.0229702977
0.0232295916
0.0232422614
0.0216859928
0.0188239286
0.0156061406
0.0132217149
0.0095701971
0.0068925001
0.0024714681
-0.0034258025
-0.0079589085
-0.0082170100
-0.0048932398
0.0001763206
0.0038855462
0.0079645998
0.0104349436
0.0117121943
0.0120347297
0.0122374515
0.0124388169
0.0116179538
0.0104949733
0.0115131383
0.0123617827
0.0116049181
0.0108383052
0.0102480525
0.0076762816
0.0041804612
0.0004630850
-0.0030199921
-0.0059052617
-0.0076581414
-0.0087831472
-0.0105523404
-0.0134451198
-0.0157598304
-0.0189242516
-0.0221757457
-0.0244087782
-0.0275595581
-0.0316883864
-0.0352418654
-0.0378164756
-0.0396966866
-0.0422038155
-0.0432869318
-0.0429386784
-0.0420747395
-0.0392331060
-0.0354940610
-0.0318296084
-0.0263450818
-0.0185363675
-0.0098268410
0.0008251934
0.0105598867
0.0183193544
0.0261321699
0.0313113107
0.0369657491
0.0402118485
0.0395674719
0.0331365018
0.0217034767
0.0076726788
0.0005604718
0.0008061882
0.0028480574
0.0054111198
0.0077127512
0.0076779031
0.0050895681
0.0027204774
0.0022395194
0.0013522053
0.0019114178
0.0043285222
0.0064964829
0.0098104864
0.0136945455
0.0168068871
0.0208837052
0.0237929779
0.0262205992
0.0295525158
0.0303076263
0.0324823831
0.0343489779
0.0336783344
0.0305854516
0.0272350920
0.0237947446
0.0204919975
0.0177299093
0.0159117850
0.0139193448
0.0103187455
0.0057598514
0.0010793589
-0.0033598391
-0.0080114803
-0.0122460894
-0.0149418571
-0.0183835169
-0.0198805319
-0.0188675218
-0.0173892212
-0.0144081576
-0.0098634936
-0.0062431604
-0.0024786100
0.0004774218
0.0029575495
0.0054743258
0.0067248534
0.0068870108
0.0068075095
0.0072097165
0.0075396151
0.0067836654
0.0042095151
0.0006774908
-0.0045842771
-0.0115466550
-0.0174331299
-0.0244629905
-0.0296802604
-0.0316076043
-0.0312038578
-0.0305001960
-0.0287307883
-0.0258497196
-0.0216635747
-0.0159087059
-0.0090366427
-0.0007155555
0.0054618019
0.0092105990
0.0105395887
0.0088323308
0.0056388051
0.0017216981
-0.0014173667
-0.0052774984
-0.0093648251
-0.0133518635
-0.0154124099
-0.0157764878
-0.0145642955
-0.0125998258
-0.0110878318
-0.0086297351
-0.0047583817
0.0013935453
0.0078299777
0.0146934914
0.0201809898
0.0245025266
0.0274489315
0.0279900511
0.0245071327
0.0193193603
0.0124197303
0.0051498680
-0.0009698724
-0.0043374427
-0.0039854333
-0.0008471528
0.0017041315
0.0014227210
0.0017632003
0.0045411243
0.0083432340
0.0122057394
0.0159008442
0.0199326115
0.0238198064
0.0281095238
0.0309687423
0.0320076470
0.0312878515
0.0274023728
0.0218300351
0.0165903850
0.0092850652
0.0025775973
-0.0029663900
-0.0081891593
-0.0128849830
-0.0185329856
-0.0230744128
-0.0255868102
-0.0250324277
-0.0214280743
-0.0173007035
-0.0135353979
-0.0101666079
-0.0070099159
-0.0062323829
-0.0061865933
-0.0061895450
-0.0059012154
-0.0050301063
-0.0032910706
-0.0016496258
-0.0011063155
-0.0007273286
-0.0011209279
-0.0017343609
0.0001048554
0.0006129051
0.0018066168
0.0035500484
0.0042354092
0.0046760499
0.0038440295
0.0017541056
-0.0003761647
-0.0008750135
-0.0018070093
-0.0024195450
-0.0036190587
-0.0034963750
-0.0043179258
-0.0062588505
-0.0068255676
-0.0076572896
-0.0090881797
-0.0098336491
-0.0075949505
-0.0015317147
0.0051208740
0.0102753921
0.0149625716
0.0169570562
0.0165184049
0.0132369401
0.0087235087
0.0033840201
-0.0018770303
-0.0061505389
-0.0076982832
-0.0062852765
-0.0041576683
-0.0033794198
-0.0029294566
-0.0020075487
-0.0023646323
-0.0023075479
-0.0017033182
-0.0008067390
0.0002136862
0.0027294592
0.0066633220
0.0077402485
0.0063982547
0.0052395618
0.0036437135
0.0031773320
0.0030327912
0.0008439948
-0.0011408424
-0.0031156750
-0.0058735490
-0.0084848598
-0.0085430913
-0.0085136506
-0.0083655574
-0.0080878457
-0.0054980948
-0.0035740313
-0.0005936221
0.0038927992
0.0054387768
0.0053642488
0.0044046932
0.0039639048
0.0017970148
-0.0006406918
-0.0022089506
-0.0030222125
-0.0041857247
-0.0051613742
-0.0074144764
-0.0113221082
-0.0152498361
-0.0185553406
-0.0207807258
-0.0212024800
-0.0201648498
-0.0179818778
-0.0160980956
-0.0140492031
-0.0116906470
-0.0089011688
-0.0062622331
-0.0022615154
0.0018289056
0.0049510423
0.0058683233
0.0043551267
0.0032934916
0.0029024968
0.0031740447
0.0048650351
0.0074183505
0.0094107276
0.0110253413
0.0131770870
0.0141756543
0.0123952300
0.0099658988
0.0077776961
0.0055286593
0.0045572303
0.0054167404
0.0074530660
0.0115472292
0.0156113018
0.0182599114
0.0200898095
0.0196858106
0.0158831520
0.0113333077
0.0062126439
0.0004933365
-0.0042961734
-0.0080348890
-0.0098509942
-0.0096065342
-0.0065186171
-0.0032002498
0.0003607683
0.0039906658
0.0073563963
0.0113174580
0.0150199008
0.0176426536
0.0201343175
0.0210178857
0.0193509778
0.0169640599
0.0141734712
0.0105078765
0.0066536556
0.0009186881
-0.0049296053
-0.0105014218
-0.0150620365
-0.0173585123
-0.0190376482
-0.0198907282
-0.0199626958
-0.0200241452
-0.0193159089
-0.0180075832
-0.0173303587
-0.0167648335
-0.0180599405
-0.0192485347
-0.0188538173
-0.0166519480
-0.0129801826
-0.0088636328
-0.0047820567
-0.0013382648
0.0013484517
0.0037465471
0.0047732175
0.0055920937
0.0063491974
0.0056856698
0.0045102797
0.0024937146
-0.0006706757
-0.0032764095
-0.0042896732
-0.0052602340
-0.0066584447
-0.0075482908
-0.0079696223
-0.0076224794
-0.0060260324
-0.0029044749
0.0010312228
0.0050706128
0.0089808025
0.0126036242
0.0146655019
0.0151947784
0.0155536003
0.0159230856
0.0144335223
0.0098813877
0.0028197127
-0.0033313278
-0.0071955892
-0.0089335687
-0.0082021634
-0.0060815211
-0.0032887732
-0.0005217479
0.0017779370
0.0028357801
0.0030682020
0.0026046031
0.0015114091
0.0010413068
0.0015531971
0.0026588526
0.0027656752
0.0007434585
-0.0018349237
-0.0037755638
-0.0068294291
-0.0102039041
-0.0116659637
-0.0115181797
-0.0103174962
-0.0076924153
-0.0042762886
-0.0012924519
0.0000146522
0.0005886990
0.0003142638
-0.0010256230
-0.0023379685
-0.0028558163
-0.0039370208
-0.0056980121
-0.0060577098
-0.0057161497
-0.0060422500
-0.0062669085
-0.0048989696
-0.0011075913
0.0038470342
0.0090271719
0.0144476243
0.0188622911
0.0226865287
0.0252296981
0.0254258517
0.0230216643
0.0181353342
0.0127388016
0.0080105591
0.0035960399
-0.0008405674
-0.0036786285
-0.0044714181
-0.0034956550
-0.0008725433
0.0027809615
0.0062728137
0.0083704222
0.0093213266
0.0099769532
0.0094683534
0.0071069769
0.0034344214
0.0008094610
-0.0001192752
-0.0002774116
-0.0008059131
-0.0019144470
-0.0029252714
-0.0046663817
-0.0066796387
-0.0077031984
-0.0078694128
-0.0063710602
-0.0034733127
0.0000995267
0.0042120579
0.0088746746
0.0130386160
0.0160209668
0.0168601656
0.0166230058
0.0148960934
0.0106751951
0.0051637447
0.0000947299
-0.0037812337
-0.0064411349
-0.0082598145
-0.0094361807
-0.0104360793
-0.0116960795
-0.0125969991
-0.0136694017
-0.0148793477
-0.0162593254
-0.0163733088
-0.0152071957
-0.0139545777
-0.0130022158
-0.0105615525
-0.0073523203
-0.0056459438
-0.0048211940
-0.0039776756
-0.0042975672
-0.0050940297
-0.0058586065
-0.0063456577
-0.0059661894
-0.0058189852
-0.0058690332
-0.0062532816
-0.0076848437
-0.0100569403
-0.0128122456
-0.0156103869
-0.0172257136
-0.0179406255
-0.0185047185
-0.0181967710
-0.0175643827
-0.0169824083
-0.0168273871
-0.0163871836
-0.0153243591
-0.0141808976
-0.0126379044
-0.0108139248
-0.0088856218
-0.0064085646
-0.0036979725
-0.0015476882
0.0002243274
0.0015183459
0.0026543109
0.0049706109
0.0073480739
0.0087556688
0.0099946328
0.0111998592
0.0115910243
0.0106569414
0.0093921836
0.0078406472
0.0061998202
0.0056261915
0.0061629165
0.0069879647
0.0084571101
0.0111148307
0.0144763583
0.0183829427
0.0207241979
0.0214069370
0.0217001705
0.0216683006
0.0218949170
0.0221735815
0.0227077669
0.0236861560
0.0241470488
0.0240895870
0.0250960414
0.0261639325
0.0262091283
0.0261651439
0.0253933571
0.0242463244
0.0222201087
0.0209664622
0.0206294274
0.0206157229
0.0207598978
0.0193959843
0.0156326662
0.0099363824
0.0029583414
-0.0035519154
-0.0084074533
-0.0140654378
-0.0189944462
-0.0221510120
-0.0231852665
-0.0224580824
-0.0211840370
-0.0207754068
-0.0209957641
-0.0202401110
-0.0196217931
-0.0186070416
-0.0160082339
-0.0127651695
-0.0082899429
-0.0022315908
0.0028101277
0.0069252408
0.0110622148
0.0123520280
0.0128759981
0.0120459166
0.0074083371
0.0007179941
-0.0052780562
-0.0101739271
-0.0139367593
-0.0163360315
-0.0173299234
-0.0167984890
-0.0160976098
-0.0155066063
-0.0160002270
-0.0164146873
-0.0174015692
-0.0190567033
-0.0197308424
-0.0196502117
-0.0181624340
-0.0154721746
-0.0127155570
-0.0100511733
-0.0077204868
-0.0072407219
-0.0090147294
-0.0105795475
-0.0108317242
-0.0105350899
-0.0091629235
-0.0068910174
-0.0043725223
-0.0012088178
0.0022402286
0.0066941824
0.0112079355
0.0155500291
0.0181698541
0.0199613455
0.0210255140
0.0202710534
0.0176854391
0.0139424443
0.0082892993
0.0015427149
-0.0036318905
-0.0084042417
-0.0117128821
-0.0141298086
-0.0161069101
-0.0173610298
-0.0159320705
-0.0121105587
-0.0082513028
-0.0044423907
-0.0013500865
0.0031675931
0.0070159858
0.0100016491
0.0142224654
0.0177575770
0.0215348268
0.0230544302
0.0239594195
0.0254811934
0.0243877167
0.0206198872
0.0148979737
0.0065469536
-0.0008565024
-0.0058204648
-0.0088098433
-0.0081060426
-0.0051270000
-0.0014835332
0.0030858488
0.0060863738
0.0083807068
0.0080429906
0.0049807921
0.0017218704
-0.0018425343
-0.0046204224
-0.0047464691
-0.0022324205
-0.0007630524
-0.0010163106
-0.0015059317
-0.0022607816
-0.0017864090
-0.0019693250
-0.0031667729
-0.0038555415
-0.0039079757
-0.0040155390
-0.0031528709
-0.0031807714
-0.0036498345
-0.0052713326
-0.0086909700
-0.0134200706
-0.0172390837
-0.0208030682
-0.0223512100
-0.0219903248
-0.0200389981
-0.0189001426
-0.0164475162
-0.0132420572
-0.0093821387
-0.0058314808
-0.0037845121
-0.0033086365
-0.0022207250
-0.0014985160
0.0004212913
0.0027984953
0.0062448425
0.0084228930
0.0096659014
0.0075433441
0.0030954722
-0.0011490342
-0.0049415154
-0.0089202175
-0.0105841094
-0.0114885813
-0.0117938976
-0.0106762362
-0.0092452641
-0.0066013678
-0.0041599713
-0.0013755534
-0.0005390491
0.0005698008
0.0028527896
0.0039109576
0.0034303965
0.0034544053
0.0032759275
0.0021047724
0.0006707344
-0.0005067372
-0.0000458818
0.0011579591
0.0037459420
0.0063638736
0.0079777427
0.0091019094
0.0083959698
0.0092630130
0.0115225901
0.0129945559
0.0148405119
0.0160327468
0.0160712355
0.0160329550
0.0163601784
0.0157708281
0.0129346965
0.0090992468
0.0047947977
0.0011630964
-0.0028490196
-0.0057880883
-0.0078260846
-0.0093958622
-0.0104887899
-0.0108493533
-0.0122600779
-0.0126929937
-0.0104600811
-0.0066282783
-0.0015990491
0.0044110495
0.0087608049
0.0120879072
0.0120764552
0.0108010216
0.0088561244
0.0057372750
0.0010401938
-0.0048342738
-0.0113526909
-0.0149929272
-0.0170123032
-0.0161709150
-0.0117364548
-0.0072793873
-0.0028416626
0.0024071289
0.0061711474
0.0068656022
0.0068203117
0.0061129859
0.0055489908
0.0053414294
0.0056170874
0.0063114343
0.0075409906
0.0081728426
0.0091304352
0.0089613626
0.0080631056
0.0070648033
0.0066793863
0.0051064628
0.0026374800
-0.0005225130
-0.0036531060
-0.0054904084
-0.0067788575
-0.0066403108
-0.0068289622
-0.0072797343
-0.0063564219
-0.0033500952
-0.0001927425
0.0031504234
0.0070614024
0.0115576022
0.0154213632
0.0179763064
0.0199205475
0.0201082209
0.0184526262
0.0157280425
0.0124569129
0.0083290310
0.0051268788
0.0032934461
0.0025032384
0.0023897762
0.0012981760
-0.0008027223
-0.0041813054
-0.0079505987
-0.0113448607
-0.0146773198
-0.0178062621
-0.0201941769
-0.0220313121
-0.0232173636
-0.0225541023
-0.0206683451
-0.0184431366
-0.0146183879
-0.0091738265
-0.0028062214
0.0028900732
0.0077145116
0.0127458810
0.0178847854
0.0225566766
0.0246260123
0.0242828003
0.0214067162
0.0156632742
0.0075953417
-0.0012037190
-0.0086634474
-0.0142063191
-0.0188043562
-0.0206234648
-0.0179627912
-0.0134677019
-0.0097629182
-0.0058272679
-0.0026241755
0.0004222671
0.0032798148
0.0058090709
0.0076882888
0.0086975193
0.0087349417
0.0087960126
0.0083912502
0.0065107995
0.0042229243
0.0015950179
-0.0007802436
-0.0025932710
-0.0036279697
-0.0023727042
0.0008346509
0.0038671247
0.0064465296
0.0078080833
0.0084845191
0.0082774435
0.0083953136
0.0096043637
0.0117744640
0.0132315769
0.0140557273
0.0155090039
0.0170360905
0.0182292719
0.0174851464
0.0150534112
0.0117172483
0.0071120119
0.0017275156
-0.0037182453
-0.0061255320
-0.0054404741
-0.0027136807
-0.0001432283
0.0036778341
0.0077455675
0.0115179589
0.0153520394
0.0173648724
0.0175792229
0.0164696946
0.0138610438
0.0109833003
0.0074809293
0.0035810356
0.0006201086
0.0000557299
-0.0002327795
-0.0001471366
0.0010232272
0.0024836609
0.0032920372
0.0036011008
0.0030728775
0.0019019237
0.0011646890
0.0011714560
0.0020620537
0.0027457778
0.0038815358
0.0044226391
0.0047370495
0.0034918314
0.0026668728
0.0010261334
-0.0009067345
-0.0021540310
-0.0027226561
-0.0031301487
-0.0038550701
-0.0058262362
-0.0082201585
-0.0112273250
-0.0149637073
-0.0186818801
-0.0217945120
-0.0231492701
-0.0227179254
-0.0223552671
-0.0220712457
-0.0219908485
-0.0220590114
-0.0231257857
-0.0237283611
-0.0233597529
-0.0231891722
-0.0232986126
-0.0234268242
-0.0234003111
-0.0232854886
-0.0232343112
-0.0239824622
-0.0259444333
-0.0278639470
-0.0298134818
-0.0317277080
-0.0317462898
-0.0278885545
-0.0222708822
-0.0155569760
-0.0077818857
-0.0005669823
0.0035891454
0.0067448486
0.0096847041
0.0105268432
0.0097205112
0.0069623161
0.0026357222
-0.0012374440
-0.0047227374
-0.0065398742
-0.0065914112
-0.0053916634
-0.0030616236
-0.0017652724
-0.0010750608
-0.0006043652
-0.0017171060
-0.0023926357
-0.0016354203
-0.0001502925
0.0017155885
0.0042865903
0.0080111017
0.0108492587
0.0118438131
0.0122184091
0.0123596816
0.0116306677
0.0095511609
0.0084268681
0.0100857942
0.0134314531
0.0164214638
0.0192668894
0.0218051626
0.0237971423
0.0239078194
0.0218724547
0.0186976983
0.0156675395
0.0137369272
0.0122665137
0.0111862178
0.0113594359
0.0119907705
0.0121009681
0.0098608625
0.0055401093
0.0009258994
-0.0039510237
-0.0070745012
-0.0077889904
-0.0074814088
-0.0062093332
-0.0045327565
-0.0015655223
0.0006968651
0.0018700146
0.0006138727
-0.0013794055
-0.0010646814
0.0012150619
0.0040090729
0.0066217542
0.0103644840
0.0129845047
0.0143774613
0.0141296571
0.0129450506
0.0103298568
0.0077378698
0.0054027949
0.0031712470
0.0015188109
0.0004036850
0.0001883165
-0.0000164265
0.0003062601
0.0003629819
0.0014515598
0.0034246081
0.0058781543
0.0068925506
0.0073643022
0.0075821672
0.0069595336
0.0064513881
0.0045458887
0.0023463136
-0.0010296687
-0.0052588181
-0.0090252159
-0.0114901650
-0.0142712451
-0.0159657449
-0.0175317872
-0.0180276857
-0.0165227585
-0.0132430099
-0.0101683683
-0.0069990571
-0.0045885474
-0.0035980703
-0.0050997872
-0.0067653549
-0.0072742576
-0.0083685545
-0.0086436541
-0.0054903794
-0.0017194008
0.0021889503
0.0055512711
0.0066622809
0.0070564809
0.0072819049
0.0056147907
0.0031262695
0.0004456450
-0.0044090961
-0.0090430028
-0.0136757365
-0.0183954484
-0.0217668443
-0.0243686553
-0.0245429966
-0.0230865272
-0.0220769118
-0.0201112811
-0.0171748455
-0.0140508689
-0.0103644020
-0.0042285689
0.0017099042
0.0071384871
0.0115686252
0.0155519851
0.0172703858
0.0185968011
0.0201771031
0.0210040171
0.0196993006
0.0191209983
0.0185322915
0.0156557468
0.0119608629
0.0084608328
0.0061423187
0.0047726477
0.0036359647
0.0027460989
0.0000787237
-0.0030579603
-0.0057746828
-0.0076034622
-0.0097039232
-0.0110885890
-0.0111076188
-0.0091409092
-0.0046003900
0.0007389377
0.0058991805
0.0100597039
0.0124425648
0.0127839722
0.0118415479
0.0097365250
0.0084259153
0.0083764731
0.0096803126
0.0111440506
0.0122565823
0.0132171089
0.0146187476
0.0153660215
0.0154752474
0.0146750357
0.0138363417
0.0135718801
0.0132404861
0.0123205619
0.0121445234
0.0123224674
0.0110491475
0.0080045397
0.0044256999
0.0003989574
-0.0040029847
-0.0087014439
-0.0133564633
-0.0161545478
-0.0156658422
-0.0125719689
-0.0075174052
-0.0023408671
0.0024234342
0.0065790065
0.0096963264
0.0105638618
0.0104193272
0.0086732778
0.0058609108
0.0006057223
-0.0049155462
-0.0099295806
-0.0141904567
-0.0171426411
-0.0179856447
-0.0176003412
-0.0161456260
-0.0138967248
-0.0121950572
-0.0109031176
-0.0092264109
-0.0070252735
-0.0045136194
-0.0025662406
-0.0017540488
-0.0011897779
-0.0007025532
-0.0008140935
-0.0019690619
-0.0040928767
-0.0055108674
-0.0057354666
-0.0058713513
-0.0057174602
-0.0048112355
-0.0032535050
-0.0023495694
-0.0024743731
-0.0026538245
-0.0029161256
-0.0038745972
-0.0048877239
-0.0055312620
-0.0060584720
-0.0059553576
-0.0060606987
-0.0055925511
-0.0036957408
-0.0017615421
-0.0009571371
-0.0005413382
-0.0005078090
-0.0006423348
-0.0008214663
-0.0005326907
-0.0006750742
-0.0015277233
-0.0023702107
-0.0026757428
-0.0031743596
-0.0040233333
-0.0042667289
-0.0041959412
-0.0041213596
-0.0032806786
-0.0014907091
0.0004360340
0.0021143170
0.0035458740
0.0044839522
0.0050633409
0.0056140714
0.0060118199
0.0066229025
0.0067779048
0.0066063966
0.0052742811
0.0022543300
-0.0009911560
-0.0042703607
-0.0084025318
-0.0122891589
-0.0151979269
-0.0174805278
-0.0195956965
-0.0214326361
-0.0217775706
-0.0202945630
-0.0170138933
-0.0131782353
-0.0095412043
-0.0061893765
-0.0025645635
0.0004371280
0.0028691662
0.0051614739
0.0065875245
0.0080505116
0.0093467922
0.0102450554
0.0101248887
0.0098317436
0.0084406230
0.0056336041
0.0029359814
-0.0003475369
-0.0027461115
-0.0038684434
-0.0030385071
-0.0012469419
0.0003306589
0.0016033214
0.0029374092
0.0041080797
0.0041954238
0.0021128001
0.0001486359
-0.0010141615
-0.0016212811
-0.0011701821
0.0007272712
0.0015989040
0.0023316374
0.0028131437
0.0026704226
0.0044652221
0.0079477973
0.0112417046
0.0153567401
0.0206205750
0.0261345675
0.0305940958
0.0333145593
0.0346696330
0.0354861361
0.0350816198
0.0317117635
0.0267884212
0.0231797456
0.0196029589
0.0149511449
0.0109101339
0.0083553800
0.0064286986
0.0039254716
0.0030810472
0.0027060246
0.0003289109
-0.0022771677
-0.0055717325
-0.0093897481
-0.0128661929
-0.0158445497
-0.0179302525
-0.0191276928
-0.0192610972
-0.0178613514
-0.0151193405
-0.0103478455
-0.0045192836
0.0005677674
0.0044156057
0.0064539939
0.0077656321
0.0064111516
0.0039301490
0.0019097129
0.0002360839
-0.0018731190
-0.0032002845
-0.0040649541
-0.0047847793
-0.0037208600
-0.0009408627
0.0019715459
0.0041892145
0.0057824727
0.0068092762
0.0080067923
0.0071028062
0.0049879472
0.0027891798
0.0004894242
-0.0011941555
-0.0036620398
-0.0043935182
-0.0025882605
-0.0006427550
0.0005162123
0.0013391229
0.0023364384
0.0020595223
0.0010027948
-0.0005224169
-0.0029929087
-0.0050812199
-0.0067687621
-0.0074402007
-0.0081695616
-0.0093296490
-0.0104753693
-0.0114091305
-0.0119190616
-0.0119628630
-0.0120201039
-0.0113911481
-0.0091208131
-0.0065125220
-0.0043582329
-0.0021323789
-0.0013115549
-0.0023716953
-0.0036272359
-0.0038000773
-0.0044264305
-0.0041927038
-0.0014265125
0.0017893903
0.0051678971
0.0082700802
0.0103015266
0.0113031982
0.0117090143
0.0103652664
0.0067861388
0.0024655175
-0.0019731442
-0.0057574355
-0.0088807824
-0.0111805265
-0.0135807578
-0.0164294518
-0.0191114014
-0.0218548004
-0.0233179011
-0.0240677179
-0.0244577662
-0.0246097524
-0.0242329921
-0.0222942405
-0.0195529047
-0.0169856198
-0.0139348475
-0.0097531698
-0.0049917595
-0.0006400286
0.0034650710
0.0074411597
0.0115596781
0.0152403969
0.0175589501
0.0192505160
0.0202807134
0.0200470050
0.0189179610
0.0158516038
0.0118794561
0.0085575277
0.0057579175
0.0034117957
0.0008607039
-0.0022035956
-0.0052245171
-0.0083183236
-0.0102922073
-0.0112917273
-0.0109356374
-0.0095577797
-0.0083044550
-0.0071318683
-0.0064072207
-0.0059721589
-0.0047508581
-0.0038012535
-0.0021134803
-0.0008265544
0.0004769792
0.0016265351
0.0030015282
0.0044060075
0.0065678511
0.0087331246
0.0100706196
0.0105771057
0.0112669179
0.0100285092
0.0082976154
0.0073899887
0.0061269945
0.0051424377
0.0041543602
0.0033287624
0.0017310666
0.0008938705
0.0005507126
0.0007048266
0.0016584019
0.0038215048
0.0056274112
0.0071876896
0.0086483737
0.0091860735
0.0090879778
0.0081278424
0.0082049018
0.0088968404
0.0104337826
0.0099345715
0.0095620198
0.0097936019
0.0097194260
0.0087936843
0.0075189511
0.0081367453
0.0083535250
0.0076385122
0.0065674662
0.0061476718
0.0055894064
0.0033453718
0.0013988971
-0.0005308482
-0.0029264475
-0.0051009753
-0.0079294236
-0.0099500869
-0.0107514406
-0.0117271103
-0.0114431457
-0.0115019955
-0.0119489882
-0.0121726959
-0.0113793491
-0.0087449425
-0.0052019287
-0.0005896422
0.0046787959
0.0085317655
0.0114825682
0.0138760923
0.0172994479
0.0192787515
0.0194565062
0.0182023361
0.0175780304
0.0158785396
0.0133822318
0.0110054092
0.0077996410
0.0051898318
0.0024258433
-0.0012839472
-0.0054715647
-0.0098958998
-0.0133203722
-0.0149961388
-0.0143162390
-0.0118699286
-0.0099996616
-0.0094314358
-0.0083915405
-0.0076330543
-0.0070910387
-0.0059805652
-0.0032517502
-0.0005021575
0.0025688584
0.0051999683
0.0077096532
0.0100896242
0.0112156711
0.0112099483
0.0105170128
0.0080120986
0.0043009390
0.0008756249
-0.0027435303
-0.0067762579
-0.0103546284
-0.0139420152
-0.0174040488
-0.0197269178
-0.0206877157
-0.0204573261
-0.0198471918
-0.0186607996
-0.0177632936
-0.0161468942
-0.0134709261
-0.0096935817
-0.0060938116
-0.0027916203
0.0007585757
0.0045338651
0.0080612317
0.0108826934
0.0127543170
0.0129756586
0.0120084438
0.0100044632
0.0075543796
0.0046008279
0.0018870184
0.0002601291
-0.0002517153
0.0000639204
0.0012046693
0.0010035046
0.0002279982
-0.0007005594
-0.0020197937
-0.0040890884
-0.0062106879
-0.0072563635
-0.0082514353
-0.0081552198
-0.0074176312
-0.0062869353
-0.0056652014
-0.0046855219
-0.0047968218
-0.0057504785
-0.0071208959
-0.0079405917
-0.0089834462
-0.0103450882
-0.0102863898
-0.0092324492
-0.0068713944
-0.0045351346
-0.0032170000
-0.0019806993
-0.0005857847
0.0005520420
-0.0002165200
-0.0016845994
-0.0020678365
-0.0030285297
-0.0036651454
-0.0040854187
-0.0029089661
-0.0020676756
-0.0001452046
0.0026612597
0.0054873293
0.0090536913
0.0131377023
0.0171482315
0.0193716418
0.0197568822
0.0182731553
0.0158414895
0.0125328113
0.0087259442
0.0042730713
0.0002383967
-0.0021453458
-0.0033229985
-0.0042608275
-0.0042522395
-0.0047345534
-0.0050985720
-0.0036510510
-0.0001261356
0.0026227332
0.0045371095
0.0057391672
0.0059324651
0.0044661004
0.0011093037
-0.0018306861
-0.0046878571
-0.0066429167
-0.0083008649
-0.0095732825
-0.0090587453
-0.0075874105
-0.0078795145
-0.0071731964
-0.0057589624
-0.0041795816
-0.0030111485
-0.0010893104
0.0007686768
0.0020606706
0.0030620249
0.0042754034
0.0049354379
0.0061885039
0.0059170973
0.0058308927
0.0060514317
0.0054125830
0.0035370922
0.0014621360
-0.0019717327
-0.0045850525
-0.0076455285
-0.0111145152
-0.0121837188
-0.0110160851
-0.0094316125
-0.0069982179
-0.0037478602
-0.0014028552
0.0013681371
0.0036609583
0.0038952839
0.0034386880
0.0038099961
0.0043809053
0.0043630087
0.0029617719
0.0002477785
-0.0021516750
-0.0040884107
-0.0062605314
-0.0072667365
-0.0066347646
-0.0041739219
-0.0006054494
0.0033331078
0.0072486658
0.0107386384
0.0138334834
0.0155948527
0.0165525904
0.0150636076
0.0125584536
0.0097879232
0.0057480221
0.0004740651
-0.0042338475
-0.0088814070
-0.0128726287
-0.0160897353
-0.0175322856
-0.0159357868
-0.0127900421
-0.0082828951
-0.0041117759
-0.0004926792
0.0018508567
0.0032779434
0.0034536645
0.0026766445
0.0021855785
0.0019996345
0.0012466914
0.0001926332
-0.0007354213
-0.0022589985
-0.0041005397
-0.0062862721
-0.0075985533
-0.0083235858
-0.0096502346
-0.0103772168
-0.0100090629
-0.0092945927
-0.0079366986
-0.0058885488
-0.0039758489
-0.0029468118
-0.0017586126
-0.0006078596
-0.0004972168
-0.0006865110
-0.0008142254
-0.0010643887
-0.0011099864
-0.0015767030
-0.0034728085
-0.0054703173
-0.0065115061
-0.0070247183
-0.0081163589
-0.0084427115
-0.0071489989
-0.0047306294
-0.0014665792
0.0015404403
0.0041984543
0.0060836033
0.0072537135
0.0075887608
0.0069434188
0.0050149840
0.0025868251
0.0010059079
-0.0001208420
-0.0013825066
-0.0028979211
-0.0038717395
-0.0041183676
-0.0041033696
-0.0032815108
-0.0024683758
-0.0010492292
0.0011689454
0.0034048949
0.0052229517
0.0071769316
0.0095182121
0.0108108268
0.0105637671
0.0086426572
0.0061150208
0.0039109532
0.0013161414
-0.0006324981
-0.0013878692
-0.0022133900
-0.0022673878
-0.0006481517
0.0005682572
0.0018360865
0.0030463423
0.0041654184
0.0039837757
0.0031116104
0.0020060287
0.0015692374
0.0006835297
0.0001945027
-0.0007212146
-0.0014567381
-0.0009185846
0.0002041378
0.0011447354
0.0017615434
0.0020891472
0.0023195046
0.0034662339
0.0048670530
0.0060578915
0.0065560521
0.0075821672
0.0077633670
0.0076434652
0.0069820337
0.0050332194
0.0031822882
0.0015489829
-0.0000644363
-0.0014139393
-0.0023191103
-0.0035475422
-0.0048191459
-0.0051463806
-0.0059953853
-0.0067599034
-0.0066768183
-0.0062639254
-0.0054251095
-0.0045045714
-0.0033765994
-0.0018801466
-0.0007085196
0.0006495177
0.0016926978
0.0029099693
0.0039817453
0.0038275211
0.0041611228
0.0053526239
0.0059486316
0.0057462933
0.0062867864
0.0077775952
0.0086552701
0.0095708217
0.0089885570
0.0077259509
0.0073657471
0.0077331691
0.0079091698
0.0077954451
0.0077771661
0.0076814050
0.0071026485
0.0058924620
0.0050511444
0.0030967114
0.0018093609
0.0023905889
0.0026590842
0.0032423912
0.0046762771
0.0054437052
0.0074379292
0.0100882298
0.0117822438
0.0109707694
0.0107610123
0.0102607538
0.0082427091
0.0064577040
0.0043826506
0.0020175015
0.0004968017
-0.0008640663
-0.0021031003
-0.0033247255
-0.0031100254
-0.0029300320
-0.0022630234
-0.0006501095
0.0002827534
0.0022824287
0.0051251765
0.0080877132
0.0090316013
0.0099553806
0.0113066748
0.0105810997
0.0090985022
0.0071924470
0.0047227765
0.0015392042
-0.0003093825
-0.0015861289
-0.0004525953
0.0011767246
0.0024032169
0.0031484150
0.0040607291
0.0039884057
0.0039740393
0.0027587914
-0.0007077322
-0.0034816647
-0.0058835371
-0.0078271951
-0.0084131572
-0.0080551997
-0.0079761149
-0.0072746362
-0.0058581087
-0.0039523096
-0.0022881685
-0.0014229646
0.0008436080
0.0024084009
0.0034597287
0.0058318367
0.0084619559
0.0094660820
0.0091955442
0.0087918230
0.0070779526
0.0036406218
0.0000012379
-0.0046075104
-0.0088809275
-0.0134957608
-0.0167978391
-0.0185974132
-0.0189782305
-0.0178665758
-0.0155197366
-0.0135893641
-0.0116876183
-0.0098950922
-0.0081622046
-0.0070215446
-0.0071118668
-0.0072153131
-0.0076616874
-0.0087638461
-0.0093983797
-0.0107275334
-0.0116844509
-0.0124845932
-0.0135063862
-0.0142036627
-0.0138265176
-0.0124357188
-0.0101730942
-0.0070571119
-0.0037548083
-0.0012206478
0.0003194340
0.0001623821
-0.0011145527
-0.0042692925
-0.0078245514
-0.0103453280
-0.0122997717
-0.0147718695
-0.0162195306
-0.0178437980
-0.0190312502
-0.0186938431
-0.0163559321
-0.0138003200
-0.0117682553
-0.0087323169
-0.0056719148
-0.0021241947
0.0012810990
0.0042580620
0.0071353260
0.0085981365
0.0092360268
0.0095826081
0.0090107354
0.0084084313
0.0071353008
0.0063027819
0.0052594491
0.0033631927
0.0014245104
-0.0003638152
-0.0021438510
-0.0036596239
-0.0045183876
-0.0046133487
-0.0036540941
-0.0026912746
-0.0016987847
-0.0003330651
0.0003813618
0.0009896619
0.0021195489
0.0039672704
0.0059479848
0.0077618148
0.0094634508
0.0106149887
0.0107560845
0.0107160815
0.0103357437
0.0084309756
0.0057140896
0.0035729094
0.0021011065
0.0019336056
0.0022375433
0.0026285935
0.0036212077
0.0038457155
0.0032696374
0.0024815831
0.0017134634
0.0027631286
0.0048224830
0.0061200950
0.0069518926
0.0069898450
0.0062049152
0.0046234990
0.0025293968
0.0000421829
-0.0026786049
-0.0050127617
-0.0066155518
-0.0076185106
-0.0080078270
-0.0067749834
-0.0043473287
-0.0022433967
-0.0001199051
0.0020481593
0.0036615048
0.0045868262
0.0048383669
0.0042881520
0.0022033640
-0.0009957236
-0.0040327964
-0.0070541401
-0.0101730626
-0.0126083817
-0.0130390955
-0.0123204673
-0.0112653152
-0.0091825401
-0.0060732441
-0.0022793199
0.0010291658
0.0035043194
0.0050583134
0.0059707424
0.0063633499
0.0059303349
0.0040271500
0.0012187101
-0.0011643842
-0.0027157597
-0.0034366165
-0.0041863670
-0.0045515712
-0.0042832841
-0.0031001287
-0.0016279447
0.0001444690
0.0023790063
0.0051085122
0.0071281583
0.0079310831
0.0091522224
0.0102167883
0.0098525022
0.0092093560
0.0084853835
0.0081056010
0.0074436079
0.0060828650
0.0054108327
0.0047104614
0.0050723265
0.0047705012
0.0035000112
0.0024936995
0.0030209865
0.0033327292
0.0030287606
0.0022350548
0.0011916759
0.0009313818
0.0012034868
0.0014757768
0.0023008439
0.0034745860
0.0040376176
0.0048913273
0.0047384250
0.0044866666
0.0033750548
0.0012810706
0.0000115712
-0.0005404943
-0.0003341955
0.0015800250
0.0042751781
0.0059338172
0.0082219189
0.0115565990
0.0131043812
0.0137347567
0.0125174222
0.0103496690
0.0083898558
0.0054842944
0.0026167762
0.0003992385
-0.0026689726
-0.0042628403
-0.0053736779
-0.0059040143
-0.0058940508
-0.0057504532
-0.0041635268
-0.0012849952
0.0022030082
0.0049032607
0.0081321708
0.0107540086
0.0121815609
0.0114100391
0.0099448940
0.0074730928
0.0063988352
0.0055690295
0.0042585541
0.0030195738
0.0030971632
0.0033565506
0.0033008410
0.0030371543
0.0020905663
0.0008332937
0.0010651704
0.0015203151
0.0013983116
0.0008063894
-0.0002571227
-0.0009872081
-0.0017668977
-0.0034410743
-0.0059930185
-0.0074891507
-0.0084009860
-0.0095413873
-0.0096179861
-0.0092117915
-0.0080201687
-0.0057796548
-0.0031150415
-0.0008448781
0.0011405578
0.0033867320
0.0044251862
0.0046288010
0.0057718012
0.0066053996
0.0059081415
0.0044443574
0.0035471719
0.0027175315
0.0008449968
-0.0012858779
-0.0024297849
-0.0019695988
-0.0008871627
-0.0004369462
-0.0004473179
0.0000998342
0.0009168722
0.0016437585
0.0029907956
0.0040795331
0.0046984699
0.0056287999
0.0069878385
0.0083586673
0.0085425676
0.0076451562
0.0057767126
0.0033928574
0.0009985938
-0.0019932391
-0.0042988783
-0.0050651890
-0.0054250716
-0.0056446762
-0.0057830481
-0.0060253427
-0.0062369940
-0.0060650675
-0.0049088246
-0.0027047292
-0.0000038141
0.0024352843
0.0044156171
0.0060954849
0.0065074238
0.0060481608
0.0046188071
0.0015546811
-0.0019098896
-0.0057697373
-0.0094985702
-0.0123671522
-0.0139871164
-0.0144725915
-0.0140869599
-0.0129637271
-0.0118558897
-0.0101193867
-0.0075448016
-0.0052451628
-0.0033878659
-0.0018227638
-0.0010586507
-0.0009304638
-0.0008657163
-0.0010819143
-0.0020145675
-0.0030064731
-0.0039296657
-0.0052550254
-0.0059376364
-0.0061138150
-0.0058590330
-0.0049789724
-0.0032989563
-0.0014447176
0.0001673693
0.0016633373
0.0029745615
0.0041455311
0.0047537908
0.0045479009
0.0041940976
0.0032654926
0.0022493360
0.0015472629
0.0010525190
0.0014014671
0.0014391096
0.0012074632
0.0008674123
0.0005080622
0.0007432112
0.0012869316
0.0015640389
0.0024474203
0.0031226427
0.0032799139
0.0040705942
0.0040337498
0.0028736019
0.0025265228
0.0021528277
0.0009740374
-0.0002725229
-0.0011871178
-0.0020172630
-0.0025933985
-0.0018553025
-0.0007465313
-0.0003318078
-0.0007502634
-0.0008566986
-0.0011092753
-0.0020111628
-0.0026233730
-0.0025777115
-0.0035141479
-0.0046404119
-0.0042732373
-0.0040826198
-0.0042084721
-0.0043073282
-0.0043712131
-0.0043898707
-0.0042716536
-0.0041806833
-0.0044739155
-0.0054570507
-0.0065033163
-0.0066509362
-0.0076921061
-0.0090424602
-0.0100986091
-0.0108105870
-0.0116591493
-0.0109109352
-0.0095488390
-0.0077887506
-0.0051177299
-0.0026248860
-0.0002182068
0.0007790580
0.0019082812
0.0028107297
0.0020046349
0.0007232747
-0.0004980517
-0.0017330586
-0.0021755866
-0.0023625110
-0.0022770743
-0.0024295047
-0.0025809754
-0.0025548246
-0.0024007164
-0.0025134972
-0.0033898294
-0.0048331438
-0.0051756566
-0.0062838619
-0.0068856731
-0.0082375793
-0.0084708714
-0.0085527261
-0.0073708705
-0.0058010381
-0.0038969357
-0.0026045621
-0.0025735421
-0.0030230605
-0.0038261689
-0.0048158542
-0.0042489225
-0.0040912564
-0.0043393154
-0.0038946725
-0.0027432053
-0.0022550657
-0.0025729181
-0.0027557735
-0.0035048923
-0.0046897860
-0.0047095433
-0.0056134833
-0.0063686626
-0.0061931812
-0.0059277328
-0.0048771982
-0.0036881768
-0.0047458741
-0.0061809910
-0.0066126179
-0.0061461512
-0.0056434824
-0.0043610931
-0.0022627338
-0.0006338824
-0.0001430098
-0.0009786680
-0.0010512098
-0.0014698463
-0.0026756766
-0.0026329453
-0.0018831141
-0.0006673714
0.0007739567
0.0018935180
0.0034029074
0.0041840394
0.0038845449
0.0025685045
0.0019949868
0.0008879609
-0.0000604673
-0.0011241957
-0.0024778491
-0.0031246643
-0.0037117874
-0.0028007642
-0.0023113482
-0.0023537905
-0.0003984519
0.0031736504
0.0057904291
0.0081758460
0.0103014887
0.0120674324
0.0133839480
0.0136121608
0.0134843404
0.0131390904
0.0121919465
0.0113608934
0.0099976614
0.0084883490
0.0078398144
0.0069903308
0.0066261520
0.0066934694
0.0066982142
0.0071946806
0.0082366203
0.0084886266
0.0088107897
0.0100277394
0.0103826746
0.0100393807
0.0100280359
0.0101638821
0.0103022711
0.0103227269
0.0100196883
0.0090936501
0.0080634527
0.0074612244
0.0076783637
0.0083811170
0.0090985148
0.0099793761
0.0105293860
0.0098812363
0.0089996241
0.0083464267
0.0084104693
0.0086406507
0.0085297338
0.0084748086
0.0085135938
0.0082893246
0.0075695038
0.0066902388
0.0061150170
0.0053411644
0.0047962369
0.0048639455
0.0041972965
0.0032504845
0.0026442679
0.0014270261
-0.0002398427
-0.0011225211
-0.0019401190
-0.0024253833
-0.0011909099
0.0006455735
0.0023208070
0.0036048652
0.0047142452
0.0058047021
0.0067673614
0.0076101819
0.0086010452
0.0082473908
0.0080964962
0.0083907644
0.0087042328
0.0085794726
0.0070846282
0.0043106275
0.0021127080
0.0009104692
-0.0002976868
-0.0014524595
-0.0022947387
-0.0020808248
-0.0022060532
-0.0023458057
-0.0016149784
-0.0000447227
0.0011608527
0.0014916884
0.0022455218
0.0030265043
0.0018342265
0.0005516779
-0.0000919991
-0.0019090157
-0.0031292420
-0.0037961824
-0.0048115535
-0.0055084634
-0.0049383820
-0.0034759495
-0.0026344362
-0.0010721760
-0.0004325597
-0.0004285846
0.0007268623
0.0015699674
0.0024510388
0.0040711268
0.0061731639
0.0070818456
0.0062546969
0.0053209938
0.0042545160
0.0040707381
0.0026032894
0.0012410745
-0.0007879212
-0.0027655666
-0.0039596237
-0.0041002028
-0.0037915941
-0.0039860402
-0.0041957172
-0.0043424772
-0.0044188886
-0.0043825338
-0.0037838156
-0.0026832090
-0.0022669770
-0.0027048239
-0.0026563193
-0.0024030687
-0.0025379375
-0.0035433003
-0.0047240031
-0.0043140858
-0.0049621895
-0.0065940928
-0.0066824275
-0.0071622555
-0.0070084458
-0.0066043964
-0.0060894781
-0.0062159760
-0.0063497274
-0.0063182739
-0.0063017787
-0.0062843957
-0.0062897563
-0.0062558326
-0.0061530053
-0.0062196785
-0.0069198019
-0.0083361735
-0.0090023562
-0.0098389239
-0.0097506586
-0.0099569202
-0.0109307222
-0.0113712854
-0.0113948203
-0.0102827870
-0.0096740976
-0.0101211092
-0.0102936711
-0.0096958027
-0.0085782738
-0.0081597880
-0.0084383768
-0.0078747508
-0.0061007452
-0.0046100494
-0.0029213121
-0.0016160208
-0.0012465980
-0.0009836791
-0.0002101021
-0.0001457242
-0.0007102428
-0.0013747408
-0.0011784061
-0.0008542984
-0.0009682988
-0.0016618040
-0.0028026906
-0.0031413211
-0.0034151928
-0.0042201702
-0.0037112221
-0.0028153035
-0.0028430507
-0.0025242551
-0.0014397242
-0.0011139445
-0.0009082873
0.0002997836
0.0012576752
0.0020834307
0.0025461507
0.0032107207
0.0043349706
0.0052463749
0.0057895874
0.0060434640
0.0065896571
0.0071431941
0.0075909313
0.0076966049
0.0076576555
0.0077706735
0.0076403483
0.0065901935
0.0045694571
0.0020611824
-0.0004797360
-0.0017783768
-0.0025655888
-0.0031155141
-0.0033373750
-0.0030481324
-0.0028983097
-0.0031484358
-0.0033015275
-0.0033306786
-0.0028875859
-0.0016032311
-0.0000638852
0.0011481073
0.0023577454
0.0031652112
0.0033533970
0.0022902545
0.0011861385
0.0010287330
-0.0000224736
-0.0018192411
-0.0025500640
-0.0017470495
-0.0005300886
-0.0002704664
0.0001182223
0.0002380110
0.0005732044
0.0017702892
0.0024862655
0.0021850781
0.0021090573
0.0018148704
0.0006429733
-0.0005953209
-0.0014786899
-0.0029065697
-0.0042405282
-0.0045683516
-0.0040090319
-0.0029437939
-0.0019597785
-0.0005020657
0.0011871620
0.0023067516
0.0032644944
0.0042386290
0.0049957914
0.0059630762
0.0057742254
0.0057291892
0.0056126416
0.0047051644
0.0036905120
0.0034935666
0.0026760179
0.0019155260
0.0012096299
0.0003319859
0.0004395661
-0.0004138407
-0.0017551132
-0.0023731800
-0.0034926163
-0.0042515826
-0.0051482300
-0.0047851686
-0.0040101159
-0.0030770690
-0.0022980362
-0.0017881839
-0.0011846722
-0.0003254938
0.0006762888
0.0002799477
0.0001562002
0.0003826137
0.0005789864
0.0003790156
-0.0005474074
-0.0018161021
-0.0025770458
-0.0040804827
-0.0045999799
-0.0041331056
-0.0029733829
-0.0023510263
-0.0016900471
-0.0004744923
0.0006263470
0.0007691816
0.0017816149
0.0022748439
0.0020255835
0.0026321616
0.0038724090
0.0043796472
0.0041106654
0.0039601487
0.0032301795
0.0018142811
0.0013200735
0.0003004980
0.0005961837
0.0006717263
0.0008626113
0.0020159499
0.0034768700
0.0050958614
0.0055151409
0.0049176233
0.0033866916
0.0030584474
0.0017755804
0.0009038845
-0.0004104703
-0.0020641649
-0.0025172268
-0.0030141525
-0.0039684137
-0.0054269822
-0.0047445075
-0.0033021074
-0.0015520267
0.0008513972
0.0021963332
0.0035418894
0.0050206178
0.0054437077
0.0053606573
0.0055944693
0.0057560486
0.0049180152
0.0028646675
0.0014701101
0.0009689096
-0.0002914810
-0.0023751587
-0.0036750793
-0.0034044501
-0.0028016949
-0.0016577539
-0.0004121626
0.0003274498
0.0017196084
0.0036542493
0.0043025776
0.0052066180
0.0048749861
0.0037615748
0.0029386976
0.0019418434
0.0005034560
-0.0007747000
-0.0023170212
-0.0033970899
-0.0036894943
-0.0027756929
-0.0015508676
-0.0019097217
-0.0023704814
-0.0023419921
-0.0021690971
-0.0020566154
-0.0020529931
-0.0021366518
-0.0023016169
-0.0023082111
-0.0017306300
-0.0002130290
0.0012104426
0.0023993542
0.0033286469
0.0041345562
0.0047926284
0.0048502858
0.0047435598
0.0048380085
0.0049477878
0.0049776644
0.0049617396
0.0049489885
0.0049427539
0.0049473253
0.0049535857
0.0049775490
0.0049994730
0.0049965794
0.0050141215
0.0051026720
0.0050857571
0.0046607933
0.0037783754
0.0032480396
0.0033117093
0.0028324739
0.0015126578
0.0011316745
0.0016857232
0.0025959778
0.0038427809
0.0052351949
0.0061014797
0.0065616803
0.0069121735
0.0072588432
0.0068763727
0.0061418550
0.0051977056
0.0043872547
0.0031881259
0.0021422339
0.0016895348
0.0011241295
-0.0000650813
-0.0009713274
-0.0018723120
-0.0026712087
-0.0036291616
-0.0044704843
-0.0054923253
-0.0064625119
-0.0074218334
-0.0076658013
-0.0073585478
-0.0073968725
-0.0076160941
-0.0077571141
-0.0074504286
-0.0065147808
-0.0054669291
-0.0047206388
-0.0042060133
-0.0036539433
-0.0025261858
-0.0017902288
-0.0011686502
-0.0007952738
-0.0015836208
-0.0023881735
-0.0027474410
-0.0037411985
-0.0046729475
-0.0055138947
-0.0057158891
-0.0058654304
-0.0070260433
-0.0082354719
-0.0090722353
-0.0099505601
-0.0108075205
-0.0112129706
-0.0109846064
-0.0110198646
-0.0112409664
-0.0113144609
-0.0108606728
-0.0097974003
-0.0090895741
-0.0087581674
-0.0075483287
-0.0059633929
-0.0047593975
-0.0042836917
-0.0041466366
-0.0041017619
-0.0041999876
-0.0049158314
-0.0058453784
-0.0061560813
-0.0061611681
-0.0059172740
-0.0056330211
-0.0059163484
-0.0057776288
-0.0048505798
-0.0037896898
-0.0030039619
-0.0023229667
-0.0015667394
-0.0005496693
-0.0008768395
-0.0022607122
-0.0024423966
-0.0025582804
-0.0037646110
-0.0044463904
-0.0044647899
-0.0040317326
-0.0035358145
-0.0028831692
-0.0021180781
-0.0018497380
-0.0018217025
-0.0023637824
-0.0024715457
-0.0015602266
-0.0003088527
-0.0001802465
-0.0006160401
-0.0006391567
-0.0004761016
-0.0003818418
-0.0003501958
-0.0003762256
-0.0004529556
-0.0005583556
-0.0004198885
0.0003178425
0.0014073262
0.0014704988
0.0016871037
0.0029510014
0.0039904488
0.0053199281
0.0062523295
0.0072730588
0.0085626890
0.0092498259
0.0104057111
0.0105045135
0.0102306569
0.0096183836
0.0084380550
0.0079688462
0.0069796360
0.0063969549
0.0055748034
0.0056044965
0.0071319756
0.0078840638
0.0087081069
0.0084904880
0.0082909525
0.0085485554
0.0087194579
0.0083571025
0.0073666683
0.0067176857
0.0062255294
0.0050836712
0.0046840808
0.0038868618
0.0031949434
0.0032405645
0.0032193219
0.0033099540
0.0041605386
0.0053184920
0.0049708280
0.0057205860
0.0072599852
0.0067905051
0.0065306937
0.0067112310
0.0069401693
0.0069826710
0.0064593445
0.0052103589
0.0039867974
0.0029279915
0.0025254773
0.0013183498
0.0015071318
0.0015269743
0.0015103295
0.0024634587
0.0037375086
0.0031776178
0.0029021094
0.0032119498
0.0033739229
0.0030327274
0.0019374046
0.0009966202
0.0014867366
0.0017766707
0.0016657261
0.0012832386
0.0002695441
-0.0008569144
-0.0013556712
-0.0024799218
-0.0033303259
-0.0042075396
-0.0035445149
-0.0023477554
-0.0017264291
-0.0022654728
-0.0024854446
-0.0023201362
-0.0022696346
-0.0020221542
-0.0013556895
-0.0003711173
0.0004960134
0.0016209486
0.0028021505
0.0032288659
0.0029761345
0.0030983336
0.0028315394
0.0015405438
0.0000814045
-0.0006423657
-0.0014238984
-0.0020662275
-0.0021033306
-0.0019462961
-0.0020229303
-0.0024866081
-0.0034555927
-0.0041524837
-0.0040814897
-0.0039378757
-0.0039965578
-0.0037365603
-0.0031254045
-0.0030561582
-0.0036530208
-0.0043108136
-0.0041635331
-0.0039259184
-0.0039557440
-0.0040177871
-0.0041147395
-0.0042030743
-0.0041594609
-0.0035902855
-0.0025671069
-0.0021142210
-0.0024444945
-0.0021727592
-0.0011046794
-0.0002188657
0.0005227433
0.0016025264
0.0011387753
0.0011498178
0.0018436745
0.0022467875
0.0012821489
0.0003768171
-0.0011694717
-0.0018881340
-0.0028809312
-0.0042388681
-0.0047042811
-0.0055945557
-0.0050553195
-0.0053702454
-0.0045677964
-0.0041479912
-0.0039423209
-0.0042021013
-0.0043483224
-0.0038426477
-0.0027279203
-0.0017467328
-0.0022602106
-0.0024055288
-0.0023570236
-0.0027317717
-0.0033912226
-0.0037763866
-0.0042298454
-0.0037385333
-0.0026262823
-0.0016289201
-0.0014716244
-0.0006930352
0.0003884334
0.0016202760
0.0028865827
0.0033174177
0.0031767768
0.0034889347
0.0034431344
0.0030587300
0.0030509301
0.0024641748
0.0015586612
0.0008322141
-0.0001278765
-0.0005457229
-0.0001454357
0.0000204640
-0.0001992288
-0.0009987598
-0.0022216903
-0.0023852213
-0.0019584592
-0.0019518959
-0.0021179519
-0.0022255411
-0.0022432043
-0.0021833045
-0.0020704657
-0.0020770151
-0.0025606894
-0.0035771596
-0.0040920552
-0.0039008382
-0.0039113583
-0.0038960738
-0.0031292123
-0.0019239739
-0.0021609798
-0.0025993396
-0.0023691204
-0.0014649892
-0.0002834983
-0.0003572903
0.0001009357
0.0013911590
0.0014696766
0.0016816049
0.0022910274
0.0017956286
0.0010651162
0.0013567703
0.0014637317
0.0012996600
0.0012964869
0.0018462034
0.0029435807
0.0032648957
0.0030804654
0.0039223383
0.0049228363
0.0038878543
0.0037909946
0.0036028600
0.0029839572
0.0032308427
0.0032807833
0.0031701763
0.0031726086
0.0032032614
0.0031338246
0.0029658170
0.0027487559
0.0025566878
0.0023736538
0.0021871881
0.0019648918
0.0018449648
0.0017075267
0.0012750872
0.0003917860
-0.0004400753
-0.0005175239
-0.0002653978
-0.0003245836
-0.0004655029
-0.0004462290
-0.0003123131
-0.0002944787
-0.0007995397
-0.0019335216
-0.0025798277
-0.0022646974
-0.0020319347
-0.0011580336
0.0006635326
0.0023288833
0.0030385071
0.0033708715
0.0044150871
0.0052384204
0.0059793493
0.0066838093
0.0067229416
0.0066978483
0.0067623326
0.0062909021
0.0050982527
0.0042924671
0.0034912307
0.0027582998
0.0017483462
0.0007614939
-0.0002681844
-0.0005388557
0.0001611513
0.0011596886
0.0016710842
0.0013272066
0.0007354428
-0.0001040024
-0.0006644620
-0.0013383967
-0.0013367341
-0.0023199015
-0.0034447648
-0.0029503900
-0.0027803968
-0.0030823514
-0.0032672214
-0.0028220087
-0.0016235052
-0.0009355165
-0.0015322384
-0.0016810458
-0.0010198371
0.0001716293
0.0007958965
0.0005855455
0.0008034965
0.0007418742
0.0003620742
0.0003071163
-0.0003827828
-0.0012189448
-0.0013137885
-0.0012789708
-0.0018167520
-0.0022727535
-0.0024131893
-0.0027203651
-0.0024487295
-0.0016893613
-0.0014307513
-0.0013795468
-0.0009831050
0.0002907341
0.0012598412
0.0020429728
0.0022109324
0.0022645586
0.0030739261
0.0036544683
0.0035217106
0.0024117343
0.0017175969
0.0013084765
0.0006995776
0.0002846379
-0.0005374501
-0.0012391962
-0.0011167434
-0.0010052707
-0.0017670239
-0.0030620483
-0.0033121018
-0.0028924740
-0.0029379033
-0.0031905071
-0.0031718111
-0.0023930932
-0.0011988064
-0.0011327351
-0.0006565012
0.0001880776
-0.0009001082
-0.0016741702
-0.0013335957
-0.0010937688
-0.0012204408
-0.0013062668
-0.0010338936
-0.0003465857
0.0000646039
0.0006698934
0.0005231603
-0.0004552001
-0.0018920131
-0.0021718620
-0.0031992447
-0.0037277217
-0.0050807984
-0.0057804770
-0.0067913947
-0.0064854979
-0.0068576836
-0.0082438133
-0.0086802815
-0.0083588314
-0.0083445338
-0.0084954284
-0.0080555467
-0.0070134304
-0.0062080322
-0.0053900539
-0.0038808071
-0.0019866884
-0.0010255410
-0.0006583764
0.0006582445
0.0003552082
0.0001403973
0.0003617464
0.0005568106
0.0007255991
0.0005386597
-0.0004246611
-0.0017561127
-0.0013240076
-0.0014048478
-0.0018013413
-0.0011558448
-0.0012584935
-0.0005994658
0.0009640802
0.0015580290
0.0026326891
0.0022497000
0.0020109085
0.0021426383
0.0022968771
0.0030153236
0.0041426041
0.0043617215
0.0039354314
0.0039220234
0.0040635742
0.0042291784
0.0043120623
0.0041439846
0.0033773200
0.0023787577
0.0022002218
0.0025572696
0.0025211955
0.0024394455
0.0023825466
0.0022947362
0.0022178547
0.0023343184
0.0030567299
0.0040999390
0.0043352445
0.0039798265
0.0039451129
0.0040542643
0.0040596918
0.0040588539
0.0040500489
0.0040337656
0.0040188440
0.0040664312
0.0041121608
0.0040006451
0.0034861464
0.0028115095
0.0024744652
0.0021264958
0.0023031835
0.0023616567
0.0021268996
0.0020020732
0.0021464121
0.0029104482
0.0038939967
0.0040220833
0.0035492679
0.0037987813
0.0049880854
0.0064205718
0.0068232331
0.0068470077
0.0055738336
0.0051629535
0.0050209075
0.0041106389
0.0037358523
0.0039119823
0.0038252357
0.0039399983
0.0048703012
0.0061393090
0.0067282480
0.0074565615
0.0071270667
0.0070158974
0.0072422867
0.0073960901
0.0074909111
0.0071935638
0.0062497886
0.0049918876
0.0040935140
0.0021250704
0.0003435425
-0.0001910432
-0.0000417519
-0.0000525888
0.0003421925
0.0001423825
-0.0001244205
-0.0005635234
-0.0012810542
-0.0016473114
-0.0016891184
-0.0004081616
0.0005871437
-0.0000438177
-0.0003244432
-0.0001854680
-0.0000752780
-0.0000539681
0.0000534365
0.0005293279
0.0011035538
0.0014667142
0.0019653297
0.0015388099
0.0002911362
-0.0012153048
-0.0019006144
-0.0028704528
-0.0041752034
-0.0048549953
-0.0055467849
-0.0053761531
-0.0054560462
-0.0053860794
-0.0043698483
-0.0028276931
-0.0019628652
-0.0008512035
-0.0000418970
-0.0003886295
-0.0005128825
-0.0009540453
-0.0021873187
-0.0034056174
-0.0040885767
-0.0035316603
-0.0033965675
-0.0038944882
-0.0047551613
-0.0056102768
-0.0057170507
-0.0053616587
-0.0057316821
-0.0069162685
-0.0078657785
-0.0074926400
-0.0073990556
-0.0072247712
-0.0061171591
-0.0046809323
-0.0035151751
-0.0023484784
-0.0015545612
-0.0002081817
0.0014452508
0.0025958125
0.0037754269
0.0043645268
0.0044101170
0.0031073217
0.0023032851
0.0015759004
-0.0001422036
-0.0018263173
-0.0020485959
-0.0018417128
-0.0027052504
-0.0034506308
-0.0028102432
-0.0017430373
-0.0019707238
-0.0014629733
-0.0005289920
-0.0009378006
-0.0021730236
-0.0022517361
-0.0020198108
-0.0031673622
-0.0049954450
-0.0056389426
-0.0056210195
-0.0053512251
-0.0054948561
-0.0058166898
-0.0059084582
-0.0054978670
-0.0044853321
-0.0036212639
-0.0037810633
-0.0029122723
-0.0017732168
-0.0021403713
-0.0023224853
-0.0021529489
-0.0020148287
-0.0020949552
-0.0021948587
-0.0018577172
-0.0008160798
0.0001069778
-0.0003270464
-0.0004338574
-0.0004027744
-0.0010171340
-0.0020039774
-0.0022919941
-0.0020333657
-0.0018766751
-0.0012985514
-0.0004116576
-0.0002401497
-0.0004123372
0.0002721418
0.0012844254
0.0014723071
0.0015144327
0.0026836488
0.0038340143
0.0030648636
0.0018463902
0.0009869740
0.0010078961
0.0001356115
-0.0010530907
-0.0019598902
-0.0022739813
-0.0016973821
-0.0007125054
0.0001084409
-0.0004102007
-0.0005140191
-0.0004455630
-0.0010286087
-0.0020341286
-0.0023324482
-0.0018757583
-0.0013303134
-0.0007849033
-0.0006977876
-0.0008392569
-0.0016157431
-0.0019343280
-0.0021860548
-0.0019924182
-0.0019315038
-0.0020553428
-0.0020921632
-0.0021352479
-0.0021492458
-0.0021630184
-0.0020712847
-0.0020522662
-0.0021521141
-0.0022558664
-0.0019741783
-0.0009857089
0.0002420828
0.0007451192
0.0016642603
0.0020721548
0.0030010153
0.0033897234
0.0031214963
0.0032069936
0.0034125245
0.0033410541
0.0026298637
0.0016294659
0.0014068100
0.0017477007
0.0017298571
0.0015716635
0.0014980567
0.0014384307
0.0014079773
0.0016224301
0.0022204202
0.0027017454
0.0022675411
0.0018420018
0.0018412604
0.0021013090
0.0015148352
0.0014930544
0.0015264979
0.0016145910
0.0023199413
0.0032881416
0.0034913658
0.0030873517
0.0030981759
0.0034481303
0.0039150816
0.0038603046
0.0030156523
0.0026818108
0.0022088219
0.0018867717
0.0015355895
0.0015100500
0.0011863341
0.0009231036
0.0017174101
0.0014510872
0.0014490246
0.0024316298
0.0036351640
0.0031338991
0.0034662156
0.0048839495
0.0054407353
0.0050167570
0.0044212919
0.0035795213
0.0031748113
0.0025814550
0.0007082666
-0.0000655546
-0.0001857749
-0.0000880406
-0.0005433558
-0.0009777027
-0.0002557593
-0.0002408668
0.0005130757
0.0019514422
0.0019552842
0.0024171530
0.0023546757
0.0018581639
0.0008703905
-0.0001192803
-0.0011725773
-0.0023443034
-0.0027908045
-0.0039749366
-0.0037170288
-0.0036597292
-0.0038349658
-0.0034140268
-0.0024294113
-0.0019364531
-0.0017456797
-0.0006715761
-0.0001816510
-0.0005432538
-0.0004763627
0.0000130575
0.0003943133
0.0000041237
0.0004365201
-0.0003516905
-0.0010067149
-0.0019404458
-0.0017938556
-0.0003103037
0.0001109244
0.0000784997
0.0010489030
0.0017608354
0.0018606013
0.0019764208
0.0011695303
0.0014966566
0.0017174978
0.0010665087
-0.0000968934
-0.0005098421
-0.0004941665
-0.0012449531
-0.0016013181
-0.0021667266
-0.0020434858
-0.0020346188
-0.0021089399
-0.0016160290
-0.0006014282
-0.0000850951
0.0003483130
0.0018024815
0.0024698604
0.0035385353
0.0030529763
0.0029124616
0.0038130922
0.0049790122
0.0049755747
0.0038646267
0.0036833329
0.0030645103
0.0023505152
0.0012143766
0.0017454602
0.0019296545
0.0010881873
-0.0002019451
-0.0005899525
-0.0001422300
-0.0001356861
-0.0002934160
-0.0002262160
0.0001353961
0.0002228992
-0.0006232910
-0.0000464284
0.0009279336
0.0010591220
0.0014563084
0.0013674809
0.0018408888
0.0025095007
0.0018746219
0.0012196843
0.0014014368
0.0006674541
-0.0007101014
-0.0007139844
-0.0016458766
-0.0028111480
-0.0036072193
-0.0040791526
-0.0041654998
-0.0045003036
-0.0042483269
-0.0050032216
-0.0045474043
-0.0041162690
-0.0050112695
-0.0050680574
-0.0053688081
-0.0060259264
-0.0058266413
-0.0057382990
-0.0059310694
-0.0059558006
-0.0054250735
-0.0043273612
-0.0038757329
-0.0037466575
-0.0027500450
-0.0021638342
-0.0020167222
-0.0012385904
-0.0008946415
-0.0004071037
-0.0007074691
-0.0007212833
-0.0000274919
0.0011641287
0.0014810579
0.0011265675
0.0015842726
0.0023617457
0.0021472803
0.0019954537
0.0021531167
0.0021524302
0.0017360134
0.0009887357
0.0007269954
-0.0001646275
-0.0006751455
-0.0009141092
-0.0019960084
-0.0025595858
-0.0028028710
-0.0039335019
-0.0044808485
-0.0041121898
-0.0041075863
-0.0043474776
-0.0044018444
-0.0038887604
-0.0028485028
-0.0023815989
-0.0022480172
-0.0012183239
-0.0006779955
-0.0010018603
-0.0010421012
-0.0008821156
-0.0007837574
-0.0008291388
-0.0010100136
-0.0010414008
-0.0004097719
0.0007969906
0.0011953821
0.0007154034
0.0006103084
0.0008161895
0.0010133053
0.0008742986
0.0001124361
-0.0008644336
-0.0010184407
-0.0007836937
-0.0014927389
-0.0026630472
-0.0029821413
-0.0026295520
-0.0026458403
-0.0028078133
-0.0026988714
-0.0022095582
-0.0016951605
-0.0009088350
0.0004270982
0.0012575212
0.0018908572
0.0029687674
0.0039056355
0.0045376105
0.0042199531
0.0038983851
0.0035003399
0.0032422265
0.0027902448
0.0020497430
0.0009721798
0.0004101838
0.0001268401
-0.0000342199
-0.0000283421
-0.0001351220
-0.0001470445
0.0002060760
0.0007547269
0.0007493403
0.0010313710
0.0017223133
0.0016455018
0.0014892547
0.0016298010
0.0017575696
0.0016217701
0.0010781355
0.0003660257
0.0007601525
0.0014406322
0.0019719649
0.0015010430
0.0013800579
0.0019157575
0.0027068632
0.0030174272
0.0036227536
0.0034087867
0.0026349442
0.0014083654
0.0008078981
0.0006648867
0.0003812725
-0.0003470068
-0.0008560058
-0.0012284591
-0.0009632309
-0.0010258489
-0.0018778064
-0.0029415963
-0.0031899506
-0.0028760286
-0.0028810618
-0.0027061426
-0.0021535597
-0.0019177798
-0.0024573687
-0.0028509169
-0.0024853348
-0.0017422202
-0.0014141847
-0.0010172981
-0.0003840253
0.0004890530
0.0008547697
0.0012428217
0.0014194930
0.0013731122
0.0014848538
0.0014687327
0.0010257649
0.0004012565
0.0006117162
0.0008120946
0.0002333631
-0.0009599941
-0.0018783787
-0.0027262350
-0.0036239347
-0.0040289129
-0.0037222324
-0.0033548325
-0.0029363063
-0.0030066062
-0.0020065738
-0.0002955386
0.0004463065
0.0012776950
0.0020664458
0.0023832962
0.0027888138
0.0034349685
0.0039538725
0.0042933669
0.0041169227
0.0038265500
0.0033129334
0.0028738852
0.0021442814
0.0014614015
0.0014906347
0.0012535682
0.0009069099
0.0014701410
0.0014659401
0.0013519031
0.0018298690
0.0024940572
0.0022796341
0.0021970052
0.0023132240
0.0021290619
0.0016066945
0.0013453568
0.0021638437
0.0026918469
0.0023440535
0.0021746874
0.0022778397
0.0024152948
0.0024621854
0.0021075436
0.0012669055
0.0005327343
0.0000524517
-0.0010311578
-0.0020085166
-0.0029606924
-0.0033563335
-0.0040850483
-0.0047424934
-0.0051255109
-0.0061452962
-0.0068822975
-0.0069996628
-0.0075740720
-0.0074988991
-0.0074812637
-0.0074549084
-0.0070054929
-0.0064363396
-0.0061809298
-0.0056477572
-0.0052229119
-0.0045843263
-0.0042508457
-0.0040801577
-0.0039203325
-0.0031140945
-0.0022193249
-0.0021505607
-0.0020909859
-0.0011991528
-0.0003171065
-0.0000063563
0.0003265158
0.0003853022
0.0007833719
0.0015808635
0.0016023106
0.0012849012
0.0008022251
0.0003996790
0.0011334519
0.0014079824
0.0003352124
0.0003430072
0.0006989731
0.0011970674
0.0017038002
0.0015626754
0.0017394969
0.0018999159
0.0019512763
0.0031569778
0.0035338365
0.0031071677
0.0030414436
0.0033886047
0.0040511846
0.0044029183
0.0042138460
0.0038626070
0.0030800420
0.0021147681
0.0012446458
0.0004055030
-0.0001559807
-0.0002167526
-0.0001256351
0.0000321567
0.0005115718
0.0008562910
0.0018470792
0.0028397956
0.0032306812
0.0030246637
0.0029891898
0.0032431395
0.0033844826
0.0029661546
0.0017593438
0.0007771134
-0.0000622905
-0.0008976588
-0.0013189940
-0.0016123902
-0.0020979681
-0.0019983208
-0.0021326231
-0.0026108086
-0.0028270186
-0.0024675208
-0.0023323460
-0.0021916957
-0.0026662916
-0.0027500487
-0.0027330033
-0.0031677199
-0.0030687510
-0.0030674178
-0.0031281782
-0.0028173989
-0.0019781313
-0.0012391558
-0.0006538366
0.0004880555
0.0012761964
0.0023816103
0.0027831099
0.0031597332
0.0029139986
0.0022191387
0.0018282607
0.0008965521
0.0003936971
0.0002168529
-0.0004683415
-0.0003244921
0.0001818518
0.0008558096
0.0012056656
0.0019856713
0.0026040453
0.0033189654
0.0044479337
0.0047607434
0.0056383249
0.0060465948
0.0058850325
0.0056889433
0.0050028070
0.0040312083
0.0034763123
0.0031864955
0.0024502262
0.0012566688
0.0006571788
0.0004453046
-0.0003511123
-0.0014939403
-0.0021644949
-0.0021709105
-0.0019869755
-0.0016632174
-0.0007587190
0.0000179304
0.0004759773
0.0010735458
0.0023594010
0.0027735111
0.0031774305
0.0031385076
0.0027086702
0.0022620398
0.0023249215
0.0021021053
0.0014705587
0.0015442412
0.0015331300
0.0009669359
0.0001957436
0.0005362121
0.0012064751
0.0018139865
0.0015042615
0.0013575369
0.0013444621
0.0009398897
0.0003285093
0.0006573927
0.0007313043
0.0001131526
-0.0006300684
-0.0004470784
-0.0001669505
0.0002140662
0.0007406917
0.0004175553
0.0005242585
0.0010821566
0.0011240638
-0.0003514344
-0.0006365924
-0.0001591259
-0.0003192327
-0.0008243037
-0.0008506786
-0.0001139047
-0.0002511732
-0.0003967333
-0.0003243873
-0.0004269177
-0.0008751820
-0.0014637752
-0.0017122583
-0.0022783501
-0.0026775228
-0.0031017446
-0.0029016841
-0.0028550371
-0.0030319167
-0.0029499313
-0.0024215571
-0.0017093565
-0.0014596935
-0.0012656934
-0.0011013271
-0.0005395161
-0.0003914515
-0.0010709109
-0.0014106860
-0.0014370596
-0.0019015912
-0.0019895479
-0.0012621632
-0.0009546246
-0.0012497547
-0.0013404662
-0.0012573830
-0.0011932141
-0.0011893482
-0.0012329818
-0.0012149319
-0.0009822992
-0.0004412188
0.0000501760
0.0003683908
0.0007982380
0.0013502607
0.0018108562
0.0022556500
0.0023660690
0.0022841026
0.0023902273
0.0024423051
0.0020993190
0.0014400094
0.0013465872
0.0018561732
0.0023697223
0.0023538460
0.0024707854
0.0033939042
0.0041861348
0.0041712088
0.0039265323
0.0036920793
0.0033170258
0.0032444835
0.0029346399
0.0019774417
0.0015724679
0.0022437399
0.0025134006
0.0022073814
0.0020851072
0.0021970109
0.0022364170
0.0018071746
0.0009336621
0.0005377245
0.0008921902
0.0005950037
0.0002641301
0.0003314297
0.0000447713
-0.0006289029
-0.0011124472
-0.0015146333
-0.0016150043
-0.0015348474
-0.0016107320
-0.0017121409
-0.0017474956
-0.0017419470
-0.0017681376
-0.0017935723
-0.0017584050
-0.0017501469
-0.0020225959
-0.0026267070
-0.0031181528
-0.0038520838
-0.0045219538
-0.0045180368
-0.0043812820
-0.0044329307
-0.0045317318
-0.0045999982
-0.0046577501
-0.0046123032
-0.0042753882
-0.0037102624
-0.0036543888
-0.0039329997
-0.0039643187
-0.0035058924
-0.0025254482
-0.0018671349
-0.0020569196
-0.0022639118
-0.0018352675
-0.0008881256
-0.0001908585
0.0003150751
0.0015439352
0.0027554466
0.0038108548
0.0050069853
0.0054808998
0.0057796245
0.0060503679
0.0061029984
0.0058527398
0.0049652042
0.0040089480
0.0035272347
0.0033336353
0.0025777720
0.0014346349
0.0004605167
-0.0003836976
-0.0009621507
-0.0010162942
-0.0009505422
-0.0007146721
0.0001132284
0.0008285734
0.0008150765
0.0006240152
0.0003521771
-0.0004626218
-0.0011680570
-0.0013105448
-0.0016421041
-0.0021698076
-0.0030574448
-0.0037999947
-0.0037448397
-0.0035728268
-0.0036696385
-0.0038161719
-0.0039322362
-0.0039462202
-0.0035551516
-0.0026341858
-0.0019757463
-0.0020394041
-0.0019141019
-0.0013055513
-0.0012494360
-0.0017610847
-0.0016900333
-0.0015124117
-0.0013507162
-0.0009621337
-0.0010931246
-0.0011840185
-0.0013704054
-0.0019505557
-0.0022959647
-0.0019101047
-0.0010645597
0.0000842516
0.0011307356
0.0018728300
0.0030131979
0.0047674713
0.0056255782
0.0063173653
0.0070147806
0.0066505955
0.0059010450
0.0047842505
0.0034661544
0.0023343714
0.0016554698
0.0009878895
0.0006701268
0.0007692554
0.0009580690
0.0014326675
0.0017042488
0.0015103579
0.0013594077
0.0009296265
0.0003525865
-0.0000462962
-0.0008614541
-0.0013552876
-0.0017639038
-0.0024060254
-0.0019491493
-0.0005515568
0.0011735023
0.0017179817
0.0023577561
0.0047172676
0.0066414970
0.0075180930
0.0076691138
0.0079176183
0.0081941060
0.0075968623
0.0070116889
0.0055524484
0.0041539450
0.0035994774
0.0028675813
0.0018897265
0.0008338559
-0.0001633020
-0.0009566140
-0.0011704831
-0.0009114125
-0.0009900386
-0.0012018463
-0.0012613417
-0.0011520527
-0.0010580412
-0.0011536490
-0.0016592959
-0.0024446800
-0.0026167491
-0.0027370459
-0.0018677350
-0.0015587729
-0.0006143000
0.0004027114
0.0011683385
0.0014932614
0.0011413503
0.0012504418
0.0018998983
0.0026719015
0.0023834022
0.0022337209
0.0023781955
0.0023835183
0.0019945597
0.0012899747
0.0010194496
-0.0000466807
-0.0009185045
-0.0013314681
-0.0014679989
-0.0020684151
-0.0021207080
-0.0020150155
-0.0021003449
-0.0021813700
-0.0021929633
-0.0018920712
-0.0013136939
-0.0008781709
-0.0000000037
0.0005215906
0.0003270236
0.0002805820
0.0003705017
0.0003713527
0.0003294083
0.0007047395
0.0017775111
0.0028288206
0.0032537889
0.0029629146
0.0025832734
0.0021372865
0.0018763747
0.0014864836
0.0012427037
0.0010653970
0.0008035438
0.0012588241
0.0014307576
0.0009167845
0.0003221341
0.0002532701
0.0001643630
-0.0004481859
-0.0009800366
-0.0014540256
-0.0015567658
-0.0013961928
-0.0014344184
-0.0015441504
-0.0016239835
-0.0015611838
-0.0012782477
-0.0009670343
-0.0013772564
-0.0017544470
-0.0018319960
-0.0023268251
-0.0026596691
-0.0024598635
-0.0024305875
-0.0025160204
-0.0025527449
-0.0025296315
-0.0025406437
-0.0027562271
-0.0032887423
-0.0038001064
-0.0041464782
-0.0044397766
-0.0043703758
-0.0041556044
-0.0034513154
-0.0024487983
-0.0018527105
-0.0015840228
-0.0012008671
-0.0007962196
-0.0009335933
-0.0009177593
-0.0008259259
-0.0008504110
-0.0009271764
-0.0008073270
-0.0001372758
0.0008594117
0.0012712402
0.0014021371
0.0018130003
0.0017289479
0.0017087129
0.0018028626
0.0018654837
0.0018987102
0.0017620557
0.0013331408
0.0007830306
0.0003497579
-0.0007342824
-0.0015564945
-0.0016929344
-0.0015247363
-0.0020226747
-0.0027991187
-0.0026291564
-0.0026304593
-0.0025949658
-0.0020987473
-0.0014378054
-0.0017743103
-0.0023322236
-0.0028815533
-0.0030629057
-0.0041613998
-0.0052092485
-0.0054008578
-0.0046617075
-0.0040724619
-0.0044338197
-0.0041240898
-0.0033961573
-0.0035999014
-0.0037865192
-0.0036687760
-0.0032566074
-0.0025412665
-0.0022554380
-0.0018374040
-0.0017978603
-0.0014031460
-0.0007461792
-0.0011693903
-0.0019903411
-0.0018832907
-0.0016722912
-0.0016934373
-0.0018159532
-0.0018523893
-0.0015729569
-0.0009563156
-0.0005495601
-0.0001168812
0.0002532107
0.0007375546
0.0012147180
0.0016979253
0.0018142098
0.0016588574
0.0016639783
0.0018269117
0.0021362688
0.0023547622
0.0019332465
0.0019254005
0.0023668199
0.0020493171
0.0018489468
0.0024997643
0.0027992947
0.0027546245
0.0034839469
0.0046319192
0.0053125364
0.0055667151
0.0059086582
0.0062798931
0.0062500335
0.0062703303
0.0061237123
0.0055921707
0.0051068906
0.0048359825
0.0044791556
0.0039665170
0.0029066366
0.0018394483
0.0011603644
0.0009885912
0.0010782238
0.0005094664
-0.0001588231
0.0000139196
0.0001483968
0.0000388178
-0.0001155130
-0.0000386711
0.0006569479
0.0018225486
0.0025321686
0.0027187801
0.0029565331
0.0036515368
0.0035483007
0.0034629889
0.0035557145
0.0035858480
0.0036113571
0.0036261336
0.0036912635
0.0036869490
0.0036304217
0.0033077002
0.0026353183
0.0022783344
0.0012637854
0.0007061762
0.0006797124
0.0000312641
-0.0002551753
-0.0009564531
-0.0012825054
-0.0013412190
-0.0007005518
-0.0007258938
-0.0010290472
-0.0009485377
-0.0004638602
0.0000972178
-0.0002944677
-0.0006996987
-0.0003219227
-0.0008200756
-0.0012720087
-0.0017593495
-0.0020538733
-0.0026189234
-0.0030747647
-0.0035710475
-0.0035540052
-0.0034377725
-0.0035210570
-0.0035617086
-0.0035919235
-0.0036013002
-0.0036629030
-0.0036204909
-0.0032972168
-0.0027096224
-0.0026058246
-0.0027327787
-0.0026973148
-0.0026726631
-0.0029309665
-0.0034798097
-0.0036312123
-0.0034971082
-0.0034608322
-0.0031849225
-0.0026718164
-0.0026310688
-0.0028365120
-0.0027789733
-0.0026482051
-0.0026476107
-0.0029931648
-0.0035280121
-0.0034783118
-0.0029489394
-0.0031368331
-0.0036547364
-0.0037837663
-0.0044510254
-0.0053322432
-0.0055985516
-0.0058320935
-0.0063908220
-0.0069985397
-0.0073729022
-0.0069790177
-0.0060861176
-0.0051306009
-0.0046440431
-0.0044800913
-0.0038707439
-0.0026904594
-0.0016958381
-0.0011380611
-0.0008858270
-0.0005716027
0.0001571374
0.0005689761
0.0009771209
0.0007868246
0.0007433986
0.0008913119
0.0009804549
0.0008182471
0.0002847488
-0.0001982397
0.0000078856
0.0000881682
0.0001858240
0.0006052556
0.0009908607
0.0009140815
0.0015251565
0.0026389356
0.0029471645
0.0024745927
0.0019755330
0.0015743047
0.0014617378
0.0009002306
0.0006103933
-0.0004725066
-0.0015697889
-0.0023787571
-0.0027483811
-0.0024412406
-0.0024986891
-0.0027339933
-0.0027612111
-0.0023350642
-0.0015785820
-0.0012633021
-0.0003273828
0.0000650288
-0.0001969751
0.0002910347
0.0010911036
0.0009055174
0.0007215061
0.0007269355
0.0008377703
0.0013514160
0.0021071183
0.0022655283
0.0027163434
0.0027035834
0.0030271188
0.0033409393
0.0025212990
0.0025852376
0.0023364441
0.0016928228
0.0018054691
0.0015323400
0.0011463494
0.0015537183
0.0009219716
0.0013468396
0.0016352121
0.0006227755
0.0007689488
0.0009818853
0.0009025897
0.0007835865
0.0008526257
0.0013967146
0.0020907663
0.0017978004
0.0016354765
0.0017437944
0.0018239115
0.0018523376
0.0017835659
0.0017183925
0.0018176940
0.0023228942
0.0029410177
0.0027169062
0.0029934816
0.0037267097
0.0036685078
0.0034974426
0.0034670302
0.0035247979
0.0036025527
0.0036989467
0.0036681753
0.0031702015
0.0021716329
