0.0001025815
0.0001002654
0.0000992009
0.0000985297
0.0000989511
0.0000983777
0.0000976208
0.0000950434
0.0000917112
0.0000852410
0.0000796256
0.0000719912
0.0000684515
0.0000683693
0.0000710901
0.0000717809
0.0000715372
0.0000695352
0.0000670212
0.0000654146
0.0000661974
0.0000644172
0.0000608150
0.0000602743
0.0000780472
0.0001156605
0.0001453030
0.0001506290
0.0001469533
0.0001548249
0.0001968113
0.0002539550
0.0002716338
0.0002404722
0.0001785485
0.0001175367
0.0000551548
-0.0000210938
-0.0000875353
-0.0001516727
-0.0001938808
-0.0002109847
-0.0002314068
-0.0002698155
-0.0003279407
-0.0004113562
-0.0005020945
-0.0005765599
-0.0005714968
-0.0005227487
-0.0004481811
-0.0002970510
-0.0000724062
0.0002190244
0.0005258516
0.0007289640
0.0008644252
0.0008738969
0.0007684910
0.0006295756
0.0005203080
0.0004068442
0.0002983099
0.0001828753
0.0000392435
-0.0000975399
-0.0002484099
-0.0004015340
-0.0005083359
-0.0004977601
-0.0003876635
-0.0002538567
-0.0001951139
-0.0002741825
-0.0003332700
-0.0004326665
-0.0005666480
-0.0006318509
-0.0006304201
-0.0004591184
-0.0001133875
0.0003742457
0.0010080304
0.0016710333
0.0021110680
0.0023912541
0.0025079434
0.0023877973
0.0022120840
0.0021421636
0.0022342719
0.0024551734
0.0026980105
0.0028552504
0.0025639800
0.0016751964
0.0003424471
-0.0010265369
-0.0020787386
-0.0025918159
-0.0025971216
-0.0021284638
-0.0015553663
-0.0010492730
-0.0006064945
-0.0002342753
0.0001376509
0.0004450565
0.0008121253
0.0012074903
0.0015764061
0.0018108906
0.0015486429
0.0010212823
0.0007593366
0.0008577820
0.0010520040
0.0014564136
0.0020787973
0.0025831419
0.0027321661
0.0022253525
0.0009664276
-0.0005764405
-0.0019613975
-0.0028901512
-0.0030623794
-0.0028052156
-0.0023651304
-0.0017120215
-0.0010549416
-0.0006845936
-0.0006915383
-0.0009081756
-0.0011329036
-0.0008810068
0.0002099870
0.0017787582
0.0032487990
0.0042576001
0.0043696934
0.0030354892
0.0008523622
-0.0008553697
-0.0011582497
-0.0000818942
0.0018247080
0.0033976145
0.0034374692
0.0020623305
-0.0002718438
-0.0029529023
-0.0052238604
-0.0061590977
-0.0053273095
-0.0039885943
-0.0030721090
-0.0030558026
-0.0041379614
-0.0061502253
-0.0083247943
-0.0095669532
-0.0094036264
-0.0078144438
-0.0056237453
-0.0036666963
-0.0025743185
-0.0025459394
-0.0029463779
-0.0034648398
-0.0033429678
-0.0019636543
0.0006351999
0.0037585779
0.0066834874
0.0083478601
0.0085818151
0.0075168143
0.0055020848
0.0036230558
0.0023265704
0.0013008726
0.0005318107
-0.0004940145
-0.0019387865
-0.0038382029
-0.0060754235
-0.0083840106
-0.0104518584
-0.0121133142
-0.0129312823
-0.0121139570
-0.0092824774
-0.0051090823
-0.0006627939
0.0033739335
0.0061284852
0.0071028328
0.0074457161
0.0084225872
0.0098163568
0.0113677507
0.0124523405
0.0122525453
0.0104486166
0.0072802258
0.0033768345
-0.0007109786
-0.0046521557
-0.0075452093
-0.0088645836
-0.0091985434
-0.0085151199
-0.0067831687
-0.0042951717
-0.0019465246
-0.0003986517
0.0013644946
0.0034763658
0.0059878834
0.0083987058
0.0099517171
0.0094725127
0.0062160350
0.0009597470
-0.0042259259
-0.0076839981
-0.0090115563
-0.0083364828
-0.0069463697
-0.0052489445
-0.0037591550
-0.0028281639
-0.0023109510
-0.0012651064
0.0003282941
0.0029656517
0.0062810519
0.0099479431
0.0138073469
0.0166231083
0.0173362539
0.0162203383
0.0139864472
0.0115276145
0.0077533406
0.0034421003
-0.0003261017
-0.0042176009
-0.0086557819
-0.0137755649
-0.0183357623
-0.0215630514
-0.0230411007
-0.0221524560
-0.0185253414
-0.0127774804
-0.0058483662
0.0008052995
0.0055183512
0.0088948864
0.0115099333
0.0137080057
0.0161796534
0.0192323075
0.0224164511
0.0244815271
0.0244419897
0.0219081673
0.0171871937
0.0107098054
0.0032210433
-0.0050278247
-0.0125498846
-0.0172141925
-0.0189928297
-0.0188568611
-0.0175329456
-0.0154905552
-0.0131314162
-0.0105808112
-0.0077475620
-0.0046390351
-0.0006317386
0.0040321297
0.0085071641
0.0119059087
0.0136155835
0.0134731867
0.0117435980
0.0088541117
0.0054616530
0.0017970304
-0.0020253914
-0.0060144088
-0.0112006706
-0.0162825406
-0.0207056842
-0.0240722459
-0.0257454177
-0.0257417612
-0.0236505573
-0.0197889417
-0.0148224145
-0.0090593952
-0.0034350865
0.0014723564
0.0045662338
0.0055233120
0.0051345383
0.0043061682
0.0030867772
0.0015683355
0.0000640328
-0.0010846721
-0.0017563490
-0.0021892539
-0.0023559504
-0.0018384859
-0.0004874234
0.0021922303
0.0064786657
0.0116478995
0.0167226292
0.0211038300
0.0243931210
0.0262191892
0.0265120494
0.0255008042
0.0235212659
0.0211512541
0.0185215259
0.0148847757
0.0094714206
0.0025377699
-0.0054878237
-0.0126995876
-0.0180919851
-0.0208695916
-0.0209420307
-0.0185536396
-0.0140675334
-0.0088425616
-0.0033039129
0.0023510711
0.0073351219
0.0113490879
0.0148717533
0.0176297154
0.0196776632
0.0207968275
0.0209288493
0.0193102556
0.0158792867
0.0113083616
0.0062037155
0.0002285760
-0.0057231287
-0.0110097713
-0.0161282133
-0.0204387721
-0.0240120965
-0.0264518102
-0.0269292244
-0.0253922008
-0.0220572137
-0.0174626768
-0.0123690078
-0.0078053751
-0.0043847502
-0.0024434580
-0.0008218202
0.0011906579
0.0031802064
0.0046195678
0.0058372162
0.0066734572
0.0072119477
0.0076095613
0.0077555663
0.0070491047
0.0053728376
0.0030355217
0.0008473792
-0.0001416996
0.0007691042
0.0023994229
0.0039721552
0.0052939239
0.0062048767
0.0067765026
0.0071144659
0.0064004998
0.0045058065
0.0021711254
0.0004631542
-0.0009124196
-0.0022067603
-0.0035970503
-0.0051384548
-0.0065159442
-0.0070327299
-0.0065086948
-0.0050752682
-0.0035579698
-0.0023061726
-0.0013456293
-0.0010328829
-0.0006999413
-0.0001485273
0.0004004724
0.0005590073
0.0004499184
0.0000329947
-0.0010320549
-0.0028984264
-0.0054117744
-0.0078689115
-0.0103446996
-0.0129104768
-0.0154312974
-0.0172839221
-0.0183763642
-0.0179189260
-0.0159891896
-0.0132233338
-0.0109607159
-0.0099766215
-0.0089024345
-0.0069734445
-0.0040365493
-0.0012243546
0.0008930823
0.0025140108
0.0043371124
0.0063860244
0.0081462677
0.0090635839
0.0092745976
0.0094496474
0.0090880114
0.0081914178
0.0070745345
0.0056989632
0.0043225790
0.0031541885
0.0017427432
-0.0000026763
-0.0013981305
-0.0022020572
-0.0028962359
-0.0036926112
-0.0048350771
-0.0062614996
-0.0073521603
-0.0080854686
-0.0080942470
-0.0071675925
-0.0054851992
-0.0031982174
-0.0007059708
0.0019994156
0.0050577121
0.0082594125
0.0113207758
0.0136508493
0.0152657795
0.0162663109
0.0176015001
0.0191728977
0.0202040844
0.0201533079
0.0191394153
0.0172760423
0.0148448996
0.0126608451
0.0103894280
0.0084666452
0.0068476623
0.0054542798
0.0041449883
0.0023645415
0.0002140873
-0.0023352389
-0.0048241815
-0.0071190417
-0.0089609180
-0.0097562696
-0.0094034121
-0.0080728263
-0.0061432668
-0.0043842310
-0.0035470638
-0.0027950734
-0.0021913545
-0.0016941599
-0.0005600887
0.0009588353
0.0027951052
0.0045752824
0.0059587405
0.0062743292
0.0049313638
0.0020396698
-0.0015498497
-0.0051600973
-0.0081020094
-0.0102472454
-0.0110623173
-0.0104411653
-0.0092075706
-0.0075497229
-0.0059677111
-0.0042086248
-0.0022570834
-0.0001257988
0.0022805653
0.0049918263
0.0072932137
0.0089858639
0.0098332570
0.0097864618
0.0088116159
0.0068440279
0.0041727509
0.0020811910
0.0008331354
0.0006735820
0.0010898244
0.0018872849
0.0024868786
0.0023625300
0.0015258985
0.0002347645
-0.0010393216
-0.0022141597
-0.0035331365
-0.0049377354
-0.0064554672
-0.0085138965
-0.0110927998
-0.0136747652
-0.0157271368
-0.0169090149
-0.0171137661
-0.0163111015
-0.0148253037
-0.0127292959
-0.0102564247
-0.0079602415
-0.0061728639
-0.0052268478
-0.0051217115
-0.0050753926
-0.0045506752
-0.0037309079
-0.0030543178
-0.0024823146
-0.0021357167
-0.0019906835
-0.0019291551
-0.0015117293
-0.0004786266
0.0012247769
0.0035210763
0.0062402095
0.0086380108
0.0103647517
0.0108649068
0.0102344925
0.0086025584
0.0062905340
0.0038358251
0.0020666216
0.0014183678
0.0019370820
0.0035722883
0.0055902242
0.0070520078
0.0078507671
0.0081061843
0.0082158246
0.0084263682
0.0092289706
0.0112031728
0.0138058815
0.0162548575
0.0176135134
0.0176871345
0.0168051946
0.0151626781
0.0128371390
0.0099180550
0.0062066400
0.0024880724
-0.0003193639
-0.0029308837
-0.0051438006
-0.0070219953
-0.0086533903
-0.0098147048
-0.0100934988
-0.0093670612
-0.0075169940
-0.0052260384
-0.0028452562
-0.0007253151
0.0010153427
0.0021166730
0.0021209496
0.0015580586
0.0007376104
0.0000832137
-0.0002218995
-0.0003008801
-0.0006323983
-0.0018881800
-0.0037809870
-0.0057256260
-0.0071894280
-0.0086468514
-0.0099782597
-0.0105854630
-0.0101867711
-0.0086440727
-0.0061023311
-0.0027607125
0.0008580177
0.0043214654
0.0081130273
0.0121662404
0.0148766333
0.0156541377
0.0147186150
0.0124171854
0.0087975912
0.0040856206
-0.0011891407
-0.0064264079
-0.0113856324
-0.0152779794
-0.0176616702
-0.0182173712
-0.0172428710
-0.0152058167
-0.0127914084
-0.0102979943
-0.0076726138
-0.0045596126
-0.0008536568
0.0028017996
0.0054579046
0.0070942341
0.0075428868
0.0068597337
0.0051507749
0.0024143572
-0.0014185130
-0.0061228864
-0.0104593097
-0.0148471599
-0.0194765547
-0.0234420597
-0.0259860429
-0.0264525083
-0.0248384628
-0.0216842902
-0.0175321161
-0.0124801757
-0.0070394001
-0.0013207781
0.0042702278
0.0085073922
0.0120021740
0.0149282392
0.0169568745
0.0181365269
0.0187170287
0.0184018907
0.0169595219
0.0147189813
0.0118754884
0.0090369031
0.0060012232
0.0026631768
-0.0000452062
-0.0016671438
-0.0027033874
-0.0032389831
-0.0037675567
-0.0041958519
-0.0044722488
-0.0047533487
-0.0045701633
-0.0040138202
-0.0034597933
-0.0032862531
-0.0035471737
-0.0038039989
-0.0037455319
-0.0034860172
-0.0031129687
-0.0020668822
-0.0000335955
0.0027775684
0.0057071236
0.0079210428
0.0094330582
0.0109055778
0.0122831453
0.0134214908
0.0140024004
0.0140931567
0.0142274318
0.0142146928
0.0140646096
0.0141116121
0.0135819422
0.0121733046
0.0097970996
0.0068772539
0.0040817305
0.0009779937
-0.0020851240
-0.0046157495
-0.0065753740
-0.0086667929
-0.0109961336
-0.0136581001
-0.0160945720
-0.0180597884
-0.0192428554
-0.0199612681
-0.0200277282
-0.0193032537
-0.0176738287
-0.0150953470
-0.0118896928
-0.0083123249
-0.0052019911
-0.0029217244
-0.0007013756
0.0017297193
0.0042113869
0.0066397592
0.0088420846
0.0098187899
0.0098334090
0.0093184551
0.0081208933
0.0065186330
0.0042193594
0.0017736010
0.0000159122
-0.0012380427
-0.0022810581
-0.0030060912
-0.0036025046
-0.0045782270
-0.0064021076
-0.0091841938
-0.0126023477
-0.0163902109
-0.0196074221
-0.0222475186
-0.0246654176
-0.0275372433
-0.0306565303
-0.0328072062
-0.0337553506
-0.0338125277
-0.0326555195
-0.0303725384
-0.0273377315
-0.0235221091
-0.0195277598
-0.0162897845
-0.0141074441
-0.0129000878
-0.0129971411
-0.0138754452
-0.0153249888
-0.0169768644
-0.0176439544
-0.0168716548
-0.0149538833
-0.0125576400
-0.0101262969
-0.0076618378
-0.0044665898
-0.0008096417
0.0032208187
0.0089511028
0.0159350192
0.0229290204
0.0292917572
0.0343913360
0.0388380638
0.0420791012
0.0428128864
0.0415042328
0.0381138864
0.0333574052
0.0280613558
0.0218244268
0.0151870365
0.0090943222
0.0034385571
-0.0011032782
-0.0037282481
-0.0046589483
-0.0038330983
-0.0010720229
0.0028325932
0.0069562955
0.0103931951
0.0124826157
0.0133143113
0.0130590047
0.0115442382
0.0082446551
0.0034739777
-0.0016591209
-0.0067300220
-0.0119488745
-0.0170085911
-0.0219098124
-0.0268569580
-0.0295976053
-0.0307147512
-0.0306915541
-0.0300650314
-0.0284510965
-0.0256246558
-0.0217618582
-0.0171891153
-0.0111093959
-0.0034565432
0.0047218922
0.0134101204
0.0215450937
0.0288828491
0.0348530112
0.0392068676
0.0418065419
0.0426106788
0.0417429779
0.0392211135
0.0352994936
0.0309274030
0.0262154843
0.0215064618
0.0172809983
0.0134515517
0.0095548984
0.0054211756
0.0010799041
-0.0029717621
-0.0070634059
-0.0109214757
-0.0140094646
-0.0167360249
-0.0196054729
-0.0231356033
-0.0273375310
-0.0317643519
-0.0364256116
-0.0411513960
-0.0442773740
-0.0455138304
-0.0455506859
-0.0451754952
-0.0445769183
-0.0437394925
-0.0429587808
-0.0422552154
-0.0409815373
-0.0379658977
-0.0316302634
-0.0204544281
-0.0047346396
0.0134961350
0.0296516581
0.0426007184
0.0511582098
0.0564704128
0.0578327598
0.0570998870
0.0556714945
0.0538398551
0.0524090917
0.0512939641
0.0501434878
0.0487447345
0.0465192141
0.0434030029
0.0396613957
0.0365375467
0.0349666675
0.0346339657
0.0351467355
0.0355776586
0.0354058852
0.0346979375
0.0336958716
0.0316601860
0.0272452471
0.0206121146
0.0133437984
0.0059248862
0.0001867173
-0.0038118829
-0.0056897154
-0.0059301339
-0.0054280925
-0.0054935815
-0.0069972292
-0.0097485142
-0.0130237943
-0.0153896104
-0.0156191001
-0.0131601638
-0.0080747479
-0.0014176787
0.0051297282
0.0105551948
0.0140857884
0.0156947396
0.0156175864
0.0150178274
0.0150007614
0.0159062716
0.0176328190
0.0193221653
0.0201754405
0.0197267670
0.0182925684
0.0170809058
0.0168154108
0.0179008992
0.0201893547
0.0226530189
0.0249170607
0.0274560879
0.0306681358
0.0343062338
0.0376549968
0.0398388993
0.0415767618
0.0433188753
0.0454658325
0.0469488101
0.0463255430
0.0430626978
0.0365830492
0.0278817510
0.0187999466
0.0104568904
0.0015631487
-0.0089566878
-0.0195979594
-0.0289263610
-0.0377741412
-0.0449579220
-0.0500872990
-0.0519282768
-0.0496432359
-0.0438839699
-0.0357888727
-0.0271654120
-0.0201737056
-0.0157003246
-0.0125473202
-0.0096498919
-0.0065161122
-0.0027374857
0.0014101341
0.0045110991
0.0045198278
0.0010901430
-0.0057867452
-0.0156466311
-0.0261460658
-0.0349146122
-0.0394745262
-0.0392218255
-0.0359612821
-0.0305430953
-0.0238813604
-0.0165411235
-0.0091068470
-0.0025326833
0.0035731951
0.0088769425
0.0134748940
0.0179082399
0.0220866248
0.0259979042
0.0291020536
0.0305264371
0.0289391416
0.0235226552
0.0138361083
0.0013239743
-0.0104156319
-0.0191550713
-0.0239341484
-0.0241311027
-0.0214378588
-0.0169149524
-0.0120567937
-0.0082586176
-0.0056574800
-0.0025276492
0.0023909043
0.0089549805
0.0169352326
0.0252185956
0.0326328477
0.0382500624
0.0406698968
0.0385049059
0.0311419557
0.0197383310
0.0076028289
-0.0036334226
-0.0138572456
-0.0209040347
-0.0259545927
-0.0292509272
-0.0313557480
-0.0334306185
-0.0363874566
-0.0392628697
-0.0407612545
-0.0407019553
-0.0383799276
-0.0344250879
-0.0292852390
-0.0236246161
-0.0182300135
-0.0136097843
-0.0110630224
-0.0113546522
-0.0142067922
-0.0188477164
-0.0237619533
-0.0270031496
-0.0273863791
-0.0253938666
-0.0217632890
-0.0175563639
-0.0131274348
-0.0091110150
-0.0059664696
-0.0030442897
-0.0002331352
0.0027190849
0.0051512699
0.0065653860
0.0066791818
0.0058377996
0.0037788864
0.0008722961
-0.0021643052
-0.0047877801
-0.0065343408
-0.0070050537
-0.0062472896
-0.0050372224
-0.0037373417
-0.0020675167
-0.0004070186
0.0009973788
0.0025950024
0.0049321061
0.0076232542
0.0106728255
0.0144805403
0.0178856787
0.0199946191
0.0211836789
0.0211896303
0.0192627347
0.0148744214
0.0084156405
0.0020507845
-0.0020210679
-0.0032818217
-0.0036836116
-0.0028472877
-0.0009449862
0.0021968317
0.0063259172
0.0095482282
0.0116542863
0.0137396218
0.0158689392
0.0183837809
0.0208228586
0.0226081937
0.0235790029
0.0237315814
0.0230276704
0.0213180439
0.0182901215
0.0135377737
0.0071467801
-0.0000844971
-0.0074232655
-0.0148054521
-0.0240149650
-0.0322368377
-0.0387295087
-0.0437235531
-0.0469781797
-0.0476816276
-0.0456485409
-0.0413842658
-0.0358097059
-0.0284800169
-0.0204321572
-0.0128976478
-0.0068435427
-0.0026835724
0.0004776669
0.0025877204
0.0035112168
0.0034139810
0.0020543007
0.0002874001
-0.0018833816
-0.0039166833
-0.0051843147
-0.0056889627
-0.0061972969
-0.0070560722
-0.0084555719
-0.0104613626
-0.0128387081
-0.0155033081
-0.0174656974
-0.0182151939
-0.0171131026
-0.0145076566
-0.0115047561
-0.0091685101
-0.0080577095
-0.0082659099
-0.0103753825
-0.0145181078
-0.0199653255
-0.0243607583
-0.0273607005
-0.0285452813
-0.0276364462
-0.0244489986
-0.0190874154
-0.0124318806
-0.0058536878
-0.0002603521
0.0034893316
0.0057720251
0.0067093056
0.0071535886
0.0076882283
0.0086755644
0.0098856509
0.0107423546
0.0106356797
0.0093305306
0.0069037889
0.0034494078
-0.0006697333
-0.0048487734
-0.0083330820
-0.0103814929
-0.0111600411
-0.0107558471
-0.0087845895
-0.0057961913
-0.0026049026
-0.0004296047
0.0013088755
0.0035479866
0.0060220812
0.0085715022
0.0113915699
0.0154217794
0.0198260875
0.0243609450
0.0281729937
0.0303850217
0.0319428163
0.0332663655
0.0343530082
0.0351443992
0.0360419190
0.0379355396
0.0410201968
0.0445963552
0.0483146892
0.0509561957
0.0527710456
0.0537299383
0.0526018642
0.0499893472
0.0458273164
0.0404890132
0.0352899964
0.0314172176
0.0274209259
0.0226393536
0.0170335024
0.0096862981
0.0003598599
-0.0090950411
-0.0181435358
-0.0241879965
-0.0278195763
-0.0305359620
-0.0317890558
-0.0317298672
-0.0301861804
-0.0268922375
-0.0227656729
-0.0196002542
-0.0172509927
-0.0151709450
-0.0123703212
-0.0090594298
-0.0061656103
-0.0042064682
-0.0031199644
-0.0028136878
-0.0036596804
-0.0063869624
-0.0113127301
-0.0181733548
-0.0250480802
-0.0313631440
-0.0363681648
-0.0397032210
-0.0408756779
-0.0390217123
-0.0351933302
-0.0309764930
-0.0274404181
-0.0222363969
-0.0128907288
0.0002380423
0.0124574071
0.0228132975
0.0326892922
0.0419104866
0.0491894405
0.0544023300
0.0573579722
0.0581093419
0.0570382446
0.0542034817
0.0490129875
0.0423464141
0.0366495993
0.0311174314
0.0244822253
0.0167865388
0.0086267786
-0.0002676047
-0.0091619160
-0.0160323282
-0.0207715637
-0.0236718121
-0.0225670527
-0.0162972288
-0.0069929575
0.0034084188
0.0095710037
0.0111099143
0.0103080653
0.0076283416
0.0031178714
-0.0024725111
-0.0101424298
-0.0205380442
-0.0333134233
-0.0458041815
-0.0559674030
-0.0676888614
-0.0802183551
-0.0942889714
-0.1087717582
-0.1241780751
-0.1426110773
-0.1654101980
-0.1921298810
-0.2151905568
-0.2180650368
-0.1903445459
-0.1274451644
-0.0515014940
0.0195447774
0.0843555438
0.1369230823
0.1723763156
0.1981484142
0.2176556311
0.2238066008
0.2157462924
0.1918442025
0.1489637431
0.0916177081
0.0428179668
0.0013378850
-0.0270927793
-0.0474009397
-0.0613711433
-0.0687254810
-0.0686098134
-0.0627104315
-0.0545142996
-0.0485785668
-0.0495087604
-0.0551138028
-0.0601062436
-0.0599002966
-0.0538258165
-0.0424862742
-0.0248265601
-0.0051773058
0.0188383435
0.0383947610
0.0527084217
0.0637918418
0.0661604296
0.0610140141
0.0471654778
0.0234611787
-0.0096896367
-0.0486195489
-0.0774828782
-0.0950676924
-0.0997065637
-0.0968904221
-0.0901817814
-0.0755983540
-0.0528066915
-0.0256753840
-0.0005066531
0.0240937357
0.0494635273
0.0689994642
0.0801172306
0.0866677908
0.0877097950
0.0834854444
0.0732604629
0.0588847658
0.0454048813
0.0320843768
0.0195330199
0.0094344268
0.0046853284
0.0037084421
0.0040501966
0.0060401530
0.0108257012
0.0192746443
0.0304344435
0.0429614627
0.0558136840
0.0657099796
0.0727529049
0.0757788298
0.0738117056
0.0657918953
0.0508483734
0.0306938628
0.0070946695
-0.0206076079
-0.0501638302
-0.0679197059
-0.0847069567
-0.0998356823
-0.1085915588
-0.1114360402
-0.1108462969
-0.1062518015
-0.0956348330
-0.0799966830
-0.0643671041
-0.0498004455
-0.0361699179
-0.0253118058
-0.0149898264
-0.0073440662
-0.0015545714
0.0022115538
0.0035353249
0.0026270781
-0.0009668506
-0.0069759052
-0.0146278932
-0.0225282825
-0.0295354790
-0.0346064693
-0.0377869079
-0.0387054822
-0.0372934853
-0.0338443374
-0.0283826111
-0.0210570763
-0.0120972573
-0.0023161323
0.0065130204
0.0125407951
0.0179234258
0.0228418446
0.0273161863
0.0307129679
0.0323644772
0.0316559005
0.0284466105
0.0234546813
0.0173282358
0.0107189847
0.0031667036
-0.0052323236
-0.0126651375
-0.0182928725
-0.0223523756
-0.0255254736
-0.0268246299
-0.0259800916
-0.0225593595
-0.0170410989
-0.0096535000
-0.0017041707
0.0073226593
0.0171876154
0.0252611951
0.0301974264
0.0323486898
0.0322479317
0.0303403970
0.0275909437
0.0246195141
0.0219599047
0.0189865466
0.0157575640
0.0134529410
0.0125150543
0.0128654027
0.0142815884
0.0164856329
0.0193608870
0.0233509232
0.0285227546
0.0345226043
0.0414371713
0.0483689979
0.0546172351
0.0610836055
0.0668474058
0.0717097948
0.0751856996
0.0775992785
0.0794900927
0.0802137931
0.0795546521
0.0773795418
0.0729740241
0.0664314060
0.0584302861
0.0490907214
0.0394128976
0.0295985107
0.0196225666
0.0109228719
0.0043748153
-0.0008175375
-0.0043924344
-0.0069847528
-0.0095928806
-0.0126519699
-0.0156408941
-0.0183857163
-0.0216864745
-0.0259040305
-0.0312774197
-0.0370709906
-0.0431187552
-0.0488178165
-0.0537885256
-0.0576257759
-0.0598495338
-0.0608782183
-0.0598099826
-0.0575409295
-0.0545383469
-0.0508893001
-0.0469074824
-0.0430106633
-0.0393084345
-0.0358419579
-0.0334844986
-0.0315646811
-0.0296146437
-0.0269947099
-0.0237485852
-0.0204774455
-0.0177474844
-0.0159706374
-0.0141017692
-0.0114227229
-0.0080252778
-0.0041815873
-0.0006456718
0.0021613310
0.0043005362
0.0062786555
0.0081048848
0.0093306550
0.0099559819
0.0102790136
0.0098880702
0.0084924343
0.0062200288
0.0036409790
0.0013860612
0.0007888749
0.0018364551
0.0039637494
0.0068932562
0.0105616023
0.0141236116
0.0172465137
0.0200193507
0.0220853737
0.0230740992
0.0228976739
0.0216220396
0.0192014932
0.0165862044
0.0148250895
0.0133989711
0.0123909401
0.0119619730
0.0126570779
0.0145255383
0.0173907768
0.0203860394
0.0237986913
0.0280839447
0.0324874371
0.0370637674
0.0420787141
0.0468273432
0.0514395474
0.0557183657
0.0589965212
0.0607116705
0.0609386373
0.0589963692
0.0549021878
0.0493929475
0.0432436368
0.0372191660
0.0313102385
0.0260607562
0.0218706137
0.0184674039
0.0153520567
0.0122300601
0.0095339477
0.0087981165
0.0094984885
0.0112067118
0.0132580327
0.0151182262
0.0160477215
0.0154131116
0.0135593533
0.0108789591
0.0084831582
0.0056978095
0.0021635781
-0.0021514556
-0.0071552613
-0.0118788615
-0.0165361675
-0.0215324721
-0.0257675642
-0.0280655930
-0.0287030576
-0.0283445045
-0.0271709624
-0.0259138388
-0.0255870884
-0.0255406043
-0.0256061866
-0.0251862952
-0.0240914547
-0.0222999402
-0.0203277287
-0.0186615242
-0.0178697946
-0.0180354854
-0.0196087976
-0.0225789485
-0.0262858913
-0.0302182043
-0.0342915179
-0.0377807423
-0.0408908984
-0.0440039853
-0.0458695910
-0.0474926706
-0.0492208976
-0.0502843432
-0.0510564148
-0.0516707722
-0.0521624046
-0.0521342515
-0.0511884504
-0.0498041297
-0.0485279562
-0.0476690544
-0.0469869720
-0.0461783975
-0.0458262104
-0.0464004014
-0.0477067670
-0.0483771404
-0.0476324063
-0.0450410473
-0.0404980128
-0.0346327077
-0.0283232843
-0.0217040382
-0.0139133099
-0.0058863020
0.0015064457
0.0088951007
0.0158254273
0.0219754086
0.0275758130
0.0332126928
0.0376582939
0.0413289964
0.0446309297
0.0476703263
0.0501478977
0.0524399198
0.0547847645
0.0571069166
0.0588934267
0.0599940527
0.0603017671
0.0603267890
0.0599245927
0.0592286860
0.0586088127
0.0581503654
0.0578932755
0.0573439821
0.0561569198
0.0542304943
0.0524701051
0.0509252916
0.0497087146
0.0482444758
0.0466978858
0.0453121343
0.0442030824
0.0428738445
0.0410281319
0.0388419208
0.0359417553
0.0319416688
0.0277924116
0.0234446241
0.0195734628
0.0161978738
0.0130362983
0.0095198193
0.0064483007
0.0031522130
-0.0010180426
-0.0057217283
-0.0106418868
-0.0158706327
-0.0216080425
-0.0274141175
-0.0323361789
-0.0362881569
-0.0396205519
-0.0416943994
-0.0424177819
-0.0419440450
-0.0406269932
-0.0388307369
-0.0366787616
-0.0336523667
-0.0295004276
-0.0251065085
-0.0206937676
-0.0161685318
-0.0115515858
-0.0070766911
-0.0033992381
-0.0012922359
-0.0004110269
-0.0002604648
-0.0009441913
-0.0024285858
-0.0045409022
-0.0069737141
-0.0091306040
-0.0104541809
-0.0110927445
-0.0114920931
-0.0117871375
-0.0116820800
-0.0115126567
-0.0114253841
-0.0116338748
-0.0121905918
-0.0126077668
-0.0125473686
-0.0124103009
-0.0128390952
-0.0141718030
-0.0165540976
-0.0198158506
-0.0234051282
-0.0274539521
-0.0315060454
-0.0354008462
-0.0387467614
-0.0414928071
-0.0438623695
-0.0456239061
-0.0465523785
-0.0470093466
-0.0470596047
-0.0465723891
-0.0454404235
-0.0435865132
-0.0406712447
-0.0371776725
-0.0339830708
-0.0305670942
-0.0270851068
-0.0234992023
-0.0194917130
-0.0150029525
-0.0106256571
-0.0065375495
-0.0026364330
0.0013255620
0.0053458513
0.0097808768
0.0145546177
0.0188464929
0.0232357049
0.0268909864
0.0294129822
0.0312385458
0.0324676961
0.0330037251
0.0328153073
0.0319037765
0.0299749386
0.0273404134
0.0238449818
0.0194184444
0.0152711848
0.0114761537
0.0077344497
0.0037618667
-0.0006031493
-0.0049081729
-0.0080399937
-0.0098194258
-0.0109342839
-0.0116937546
-0.0117829695
-0.0115325913
-0.0112218425
-0.0104696364
-0.0091835786
-0.0072749656
-0.0048281525
-0.0021663222
0.0005176160
0.0037191614
0.0073104802
0.0106903892
0.0143987629
0.0179777207
0.0214926721
0.0248366795
0.0274054773
0.0295018998
0.0310972895
0.0320071682
0.0321674260
0.0318091148
0.0308193871
0.0293330226
0.0277967870
0.0261447594
0.0245844834
0.0230954922
0.0209926276
0.0178334575
0.0143299318
0.0109912053
0.0075910437
0.0049606422
0.0020564607
-0.0010055358
-0.0029604061
-0.0032594672
-0.0033644902
-0.0035654432
-0.0041126091
-0.0048316915
-0.0050392933
-0.0048583578
-0.0048091483
-0.0052459903
-0.0060139083
-0.0069706175
-0.0079758767
-0.0092843229
-0.0110266922
-0.0131749212
-0.0156766367
-0.0167866839
-0.0177596636
-0.0184740050
-0.0192032074
-0.0197128874
-0.0195581455
-0.0188380187
-0.0175872888
-0.0161600575
-0.0150594039
-0.0145231606
-0.0141430761
-0.0137805002
-0.0133470264
-0.0128705592
-0.0130997863
-0.0143511590
-0.0163225203
-0.0181326492
-0.0194699467
-0.0205193607
-0.0213917480
-0.0221221532
-0.0224885585
-0.0218623814
-0.0204440046
-0.0186384308
-0.0164591387
-0.0138930504
-0.0109299154
-0.0078925026
-0.0056780367
-0.0048316438
-0.0046400871
-0.0046960464
-0.0051349475
-0.0060188069
-0.0071575838
-0.0085913124
-0.0100257945
-0.0114853537
-0.0127877933
-0.0134230253
-0.0141102573
-0.0148319463
-0.0151009044
-0.0150791450
-0.0144434706
-0.0125810030
-0.0095036311
-0.0056060572
-0.0012487696
0.0032231502
0.0075304174
0.0109933204
0.0132086386
0.0146014128
0.0149189632
0.0141322172
0.0120791199
0.0090456608
0.0050841226
0.0001095326
-0.0047415531
-0.0085094174
-0.0113273078
-0.0137968059
-0.0161875125
-0.0179777759
-0.0178350542
-0.0164631408
-0.0145245361
-0.0120310045
-0.0085177811
-0.0045409727
0.0001865645
0.0049113469
0.0095283144
0.0135405592
0.0160988575
0.0177087004
0.0182692330
0.0183296865
0.0181449943
0.0179626660
0.0176898441
0.0170411887
0.0158012072
0.0142233606
0.0133531575
0.0132853149
0.0139704871
0.0150823314
0.0163160782
0.0173571009
0.0185176551
0.0196305916
0.0208636886
0.0224476248
0.0242457473
0.0257033228
0.0266032412
0.0274420839
0.0288763656
0.0305824737
0.0322504408
0.0336462702
0.0350556059
0.0367278654
0.0387390475
0.0405825136
0.0415334988
0.0415778747
0.0412751716
0.0404186200
0.0391274748
0.0370600625
0.0338288127
0.0300188929
0.0258209812
0.0209028666
0.0154918616
0.0098905931
0.0037876952
-0.0012552539
-0.0054448876
-0.0099034151
-0.0147080601
-0.0185666275
-0.0214963839
-0.0238162826
-0.0256181654
-0.0269977374
-0.0278164451
-0.0280383868
-0.0278351355
-0.0272230108
-0.0262535909
-0.0251615221
-0.0236012323
-0.0219698512
-0.0205835191
-0.0193103248
-0.0178835843
-0.0158722847
-0.0135980889
-0.0115252022
-0.0097080091
-0.0078476981
-0.0058065346
-0.0036510734
-0.0020294405
-0.0006605248
0.0010105215
0.0026688074
0.0044110971
0.0060829094
0.0077124622
0.0088414072
0.0097324020
0.0106279312
0.0114809162
0.0122415481
0.0128333650
0.0130468670
0.0127613751
0.0120063351
0.0107670033
0.0089689776
0.0065647217
0.0038034203
0.0009444733
-0.0016404823
-0.0043065746
-0.0069433906
-0.0094398460
-0.0113599745
-0.0125855857
-0.0137341128
-0.0144887727
-0.0147542194
-0.0146920931
-0.0145417888
-0.0142606584
-0.0135644338
-0.0125767451
-0.0116781677
-0.0111383370
-0.0106565405
-0.0094340329
-0.0075603884
-0.0055785289
-0.0042338465
-0.0030754655
-0.0016134379
-0.0002203718
0.0014830446
0.0032310818
0.0048789726
0.0065372744
0.0083745686
0.0101444896
0.0118329995
0.0131058551
0.0140627986
0.0147177302
0.0148935956
0.0148987728
0.0144829043
0.0137369814
0.0126672250
0.0109986842
0.0089239105
0.0065670256
0.0040728878
0.0018482175
-0.0000947228
-0.0015050861
-0.0024122214
-0.0026506561
-0.0027057804
-0.0025570748
-0.0021935035
-0.0017531314
-0.0007003644
0.0003718217
0.0012657113
0.0019323603
0.0023372109
0.0025321158
0.0028467229
0.0031380563
0.0030622502
0.0027649821
0.0024116677
0.0022187411
0.0020643295
0.0021211065
0.0022541747
0.0023509785
0.0025774926
0.0028690457
0.0029140623
0.0024809757
0.0015995438
0.0008224002
0.0001935142
-0.0003959346
-0.0009719345
-0.0012415644
-0.0015373484
-0.0020266148
-0.0026593364
-0.0032687495
-0.0041042419
-0.0050681929
-0.0059757471
-0.0066252527
-0.0070081987
-0.0073712862
-0.0075582663
-0.0078892608
-0.0083612973
-0.0088959578
-0.0090639779
-0.0090621393
-0.0091605819
-0.0091551974
-0.0088750970
-0.0081205201
-0.0072507386
-0.0063022342
-0.0057450816
-0.0051486032
-0.0042607900
-0.0031581139
-0.0018895756
-0.0005582761
0.0006146034
0.0015868365
0.0023706463
0.0027357023
0.0028636286
0.0028800145
0.0026966619
0.0023956509
0.0018445541
0.0010236829
0.0002332262
-0.0003679723
-0.0007640431
-0.0009395532
-0.0010491624
-0.0011309779
-0.0010075292
-0.0008623343
-0.0005053493
-0.0000202861
0.0004280474
0.0006058894
0.0005339706
0.0001213072
-0.0009953818
-0.0022815620
-0.0032489780
-0.0037887632
-0.0042971513
-0.0052526301
-0.0065046159
-0.0075798875
-0.0086268200
-0.0097068064
-0.0111776117
-0.0128191813
-0.0139461909
-0.0145948532
-0.0147395034
-0.0147818817
-0.0147990446
-0.0148029845
-0.0148595465
-0.0150407411
-0.0154297629
-0.0156589278
-0.0160966525
-0.0165489342
-0.0170184824
-0.0173762751
-0.0176327913
-0.0177451826
-0.0177991318
-0.0178289439
-0.0176860148
-0.0172869013
-0.0165838266
-0.0157864982
-0.0148413399
-0.0135117840
-0.0118195209
-0.0101184724
-0.0087469737
-0.0076229363
-0.0066904023
-0.0058117422
-0.0048327034
-0.0033849750
-0.0015461669
0.0000252234
0.0010250086
0.0015470697
0.0017301493
0.0018333308
0.0017953729
0.0015040651
0.0011615779
0.0009239353
0.0006576313
0.0006362393
0.0007757446
0.0008140185
0.0008709026
0.0009844558
0.0011820115
0.0016470060
0.0023768077
0.0028552774
0.0027269156
0.0028504666
0.0032854623
0.0037267461
0.0041126713
0.0044670108
0.0052869474
0.0064429023
0.0080183034
0.0093256990
0.0101766725
0.0109169275
0.0117757878
0.0128957885
0.0137545174
0.0141287542
0.0141691418
0.0143007765
0.0147003185
0.0153451653
0.0157669230
0.0156160242
0.0150426973
0.0143822705
0.0139102824
0.0131673248
0.0114671956
0.0094398460
0.0077131465
0.0064865434
0.0054674177
0.0041622707
0.0027528479
0.0018627019
0.0012586809
0.0011090360
0.0006312150
0.0002035715
0.0000178625
-0.0000783260
-0.0001528544
-0.0005630938
-0.0011448906
-0.0018332755
-0.0023448661
-0.0025738699
-0.0027021294
-0.0029364182
-0.0032366495
-0.0034607375
-0.0035366514
-0.0033400827
-0.0029550782
-0.0025179196
-0.0021250153
-0.0019472331
-0.0017386443
-0.0012900122
-0.0004395490
0.0005788060
0.0015337133
0.0027303039
0.0042399022
0.0057881172
0.0074025636
0.0085163434
0.0088200833
0.0092108953
0.0099019152
0.0107619782
0.0117272646
0.0126307358
0.0134655349
0.0140185264
0.0144227342
0.0146827272
0.0148975010
0.0150505909
0.0150493329
0.0149484642
0.0146755662
0.0142023892
0.0136748897
0.0130676794
0.0124113170
0.0116729629
0.0106761571
0.0094124946
0.0080348096
0.0063144894
0.0044599949
0.0028069858
0.0010310201
-0.0013374288
-0.0039786595
-0.0067955220
-0.0094873876
-0.0117918654
-0.0137986238
-0.0153922577
-0.0164813681
-0.0169183601
-0.0169036511
-0.0163278012
-0.0154370622
-0.0147146405
-0.0141699851
-0.0132926694
-0.0118764699
-0.0099778519
-0.0080980694
-0.0064603471
-0.0051320120
-0.0041939442
-0.0035042763
-0.0030839522
-0.0027017243
-0.0023746373
-0.0024528675
-0.0028151352
-0.0034432449
-0.0040056597
-0.0046274787
-0.0051350733
-0.0055258259
-0.0059687631
-0.0064835788
-0.0072620192
-0.0080322452
-0.0088799078
-0.0099878330
-0.0108664620
-0.0111939589
-0.0113997401
-0.0118431327
-0.0126057070
-0.0130635252
-0.0129489428
-0.0126051609
-0.0122698256
-0.0123576927
-0.0122795372
-0.0117193571
-0.0107988475
-0.0099381210
-0.0094000182
-0.0091886797
-0.0086391029
-0.0080011198
-0.0071242258
-0.0060778373
-0.0050325954
-0.0040055235
-0.0027456662
-0.0014667479
-0.0003721445
0.0008114748
0.0017655477
0.0026748043
0.0036211909
0.0043727251
0.0050574169
0.0056321677
0.0058790408
0.0061653006
0.0065186773
0.0064474450
0.0057783483
0.0048719436
0.0039814631
0.0034031511
0.0025531549
0.0020232113
0.0017780220
0.0015543910
0.0012932983
0.0009146557
0.0006585709
0.0011319684
0.0019669687
0.0025482459
0.0031514706
0.0040965446
0.0052166476
0.0061420061
0.0064320523
0.0063229609
0.0058534037
0.0053504610
0.0052840623
0.0052491443
0.0052478573
0.0052697424
0.0049110366
0.0044904505
0.0036818615
0.0029277643
0.0021860252
0.0012719336
0.0000429558
-0.0013080965
-0.0023169715
-0.0031181044
-0.0037844921
-0.0043546278
-0.0049774262
-0.0058029265
-0.0065242035
-0.0069678457
-0.0066815728
-0.0060883306
-0.0053251501
-0.0043410710
-0.0035062117
-0.0029583753
-0.0026858963
-0.0026520303
-0.0024151604
-0.0016807317
-0.0009961442
-0.0005910763
-0.0005143652
-0.0005902451
-0.0002445110
0.0003586813
0.0004564353
-0.0004022511
-0.0014470718
-0.0022204663
-0.0028388162
-0.0030700740
-0.0032129347
-0.0035892645
-0.0041482515
-0.0048098360
-0.0057138892
-0.0064270583
-0.0069853403
-0.0075352558
-0.0080686307
-0.0085183341
-0.0086352045
-0.0089946147
-0.0091897580
-0.0092086766
-0.0090252147
-0.0086469620
-0.0081061635
-0.0073616991
-0.0067163373
-0.0059590840
-0.0050674575
-0.0040794218
-0.0035601803
-0.0026627413
-0.0017438719
-0.0008542146
0.0002882393
0.0020440431
0.0042968852
0.0063581409
0.0083588504
0.0104125422
0.0122656369
0.0141742982
0.0156029948
0.0166413840
0.0171920184
0.0181193917
0.0191844410
0.0202491031
0.0210349367
0.0215304745
0.0218655679
0.0218689133
0.0217135700
0.0215735509
0.0213955013
0.0209232505
0.0205663839
0.0202383271
0.0199659614
0.0198018328
0.0195236125
0.0191997652
0.0190463780
0.0192572880
0.0194816904
0.0198681962
0.0204479376
0.0211720942
0.0213784352
0.0212654357
0.0209800060
0.0206267130
0.0203013520
0.0199514045
0.0198736568
0.0199303432
0.0200212032
0.0199061023
0.0197321723
0.0195499408
0.0190941201
0.0185132106
0.0178823678
0.0175215613
0.0173033729
0.0171921566
0.0167616828
0.0162708245
0.0157723767
0.0153749221
0.0151382368
0.0152006879
0.0160037189
0.0169784611
0.0175744322
0.0176505763
0.0173538660
0.0171082088
0.0169671459
0.0168722493
0.0166861815
0.0165855132
0.0163522079
0.0159672505
0.0152060103
0.0139882236
0.0125882746
0.0111851736
0.0097809529
0.0081428670
0.0067286375
0.0049548519
0.0029436870
0.0010640166
-0.0001767885
-0.0008397303
-0.0015277903
-0.0022481010
-0.0030122326
-0.0035389040
-0.0038937405
-0.0043444566
-0.0049950964
-0.0062800683
-0.0076380877
-0.0084162833
-0.0093925048
-0.0105027663
-0.0118201429
-0.0134828153
-0.0147268888
-0.0156421866
-0.0165446971
-0.0174422100
-0.0186027158
-0.0196768199
-0.0205325075
-0.0211890497
-0.0215789839
-0.0219558680
-0.0219519281
-0.0218014578
-0.0215439325
-0.0211900934
-0.0208531061
-0.0205999769
-0.0204207867
-0.0199901815
-0.0193947772
-0.0186546950
-0.0179222093
-0.0171655657
-0.0166688597
-0.0161495304
-0.0151540241
-0.0137968819
-0.0123592963
-0.0112446387
-0.0104696226
-0.0100711450
-0.0095976016
-0.0092301940
-0.0087768479
-0.0082879458
-0.0079727455
-0.0079405488
-0.0078824385
-0.0075880715
-0.0075067295
-0.0075082225
-0.0076070245
-0.0075088377
-0.0071715186
-0.0066037594
-0.0058613907
-0.0054151855
-0.0051568293
-0.0048279361
-0.0042568708
-0.0036494380
-0.0030368467
-0.0023667699
-0.0015154370
-0.0006494629
0.0000067453
0.0003672563
0.0000483819
-0.0005010259
-0.0010327716
-0.0013342471
-0.0013786714
-0.0013198208
-0.0012312626
-0.0010097957
-0.0006034903
0.0000963992
0.0007941240
0.0012296576
0.0019355254
0.0030807699
0.0048638730
0.0067723657
0.0082096244
0.0092336432
0.0101047379
0.0110730035
0.0121928106
0.0132058875
0.0140165219
0.0146477379
0.0152609963
0.0158681858
0.0161503183
0.0161755753
0.0161650066
0.0158666444
0.0152446975
0.0147183592
0.0141591054
0.0137328133
0.0135539342
0.0135918404
0.0136357462
0.0139492530
0.0138667359
0.0136878499
0.0133566688
0.0124903780
0.0117649357
0.0107956956
0.0097682345
0.0083729719
0.0067757202
0.0051653989
0.0034285712
0.0020014706
0.0004645787
-0.0010696189
-0.0025155184
-0.0040966953
-0.0058428247
-0.0071505541
-0.0083034428
-0.0090269704
-0.0097225799
-0.0101452016
-0.0102722466
-0.0102758686
-0.0100743246
-0.0098478692
-0.0098122856
-0.0097603547
-0.0087267488
-0.0077646765
-0.0075980318
-0.0077806297
-0.0080458137
-0.0078269479
-0.0074128212
-0.0069589290
-0.0064389057
-0.0058761170
-0.0049521949
-0.0041277003
-0.0034909760
-0.0026980146
-0.0019247860
-0.0012933798
-0.0006386633
-0.0001768672
0.0000387952
0.0000567533
-0.0000985882
-0.0003064484
-0.0005922260
-0.0008962501
-0.0012529072
-0.0017691399
-0.0022655438
-0.0024137462
-0.0025541040
-0.0026636634
-0.0029630175
-0.0035899425
-0.0042034774
-0.0045905548
-0.0046739898
-0.0047237958
-0.0048669441
-0.0052971415
-0.0057745411
-0.0061929533
-0.0067059525
-0.0071514389
-0.0077148953
-0.0083960377
-0.0092662339
-0.0101194746
-0.0111220796
-0.0119977364
-0.0126367908
-0.0132205827
-0.0135821012
-0.0137647889
-0.0139104206
-0.0138515500
-0.0135640536
-0.0132981092
-0.0129263678
-0.0121018953
-0.0111912908
-0.0102696269
-0.0096835194
-0.0092312516
-0.0084134563
-0.0072007984
-0.0057382220
-0.0047060303
-0.0040656784
-0.0037249275
-0.0029694078
-0.0021229154
-0.0018408554
-0.0019993416
-0.0017171814
-0.0009800175
-0.0000391117
0.0013179290
0.0025528515
0.0038938718
0.0053718236
0.0069809234
0.0083438027
0.0098332915
0.0111541243
0.0123189916
0.0133030791
0.0139903456
0.0145731491
0.0148238591
0.0146544565
0.0142098888
0.0134510126
0.0126878646
0.0117292346
0.0106176874
0.0095152090
0.0081147830
0.0064741604
0.0051212311
0.0040047874
0.0030557949
0.0019960238
0.0007247193
-0.0006409942
-0.0015370332
-0.0020663721
-0.0025612325
-0.0032018760
-0.0037376770
-0.0040369205
-0.0044656021
-0.0049933311
-0.0059031953
-0.0073160997
-0.0087238457
-0.0100764120
-0.0114610714
-0.0128457170
-0.0137531074
-0.0140249270
-0.0144734416
-0.0148756033
-0.0148806216
-0.0148194423
-0.0151642955
-0.0152873592
-0.0147127189
-0.0140507300
-0.0133564822
-0.0124339888
-0.0114501502
-0.0106211504
-0.0096466639
-0.0084792667
-0.0074204315
-0.0066095691
-0.0062740264
-0.0058014763
-0.0051182858
-0.0044072623
-0.0038902271
-0.0036090408
-0.0034784947
-0.0033991068
-0.0030084503
-0.0025049995
-0.0022056004
-0.0020638312
-0.0021135156
-0.0018596972
-0.0012070293
-0.0006865581
-0.0009102631
-0.0013300992
-0.0015081419
-0.0016472534
-0.0016850193
-0.0018802373
-0.0020575888
-0.0021912750
-0.0024632827
-0.0026507591
-0.0024641515
-0.0021863916
-0.0020004289
-0.0020230613
-0.0021013696
-0.0021941138
-0.0023025707
-0.0023038059
-0.0024575014
-0.0025067683
-0.0022297189
-0.0016924374
-0.0012032968
-0.0009544890
-0.0008940659
-0.0008146586
-0.0006449692
-0.0005705914
-0.0004713262
-0.0004548711
-0.0005391588
-0.0006640358
-0.0004775002
0.0000794272
0.0005286838
0.0009480240
0.0014900411
0.0018495681
0.0020692745
0.0017754694
0.0011021308
0.0004594519
0.0000672345
-0.0000550016
-0.0001176089
-0.0003687803
-0.0005807940
-0.0008572532
-0.0012772607
-0.0014024028
-0.0013964736
-0.0013697651
-0.0015104056
-0.0015061388
-0.0015224860
-0.0012633570
-0.0008313873
-0.0004453000
-0.0001274737
0.0002558054
0.0008447291
0.0013267385
0.0013478198
0.0013563694
0.0016652153
0.0020190177
0.0024280149
0.0029242114
0.0029726178
0.0029475993
0.0030806558
0.0035840665
0.0043315468
0.0052784158
0.0059326603
0.0064882003
0.0071664244
0.0082857131
0.0094086446
0.0099415563
0.0099051570
0.0097859780
0.0100579082
0.0103194565
0.0105490706
0.0107852928
0.0109278348
0.0109055432
0.0107958891
0.0105273043
0.0101321860
0.0098764993
0.0096287615
0.0092071697
0.0090600933
0.0085814972
0.0081154189
0.0077715748
0.0076251758
0.0073808319
0.0068338090
0.0062329780
0.0058315890
0.0051489591
0.0044621716
0.0040651020
0.0038765072
0.0037803933
0.0038107901
0.0037553292
0.0035167265
0.0037603888
0.0044541646
0.0052991328
0.0060662974
0.0069134679
0.0079675891
0.0089235441
0.0098137371
0.0101174424
0.0101351168
0.0102206130
0.0103154751
0.0106539001
0.0112497122
0.0118524503
0.0121523125
0.0122959535
0.0123178028
0.0123297055
0.0122615034
0.0117885199
0.0112022396
0.0104638855
0.0094589442
0.0082913120
0.0069239467
0.0056056023
0.0042306704
0.0028809767
0.0014172584
0.0002657273
-0.0010534908
-0.0023478818
-0.0033832055
-0.0041558286
-0.0047574980
-0.0054393462
-0.0062845481
-0.0076014464
-0.0086165763
-0.0089493609
-0.0089818134
-0.0090428406
-0.0093497670
-0.0096269851
-0.0102099544
-0.0106568032
-0.0106739591
-0.0107229315
-0.0108350464
-0.0108363873
-0.0109994031
-0.0109261206
-0.0110554881
-0.0116422039
-0.0120825967
-0.0120888591
-0.0117963445
-0.0115155667
-0.0110562485
-0.0106357695
-0.0103967134
-0.0101723179
-0.0099986574
-0.0097223656
-0.0093765170
-0.0089347694
-0.0085256540
-0.0078030250
-0.0066746295
-0.0054026628
-0.0045159134
-0.0044500456
-0.0046087199
-0.0050278233
-0.0053844362
-0.0055356357
-0.0052673322
-0.0051275336
-0.0057030102
-0.0063484860
-0.0066516135
-0.0064325590
-0.0059738974
-0.0058293917
-0.0060995130
-0.0064528274
-0.0061890141
-0.0055024567
-0.0047276342
-0.0036865921
-0.0030338773
-0.0028546180
-0.0024933373
-0.0020619580
-0.0014882557
-0.0010889314
-0.0001884910
0.0007823907
0.0019753082
0.0030094671
0.0034181186
0.0036103762
0.0037861829
0.0041582181
0.0044790462
0.0045626533
0.0045690401
0.0045715927
0.0047691028
0.0050064475
0.0050597110
0.0045196667
0.0040625569
0.0035606337
0.0033507433
0.0034160637
0.0036546083
0.0037139165
0.0035489985
0.0033439466
0.0031301564
0.0032931735
0.0037313738
0.0042012365
0.0046208797
0.0046657602
0.0044426013
0.0040447319
0.0035658966
0.0031217685
0.0028133277
0.0027246712
0.0026538792
0.0026927745
0.0027266834
0.0029607759
0.0034171661
0.0039183975
0.0046178736
0.0053290437
0.0051381769
0.0048403711
0.0045249192
0.0043590819
0.0044406894
0.0044357900
0.0043854040
0.0041601148
0.0037728065
0.0033595646
0.0029012548
0.0025267734
0.0023292730
0.0021816499
0.0015917953
0.0008388752
0.0001703132
-0.0004928792
-0.0012417939
-0.0018819653
-0.0023942643
-0.0027978514
-0.0031104291
-0.0034582761
-0.0035240893
-0.0037144162
-0.0035795377
-0.0034960910
-0.0040611489
-0.0045019896
-0.0045548253
-0.0047681593
-0.0051790483
-0.0053775987
-0.0055739496
-0.0059331663
-0.0061150729
-0.0060980269
-0.0060840492
-0.0063757226
-0.0065903091
-0.0067828597
-0.0071137885
-0.0075399699
-0.0080546543
-0.0085538901
-0.0086772164
-0.0084736333
-0.0083657902
-0.0084361626
-0.0086929830
-0.0088214726
-0.0086705600
-0.0085870407
-0.0085379438
-0.0085486231
-0.0085452569
-0.0085186313
-0.0087101320
-0.0086911927
-0.0083632189
-0.0076565500
-0.0070959275
-0.0066788978
-0.0062075538
-0.0053095010
-0.0043805835
-0.0036789238
-0.0036960376
-0.0041897768
-0.0045647518
-0.0044986918
-0.0045047697
-0.0046488835
-0.0046368218
-0.0046019467
-0.0044107114
-0.0039307059
-0.0037356379
-0.0034878724
-0.0031250276
-0.0025918131
-0.0021369982
-0.0014679181
-0.0008952796
-0.0006252312
-0.0004400822
-0.0005056827
-0.0004449791
-0.0006193799
-0.0009175077
-0.0010903359
-0.0011760837
-0.0012916463
-0.0014209350
-0.0015160715
-0.0013637066
-0.0012673204
-0.0013979438
-0.0013698716
-0.0009529303
-0.0000897817
0.0007726065
0.0012765225
0.0017234224
0.0021905375
0.0027488416
0.0027328034
0.0021893970
0.0015377763
0.0011292457
0.0009994151
0.0008195399
0.0009022097
0.0008916701
0.0007864958
0.0008298984
0.0010885097
0.0013517901
0.0017432319
0.0019339888
0.0018771655
0.0017423195
0.0014276577
0.0009570741
0.0005132195
0.0003106757
0.0001731871
0.0000426685
-0.0004330083
-0.0006386858
-0.0006577356
-0.0005380431
0.0000146349
0.0004685552
0.0010934208
0.0014864012
0.0016853690
0.0017099714
0.0021447557
0.0032885445
0.0042317024
0.0046548204
0.0046620726
0.0050102582
0.0058014901
0.0067379924
0.0070953400
0.0068418181
0.0066064510
0.0067347271
0.0069953491
0.0074938798
0.0079716050
0.0083534866
0.0087386791
0.0088537661
0.0088416768
0.0086255275
0.0084510030
0.0081519426
0.0078565802
0.0074995478
0.0068640241
0.0062428956
0.0057151769
0.0051850260
0.0048985111
0.0045511508
0.0042405928
0.0038628336
0.0039514236
0.0041440869
0.0041752372
0.0042704414
0.0042967891
0.0040436585
0.0036832570
0.0035737612
0.0036411317
0.0037545018
0.0038575313
0.0036793738
0.0034017438
0.0034675701
0.0038213967
0.0041020777
0.0039417266
0.0035040925
0.0033228266
0.0033908558
0.0035571099
0.0039883572
0.0043146438
0.0046752174
0.0050956832
0.0054369269
0.0058067897
0.0060492749
0.0061435910
0.0059469982
0.0058000020
0.0056386493
0.0054403712
0.0049153691
0.0043491865
0.0038559380
0.0035282759
0.0032682726
0.0028844722
0.0022226665
0.0015457024
0.0010996258
0.0006623083
0.0001855166
-0.0003069415
-0.0007429120
-0.0011169697
-0.0013449679
-0.0013767616
-0.0013123868
-0.0012480390
-0.0013479408
-0.0014005234
-0.0016128994
-0.0015363289
-0.0012742229
-0.0016677638
-0.0023914027
-0.0028305465
-0.0031588348
-0.0030961335
-0.0028377068
-0.0025885921
-0.0020873303
-0.0015730904
-0.0010128115
-0.0001828842
0.0008559634
0.0021457503
0.0033545885
0.0044476443
0.0053922248
0.0062165043
0.0068014976
0.0072047107
0.0078575963
0.0083018253
0.0085816907
0.0085348748
0.0082835635
0.0079536335
0.0073574689
0.0066748016
0.0057230388
0.0049026715
0.0042562294
0.0036850950
0.0027895838
0.0020456965
0.0016802775
0.0017133452
0.0016806045
0.0018032969
0.0019667039
0.0021614547
0.0024566325
0.0019422350
0.0010078057
0.0001323185
-0.0004364751
-0.0008197196
-0.0012701108
-0.0018445956
-0.0024943417
-0.0031964189
-0.0039698631
-0.0045949177
-0.0053320180
-0.0057831274
-0.0062711531
-0.0067846085
-0.0072569319
-0.0077475690
-0.0080563409
-0.0081976871
-0.0083236746
-0.0086246911
-0.0089364560
-0.0093601905
-0.0094010136
-0.0094550665
-0.0095617345
-0.0094786991
-0.0090713463
-0.0087199334
-0.0088492456
-0.0092183605
-0.0096427033
-0.0096234737
-0.0091196344
-0.0084896418
-0.0080832775
-0.0080108452
-0.0081362590
-0.0084644955
-0.0087849213
-0.0093607435
-0.0098363605
-0.0101761887
-0.0104218943
-0.0105058767
-0.0106426126
-0.0109682916
-0.0112196444
-0.0110733629
-0.0110093358
-0.0109626029
-0.0108650381
-0.0106677243
-0.0104767766
-0.0103594224
-0.0100554959
-0.0096996592
-0.0093310904
-0.0090200582
-0.0085885614
-0.0081743794
-0.0072612105
-0.0060472518
-0.0045160800
-0.0030169142
-0.0021870379
-0.0016226594
-0.0008233222
0.0001128404
0.0009623163
0.0018379212
0.0024930035
0.0030461214
0.0037596492
0.0048317689
0.0059403183
0.0066736708
0.0070576205
0.0077416245
0.0087284837
0.0095930534
0.0098482425
0.0096836922
0.0097087625
0.0097146586
0.0098298147
0.0098510626
0.0098901784
0.0099320037
0.0101251840
0.0102388264
0.0101656062
0.0100895935
0.0100829509
0.0101430312
0.0104724635
0.0108476334
0.0112507421
0.0114809922
0.0113821141
0.0112817707
0.0114094239
0.0114935792
0.0115665091
0.0115637581
0.0116170506
0.0116411463
0.0115681749
0.0111827682
0.0106040083
0.0098304576
0.0089687011
0.0082341141
0.0080331645
0.0079988941
0.0077026539
0.0071537268
0.0061526818
0.0053567842
0.0045964038
0.0036281818
0.0028761113
0.0023406269
0.0016271281
0.0010131695
0.0006386948
0.0004513057
0.0002369989
0.0003909965
0.0007963939
0.0014494890
0.0020586643
0.0021233128
0.0018034469
0.0015703988
0.0013331889
0.0014631971
0.0017293883
0.0017488632
0.0015931549
0.0013246904
0.0010069894
0.0006364478
0.0006974039
0.0009303283
0.0011930689
0.0011189031
0.0009446005
0.0007701942
0.0006661308
0.0005978590
0.0003805598
0.0003829742
0.0006208188
0.0010119627
0.0014133351
0.0016596801
0.0018690673
0.0023401644
0.0027669728
0.0025959984
0.0019665691
0.0015211858
0.0013188828
0.0012582987
0.0011901996
0.0009466112
0.0004535699
-0.0000361245
0.0000898701
0.0002992375
0.0001695065
0.0003122379
0.0006479100
0.0009014376
0.0010096879
0.0006636990
0.0004536625
0.0005712228
0.0011039369
0.0016468816
0.0019768191
0.0018556273
0.0015196395
0.0012654596
0.0011546609
0.0012745581
0.0012243020
0.0010392532
0.0007751668
0.0004480704
0.0003739632
0.0006737278
0.0014032938
0.0021689841
0.0027168011
0.0031922128
0.0039235698
0.0047792968
0.0053189817
0.0052214128
0.0047374017
0.0043726214
0.0041616769
0.0038297300
0.0033130466
0.0027692144
0.0023160245
0.0018176396
0.0015334244
0.0011128715
0.0004214538
-0.0000864465
-0.0003517689
-0.0007501767
-0.0010954136
-0.0013916372
-0.0016438423
-0.0019929763
-0.0023176502
-0.0027161355
-0.0033425006
-0.0039866624
-0.0042315883
-0.0044999181
-0.0049599392
-0.0052717262
-0.0053607794
-0.0058560545
-0.0065565820
-0.0071173482
-0.0074530982
-0.0074801108
-0.0073643672
-0.0071786312
-0.0071266934
-0.0069619980
-0.0063630312
-0.0055920228
-0.0054396358
-0.0057927968
-0.0060737826
-0.0059897946
-0.0057724668
-0.0054194240
-0.0048657828
-0.0044427969
-0.0041952319
-0.0041754286
-0.0040693972
-0.0037485352
-0.0032836362
-0.0028539323
-0.0026768745
-0.0029397416
-0.0033853807
-0.0037260445
-0.0039151156
-0.0040329668
-0.0039847519
-0.0039866258
-0.0041564306
-0.0043154947
-0.0043587467
-0.0043696858
-0.0045200379
-0.0046333444
-0.0045699933
-0.0047348159
-0.0051269785
-0.0055786229
-0.0059848870
-0.0062841769
-0.0063900908
-0.0063287325
-0.0064761946
-0.0068760843
-0.0068630888
-0.0063988990
-0.0057877938
-0.0055192062
-0.0057859717
-0.0061552075
-0.0062507401
-0.0061048340
-0.0062999511
-0.0065444084
-0.0066792171
-0.0068358633
-0.0070003604
-0.0071662723
-0.0072536693
-0.0072459347
-0.0072111044
-0.0069350476
-0.0065667422
-0.0059624447
-0.0051521912
-0.0042196462
-0.0033101553
-0.0023784985
-0.0012734307
-0.0002143912
0.0009749102
0.0020554585
0.0028451408
0.0036769359
0.0046424469
0.0055664292
0.0062581624
0.0066728006
0.0066452405
0.0067092185
0.0071763226
0.0080770358
0.0091245697
0.0096976271
0.0100499385
0.0106177496
0.0109718513
0.0108523889
0.0103593118
0.0097817132
0.0094830952
0.0092663790
0.0089340782
0.0084038346
0.0078833993
0.0074187104
0.0069520031
0.0063444030
0.0059032444
0.0055802203
0.0052944278
0.0050177862
0.0046108709
0.0041689851
0.0042065498
0.0043737889
0.0045238762
0.0044329927
0.0044282517
0.0045556554
0.0045947608
0.0045089570
0.0045393594
0.0045202459
0.0043674470
0.0041203590
0.0037158208
0.0032720583
0.0028633086
0.0026746986
0.0025488273
0.0022658576
0.0018195916
0.0014304654
0.0011994550
0.0015657034
0.0022792865
0.0025536692
0.0021281451
0.0013440921
0.0007384951
0.0005473930
0.0003297063
0.0000468793
-0.0002502895
-0.0007247448
-0.0012349059
-0.0018312779
-0.0026726968
-0.0034999825
-0.0042592355
-0.0048469003
-0.0053168514
-0.0057047341
-0.0061029774
-0.0064627457
-0.0066812845
-0.0068884571
-0.0068783999
-0.0068284618
-0.0068803609
-0.0068968539
-0.0069165715
-0.0070906190
-0.0072182516
-0.0073033814
-0.0076278301
-0.0080512674
-0.0084430610
-0.0088726155
-0.0087656157
-0.0082835704
-0.0077962027
-0.0074167197
-0.0071962019
-0.0066975626
-0.0058378998
-0.0052385203
-0.0051954584
-0.0052637206
-0.0049419490
-0.0044206234
-0.0037075712
-0.0029368655
-0.0024654766
-0.0021368800
-0.0017568426
-0.0013139026
-0.0010390804
-0.0009794445
-0.0008803930
-0.0008864404
-0.0012399311
-0.0013374710
-0.0014098735
-0.0013376375
-0.0011898202
-0.0011744669
-0.0011219085
-0.0012119452
-0.0012505882
-0.0012069809
-0.0010787754
-0.0009930117
-0.0010729464
-0.0011365407
-0.0013036941
-0.0015778342
-0.0019024888
-0.0022023807
-0.0022079657
-0.0019765655
-0.0020794298
-0.0022709512
-0.0022313391
-0.0024036959
-0.0027040413
-0.0031191184
-0.0035958704
-0.0040006270
-0.0040912181
-0.0041515278
-0.0040839935
-0.0040147001
-0.0038581306
-0.0038474209
-0.0038265753
-0.0033960786
-0.0027722233
-0.0022703775
-0.0018909518
-0.0013757103
-0.0007469466
0.0001379473
0.0010693043
0.0018740530
0.0026028007
0.0030929110
0.0035041457
0.0040400358
0.0046864219
0.0048050514
0.0041865758
0.0034268030
0.0031028375
0.0029188732
0.0027587951
0.0022472564
0.0013411848
0.0007127910
0.0006786794
0.0010184145
0.0012439512
0.0010395352
0.0008664408
0.0010039688
0.0012151006
0.0014783686
0.0015571317
0.0013764381
0.0013741612
0.0013109657
0.0011604657
0.0012211798
0.0012129323
0.0010149950
0.0008786884
0.0006486060
0.0004451791
0.0002723858
-0.0000349110
-0.0002283620
-0.0002624337
-0.0004568247
-0.0004533465
-0.0003935631
-0.0004593470
-0.0004943259
-0.0001415495
0.0005536274
0.0010722496
0.0010218525
0.0002019940
-0.0006459157
-0.0008120320
-0.0007453817
-0.0010085488
-0.0015740346
-0.0022149422
-0.0027288683
-0.0028643717
-0.0029705925
-0.0032183524
-0.0035484898
-0.0035724804
-0.0031487666
-0.0025382157
-0.0022806323
-0.0025060287
-0.0025791024
-0.0023111508
-0.0017178941
-0.0009370559
0.0000005438
0.0007486214
0.0014758318
0.0021287727
0.0026449370
0.0030612023
0.0033844254
0.0036054935
0.0038984352
0.0043085833
0.0048106005
0.0051475228
0.0052553548
0.0051166069
0.0049119780
0.0046536356
0.0043121651
0.0041430930
0.0037993491
0.0035975839
0.0035694432
0.0035997737
0.0034662216
0.0033645033
0.0030708904
0.0026975377
0.0025617191
0.0027339031
0.0028641360
0.0027530006
0.0026673351
0.0027095489
0.0028844950
0.0032337043
0.0032978510
0.0027371020
0.0018635922
0.0011613491
0.0007063911
0.0006038871
0.0005997111
0.0004873909
0.0000912937
-0.0004003050
-0.0007736586
-0.0012421305
-0.0017633206
-0.0023185737
-0.0027794451
-0.0031724393
-0.0035598174
-0.0039456845
-0.0041280086
-0.0036435378
-0.0028765543
-0.0022529105
-0.0017661532
-0.0012161830
-0.0007156291
-0.0001029678
0.0006468798
0.0012736194
0.0016477587
0.0019583838
0.0019752217
0.0015699011
0.0012098743
0.0011371663
0.0013963008
0.0015168415
0.0014352306
0.0012384491
0.0011729532
0.0011405740
0.0010254607
0.0003287700
-0.0004638521
-0.0010719240
-0.0013244927
-0.0012807341
-0.0012063319
-0.0010926141
-0.0009750823
-0.0008611143
-0.0005868544
-0.0002404737
0.0001290080
0.0004639323
0.0006336610
0.0009514628
0.0014252122
0.0020104087
0.0023342020
0.0023518148
0.0022961037
0.0022701687
0.0022142724
0.0023156360
0.0025402970
0.0026526157
0.0027814530
0.0030386079
0.0031764545
0.0031363842
0.0029514065
0.0027545407
0.0025938114
0.0028206276
0.0034654419
0.0041378778
0.0045508135
0.0046656468
0.0049347390
0.0053444916
0.0054934640
0.0051625601
0.0044667018
0.0038972581
0.0035418852
0.0032610943
0.0029542370
0.0027006778
0.0026505061
0.0027343434
0.0026530774
0.0026974761
0.0030277427
0.0032636083
0.0034334214
0.0036160144
0.0035884177
0.0034780717
0.0035121845
0.0036433236
0.0037582896
0.0038042111
0.0038103477
0.0035457353
0.0030558115
0.0026935120
0.0024458710
0.0021497186
0.0019746543
0.0017130583
0.0012907829
0.0008117023
0.0004097527
0.0001853940
0.0002873610
0.0007602815
0.0010676468
0.0009808484
0.0009840840
0.0012965124
0.0021437493
0.0025616700
0.0024433799
0.0019927530
0.0014419299
0.0006757495
0.0001743815
-0.0001518417
-0.0004582646
-0.0008029764
-0.0011857600
-0.0015075509
-0.0018496967
-0.0020683109
-0.0023468761
-0.0025833748
-0.0028625497
-0.0030573661
-0.0031211582
-0.0032633435
-0.0033800017
-0.0035073301
-0.0037745304
-0.0039089686
-0.0039264328
-0.0037913124
-0.0036527552
-0.0036100727
-0.0035469498
-0.0036434604
-0.0036849934
-0.0038649653
-0.0042473383
-0.0043866925
-0.0041448659
-0.0036281742
-0.0032435582
-0.0028733934
-0.0024070587
-0.0017530326
-0.0011268140
-0.0009891671
-0.0009890483
-0.0008722021
-0.0005168875
-0.0001156926
0.0001292677
0.0000571069
0.0002028343
0.0003201847
0.0004252781
0.0006294732
0.0007622342
0.0008861763
0.0008121743
0.0008118198
0.0008235752
0.0008710961
0.0008994705
0.0009665244
0.0009915263
0.0010592320
0.0011103901
0.0011368705
0.0012352370
0.0013257625
0.0014296781
0.0014113637
0.0014247933
0.0014504740
0.0013523749
0.0009920384
0.0006537285
0.0004446980
0.0002892499
0.0001486243
-0.0000451932
-0.0002691463
-0.0004816300
-0.0007764469
-0.0011394051
-0.0015259586
-0.0019601740
-0.0022893347
-0.0025645828
-0.0028481420
-0.0030590803
-0.0032800591
-0.0036501845
-0.0038899215
-0.0038939002
-0.0039389576
-0.0041576126
-0.0045961882
-0.0049081749
-0.0052784980
-0.0056905380
-0.0058565052
-0.0057451722
-0.0055042290
-0.0053834809
-0.0054577262
-0.0054762791
-0.0053007904
-0.0051547446
-0.0049599413
-0.0047016231
-0.0045057941
-0.0043408305
-0.0043199600
-0.0042681660
-0.0042392601
-0.0042165496
-0.0040421938
-0.0038538146
-0.0036610276
-0.0035187310
-0.0034305874
-0.0033345896
-0.0032239229
-0.0031327007
-0.0032746241
-0.0034751942
-0.0037085098
-0.0036333507
-0.0033718785
-0.0032074485
-0.0030231296
-0.0029072725
-0.0028512442
-0.0027071683
-0.0024926987
-0.0023585155
-0.0022446623
-0.0021173871
-0.0019781283
-0.0018158998
-0.0016616860
-0.0014399212
-0.0012802558
-0.0014035288
-0.0016173384
-0.0017035942
-0.0016350155
-0.0015165844
-0.0013753695
-0.0012349744
-0.0011000509
-0.0009514151
-0.0007404596
-0.0005145412
-0.0002894301
0.0000263556
0.0003664494
0.0007701223
0.0012254812
0.0015630671
0.0018542373
0.0021270551
0.0023042995
0.0024751149
0.0026057390
0.0026518167
0.0026609981
0.0027073239
0.0027606040
0.0028073570
0.0028041290
0.0027760312
0.0027323928
0.0027157394
0.0027569931
0.0027957529
0.0028189673
0.0028112174
0.0027604872
0.0027196378
0.0027231997
0.0027516071
0.0028232977
0.0029027078
0.0029478696
0.0029553216
0.0030082865
0.0030277732
0.0029540698
0.0028501666
0.0027871645
0.0027655503
0.0027112271
0.0026306379
0.0025285547
0.0023876778
0.0022978428
0.0022918369
0.0022890879
0.0022446014
0.0021696739
0.0020993678
0.0020669437
0.0020424167
0.0019314196
0.0017806175
0.0016726147
0.0015822345
0.0015261549
0.0014889331
0.0014413804
0.0013918003
0.0013443983
0.0012990222
0.0012516167
0.0012148469
0.0011958268
0.0011793621
0.0011609710
0.0011444475
0.0011160836
0.0010815347
0.0010386373
0.0009945496
0.0009619741
0.0009269932
0.0008920510
0.0008573064
0.0008235261
0.0007778998
0.0007281124
0.0006865563
0.0006536300
0.0006173516
0.0005734062
0.0005356761
0.0005175657
0.0005071162
0.0004953606
0.0004819982
0.0004638853
0.0004540758
0.0004545544
0.0004472736
0.0004232602
0.0003983177
0.0003770239
0.0003591466
0.0003431456
0.0003279492
0.0003139820
0.0002994825
0.0002818777
0.0002639957
0.0002464116
0.0002345545
0.0002212659
0.0002027599
0.0001852436
0.0001684985
0.0001517773
0.0001355465
0.0001208160
0.0001064622
0.0000918881
0.0000765945
0.0000629446
0.0000506529
0.0000390307
0.0000274121
0.0000167963
0.0000071159
-0.0000026092
-0.0000121911
-0.0000223097
-0.0000313870
-0.0000397941
-0.0000484528
-0.0000579127
-0.0000675945
-0.0000773846
-0.0000864125
-0.0000949990
-0.0001041468
-0.0001147003
-0.0001255283
-0.0001354398
-0.0001442668
-0.0001525303
-0.0001607833
-0.0001690212
-0.0001771751
-0.0001849580
-0.0001921577
-0.0001993236
-0.0002064916
-0.0002137602
-0.0002208837
-0.0002278997
-0.0002348183
-0.0002416391
-0.0002483500
-0.0002549019
-0.0002613918
-0.0002678234
-0.0002741738
-0.0002804172
-0.0002866020
-0.0002926820
-0.0002986649
-0.0003045618
-0.0003103776
-0.0003161126
-0.0003217603
-0.0003273182
-0.0003327841
-0.0003381582
-0.0003434404
-0.0003486317
-0.0003537308
-0.0003587364
-0.0003636478
-0.0003684642
-0.0003731851
-0.0003778100
0.0000000000
0.0000000000
0.0000000000
0.0000000000
0.0000000000
0.0000000000
0.0000000000
0.0000000000
0.0000000000
0.0000000000
0.0000000000
0.0000000000
0.0000000000
0.0000000000
0.0000000000
0.0000000000
0.0000000000
0.0000000000
0.0000000000
0.0000000000
0.0000000000
0.0000000000
0.0000000000
0.0000000000
0.0000000000
0.0000000000
0.0000000000
0.0000000000
0.0000000000
0.0000000000
0.0000000000
0.0000000000
0.0000000000
0.0000000000
0.0000000000
0.0000000000
0.0000000000
0.0000000000
0.0000000000
0.0000000000
0.0000000000
0.0000000000
0.0000000000
0.0000000000
0.0000000000
0.0000000000
0.0000000000
0.0000000000
0.0000000000
0.0000000000
0.0000000000
0.0000000000
0.0000000000
0.0000000000
0.0000000000
0.0000000000
0.0000000000
0.0000000000
0.0000000000
0.0000000000
0.0000000000
0.0000000000
0.0000000000
0.0000000000
0.0000000000
0.0000000000
0.0000000000
0.0000000000
0.0000000000
0.0000000000
0.0000000000
0.0000000000
0.0000000000
0.0000000000
0.0000000000
0.0000000000
0.0000000000
0.0000000000
0.0000000000
0.0000000000
0.0000000000
0.0000000000
0.0000000000
0.0000000000
0.0000000000
0.0000000000
0.0000000000
0.0000000000
0.0000000000
0.0000000000
0.0000000000
0.0000000000
0.0000000000
0.0000000000
0.0000000000
0.0000000000
0.0000000000
0.0000000000
0.0000000000
0.0000000000
0.0000000000
0.0000000000
0.0000000000
0.0000000000
0.0000000000
0.0000000000
0.0000000000
0.0000000000
0.0000000000
0.0000000000
0.0000000000
0.0000000000
0.0000000000
0.0000000000
0.0000000000
0.0000000000
0.0000000000
0.0000000000
0.0000000000
0.0000000000
0.0000000000
0.0000000000
0.0000000000
0.0000000000
0.0000000000
0.0000000000
0.0000000000
0.0000000000
0.0000000000
0.0000000000
0.0000000000
0.0000000000
0.0000000000
0.0000000000
0.0000000000
0.0000000000
0.0000000000
0.0000000000
0.0000000000
0.0000000000
0.0000000000
0.0000000000
0.0000000000
0.0000000000
0.0000000000
0.0000000000
0.0000000000
0.0000000000
0.0000000000
0.0000000000
0.0000000000
0.0000000000
0.0000000000
0.0000000000
0.0000000000
0.0000000000
0.0000000000
0.0000000000
0.0000000000
0.0000000000
0.0000000000
0.0000000000
0.0000000000
0.0000000000
0.0000000000
0.0000000000
0.0000000000
0.0000000000
0.0000000000
0.0000000000
0.0000000000
0.0000000000
0.0000000000
0.0000000000
0.0000000000
0.0000000000
0.0000000000
0.0000000000
0.0000000000
0.0000000000
0.0000000000
0.0000000000
0.0000000000
0.0000000000
0.0000000000
0.0000000000
0.0000000000
0.0000000000
0.0000000000
0.0000000000
0.0000000000
0.0000000000
0.0000000000
0.0000000000
0.0000000000
0.0000000000
0.0000000000
0.0000000000
0.0000000000
0.0000000000
0.0000000000
0.0000000000
0.0000000000
0.0000000000
0.0000000000
0.0000000000
0.0000000000
0.0000000000
0.0000000000
0.0000000000
0.0000000000
0.0000000000
0.0000000000
0.0000000000
0.0000000000
0.0000000000
0.0000000000
0.0000000000
0.0000000000
0.0000000000
0.0000000000
0.0000000000
0.0000000000
0.0000000000
0.0000000000
0.0000000000
0.0000000000
0.0000000000
0.0000000000
0.0000000000
0.0000000000
0.0000000000
0.0000000000
0.0000000000
0.0000000000
0.0000000000
0.0000000000
0.0000000000
0.0000000000
0.0000000000
0.0000000000
0.0000000000
0.0000000000
0.0000000000
0.0000000000
0.0000000000
0.0000000000
0.0000000000
0.0000000000
0.0000000000
0.0000000000
0.0000000000
0.0000000000
0.0000000000
0.0000000000
0.0000000000
0.0000000000
0.0000000000
0.0000000000
0.0000000000
0.0000000000
0.0000000000
0.0000000000
0.0000000000
0.0000000000
0.0000000000
0.0000000000
0.0000000000
0.0000000000
0.0000000000
0.0000000000
0.0000000000
0.0000000000
0.0000000000
0.0000000000
0.0000000000
0.0000000000
0.0000000000
0.0000000000
0.0000000000
0.0000000000
0.0000000000
0.0000000000
0.0000000000
0.0000000000
0.0000000000
0.0000000000
0.0000000000
0.0000000000
0.0000000000
0.0000000000
0.0000000000
0.0000000000
0.0000000000
0.0000000000
0.0000000000
0.0000000000
0.0000000000
0.0000000000
0.0000000000
0.0000000000
0.0000000000
0.0000000000
0.0000000000
0.0000000000
0.0000000000
0.0000000000
0.0000000000
0.0000000000
0.0000000000
0.0000000000
0.0000000000
0.0000000000
0.0000000000
0.0000000000
0.0000000000
0.0000000000
0.0000000000
0.0000000000
0.0000000000
0.0000000000
0.0000000000
0.0000000000
0.0000000000
0.0000000000
0.0000000000
0.0000000000
0.0000000000
0.0000000000
0.0000000000
0.0000000000
0.0000000000
0.0000000000
0.0000000000
0.0000000000
0.0000000000
0.0000000000
0.0000000000
0.0000000000
0.0000000000
0.0000000000
0.0000000000
0.0000000000
0.0000000000
0.0000000000
0.0000000000
0.0000000000
0.0000000000
0.0000000000
0.0000000000
0.0000000000
0.0000000000
0.0000000000
0.0000000000
0.0000000000
0.0000000000
0.0000000000
0.0000000000
0.0000000000
0.0000000000
0.0000000000
0.0000000000
0.0000000000
0.0000000000
0.0000000000
0.0000000000
0.0000000000
0.0000000000
0.0000000000
0.0000000000
0.0000000000
0.0000000000
0.0000000000
0.0000000000
0.0000000000
0.0000000000
0.0000000000
0.0000000000
0.0000000000
0.0000000000
0.0000000000
0.0000000000
0.0000000000
0.0000000000
0.0000000000
0.0000000000
0.0000000000
0.0000000000
0.0000000000
0.0000000000
0.0000000000
0.0000000000
0.0000000000
0.0000000000
0.0000000000
0.0000000000
0.0000000000
0.0000000000
0.0000000000
0.0000000000
0.0000000000
0.0000000000
0.0000000000
0.0000000000
0.0000000000
0.0000000000
0.0000000000
0.0000000000
0.0000000000
0.0000000000
0.0000000000
0.0000000000
0.0000000000
0.0000000000
0.0000000000
0.0000000000
0.0000000000
0.0000000000
0.0000000000
0.0000000000
0.0000000000
0.0000000000
0.0000000000
0.0000000000
0.0000000000
0.0000000000
0.0000000000
0.0000000000
0.0000000000
0.0000000000
0.0000000000
0.0000000000
0.0000000000
0.0000000000
0.0000000000
0.0000000000
0.0000000000
0.0000000000
0.0000000000
0.0000000000
0.0000000000
0.0000000000
0.0000000000
0.0000000000
0.0000000000
0.0000000000
0.0000000000
0.0000000000
0.0000000000
0.0000000000
0.0000000000
0.0000000000
0.0000000000
0.0000000000
0.0000000000
0.0000000000
0.0000000000
0.0000000000
0.0000000000
0.0000000000
0.0000000000
0.0000000000
0.0000000000
0.0000000000
0.0000000000
0.0000000000
0.0000000000
0.0000000000
0.0000000000
0.0000000000
0.0000000000
0.0000000000
0.0000000000
0.0000000000
0.0000000000
0.0000000000
0.0000000000
0.0000000000
0.0000000000
0.0000000000
0.0000000000
0.0000000000
0.0000000000
0.0000000000
0.0000000000
0.0000000000
0.0000000000
0.0000000000
0.0000000000
0.0000000000
0.0000000000
0.0000000000
0.0000000000
0.0000000000
0.0000000000
0.0000000000
0.0000000000
0.0000000000
0.0000000000
0.0000000000
0.0000000000
0.0000000000
0.0000000000
0.0000000000
0.0000000000
0.0000000000
0.0000000000
0.0000000000
0.0000000000
0.0000000000
0.0000000000
0.0000000000
0.0000000000
0.0000000000
0.0000000000
0.0000000000
0.0000000000
0.0000000000
0.0000000000
0.0000000000
0.0000000000
0.0000000000
0.0000000000
0.0000000000
0.0000000000
0.0000000000
0.0000000000
0.0000000000
0.0000000000
0.0000000000
0.0000000000
0.0000000000
0.0000000000
0.0000000000
0.0000000000
0.0000000000
0.0000000000
0.0000000000
0.0000000000
0.0000000000
0.0000000000
0.0000000000
0.0000000000
0.0000000000
0.0000000000
0.0000000000
0.0000000000
0.0000000000
0.0000000000
0.0000000000
0.0000000000
0.0000000000
0.0000000000
0.0000000000
0.0000000000
0.0000000000
0.0000000000
0.0000000000
0.0000000000
0.0000000000
0.0000000000
0.0000000000
0.0000000000
0.0000000000
0.0000000000
0.0000000000
0.0000000000
0.0000000000
0.0000000000
0.0000000000
0.0000000000
0.0000000000
0.0000000000
0.0000000000
0.0000000000
0.0000000000
0.0000000000
0.0000000000
0.0000000000
0.0000000000
0.0000000000
0.0000000000
0.0000000000
0.0000000000
0.0000000000
0.0000000000
0.0000000000
0.0000000000
0.0000000000
0.0000000000
0.0000000000
0.0000000000
0.0000000000
0.0000000000
0.0000000000
0.0000000000
0.0000000000
0.0000000000
0.0000000000
0.0000000000
0.0000000000
0.0000000000
0.0000000000
0.0000000000
0.0000000000
0.0000000000
0.0000000000
0.0000000000
0.0000000000
0.0000000000
0.0000000000
0.0000000000
0.0000000000
0.0000000000
0.0000000000
0.0000000000
0.0000000000
0.0000000000
0.0000000000
0.0000000000
0.0000000000
0.0000000000
0.0000000000
0.0000000000
0.0000000000
0.0000000000
0.0000000000
0.0000000000
0.0000000000
0.0000000000
0.0000000000
0.0000000000
0.0000000000
0.0000000000
0.0000000000
0.0000000000
0.0000000000
0.0000000000
0.0000000000
0.0000000000
0.0000000000
0.0000000000
0.0000000000
0.0000000000
0.0000000000
0.0000000000
0.0000000000
0.0000000000
0.0000000000
0.0000000000
0.0000000000
0.0000000000
0.0000000000
0.0000000000
0.0000000000
0.0000000000
0.0000000000
0.0000000000
0.0000000000
0.0000000000
0.0000000000
0.0000000000
0.0000000000
0.0000000000
0.0000000000
0.0000000000
0.0000000000
0.0000000000
0.0000000000
0.0000000000
0.0000000000
0.0000000000
0.0000000000
0.0000000000
0.0000000000
0.0000000000
0.0000000000
0.0000000000
0.0000000000
0.0000000000
0.0000000000
0.0000000000
0.0000000000
0.0000000000
0.0000000000
0.0000000000
0.0000000000
0.0000000000
0.0000000000
0.0000000000
0.0000000000
0.0000000000
0.0000000000
0.0000000000
0.0000000000
0.0000000000
0.0000000000
0.0000000000
0.0000000000
0.0000000000
0.0000000000
0.0000000000
0.0000000000
0.0000000000
0.0000000000
0.0000000000
0.0000000000
0.0000000000
0.0000000000
0.0000000000
0.0000000000
0.0000000000
0.0000000000
0.0000000000
0.0000000000
0.0000000000
0.0000000000
0.0000000000
0.0000000000
0.0000000000
0.0000000000
0.0000000000
0.0000000000
0.0000000000
0.0000000000
0.0000000000
0.0000000000
0.0000000000
0.0000000000
0.0000000000
0.0000000000
0.0000000000
0.0000000000
0.0000000000
0.0000000000
0.0000000000
0.0000000000
0.0000000000
0.0000000000
0.0000000000
0.0000000000
0.0000000000
0.0000000000
0.0000000000
0.0000000000
0.0000000000
0.0000000000
0.0000000000
0.0000000000
0.0000000000
0.0000000000
0.0000000000
0.0000000000
0.0000000000
0.0000000000
0.0000000000
0.0000000000
0.0000000000
0.0000000000
0.0000000000
0.0000000000
0.0000000000
0.0000000000
0.0000000000
0.0000000000
0.0000000000
0.0000000000
0.0000000000
0.0000000000
0.0000000000
0.0000000000
0.0000000000
0.0000000000
0.0000000000
0.0000000000
0.0000000000
0.0000000000
0.0000000000
0.0000000000
0.0000000000
0.0000000000
0.0000000000
0.0000000000
0.0000000000
0.0000000000
0.0000000000
0.0000000000
0.0000000000
0.0000000000
0.0000000000
0.0000000000
0.0000000000
0.0000000000
0.0000000000
0.0000000000
0.0000000000
0.0000000000
0.0000000000
0.0000000000
0.0000000000
0.0000000000
0.0000000000
0.0000000000
0.0000000000
0.0000000000
0.0000000000
0.0000000000
0.0000000000
0.0000000000
0.0000000000
0.0000000000
0.0000000000
0.0000000000
0.0000000000
0.0000000000
0.0000000000
0.0000000000
0.0000000000
0.0000000000
0.0000000000
0.0000000000
0.0000000000
0.0000000000
0.0000000000
0.0000000000
0.0000000000
0.0000000000
0.0000000000
0.0000000000
0.0000000000
0.0000000000
0.0000000000
0.0000000000
0.0000000000
0.0000000000
0.0000000000
0.0000000000
0.0000000000
0.0000000000
0.0000000000
0.0000000000
0.0000000000
0.0000000000
0.0000000000
0.0000000000
0.0000000000
0.0000000000
0.0000000000
0.0000000000
0.0000000000
0.0000000000
0.0000000000
0.0000000000
0.0000000000
0.0000000000
0.0000000000
0.0000000000
0.0000000000
0.0000000000
0.0000000000
0.0000000000
0.0000000000
0.0000000000
0.0000000000
0.0000000000
0.0000000000
0.0000000000
0.0000000000
0.0000000000
0.0000000000
0.0000000000
0.0000000000
0.0000000000
0.0000000000
0.0000000000
0.0000000000
0.0000000000
0.0000000000
0.0000000000
0.0000000000
0.0000000000
0.0000000000
0.0000000000
0.0000000000
0.0000000000
0.0000000000
0.0000000000
0.0000000000
0.0000000000
0.0000000000
0.0000000000
0.0000000000
0.0000000000
0.0000000000
0.0000000000
0.0000000000
0.0000000000
0.0000000000
0.0000000000
0.0000000000
0.0000000000
0.0000000000
0.0000000000
0.0000000000
0.0000000000
0.0000000000
0.0000000000
0.0000000000
0.0000000000
0.0000000000
0.0000000000
0.0000000000
0.0000000000
0.0000000000
0.0000000000
0.0000000000
0.0000000000
0.0000000000
0.0000000000
0.0000000000
0.0000000000
0.0000000000
0.0000000000
0.0000000000
0.0000000000
0.0000000000
0.0000000000
0.0000000000
0.0000000000
0.0000000000
0.0000000000
0.0000000000
0.0000000000
0.0000000000
0.0000000000
0.0000000000
0.0000000000
0.0000000000
0.0000000000
0.0000000000
0.0000000000
0.0000000000
0.0000000000
0.0000000000
0.0000000000
0.0000000000
0.0000000000
0.0000000000
0.0000000000
0.0000000000
0.0000000000
0.0000000000
0.0000000000
0.0000000000
0.0000000000
0.0000000000
0.0000000000
0.0000000000
0.0000000000
0.0000000000
0.0000000000
0.0000000000
0.0000000000
0.0000000000
0.0000000000
0.0000000000
0.0000000000
0.0000000000
0.0000000000
0.0000000000
0.0000000000
0.0000000000
0.0000000000
0.0000000000
0.0000000000
0.0000000000
0.0000000000
0.0000000000
0.0000000000
0.0000000000
0.0000000000
0.0000000000
0.0000000000
0.0000000000
0.0000000000
0.0000000000
0.0000000000
0.0000000000
0.0000000000
0.0000000000
0.0000000000
0.0000000000
0.0000000000
0.0000000000
0.0000000000
0.0000000000
0.0000000000
0.0000000000
0.0000000000
0.0000000000
0.0000000000
0.0000000000
0.0000000000
0.0000000000
0.0000000000
0.0000000000
0.0000000000
0.0000000000
0.0000000000
0.0000000000
0.0000000000
0.0000000000
0.0000000000
0.0000000000
0.0000000000
0.0000000000
0.0000000000
0.0000000000
0.0000000000
0.0000000000
0.0000000000
0.0000000000
0.0000000000
0.0000000000
0.0000000000
0.0000000000
0.0000000000
0.0000000000
0.0000000000
0.0000000000
0.0000000000
0.0000000000
0.0000000000
0.0000000000
0.0000000000
0.0000000000
0.0000000000
0.0000000000
0.0000000000
0.0000000000
0.0000000000
0.0000000000
0.0000000000
0.0000000000
0.0000000000
0.0000000000
0.0000000000
0.0000000000
0.0000000000
0.0000000000
0.0000000000
0.0000000000
0.0000000000
0.0000000000
0.0000000000
0.0000000000
0.0000000000
0.0000000000
0.0000000000
0.0000000000
0.0000000000
0.0000000000
0.0000000000
0.0000000000
0.0000000000
0.0000000000
0.0000000000
0.0000000000
0.0000000000
0.0000000000
0.0000000000
0.0000000000
0.0000000000
0.0000000000
0.0000000000
0.0000000000
0.0000000000
0.0000000000
0.0000000000
0.0000000000
0.0000000000
0.0000000000
0.0000000000
0.0000000000
0.0000000000
0.0000000000
0.0000000000
0.0000000000
0.0000000000
0.0000000000
0.0000000000
0.0000000000
0.0000000000
0.0000000000
0.0000000000
0.0000000000
0.0000000000
0.0000000000
0.0000000000
0.0000000000
0.0000000000
0.0000000000
0.0000000000
0.0000000000
0.0000000000
0.0000000000
0.0000000000
0.0000000000
0.0000000000
0.0000000000
0.0000000000
0.0000000000
0.0000000000
0.0000000000
0.0000000000
0.0000000000
0.0000000000
0.0000000000
0.0000000000
0.0000000000
0.0000000000
0.0000000000
0.0000000000
0.0000000000
0.0000000000
0.0000000000
0.0000000000
0.0000000000
0.0000000000
0.0000000000
0.0000000000
0.0000000000
0.0000000000
0.0000000000
0.0000000000
0.0000000000
0.0000000000
0.0000000000
0.0000000000
0.0000000000
0.0000000000
0.0000000000
0.0000000000
0.0000000000
0.0000000000
0.0000000000
0.0000000000
0.0000000000
0.0000000000
0.0000000000
0.0000000000
0.0000000000
0.0000000000
0.0000000000
0.0000000000
0.0000000000
0.0000000000
0.0000000000
0.0000000000
0.0000000000
0.0000000000
0.0000000000
0.0000000000
0.0000000000
0.0000000000
0.0000000000
0.0000000000
0.0000000000
0.0000000000
0.0000000000
0.0000000000
0.0000000000
0.0000000000
0.0000000000
0.0000000000
0.0000000000
0.0000000000
0.0000000000
0.0000000000
0.0000000000
0.0000000000
0.0000000000
0.0000000000
0.0000000000
0.0000000000
0.0000000000
0.0000000000
0.0000000000
0.0000000000
0.0000000000
0.0000000000
0.0000000000
0.0000000000
0.0000000000
0.0000000000
0.0000000000
0.0000000000
0.0000000000
0.0000000000
0.0000000000
0.0000000000
0.0000000000
0.0000000000
0.0000000000
0.0000000000
0.0000000000
0.0000000000
0.0000000000
0.0000000000
0.0000000000
0.0000000000
0.0000000000
0.0000000000
0.0000000000
0.0000000000
0.0000000000
0.0000000000
0.0000000000
0.0000000000
0.0000000000
0.0000000000
0.0000000000
0.0000000000
0.0000000000
0.0000000000
0.0000000000
0.0000000000
0.0000000000
0.0000000000
0.0000000000
0.0000000000
0.0000000000
0.0000000000
0.0000000000
0.0000000000
0.0000000000
0.0000000000
0.0000000000
0.0000000000
0.0000000000
0.0000000000
0.0000000000
0.0000000000
0.0000000000
0.0000000000
0.0000000000
0.0000000000
0.0000000000
0.0000000000
0.0000000000
0.0000000000
0.0000000000
0.0000000000
0.0000000000
0.0000000000
0.0000000000
0.0000000000
0.0000000000
0.0000000000
0.0000000000
0.0000000000
0.0000000000
0.0000000000
0.0000000000
0.0000000000
0.0000000000
0.0000000000
0.0000000000
0.0000000000
0.0000000000
0.0000000000
0.0000000000
0.0000000000
0.0000000000
0.0000000000
0.0000000000
0.0000000000
0.0000000000
0.0000000000
0.0000000000
0.0000000000
0.0000000000
0.0000000000
0.0000000000
0.0000000000
0.0000000000
0.0000000000
0.0000000000
0.0000000000
0.0000000000
0.0000000000
0.0000000000
0.0000000000
0.0000000000
0.0000000000
0.0000000000
0.0000000000
0.0000000000
0.0000000000
0.0000000000
0.0000000000
0.0000000000
0.0000000000
0.0000000000
0.0000000000
0.0000000000
0.0000000000
0.0000000000
0.0000000000
0.0000000000
0.0000000000
0.0000000000
0.0000000000
0.0000000000
0.0000000000
0.0000000000
0.0000000000
0.0000000000
0.0000000000
0.0000000000
0.0000000000
0.0000000000
0.0000000000
0.0000000000
0.0000000000
0.0000000000
0.0000000000
0.0000000000
0.0000000000
0.0000000000
0.0000000000
0.0000000000
0.0000000000
0.0000000000
0.0000000000
0.0000000000
0.0000000000
0.0000000000
0.0000000000
0.0000000000
0.0000000000
0.0000000000
0.0000000000
0.0000000000
0.0000000000
0.0000000000
0.0000000000
0.0000000000
0.0000000000
0.0000000000
0.0000000000
0.0000000000
0.0000000000
0.0000000000
0.0000000000
0.0000000000
0.0000000000
0.0000000000
0.0000000000
0.0000000000
0.0000000000
0.0000000000
0.0000000000
0.0000000000
0.0000000000
0.0000000000
0.0000000000
0.0000000000
0.0000000000
0.0000000000
0.0000000000
0.0000000000
0.0000000000
0.0000000000
0.0000000000
0.0000000000
0.0000000000
0.0000000000
0.0000000000
0.0000000000
0.0000000000
0.0000000000
0.0000000000
0.0000000000
0.0000000000
0.0000000000
0.0000000000
0.0000000000
0.0000000000
0.0000000000
0.0000000000
0.0000000000
0.0000000000
0.0000000000
0.0000000000
0.0000000000
0.0000000000
0.0000000000
0.0000000000
0.0000000000
0.0000000000
0.0000000000
0.0000000000
0.0000000000
0.0000000000
0.0000000000
0.0000000000
0.0000000000
0.0000000000
0.0000000000
0.0000000000
0.0000000000
0.0000000000
0.0000000000
0.0000000000
0.0000000000
0.0000000000
0.0000000000
0.0000000000
0.0000000000
0.0000000000
0.0000000000
0.0000000000
0.0000000000
0.0000000000
0.0000000000
0.0000000000
0.0000000000
0.0000000000
0.0000000000
0.0000000000
0.0000000000
0.0000000000
0.0000000000
0.0000000000
0.0000000000
0.0000000000
0.0000000000
0.0000000000
0.0000000000
0.0000000000
0.0000000000
0.0000000000
0.0000000000
0.0000000000
0.0000000000
0.0000000000
0.0000000000
0.0000000000
0.0000000000
0.0000000000
0.0000000000
0.0000000000
0.0000000000
0.0000000000
0.0000000000
0.0000000000
0.0000000000
0.0000000000
0.0000000000
0.0000000000
0.0000000000
0.0000000000
0.0000000000
0.0000000000
0.0000000000
0.0000000000
0.0000000000
0.0000000000
0.0000000000
0.0000000000
0.0000000000
0.0000000000
0.0000000000
0.0000000000
0.0000000000
0.0000000000
0.0000000000
0.0000000000
0.0000000000
0.0000000000
0.0000000000
0.0000000000
0.0000000000
0.0000000000
0.0000000000
0.0000000000
0.0000000000
0.0000000000
0.0000000000
0.0000000000
0.0000000000
0.0000000000
0.0000000000
0.0000000000
0.0000000000
0.0000000000
0.0000000000
0.0000000000
0.0000000000
0.0000000000
0.0000000000
0.0000000000
0.0000000000
0.0000000000
0.0000000000
0.0000000000
0.0000000000
0.0000000000
0.0000000000
0.0000000000
0.0000000000
0.0000000000
0.0000000000
0.0000000000
0.0000000000
0.0000000000
0.0000000000
0.0000000000
0.0000000000
0.0000000000
0.0000000000
0.0000000000
0.0000000000
0.0000000000
0.0000000000
0.0000000000
0.0000000000
0.0000000000
0.0000000000
0.0000000000
0.0000000000
0.0000000000
0.0000000000
0.0000000000
0.0000000000
0.0000000000
0.0000000000
0.0000000000
0.0000000000
0.0000000000
0.0000000000
0.0000000000
0.0000000000
0.0000000000
0.0000000000
0.0000000000
0.0000000000
0.0000000000
0.0000000000
0.0000000000
0.0000000000
0.0000000000
0.0000000000
0.0000000000
0.0000000000
0.0000000000
0.0000000000
0.0000000000
0.0000000000
0.0000000000
0.0000000000
0.0000000000
0.0000000000
0.0000000000
0.0000000000
0.0000000000
0.0000000000
0.0000000000
0.0000000000
0.0000000000
0.0000000000
0.0000000000
0.0000000000
0.0000000000
0.0000000000
0.0000000000
0.0000000000
0.0000000000
0.0000000000
0.0000000000
0.0000000000
0.0000000000
0.0000000000
0.0000000000
0.0000000000
0.0000000000
0.0000000000
0.0000000000
0.0000000000
0.0000000000
0.0000000000
0.0000000000
0.0000000000
0.0000000000
0.0000000000
0.0000000000
0.0000000000
0.0000000000
0.0000000000
0.0000000000
0.0000000000
0.0000000000
0.0000000000
0.0000000000
0.0000000000
0.0000000000
0.0000000000
0.0000000000
0.0000000000
0.0000000000
0.0000000000
0.0000000000
0.0000000000
0.0000000000
0.0000000000
0.0000000000
0.0000000000
0.0000000000
0.0000000000
0.0000000000
0.0000000000
0.0000000000
0.0000000000
0.0000000000
0.0000000000
0.0000000000
0.0000000000
0.0000000000
0.0000000000
0.0000000000
0.0000000000
0.0000000000
0.0000000000
0.0000000000
0.0000000000
0.0000000000
0.0000000000
0.0000000000
0.0000000000
0.0000000000
0.0000000000
0.0000000000
0.0000000000
0.0000000000
0.0000000000
0.0000000000
