0.0005144503
0.0006880121
0.0003973171
-0.0009278356
-0.0026727728
-0.0041341441
-0.0052642507
-0.0054814344
-0.0058226918
-0.0069170947
-0.0077902432
-0.0075709770
-0.0072444948
-0.0075118719
-0.0074035340
-0.0055148849
-0.0030550571
-0.0016272974
-0.0000706366
0.0005691855
0.0003194708
-0.0004060107
-0.0009345062
-0.0009367554
-0.0009437544
-0.0020183601
-0.0019400739
-0.0003205618
0.0006440668
0.0014053122
0.0026054706
0.0023876615
0.0002005119
-0.0014477479
-0.0014087213
-0.0018323235
-0.0022710218
-0.0007053975
0.0007078548
0.0011848521
0.0023254314
0.0021322944
0.0004603623
-0.0002012581
-0.0001639550
-0.0013471243
-0.0028524910
-0.0033231189
-0.0037330690
-0.0039536876
-0.0025080896
-0.0010832257
-0.0005944089
0.0007241857
0.0021373482
0.0026002869
0.0031264857
0.0036710647
0.0034904476
0.0023250371
0.0003658282
-0.0011292655
-0.0022054588
-0.0036301093
-0.0044192772
-0.0048107901
-0.0066825045
-0.0082681972
-0.0071169493
-0.0048393404
-0.0033714711
-0.0017905100
0.0008030274
0.0026415463
0.0054011335
0.0079302516
0.0083084618
0.0088192354
0.0095623159
0.0094721930
0.0084453834
0.0068778499
0.0062065094
0.0060949936
0.0052660471
0.0040480423
0.0039119951
0.0051740061
0.0074245502
0.0096383441
0.0105920764
0.0104472746
0.0090327019
0.0064435581
0.0029186972
-0.0001190643
-0.0024053325
-0.0036847276
-0.0042724867
-0.0060713821
-0.0086221752
-0.0119819681
-0.0131582233
-0.0109673698
-0.0066304215
-0.0024156026
-0.0005507901
-0.0017343686
-0.0048027235
-0.0065584592
-0.0078930058
-0.0087140115
-0.0050603792
-0.0009084002
-0.0002779278
-0.0004296213
0.0009354085
0.0036944926
0.0052535400
0.0057050038
0.0075992275
0.0105061621
0.0120484163
0.0097697176
0.0061977541
0.0051688054
0.0053612537
0.0050066678
0.0044526904
0.0035448566
0.0033443316
0.0044332788
0.0051200459
0.0059146342
0.0060537872
0.0041196082
0.0039784773
0.0066885870
0.0088707730
0.0096070204
0.0086274650
0.0055299688
0.0011637781
-0.0040579010
-0.0094305889
-0.0131830675
-0.0142943839
-0.0125199927
-0.0086573541
-0.0057527448
-0.0047764686
-0.0038973211
-0.0038315283
-0.0033044266
-0.0002529361
0.0035272903
0.0073777652
0.0109477950
0.0144436527
0.0169203567
0.0176695905
0.0168000319
0.0146989205
0.0108958902
0.0063276908
0.0044184342
0.0042712533
0.0036726598
0.0030904828
0.0021084375
0.0005727570
-0.0009534473
-0.0014615896
-0.0005420404
0.0003894495
0.0015570750
0.0031747414
0.0054012967
0.0080672411
0.0079720120
0.0058421103
0.0037978976
0.0027810780
0.0018396768
0.0017960268
0.0044486007
0.0058012167
0.0026656310
-0.0019442411
-0.0041784577
-0.0057721972
-0.0086712856
-0.0098567333
-0.0067392381
-0.0009151837
0.0040435208
0.0096404655
0.0148841909
0.0165458316
0.0151267035
0.0122750528
0.0082486224
0.0044431600
0.0018146511
0.0014990659
0.0024621266
0.0030252394
0.0037528416
0.0042458605
0.0034381709
0.0010686020
-0.0018241421
-0.0035245332
-0.0019439073
0.0028982127
0.0070383101
0.0096042871
0.0121636145
0.0138685251
0.0118064205
0.0082501726
0.0050074389
0.0012200282
-0.0019212654
-0.0025085009
-0.0023276099
-0.0039263658
-0.0054618942
-0.0074432071
-0.0101619137
-0.0123358441
-0.0136228373
-0.0113162076
-0.0065868668
-0.0045431444
-0.0046298276
-0.0040725696
-0.0038189193
-0.0030007488
-0.0005841931
0.0030684725
0.0067933853
0.0085473640
0.0082984942
0.0069875476
0.0051952923
0.0051783807
0.0061458710
0.0062226241
0.0075039168
0.0104456360
0.0116330486
0.0098635392
0.0060342770
0.0014054972
-0.0030290449
-0.0047645782
-0.0028494232
-0.0002727407
0.0015213216
0.0022106670
0.0015749044
0.0006782558
-0.0001001616
-0.0018934058
-0.0055075649
-0.0075354514
-0.0060059408
-0.0050366324
-0.0057323180
-0.0050717549
-0.0046823158
-0.0049776878
-0.0045343680
-0.0048566246
-0.0052222244
-0.0048859263
-0.0052535788
-0.0070805194
-0.0071804535
-0.0052212154
-0.0023901513
0.0010972272
0.0055661968
0.0093532620
0.0106718917
0.0085604932
0.0039421501
-0.0007447803
-0.0040202425
-0.0039154470
0.0005866298
0.0056662832
0.0077546224
0.0086085429
0.0082029728
0.0071584038
0.0057520037
0.0045801788
0.0051080991
0.0090673572
0.0145178588
0.0193944974
0.0222614597
0.0207347960
0.0137514775
0.0037444549
-0.0067521177
-0.0159492594
-0.0225850455
-0.0269248698
-0.0280225131
-0.0255541109
-0.0217891287
-0.0185070094
-0.0171827772
-0.0174951783
-0.0178916851
-0.0182346281
-0.0177743928
-0.0151005743
-0.0102160962
-0.0060981239
-0.0034225056
-0.0007579442
0.0011644458
0.0028079381
0.0049882040
0.0066627189
0.0072930272
0.0085823185
0.0108750847
0.0104909728
0.0074685952
0.0060382695
0.0061888009
0.0077927181
0.0108073311
0.0121752139
0.0107060439
0.0089229770
0.0076916553
0.0057827338
0.0047358959
0.0064253710
0.0088494440
0.0084034937
0.0056101684
0.0025631880
-0.0019741105
-0.0061775286
-0.0089983389
-0.0112983054
-0.0104386668
-0.0059087400
-0.0011563548
0.0035753522
0.0099831229
0.0141156883
0.0137792997
0.0097711794
0.0031500265
-0.0038894851
-0.0090421935
-0.0122082171
-0.0106639435
-0.0045175870
0.0004412881
0.0024837853
0.0041125486
0.0045710876
0.0036013665
0.0049732846
0.0081031611
0.0108193928
0.0121580528
0.0130678149
0.0145270581
0.0152367411
0.0162969754
0.0170229697
0.0162438672
0.0141511459
0.0119990816
0.0098722354
0.0077374885
0.0073964765
0.0088953792
0.0094142777
0.0092936198
0.0077871292
0.0064992439
0.0055388377
0.0035017526
0.0015660798
-0.0001553538
-0.0029264176
-0.0051535270
-0.0040118626
-0.0019235295
-0.0017067035
-0.0019611030
-0.0013563229
-0.0002409911
0.0031805010
0.0074769514
0.0096095905
0.0104670262
0.0101888656
0.0080073201
0.0075843577
0.0124082348
0.0177625894
0.0218190586
0.0246327903
0.0253685345
0.0236396569
0.0218526396
0.0210788881
0.0179187118
0.0139894890
0.0124365126
0.0134888462
0.0162805010
0.0177351004
0.0171634744
0.0160758190
0.0154906627
0.0135107327
0.0095760366
0.0051704243
0.0022854231
0.0004409098
-0.0009289731
-0.0020224206
-0.0012389041
0.0007711971
0.0021036692
0.0046023155
0.0075075272
0.0098534629
0.0122522348
0.0137111381
0.0134586240
0.0119859592
0.0126036224
0.0157514922
0.0180202709
0.0162472259
0.0110595800
0.0057870343
0.0020496343
-0.0002402005
-0.0012630146
-0.0011520747
-0.0020186777
-0.0042771639
-0.0061918633
-0.0058402507
-0.0030024656
-0.0013114600
-0.0019289430
-0.0029174176
-0.0015758726
0.0035962481
0.0091541417
0.0131445230
0.0133916454
0.0089613923
0.0037032900
0.0000961544
-0.0012062661
-0.0006272918
0.0019920338
0.0072411632
0.0117243886
0.0136128290
0.0166084791
0.0198773672
0.0202970591
0.0180730664
0.0144513086
0.0114465272
0.0100440026
0.0092449650
0.0086190816
0.0090309749
0.0091375654
0.0083518065
0.0078624911
0.0069164419
0.0041440777
0.0020284120
0.0028009329
0.0070177699
0.0133793797
0.0187279414
0.0204072395
0.0193480727
0.0160651240
0.0134261512
0.0134686187
0.0151922406
0.0147574205
0.0111935167
0.0083615497
0.0074996742
0.0070340675
0.0065955174
0.0041968549
0.0003958000
-0.0029343135
-0.0064209155
-0.0079464268
-0.0048860772
0.0024628520
0.0101215879
0.0160526611
0.0155030847
0.0094800392
0.0033401120
-0.0006104099
-0.0028565059
-0.0067292610
-0.0110706423
-0.0131417762
-0.0115696872
-0.0087117066
-0.0062284040
-0.0048243428
-0.0012375735
0.0056327259
0.0135059597
0.0190306606
0.0222897510
0.0216259963
0.0167858760
0.0101949780
0.0040777594
0.0007486518
0.0043487720
0.0137768384
0.0206163138
0.0219359294
0.0184562741
0.0114144555
0.0036830271
-0.0040084908
-0.0099420968
-0.0105412390
-0.0061261303
-0.0005644569
0.0010100932
-0.0056474699
-0.0152286501
-0.0241402657
-0.0353941998
-0.0453744806
-0.0499140371
-0.0486645073
-0.0427150220
-0.0369089650
-0.0334469467
-0.0308805753
-0.0293582427
-0.0293390078
-0.0290523891
-0.0269271679
-0.0224400397
-0.0164789754
-0.0113329132
-0.0074987971
-0.0070273839
-0.0118240779
-0.0179370560
-0.0199031904
-0.0189524770
-0.0182950659
-0.0180297897
-0.0170584817
-0.0155645016
-0.0147635601
-0.0134419048
-0.0102271789
-0.0033796662
0.0044965355
0.0109732782
0.0152020314
0.0183755272
0.0215145445
0.0214202537
0.0160286056
0.0064509148
-0.0047829454
-0.0132374540
-0.0182081794
-0.0224083692
-0.0272309137
-0.0305859064
-0.0301387050
-0.0275608159
-0.0259664325
-0.0240982945
-0.0175824796
-0.0033916810
0.0181664665
0.0385410429
0.0556920204
0.0714949686
0.0863598431
0.1000991161
0.1115666527
0.1203271705
0.1246666684
0.1224282479
0.1141848745
0.1026796705
0.0887111297
0.0731904079
0.0559330711
0.0351215397
0.0126079874
-0.0113273787
-0.0339945785
-0.0529748164
-0.0672099456
-0.0751414278
-0.0776633734
-0.0736477877
-0.0660806114
-0.0572040387
-0.0468756747
-0.0365633295
-0.0276442076
-0.0188374012
-0.0111992824
-0.0055146904
0.0000902904
0.0028218288
0.0044011337
0.0072550131
0.0115319723
0.0162232113
0.0197364001
0.0204479801
0.0205962291
0.0231418834
0.0254146804
0.0242479916
0.0216827897
0.0196822856
0.0193406820
0.0230300847
0.0286396051
0.0311790926
0.0280231114
0.0197324974
0.0073716391
-0.0050470569
-0.0117177254
-0.0119386778
-0.0090182673
-0.0057777229
-0.0017361983
0.0034855971
0.0084127338
0.0120287259
0.0145639095
0.0162362725
0.0205761444
0.0259321308
0.0315863013
0.0378840262
0.0419888373
0.0445010262
0.0467732385
0.0486014859
0.0477358300
0.0430088954
0.0360871501
0.0291195785
0.0251704001
0.0246592118
0.0268188912
0.0285826757
0.0280285303
0.0273322756
0.0290269059
0.0307590199
0.0296309707
0.0296090774
0.0336349163
0.0383040241
0.0423797212
0.0467281736
0.0513306360
0.0554279613
0.0565885988
0.0544399205
0.0514825021
0.0498976308
0.0510118300
0.0541304022
0.0558574576
0.0554952050
0.0539262845
0.0494402103
0.0396198661
0.0242135539
0.0061785444
-0.0092312035
-0.0222330324
-0.0338274074
-0.0404752824
-0.0393737160
-0.0323592233
-0.0256927798
-0.0224046161
-0.0212207254
-0.0206546407
-0.0203769901
-0.0185449351
-0.0135909017
-0.0050999782
0.0047687461
0.0105061417
0.0106783917
0.0054628917
-0.0033464998
-0.0091061260
-0.0073321768
0.0025350150
0.0157187814
0.0258221407
0.0291308107
0.0228035434
0.0111525858
0.0010308123
-0.0034008014
0.0011158841
0.0117924958
0.0214902986
0.0252239095
0.0255367934
0.0267824069
0.0260636878
0.0215485811
0.0170545314
0.0134351600
0.0102033614
0.0080880805
0.0077762981
0.0065172522
0.0023614928
-0.0013026897
-0.0021863518
-0.0012166266
-0.0007984930
-0.0018797599
-0.0051753598
-0.0113433227
-0.0180852301
-0.0237172897
-0.0241663133
-0.0180309184
-0.0110396721
-0.0076332233
-0.0066551018
-0.0041636131
-0.0008413257
0.0009392310
-0.0005484633
-0.0036621700
-0.0063192789
-0.0083315382
-0.0076797840
-0.0030440792
0.0037744596
0.0075087782
0.0066107325
0.0029194267
-0.0023042962
-0.0100340622
-0.0204072803
-0.0295901757
-0.0354061867
-0.0386583896
-0.0382594623
-0.0330820424
-0.0300386349
-0.0314815194
-0.0351660471
-0.0428041658
-0.0522100465
-0.0584143713
-0.0607427788
-0.0577456668
-0.0498192024
-0.0415713211
-0.0336320199
-0.0261002129
-0.0203727882
-0.0183743985
-0.0258666412
-0.0425355513
-0.0593748143
-0.0700492626
-0.0756504812
-0.0776131956
-0.0715193096
-0.0585050654
-0.0441689958
-0.0339005800
-0.0284739707
-0.0251803677
-0.0227773054
-0.0209517369
-0.0210575727
-0.0212400962
-0.0153194801
-0.0052324021
0.0050078509
0.0140349074
0.0217188253
0.0265311914
0.0239168316
0.0148066124
0.0043785571
-0.0053057351
-0.0148602578
-0.0221872877
-0.0258669404
-0.0218804958
-0.0082774712
0.0086108138
0.0197624613
0.0258278724
0.0257905790
0.0172406177
0.0051253615
-0.0045379641
-0.0107752934
-0.0123111156
-0.0087500607
-0.0051639665
-0.0034706675
0.0021023400
0.0132383447
0.0239508070
0.0253677254
0.0126473138
-0.0075497500
-0.0260717312
-0.0400183719
-0.0481460235
-0.0506577568
-0.0453527233
-0.0317419477
-0.0192587521
-0.0123491501
-0.0101610978
-0.0091591731
-0.0099432118
-0.0146928760
-0.0220505293
-0.0273995941
-0.0261314414
-0.0153693996
-0.0008370450
0.0097256590
0.0151151177
0.0177748959
0.0163908787
0.0101886208
0.0040130266
-0.0011662414
-0.0073069587
-0.0139040371
-0.0212969780
-0.0289341449
-0.0347955675
-0.0377117014
-0.0406285628
-0.0448792636
-0.0499635622
-0.0568380873
-0.0641342014
-0.0730873326
-0.0808075785
-0.0809967992
-0.0725276255
-0.0628110298
-0.0559860842
-0.0541831025
-0.0560280214
-0.0607731506
-0.0694857479
-0.0821453138
-0.0924695031
-0.0958488912
-0.0969110565
-0.0959543462
-0.0916243672
-0.0853601621
-0.0766647123
-0.0665949613
-0.0607708185
-0.0618536124
-0.0670669048
-0.0730829812
-0.0781743985
-0.0841599059
-0.0945573902
-0.1053277406
-0.1139853870
-0.1224715586
-0.1288282322
-0.1317031904
-0.1296703766
-0.1251858525
-0.1216632061
-0.1186346548
-0.1141566579
-0.1107591161
-0.1122154969
-0.1168510303
-0.1194424634
-0.1210166736
-0.1241188598
-0.1268237029
-0.1233961768
-0.1113896025
-0.0973362082
-0.0875972228
-0.0820920084
-0.0798503243
-0.0797735617
-0.0784529603
-0.0697947699
-0.0545907463
-0.0356454969
-0.0166839634
0.0020600077
0.0154172317
0.0211220696
0.0211208865
0.0140460309
0.0056957168
0.0008452237
-0.0012453306
-0.0004602794
0.0044419246
0.0089937359
0.0089606715
0.0067676416
0.0046849675
0.0019425617
-0.0026703693
-0.0071180371
-0.0060882842
0.0015979624
0.0079003421
0.0079549937
0.0008937296
-0.0088937134
-0.0128086308
-0.0121707469
-0.0082629278
-0.0055197279
-0.0036663733
-0.0004981342
0.0025242750
0.0033714854
0.0020403908
0.0005909728
-0.0004772541
-0.0024967873
-0.0065406175
-0.0105096093
-0.0129716067
-0.0127066773
-0.0090350340
-0.0058703730
-0.0052896551
-0.0080515146
-0.0153544142
-0.0222430612
-0.0253536240
-0.0262007725
-0.0273173311
-0.0310029059
-0.0369741485
-0.0443291365
-0.0546009859
-0.0675685675
-0.0854778556
-0.1032352981
-0.1115122594
-0.1132882688
-0.1132416946
-0.1100960617
-0.1079105387
-0.1086351935
-0.1101580021
-0.1112483159
-0.1098559833
-0.1066971600
-0.1033211036
-0.0995889069
-0.0926436977
-0.0790529184
-0.0595614854
-0.0357232521
-0.0097695000
0.0181108494
0.0385623651
0.0477242442
0.0511431219
0.0486147782
0.0356543970
0.0141552322
-0.0063131821
-0.0207617887
-0.0313748065
-0.0330543494
-0.0190595706
0.0026751430
0.0275157646
0.0574670235
0.0876032741
0.1116193462
0.1286258891
0.1421727458
0.1525858002
0.1597920293
0.1658294822
0.1716975680
0.1761327981
0.1773886036
0.1764088441
0.1752877301
0.1748255910
0.1731061506
0.1672805596
0.1540560513
0.1340382950
0.1086531433
0.0808062186
0.0557383363
0.0275828928
-0.0018364281
-0.0208669038
-0.0296577254
-0.0311207829
-0.0235102892
-0.0146122176
-0.0102164158
-0.0093375356
-0.0110332129
-0.0172921553
-0.0277285649
-0.0405666836
-0.0542957986
-0.0640841527
-0.0647267552
-0.0581693771
-0.0512834702
-0.0460532343
-0.0387648849
-0.0270746621
-0.0141212908
-0.0053325504
0.0004254898
0.0047952927
0.0081332270
0.0103854158
0.0111582155
0.0099042798
0.0062586345
0.0029421223
0.0037021240
0.0100979336
0.0181364074
0.0237882322
0.0286373682
0.0321514409
0.0319297882
0.0254086904
0.0142490607
0.0012138628
-0.0132880601
-0.0324056344
-0.0520091993
-0.0681449529
-0.0828971653
-0.0965366946
-0.1084789487
-0.1172229446
-0.1205021130
-0.1121754498
-0.0905851831
-0.0621551757
-0.0380805628
-0.0200120994
-0.0069332903
0.0015425092
0.0124920413
0.0258289535
0.0364572218
0.0445403593
0.0554781731
0.0683150680
0.0810443253
0.0931545868
0.1034113285
0.1145795659
0.1258712082
0.1341238964
0.1382468410
0.1340673954
0.1225861925
0.1110544718
0.0945623536
0.0772425732
0.0618889749
0.0422056559
0.0219381255
0.0029381027
-0.0091514629
-0.0157683609
-0.0240402024
-0.0330004320
-0.0437507793
-0.0597965528
-0.0816269456
-0.1057921234
-0.1310232741
-0.1525606433
-0.1745106538
-0.1957001098
-0.2047245711
-0.2093328400
-0.2146450941
-0.2099896391
-0.1991243044
-0.1856079759
-0.1641428818
-0.1418598483
-0.1244220345
-0.1050591056
-0.0852603504
-0.0676794006
-0.0498653483
-0.0305109796
-0.0094915162
0.0129372641
0.0345579707
0.0542390392
0.0784374582
0.1052631485
0.1281135722
0.1462302824
0.1537125575
0.1452682008
0.1216901987
0.0884777144
0.0526433028
0.0212134367
-0.0085418567
-0.0397456166
-0.0706061820
-0.0960946810
-0.1113781119
-0.1176354498
-0.1191148797
-0.1209118985
-0.1248589487
-0.1302107061
-0.1361027929
-0.1401948013
-0.1406680910
-0.1304061820
-0.1078753870
-0.0830358002
-0.0619141590
-0.0381520832
-0.0119112908
0.0039885618
0.0099192652
0.0110395089
0.0080307364
0.0007422225
-0.0094872939
-0.0164834085
-0.0165455256
-0.0125496234
-0.0112368138
-0.0141633368
-0.0180133902
-0.0208797814
-0.0250478452
-0.0299710649
-0.0314944854
-0.0265613729
-0.0164064691
-0.0055071542
0.0027383514
0.0101964942
0.0146324179
0.0147273070
0.0122079315
0.0091715612
0.0085430669
0.0144647233
0.0246286768
0.0347543441
0.0433348065
0.0492854545
0.0528860601
0.0552552218
0.0557030622
0.0561989524
0.0575026172
0.0588659446
0.0623609320
0.0693577877
0.0773279707
0.0834916841
0.0881029446
0.0913360826
0.0887891161
0.0814054969
0.0724053086
0.0617048808
0.0487145832
0.0369176407
0.0304063405
0.0357219942
0.0542749660
0.0816334048
0.1088825471
0.1319143044
0.1554300941
0.1739812709
0.1885482061
0.2025030126
0.2140460879
0.2209776987
0.2218074686
0.2162168567
0.2085606590
0.1998392364
0.1894129916
0.1762987657
0.1607139958
0.1458827772
0.1308884467
0.1140725523
0.0944860669
0.0684089644
0.0351275434
-0.0036111464
-0.0421817772
-0.0740553975
-0.0989881328
-0.1198619038
-0.1334910983
-0.1388038964
-0.1350319247
-0.1254600628
-0.1159502092
-0.1059796444
-0.0991470973
-0.0982020816
-0.1001109467
-0.1076932374
-0.1217752563
-0.1374012291
-0.1484650994
-0.1541102406
-0.1512755335
-0.1359193515
-0.1113975575
-0.0759790847
-0.0326990183
0.0103074906
0.0536155492
0.0791581015
0.0919153033
0.1069742939
0.1185250523
0.1172495293
0.1019138128
0.0820956799
0.0618015785
0.0433222960
0.0285532218
0.0182852615
0.0107740628
0.0075080507
0.0095649744
0.0145725853
0.0217037448
0.0313381182
0.0417408175
0.0506326747
0.0533394623
0.0520379937
0.0511517568
0.0514417275
0.0559476893
0.0638979304
0.0723694770
0.0844327563
0.0985642730
0.1113325575
0.1219089958
0.1275321757
0.1297172908
0.1297036925
0.1291752615
0.1335193149
0.1398751726
0.1410559833
0.1337515063
0.1216955021
0.1125449843
0.1068877406
0.1006575314
0.0920920816
0.0834062866
0.0738276255
0.0614685894
0.0501230638
0.0442254697
0.0430561972
0.0457696208
0.0510524210
0.0552898431
0.0582701407
0.0602941360
0.0599598551
0.0578055947
0.0555199812
0.0559796930
0.0595446438
0.0621279859
0.0628835497
0.0625785120
0.0608683661
0.0576638525
0.0529849404
0.0463716935
0.0370413175
0.0265133164
0.0194364890
0.0167556946
0.0153334048
0.0131967610
0.0088589289
0.0024842653
-0.0042365987
-0.0101508447
-0.0168534461
-0.0265812877
-0.0356475774
-0.0420810068
-0.0471097699
-0.0503964922
-0.0500912369
-0.0408589660
-0.0213575722
0.0057043402
0.0357219467
0.0644668368
0.0881095397
0.1062539226
0.1201663703
0.1281343096
0.1253257793
0.1111121287
0.0909630805
0.0710034571
0.0501990105
0.0357960439
0.0243610617
0.0160612756
0.0144408243
0.0190979927
0.0247120481
0.0294126292
0.0348239540
0.0382296548
0.0382350737
0.0367183368
0.0354955141
0.0341057176
0.0323399681
0.0340405068
0.0387281831
0.0435198117
0.0467860753
0.0495971553
0.0516090821
0.0509042877
0.0499544786
0.0517333164
0.0522977829
0.0489720335
0.0436568964
0.0364197040
0.0261159461
0.0130754435
-0.0010340161
-0.0170878813
-0.0343925879
-0.0515759294
-0.0684722646
-0.0838015220
-0.0946419718
-0.1001891370
-0.1030909519
-0.1009773640
-0.0916296705
-0.0777628452
-0.0602418504
-0.0390126532
-0.0095507233
0.0239826543
0.0551840209
0.0802192469
0.1028070868
0.1229477040
0.1355123536
0.1433245241
0.1470152458
0.1435871757
0.1346130282
0.1235433107
0.1126958577
0.1007346339
0.0867892782
0.0727769508
0.0551802542
0.0390751851
0.0187740465
-0.0052346166
-0.0235740518
-0.0399656104
-0.0575605052
-0.0742193253
-0.0841796234
-0.0872638598
-0.0909363598
-0.0965696025
-0.1007846077
-0.1026164383
-0.1007580910
-0.0957992573
-0.0908574215
-0.0855362605
-0.0777756956
-0.0695869195
-0.0639700220
-0.0589276538
-0.0519425743
-0.0431578447
-0.0320079106
-0.0206609979
-0.0142511888
-0.0102965983
-0.0059993355
-0.0011924046
0.0038695248
0.0077677584
0.0104937605
0.0124429650
0.0137659121
0.0140760968
0.0120991449
0.0085857997
0.0050851499
0.0009686999
-0.0042278271
-0.0136595596
-0.0269236391
-0.0412485173
-0.0546611449
-0.0670243217
-0.0795090063
-0.0911975157
-0.0995764644
-0.1033662500
-0.1029978033
-0.0956294822
-0.0799970502
-0.0584601637
-0.0400413190
-0.0257864247
-0.0150720722
-0.0073744540
-0.0034207243
-0.0060582366
-0.0131216030
-0.0221827186
-0.0329772605
-0.0428741156
-0.0508408515
-0.0559177186
-0.0562911491
-0.0560480790
-0.0579138781
-0.0602931229
-0.0624130884
-0.0641964545
-0.0655098488
-0.0671261731
-0.0705398902
-0.0743980753
-0.0781720868
-0.0825867835
-0.0861768096
-0.0886262082
-0.0890698536
-0.0873197490
-0.0852325418
-0.0843006485
-0.0831752510
-0.0800000418
-0.0753065115
-0.0691646914
-0.0599501799
-0.0497253740
-0.0370084707
-0.0214636663
-0.0035178095
0.0150843651
0.0283221250
0.0399067364
0.0527386951
0.0625863651
0.0641157280
0.0573146203
0.0465201396
0.0361417406
0.0275294106
0.0208423520
0.0190581700
0.0249802343
0.0333608556
0.0419066219
0.0529357144
0.0645822322
0.0737200628
0.0814403766
0.0907337448
0.1013857218
0.1098812762
0.1117682479
0.1080739906
0.1003224686
0.0888166527
0.0724841789
0.0527704268
0.0338401151
0.0173665518
0.0018879134
-0.0154659137
-0.0336694901
-0.0488283264
-0.0618871459
-0.0775583944
-0.0891466161
-0.0912164174
-0.0865897228
-0.0773468044
-0.0602090309
-0.0322736491
-0.0022231843
0.0245802463
0.0447587416
0.0613669283
0.0745199163
0.0869508264
0.0946256538
0.0952464854
0.0923125105
0.0885314958
0.0819236611
0.0703098745
0.0567303206
0.0415230063
0.0267539932
0.0126365235
0.0008501408
-0.0072052704
-0.0153087374
-0.0240483546
-0.0310907646
-0.0368723379
-0.0407807620
-0.0434253713
-0.0474909582
-0.0506293975
-0.0519481360
-0.0531074137
-0.0541812667
-0.0537860382
-0.0522734351
-0.0514052772
-0.0507639937
-0.0476135947
-0.0381095884
-0.0168454911
0.0146372657
0.0386205523
0.0476400774
0.0556668431
0.0663418828
0.0703162657
0.0621122662
0.0479372892
0.0364092197
0.0288458305
0.0181847631
0.0069177066
-0.0011888194
-0.0063804354
-0.0083081151
-0.0083435319
-0.0065140076
-0.0035011611
-0.0015440553
-0.0030980632
-0.0107935628
-0.0222454749
-0.0335798975
-0.0452500016
-0.0517107500
-0.0503175811
-0.0411072442
-0.0315461114
-0.0231060042
-0.0128154775
-0.0026156734
0.0052272368
0.0109901130
0.0156381093
0.0167891260
0.0164911799
0.0151581496
0.0119887469
0.0071643190
0.0025703251
-0.0003626614
-0.0042460176
-0.0089081820
-0.0115562249
-0.0123755105
-0.0131462704
-0.0119441308
-0.0054415144
0.0040903820
0.0125633169
0.0196718964
0.0268732845
0.0321527531
0.0338759331
0.0326737594
0.0266932563
0.0132660105
-0.0049275473
-0.0196042924
-0.0311053828
-0.0372735429
-0.0383700235
-0.0372311977
-0.0335833039
-0.0265824571
-0.0173415309
-0.0083655816
0.0008886996
0.0122442050
0.0238875952
0.0347876192
0.0433208070
0.0497535973
0.0531311292
0.0502819467
0.0407813944
0.0324196679
0.0264865005
0.0228692913
0.0250545356
0.0327363933
0.0407920282
0.0450823410
0.0475923881
0.0486439671
0.0462736428
0.0433900701
0.0423222139
0.0413081051
0.0407295303
0.0428276365
0.0466554974
0.0492687965
0.0520490356
0.0555622924
0.0586130361
0.0618188007
0.0621980377
0.0571483740
0.0473776161
0.0361056982
0.0227332469
0.0070152542
-0.0038540465
-0.0124240837
-0.0212070999
-0.0287362348
-0.0341268222
-0.0391628876
-0.0427274236
-0.0401089775
-0.0328523190
-0.0272059744
-0.0225675037
-0.0199452160
-0.0200505894
-0.0223335581
-0.0269214566
-0.0316777500
-0.0367296642
-0.0415528206
-0.0465835350
-0.0516029833
-0.0547692244
-0.0570834351
-0.0596135737
-0.0614960988
-0.0617624017
-0.0610739524
-0.0599371595
-0.0565966015
-0.0517638175
-0.0460538054
-0.0404751872
-0.0376360947
-0.0373471574
-0.0382515005
-0.0411033823
-0.0452457725
-0.0493777055
-0.0522613666
-0.0524432578
-0.0501748666
-0.0456215418
-0.0403458196
-0.0329775052
-0.0224970303
-0.0123657673
-0.0011180184
0.0125271454
0.0228831820
0.0335079079
0.0455162364
0.0560438227
0.0613603060
0.0624933593
0.0604208520
0.0545708384
0.0468533802
0.0398972108
0.0335969702
0.0282982259
0.0265234132
0.0285071574
0.0319807887
0.0364672097
0.0440817354
0.0542256653
0.0618945094
0.0663909864
0.0697465638
0.0713132950
0.0731241161
0.0764086559
0.0791762552
0.0816803870
0.0861426778
0.0906006172
0.0945875105
0.0987524738
0.1024339487
0.1047938023
0.1060633421
0.1038676883
0.0987742992
0.0930819038
0.0878525314
0.0818328923
0.0747125366
0.0688422071
0.0624505178
0.0538488081
0.0437916423
0.0356075031
0.0292096198
0.0235325633
0.0201711250
0.0180488682
0.0184887673
0.0215541564
0.0244750837
0.0270202620
0.0309712626
0.0357167317
0.0382927035
0.0399599263
0.0406870152
0.0403023049
0.0379872918
0.0324299686
0.0238970120
0.0136170241
0.0022524050
-0.0079596987
-0.0172502725
-0.0255480528
-0.0322994179
-0.0378485209
-0.0408068300
-0.0395450549
-0.0365308091
-0.0342223504
-0.0328381972
-0.0320508813
-0.0312109738
-0.0295199948
-0.0266897479
-0.0235257845
-0.0204894890
-0.0160746020
-0.0114608122
-0.0085109341
-0.0053728646
-0.0006263725
0.0034440801
0.0060628281
0.0086418520
0.0115624529
0.0122994414
0.0111793677
0.0089202301
0.0067870892
0.0053631004
0.0043013866
0.0061414162
0.0099542673
0.0122120722
0.0132170497
0.0128804843
0.0089272061
0.0023827491
-0.0035170405
-0.0082709508
-0.0135469859
-0.0186327055
-0.0210602924
-0.0217255905
-0.0219189111
-0.0213420429
-0.0197984017
-0.0182624979
-0.0181591846
-0.0199618468
-0.0224833504
-0.0244254974
-0.0265457960
-0.0268171370
-0.0258075021
-0.0252104336
-0.0225767029
-0.0185907683
-0.0160834205
-0.0137450251
-0.0112401590
-0.0098254027
-0.0097952892
-0.0109551517
-0.0120924409
-0.0131385737
-0.0146860769
-0.0172881098
-0.0195842960
-0.0216336114
-0.0241322427
-0.0268529618
-0.0263432626
-0.0222045915
-0.0158561245
-0.0076527981
0.0036943981
0.0155004671
0.0276430246
0.0427209712
0.0552613682
0.0623035063
0.0674077741
0.0716798379
0.0705254759
0.0619571161
0.0510702892
0.0412226124
0.0323100518
0.0243573766
0.0177259147
0.0116297850
0.0082262259
0.0061211683
0.0033287105
0.0013503396
0.0004789794
-0.0017662071
-0.0064382962
-0.0119827364
-0.0189838211
-0.0261734671
-0.0327849597
-0.0399271747
-0.0462255251
-0.0503163640
-0.0516557584
-0.0505935387
-0.0496142008
-0.0493893661
-0.0489995565
-0.0490586004
-0.0491642118
-0.0475488530
-0.0477189069
-0.0495849644
-0.0492227662
-0.0485143682
-0.0504508379
-0.0531906695
-0.0566784770
-0.0591745722
-0.0611310654
-0.0631816658
-0.0645515612
-0.0645494263
-0.0642352505
-0.0643719069
-0.0635597265
-0.0630779514
-0.0607804801
-0.0578337908
-0.0544434697
-0.0503242714
-0.0457200957
-0.0405962055
-0.0362689665
-0.0323003290
-0.0280177197
-0.0239769430
-0.0194032819
-0.0136517134
-0.0055678001
0.0045943700
0.0185517887
0.0341725329
0.0463060476
0.0566662521
0.0671445853
0.0756229446
0.0798854079
0.0812841318
0.0797877720
0.0747391213
0.0688496862
0.0618965288
0.0561828248
0.0523274001
0.0488032782
0.0480104958
0.0488164278
0.0480926569
0.0472629890
0.0471722134
0.0466159399
0.0442219341
0.0394649132
0.0332459974
0.0245058975
0.0138640173
0.0016097332
-0.0108544153
-0.0231375251
-0.0358222751
-0.0464092181
-0.0550431287
-0.0620825743
-0.0681351621
-0.0731637552
-0.0748572228
-0.0732954550
-0.0714344561
-0.0707830282
-0.0701017521
-0.0690979236
-0.0688480544
-0.0676161004
-0.0655389357
-0.0647054059
-0.0635557014
-0.0605071946
-0.0580658870
-0.0580392751
-0.0587818729
-0.0593770037
-0.0607567782
-0.0629591088
-0.0646313086
-0.0660168624
-0.0685427720
-0.0709255387
-0.0719318828
-0.0713833944
-0.0699563860
-0.0681950628
-0.0656554393
-0.0621243143
-0.0587009901
-0.0562513740
-0.0529566559
-0.0473291041
-0.0397054064
-0.0321471642
-0.0255288112
-0.0176887437
-0.0080962939
0.0006455942
0.0072158567
0.0141501056
0.0210420774
0.0268328567
0.0307676684
0.0342571757
0.0391275999
0.0430274163
0.0438956151
0.0437991825
0.0447585717
0.0450638813
0.0434201088
0.0410580115
0.0386564043
0.0341756878
0.0270690392
0.0185113473
0.0083178039
-0.0040300598
-0.0157733175
-0.0246441585
-0.0319979090
-0.0385017097
-0.0434602578
-0.0458111909
-0.0467602521
-0.0452199697
-0.0429439634
-0.0421081695
-0.0419692422
-0.0419464582
-0.0424808656
-0.0439948556
-0.0459040403
-0.0473736250
-0.0487701187
-0.0506148133
-0.0531069242
-0.0548472652
-0.0537926538
-0.0518280220
-0.0508753028
-0.0498072835
-0.0487205596
-0.0487365377
-0.0490964514
-0.0480406977
-0.0460861219
-0.0442465607
-0.0411499770
-0.0377016386
-0.0342495675
-0.0319225403
-0.0304638206
-0.0281989718
-0.0259183421
-0.0240459409
-0.0222447134
-0.0196196925
-0.0164627186
-0.0137175089
-0.0098830460
-0.0054566997
-0.0020067431
0.0033977655
0.0094722202
0.0142956145
0.0201826428
0.0272720418
0.0343311166
0.0402611020
0.0450815115
0.0499514325
0.0536685146
0.0549684195
0.0551218154
0.0545189200
0.0527902123
0.0500155350
0.0465408703
0.0432885450
0.0410135790
0.0384091731
0.0335137552
0.0283090502
0.0252721836
0.0229476925
0.0198911083
0.0163008577
0.0141308504
0.0118593112
0.0080917521
0.0032322889
-0.0000753986
-0.0016598267
-0.0037338910
-0.0055237571
-0.0047040276
-0.0017548151
0.0009709790
0.0036067065
0.0086432118
0.0137517019
0.0165361564
0.0167228478
0.0146136522
0.0111337453
0.0072575696
0.0018786163
-0.0049452095
-0.0121013342
-0.0184566480
-0.0236579603
-0.0282660251
-0.0328562014
-0.0369137108
-0.0392792892
-0.0387303248
-0.0335313991
-0.0285265214
-0.0247445073
-0.0208288421
-0.0170565779
-0.0148994754
-0.0162208044
-0.0187298452
-0.0196205764
-0.0205223222
-0.0209695507
-0.0204136444
-0.0197656705
-0.0174307835
-0.0129331030
-0.0080373248
-0.0019025711
0.0044652036
0.0094626606
0.0128186323
0.0138448028
0.0123223410
0.0083542814
0.0026416918
-0.0051068753
-0.0130410126
-0.0212405178
-0.0271593729
-0.0281529074
-0.0264861946
-0.0242727746
-0.0220214289
-0.0201906046
-0.0190342845
-0.0175897547
-0.0168847767
-0.0180079508
-0.0191531747
-0.0193755617
-0.0198065471
-0.0208122725
-0.0211821198
-0.0222760575
-0.0241561621
-0.0255466318
-0.0264461067
-0.0279358033
-0.0295548133
-0.0308678201
-0.0318550858
-0.0325653808
-0.0336695037
-0.0353865575
-0.0355999425
-0.0345216020
-0.0333024372
-0.0305067097
-0.0257473159
-0.0220229655
-0.0198659446
-0.0176092479
-0.0149723624
-0.0142376789
-0.0166797343
-0.0193081004
-0.0210989388
-0.0244620021
-0.0293445084
-0.0308738917
-0.0297564969
-0.0267124163
-0.0208383813
-0.0124363970
-0.0045128467
0.0025481360
0.0078579561
0.0098144969
0.0097256386
0.0076593117
0.0039402204
-0.0002750342
-0.0050463274
-0.0096519561
-0.0123824184
-0.0137685094
-0.0143487364
-0.0145470408
-0.0146117144
-0.0139382573
-0.0129582803
-0.0113334231
-0.0077396370
-0.0043677865
-0.0032215299
-0.0016441648
0.0001689043
0.0010210324
0.0022783459
0.0047385993
0.0072856569
0.0098552238
0.0119871219
0.0128486166
0.0123108572
0.0093439200
0.0038808753
-0.0021016499
-0.0070144587
-0.0104992066
-0.0137465549
-0.0156792103
-0.0160641109
-0.0153295021
-0.0134815779
-0.0112696266
-0.0094913462
-0.0070502087
-0.0041382563
-0.0020252470
-0.0007343307
0.0010160180
0.0033140012
0.0055328952
0.0065294111
0.0066945519
0.0069948635
0.0079372207
0.0086299535
0.0082024969
0.0071057035
0.0061401271
0.0055137651
0.0040027401
0.0017812359
-0.0000448418
-0.0023256959
-0.0061438666
-0.0102134990
-0.0134258860
-0.0163738400
-0.0184095162
-0.0196232892
-0.0200784796
-0.0195670533
-0.0176059571
-0.0136702139
-0.0089654854
-0.0047739957
0.0001037783
0.0068296778
0.0143291684
0.0204800654
0.0258564289
0.0317491276
0.0367079409
0.0404704822
0.0430918044
0.0448333964
0.0468691475
0.0479670084
0.0478627432
0.0482426872
0.0480283708
0.0478183787
0.0481577181
0.0483110936
0.0481126260
0.0482771862
0.0497342741
0.0517581538
0.0529254681
0.0548905690
0.0570477531
0.0579519331
0.0573227045
0.0562384283
0.0544906219
0.0523977646
0.0498828562
0.0472657495
0.0447801794
0.0426776606
0.0415401674
0.0405168933
0.0382088358
0.0349200194
0.0313533075
0.0286167599
0.0250458190
0.0208428619
0.0185318468
0.0170297620
0.0151499022
0.0137432709
0.0134194200
0.0124854597
0.0116845523
0.0125338222
0.0133832416
0.0121712636
0.0103661062
0.0097703839
0.0095454540
0.0086611072
0.0074791203
0.0059307367
0.0032461632
-0.0004361804
-0.0041652014
-0.0079029665
-0.0117523128
-0.0156830722
-0.0197219383
-0.0225973112
-0.0246712327
-0.0256528959
-0.0244850785
-0.0220810507
-0.0194819210
-0.0168273305
-0.0135695931
-0.0101081323
-0.0080796156
-0.0063250718
-0.0029593766
0.0012789879
0.0057803460
0.0094766804
0.0130642249
0.0176376480
0.0208891642
0.0217504346
0.0207598305
0.0194861365
0.0185707584
0.0157304759
0.0121322704
0.0092737254
0.0067205873
0.0043032679
0.0016519288
0.0002197953
0.0000577781
0.0000176251
0.0011995335
0.0019371224
0.0017718646
0.0041146911
0.0075089346
0.0110061930
0.0146381700
0.0168426423
0.0187660507
0.0216121804
0.0236200753
0.0230379650
0.0214363609
0.0205909053
0.0185229535
0.0147569514
0.0124961412
0.0103338713
0.0074460560
0.0064219014
0.0063611781
0.0053230003
0.0044249620
0.0040722595
0.0048862179
0.0064798507
0.0083327212
0.0108936668
0.0134541365
0.0148669414
0.0159432490
0.0167107249
0.0156581872
0.0131829315
0.0106294242
0.0082662390
0.0051351700
0.0019222037
0.0001248742
-0.0008488381
-0.0006776086
0.0008380499
0.0025720480
0.0038532020
0.0057420986
0.0097932087
0.0143152981
0.0181383928
0.0208739545
0.0230281606
0.0252577422
0.0260769801
0.0253166841
0.0234411145
0.0197296757
0.0156968065
0.0115336177
0.0065987408
0.0027014299
0.0005772911
-0.0022228939
-0.0044326179
-0.0049440346
-0.0054246627
-0.0064587590
-0.0090900188
-0.0122310486
-0.0135370863
-0.0140097233
-0.0137250628
-0.0102611883
-0.0048292144
0.0015342278
0.0076386083
0.0135891679
0.0181768353
0.0207829681
0.0225785115
0.0216477537
0.0187639634
0.0160405994
0.0132904263
0.0104832965
0.0085328886
0.0071346339
0.0051687674
0.0032379546
0.0021115094
0.0007683483
-0.0007159254
-0.0030761440
-0.0067050247
-0.0110272704
-0.0150597453
-0.0183706794
-0.0217905497
-0.0243057369
-0.0241742819
-0.0200223117
-0.0164403630
-0.0140573447
-0.0101991595
-0.0052534197
-0.0003806898
0.0027219960
0.0037820678
0.0058843881
0.0080287035
0.0088200513
0.0094810659
0.0106821585
0.0118165105
0.0120455267
0.0115760581
0.0115737259
0.0120285084
0.0128536616
0.0146121768
0.0172335941
0.0194382160
0.0211010669
0.0230700026
0.0241783410
0.0234112730
0.0213396088
0.0190844215
0.0173989362
0.0163452019
0.0154031438
0.0150930748
0.0152311658
0.0149579822
0.0139141611
0.0124015785
0.0106667652
0.0080659017
0.0036178918
-0.0014655215
-0.0061608734
-0.0104126600
-0.0143538290
-0.0173510429
-0.0195891846
-0.0224853902
-0.0249974634
-0.0257954200
-0.0268461491
-0.0278460612
-0.0275167029
-0.0273873828
-0.0286111438
-0.0293757845
-0.0287142803
-0.0282470826
-0.0277856234
-0.0267734932
-0.0259672960
-0.0261120706
-0.0265568175
-0.0264182573
-0.0268005879
-0.0279659100
-0.0280548839
-0.0265012683
-0.0243953295
-0.0226975105
-0.0202364582
-0.0171202589
-0.0146466281
-0.0125062992
-0.0107069754
-0.0088022510
-0.0058061406
-0.0027526575
-0.0014206600
-0.0014213630
-0.0017176182
-0.0027025470
-0.0053188582
-0.0082377369
-0.0105498944
-0.0135557772
-0.0164012066
-0.0178630947
-0.0191100068
-0.0202085068
-0.0200963818
-0.0187984012
-0.0173139195
-0.0173444137
-0.0176117228
-0.0173747176
-0.0173949043
-0.0186817887
-0.0212225000
-0.0243857699
-0.0275670031
-0.0298089660
-0.0316476297
-0.0334109451
-0.0350903656
-0.0360676229
-0.0365375131
-0.0365475350
-0.0359917103
-0.0337719263
-0.0305608719
-0.0281054017
-0.0261316998
-0.0233071846
-0.0195241914
-0.0168269838
-0.0154802055
-0.0140158290
-0.0126346266
-0.0132844022
-0.0148567223
-0.0153490633
-0.0154362014
-0.0162597568
-0.0166383682
-0.0151599922
-0.0138563954
-0.0131926407
-0.0119722725
-0.0110657741
-0.0104264759
-0.0098409048
-0.0099253368
-0.0100660863
-0.0098655722
-0.0101298488
-0.0109116914
-0.0103751015
-0.0086016553
-0.0069066376
-0.0054012532
-0.0039282906
-0.0028507491
-0.0022177130
-0.0012639026
-0.0000154650
0.0009279797
0.0010775953
0.0007059354
0.0007563736
0.0010456365
-0.0000251292
-0.0020582148
-0.0033030668
-0.0040683350
-0.0047103229
-0.0055851937
-0.0060574615
-0.0051753381
-0.0032386338
-0.0013146053
0.0009405928
0.0031701119
0.0051438029
0.0072047061
0.0088415230
0.0098276668
0.0105589304
0.0116200486
0.0120451663
0.0117341250
0.0124986637
0.0139774409
0.0133000063
0.0111881590
0.0102172181
0.0086303138
0.0054689525
0.0034497458
0.0033411924
0.0022375176
0.0001000557
-0.0016927904
-0.0033754616
-0.0044038703
-0.0056981115
-0.0086543285
-0.0113168128
-0.0131277155
-0.0149666172
-0.0173272322
-0.0188068389
-0.0180937767
-0.0158690157
-0.0123611982
-0.0080527793
-0.0037605002
0.0018648826
0.0076765884
0.0111795649
0.0130234027
0.0154814226
0.0179105868
0.0182142850
0.0182891030
0.0190049529
0.0194304106
0.0204138075
0.0222336715
0.0227213483
0.0235407427
0.0255887798
0.0260110010
0.0255987338
0.0248071412
0.0229270706
0.0208620152
0.0187821376
0.0169352265
0.0147333447
0.0127654765
0.0121200999
0.0113989806
0.0093350879
0.0079858483
0.0085982014
0.0088097777
0.0067040306
0.0053310457
0.0047111844
0.0037386620
0.0028780443
0.0020041791
0.0013649272
0.0024898876
0.0055151011
0.0098244236
0.0135746857
0.0171811182
0.0212471334
0.0245291370
0.0264587055
0.0271695785
0.0257425701
0.0238634310
0.0230098368
0.0205059430
0.0175848729
0.0148212646
0.0129149017
0.0108582160
0.0088044608
0.0070129697
0.0054622396
0.0046124490
0.0041917351
0.0038976631
0.0030494777
0.0024281981
0.0013802791
-0.0007876450
-0.0024876397
-0.0027588944
-0.0034138823
-0.0057885702
-0.0079588556
-0.0083053546
-0.0085352071
-0.0094391015
-0.0096802066
-0.0091441606
-0.0081504221
-0.0067175385
-0.0047520358
-0.0041896790
-0.0023150294
0.0006432006
0.0030394204
0.0044006700
0.0061251145
0.0090090680
0.0110989676
0.0123561192
0.0137772191
0.0148420497
0.0153377087
0.0149797123
0.0135809409
0.0116037918
0.0097265225
0.0073564226
0.0042543160
0.0001923289
-0.0042440757
-0.0072458886
-0.0087856543
-0.0102639012
-0.0117261156
-0.0107497829
-0.0079439383
-0.0043333943
0.0001344301
0.0053520878
0.0104069895
0.0153501579
0.0203666825
0.0242144786
0.0278800094
0.0307813891
0.0312015026
0.0306451203
0.0311277657
0.0318291538
0.0312104299
0.0305071381
0.0301489446
0.0299423724
0.0291647793
0.0279127134
0.0270462484
0.0264368462
0.0254212144
0.0232463185
0.0203137510
0.0183603311
0.0163859493
0.0134109414
0.0106410915
0.0089495481
0.0068285084
0.0046299146
0.0040601414
0.0049503075
0.0066513793
0.0077902432
0.0094441736
0.0113760471
0.0118432584
0.0114502735
0.0124077385
0.0142466606
0.0157565235
0.0188339608
0.0224595397
0.0256608713
0.0294825994
0.0325846564
0.0355572505
0.0391564759
0.0413755732
0.0430079707
0.0443121454
0.0447758483
0.0439162369
0.0423920345
0.0401416407
0.0377080298
0.0347383457
0.0307826470
0.0264299655
0.0227661752
0.0198497762
0.0171824304
0.0152283985
0.0135024378
0.0105270832
0.0061590485
0.0015491995
-0.0019236594
-0.0053776866
-0.0092595084
-0.0115804027
-0.0122189665
-0.0116514200
-0.0100699482
-0.0091263604
-0.0098516339
-0.0105874733
-0.0101555157
-0.0101841946
-0.0118708290
-0.0135399012
-0.0143049022
-0.0150335209
-0.0148246234
-0.0145099922
-0.0140082207
-0.0115310272
-0.0086404650
-0.0076875214
-0.0070346726
-0.0045994014
-0.0015879038
-0.0007034353
0.0004908308
0.0036784058
0.0063071057
0.0084521145
0.0105643902
0.0114195005
0.0123845533
0.0136472395
0.0137796940
0.0132202861
0.0124726841
0.0117962218
0.0118534231
0.0112084205
0.0086497186
0.0053121107
0.0024665610
-0.0004135941
-0.0031595637
-0.0047077827
-0.0051691522
-0.0044079804
-0.0025195237
-0.0000997029
0.0022377426
0.0034340282
0.0043937709
0.0058731131
0.0063473431
0.0053441423
0.0041560844
0.0036460030
0.0025689421
0.0005745529
-0.0007055260
-0.0006260278
-0.0002265222
-0.0009064155
-0.0021859670
-0.0021359836
-0.0010688978
0.0000698222
0.0011200262
0.0026674259
0.0045260194
0.0067010451
0.0077016161
0.0086505073
0.0095317061
0.0093961715
0.0094322139
0.0105847197
0.0114974801
0.0130017066
0.0144794095
0.0144661036
0.0151601417
0.0156729890
0.0134452908
0.0100560167
0.0055086086
0.0012050735
-0.0036016588
-0.0087432751
-0.0141620246
-0.0185552495
-0.0211250748
-0.0238032584
-0.0268342369
-0.0275119911
-0.0247459487
-0.0212166595
-0.0185631501
-0.0159680931
-0.0138517584
-0.0138231475
-0.0152577641
-0.0176788033
-0.0203808928
-0.0223927584
-0.0247789451
-0.0255810492
-0.0237376872
-0.0213269759
-0.0198738520
-0.0179350230
-0.0150171757
-0.0112835921
-0.0058981490
-0.0001571850
0.0022746838
0.0045584242
0.0063889051
0.0055080769
0.0034881019
0.0032669014
0.0026505613
-0.0002948588
-0.0026554404
-0.0025513153
-0.0015389709
-0.0007573506
0.0002988391
0.0018738868
0.0027720481
0.0023712789
0.0019840924
0.0016902516
0.0009532080
0.0008798811
0.0014528350
0.0020289900
0.0028704755
0.0036748681
0.0037910692
0.0040138051
0.0052957859
0.0059557868
0.0053499222
0.0046411197
0.0042445333
0.0042309989
0.0029392082
0.0004239813
-0.0009566946
-0.0007649738
-0.0007472342
0.0001141595
0.0022773444
0.0046242346
0.0079088274
0.0111035774
0.0121214733
0.0127643478
0.0142091972
0.0123234697
0.0085898520
0.0054794436
0.0016523374
-0.0025693473
-0.0053673335
-0.0079650293
-0.0097627892
-0.0099183677
-0.0084763672
-0.0062952092
-0.0043603557
-0.0022297733
-0.0006723647
0.0005298200
0.0018619202
0.0022416793
0.0025023878
0.0032780275
0.0032978376
0.0024118202
0.0018436060
0.0024213092
0.0028497482
0.0024715026
0.0016666394
0.0001574499
-0.0017572981
-0.0030761311
-0.0047636651
-0.0077790042
-0.0102598149
-0.0103989733
-0.0105521245
-0.0115839451
-0.0109229508
-0.0083051234
-0.0055854058
-0.0041506892
-0.0024740244
-0.0004806491
0.0002389356
-0.0001614337
-0.0003513141
-0.0008781724
-0.0024041256
-0.0028909117
-0.0035325345
-0.0057396033
-0.0080029482
-0.0094386663
-0.0100678405
-0.0104880696
-0.0100706893
-0.0086912751
-0.0064516233
-0.0042559389
-0.0024173378
-0.0008649243
0.0000650800
0.0008140658
0.0018124421
0.0023737211
0.0014670500
0.0000850413
-0.0010970205
-0.0028457571
-0.0059179386
-0.0094230894
-0.0118275727
-0.0140977045
-0.0168831585
-0.0190040622
-0.0198017605
-0.0206445371
-0.0202855209
-0.0185827317
-0.0166753624
-0.0149331585
-0.0127805298
-0.0102667636
-0.0076684362
-0.0069970392
-0.0062725734
-0.0051212283
-0.0052855552
-0.0069514100
-0.0086933149
-0.0087296020
-0.0077632301
-0.0074758907
-0.0068271145
-0.0048272733
-0.0034245882
-0.0039117286
-0.0030717599
-0.0018741186
-0.0025768325
-0.0049049068
-0.0071162354
-0.0091566234
-0.0115030486
-0.0128823405
-0.0121664022
-0.0105348070
-0.0085965288
-0.0054622648
-0.0017042993
0.0014312361
0.0036989617
0.0051112723
0.0052174093
0.0040324225
0.0015855458
-0.0019944720
-0.0060603532
-0.0090691250
-0.0119917181
-0.0151340941
-0.0158873666
-0.0141561977
-0.0119119979
-0.0109064289
-0.0094812019
-0.0064484351
-0.0033037515
-0.0003764786
0.0018666259
0.0032915327
0.0057517582
0.0080650450
0.0092097793
0.0096924315
0.0101856768
0.0098812306
0.0087104012
0.0073971088
0.0044536967
-0.0000393854
-0.0024946687
-0.0041353687
-0.0069315089
-0.0099303138
-0.0113041255
-0.0112670157
-0.0108199027
-0.0098620706
-0.0080943698
-0.0060569251
-0.0035265927
-0.0010609163
0.0004088027
0.0018583371
0.0037123179
0.0047792691
0.0050871217
0.0047686645
0.0039151037
0.0031451453
0.0025690665
0.0012743855
-0.0021573031
-0.0048050366
-0.0054566181
-0.0064881647
-0.0077422275
-0.0077885706
-0.0074342186
-0.0077297986
-0.0081463630
-0.0081131015
-0.0079243295
-0.0079175575
-0.0079981956
-0.0080067829
-0.0079717945
-0.0080300497
-0.0088344859
-0.0101423865
-0.0108779336
-0.0105969174
-0.0109643033
-0.0125632897
-0.0137193243
-0.0134450868
-0.0128281512
-0.0130062960
-0.0126074911
-0.0101250078
-0.0069278713
-0.0045506126
-0.0018933188
0.0019300778
0.0056739459
0.0077739728
0.0092566527
0.0117568070
0.0140000957
0.0151463802
0.0167082364
0.0183447746
0.0184022003
0.0189189231
0.0192188818
0.0179816585
0.0172982066
0.0181267186
0.0193686946
0.0203803556
0.0201997699
0.0205998938
0.0214969618
0.0214072809
0.0206150968
0.0199951967
0.0204387197
0.0204365099
0.0189414963
0.0176095063
0.0174729927
0.0167615622
0.0130040183
0.0091673797
0.0069862829
0.0035137253
-0.0022111375
-0.0063780013
-0.0094748923
-0.0124386815
-0.0141057411
-0.0148271391
-0.0133490758
-0.0100240743
-0.0072821961
-0.0046382137
-0.0011917458
0.0022729052
0.0046564382
0.0061034014
0.0061329397
0.0066848169
0.0074794059
0.0072686386
0.0060041941
0.0050542293
0.0041932200
0.0012363347
-0.0017011214
-0.0028969671
-0.0048951636
-0.0081479472
-0.0100387129
-0.0103423567
-0.0117044331
-0.0137002866
-0.0152627207
-0.0160883839
-0.0168513452
-0.0186147558
-0.0196784236
-0.0180211412
-0.0151752087
-0.0128206041
-0.0106170973
-0.0073527374
-0.0032436652
0.0009193903
0.0033513293
0.0042251265
0.0059502163
0.0085031967
0.0093861496
0.0077798473
0.0062652956
0.0058336711
0.0041167879
0.0023661441
0.0011491157
-0.0005185812
-0.0014047928
-0.0007885710
0.0003668228
0.0010059865
0.0011633613
0.0011228104
0.0015835815
0.0011662856
-0.0002505825
-0.0011097628
-0.0015356638
-0.0019589817
-0.0013131836
-0.0008455874
-0.0012801770
-0.0008549893
-0.0001323992
0.0003448181
0.0003673315
0.0001037990
0.0003325911
0.0015014422
0.0023761117
0.0012822991
0.0002384331
0.0000225204
-0.0007609093
-0.0027145448
-0.0048542292
-0.0060569319
-0.0054254412
-0.0038495550
-0.0028367237
-0.0010734961
0.0010090060
0.0022428087
0.0026246871
0.0022793997
0.0012050028
-0.0005646600
-0.0027296655
-0.0050992452
-0.0068767280
-0.0082152929
-0.0100550037
-0.0105014571
-0.0096898750
-0.0089468421
-0.0075980649
-0.0056867473
-0.0040673056
-0.0025279486
-0.0006867719
0.0013182605
0.0021953131
0.0024761723
0.0036160547
0.0051071771
0.0067488174
0.0079947212
0.0094547055
0.0117738797
0.0144011104
0.0162307924
0.0175056491
0.0192729215
0.0212519200
0.0222048227
0.0226605162
0.0235668175
0.0239149414
0.0234318337
0.0224692014
0.0215785722
0.0208123133
0.0191333143
0.0169718672
0.0151125272
0.0123565068
0.0076386695
0.0031558160
-0.0012201928
-0.0060038562
-0.0110546302
-0.0152963562
-0.0179151151
-0.0210051444
-0.0230061177
-0.0232413755
-0.0228958896
-0.0219428033
-0.0204802762
-0.0196177887
-0.0182303107
-0.0163856365
-0.0158392354
-0.0162050235
-0.0151838300
-0.0134451276
-0.0125678656
-0.0124330246
-0.0124010889
-0.0118457809
-0.0122962390
-0.0126738441
-0.0122429064
-0.0119974770
-0.0119432197
-0.0110217087
-0.0101186166
-0.0105165649
-0.0110258630
-0.0110073081
-0.0117021213
-0.0125805596
-0.0126633258
-0.0139095649
-0.0164564158
-0.0183657296
-0.0195342678
-0.0206977270
-0.0219437212
-0.0231854116
-0.0229512416
-0.0220844639
-0.0217091773
-0.0214383462
-0.0193700816
-0.0169782312
-0.0155992521
-0.0142893321
-0.0124134566
-0.0108048154
-0.0102025319
-0.0095033740
-0.0082783823
-0.0067366734
-0.0055171374
-0.0047869692
-0.0021698414
0.0013810596
0.0043289946
0.0051727660
0.0061337808
0.0073407777
0.0078386940
0.0077213065
0.0071511763
0.0073768949
0.0072935439
0.0071437380
0.0079003964
0.0086231543
0.0099252008
0.0108488604
0.0113578117
0.0133787814
0.0151194759
0.0148099848
0.0139494419
0.0129974503
0.0101351930
0.0067569839
0.0047395981
0.0027130028
-0.0009060028
-0.0043268991
-0.0048425592
-0.0037078828
-0.0030189869
-0.0020417697
-0.0002976196
0.0013035614
0.0019389541
0.0016859912
0.0022768038
0.0033184547
0.0039827084
0.0041280888
0.0037626433
0.0038986266
0.0053096127
0.0075985204
0.0094368645
0.0102834351
0.0102343520
0.0115748002
0.0135557092
0.0142980350
0.0145613462
0.0144440743
0.0135714697
0.0131361736
0.0123479195
0.0114039712
0.0097106124
0.0075031077
0.0058069606
0.0043972874
0.0026321138
0.0006705199
-0.0011759024
-0.0025994302
-0.0035474036
-0.0051069745
-0.0063213683
-0.0069429995
-0.0078363211
-0.0089532061
-0.0095991062
-0.0090298122
-0.0076269205
-0.0062195998
-0.0046830229
-0.0034959393
-0.0034354016
-0.0038950624
-0.0036849778
-0.0035833317
-0.0046978254
-0.0054708800
-0.0048662352
-0.0040422004
-0.0032829916
-0.0026020262
-0.0018867052
-0.0009728079
-0.0003748037
-0.0000825636
0.0009241280
0.0016395774
0.0018130805
0.0027595546
0.0040492532
0.0048427815
0.0055031590
0.0063981383
0.0067355788
0.0058645978
0.0057810354
0.0070211559
0.0066312742
0.0053385731
0.0054817029
0.0053391456
0.0039345914
0.0027993079
0.0022357131
0.0015845076
0.0013149813
0.0008753501
0.0002687299
-0.0002996155
-0.0005841965
-0.0003518054
-0.0010438062
-0.0026103898
-0.0044187707
-0.0070542134
-0.0105952584
-0.0131671642
-0.0147260900
-0.0162512782
-0.0169953311
-0.0157931370
-0.0134413337
-0.0110398828
-0.0086325847
-0.0055427411
-0.0024677801
0.0008151238
0.0043271309
0.0062786852
0.0080401532
0.0105084671
0.0125730737
0.0129827029
0.0123853896
0.0122175319
0.0115134106
0.0094800324
0.0077982798
0.0075178415
0.0071426841
0.0061557978
0.0059511090
0.0062545713
0.0058489353
0.0044440854
0.0033587696
0.0024087620
0.0003023330
-0.0013427593
-0.0015846646
-0.0020713821
-0.0029890175
-0.0030434135
-0.0027840581
-0.0029668665
-0.0036708981
-0.0048782731
-0.0057640348
-0.0062865933
-0.0070154378
-0.0075842694
-0.0069405722
-0.0055560871
-0.0036176607
0.0001267998
0.0029103192
0.0045714595
0.0081583975
0.0114579362
0.0129969404
0.0148346046
0.0170083787
0.0183251114
0.0182351381
0.0178933917
0.0182400947
0.0180386899
0.0155270722
0.0115076993
0.0087091501
0.0065288332
0.0044043422
0.0022163239
-0.0001366092
-0.0018024908
-0.0018796824
-0.0011369982
0.0001374628
0.0020552313
0.0043007026
0.0062381377
0.0082716783
0.0103451036
0.0104935157
0.0103984770
0.0112423483
0.0113970225
0.0102640439
0.0090794665
0.0085377160
0.0081560042
0.0079614597
0.0071626940
0.0057660235
0.0046844045
0.0035170929
0.0028533463
0.0007041689
-0.0029906167
-0.0054981562
-0.0064257157
-0.0073434770
-0.0077395486
-0.0072858473
-0.0061114611
-0.0042698310
-0.0025679460
-0.0017649771
-0.0017349894
-0.0000344948
0.0014679488
0.0008944116
0.0002719722
0.0007633624
0.0015620928
0.0031636608
0.0060112503
0.0090032071
0.0135570010
0.0168799969
0.0182722819
0.0201709278
0.0216536757
0.0199998609
0.0153400476
0.0110021747
0.0084130262
0.0056718898
0.0034701929
0.0028073119
0.0040241112
0.0052903140
0.0045635460
0.0033448293
0.0015454647
-0.0003968876
-0.0023406452
-0.0042076091
-0.0057111774
-0.0061733886
-0.0062641873
-0.0058902619
-0.0061313745
-0.0073364331
-0.0085718682
-0.0103695873
-0.0116026292
-0.0118233776
-0.0123742798
-0.0130813792
-0.0130396527
-0.0122464283
-0.0112037359
-0.0111177197
-0.0118395528
-0.0127330377
-0.0142868164
-0.0154131658
-0.0155932960
-0.0153522113
-0.0137169582
-0.0114247359
-0.0100410450
-0.0081634289
-0.0051269681
-0.0030632950
-0.0029733441
-0.0049236684
-0.0072499613
-0.0083825047
-0.0107414812
-0.0136490141
-0.0140309911
-0.0145920717
-0.0153114503
-0.0133634221
-0.0106289686
-0.0087469059
-0.0073228619
-0.0052946212
-0.0039832741
-0.0037790687
-0.0039362219
-0.0046397374
-0.0056816983
-0.0072584467
-0.0089314487
-0.0095967333
-0.0100301663
-0.0109673970
-0.0110666851
-0.0099530230
-0.0095805037
-0.0095372678
-0.0096137584
-0.0100041459
-0.0110254006
-0.0120070298
-0.0125443745
-0.0129751967
-0.0126013651
-0.0115968159
-0.0115220999
-0.0111822777
-0.0099607605
-0.0089089299
-0.0079637782
-0.0055882438
-0.0023165952
-0.0008457092
-0.0004472090
0.0006820683
0.0027732644
0.0035044675
0.0027056624
0.0020784729
0.0015118436
0.0016688954
0.0039190152
0.0064311517
0.0065274435
0.0062005356
0.0073455235
0.0071382918
0.0049438340
0.0026978162
0.0002798164
-0.0034273344
-0.0065087179
-0.0077296151
-0.0082563122
-0.0086968028
-0.0089689733
-0.0092290209
-0.0088899874
-0.0082892338
-0.0085928912
-0.0096557364
-0.0099289676
-0.0085256543
-0.0076317819
-0.0069537286
-0.0057299662
-0.0048895359
-0.0035959781
-0.0028936783
-0.0028596274
-0.0033317892
-0.0044721176
-0.0045934562
-0.0044681034
-0.0047850328
-0.0046862389
-0.0036978690
-0.0025476743
-0.0020916075
-0.0024655860
-0.0027262265
-0.0023857482
-0.0020735775
-0.0021370824
-0.0020968646
-0.0010869965
0.0000916601
-0.0002695557
-0.0009658089
-0.0010004642
-0.0016532226
-0.0027809516
-0.0035814470
-0.0042758856
-0.0054360914
-0.0074961522
-0.0095603169
-0.0107471721
-0.0108477997
-0.0105011987
-0.0107036914
-0.0116022416
-0.0130362735
-0.0135295460
-0.0131620309
-0.0136301600
-0.0143887971
-0.0149663316
-0.0143316569
-0.0128607123
-0.0119932955
-0.0111868672
-0.0092716313
-0.0071483002
-0.0063893797
-0.0063840634
-0.0040381910
-0.0015056319
-0.0012837609
-0.0012868885
-0.0005978456
-0.0003009145
0.0001681664
0.0002824239
-0.0005582654
-0.0011875969
-0.0018846838
-0.0027528758
-0.0036181047
-0.0044884431
-0.0055371834
-0.0065048226
-0.0064446378
-0.0059734782
-0.0062412225
-0.0066542009
-0.0065264617
-0.0056406837
-0.0051920606
-0.0056149217
-0.0050984123
-0.0043370434
-0.0046988276
-0.0057611431
-0.0060045647
-0.0051252010
-0.0039961558
-0.0031699772
-0.0026230573
-0.0020598656
-0.0020529733
-0.0024368840
-0.0032105893
-0.0039679073
-0.0035317512
-0.0022530516
-0.0018087943
-0.0006633326
0.0018084951
0.0035110981
0.0049343077
0.0062958538
0.0065922476
0.0079869770
0.0094265366
0.0093192050
0.0101108248
0.0121970324
0.0127833923
0.0133021888
0.0135713745
0.0130770141
0.0120135978
0.0107826773
0.0088635659
0.0074109519
0.0063729304
0.0047101319
0.0044089473
0.0043221587
0.0041147760
0.0044222743
0.0050852036
0.0052752042
0.0060613465
0.0077382364
0.0093864215
0.0098421423
0.0103128551
0.0110415282
0.0109480329
0.0101249263
0.0084999806
0.0065219681
0.0050051033
0.0036582911
0.0019622983
0.0005801271
-0.0000232534
-0.0001986347
-0.0001218029
0.0003712705
0.0015814133
0.0032861321
0.0043706782
0.0055779240
0.0091416789
0.0123345931
0.0144281574
0.0163576579
0.0170455293
0.0175627824
0.0182054121
0.0182513541
0.0173560811
0.0154110717
0.0132489854
0.0119576135
0.0105209367
0.0083710549
0.0063966663
0.0047778019
0.0032634698
0.0024981057
0.0029086405
0.0041851229
0.0058909588
0.0074831114
0.0089114456
0.0105255262
0.0124173049
0.0141764116
0.0149112652
0.0141094263
0.0125413081
0.0112149885
0.0109049603
0.0103196475
0.0086955722
0.0084937594
0.0092284158
0.0093727144
0.0095982699
0.0098573588
0.0107213217
0.0112908876
0.0102410832
0.0093523373
0.0088672918
0.0077587835
0.0055865984
0.0036431079
0.0022330437
0.0006519135
-0.0013214269
-0.0032512204
-0.0049274066
-0.0062257816
-0.0069216229
-0.0077331030
-0.0084863891
-0.0077615371
-0.0068002714
-0.0062217286
-0.0049825002
-0.0040731747
-0.0035654893
-0.0032617238
-0.0028493355
-0.0027667889
-0.0034755514
-0.0040120108
-0.0047437020
-0.0056624566
-0.0065438947
-0.0067091545
-0.0070580277
-0.0085647835
-0.0098538300
-0.0110712746
-0.0115712374
-0.0124236553
-0.0148749508
-0.0162361229
-0.0154308708
-0.0147483504
-0.0146845811
-0.0146774283
-0.0133728933
-0.0108201475
-0.0091227092
-0.0091803797
-0.0085471056
-0.0074169351
-0.0066534530
-0.0058517161
-0.0057326084
-0.0060908236
-0.0060313990
-0.0057116608
-0.0054713845
-0.0048334809
-0.0044566495
-0.0041304712
-0.0035319973
-0.0020368131
-0.0015088091
-0.0012744637
-0.0004029988
0.0000107518
0.0004366045
0.0002723332
-0.0007085014
-0.0009861547
-0.0014452560
-0.0022540504
-0.0024159929
-0.0031194282
-0.0045511912
-0.0056280944
-0.0053079714
-0.0040130211
-0.0038062144
-0.0039604296
-0.0032825829
-0.0017099957
-0.0010541185
-0.0002983235
0.0004310317
0.0015707828
0.0020170343
0.0028468151
0.0040840132
0.0049288487
0.0050049293
0.0046601043
0.0047095152
0.0045032068
0.0039842885
0.0041742531
0.0044754914
0.0042491663
0.0033067492
0.0027405571
0.0018176597
0.0009339684
-0.0001422496
-0.0016052620
-0.0023001882
-0.0026837263
-0.0027806211
-0.0028966026
-0.0038791306
-0.0043495158
-0.0038297204
-0.0036212289
-0.0036411661
-0.0026680909
-0.0011402856
0.0000714309
0.0001170636
0.0014144564
0.0031646569
0.0033751964
0.0022341044
0.0010909638
0.0006330069
0.0001965663
-0.0002780000
-0.0007035822
-0.0025257110
-0.0044474033
-0.0053747847
-0.0068991789
-0.0089820821
-0.0102143149
-0.0107731449
-0.0116723614
-0.0120679843
-0.0117283389
-0.0109817092
-0.0100086266
-0.0092125669
-0.0077198651
-0.0050830680
-0.0021827020
0.0004774901
0.0037656363
0.0076112892
0.0110274472
0.0134319372
0.0155468849
0.0174671454
0.0182876140
0.0179868530
0.0180662469
0.0183802798
0.0172278081
0.0144965978
0.0112930497
0.0080533912
0.0047649759
0.0013843484
-0.0025836691
-0.0070050758
-0.0096238143
-0.0107840099
-0.0128437212
-0.0137658441
-0.0131655324
-0.0125705377
-0.0113591240
-0.0087617552
-0.0051463056
-0.0009474783
0.0028421196
0.0055578964
0.0078542981
0.0098786742
0.0115371804
0.0112135607
0.0094159163
0.0079554629
0.0056570431
0.0033274642
0.0017681448
0.0020631938
0.0039311354
0.0050402027
0.0053661036
0.0061414754
0.0075441747
0.0089017364
0.0096374331
0.0083037704
0.0046476611
0.0028480790
0.0026719991
0.0016084012
0.0007522458
0.0016462426
0.0029364715
0.0027866438
0.0024420282
0.0031341878
0.0033764502
0.0023498411
0.0017509885
0.0017350288
0.0017672854
0.0027850576
0.0043849483
0.0066898462
0.0086927097
0.0101770486
0.0117817055
0.0134219493
0.0139925826
0.0132222850
0.0119746794
0.0109790235
0.0094655026
0.0076307212
0.0062201634
0.0050636557
0.0043167092
0.0046703635
0.0048425265
0.0049993431
0.0061103175
0.0071757416
0.0070186334
0.0071486878
0.0077731025
0.0070177155
0.0063873923
0.0069900157
0.0073679336
0.0070340131
0.0070635214
0.0079788180
0.0081211857
0.0075829027
0.0071952552
0.0062819073
0.0052342644
0.0041087411
0.0022362720
0.0005724120
-0.0000623988
-0.0005811772
-0.0009000222
-0.0008257339
-0.0008531230
-0.0003370744
0.0001813208
0.0005351697
0.0006058998
0.0003994178
0.0007454637
0.0017973758
0.0020899785
0.0025770875
0.0041616862
0.0057164889
0.0055156110
0.0055093572
0.0062780270
0.0072219555
0.0071354430
0.0067368774
0.0074202735
0.0083760795
0.0087388081
0.0087959006
0.0086153285
0.0093458917
0.0100519576
0.0094883138
0.0082089153
0.0072313520
0.0065643656
0.0049514824
0.0026679590
0.0006175464
-0.0005998775
-0.0007894699
-0.0001412328
0.0005643530
0.0007890762
0.0020585255
0.0032743138
0.0033276430
0.0027478458
0.0020844772
0.0012199725
0.0005541317
-0.0000266082
-0.0001362721
0.0002973773
0.0011142129
0.0022554306
0.0042188100
0.0055852685
0.0055115866
0.0073852442
0.0094442484
0.0090810575
0.0084839754
0.0081905167
0.0074037856
0.0051946790
0.0021923371
-0.0006668500
-0.0029013654
-0.0055524965
-0.0076943682
-0.0087391208
-0.0089734608
-0.0095941836
-0.0101144555
-0.0098059503
-0.0086107866
-0.0074205591
-0.0064224746
-0.0049830727
-0.0039507972
-0.0028447842
-0.0018607236
-0.0016985873
-0.0023030792
-0.0035195426
-0.0044220799
-0.0049297401
-0.0057563361
-0.0073538933
-0.0079960947
-0.0083364744
-0.0094798488
-0.0104376810
-0.0096896438
-0.0084463149
-0.0084132709
-0.0079815377
-0.0073511124
-0.0064760105
-0.0053187576
-0.0041761004
-0.0037033634
-0.0043449447
-0.0044636248
-0.0040899571
-0.0048545107
-0.0064737348
-0.0073766569
-0.0080180152
-0.0096660303
-0.0110163509
-0.0115164498
-0.0117988326
-0.0122435115
-0.0124072829
-0.0111602008
-0.0104326768
-0.0097554325
-0.0090267526
-0.0079993787
-0.0063358526
-0.0052661783
-0.0039835957
-0.0026168300
-0.0021838253
-0.0025297952
-0.0025512398
-0.0020776713
-0.0013942697
-0.0007750387
-0.0010291220
-0.0013384595
-0.0005565697
0.0004860090
0.0016892548
0.0030765955
0.0042715233
0.0047204924
0.0048802870
0.0050052924
0.0042566215
0.0038879158
0.0035048537
0.0024327229
0.0012197828
0.0004336701
-0.0003210804
-0.0013755380
-0.0023994403
-0.0040051049
-0.0048482589
-0.0054164194
-0.0062815517
-0.0075569639
-0.0085022992
-0.0093995235
-0.0100277050
-0.0106397249
-0.0114850785
-0.0119410031
-0.0127622537
-0.0134386956
-0.0125179461
-0.0110360821
-0.0109523368
-0.0105466715
-0.0094056496
-0.0082694278
-0.0075802646
-0.0072451611
-0.0063918185
-0.0061510105
-0.0065814084
-0.0065665665
-0.0061951779
-0.0057057075
-0.0050298231
-0.0041127023
-0.0032120056
-0.0025643112
-0.0017776120
-0.0019462557
-0.0016861163
-0.0017027783
-0.0023987856
-0.0032051643
-0.0039503206
-0.0040872762
-0.0047479352
-0.0058177128
-0.0057215781
-0.0052173052
-0.0054365449
-0.0058696054
-0.0058028947
-0.0055648621
-0.0056455730
-0.0058003593
-0.0057554964
-0.0056774107
-0.0058715350
-0.0068889189
-0.0082444273
-0.0090021396
-0.0095312233
-0.0101169984
-0.0100044859
-0.0098589362
-0.0101497976
-0.0103218436
-0.0096810293
-0.0089365141
-0.0092151982
-0.0088271496
-0.0069696862
-0.0050278411
-0.0041123018
-0.0023082010
0.0007576933
0.0022712428
0.0022360340
0.0027162868
0.0035492978
0.0038945647
0.0030738031
0.0024312862
0.0023775497
0.0027023519
0.0021184296
0.0021277838
0.0030436536
0.0038349986
0.0046705240
0.0053448487
0.0057839978
0.0075793876
0.0088821548
0.0091900481
0.0099592578
0.0107590026
0.0105166328
0.0102255471
0.0098886349
0.0088853436
0.0079189514
0.0070795947
0.0055128302
0.0047341445
0.0041206961
0.0032897445
0.0027086962
0.0014846014
0.0003068122
-0.0005368875
-0.0022395580
-0.0043028062
-0.0050280131
-0.0050597591
-0.0051731671
-0.0053614808
-0.0052824317
-0.0042466370
-0.0028061064
-0.0015892065
-0.0011779394
0.0005011583
0.0025699055
0.0030970773
0.0038355242
0.0064647586
0.0090597014
0.0096851972
0.0096294236
0.0095133959
0.0084974106
0.0067803635
0.0048281905
0.0034254286
0.0027652108
0.0021561601
0.0010675244
0.0006226241
0.0011781869
0.0021968946
0.0030451344
0.0035991907
0.0043577441
0.0053915555
0.0065080298
0.0071575879
0.0068439425
0.0065993976
0.0069535382
0.0072477856
0.0071762584
0.0074709953
0.0086584283
0.0093003713
0.0086619027
0.0078814540
0.0070338907
0.0061463062
0.0054202569
0.0040940583
0.0025364523
0.0019373896
0.0019700446
0.0021077195
0.0019633189
0.0024980024
0.0036306913
0.0037265003
0.0037344771
0.0034632347
0.0030046495
0.0033655001
0.0039050096
0.0047571460
0.0061985061
0.0074843896
0.0075148227
0.0090098499
0.0111872343
0.0107625654
0.0096646297
0.0097013248
0.0093202725
0.0082547076
0.0073486240
0.0066412077
0.0061635713
0.0058624064
0.0047109240
0.0040546714
0.0045878081
0.0048452727
0.0044452038
0.0042008684
0.0044002314
0.0052337660
0.0055990150
0.0051546346
0.0057169064
0.0064906056
0.0061650651
0.0057402533
0.0050665555
0.0033003594
0.0019572384
0.0010350176
-0.0001121100
-0.0016121605
-0.0029299376
-0.0035092589
-0.0034946570
-0.0033376704
-0.0035749143
-0.0038706874
-0.0038689333
-0.0037508236
-0.0037407575
-0.0039635334
-0.0047310270
-0.0049524228
-0.0044620739
-0.0043556378
-0.0044948187
-0.0038577051
-0.0036695390
-0.0050240832
-0.0063620790
-0.0067878711
-0.0072768112
-0.0081097223
-0.0082237918
-0.0078813248
-0.0077500533
-0.0067178520
-0.0044496355
-0.0025714979
-0.0015824087
-0.0010955519
-0.0002678796
0.0009910481
0.0018052526
0.0015144993
0.0012026802
0.0012319730
0.0007347951
0.0003608374
-0.0006627354
-0.0029300123
-0.0046799544
-0.0051331262
-0.0059736095
-0.0062394601
-0.0056734781
-0.0050307661
-0.0045411788
-0.0027009009
-0.0008742976
-0.0005551047
0.0002315233
0.0022693309
0.0034157405
0.0037425572
0.0045452161
0.0053414681
0.0051441027
0.0048828394
0.0051451688
0.0049756630
0.0037301188
0.0026028536
0.0020353139
0.0013466008
0.0004014359
0.0003049272
0.0008053038
0.0006668746
0.0008766052
0.0014789322
0.0019919835
0.0022523567
0.0026248652
0.0025518340
0.0018463522
0.0012327277
0.0005250193
-0.0004116555
-0.0006324787
-0.0013417305
-0.0020716180
-0.0029276490
-0.0039607866
-0.0042534844
-0.0050379453
-0.0063875119
-0.0073880931
-0.0072537484
-0.0074392704
-0.0081672160
-0.0081599273
-0.0078425764
-0.0071608447
-0.0060915444
-0.0052269974
-0.0037721635
-0.0017329734
-0.0014087519
-0.0009408056
0.0017360671
0.0040677313
0.0037600671
0.0032612363
0.0034013976
0.0031735319
0.0017588701
0.0002265546
-0.0001844144
-0.0007034761
-0.0018351621
-0.0025442795
-0.0016443096
-0.0008788415
-0.0008347768
-0.0008624487
-0.0002567693
0.0001374037
0.0000345926
0.0007392050
0.0014075172
0.0017645834
0.0019725936
0.0026943316
0.0037517259
0.0041715620
0.0053063267
0.0059467317
0.0060862070
0.0060711516
0.0058033353
0.0048645973
0.0041001048
0.0042675186
0.0042180077
0.0049682804
0.0062517816
0.0069106287
0.0073446668
0.0082379885
0.0090993065
0.0092119006
0.0093681998
0.0087898970
0.0085903415
0.0090998980
0.0092596376
0.0090073002
0.0097340152
0.0113781140
0.0114995335
0.0117515037
0.0125879367
0.0125158588
0.0117031412
0.0107027871
0.0095929257
0.0082084529
0.0070292061
0.0052905846
0.0036673836
0.0026959695
0.0013549848
0.0002917656
0.0000183292
0.0007180603
0.0020136748
0.0034606367
0.0051117849
0.0073105010
0.0095757918
0.0110069069
0.0118617725
0.0120716559
0.0119114064
0.0115233237
0.0106021051
0.0091638849
0.0078539446
0.0073957558
0.0068048677
0.0055626143
0.0038264874
0.0023571509
0.0013150996
0.0000946280
-0.0015881621
-0.0029918467
-0.0026704726
-0.0020718335
-0.0024965011
-0.0022664351
-0.0008858528
0.0001088751
-0.0001566641
-0.0007173552
-0.0005909173
-0.0010184718
-0.0030621174
-0.0052287469
-0.0058883813
-0.0074067364
-0.0094493342
-0.0098667280
-0.0095406878
-0.0095433190
-0.0098860445
-0.0093604759
-0.0080299069
-0.0070855371
-0.0065407800
-0.0057922228
-0.0047904130
-0.0045733551
-0.0050875915
-0.0058113318
-0.0059962242
-0.0063349857
-0.0073769969
-0.0075088462
-0.0070133980
-0.0070480262
-0.0070975921
-0.0056333175
-0.0047719886
-0.0048940717
-0.0047719594
-0.0039283627
-0.0033444465
-0.0031335847
-0.0037769671
-0.0044078533
-0.0046701460
-0.0045886063
-0.0043511476
-0.0042675634
-0.0037344254
-0.0035211921
-0.0039313224
-0.0040837855
-0.0038287910
-0.0036765197
-0.0037697607
-0.0040258505
-0.0047556162
-0.0049603438
-0.0044721469
-0.0043157274
-0.0043675302
-0.0033152332
-0.0008110382
0.0012078428
0.0022737143
0.0034544950
0.0044310915
0.0047300350
0.0038551990
0.0034852075
0.0031780744
0.0021975548
0.0014737560
0.0018190774
0.0021340153
0.0017946160
0.0014832374
0.0018463223
0.0027867254
0.0030882187
0.0033899152
0.0034367812
0.0032487877
0.0033247126
0.0038290276
0.0047150157
0.0046568658
0.0037992792
0.0027084704
0.0019583011
0.0017192643
0.0017261131
0.0009820942
0.0010675087
0.0021930660
0.0020952825
0.0017626130
0.0021456378
0.0016340837
0.0009354363
0.0000909489
-0.0012273645
-0.0032399230
-0.0050925311
-0.0065066482
-0.0076832176
-0.0080294446
-0.0077007458
-0.0078279242
-0.0083197824
-0.0084455533
-0.0078156313
-0.0065075090
-0.0055925898
-0.0055164609
-0.0054160624
-0.0041407373
-0.0033479460
-0.0038489961
-0.0035794038
-0.0020095824
-0.0013969194
-0.0016254889
-0.0012899026
-0.0011045349
-0.0012370547
-0.0018476767
-0.0035477054
-0.0056798632
-0.0072151564
-0.0085089351
-0.0097443431
-0.0110450434
-0.0119188107
-0.0115242892
-0.0112647176
-0.0111824885
-0.0108474393
-0.0104113954
-0.0093965727
-0.0089000298
-0.0094153860
-0.0096137108
-0.0092162725
-0.0089948645
-0.0091334043
-0.0092914848
-0.0092917228
-0.0099390983
-0.0104242390
-0.0099999100
-0.0097906522
-0.0100627343
-0.0101647354
-0.0093007521
-0.0086568781
-0.0084794268
-0.0082542317
-0.0076714346
-0.0071563708
-0.0066688246
-0.0062495215
-0.0057559336
-0.0053944758
-0.0048873167
-0.0043859518
-0.0038929513
-0.0037474227
-0.0040002081
-0.0039954813
-0.0037672919
-0.0036872841
-0.0037150974
-0.0037331717
-0.0037355051
-0.0035522248
-0.0027690456
-0.0024671913
-0.0029370536
-0.0030896914
-0.0027874142
-0.0028232940
-0.0037496079
-0.0040855872
-0.0035212186
-0.0031086012
-0.0026426131
-0.0026424900
-0.0027400349
-0.0019223131
-0.0019048318
-0.0031381007
-0.0035539138
-0.0039186372
-0.0049400252
-0.0056562932
-0.0055921431
-0.0060811355
-0.0064368161
-0.0059648678
-0.0051029821
-0.0052626353
-0.0055573735
-0.0046704961
-0.0042887979
-0.0050378930
-0.0059708653
-0.0056849551
-0.0046539103
-0.0040245491
-0.0041602128
-0.0038601766
-0.0032920678
-0.0026223189
-0.0027772936
-0.0031334358
-0.0029084542
-0.0026305072
-0.0026924455
-0.0028171218
-0.0027958676
-0.0027230043
-0.0022828850
-0.0014894730
-0.0012551330
-0.0009813817
-0.0009675916
-0.0004930743
0.0003226006
0.0007451828
0.0015705781
0.0026283097
0.0028771217
0.0023728304
0.0023830938
0.0028560701
0.0029063961
0.0015521171
-0.0003696125
-0.0008661345
-0.0009556224
-0.0020092567
-0.0035031532
-0.0045361671
-0.0058338391
-0.0069944623
-0.0061235541
-0.0058195119
-0.0070390377
-0.0066120992
-0.0053922361
-0.0042036255
-0.0029438208
-0.0016209341
0.0002088878
0.0013607974
0.0016657814
0.0017817554
0.0025451763
0.0033311365
0.0038403305
0.0042470204
0.0047301846
0.0051208407
0.0056243079
0.0060468358
0.0065899087
0.0067797461
0.0064983913
0.0066512923
0.0074779984
0.0070400983
0.0062211160
0.0063620246
0.0058187796
0.0048096288
0.0054367652
0.0056691123
0.0057456988
0.0061467325
0.0070247118
0.0080478975
0.0085253279
0.0081750622
0.0080026355
0.0085976370
0.0096838169
0.0096564095
0.0090248760
0.0090534053
0.0097187782
0.0105780361
0.0104409854
0.0099048441
0.0099892829
0.0103172066
0.0099331695
0.0090287992
0.0087577913
0.0085216564
0.0085756213
0.0087172207
0.0089843258
0.0091617024
0.0082649948
0.0080655889
0.0082448013
0.0071712950
0.0058500626
0.0047283849
0.0029939707
0.0014918105
0.0014409106
0.0016607248
0.0011619940
0.0019373223
0.0033006531
0.0039974320
0.0048771710
0.0069501726
0.0086588975
0.0085452223
0.0078716088
0.0081134006
0.0081506260
0.0069831145
0.0058062453
0.0052723819
0.0052083745
0.0048647496
0.0041397331
0.0041512508
0.0044730362
0.0049777456
0.0054234015
0.0050861133
0.0047605279
0.0049497452
0.0046373454
0.0039245579
0.0040834809
0.0039096936
0.0031423115
0.0031957332
0.0035725843
0.0034769887
0.0032280863
0.0032295536
0.0033776013
0.0039528608
0.0045122796
0.0041853928
0.0038560774
0.0041271328
0.0050937869
0.0056129377
0.0050243885
0.0047904055
0.0058664043
0.0065628970
0.0059674882
0.0056080484
0.0059531005
0.0061369900
0.0052973973
0.0046443037
0.0043208417
0.0034089094
0.0031244079
0.0029032882
0.0023991983
0.0024850907
0.0027859490
0.0042627442
0.0065719678
0.0067290108
0.0067976313
0.0079303536
0.0087871977
0.0096881004
0.0098696313
0.0094181464
0.0095080246
0.0106068781
0.0111712903
0.0106004665
0.0101017343
0.0094616747
0.0085162510
0.0078641501
0.0077830021
0.0064034587
0.0046686100
0.0039539194
0.0027301870
0.0015795694
0.0018809926
0.0023433153
0.0019393423
0.0016572450
0.0024903309
0.0031192575
0.0036113313
0.0044303014
0.0046334781
0.0047767766
0.0045375419
0.0049328384
0.0054166030
0.0044481988
0.0038748445
0.0044886029
0.0048002833
0.0044586240
0.0042429464
0.0043666592
0.0042983283
0.0033058272
0.0021950792
0.0024354460
0.0029230480
0.0019842168
0.0011424695
0.0008107275
0.0006500199
0.0001178177
-0.0001878039
-0.0001123791
-0.0008595128
-0.0013459889
-0.0009231244
-0.0007166243
-0.0009990378
-0.0011669608
-0.0010655825
-0.0009833079
-0.0012376136
-0.0021126992
-0.0025379012
-0.0027441599
-0.0027146652
-0.0026541349
-0.0024992398
-0.0015211591
-0.0003299374
0.0001011233
-0.0001124890
0.0004723526
0.0014762683
0.0028616250
0.0031111366
0.0034504550
0.0044047665
0.0044572506
0.0040436568
0.0041708181
0.0042211564
0.0034352663
0.0029687383
0.0023038801
0.0015238101
0.0017313709
0.0021268918
0.0018888238
0.0015555126
0.0015893058
0.0017346379
0.0017327049
0.0016687771
0.0013832870
0.0006113658
0.0005938599
0.0010790150
0.0010587154
0.0007446838
0.0006899893
0.0011010252
0.0022181196
0.0029857124
0.0024903853
0.0020334890
0.0023808718
0.0027472434
0.0023862601
0.0014229289
0.0011409329
0.0008890205
0.0005019477
-0.0004364318
-0.0016687145
-0.0026323511
-0.0027914352
-0.0023674428
-0.0023916546
-0.0028103532
-0.0029419666
-0.0023721464
-0.0011217463
-0.0001371121
0.0004276536
0.0007214184
0.0013376510
0.0028214705
0.0032418104
0.0033035726
0.0032876572
0.0033211906
0.0034706641
0.0031247492
0.0022708328
0.0019787802
0.0012834141
0.0005441213
0.0004957290
0.0000738072
-0.0005354722
-0.0011835385
-0.0010364325
-0.0007236778
-0.0013004046
-0.0023036857
-0.0021291416
-0.0019931223
-0.0033137116
-0.0043005074
-0.0036830285
-0.0035864457
-0.0047582251
-0.0049749593
-0.0044006407
-0.0043350968
-0.0041882961
-0.0035535507
-0.0036671171
-0.0040378075
-0.0039142844
-0.0041762180
-0.0048166577
-0.0046408178
-0.0037615092
-0.0032736217
-0.0037706765
-0.0041102152
-0.0038777912
-0.0036690712
-0.0043237048
-0.0056491099
-0.0065752300
-0.0076790361
-0.0090920246
-0.0097771695
-0.0098320183
-0.0101824472
-0.0103785554
-0.0091261768
-0.0078802777
-0.0074598243
-0.0069851067
-0.0064820828
-0.0060152183
-0.0055245785
-0.0061784200
-0.0069766009
-0.0065471277
-0.0066334662
-0.0075335340
-0.0075146051
-0.0070349174
-0.0064694514
-0.0054821612
-0.0044980524
-0.0038638903
-0.0030214543
-0.0010998530
0.0010704800
0.0018648446
0.0020518746
0.0037470576
0.0049445792
0.0048694560
0.0049014855
0.0043906072
0.0039365149
0.0028917133
0.0013852690
0.0007007843
-0.0005778503
-0.0028309166
-0.0039822406
-0.0041001123
-0.0049718201
-0.0062812526
-0.0057765752
-0.0046559534
-0.0043369795
-0.0037528457
-0.0027338932
-0.0011419555
-0.0006087816
-0.0006930163
0.0003778461
0.0003215891
-0.0007245222
-0.0012828301
-0.0018824320
-0.0027489391
-0.0037387830
-0.0053427410
-0.0066908144
-0.0070285805
-0.0068845131
-0.0068338661
-0.0070778201
-0.0065361518
-0.0051902099
-0.0042083774
-0.0030145280
-0.0024685620
-0.0024584407
-0.0020164475
-0.0012190587
-0.0014916018
-0.0023545631
-0.0020539463
-0.0015208246
-0.0016607024
-0.0019531256
-0.0018419423
-0.0011018051
-0.0005274683
-0.0009737462
-0.0013070072
-0.0009754970
-0.0007311603
-0.0008487307
-0.0009231448
-0.0003067571
0.0003981559
0.0001084201
-0.0002554697
0.0004632768
0.0013810209
0.0016631290
0.0018428595
0.0023485962
0.0035167251
0.0040028503
0.0039889786
0.0044281495
0.0046199206
0.0051337082
0.0058273268
0.0056005292
0.0052046017
0.0048248698
0.0044729621
0.0047145744
0.0043836639
0.0035286440
0.0030447550
0.0028387513
0.0031053485
0.0031524334
0.0022590437
0.0009086810
0.0007355036
0.0009997258
-0.0000661934
-0.0015122468
-0.0018531765
-0.0016504445
-0.0022973067
-0.0024959408
-0.0017515181
-0.0006096615
-0.0002233072
-0.0003975809
0.0001252509
0.0003608979
-0.0002459350
-0.0010040970
-0.0010851451
-0.0017671100
-0.0029637457
-0.0034175287
-0.0028931881
-0.0027379095
-0.0035763163
-0.0045536131
-0.0042621527
-0.0041129858
-0.0050544925
-0.0056685392
-0.0055703178
-0.0050018493
-0.0057468071
-0.0065851983
-0.0070043891
-0.0070816616
-0.0075741318
-0.0080583478
-0.0085981946
-0.0088580450
-0.0090626998
-0.0083415329
-0.0080805335
-0.0086259963
-0.0085303185
-0.0071366328
-0.0061134125
-0.0066981548
-0.0072866700
-0.0069052301
-0.0064703618
-0.0065566139
-0.0067496877
-0.0067281017
-0.0068946914
-0.0075274351
-0.0070732442
-0.0070741825
-0.0076343384
-0.0068005910
-0.0059761993
-0.0057177481
-0.0056238673
-0.0048936712
-0.0037841878
-0.0038049844
-0.0043799849
-0.0042706489
-0.0038532870
-0.0039953603
-0.0049857998
-0.0053461834
-0.0055408312
-0.0067013083
-0.0078123065
-0.0076662741
-0.0070182118
-0.0063740795
-0.0056170369
-0.0056200367
-0.0053306194
-0.0040064307
-0.0036199703
-0.0042240046
-0.0036134554
-0.0034208392
-0.0042750514
-0.0042133367
-0.0037067453
-0.0037856911
-0.0046327757
-0.0052979739
-0.0054226080
-0.0056605930
-0.0056071271
-0.0054775167
-0.0050492483
-0.0045321733
-0.0042554569
-0.0038597782
-0.0027966257
-0.0016653109
-0.0021320598
-0.0021803427
-0.0010830836
-0.0013034370
-0.0025836392
-0.0028675267
-0.0033225729
-0.0048690093
-0.0066229833
-0.0071853964
-0.0071158954
-0.0074185329
-0.0083809341
-0.0080838515
-0.0068917202
-0.0066961545
-0.0062783242
-0.0055800079
-0.0057022012
-0.0057385658
-0.0050211154
-0.0055204901
-0.0063488893
-0.0067559912
-0.0064742346
-0.0061860724
-0.0063887840
-0.0069183933
-0.0076879838
-0.0078850915
-0.0082138243
-0.0083607542
-0.0081680863
-0.0083120382
-0.0091340978
-0.0087131140
-0.0078360832
-0.0079968494
-0.0075306172
-0.0061573650
-0.0050249032
-0.0038617078
-0.0034134886
-0.0025596544
-0.0015810767
-0.0000312116
0.0019243597
0.0019843786
0.0018717457
0.0031982128
0.0037854273
0.0032200388
0.0030724263
0.0032857616
0.0026271021
0.0022102414
0.0024889608
0.0019725895
0.0014424846
0.0014985199
0.0009317777
0.0003462737
-0.0002629507
-0.0011627229
-0.0011836194
-0.0008611806
-0.0015336124
-0.0013479429
-0.0006525836
-0.0009017030
-0.0011126423
-0.0001529490
0.0003281571
-0.0001128500
0.0004124350
0.0010777299
0.0007445777
0.0004374792
0.0007201660
0.0009096682
0.0008161681
0.0007124496
0.0007745104
0.0008564634
0.0009979805
0.0017171511
0.0021488714
0.0024464844
0.0027563903
0.0033894366
0.0038370751
0.0044584017
0.0054569934
0.0056673813
0.0060790978
0.0072290675
0.0074120533
0.0069915659
0.0077139974
0.0083723468
0.0080575319
0.0077426015
0.0081058400
0.0091391088
0.0093538876
0.0089011177
0.0095462971
0.0101683525
0.0098184676
0.0095571961
0.0097959079
0.0101542986
0.0110064106
0.0121068619
0.0127115387
0.0124837735
0.0129863269
0.0144353713
0.0140158970
0.0127684545
0.0131159665
0.0137630633
0.0128830544
0.0121082422
0.0126069540
0.0129727218
0.0126692887
0.0124896344
0.0133129723
0.0138937364
0.0133840031
0.0130178614
0.0126105847
0.0123668687
0.0126634414
0.0120293855
0.0112023285
0.0107810047
0.0099534582
0.0097102045
0.0101220978
0.0094266930
0.0085800000
0.0089360110
0.0093297097
0.0090514132
0.0082285037
0.0082146606
0.0087625099
0.0086879911
0.0084143180
0.0077244953
0.0072038494
0.0063989692
0.0055143430
0.0048103121
0.0040067469
0.0030133626
0.0016291108
0.0000423289
-0.0006533121
-0.0011362313
-0.0021421437
-0.0033417561
-0.0038141538
-0.0033633108
-0.0028673887
-0.0022158976
-0.0010670607
0.0002278899
0.0004678614
0.0019309392
0.0045602640
0.0063875310
0.0076510643
0.0087851647
0.0091627427
0.0103717155
0.0114823792
0.0129374477
0.0139695131
0.0141326250
0.0141298169
0.0149895439
0.0155599665
0.0150204393
0.0137026323
0.0119729252
0.0111822777
0.0110206752
0.0101199833
0.0086167971
0.0069181213
0.0060521684
0.0057399222
0.0055187645
0.0047818406
0.0034512056
0.0031595249
0.0030722903
0.0025407718
0.0017920405
0.0007467120
0.0005635412
0.0004814195
-0.0007210499
-0.0020476788
-0.0026754816
-0.0026971165
-0.0030324757
-0.0038165389
-0.0038428014
-0.0040603256
-0.0042116580
-0.0034316750
-0.0021346578
-0.0000969899
0.0014845300
0.0025446059
0.0042535565
0.0063646722
0.0082358876
0.0098660413
0.0107144273
0.0101779121
0.0099637589
0.0101850853
0.0093735235
0.0085283808
0.0086228619
0.0080030026
0.0068722134
0.0067423915
0.0065078517
0.0059832575
0.0052187494
0.0051957233
0.0055877570
0.0053462140
0.0042962974
0.0038463124
0.0036910128
0.0034327078
0.0027779851
0.0023359205
0.0019451869
0.0016066885
0.0017564292
0.0011483773
0.0004362982
0.0001727160
-0.0007275098
-0.0013412811
-0.0015140207
-0.0024881096
-0.0036082438
-0.0038467286
-0.0033211124
-0.0032522451
-0.0032678451
-0.0026796304
-0.0026900352
-0.0027545232
-0.0018262960
-0.0015464547
-0.0020613451
-0.0021513049
-0.0018259037
-0.0015454097
-0.0009145099
-0.0005569086
-0.0002301523
-0.0000728307
-0.0002691016
-0.0002719789
-0.0000062904
0.0008510553
0.0020163945
0.0020065724
0.0012393440
0.0007248826
0.0006655037
0.0016114737
0.0017668924
0.0000727451
-0.0008036522
-0.0007761265
-0.0018322195
-0.0019981993
-0.0018450502
-0.0030769015
-0.0041620085
-0.0039778185
-0.0042252026
-0.0045755655
-0.0047798634
-0.0053326279
-0.0046950982
-0.0039535706
-0.0036459234
-0.0035844488
-0.0029049397
-0.0018001029
-0.0016313885
-0.0015044828
-0.0010476151
-0.0010855388
-0.0012209319
-0.0010426850
-0.0002902723
0.0002537449
-0.0001274796
0.0001154529
0.0016277781
0.0027196027
0.0026153940
0.0025040665
0.0033642409
0.0036207658
0.0028358249
0.0017001613
0.0007828958
-0.0008901016
-0.0029339185
-0.0045308148
-0.0059629083
-0.0072825157
-0.0081655094
-0.0087816360
-0.0089114864
-0.0086297359
-0.0078845408
-0.0069584404
-0.0055981311
-0.0050859073
-0.0050889187
-0.0039755945
-0.0033510594
-0.0038627515
-0.0047683395
-0.0048655954
-0.0042221042
-0.0048313099
-0.0057161224
-0.0053789309
-0.0049117060
-0.0050360565
-0.0045499103
-0.0033108172
-0.0030799944
-0.0037225473
-0.0037883081
-0.0033800775
-0.0037900949
-0.0045573778
-0.0043141506
-0.0038568518
-0.0039459861
-0.0035958578
-0.0018054240
-0.0006854862
-0.0010753067
-0.0009507161
-0.0000456655
0.0001054214
-0.0008782499
-0.0009094030
-0.0008067894
-0.0013877792
-0.0020372829
-0.0024251065
-0.0020953185
-0.0012674198
-0.0003479646
0.0001919212
0.0004107795
0.0005845711
0.0012910088
0.0014086520
0.0006875348
-0.0004661239
-0.0008966009
-0.0006373920
-0.0007221643
-0.0006950234
-0.0010943933
-0.0010156644
-0.0015148685
-0.0017461577
-0.0014239100
-0.0017299437
-0.0027207375
-0.0027543131
-0.0026812350
-0.0034606082
-0.0035978941
-0.0029172891
-0.0021274208
-0.0026771651
-0.0040826017
-0.0042792281
-0.0042563795
-0.0045923126
-0.0054097617
-0.0055291053
-0.0048512131
-0.0037767081
-0.0026187385
-0.0012835066
-0.0005981987
-0.0000804527
0.0006086701
0.0006602610
0.0004717028
0.0003657794
-0.0002016590
-0.0005455096
-0.0010108350
-0.0010394771
-0.0007210887
-0.0007880740
-0.0011160364
-0.0011716923
-0.0010159602
-0.0009766066
-0.0010490850
-0.0010759547
-0.0010465728
-0.0008593673
-0.0001115184
0.0001244650
-0.0001831611
0.0002924179
0.0002565224
0.0004128257
0.0009093976
0.0007844310
0.0005316808
0.0006296211
0.0007900621
0.0009555524
0.0017013927
0.0019664676
0.0016923328
0.0023832794
0.0028210422
0.0027439655
0.0034475694
0.0037284218
0.0033259725
0.0029442348
0.0020767303
0.0010704263
0.0006752026
0.0005149629
-0.0009057553
-0.0013201391
-0.0008607659
-0.0019589212
-0.0033866768
-0.0029398630
-0.0021923970
-0.0020746559
-0.0017590027
-0.0018603755
-0.0017155458
-0.0008254762
