0.0044012345
0.0065138471
0.0074715876
0.0066107157
0.0043762919
0.0018893579
0.0005641546
0.0007431736
0.0020314127
0.0040381984
0.0060953067
0.0072274369
0.0064543098
0.0041681913
0.0020454719
0.0016205737
0.0034134269
0.0063697350
0.0084668352
0.0086177769
0.0069436577
0.0046343240
0.0025217485
0.0010164112
0.0003139280
-0.0002003299
-0.0011152222
-0.0022581587
-0.0029238249
-0.0023731902
-0.0010598429
0.0004382094
0.0020533337
0.0038265087
0.0052375021
0.0053078906
0.0040698557
0.0024408284
0.0009603331
-0.0000250301
-0.0003778460
0.0002163761
0.0015264082
0.0032413736
0.0046830300
0.0051750254
0.0040621987
0.0019672393
-0.0001204898
-0.0013196381
-0.0010427779
0.0008131024
0.0035129224
0.0065138992
0.0086127446
0.0084418162
0.0047853635
-0.0007472644
-0.0061040280
-0.0095895902
-0.0104756395
-0.0091600208
-0.0067789366
-0.0037912895
-0.0003167866
0.0035327762
0.0074822019
0.0109068506
0.0133132243
0.0146060154
0.0147900849
0.0142613534
0.0131497980
0.0113023071
0.0092092093
0.0069634252
0.0045890265
0.0022259060
0.0004411393
-0.0007896681
-0.0014124845
-0.0015142756
-0.0010927515
-0.0004530405
0.0002073557
0.0008640647
0.0015029924
0.0020955862
0.0026973330
0.0035803180
0.0050876432
0.0072670960
0.0093971048
0.0104970251
0.0099870239
0.0085630350
0.0073532312
0.0075410482
0.0088265014
0.0103461905
0.0119588102
0.0133827063
0.0140379459
0.0128928630
0.0105140923
0.0077379734
0.0050365160
0.0030155591
0.0023643061
0.0027139526
0.0031907382
0.0036540814
0.0051070331
0.0083316257
0.0134093242
0.0185352189
0.0202901361
0.0170966897
0.0108265044
0.0045404226
0.0007858093
0.0012462566
0.0051624566
0.0101634914
0.0130935857
0.0128110892
0.0107189051
0.0079632511
0.0053737108
0.0033689724
0.0019507960
0.0012624486
0.0020837933
0.0039979675
0.0064010091
0.0089348859
0.0107069631
0.0109233681
0.0100754433
0.0090043394
0.0094529960
0.0120384425
0.0155760941
0.0179109157
0.0178964754
0.0153807821
0.0111226632
0.0069077018
0.0044208120
0.0051249639
0.0085152170
0.0125882456
0.0145111075
0.0130242536
0.0092967149
0.0056220509
0.0031808134
0.0013737840
-0.0004891570
-0.0025767381
-0.0046898104
-0.0059929282
-0.0056474061
-0.0040321160
-0.0034968767
-0.0050108111
-0.0081845671
-0.0110726253
-0.0121705326
-0.0108592111
-0.0082191654
-0.0052922625
-0.0026268103
-0.0002850570
0.0022754193
0.0046933245
0.0059816436
0.0061564915
0.0059168784
0.0068262578
0.0101415775
0.0160588635
0.0223537323
0.0251692247
0.0222339768
0.0147115018
0.0078541670
0.0047690124
0.0051664040
0.0088621275
0.0133268937
0.0164235407
0.0177248974
0.0174374329
0.0174297166
0.0189293192
0.0223038942
0.0259249827
0.0284148362
0.0290681557
0.0279455363
0.0252052006
0.0212592512
0.0168341370
0.0130571672
0.0094451798
0.0049626783
-0.0009177116
-0.0075442104
-0.0131625823
-0.0158672419
-0.0148671833
-0.0107397054
-0.0044300537
0.0019622783
0.0074399873
0.0121340285
0.0164578248
0.0209392870
0.0247265570
0.0252490927
0.0209829934
0.0123113740
0.0024211359
-0.0048397557
-0.0079228139
-0.0067312564
-0.0029165462
0.0017454179
0.0062039504
0.0094216027
0.0105430871
0.0094497696
0.0067425831
0.0035580386
0.0008219123
-0.0008661912
-0.0012276105
-0.0011688384
-0.0018251238
-0.0036841605
-0.0064436784
-0.0088284144
-0.0096674594
-0.0080434831
-0.0040763043
0.0008649770
0.0051398596
0.0082046537
0.0100111007
0.0120505273
0.0161133270
0.0216644083
0.0267639850
0.0298349420
0.0288636213
0.0242568859
0.0178627694
0.0120672161
0.0084711252
0.0085240897
0.0118301606
0.0174600463
0.0225579597
0.0254875401
0.0265594577
0.0266877932
0.0275486165
0.0294475444
0.0321057065
0.0339840554
0.0338426715
0.0310955547
0.0274585625
0.0252349878
0.0253130570
0.0260203474
0.0245862010
0.0205329663
0.0154079210
0.0125188350
0.0130983611
0.0159219053
0.0190764206
0.0198937945
0.0178006752
0.0137084309
0.0104749185
0.0093992320
0.0104066071
0.0115529178
0.0110875938
0.0089007445
0.0059747432
0.0035968283
0.0022734092
0.0021965421
0.0034861667
0.0060274943
0.0094838896
0.0129391177
0.0161709313
0.0201008986
0.0247739181
0.0298660069
0.0349654336
0.0396856858
0.0430977072
0.0446321079
0.0442158653
0.0423144534
0.0398324661
0.0388218502
0.0406975365
0.0454661991
0.0513638269
0.0556408117
0.0569796005
0.0561137092
0.0539872979
0.0523455692
0.0517607824
0.0519883014
0.0518481096
0.0504853511
0.0475232711
0.0441080732
0.0413330037
0.0398117799
0.0393356346
0.0394858268
0.0394660401
0.0382625891
0.0349048671
0.0300018802
0.0246411928
0.0197660800
0.0161442492
0.0141311192
0.0131963383
0.0121662641
0.0096854974
0.0051169015
-0.0011852746
-0.0074238838
-0.0123668297
-0.0161324714
-0.0186161932
-0.0189735395
-0.0172717082
-0.0142975077
-0.0118564430
-0.0104964184
-0.0100879777
-0.0101555325
-0.0102942967
-0.0103891831
-0.0105950880
-0.0113563923
-0.0127737999
-0.0146527840
-0.0165155290
-0.0179816611
-0.0188886678
-0.0191872607
-0.0190070171
-0.0181576076
-0.0163898704
-0.0128684080
-0.0069468784
0.0015891918
0.0114583454
0.0208435011
0.0277570983
0.0309738219
0.0298346065
0.0249226256
0.0179826962
0.0105694338
0.0042421110
0.0009972862
0.0024522979
0.0091919351
0.0188437907
0.0290961084
0.0376193486
0.0441497239
0.0483234922
0.0499745218
0.0487740617
0.0445153861
0.0368923000
0.0277523871
0.0173178844
0.0094920270
0.0070852093
0.0092252271
0.0141957188
0.0211637437
0.0292775368
0.0380168252
0.0475405524
0.0569241163
0.0641745806
0.0667405759
0.0644222076
0.0595006902
0.0548563800
0.0519053212
0.0507116923
0.0505844061
0.0509007299
0.0516387498
0.0536500596
0.0576404293
0.0641967514
0.0716654910
0.0783073987
0.0839912339
0.0888938068
0.0926981868
0.0951464752
0.0955620540
0.0938205064
0.0905895993
0.0868768722
0.0835109842
0.0813718458
0.0810913194
0.0821672415
0.0839501900
0.0854900156
0.0851982110
0.0827070941
0.0791140012
0.0753437412
0.0716731287
0.0680332813
0.0642486524
0.0599903836
0.0548226384
0.0481806950
0.0405664815
0.0314764709
0.0191967186
0.0026884097
-0.0150690409
-0.0325122056
-0.0498600200
-0.0667853673
-0.0828669870
-0.0980328987
-0.1134801220
-0.1295013179
-0.1441774863
-0.1558605883
-0.1654310341
-0.1736211904
-0.1814234636
-0.1898392544
-0.1981018621
-0.2046989427
-0.2089490955
-0.2121393869
-0.2155674475
-0.2195325770
-0.2236399683
-0.2264210338
-0.2257183617
-0.2202450283
-0.2121049813
-0.2030246357
-0.1939369379
-0.1843496462
-0.1726505549
-0.1584930391
-0.1434375534
-0.1276404217
-0.1116751883
-0.0959807021
-0.0801041236
-0.0646009093
-0.0514561793
-0.0425114285
-0.0361286044
-0.0309241266
-0.0261627734
-0.0216873073
-0.0181940546
-0.0162509349
-0.0164932511
-0.0190235061
-0.0235936160
-0.0282772427
-0.0320795241
-0.0351137843
-0.0379343091
-0.0411121802
-0.0449861778
-0.0492060295
-0.0530764938
-0.0561920781
-0.0588924691
-0.0618019272
-0.0650967771
-0.0682120544
-0.0698144096
-0.0693619984
-0.0668578259
-0.0629788602
-0.0584906883
-0.0539708019
-0.0497902953
-0.0460913304
-0.0425287527
-0.0389299492
-0.0356762075
-0.0327824960
-0.0297998941
-0.0266210522
-0.0234586207
-0.0200836958
-0.0159644125
-0.0111613729
-0.0062633492
-0.0021569865
0.0004935098
0.0023852328
0.0039240241
0.0049259515
0.0053174492
0.0051262231
0.0045366223
0.0036915277
0.0028256071
0.0022902615
0.0026006071
0.0037855655
0.0055095191
0.0070921532
0.0080124967
0.0079670057
0.0070516247
0.0055713120
0.0040529264
0.0031457698
0.0032040350
0.0035796998
0.0033923582
0.0022972175
0.0005986893
-0.0007204267
-0.0014013676
-0.0017542013
-0.0027409224
-0.0046302460
-0.0071203015
-0.0093121046
-0.0111379244
-0.0132380175
-0.0158179678
-0.0187884064
-0.0220739197
-0.0256860928
-0.0298259837
-0.0343143270
-0.0389639693
-0.0435803625
-0.0482673369
-0.0534386512
-0.0595314553
-0.0655629220
-0.0710432935
-0.0762490633
-0.0816109713
-0.0876295823
-0.0944093262
-0.1003831100
-0.1056258836
-0.1108499554
-0.1161777434
-0.1214589912
-0.1260939577
-0.1298848467
-0.1331201079
-0.1361335178
-0.1390761894
-0.1421856777
-0.1452531228
-0.1481448285
-0.1509702929
-0.1537776979
-0.1565111525
-0.1592284750
-0.1618420813
-0.1639914985
-0.1655242574
-0.1664988188
-0.1670887808
-0.1673472505
-0.1671120509
-0.1663273623
-0.1650260197
-0.1637615097
-0.1629726810
-0.1629848871
-0.1640183377
-0.1663061622
-0.1692324162
-0.1719460982
-0.1733971976
-0.1730961136
-0.1709823867
-0.1680016692
-0.1652326670
-0.1635074656
-0.1629127212
-0.1625659535
-0.1613536941
-0.1582605520
-0.1536087397
-0.1480912216
-0.1422664094
-0.1364692929
-0.1313248820
-0.1277573433
-0.1253426038
-0.1235474493
-0.1226055803
-0.1224800929
-0.1229268650
-0.1234946989
-0.1237653033
-0.1233947659
-0.1223665975
-0.1206393974
-0.1178586888
-0.1139257521
-0.1089479438
-0.1041084715
-0.1001059386
-0.0962874966
-0.0919759563
-0.0864972694
-0.0796709138
-0.0706119110
-0.0578358841
-0.0432785718
-0.0290533727
-0.0136380495
0.0031877195
0.0201613438
0.0356448000
0.0505999243
0.0655812097
0.0788049225
0.0904419839
0.1010825700
0.1113489782
0.1212440638
0.1298189623
0.1370637518
0.1432235539
0.1481329793
0.1514424766
0.1534802543
0.1548359890
0.1559218330
0.1566648352
0.1570204541
0.1569352255
0.1566008067
0.1562757387
0.1563946591
0.1571009003
0.1586153143
0.1607238304
0.1630301425
0.1650536441
0.1666077459
0.1674276966
0.1675650331
0.1672728003
0.1669752140
0.1665373644
0.1652457297
0.1626991500
0.1588767820
0.1542580904
0.1496476075
0.1457368702
0.1433576069
0.1422871098
0.1420631884
0.1417628182
0.1402017211
0.1363390944
0.1312305880
0.1264462931
0.1226227830
0.1191536070
0.1153110383
0.1111613896
0.1066540520
0.1014627439
0.0959578603
0.0905416315
0.0854665313
0.0810240787
0.0776246418
0.0754290412
0.0742814528
0.0738724411
0.0739527444
0.0744149348
0.0751065429
0.0759476223
0.0772292638
0.0785411706
0.0781848379
0.0737435988
0.0671589956
0.0611750257
0.0579074076
0.0574740050
0.0583064831
0.0583627168
0.0562426728
0.0515890974
0.0459185961
0.0408161713
0.0370620220
0.0348988711
0.0337429454
0.0329006597
0.0317205503
0.0298393676
0.0271952104
0.0240434860
0.0206587035
0.0175102270
0.0145536576
0.0112413908
0.0072382653
0.0022853947
-0.0036859529
-0.0091116175
-0.0128766025
-0.0154967330
-0.0176586204
-0.0198438351
-0.0223828413
-0.0251356972
-0.0273663386
-0.0284031298
-0.0278307275
-0.0261524446
-0.0239463654
-0.0221162414
-0.0215526189
-0.0225377376
-0.0247438954
-0.0271158921
-0.0286287643
-0.0287497119
-0.0279479061
-0.0270645907
-0.0269542290
-0.0275661476
-0.0285153046
-0.0291616502
-0.0293273892
-0.0288931301
-0.0278966833
-0.0265184352
-0.0252421473
-0.0245326298
-0.0245365628
-0.0244814212
-0.0234626323
-0.0214033332
-0.0188206562
-0.0166610815
-0.0154736556
-0.0157799432
-0.0170057649
-0.0180721862
-0.0178225106
-0.0162188706
-0.0137667562
-0.0109595510
-0.0084422945
-0.0068800389
-0.0066304147
-0.0070396505
-0.0063421813
-0.0026983788
0.0029829945
0.0089188395
0.0128948403
0.0138686736
0.0118009588
0.0087178028
0.0073550443
0.0093424629
0.0149235669
0.0217195999
0.0276891509
0.0317891472
0.0327786057
0.0314180029
0.0295366561
0.0307126969
0.0373423913
0.0480359062
0.0579214053
0.0641605043
0.0671419784
0.0682652474
0.0681073032
0.0675651021
0.0677731842
0.0695601870
0.0724417567
0.0751793513
0.0770393910
0.0779827590
0.0790864482
0.0808267823
0.0831311672
0.0854050011
0.0872035105
0.0886551095
0.0898096218
0.0905142213
0.0910255216
0.0913722179
0.0914508081
0.0913850664
0.0913119012
0.0911522938
0.0908432865
0.0903431930
0.0896545828
0.0887712460
0.0876884714
0.0863547220
0.0847570066
0.0829046761
0.0807560440
0.0779138052
0.0734284528
0.0670913909
0.0598663810
0.0530869011
0.0481067731
0.0443287468
0.0405475370
0.0354554268
0.0293332567
0.0238036467
0.0212264589
0.0209001703
0.0216778850
0.0224430796
0.0224571202
0.0216706399
0.0204183217
0.0191354097
0.0178051508
0.0163935393
0.0149096120
0.0136754245
0.0126972369
0.0115293764
0.0099242231
0.0079513091
0.0059199599
0.0041065561
0.0026893984
0.0018581102
0.0018703485
0.0026823759
0.0038692023
0.0048013471
0.0050664902
0.0047478851
0.0047593203
0.0060905413
0.0089626958
0.0122680530
0.0143250679
0.0146524271
0.0125578374
0.0082288732
0.0032355982
-0.0001764983
-0.0006377405
0.0015237007
0.0051669108
0.0085212130
0.0093822719
0.0069963353
0.0014549353
-0.0049854031
-0.0086042360
-0.0099496490
-0.0101090993
-0.0100130137
-0.0107154574
-0.0130768540
-0.0165251297
-0.0199751400
-0.0224793838
-0.0239256864
-0.0247822911
-0.0255168847
-0.0264795398
-0.0274926968
-0.0281713065
-0.0281668666
-0.0281636687
-0.0289417546
-0.0312776612
-0.0347656603
-0.0388988344
-0.0431122689
-0.0466609273
-0.0487329536
-0.0489936218
-0.0476235111
-0.0451256273
-0.0429004180
-0.0424853246
-0.0445577077
-0.0488842165
-0.0535192972
-0.0563298430
-0.0563230689
-0.0539272525
-0.0505827001
-0.0475498818
-0.0454693185
-0.0442532474
-0.0423276374
-0.0381361596
-0.0313368073
-0.0233467099
-0.0165924561
-0.0128827198
-0.0120715989
-0.0125059008
-0.0125146307
-0.0103870845
-0.0069094092
-0.0032499693
-0.0008609839
-0.0011367935
-0.0046125536
-0.0098157886
-0.0145216647
-0.0166783414
-0.0161228492
-0.0133525908
-0.0104977247
-0.0093398860
-0.0101311845
-0.0123716408
-0.0147008518
-0.0159000985
-0.0153209293
-0.0134562071
-0.0111448697
-0.0091068921
-0.0074868274
-0.0065203120
-0.0062272919
-0.0064714233
-0.0067451435
-0.0061716649
-0.0029321436
0.0038079804
0.0115874090
0.0175152308
0.0209751130
0.0217966126
0.0215115750
0.0216511529
0.0231340024
0.0255705987
0.0277838089
0.0287380697
0.0272115851
0.0235224208
0.0195518022
0.0177661769
0.0190184737
0.0225505433
0.0270869401
0.0314254265
0.0349162166
0.0382812409
0.0424265854
0.0473709874
0.0525136851
0.0564922270
0.0587037812
0.0591112440
0.0583768502
0.0573843794
0.0568704951
0.0568495876
0.0561238524
0.0537644115
0.0493463212
0.0438497534
0.0379709417
0.0315815077
0.0247139583
0.0180683959
0.0122621570
0.0071499388
0.0022874883
-0.0026563598
-0.0076169831
-0.0121121217
-0.0155988645
-0.0182345489
-0.0203798831
-0.0223047651
-0.0243405013
-0.0266992997
-0.0295509965
-0.0328269162
-0.0361304675
-0.0384438820
-0.0391008990
-0.0377343002
-0.0350285057
-0.0312759267
-0.0271482704
-0.0237535445
-0.0214928019
-0.0204278367
-0.0198620372
-0.0192584415
-0.0182800256
-0.0171776926
-0.0163218802
-0.0161379819
-0.0169747714
-0.0193397656
-0.0230274809
-0.0275574320
-0.0319167902
-0.0349465534
-0.0357073866
-0.0338516726
-0.0306782556
-0.0277881489
-0.0261265120
-0.0260590858
-0.0264745788
-0.0264128845
-0.0257563885
-0.0252194625
-0.0254095209
-0.0260075560
-0.0264355978
-0.0260536323
-0.0255072626
-0.0258418813
-0.0280576541
-0.0317066738
-0.0357957631
-0.0391172095
-0.0409766210
-0.0410378657
-0.0400518976
-0.0388752787
-0.0384826203
-0.0396883055
-0.0428419928
-0.0465837148
-0.0496672420
-0.0515998901
-0.0525779492
-0.0530916765
-0.0535866735
-0.0543927692
-0.0554987069
-0.0565532576
-0.0569993373
-0.0565443707
-0.0554619172
-0.0545552960
-0.0547674967
-0.0564548878
-0.0591623597
-0.0616544331
-0.0625881505
-0.0614104109
-0.0591722174
-0.0574107117
-0.0563808088
-0.0560296940
-0.0557090874
-0.0552006137
-0.0546624814
-0.0544380817
-0.0546969511
-0.0554332008
-0.0563069583
-0.0568866771
-0.0569131665
-0.0564117310
-0.0554367555
-0.0540944476
-0.0521194278
-0.0496090024
-0.0464828966
-0.0427093245
-0.0384908148
-0.0345972803
-0.0317657985
-0.0307182289
-0.0301157753
-0.0280807814
-0.0232391891
-0.0165573010
-0.0099715200
-0.0050060350
-0.0026521712
-0.0018168786
-0.0015676177
-0.0016573262
-0.0021023559
-0.0033554450
-0.0054536130
-0.0078694639
-0.0091997942
-0.0090360324
-0.0076832601
-0.0064587304
-0.0068413634
-0.0099483356
-0.0144841399
-0.0178797152
-0.0192611183
-0.0185247331
-0.0163348572
-0.0135907526
-0.0110442657
-0.0089154347
-0.0069918761
-0.0047437286
-0.0012863775
0.0040082142
0.0105811117
0.0167692591
0.0218158212
0.0248441282
0.0264006498
0.0271920339
0.0283191717
0.0305883016
0.0342074486
0.0384659529
0.0424977805
0.0461247437
0.0491396811
0.0512062824
0.0521970758
0.0523594956
0.0526167375
0.0538676852
0.0563315133
0.0599986638
0.0648798867
0.0704143363
0.0757798062
0.0801994169
0.0830813434
0.0841823202
0.0833892800
0.0813447925
0.0790663188
0.0775751035
0.0777470597
0.0795050963
0.0826572704
0.0860313672
0.0881499479
0.0884775856
0.0867963547
0.0831633599
0.0784421655
0.0730969606
0.0678192247
0.0638555871
0.0613742994
0.0598379714
0.0583717179
0.0566303773
0.0548130019
0.0536513516
0.0533861364
0.0541216794
0.0550379156
0.0551799490
0.0535049211
0.0493198033
0.0425951939
0.0355797078
0.0305981522
0.0284138654
0.0282638231
0.0283086787
0.0260021096
0.0200591337
0.0114841853
0.0035503116
-0.0013829300
-0.0039266659
-0.0051706883
-0.0074840650
-0.0123821194
-0.0197405543
-0.0279973159
-0.0358785220
-0.0427468494
-0.0488695692
-0.0549632013
-0.0618131554
-0.0697479398
-0.0785804300
-0.0875220828
-0.0950897989
-0.1003459207
-0.1026482355
-0.1015197058
-0.0974849087
-0.0903805965
-0.0818196172
-0.0732312278
-0.0653810438
-0.0587057228
-0.0523402585
-0.0455314911
-0.0383404441
-0.0316877294
-0.0275343189
-0.0268433390
-0.0295924259
-0.0335774349
-0.0344363238
-0.0296477460
-0.0210290268
-0.0116376682
-0.0037648650
0.0020443419
0.0067581149
0.0108911897
0.0147150495
0.0185882191
0.0230484098
0.0282963513
0.0333130549
0.0375862351
0.0408134232
0.0422205306
0.0408008602
0.0376670595
0.0345032076
0.0326991661
0.0322423793
0.0321799711
0.0315595510
0.0298827743
0.0281000043
0.0274597260
0.0293712027
0.0337000813
0.0394927365
0.0447610501
0.0490250936
0.0524526689
0.0550891669
0.0562499179
0.0553260083
0.0522566930
0.0482022876
0.0450090768
0.0433888122
0.0423180724
0.0403260925
0.0362360253
0.0301826733
0.0238070087
0.0189545237
0.0157790367
0.0135389159
0.0118506112
0.0108086450
0.0105521168
0.0105862083
0.0106145250
0.0105787847
0.0106839356
0.0112850472
0.0126890567
0.0143879400
0.0156881333
0.0162985530
0.0162060721
0.0155667717
0.0144103179
0.0125212405
0.0100866358
0.0076096094
0.0057076743
0.0043416515
0.0034876672
0.0033569026
0.0038487917
0.0046795352
0.0052360902
0.0049975500
0.0040102699
0.0030373260
0.0029736929
0.0038163441
0.0049368014
0.0052530067
0.0042292925
0.0016864795
-0.0016774420
-0.0050486515
-0.0080275437
-0.0108810036
-0.0140829943
-0.0178775309
-0.0217588808
-0.0250994857
-0.0275026259
-0.0288681896
-0.0292216957
-0.0289880236
-0.0287406822
-0.0286833849
-0.0282916187
-0.0264892547
-0.0227820025
-0.0176510255
-0.0122472384
-0.0073384339
-0.0036231464
-0.0008792017
0.0012827121
0.0036697195
0.0068838371
0.0108706106
0.0152569293
0.0195834024
0.0234337659
0.0261992633
0.0276070274
0.0276468078
0.0268739542
0.0258530952
0.0247869094
0.0236751970
0.0224634017
0.0211459985
0.0198255759
0.0187896913
0.0183508281
0.0183783026
0.0182132417
0.0171598331
0.0150527018
0.0125676809
0.0103854356
0.0087968427
0.0075201194
0.0062014328
0.0048394580
0.0038576243
0.0036402914
0.0039971352
0.0043651151
0.0038783347
0.0024534450
0.0006252071
-0.0005437766
-0.0007479197
-0.0001488473
0.0008270146
0.0016920272
0.0020427444
0.0019164854
0.0016339868
0.0015212530
0.0018459555
0.0025990068
0.0035969697
0.0047134339
0.0060686953
0.0076528091
0.0091881591
0.0102588133
0.0102563435
0.0089608114
0.0062867613
0.0024293162
-0.0013873249
-0.0045122993
-0.0070794225
-0.0088998308
-0.0090393516
-0.0077803379
-0.0055562057
-0.0028201158
0.0001582249
0.0031471224
0.0057660380
0.0079408590
0.0106419709
0.0146970187
0.0198673622
0.0242930474
0.0272320214
0.0285209937
0.0286591440
0.0280962853
0.0269581549
0.0254522780
0.0234692635
0.0207949265
0.0170672666
0.0120055717
0.0065389110
0.0020430856
-0.0004525636
-0.0017470496
-0.0026664409
-0.0033815690
-0.0041079238
-0.0048355692
-0.0056661920
-0.0068132543
-0.0089111161
-0.0119734789
-0.0155902846
-0.0190216145
-0.0217889749
-0.0233820149
-0.0239563230
-0.0236475655
-0.0226733253
-0.0213321738
-0.0199431329
-0.0186658314
-0.0177933659
-0.0177687324
-0.0188476382
-0.0210082408
-0.0234833470
-0.0254288508
-0.0266238431
-0.0272579969
-0.0279240792
-0.0290327937
-0.0306183529
-0.0319271119
-0.0321580358
-0.0306767923
-0.0280398446
-0.0248629728
-0.0218784150
-0.0197049781
-0.0189045072
-0.0192185540
-0.0201661263
-0.0213188470
-0.0224496823
-0.0237438011
-0.0256525581
-0.0285118070
-0.0317518721
-0.0348547150
-0.0376647896
-0.0401041126
-0.0421148942
-0.0434158013
-0.0441346983
-0.0443480268
-0.0444895106
-0.0450449884
-0.0464173905
-0.0482161712
-0.0496925179
-0.0499538214
-0.0488703901
-0.0467694261
-0.0443531519
-0.0419379770
-0.0393884492
-0.0365548617
-0.0332789848
-0.0297684508
-0.0264601528
-0.0239848110
-0.0227163179
-0.0225928435
-0.0234091895
-0.0249014398
-0.0263599342
-0.0274184465
-0.0282694122
-0.0291192500
-0.0300074764
-0.0306050190
-0.0304766907
-0.0293120280
-0.0273141950
-0.0250635098
-0.0230943790
-0.0216810543
-0.0205363283
-0.0191846053
-0.0172721222
-0.0150911261
-0.0132155825
-0.0119019483
-0.0112610490
-0.0110884718
-0.0111062385
-0.0111913957
-0.0115581643
-0.0124910393
-0.0142362845
-0.0165813635
-0.0192624460
-0.0218348299
-0.0238572108
-0.0248398168
-0.0246827364
-0.0233283008
-0.0212344392
-0.0190549778
-0.0175539191
-0.0167446113
-0.0163628670
-0.0162228323
-0.0162752971
-0.0167218265
-0.0176928903
-0.0194295983
-0.0219076525
-0.0251984195
-0.0291314847
-0.0328000485
-0.0351345204
-0.0361557505
-0.0361464353
-0.0353870512
-0.0341890252
-0.0325483029
-0.0307715788
-0.0290434223
-0.0273535829
-0.0255734325
-0.0235784547
-0.0213687421
-0.0190643287
-0.0168048209
-0.0149129740
-0.0135602088
-0.0123081262
-0.0102752666
-0.0073303322
-0.0035085375
0.0006313259
0.0040886274
0.0055705169
0.0055501612
0.0044336277
0.0027045090
0.0011969467
0.0009662263
0.0023676796
0.0051216604
0.0080609428
0.0102507544
0.0116538502
0.0128484856
0.0145087305
0.0163617249
0.0178465088
0.0185676472
0.0182294166
0.0168435521
0.0151998890
0.0140488957
0.0134285970
0.0131050994
0.0127655269
0.0123966597
0.0123421248
0.0129324222
0.0142393967
0.0159968408
0.0180888893
0.0207902154
0.0240253268
0.0275076368
0.0304600018
0.0323599077
0.0329347511
0.0324546728
0.0313429889
0.0300704771
0.0289233313
0.0278240962
0.0265892734
0.0249029888
0.0226256644
0.0197274702
0.0165987304
0.0139224376
0.0123386486
0.0118169909
0.0120004894
0.0125699936
0.0131506046
0.0135961062
0.0140164246
0.0144214462
0.0143526208
0.0133297132
0.0105706401
0.0065479885
0.0023054099
-0.0007612629
-0.0020833643
-0.0014023192
0.0012805550
0.0057701567
0.0114214987
0.0173348873
0.0229536518
0.0279372633
0.0323382722
0.0366369639
0.0408234022
0.0438833381
0.0455325475
0.0456161273
0.0452016835
0.0454318436
0.0470459123
0.0499800610
0.0534921011
0.0567865870
0.0592038605
0.0605627430
0.0607011646
0.0598336386
0.0586641863
0.0580260923
0.0584063019
0.0597359683
0.0610283026
0.0615258050
0.0606321180
0.0588724325
0.0572028153
0.0565422721
0.0567789921
0.0573155326
0.0576599733
0.0575076254
0.0568877835
0.0557055041
0.0537744049
0.0511745893
0.0482250438
0.0453057637
0.0424297119
0.0391337627
0.0352021394
0.0305059354
0.0253363485
0.0203505385
0.0163149991
0.0135081009
0.0118721182
0.0112612275
0.0111992833
0.0111678686
0.0109621064
0.0106397581
0.0107348444
0.0116468906
0.0138374374
0.0172197430
0.0212853980
0.0248669201
0.0273624269
0.0284720764
0.0288416217
0.0292547878
0.0302333680
0.0319651150
0.0339712354
0.0354471038
0.0354300652
0.0338526719
0.0302352524
0.0258886214
0.0223450310
0.0205157350
0.0202086478
0.0207729413
0.0214849643
0.0217800523
0.0215076705
0.0207458380
0.0196748126
0.0184788781
0.0173167637
0.0160008595
0.0143175015
0.0116906898
0.0080272868
0.0034976855
-0.0012526437
-0.0056801941
-0.0093477665
-0.0120642324
-0.0140544491
-0.0156969346
-0.0172475672
-0.0189027298
-0.0208805763
-0.0233164017
-0.0261478263
-0.0288784042
-0.0309460334
-0.0323774102
-0.0332983647
-0.0337633247
-0.0340449788
-0.0346912102
-0.0362230554
-0.0384247876
-0.0404837298
-0.0420375460
-0.0428440771
-0.0429371362
-0.0423834072
-0.0411746740
-0.0396233775
-0.0379673726
-0.0359685688
-0.0332732458
-0.0294825781
-0.0245022073
-0.0185563976
-0.0134764435
-0.0106306927
-0.0098627001
-0.0104968467
-0.0116657708
-0.0126679280
-0.0130331405
-0.0128713417
-0.0123379990
-0.0116669485
-0.0110878436
-0.0106952138
-0.0103117064
-0.0097447291
-0.0088754186
-0.0077225409
-0.0063438616
-0.0050046288
-0.0039256245
-0.0031070985
-0.0023885942
-0.0015554323
-0.0007058920
-0.0000422274
0.0002890182
0.0001434195
-0.0006056464
-0.0016467347
-0.0025387236
-0.0031798569
-0.0038273739
-0.0050703498
-0.0070860994
-0.0097384547
-0.0123469430
-0.0143403005
-0.0154352884
-0.0160434381
-0.0167037601
-0.0175154806
-0.0184867228
-0.0195300953
-0.0203927531
-0.0208578415
-0.0211481756
-0.0214568046
-0.0217348826
-0.0217005841
-0.0209896033
-0.0196203277
-0.0177855068
-0.0158864148
-0.0142005798
-0.0130132038
-0.0125618062
-0.0129197521
-0.0139589774
-0.0155297394
-0.0176249858
-0.0200389615
-0.0228769175
-0.0262580382
-0.0293544567
-0.0312695096
-0.0322922744
-0.0327720030
-0.0327353062
-0.0320756981
-0.0301984271
-0.0270679028
-0.0228748760
-0.0182292025
-0.0139631603
-0.0109016541
-0.0088982033
-0.0077650482
-0.0072915511
-0.0072411634
-0.0075748185
-0.0082562548
-0.0095735723
-0.0115650811
-0.0140704955
-0.0163943531
-0.0181549522
-0.0191923287
-0.0198149687
-0.0204396645
-0.0214590316
-0.0227865709
-0.0240924389
-0.0249291284
-0.0250074759
-0.0239813134
-0.0218730043
-0.0188166732
-0.0153647214
-0.0121438291
-0.0096266225
-0.0076301314
-0.0057832551
-0.0040426225
-0.0023766943
-0.0007872091
0.0006835908
0.0018032020
0.0025328739
0.0028078219
0.0028932175
0.0031460717
0.0038398355
0.0046669836
0.0050701842
0.0047163583
0.0035892934
0.0018012655
-0.0002218377
-0.0019671072
-0.0030396973
-0.0033202629
-0.0027292809
-0.0014201986
0.0004026261
0.0023954638
0.0044554367
0.0066989017
0.0089201458
0.0106178371
0.0114756910
0.0113988710
0.0106330697
0.0095781336
0.0087739580
0.0087349556
0.0096100122
0.0109651972
0.0122264523
0.0128795434
0.0130105699
0.0128571227
0.0128189054
0.0133218042
0.0146041809
0.0162681376
0.0178983241
0.0193455046
0.0203921464
0.0207647182
0.0203440286
0.0190067673
0.0166569486
0.0134881714
0.0097302959
0.0059695260
0.0025464013
-0.0004226286
-0.0030734896
-0.0054671939
-0.0074545704
-0.0088318050
-0.0098797172
-0.0107423180
-0.0113413738
-0.0116296592
-0.0115815986
-0.0112813640
-0.0108268256
-0.0102908490
-0.0097681349
-0.0092789626
-0.0087871849
-0.0080698654
-0.0068461180
-0.0051614616
-0.0032518102
-0.0013764686
0.0001840228
0.0013585085
0.0023284130
0.0032208074
0.0036545118
0.0034289708
0.0021938817
-0.0002955574
-0.0044007391
-0.0093949420
-0.0143488876
-0.0187894486
-0.0226998932
-0.0260865745
-0.0288009418
-0.0307241463
-0.0316241648
-0.0315366021
-0.0305519474
-0.0284990441
-0.0255768088
-0.0217842138
-0.0170750899
-0.0116901758
-0.0064306007
-0.0016143614
0.0025607146
0.0058505129
0.0079107862
0.0089348930
0.0091600351
0.0088194775
0.0084281896
0.0084142276
0.0090222845
0.0101408209
0.0115386274
0.0128699427
0.0138677314
0.0144883870
0.0148656843
0.0152370141
0.0156888471
0.0160670438
0.0161941229
0.0159089996
0.0152617547
0.0143957776
0.0133989097
0.0121499179
0.0105152772
0.0083558452
0.0057874979
0.0030426324
0.0007899708
-0.0004114586
0.0000990058
0.0022008885
0.0054880764
0.0090411005
0.0121405170
0.0143904241
0.0158982925
0.0168973233
0.0177845575
0.0188888320
0.0202890440
0.0220303061
0.0241604434
0.0264851004
0.0287670431
0.0308003381
0.0322194946
0.0325059741
0.0316353288
0.0297051575
0.0273515628
0.0251095362
0.0229388974
0.0207812857
0.0186174138
0.0168549445
0.0156554909
0.0152963815
0.0153898902
0.0155701766
0.0154459670
0.0147396544
0.0131869446
0.0113822250
0.0098857275
0.0088934066
0.0082660911
0.0077111557
0.0067980338
0.0051367353
0.0025738629
-0.0005521242
-0.0036122416
-0.0058573904
-0.0073535096
-0.0087790617
-0.0104447602
-0.0123967454
-0.0145104865
-0.0166384181
-0.0185889472
-0.0201287014
-0.0212552896
-0.0222708949
-0.0233466528
-0.0244571518
-0.0256296734
-0.0268317110
-0.0280635501
-0.0294529979
-0.0311414453
-0.0327183604
-0.0338371395
-0.0344195208
-0.0345132080
-0.0339914647
-0.0329442162
-0.0312815729
-0.0286798515
-0.0252084342
-0.0210174275
-0.0168623538
-0.0132458266
-0.0100315441
-0.0071166846
-0.0044004307
-0.0017066903
0.0013813254
0.0049749808
0.0091502773
0.0137427151
0.0184748165
0.0228223969
0.0265483865
0.0292980731
0.0310165433
0.0315045164
0.0309521079
0.0297334314
0.0277970929
0.0248987416
0.0206335917
0.0155201887
0.0101495579
0.0049539792
0.0006223892
-0.0027506530
-0.0052651950
-0.0069362955
-0.0076780993
-0.0078984088
-0.0080729847
-0.0085465032
-0.0094087328
-0.0107430746
-0.0126868011
-0.0150015004
-0.0173140869
-0.0195790767
-0.0219197159
-0.0241771608
-0.0257679379
-0.0256413727
-0.0237530591
-0.0203748722
-0.0159810371
-0.0110667221
-0.0059153066
-0.0008983596
0.0036364182
0.0072804299
0.0097495616
0.0108858075
0.0107703420
0.0088587512
0.0053492579
0.0005614939
-0.0048402989
-0.0097170976
-0.0131541451
-0.0151865336
-0.0162357950
-0.0164433845
-0.0159801091
-0.0147143214
-0.0128061425
-0.0104126674
-0.0075685227
-0.0046391972
-0.0018967672
0.0008122973
0.0035584105
0.0061616180
0.0086140865
0.0110025365
0.0134241785
0.0158899053
0.0182588683
0.0203280036
0.0219317650
0.0233097490
0.0246649269
0.0259415288
0.0270636556
0.0277932455
0.0279336942
0.0271160848
0.0253685484
0.0230205641
0.0204953915
0.0181806921
0.0162782023
0.0147840033
0.0135029757
0.0120591287
0.0101380942
0.0073509470
0.0034440343
-0.0010123475
-0.0051919298
-0.0085966411
-0.0112127742
-0.0132354192
-0.0147248715
-0.0156017769
-0.0159473811
-0.0157670305
-0.0147057771
-0.0130416919
-0.0110664722
-0.0093847346
-0.0082877980
-0.0079716026
-0.0084593473
-0.0096258802
-0.0106258603
-0.0106725575
-0.0090585602
-0.0060803625
-0.0022472667
0.0012965022
0.0039012894
0.0053859319
0.0054910101
0.0039005270
0.0008606749
-0.0030959139
-0.0077023259
-0.0125792802
-0.0175727279
-0.0224022426
-0.0266785708
-0.0298874854
-0.0318294916
-0.0322164680
-0.0309089511
-0.0284488491
-0.0252719773
-0.0220573023
-0.0193119129
-0.0172123908
-0.0157829983
-0.0149098190
-0.0142543438
-0.0135485381
-0.0126764865
-0.0114984757
-0.0098834290
-0.0079122281
-0.0057595731
-0.0037321869
-0.0020702410
-0.0005821208
0.0007284142
0.0016610237
0.0022661041
0.0026676030
0.0029719355
0.0033136380
0.0038231274
0.0045862762
0.0056253173
0.0067266930
0.0076404745
0.0082696244
0.0086040076
0.0085329480
0.0079150762
0.0067958217
0.0054761372
0.0043878341
0.0038412753
0.0040143815
0.0050185616
0.0069589425
0.0096168148
0.0128096473
0.0157265362
0.0178284995
0.0190547708
0.0194464513
0.0189011523
0.0176724611
0.0160856955
0.0146097200
0.0134459139
0.0127227627
0.0124710813
0.0125955693
0.0128765240
0.0131978087
0.0135969342
0.0140226918
0.0145361407
0.0152599059
0.0160536884
0.0167528272
0.0175434333
0.0185192439
0.0194824343
0.0202370574
0.0206043185
0.0206446129
0.0203559492
0.0195644223
0.0183116972
0.0163735741
0.0135784252
0.0100796405
0.0065853584
0.0035921286
0.0013390430
-0.0001844558
-0.0011479003
-0.0016325092
-0.0018438412
-0.0016951408
-0.0009499222
0.0004384896
0.0023506239
0.0043326254
0.0058594283
0.0065123309
0.0061648373
0.0047758292
0.0025576281
-0.0001811147
-0.0029972350
-0.0056575707
-0.0081397257
-0.0101739987
-0.0115217244
-0.0120764242
-0.0121279683
-0.0118676641
-0.0115882798
-0.0115653024
-0.0120584934
-0.0129542076
-0.0140179736
-0.0148811025
-0.0153962717
-0.0157386066
-0.0160315532
-0.0162442893
-0.0163539016
-0.0163274407
-0.0161765418
-0.0159133467
-0.0155413816
-0.0150460135
-0.0144283415
-0.0136031443
-0.0124170461
-0.0105256274
-0.0080790378
-0.0052480472
-0.0021894554
0.0008559473
0.0036720708
0.0062623548
0.0085652764
0.0104382359
0.0119998255
0.0136176132
0.0155500758
0.0179601470
0.0206709881
0.0234737320
0.0260851469
0.0280549202
0.0290178037
0.0292912491
0.0291058304
0.0284665444
0.0275136685
0.0262502077
0.0246340547
0.0226846963
0.0206433209
0.0187239139
0.0170401205
0.0155748306
0.0142598972
0.0129947876
0.0114818083
0.0093211129
0.0063213217
0.0026474322
-0.0013650241
-0.0051712558
-0.0083124886
-0.0104046299
-0.0114750771
-0.0114509361
-0.0104246522
-0.0086364002
-0.0066910369
-0.0050500634
-0.0038958502
-0.0031905184
-0.0028848867
-0.0029332250
-0.0031075304
-0.0031450574
-0.0028181992
-0.0019698097
-0.0006421794
0.0007576103
0.0017345659
0.0022112137
0.0023007637
0.0022366638
0.0022146378
0.0023601139
0.0027325737
0.0032939691
0.0039010702
0.0044280301
0.0045484523
0.0038025741
0.0022906098
0.0009040801
-0.0000012618
-0.0004403061
-0.0005507414
-0.0004936459
-0.0003697457
-0.0003606070
-0.0005560728
-0.0008591302
-0.0012743927
-0.0021304599
-0.0034936653
-0.0054911572
-0.0081305747
-0.0111875411
-0.0142531874
-0.0170383145
-0.0191723706
-0.0204339469
-0.0209726575
-0.0210911638
-0.0209666543
-0.0205149498
-0.0195787627
-0.0181300260
-0.0161560984
-0.0139743956
-0.0119429993
-0.0104470372
-0.0095158539
-0.0088781382
-0.0081272198
-0.0070024012
-0.0056022135
-0.0037903116
-0.0011859127
0.0018113294
0.0047202857
0.0075866177
0.0104407985
0.0130919868
0.0154816074
0.0174351630
0.0187470770
0.0192593195
0.0190076952
0.0182533434
0.0172928226
0.0162821425
0.0152212104
0.0140851072
0.0128882161
0.0116884056
0.0105318447
0.0094202964
0.0083258796
0.0072764398
0.0062823164
0.0051921989
0.0039331958
0.0026742892
0.0016496335
0.0010323434
0.0006835303
0.0003800495
-0.0001769942
-0.0012662353
-0.0031613072
-0.0059135849
-0.0094155996
-0.0135984047
-0.0180070727
-0.0224097376
-0.0267388018
-0.0307121044
-0.0340536159
-0.0369141639
-0.0391632572
-0.0402641412
-0.0400879663
-0.0386857485
-0.0365309991
-0.0336593229
-0.0296031402
-0.0246115412
-0.0191745406
-0.0140438562
-0.0096497499
-0.0060478607
-0.0032336759
-0.0013853719
-0.0003655097
0.0000630972
0.0003853589
0.0009644097
0.0019510480
0.0033325389
0.0050860942
0.0070825397
0.0090828653
0.0107564799
0.0120517765
0.0129401456
0.0134092457
0.0135437627
0.0135107205
0.0133793799
0.0130512284
0.0125792659
0.0120262935
0.0114532774
0.0108390175
0.0100821816
0.0091684223
0.0081733818
0.0072869970
0.0066469136
0.0063056594
0.0059785021
0.0054526522
0.0047611669
0.0038931934
0.0026780338
0.0008928148
-0.0014367604
-0.0038084758
-0.0056899047
-0.0066940592
-0.0068387037
-0.0064034310
-0.0056238490
-0.0047952255
-0.0041385990
-0.0037378367
-0.0033940063
-0.0027611453
-0.0017057366
-0.0001691593
0.0018961041
0.0044290123
0.0072814079
0.0103677617
0.0136821985
0.0166695116
0.0188662900
0.0200364632
0.0201433487
0.0192204741
0.0179424874
0.0168433380
0.0162298847
0.0162629482
0.0169598100
0.0179094452
0.0188352322
0.0197370780
0.0204945492
0.0208909765
0.0208581556
0.0204107268
0.0194730049
0.0178789228
0.0152092612
0.0116000791
0.0075081560
0.0037293474
0.0005313667
-0.0020930857
-0.0041315387
-0.0057196534
-0.0070861679
-0.0087201155
-0.0109346248
-0.0135035396
-0.0161488033
-0.0187433723
-0.0210737826
-0.0228729202
-0.0237504395
-0.0237044346
-0.0226336162
-0.0210084763
-0.0191928926
-0.0172351969
-0.0151755767
-0.0129320368
-0.0105273263
-0.0079935237
-0.0055123901
-0.0034022672
-0.0019842743
-0.0008612894
0.0004014166
0.0019168623
0.0036386032
0.0053710955
0.0069601374
0.0081380626
0.0087078237
0.0086953678
0.0082990904
0.0077807020
0.0073509042
0.0069577668
0.0065028851
0.0058020839
0.0048511809
0.0037124009
0.0027933937
0.0024828724
0.0031247217
0.0043527205
0.0056925344
0.0065141583
0.0064234019
0.0052102218
0.0030782743
0.0000732117
-0.0038274181
-0.0080287858
-0.0117322905
-0.0150255843
-0.0179875286
-0.0201458613
-0.0214410151
-0.0218559586
-0.0216215085
-0.0208513459
-0.0194153079
-0.0174029274
-0.0148724155
-0.0118668075
-0.0085383944
-0.0051923438
-0.0019672564
0.0010393787
0.0035221212
0.0052925952
0.0063619738
0.0068884811
0.0069210764
0.0065821998
0.0059362825
0.0052119556
0.0046667259
0.0046191056
0.0050781988
0.0059950546
0.0072486084
0.0086551519
0.0099799572
0.0110315385
0.0115181768
0.0111925592
0.0104378648
0.0100093376
0.0099054143
0.0098519144
0.0096269294
0.0091771379
0.0086206821
0.0081011302
0.0076872074
0.0073230228
0.0069393998
0.0064932573
0.0060332790
0.0055470247
0.0049020746
0.0040216487
0.0028079504
0.0012379828
-0.0005849774
-0.0023820671
-0.0040325029
-0.0054979105
-0.0067138616
-0.0077644129
-0.0088542542
-0.0101584519
-0.0116709673
-0.0130342754
-0.0139890501
-0.0144685432
-0.0146119899
-0.0145075884
-0.0140557483
-0.0132089727
-0.0117690373
-0.0096665672
-0.0069821241
-0.0042094108
-0.0017762479
-0.0000082326
0.0012102664
0.0019193778
0.0021881663
0.0021649732
0.0019596993
0.0018394049
0.0021324472
0.0031197494
0.0047573866
0.0068656314
0.0091436746
0.0112775879
0.0128585075
0.0137709319
0.0140865277
0.0139618398
0.0134959304
0.0127250112
0.0115951895
0.0098611083
0.0075638330
0.0047818066
0.0016296076
-0.0018705291
-0.0056234393
-0.0089204099
-0.0114816727
-0.0139151567
-0.0164963704
-0.0190469903
-0.0210917777
-0.0224391393
-0.0230832364
-0.0232009576
-0.0226933976
-0.0215216897
-0.0199966756
-0.0185350833
-0.0172401864
-0.0160702273
-0.0150101946
-0.0140823305
-0.0133012823
-0.0123825906
-0.0112048867
-0.0101769610
-0.0093412066
-0.0082471181
-0.0067163364
-0.0047193620
-0.0024410454
-0.0000097677
0.0024917957
0.0047928250
0.0065894671
0.0078707345
0.0086992152
0.0091533039
0.0092835095
0.0091000110
0.0089334226
0.0090612798
0.0096685658
0.0105939102
0.0115359363
0.0122179009
0.0125593436
0.0126073900
0.0124759209
0.0121250417
0.0113886207
0.0104833272
0.0099883088
0.0101316413
0.0109353030
0.0121348779
0.0131568362
0.0133822923
0.0130473738
0.0123707842
0.0112141447
0.0097717039
0.0084272474
0.0073957099
0.0067005691
0.0063649861
0.0063682360
0.0067718564
0.0073747810
0.0080257449
0.0085287865
0.0086565224
0.0082105783
0.0073886860
0.0064129561
0.0053825878
0.0042969072
0.0030868250
0.0017168956
0.0002624453
-0.0012130923
-0.0028336731
-0.0048019681
-0.0071777630
-0.0096946270
-0.0120374718
-0.0140195582
-0.0157035801
-0.0171610466
-0.0182405163
-0.0185242120
-0.0174290099
-0.0152896717
-0.0124710313
-0.0092397460
-0.0060657544
-0.0037631669
-0.0023616758
-0.0016538635
-0.0012837400
-0.0009252809
-0.0006347246
-0.0005320046
-0.0007100257
-0.0009892016
-0.0011084603
-0.0010710275
-0.0006498561
0.0007013817
0.0026881892
0.0046622053
0.0060561223
0.0066579976
0.0067278373
0.0064529050
0.0058386822
0.0049988655
0.0039947296
0.0028027267
0.0014263152
-0.0001571966
-0.0018494710
-0.0035544203
-0.0051451397
-0.0064935628
-0.0074965209
-0.0082863418
-0.0089199816
-0.0093311847
-0.0096197485
-0.0097575348
-0.0095176384
-0.0088586298
-0.0076489973
-0.0057206727
-0.0030749801
-0.0001558816
0.0025349904
0.0047561153
0.0066964305
0.0085109770
0.0101625421
0.0116689829
0.0130642196
0.0144597776
0.0158063470
0.0169507375
0.0180290009
0.0192316738
0.0204604863
0.0216134211
0.0226349939
0.0235414438
0.0243327422
0.0249604717
0.0253427085
0.0253796338
0.0252108397
0.0249236178
0.0245259343
0.0240685192
0.0236681232
0.0235459193
0.0238188936
0.0244172927
0.0251684253
0.0259074802
0.0263926052
0.0264701318
0.0261424656
0.0254955990
0.0246205494
0.0237287683
0.0228210549
0.0217332551
0.0205893785
0.0195673132
0.0187589619
0.0182025489
0.0179330223
0.0178419762
0.0177773195
0.0175097773
0.0168243222
0.0155769007
0.0139300468
0.0121615957
0.0104052652
0.0085683101
0.0066183549
0.0048903796
0.0034109714
0.0019922511
0.0006528449
-0.0004997185
-0.0014457486
-0.0022348743
-0.0029963277
-0.0039040361
-0.0050238281
-0.0062491444
-0.0074164531
-0.0083551957
-0.0091253512
-0.0099198546
-0.0109548613
-0.0119714517
-0.0126568497
-0.0127919164
-0.0123951750
-0.0114549406
-0.0100834593
-0.0084399032
-0.0068557737
-0.0055682227
-0.0046352598
-0.0037887419
-0.0027751673
-0.0014221245
0.0002353257
0.0020443041
0.0037127428
0.0050022583
0.0056984162
0.0058725474
0.0056593431
0.0054815343
0.0056617429
0.0062897151
0.0072262448
0.0083386568
0.0095746859
0.0107132803
0.0114547407
0.0117307058
0.0116042834
0.0111165458
0.0103251260
0.0091591642
0.0079524155
0.0069827929
0.0063707015
0.0061060231
0.0062204008
0.0066791442
0.0074527003
0.0084837453
0.0094671008
0.0101330404
0.0106274092
0.0111209143
0.0116185238
0.0119470109
0.0120591929
0.0122795810
0.0126089461
0.0127593739
0.0128534109
0.0129677200
0.0129954300
0.0130122902
0.0132170173
0.0136485710
0.0142401676
0.0148544489
0.0154537403
0.0160415965
0.0164481456
0.0163458998
0.0153545496
0.0135725720
0.0112603067
0.0088042663
0.0063836236
0.0039140137
0.0014480628
-0.0007806999
-0.0023031136
-0.0030234710
-0.0029269164
-0.0022356259
-0.0011919494
-0.0001408400
0.0005912297
0.0010641478
0.0013795901
0.0016492259
0.0019759113
0.0024593846
0.0031825509
0.0042445144
0.0056226819
0.0069851663
0.0079999765
0.0086759165
0.0090789965
0.0092499249
0.0092058472
0.0089063836
0.0084671778
0.0081152421
0.0079651998
0.0076383616
0.0068909544
0.0062376100
0.0061081910
0.0066287344
0.0073895140
0.0081263704
0.0089848524
0.0100375972
0.0112859895
0.0125432115
0.0136469007
0.0144607127
0.0150158337
0.0153081807
0.0154637479
0.0156450479
0.0160313320
0.0166228857
0.0172811090
0.0177289661
0.0177037830
0.0170758822
0.0159567105
0.0144801069
0.0128569157
0.0112688581
0.0097642874
0.0082256539
0.0065212478
0.0047593738
0.0031431173
0.0019367954
0.0011174935
0.0006629600
0.0005932183
0.0007958069
0.0011003943
0.0013691599
0.0015173014
0.0014160228
0.0009555777
0.0001094473
-0.0007575375
-0.0013888967
-0.0018664411
-0.0023842863
-0.0031930374
-0.0043203272
-0.0057542738
-0.0073961382
-0.0089730246
-0.0102200607
-0.0110791709
-0.0115030012
-0.0114733996
-0.0111383098
-0.0106305643
-0.0100765354
-0.0094618044
-0.0086956747
-0.0079495745
-0.0074848002
-0.0073804058
-0.0076643085
-0.0083341455
-0.0093605864
-0.0107153432
-0.0121245063
-0.0133649539
-0.0144263215
-0.0155099741
-0.0166831525
-0.0175517848
-0.0179069541
-0.0177248475
-0.0171118438
-0.0161292164
-0.0148218708
-0.0132655633
-0.0115009526
-0.0097002089
-0.0079427363
-0.0062073974
-0.0047048097
-0.0039371939
-0.0038245308
-0.0041244720
-0.0045891429
-0.0049892855
-0.0050826922
-0.0048380789
-0.0042915436
-0.0035710963
-0.0030062304
-0.0030616704
-0.0036944601
-0.0047007174
-0.0059874347
-0.0074472039
-0.0088852192
-0.0100377614
-0.0107719053
-0.0111686466
-0.0112139377
-0.0106136399
-0.0094990722
-0.0080700938
-0.0065847688
-0.0052987311
-0.0045182546
-0.0042811834
-0.0044893704
-0.0047800799
-0.0048713981
-0.0046574064
-0.0041592401
-0.0034027069
-0.0024431019
-0.0013519650
-0.0002584703
0.0006712784
0.0013692592
0.0019680994
0.0025703867
0.0031187122
0.0035431100
0.0036554869
0.0034047342
0.0029034685
0.0025056971
0.0024248299
0.0028129606
0.0035451023
0.0044092284
0.0052503956
0.0060739125
0.0070687775
0.0082088865
0.0094849174
0.0108114145
0.0119699242
0.0126293181
0.0128470223
0.0126205454
0.0119581963
0.0109425909
0.0095890620
0.0079973640
0.0062090227
0.0042723765
0.0023238247
0.0004966190
-0.0013196081
-0.0032140612
-0.0049858357
-0.0063658655
-0.0071015833
-0.0074677259
-0.0076550718
-0.0076468202
-0.0074706240
-0.0071622520
-0.0068589195
-0.0066879312
-0.0067128195
-0.0069163938
-0.0072703795
-0.0076391254
-0.0078404833
-0.0077242255
-0.0073035359
-0.0067138709
-0.0058604198
-0.0044649282
-0.0025891969
-0.0004760963
0.0014136380
0.0028958051
0.0038595059
0.0043825455
0.0045849421
0.0045550500
0.0043697770
0.0039807390
0.0034000844
0.0024794019
0.0011701996
-0.0002401718
-0.0012354645
-0.0017837187
-0.0018821913
-0.0016090442
-0.0012078216
-0.0009341956
-0.0008440638
-0.0008543669
-0.0009972862
-0.0013571437
-0.0019193492
-0.0025650267
-0.0030500154
-0.0031243313
-0.0026871834
-0.0019410197
-0.0009427092
0.0005439123
0.0024652221
0.0047476602
0.0070314874
0.0090103139
0.0104508632
0.0112394421
0.0112461447
0.0106582600
0.0095275960
0.0080734630
0.0066633005
0.0055947513
0.0047601297
0.0040050170
0.0033226327
0.0026787748
0.0020671502
0.0014626466
0.0009128135
0.0004976595
0.0002581733
0.0002618402
0.0006406000
0.0014756522
0.0025402162
0.0036407924
0.0047195790
0.0056575842
0.0063809232
0.0069533755
0.0074572401
0.0079000720
0.0082844930
0.0085160808
0.0085503078
0.0083025024
0.0076928251
0.0066890361
0.0053029404
0.0036630889
0.0018316458
-0.0002863560
-0.0027281788
-0.0055009863
-0.0081074117
-0.0101519277
-0.0115894219
-0.0126195247
-0.0133814643
-0.0140935158
-0.0148198578
-0.0154427977
-0.0160144932
-0.0166168968
-0.0171584697
-0.0174908328
-0.0175523059
-0.0175237108
-0.0176656371
-0.0180256317
-0.0185515865
-0.0191192705
-0.0196132467
-0.0199661175
-0.0202134803
-0.0203550783
-0.0203062824
-0.0200364846
-0.0194958539
-0.0187590618
-0.0178815711
-0.0170401419
-0.0163967443
-0.0161072168
-0.0161614734
-0.0164986475
-0.0169660130
-0.0173819343
-0.0175925004
-0.0176450295
-0.0176593628
-0.0176476563
-0.0175654543
-0.0173504554
-0.0170973892
-0.0168721116
-0.0165445025
-0.0159899668
-0.0152737894
-0.0145725307
-0.0140623938
-0.0136309043
-0.0130423843
-0.0120298055
-0.0105930108
-0.0089662363
-0.0074723942
-0.0064272879
-0.0059824009
-0.0061858918
-0.0070554814
-0.0081943963
-0.0091851254
-0.0099447166
-0.0104304983
-0.0105274619
-0.0102880366
-0.0097784851
-0.0090012914
-0.0079009428
-0.0064185102
-0.0046944445
-0.0028631834
-0.0010957295
0.0005301588
0.0020395087
0.0034507191
0.0047550624
0.0060092472
0.0072709434
0.0085642699
0.0098178301
0.0108118285
0.0113756937
0.0114156812
0.0111362255
0.0107154288
0.0102791425
0.0100449137
0.0101078858
0.0102503904
0.0102535026
0.0101044667
0.0098729718
0.0096465235
0.0093347894
0.0088106691
0.0078589852
0.0064126170
0.0043124554
0.0018821677
-0.0004752510
-0.0023993398
-0.0038435509
-0.0047753431
-0.0053039140
-0.0056303475
-0.0059665701
-0.0063267167
-0.0066040809
-0.0069405262
-0.0073787141
-0.0078085476
-0.0082059171
-0.0086129587
-0.0089777286
-0.0093086569
-0.0096614849
-0.0100024779
-0.0101790025
-0.0101647049
-0.0098307429
-0.0091773306
-0.0083003538
-0.0074852071
-0.0067525757
-0.0058701904
-0.0047687133
-0.0033719632
-0.0016891120
0.0000881345
0.0015915602
0.0026987835
0.0033539689
0.0037347788
0.0039670660
0.0040273078
0.0040265105
0.0040800246
0.0042884743
0.0045799447
0.0048280856
0.0050062427
0.0050710814
0.0049374531
0.0046147214
0.0041461910
0.0036271444
0.0031387952
0.0027441317
0.0025121578
0.0025306690
0.0028135816
0.0032676410
0.0036519378
0.0037672356
0.0034315369
0.0026918874
0.0016763249
0.0004293993
-0.0010472763
-0.0028365327
-0.0045385153
-0.0058309388
-0.0065715527
-0.0067450265
-0.0061927150
-0.0052510630
-0.0042368203
-0.0033075443
-0.0025399785
-0.0019072095
-0.0012667050
-0.0004548096
0.0006044729
0.0019317252
0.0035307148
0.0052590434
0.0069175074
0.0083386282
0.0094714764
0.0103571331
0.0109060440
0.0108325861
0.0101936641
0.0092231214
0.0083511984
0.0078343589
0.0077522496
0.0080202415
0.0085529132
0.0092985209
0.0101825215
0.0111387952
0.0120208543
0.0126804125
0.0130634702
0.0132419006
0.0133112185
0.0133179925
0.0131694563
0.0126660221
0.0117256449
0.0103180879
0.0085578314
0.0066160543
0.0047316624
0.0029908343
0.0013683326
-0.0000739822
-0.0012762557
-0.0022812739
-0.0032599583
-0.0043385821
-0.0052869925
-0.0059120759
-0.0062540126
-0.0063063175
-0.0059608204
-0.0052697398
-0.0044369898
-0.0038088349
-0.0035249272
-0.0034924582
-0.0035701612
-0.0036846681
-0.0038771541
-0.0041762637
-0.0046535383
-0.0052659009
-0.0060514168
-0.0070852014
-0.0082843788
-0.0093589233
-0.0101071577
-0.0104099406
-0.0104808431
-0.0104670381
-0.0103161606
-0.0099889655
-0.0094866663
-0.0089815332
-0.0085153455
-0.0079842013
-0.0074412793
-0.0069700086
-0.0065820364
-0.0063308404
-0.0063069171
-0.0063738009
-0.0063652416
-0.0062611228
-0.0061257563
-0.0060259289
-0.0058998584
-0.0055779761
-0.0050421644
-0.0043005519
-0.0033649387
-0.0022381264
-0.0010009223
0.0000329791
0.0005574725
0.0006604992
0.0005111918
0.0002342030
-0.0000227887
-0.0001947292
-0.0003524817
-0.0005509105
-0.0008157856
-0.0011419015
-0.0015419735
-0.0020274689
-0.0025669154
-0.0030856329
-0.0035418673
-0.0039298081
-0.0043317881
-0.0048459465
-0.0056404300
-0.0068338227
-0.0084726670
-0.0103046183
-0.0120488927
-0.0134916690
-0.0145661492
-0.0152730756
-0.0155903274
-0.0155197889
-0.0149862678
-0.0141364228
-0.0130456392
-0.0118708477
-0.0107634681
-0.0098086292
-0.0089498259
-0.0081011944
-0.0072874467
-0.0066182428
-0.0062122669
-0.0059557574
-0.0056535277
-0.0052359581
-0.0047686883
-0.0044676007
-0.0044252983
-0.0047767458
-0.0055387239
-0.0066884087
-0.0080782169
-0.0093745557
-0.0103982984
-0.0113640729
-0.0124374966
-0.0135253964
-0.0145083023
-0.0153085019
-0.0159993677
-0.0165569085
-0.0168133295
-0.0166809468
-0.0161467190
-0.0153991341
-0.0145765779
-0.0136573509
-0.0125891022
-0.0112707283
-0.0098698096
-0.0084549860
-0.0069856089
-0.0056152233
-0.0045801824
-0.0036249830
-0.0025320352
-0.0014595744
-0.0005386282
0.0001579762
0.0006352854
0.0008345809
0.0006478024
0.0000440905
-0.0008659792
-0.0020041410
-0.0032459962
-0.0041651583
-0.0046922181
-0.0050669042
-0.0054616805
-0.0059130324
-0.0063461344
-0.0067659118
-0.0073083755
-0.0080478801
-0.0089613325
-0.0098424422
-0.0106188150
-0.0113239355
-0.0119033902
-0.0123165277
-0.0127075657
-0.0131572859
-0.0136334812
-0.0140910246
-0.0144250437
-0.0145080810
-0.0143410429
-0.0139927262
-0.0135049672
-0.0128558021
-0.0120304193
-0.0110923121
-0.0101814223
-0.0093091495
-0.0084147558
-0.0075563237
-0.0067637789
-0.0060286464
-0.0053805027
-0.0049319810
-0.0046989457
-0.0046200343
-0.0045507736
-0.0044651659
-0.0044260742
-0.0043868655
-0.0042833584
-0.0041268575
-0.0039391269
-0.0037472704
-0.0035776033
-0.0034231525
-0.0031958883
-0.0028358360
-0.0022993539
-0.0016388643
-0.0009697768
-0.0004651871
-0.0002016598
-0.0002327769
-0.0005813088
-0.0012041747
-0.0018481376
-0.0023499486
-0.0027387653
-0.0030122449
-0.0031540985
-0.0032021277
-0.0031871378
-0.0031110081
-0.0030432834
-0.0029914853
-0.0028879139
-0.0027677744
-0.0028841579
-0.0033587842
-0.0041987644
-0.0051455637
-0.0059584141
-0.0065113095
-0.0068595919
-0.0070564714
-0.0070777536
-0.0069873698
-0.0069870793
-0.0071537077
-0.0074101573
-0.0075424687
-0.0074097219
-0.0071377470
-0.0069136699
-0.0069314694
-0.0071178339
-0.0073796635
-0.0075839266
-0.0075251660
-0.0070032121
-0.0063462079
-0.0058280158
-0.0054040441
-0.0049631145
-0.0043942063
-0.0037929712
-0.0032513112
-0.0027387367
-0.0022002532
-0.0015123619
-0.0004965390
0.0009301669
0.0024728620
0.0040709664
0.0058931407
0.0076633591
0.0090196149
0.0099624690
0.0104985598
0.0105399392
0.0101107054
0.0092483973
0.0081053630
0.0066978566
0.0050352833
0.0034111434
0.0020591477
0.0008267540
-0.0002843260
-0.0009958065
-0.0013201314
-0.0013276092
-0.0010627459
-0.0006146018
-0.0001770602
0.0001297975
0.0002979902
0.0004424462
0.0006277194
0.0007342003
0.0007039079
0.0004638224
0.0001023142
-0.0002869259
-0.0006046597
-0.0007944649
-0.0007915933
-0.0006576102
-0.0004237964
-0.0000683680
0.0003677636
0.0008426826
0.0013312361
0.0018529630
0.0024949101
0.0033075150
0.0043228462
0.0054610088
0.0066216784
0.0076898271
0.0086266353
0.0094576571
0.0102330663
0.0109540904
0.0115782936
0.0120867031
0.0124585968
0.0127258606
0.0128853109
0.0129136776
0.0128915639
0.0129537936
0.0130656473
0.0130561965
0.0127456473
0.0120450738
0.0110799917
0.0100623449
0.0091265718
0.0082734147
0.0075075421
0.0068826022
0.0063631152
0.0058483614
0.0052127922
0.0044065637
0.0034555423
0.0024343064
0.0013952218
0.0003268226
-0.0008298148
-0.0021757931
-0.0035871669
-0.0048306025
-0.0056523385
-0.0061542323
-0.0064726611
-0.0066297216
-0.0066558055
-0.0066220489
-0.0065126065
-0.0061472162
-0.0054235189
-0.0043110156
-0.0029030467
-0.0013349529
0.0002879136
0.0018733215
0.0032641747
0.0042285873
0.0047602090
0.0049542775
0.0049285162
0.0047621976
0.0046030571
0.0045809419
0.0048406123
0.0054341218
0.0063707301
0.0075290206
0.0088254735
0.0101735918
0.0112282067
0.0116242557
0.0114173015
0.0107063206
0.0096735554
0.0087596747
0.0080634625
0.0070419676
0.0055546896
0.0042327066
0.0031799026
0.0022579909
0.0014658066
0.0007675251
0.0000533286
-0.0007321895
-0.0015627567
-0.0022418953
-0.0026562184
-0.0027249481
-0.0024723166
-0.0019434102
-0.0014147672
-0.0010699611
-0.0009161605
-0.0008539636
-0.0008207787
-0.0008439746
-0.0009103851
-0.0010224693
-0.0012348949
-0.0016837692
-0.0025001373
-0.0036131288
-0.0047710631
-0.0057584838
-0.0064781795
-0.0069389180
-0.0071317010
-0.0069184846
-0.0063680790
-0.0056133689
-0.0047379003
-0.0037226597
-0.0024664463
-0.0012274749
-0.0002269954
0.0005013454
0.0010801593
0.0015531759
0.0018446221
0.0019435494
0.0019899619
0.0020369233
0.0020602277
0.0021304792
0.0023469378
0.0027768305
0.0033841173
0.0040749152
0.0046628164
0.0050845481
0.0055199179
0.0060716497
0.0067195221
0.0072709649
0.0075433752
0.0074682256
0.0071811822
0.0068509205
0.0063969575
0.0057476097
0.0050602751
0.0045013031
0.0041965323
0.0039959388
0.0037934380
0.0036541913
0.0036417953
0.0037727726
0.0039282120
0.0040426183
0.0041600410
0.0042978301
0.0044247423
0.0044515507
0.0043135896
0.0040552527
0.0038654505
0.0039256388
0.0042409647
0.0047890704
0.0055484231
0.0064327757
0.0073318384
0.0080113617
0.0082739858
0.0080289285
0.0073597768
0.0063278153
0.0050989520
0.0038437172
0.0026745947
0.0015701075
0.0004955602
-0.0004853549
-0.0013750303
-0.0022137163
-0.0029885694
-0.0036898353
-0.0043595931
-0.0050292487
-0.0057020602
-0.0063542682
-0.0069304851
-0.0073594056
-0.0076168332
-0.0076908122
-0.0076844950
-0.0075964754
-0.0072546686
-0.0067218020
-0.0060464702
-0.0052074158
-0.0043146046
-0.0037203342
-0.0035106261
-0.0036726839
-0.0039699826
-0.0042301698
-0.0044254518
-0.0044703746
-0.0042927378
-0.0039445632
-0.0034502558
-0.0027643667
-0.0019244744
-0.0009643418
0.0000445551
0.0010583132
0.0020607616
0.0030610201
0.0040551406
0.0049740529
0.0057110135
0.0061755972
0.0064383148
0.0065615151
0.0065785066
0.0064225639
0.0060074420
0.0055728603
0.0054641610
0.0058239128
0.0066569840
0.0078074555
0.0091165356
0.0105182109
0.0118215593
0.0128126239
0.0133575446
0.0136057212
0.0137096230
0.0137252340
0.0136860103
0.0135973839
0.0134149347
0.0130329192
0.0125337679
0.0119499018
0.0112342670
0.0104258585
0.0095143477
0.0083646965
0.0069453844
0.0053556772
0.0038359453
0.0023957972
0.0007416610
-0.0010865200
-0.0027245812
-0.0040983623
-0.0053558007
-0.0067232546
-0.0080616209
-0.0090678254
-0.0096894661
-0.0099605345
-0.0098190293
-0.0092576625
-0.0082607661
-0.0069856767
-0.0056311048
-0.0043473327
-0.0031960532
-0.0021791009
-0.0012635828
-0.0003984999
0.0004274519
0.0011311080
0.0016411449
0.0021200897
0.0026345373
0.0030865487
0.0034566201
0.0037628107
0.0040275255
0.0043053944
0.0046428126
0.0049539470
0.0051297250
0.0052248220
0.0052968430
0.0053363259
0.0052483577
0.0049658655
0.0046173126
0.0042520537
0.0037958671
0.0033185183
0.0030246109
0.0030897923
0.0033563558
0.0035012466
0.0035689256
0.0036491911
0.0035490675
0.0032404078
0.0028439648
0.0023502327
0.0016638804
0.0007414355
-0.0004270008
-0.0018339564
-0.0032449462
-0.0044862118
-0.0054778689
-0.0061230110
-0.0062679668
-0.0060089881
-0.0054567459
-0.0047257842
-0.0040099637
-0.0034203872
-0.0028843578
-0.0023844170
-0.0021143072
-0.0021601044
-0.0026042333
-0.0034235615
-0.0044486334
-0.0052878462
-0.0058442713
-0.0061165782
-0.0061117793
-0.0058872390
-0.0055151946
-0.0049759130
-0.0040433128
-0.0027067396
-0.0010381246
0.0007612358
0.0024932241
0.0040050598
0.0052953676
0.0063075688
0.0069853669
0.0073976871
0.0076075180
0.0076502322
0.0075658031
0.0075215541
0.0073868943
0.0068464492
0.0061597143
0.0055574399
0.0049183445
0.0042076413
0.0035139246
0.0029252775
0.0024796217
0.0021446897
0.0018131418
0.0013944858
0.0009696861
0.0006112072
0.0002776638
-0.0000318020
-0.0003299566
-0.0006768441
-0.0010019845
-0.0010812307
-0.0010025156
-0.0009681464
-0.0010185106
-0.0010098428
-0.0007553833
-0.0004737632
-0.0004587575
-0.0005717554
-0.0006022249
-0.0003781955
0.0000967578
0.0008070743
0.0016420693
0.0024472734
0.0031045460
0.0036949319
0.0043312485
0.0048560719
0.0051577562
0.0052512672
0.0051337252
0.0046658943
0.0039071747
0.0029390111
0.0019146995
0.0011516407
0.0008339984
0.0006978714
0.0006156426
0.0007653844
0.0011309545
0.0016297332
0.0021300052
0.0025201632
0.0027137435
0.0027416898
0.0026879979
0.0026692440
0.0026634129
0.0025157690
0.0022851449
0.0020902062
0.0019319051
0.0018837623
0.0020709434
0.0023843377
0.0026324515
0.0028170236
0.0030461408
0.0034918015
0.0041357273
0.0049339790
0.0058267830
0.0067860204
0.0077662117
0.0086316747
0.0091933342
0.0095052610
0.0097106091
0.0099517476
0.0102630033
0.0105099736
0.0105578701
0.0102879009
0.0098289727
0.0093467029
0.0089220731
0.0084591046
0.0079006716
0.0073067195
0.0066500308
0.0058654728
0.0050958456
0.0045132237
0.0041700872
0.0039406294
0.0036141410
0.0032340464
0.0028866062
0.0025477483
0.0021039234
0.0014482805
0.0007885539
0.0003481498
0.0001662311
0.0000845653
-0.0000799175
-0.0002905230
-0.0004857839
-0.0006306199
-0.0007245004
-0.0007665094
-0.0008093314
-0.0008477935
-0.0008413121
-0.0008602252
-0.0010215328
-0.0012309518
-0.0013411780
-0.0012317591
-0.0009381144
-0.0005205938
-0.0000618582
0.0003637932
0.0007223468
0.0010443532
0.0013972397
0.0018050158
0.0022562485
0.0027077789
0.0031754806
0.0037267042
0.0043656033
0.0050489827
0.0057045050
0.0063074075
0.0068624028
0.0073355073
0.0077135755
0.0080706220
0.0084081673
0.0086010595
0.0086072768
0.0084937529
0.0085260812
0.0087082877
0.0088210978
0.0088846624
0.0088980749
0.0087270680
0.0083877382
0.0080184712
0.0076624883
0.0072927360
0.0068550642
0.0063421785
0.0057449471
0.0050056667
0.0040253477
0.0028382815
0.0015740234
0.0003299094
-0.0009571531
-0.0022766634
-0.0034537106
-0.0045224775
-0.0055892051
-0.0066502864
-0.0076321158
-0.0084696333
-0.0092696616
-0.0101468169
-0.0110522746
-0.0119595383
-0.0129266475
-0.0139892143
-0.0149950904
-0.0155638808
-0.0156953213
-0.0156862346
-0.0156115203
-0.0153596462
-0.0147746809
-0.0137600321
-0.0122465388
-0.0104900013
-0.0087709886
-0.0071269749
-0.0055563556
-0.0041252615
-0.0029312121
-0.0020103061
-0.0012494016
-0.0005189543
0.0000914582
0.0004279305
0.0005473709
0.0005189301
0.0003712447
0.0002092169
0.0001343105
0.0001342780
0.0001591914
0.0001480386
0.0000603525
-0.0002076196
-0.0007573491
-0.0014464196
-0.0019620606
-0.0022551236
-0.0023706133
-0.0024310871
-0.0024993086
-0.0025479538
-0.0026288611
-0.0028193963
-0.0031755441
-0.0036965715
-0.0043448087
-0.0049670747
-0.0055105192
-0.0060921817
-0.0066777044
-0.0070540045
-0.0071867284
-0.0070872315
-0.0068030005
-0.0064470247
-0.0061431190
-0.0058989304
-0.0056455637
-0.0053003457
-0.0048819617
-0.0045227395
-0.0042865670
-0.0041898582
-0.0041163160
-0.0039700826
-0.0037200422
-0.0034251483
-0.0031700407
-0.0030068828
-0.0029028968
-0.0027313995
-0.0024140956
-0.0019368967
-0.0014388375
-0.0009434951
-0.0003529790
0.0002830565
0.0008473202
0.0012894241
0.0016950145
0.0021667542
0.0025762763
0.0027843640
0.0029332400
0.0031033304
0.0032120989
0.0032382907
0.0032199729
0.0032380472
0.0033124938
0.0033804376
0.0033590697
0.0031783529
0.0028702922
0.0024898406
0.0020511145
0.0015508439
0.0010279357
0.0006288714
0.0004018303
0.0003131617
0.0003186618
0.0003578576
0.0003463666
0.0002995802
0.0003328441
0.0004632344
0.0006286287
0.0007132204
0.0007422178
0.0008285607
0.0009338644
0.0009908527
0.0010549561
0.0011493672
0.0012507500
0.0013606135
0.0014850858
0.0016062618
0.0017216716
0.0018706847
0.0021169725
0.0025180296
0.0030303457
0.0035736282
0.0040722741
0.0044778096
0.0047561781
0.0048982065
0.0049433456
0.0048766474
0.0046275564
0.0041826516
0.0037991428
0.0036038822
0.0035812066
0.0036947898
0.0039050019
0.0041349900
0.0043627095
0.0046073171
0.0047923981
0.0048193044
0.0046745471
0.0043509638
0.0038352222
0.0032978036
0.0028603781
0.0024543465
0.0019775467
0.0013600096
0.0006963936
0.0001150449
-0.0003081183
-0.0006114055
-0.0009084500
-0.0012156499
-0.0014945802
-0.0016816121
-0.0017606555
-0.0017556532
-0.0017381449
-0.0017091215
-0.0015867535
-0.0013536632
-0.0010421105
-0.0006766692
-0.0003739787
-0.0002784410
-0.0002018047
0.0001610273
0.0004612193
0.0004282568
0.0002131952
-0.0000894439
-0.0004263282
-0.0006588056
-0.0007560628
-0.0009174347
-0.0012725718
-0.0018407783
-0.0024257336
-0.0029220511
-0.0034031231
-0.0039125054
-0.0044521439
-0.0049924684
-0.0054926347
-0.0059506201
-0.0064615036
-0.0070823591
-0.0076745374
-0.0081876650
-0.0086769230
-0.0091484072
-0.0095515442
-0.0098251467
-0.0099663378
-0.0100011430
-0.0099596566
-0.0098156245
-0.0095141835
-0.0089996068
-0.0081998141
-0.0072340967
-0.0062574217
-0.0053432156
-0.0044916046
-0.0036883948
-0.0029714665
-0.0023667645
-0.0018246148
-0.0014088483
-0.0013086319
-0.0014674612
-0.0017407339
-0.0020020752
-0.0022217024
-0.0024471913
-0.0026793622
-0.0029431705
-0.0033036940
-0.0037373285
-0.0041411244
-0.0045049585
-0.0048571933
-0.0052185933
-0.0055806201
-0.0059070907
-0.0061576407
-0.0063376801
-0.0065451368
-0.0068209135
-0.0070764702
-0.0071893124
-0.0071189189
-0.0070040772
-0.0069524290
-0.0069880458
-0.0069519443
-0.0067244702
-0.0062856556
-0.0056412923
-0.0047657538
-0.0037387832
-0.0026384161
-0.0016031846
-0.0006948435
0.0000772417
0.0007005962
0.0011277845
0.0014316124
0.0018022755
0.0024257921
0.0031783108
0.0039045515
0.0045922179
0.0052756223
0.0060308335
0.0068403926
0.0076431584
0.0083413407
0.0088776671
0.0092173895
0.0094377276
0.0096288282
0.0098068089
0.0099017097
0.0097403321
0.0092572414
0.0084385184
0.0074210643
0.0063740229
0.0053677327
0.0043124960
0.0031591722
0.0021074782
0.0012415026
0.0005163188
-0.0001691350
-0.0008263136
-0.0013974653
-0.0019479572
-0.0025367999
-0.0030316120
-0.0033893587
-0.0037674919
-0.0042338894
-0.0047784139
-0.0053796412
-0.0060818072
-0.0069304623
-0.0077229050
-0.0082555339
-0.0086301615
-0.0089252566
-0.0090528426
-0.0089263916
-0.0084560210
-0.0076955019
-0.0067011737
-0.0054837250
-0.0042082480
-0.0030061155
-0.0018431738
-0.0007756725
0.0000200555
0.0006175494
0.0011770101
0.0017797163
0.0024219468
0.0030134377
0.0035208464
0.0039118758
0.0041850464
0.0043391161
0.0043736372
0.0043078020
0.0041314887
0.0039078121
0.0036845560
0.0034633199
0.0032369130
0.0029961814
0.0027590481
0.0025611293
0.0024377398
0.0023538760
0.0023074792
0.0023778307
0.0025356242
0.0026431386
0.0026236481
0.0024580219
0.0021898030
0.0018052921
0.0011882261
0.0003536554
-0.0005885149
-0.0014371287
-0.0021496192
-0.0028128985
-0.0034240205
-0.0039103404
-0.0041622246
-0.0041523705
-0.0039280486
-0.0036486686
-0.0034451421
-0.0032975317
-0.0029709098
-0.0022183075
-0.0014574586
-0.0009058046
-0.0002605704
0.0005344543
0.0013366646
0.0019599427
0.0024129864
0.0028410161
0.0032876419
0.0036929968
0.0039772399
0.0041733385
0.0043732546
0.0043779443
0.0039938324
0.0035093512
0.0030767160
0.0026141995
0.0021305021
0.0016510233
0.0011711340
0.0007148411
0.0003451304
0.0000269779
-0.0002558772
-0.0004980239
-0.0007450216
-0.0010262304
-0.0011942921
-0.0011248179
-0.0009367196
-0.0007086522
-0.0003565970
0.0002151285
0.0010571447
0.0019501607
0.0027504425
0.0034324078
0.0039551711
0.0043769593
0.0048028476
0.0050585398
0.0049606733
0.0047753652
0.0046374048
0.0044376536
0.0042419476
0.0040653480
0.0038068212
0.0035534281
0.0034850225
0.0035945434
0.0037884357
0.0039962058
0.0043020980
0.0048662486
0.0055038087
0.0060618334
0.0065492433
0.0069905606
0.0073899494
0.0077479382
0.0080986747
0.0085131042
0.0089831036
0.0094253002
0.0098020764
0.0101448396
0.0105458496
0.0109448965
0.0111628077
0.0112675375
0.0113725957
0.0115357364
0.0117221758
0.0118246429
0.0118301749
0.0117136530
0.0114455754
0.0110403255
0.0105373410
0.0100449994
0.0096383004
0.0093377232
0.0091141587
0.0089114802
0.0086804207
0.0084484118
0.0082865131
0.0081397828
0.0078425034
0.0073904919
0.0068662124
0.0063884689
0.0059626406
0.0055576091
0.0052155090
0.0049109351
0.0045289589
0.0040824102
0.0035958019
0.0029721547
0.0021425782
0.0011785847
0.0002609396
-0.0004881445
-0.0011447717
-0.0017692541
-0.0023129834
-0.0027248296
-0.0029795968
-0.0031607155
-0.0032935101
-0.0033249626
-0.0032941482
-0.0031862027
-0.0029405230
-0.0026112750
-0.0023944267
-0.0024584031
-0.0029192779
-0.0036426997
-0.0043749692
-0.0049323508
-0.0054547137
-0.0060720830
-0.0066371759
-0.0070788607
-0.0073852954
-0.0075587721
-0.0075876955
-0.0075570661
-0.0074856139
-0.0073011161
-0.0070141119
-0.0066842772
-0.0064123936
-0.0062390733
-0.0061310870
-0.0060195739
-0.0058828291
-0.0057912761
-0.0057486404
-0.0057257671
-0.0057637752
-0.0058926825
-0.0060665717
-0.0062407728
-0.0063798625
-0.0064771773
-0.0065387696
-0.0065555855
-0.0064683811
-0.0061842864
-0.0057598179
-0.0052785039
-0.0047831300
-0.0042490564
-0.0036143923
-0.0029803577
-0.0024720518
-0.0021207307
-0.0018578904
-0.0015990538
-0.0013530115
-0.0011549384
-0.0009599362
-0.0007170982
-0.0004074014
-0.0001373977
-0.0000693702
-0.0003059044
-0.0008232285
-0.0015599436
-0.0024223094
-0.0033510308
-0.0042351207
-0.0050021026
-0.0056117193
-0.0060380751
-0.0062960694
-0.0064328877
-0.0064478527
-0.0062553324
-0.0058956812
-0.0054287640
-0.0049520148
-0.0045512004
-0.0043047298
-0.0041823946
-0.0041511563
-0.0041963296
-0.0042593474
-0.0043244623
-0.0045158391
-0.0048608116
-0.0051786187
-0.0054253841
-0.0056563815
-0.0059314287
-0.0062536571
-0.0065623774
-0.0068530063
-0.0071574766
-0.0074714520
-0.0077706301
-0.0080182785
-0.0082108281
-0.0083196552
-0.0083072921
-0.0080876035
-0.0076488546
-0.0073060414
-0.0073921266
-0.0075948907
-0.0076643942
-0.0077572462
-0.0080218690
-0.0084825389
-0.0088487293
-0.0089747592
-0.0089041993
-0.0088229609
-0.0087473473
-0.0085481093
-0.0083629619
-0.0085254316
-0.0089274195
-0.0093723643
-0.0097210807
-0.0098840144
-0.0098068732
-0.0096087559
-0.0093966694
-0.0091458303
-0.0088157800
-0.0083627549
-0.0079321291
-0.0075892516
-0.0072447110
-0.0068418038
-0.0063356657
-0.0056412802
-0.0047803041
-0.0039377314
-0.0031954715
-0.0025204130
-0.0018836246
-0.0012387145
-0.0005153347
0.0003008903
0.0011079456
0.0017438539
0.0020730834
0.0022090087
0.0022597755
0.0022145757
0.0020210468
0.0016667156
0.0013087547
0.0010276423
0.0007774813
0.0005060454
0.0002018944
-0.0000629989
-0.0003078635
-0.0005832258
-0.0008015024
-0.0008772530
-0.0009046740
-0.0009360115
-0.0009465231
-0.0009034669
-0.0008033276
-0.0006991119
-0.0006068450
-0.0004464103
-0.0001572479
0.0002799900
0.0006604259
0.0007073927
0.0003067213
-0.0002048820
-0.0005926910
-0.0007904740
-0.0008365046
-0.0007929231
-0.0006950193
-0.0006167871
-0.0005658383
-0.0004355150
-0.0000811014
0.0004927076
0.0010397799
0.0012609867
0.0013178165
0.0013845104
0.0014905950
0.0016086024
0.0016930865
0.0017250315
0.0016470730
0.0013952453
0.0010260940
0.0006086102
0.0002259489
-0.0000347105
-0.0002057234
-0.0005475211
-0.0011029197
-0.0016897894
-0.0021936048
-0.0025560663
-0.0027890659
-0.0028746892
-0.0027394191
-0.0024607465
-0.0020845814
-0.0016299731
-0.0011250927
-0.0006176719
-0.0002101811
0.0000551134
0.0003164342
0.0006539177
0.0010448201
0.0014584544
0.0018550302
0.0022085683
0.0025223153
0.0028408383
0.0032050465
0.0036074641
0.0039393710
0.0041534562
0.0043308081
0.0045518129
0.0048340217
0.0051093636
0.0053467361
0.0055921873
0.0058635206
0.0060726676
0.0060615793
0.0059064504
0.0059580487
0.0061866534
0.0063895789
0.0065318464
0.0066280713
0.0067092804
0.0067519012
0.0066972128
0.0065492705
0.0063662195
0.0061581739
0.0059298833
0.0057106259
0.0055455222
0.0054782858
0.0054934813
0.0055307471
0.0055350806
0.0055409681
0.0056419597
0.0057519939
0.0057166818
0.0054099023
0.0049256560
0.0044693338
0.0040285270
0.0035112028
0.0028912489
0.0022338214
0.0016453485
0.0010672907
0.0004361220
-0.0002320934
-0.0008747497
-0.0014741482
-0.0021731613
-0.0029451063
-0.0035064903
-0.0038797202
-0.0041756199
-0.0043527476
-0.0043395329
-0.0041135086
-0.0037287335
-0.0032212371
-0.0026911415
-0.0022437312
-0.0019039010
-0.0015387913
-0.0009676539
-0.0002855769
0.0004701338
0.0013679636
0.0022969755
0.0030615862
0.0037850622
0.0045837722
0.0053450807
0.0060380929
0.0066933597
0.0072728065
0.0077305142
0.0081420599
0.0085498438
0.0088906798
0.0090624290
0.0090248899
0.0089504683
0.0089069760
0.0087810747
0.0085763190
0.0082556195
0.0076636875
0.0067927331
0.0058901941
0.0050387138
0.0042229853
0.0035059178
0.0029080212
0.0024248484
0.0020298766
0.0017565547
0.0017049978
0.0019227198
0.0024152135
0.0030451400
0.0037013669
0.0044002979
0.0051209395
0.0057788637
0.0063227265
0.0067055815
0.0069127356
0.0069863984
0.0070160442
0.0069869751
0.0068056551
0.0064758290
0.0060091009
0.0054357921
0.0047797644
0.0040497406
0.0033042215
0.0026445298
0.0021593820
0.0019294203
0.0019547634
0.0021079636
0.0022672090
0.0023958679
0.0025431256
0.0027938819
0.0030417487
0.0031001618
0.0029817125
0.0027214612
0.0022890951
0.0016799910
0.0008454593
-0.0000915824
-0.0010427293
-0.0020061111
-0.0029597808
-0.0038665027
-0.0046689137
-0.0052698333
-0.0055825245
-0.0057037212
-0.0057664435
-0.0058483793
-0.0059432086
-0.0059738402
-0.0059628740
-0.0059373233
-0.0058518013
-0.0056744287
-0.0054225959
-0.0050748211
-0.0046130154
-0.0041246362
-0.0036748982
-0.0032499564
-0.0028271382
-0.0024224807
-0.0021355244
-0.0019536127
-0.0017417318
-0.0015255373
-0.0014676061
-0.0014916386
-0.0015064758
-0.0014764124
-0.0013752337
-0.0011518455
-0.0007973023
-0.0003191117
0.0001944095
0.0005804354
0.0006854169
0.0006819283
0.0007265026
0.0007854588
0.0008423100
0.0009216033
0.0010585609
0.0012286219
0.0013153817
0.0012858664
0.0012203225
0.0011867122
0.0011814457
0.0010783390
0.0008434036
0.0005040617
0.0000739724
-0.0004489477
-0.0009902095
-0.0015093739
-0.0019996861
-0.0024193014
-0.0027962561
-0.0032691864
-0.0037715613
-0.0040668370
-0.0042052115
-0.0042528489
-0.0042059467
-0.0040636820
-0.0038084508
-0.0034751191
-0.0030253219
-0.0023923909
-0.0016182188
-0.0008557624
-0.0002619206
0.0000650770
0.0002297575
0.0003892468
0.0005774452
0.0005971867
0.0002776736
-0.0001509423
-0.0006148104
-0.0012435676
-0.0019597557
-0.0026444763
-0.0033180822
-0.0039815891
-0.0046231001
-0.0053099007
-0.0060560323
-0.0066851345
-0.0071580476
-0.0075345097
-0.0077853488
-0.0079256334
-0.0081626175
-0.0085017903
-0.0087589609
-0.0089450006
-0.0091310474
-0.0093152168
-0.0094946966
-0.0096717923
-0.0098023405
-0.0098341264
-0.0097750231
-0.0096466734
-0.0094464646
-0.0091838263
-0.0088139598
-0.0082638212
-0.0075725200
-0.0068859121
-0.0063234603
-0.0059086361
-0.0055000626
-0.0050634151
-0.0047098370
-0.0043711061
-0.0039566651
-0.0036059822
-0.0033412117
-0.0029501651
-0.0024306403
-0.0018503397
-0.0012020190
-0.0004512544
0.0003905331
0.0012262228
0.0019076956
0.0024418678
0.0028477373
0.0031533547
0.0033745222
0.0035403526
0.0038226492
0.0043040603
0.0047820286
0.0051682585
0.0055204019
0.0058147090
0.0060654253
0.0064035374
0.0068119474
0.0070632861
0.0071839374
0.0073214239
0.0075222537
0.0076744232
0.0075707783
0.0073139147
0.0070442168
0.0066684892
0.0061474975
0.0055751802
0.0049635056
0.0042880246
0.0036587133
0.0031621188
0.0028052850
0.0025177940
0.0022888667
0.0021995315
0.0022905042
0.0024574352
0.0025705073
0.0025527042
0.0024394622
0.0022416954
0.0019423667
0.0016141837
0.0013746755
0.0012813152
0.0014010985
0.0017693212
0.0022313209
0.0026151745
0.0029238770
0.0031591323
0.0032745806
0.0033135024
0.0033491785
0.0034234045
0.0034590085
0.0032865126
0.0029623926
0.0026603878
0.0022994360
0.0017842297
0.0011754076
0.0005654568
-0.0000057831
-0.0006690560
-0.0014433081
-0.0021438167
-0.0027417947
-0.0032500927
-0.0035972730
-0.0037832641
-0.0038933247
-0.0038887485
-0.0036073484
-0.0031380350
-0.0026060927
-0.0021017463
-0.0016507042
-0.0012317192
-0.0008655152
-0.0006317226
-0.0006095736
-0.0007720799
-0.0010333727
-0.0012865596
-0.0014734915
-0.0015958381
-0.0016660196
-0.0016329111
-0.0014072573
-0.0009824283
-0.0006060327
-0.0003176350
0.0000866162
0.0005304680
0.0009523042
0.0014283781
0.0019544114
0.0024779022
0.0030252491
0.0036027436
0.0041269932
0.0045380485
0.0048374843
0.0051591125
0.0055667115
0.0059306449
0.0062154869
0.0064903121
0.0067740149
0.0070711644
0.0074008778
0.0077199712
0.0079360836
0.0080594652
0.0081343151
0.0081695629
0.0081021866
0.0078620760
0.0075944981
0.0074179592
0.0071962435
0.0068701105
0.0065647608
0.0063199705
0.0060472168
0.0056034612
0.0049942122
0.0044474671
0.0040334637
0.0036714576
0.0032305180
0.0026979084
0.0022060993
0.0017263635
0.0011771978
0.0006058252
0.0000748032
-0.0003886974
-0.0008001397
-0.0011420792
-0.0013383028
-0.0013798485
-0.0013553670
-0.0012673539
-0.0010876028
-0.0009268006
-0.0008550715
-0.0008532798
-0.0008921552
-0.0009926700
-0.0011800109
-0.0014084558
-0.0015706457
-0.0017213362
-0.0019580205
-0.0021655015
-0.0022504046
-0.0022550736
-0.0022541457
-0.0023298556
-0.0025134841
-0.0027773088
-0.0030334757
-0.0032500756
-0.0033862758
-0.0033465867
-0.0030851618
-0.0026648477
-0.0021820175
-0.0017339734
-0.0014068119
-0.0012273228
-0.0012028621
-0.0013797271
-0.0018073528
-0.0022491297
-0.0025752962
-0.0028513035
-0.0030403954
-0.0030132685
-0.0028433231
-0.0026698400
-0.0026308269
-0.0027247989
-0.0028197196
-0.0028816774
-0.0029435874
-0.0030949017
-0.0033494769
-0.0036629605
-0.0039743069
-0.0042424722
-0.0044583897
-0.0046516381
-0.0048677776
-0.0051215876
-0.0054263092
-0.0057887514
-0.0061842243
-0.0065630869
-0.0068637505
-0.0070237576
-0.0070450633
-0.0069826409
-0.0068654315
-0.0066804954
-0.0064166222
-0.0061769849
-0.0060216268
-0.0059380978
-0.0058520040
-0.0057031723
-0.0055369979
-0.0054176143
-0.0054094312
-0.0055216482
-0.0056938642
-0.0057933219
-0.0058045565
-0.0058523452
-0.0058633528
-0.0056867811
-0.0053194829
-0.0047615110
-0.0040400050
-0.0033286480
-0.0028062529
-0.0024129186
-0.0020994864
-0.0019185933
-0.0018100232
-0.0017257268
-0.0016810424
-0.0017198943
-0.0018298877
-0.0019367547
-0.0018944488
-0.0016485885
-0.0012282622
-0.0008263157
-0.0006427582
-0.0008089031
-0.0010430413
-0.0011523716
-0.0012525388
-0.0014406014
-0.0017727474
-0.0021304150
-0.0024264388
-0.0026722163
-0.0028877569
-0.0030905489
-0.0033143918
-0.0035467519
-0.0037076648
-0.0037901238
-0.0037950377
-0.0037313903
-0.0036366017
-0.0035698571
-0.0035118196
-0.0033945253
-0.0032278362
-0.0030767831
-0.0030343380
-0.0030894389
-0.0031602772
-0.0031430123
-0.0030024601
-0.0028411931
-0.0027439432
-0.0027829878
-0.0029183928
-0.0030903176
-0.0032234684
-0.0032507337
-0.0031119353
-0.0028935059
-0.0026687779
-0.0024589056
-0.0023446365
-0.0024269156
-0.0026395967
-0.0029080697
-0.0032323268
-0.0035891221
-0.0039780544
-0.0043534615
-0.0046788742
-0.0048913511
-0.0049455106
-0.0047724758
-0.0045208643
-0.0043412746
-0.0043157296
-0.0044402412
-0.0046831770
-0.0049136983
-0.0050538815
-0.0051099011
-0.0050167193
-0.0046617035
-0.0041755778
-0.0036769040
-0.0031642752
-0.0026641524
-0.0021932536
-0.0017269388
-0.0012456598
-0.0008157185
-0.0005106726
-0.0003842861
-0.0002853301
-0.0000986074
0.0001531085
0.0003743967
0.0004496962
0.0004239316
0.0003493706
0.0002243675
0.0000679860
-0.0000369718
0.0000584713
0.0003537462
0.0006298548
0.0007729972
0.0008136942
0.0008258489
0.0008315836
0.0007809254
0.0007112951
0.0006733536
0.0005845766
0.0003467798
0.0000296990
-0.0003168752
-0.0006577960
-0.0009232758
-0.0010665312
-0.0011859591
-0.0013340192
-0.0014793347
-0.0016100479
-0.0017316150
-0.0018360650
-0.0019421846
-0.0020786846
-0.0022163103
-0.0022909410
-0.0023542429
-0.0024696977
-0.0026400914
-0.0028354098
-0.0030167626
-0.0031625435
-0.0032848466
-0.0034183493
-0.0035218635
-0.0035099894
-0.0035131501
-0.0037587306
-0.0041986509
-0.0046871929
-0.0050675124
-0.0052685463
-0.0053312257
-0.0053574953
-0.0053697899
-0.0052338724
-0.0049192110
-0.0044752670
-0.0040257981
-0.0035816135
-0.0030043688
-0.0023156716
-0.0017927133
-0.0014221916
-0.0010883652
-0.0008019542
-0.0006229633
-0.0005764019
-0.0006190402
-0.0006098519
-0.0004098629
0.0000610401
0.0006251878
0.0011356028
0.0015505406
0.0019099705
0.0022631418
0.0025967861
0.0028726891
0.0030372196
0.0030658447
0.0029310879
0.0027275599
0.0024972549
0.0021706987
0.0017673446
0.0013496266
0.0009347788
0.0005128218
0.0001135313
-0.0002730740
-0.0006341201
-0.0008961518
-0.0009658166
-0.0009040244
-0.0007828313
-0.0006928944
-0.0006909058
-0.0008179485
-0.0009954474
-0.0011499932
-0.0012649847
-0.0013725048
-0.0015283426
-0.0017213504
-0.0019099227
-0.0020553303
-0.0021493451
-0.0022084042
-0.0022217595
-0.0021426932
-0.0019217276
-0.0015782691
-0.0011554802
-0.0007235160
-0.0003536155
-0.0000867563
0.0001049059
0.0003128717
0.0006021964
0.0009649529
0.0013365718
0.0016287525
0.0018500464
0.0020440635
0.0022931031
0.0025651273
0.0027755135
0.0029304333
0.0030835300
0.0032211771
0.0033345383
0.0034160473
0.0035106789
0.0036090302
0.0035912699
0.0033391845
0.0029940685
0.0026559586
0.0023637087
0.0021290545
0.0019689410
0.0017906554
0.0015700389
0.0014069668
0.0013720823
0.0014243644
0.0014646024
0.0013479827
0.0011279822
0.0008620190
0.0006108069
0.0003539652
0.0000696578
-0.0002438546
-0.0005345112
-0.0008275328
-0.0011204665
-0.0014378189
-0.0017517137
-0.0020872396
-0.0023679922
-0.0025779973
-0.0027405263
-0.0032861372
-0.0047196561
-0.0071372202
-0.0083302195
-0.0084625238
-0.0085821936
-0.0089437514
-0.0094810201
-0.0098314353
-0.0100640866
-0.0101860406
-0.0102286192
-0.0101527558
-0.0099817846
-0.0096997806
-0.0093743558
-0.0091035872
-0.0089019580
-0.0086181624
-0.0082502874
-0.0078335380
-0.0074844433
-0.0072170581
-0.0069101444
-0.0065252680
-0.0061472955
-0.0057412646
-0.0052427207
-0.0046715305
-0.0040730429
-0.0034398142
-0.0027596534
-0.0020387871
-0.0014605666
-0.0012137747
-0.0010895194
-0.0008502804
-0.0005381476
-0.0002719002
-0.0002110214
-0.0002537484
-0.0002683360
-0.0002391429
-0.0002535753
-0.0003684295
-0.0004670669
-0.0003261377
-0.0000852819
0.0001074367
0.0002712618
0.0004826775
0.0008199079
0.0012753364
0.0018136793
0.0024737564
0.0033031458
0.0042028795
0.0050400708
0.0057366863
0.0063392576
0.0069214369
0.0074514796
0.0079170535
0.0083419545
0.0087663774
0.0091427467
0.0093643197
0.0094032008
0.0094073337
0.0094372065
0.0094694064
0.0094763874
0.0094943040
0.0095902397
0.0096935420
0.0096350883
0.0094992507
0.0094090254
0.0093251102
0.0091930915
0.0090438415
0.0089465995
0.0089160414
0.0088177215
0.0086303471
0.0085052237
0.0084770997
0.0084562565
0.0083080201
0.0079737369
0.0075583795
0.0071373365
0.0067780843
0.0065409346
0.0064396425
0.0063301430
0.0061941234
0.0061383843
0.0061462283
0.0061707976
0.0062214986
0.0062768622
0.0062581519
0.0061410411
0.0059326043
0.0056590633
0.0053457653
0.0050229344
0.0047503713
0.0045616534
0.0043720540
0.0041161411
0.0038401539
0.0035872826
0.0033932554
0.0032202435
0.0030700219
0.0029872046
0.0029576429
0.0029041074
0.0028108698
0.0026865289
0.0025557536
0.0024266637
0.0023230159
0.0022896169
0.0023740853
0.0025286760
0.0026854153
0.0027744164
0.0028052650
0.0028293553
0.0028998338
0.0029989567
0.0030479203
0.0030906110
0.0032214698
0.0033201515
0.0032653682
0.0031375724
0.0030107188
0.0029064801
0.0028276493
0.0027828479
0.0027931567
0.0028679680
0.0029827668
0.0030951915
0.0031608504
0.0031584056
0.0030747545
0.0029101855
0.0027044761
0.0025048606
0.0023503833
0.0022007350
0.0019463818
0.0016216658
0.0013164295
0.0010441077
0.0008407468
0.0007894055
0.0009002583
0.0011254032
0.0013420460
0.0014964047
0.0016627782
0.0018931389
0.0021653066
0.0023513234
0.0024156660
0.0024736722
0.0025658568
0.0026353703
0.0025915668
0.0024218869
0.0021649226
0.0018433437
0.0015053266
0.0012632166
0.0011247637
0.0010462056
0.0010965511
0.0013338643
0.0016218292
0.0018876497
0.0021304143
0.0022501954
0.0022630740
0.0024456816
0.0027788813
0.0029747115
0.0030813843
0.0032061015
0.0033506490
0.0034399134
0.0033829323
0.0032607499
0.0031926077
0.0032223863
0.0032845382
0.0032720987
0.0032790591
0.0033775409
0.0034653164
0.0034931835
0.0034968888
0.0034916509
0.0034788474
0.0034646704
0.0035068093
0.0036790425
0.0039298845
0.0041762138
0.0043932248
0.0046418147
0.0050144843
0.0053743997
0.0055924250
0.0056705256
0.0057111319
0.0058558129
0.0060919197
0.0063069963
0.0063790916
0.0063591964
0.0063840640
0.0064864932
0.0066376127
0.0067541682
0.0068344423
0.0069236682
0.0070588941
0.0072192638
0.0073179619
0.0073035502
0.0071811750
0.0070803811
0.0070100739
0.0068031911
0.0065371771
0.0063457183
0.0061885121
0.0059511183
0.0055796308
0.0052407014
0.0051239582
0.0051406463
0.0052171579
0.0053383552
0.0054531048
0.0055268797
0.0055898782
0.0055580074
0.0053115967
0.0050328877
0.0049249665
0.0048421719
0.0046333661
0.0042282446
0.0037185204
0.0032237347
0.0027943930
0.0024937958
0.0023420917
0.0021158783
0.0017214111
0.0014534056
0.0013839465
0.0013806908
0.0014576050
0.0016405603
0.0017965065
0.0018536375
0.0018373085
0.0017915413
0.0017431037
0.0016896174
0.0016600458
0.0017032426
0.0018348166
0.0020381746
0.0022416440
0.0023731024
0.0024729919
0.0027193633
0.0032644017
0.0039339818
0.0045676687
0.0050673040
0.0054213454
0.0056808001
0.0060032277
0.0063392890
0.0065295266
0.0067571098
0.0072203345
0.0077162808
0.0080919649
0.0083436177
0.0085311278
0.0086889007
0.0087658920
0.0087472687
0.0086398407
0.0084538938
0.0082061955
0.0079354126
0.0075754038
0.0069969284
0.0063263155
0.0057409184
0.0052416386
0.0047857740
0.0043667647
