-0.0021894536
-0.0027337734
-0.0028982726
-0.0026082721
-0.0019017364
-0.0009263158
0.0001152760
0.0010258113
0.0016777529
0.0020295152
0.0020883267
0.0018962118
0.0015128688
0.0009930537
0.0003634024
-0.0003713747
-0.0011978839
-0.0020814365
-0.0029296749
-0.0036126977
-0.0040056562
-0.0040409852
-0.0036918171
-0.0029697150
-0.0019183976
-0.0006409003
0.0007067617
0.0019473818
0.0029204317
0.0035410576
0.0038400660
0.0039339555
0.0039434770
0.0039579998
0.0039936863
0.0039928832
0.0038927023
0.0036636301
0.0033211243
0.0029380411
0.0026419963
0.0025711120
0.0028439310
0.0035063564
0.0045112142
0.0057420696
0.0070368407
0.0082321044
0.0092320113
0.0099974998
0.0105357791
0.0108738876
0.0110372499
0.0110214029
0.0108098779
0.0104008096
0.0098494441
0.0092851997
0.0088534749
0.0086524825
0.0086672562
0.0087236496
0.0085326642
0.0077950356
0.0063310563
0.0041196361
0.0013769023
-0.0014900694
-0.0040359106
-0.0059604123
-0.0071717777
-0.0078206602
-0.0082211573
-0.0086470126
-0.0091962760
-0.0097620156
-0.0101005459
-0.0099538003
-0.0091948623
-0.0078817906
-0.0061961497
-0.0043905159
-0.0026945934
-0.0012607626
-0.0001446294
0.0006624838
0.0012067992
0.0015401106
0.0016887089
0.0016426719
0.0013686746
0.0008618775
0.0001587984
-0.0006408118
-0.0013785351
-0.0018904511
-0.0020722658
-0.0019045017
-0.0014703713
-0.0009071410
-0.0003186204
0.0002749734
0.0009526576
0.0018286812
0.0030084828
0.0044684577
0.0060239565
0.0074416131
0.0085544547
0.0093154430
0.0097892907
0.0100868528
0.0103158828
0.0105461118
0.0107636692
0.0108768630
0.0107733358
0.0104233551
0.0099452736
0.0095715409
0.0095437106
0.0099961231
0.0108691949
0.0119226307
0.0128017497
0.0130881352
0.0124099273
0.0105807813
0.0076599698
0.0039403720
-0.0001457495
-0.0041375792
-0.0076877039
-0.0106975427
-0.0132170576
-0.0152547902
-0.0167199367
-0.0174586015
-0.0172950393
-0.0161483646
-0.0141039557
-0.0114137804
-0.0084099740
-0.0054187941
-0.0026862117
-0.0003051586
0.0018457383
0.0040656912
0.0067261658
0.0100907535
0.0140825501
0.0183273803
0.0222382470
0.0252201001
0.0268092542
0.0268594376
0.0255728416
0.0234352087
0.0210282732
0.0188458750
0.0171781965
0.0160622683
0.0153195844
0.0145962336
0.0134981213
0.0117105135
0.0091007870
0.0056893238
0.0016442929
-0.0028126375
-0.0074514869
-0.0119539398
-0.0159270694
-0.0190077644
-0.0209586309
-0.0217470942
-0.0215434963
-0.0206540594
-0.0193970924
-0.0180361023
-0.0167416754
-0.0155855191
-0.0145840283
-0.0137695185
-0.0132427932
-0.0131419306
-0.0135443152
-0.0144710269
-0.0157781551
-0.0171419727
-0.0181772374
-0.0185534866
-0.0180592399
-0.0166834538
-0.0145657017
-0.0119588175
-0.0091761065
-0.0064930627
-0.0041057476
-0.0020555440
-0.0002407219
0.0015379819
0.0035429206
0.0060370818
0.0091908136
0.0129784943
0.0172126883
0.0216113105
0.0258095768
0.0294058353
0.0320748270
0.0336014740
0.0339428022
0.0332375560
0.0317725501
0.0299160179
0.0280312927
0.0263859155
0.0251206216
0.0242594147
0.0237542726
0.0235145842
0.0233832119
0.0231718349
0.0227123686
0.0219065706
0.0206941691
0.0190986347
0.0171222990
0.0148366326
0.0125959313
0.0109147596
0.0102300456
0.0107797753
0.0125386498
0.0151507078
0.0180094266
0.0204503284
0.0219066965
0.0219849322
0.0205258476
0.0176386546
0.0137249900
0.0093581358
0.0050836967
0.0012615657
-0.0019423391
-0.0045355717
-0.0066241937
-0.0083997079
-0.0100146273
-0.0115205792
-0.0128923314
-0.0140614479
-0.0149247717
-0.0153754152
-0.0153021831
-0.0145844058
-0.0130697199
-0.0106972170
-0.0074835584
-0.0035088182
0.0009386884
0.0053789184
0.0092964651
0.0122721007
0.0140550159
0.0145870482
0.0139988224
0.0125653624
0.0107085638
0.0089211854
0.0077099385
0.0074742545
0.0083676513
0.0102293720
0.0126700591
0.0152926497
0.0177776210
0.0199297761
0.0216333453
0.0228230385
0.0234360895
0.0234216044
0.0227158178
0.0213413640
0.0194480899
0.0172746625
0.0150807842
0.0130741757
0.0113395121
0.0098427012
0.0085125168
0.0073576714
0.0064646610
0.0059523112
0.0059355805
0.0064926489
0.0076560322
0.0093975793
0.0116192657
0.0141602233
0.0168488146
0.0194420354
0.0216477415
0.0231148717
0.0235079597
0.0226697054
0.0207548036
0.0181662015
0.0154251323
0.0129483916
0.0109137900
0.0092524547
0.0077366808
0.0061515998
0.0043518436
0.0023254830
0.0001192750
-0.0022281081
-0.0047137825
-0.0072947017
-0.0098267358
-0.0121232753
-0.0139928196
-0.0152746933
-0.0159015484
-0.0158846874
-0.0152122453
-0.0138691154
-0.0118397912
-0.0090683825
-0.0055672924
-0.0016200657
0.0022749888
0.0055853237
0.0078566989
0.0087915525
0.0083392806
0.0066608379
0.0040911804
0.0010703501
-0.0020241335
-0.0050315386
-0.0079699223
-0.0109510500
-0.0141603121
-0.0177562228
-0.0217449773
-0.0259449312
-0.0300382787
-0.0336628487
-0.0365021825
-0.0383714678
-0.0392563157
-0.0392834280
-0.0386582161
-0.0375693484
-0.0361559767
-0.0344435921
-0.0323533076
-0.0296365085
-0.0260413602
-0.0214569116
-0.0160213593
-0.0100591557
-0.0039752169
0.0018207673
0.0070371257
0.0114975970
0.0152079894
0.0184108860
0.0215334301
0.0250311724
0.0292617988
0.0343383551
0.0400038773
0.0455986470
0.0502845800
0.0532760922
0.0540952798
0.0528027256
0.0499217647
0.0462469078
0.0426101843
0.0395963116
0.0374183173
0.0358523748
0.0343845637
0.0324606763
0.0296309424
0.0257297719
0.0208472061
0.0151355566
0.0088440452
0.0022405717
-0.0043438728
-0.0107262168
-0.0168842094
-0.0227622115
-0.0283080413
-0.0335725705
-0.0386436274
-0.0436192026
-0.0485126785
-0.0533898115
-0.0584022397
-0.0635558992
-0.0687567666
-0.0739480193
-0.0791323291
-0.0843265276
-0.0896225731
-0.0950840461
-0.1006343391
-0.1060847095
-0.1112151056
-0.1158290128
-0.1198378333
-0.1233000402
-0.1263759537
-0.1292974683
-0.1322916673
-0.1355987351
-0.1393230352
-0.1434032818
-0.1476526567
-0.1518280148
-0.1557118950
-0.1591241406
-0.1619483232
-0.1641554282
-0.1658764654
-0.1673251950
-0.1687877657
-0.1704937774
-0.1724976326
-0.1746507054
-0.1766981564
-0.1783794465
-0.1794897716
-0.1799346122
-0.1796934656
-0.1787895733
-0.1772930289
-0.1752707436
-0.1727707543
-0.1697715962
-0.1662103549
-0.1619065777
-0.1565919540
-0.1498421458
-0.1411260089
-0.1298475607
-0.1147905580
-0.0943419543
-0.0678880100
-0.0359486188
0.0000017151
0.0375130217
0.0738679406
0.1068072609
0.1349401342
0.1578744420
0.1758115839
0.1891425162
0.1979438464
0.2020025541
0.2013841443
0.1965934850
0.1885232182
0.1781417048
0.1666358771
0.1554925834
0.1460114096
0.1389591690
0.1344766414
0.1322519203
0.1318101885
0.1326110495
0.1341936014
0.1362477138
0.1386995923
0.1416556727
0.1451574045
0.1490705953
0.1531199769
0.1568828398
0.1598116080
0.1612393169
0.1602329853
0.1557276606
0.1473970029
0.1352973390
0.1200205066
0.1022438330
0.0827484908
0.0624131918
0.0421413623
0.0228702315
0.0053319311
-0.0102845515
-0.0240920924
-0.0361319360
-0.0464106032
-0.0549921332
-0.0619462647
-0.0672456113
-0.0707372991
-0.0722302907
-0.0716046198
-0.0689021651
-0.0644090679
-0.0584973068
-0.0514986025
-0.0437532247
-0.0357047854
-0.0278612319
-0.0206736072
-0.0144730846
-0.0093985342
-0.0054033084
-0.0022508416
0.0004390132
0.0030780067
0.0060549317
0.0096628183
0.0140561187
0.0191691653
0.0249518190
0.0314946247
0.0389382510
0.0475053625
0.0573247411
0.0682930148
0.0800454736
0.0923602302
0.1050377428
0.1177638844
0.1302573913
0.1421248648
0.1527686935
0.1617973290
0.1689587444
0.1741151943
0.1772398108
0.1784645658
0.1780010730
0.1760215694
0.1726587670
0.1680582567
0.1624281737
0.1560378647
0.1491257378
0.1420111010
0.1350475325
0.1284131903
0.1223338997
0.1170998802
0.1129216354
0.1098569725
0.1078072270
0.1064789967
0.1054766620
0.1044634469
0.1032366195
0.1016822680
0.0997954334
0.0976285194
0.0952425159
0.0926024869
0.0895555880
0.0858301776
0.0812363289
0.0754490343
0.0682207004
0.0594230415
0.0491435750
0.0377224077
0.0257322589
0.0136788998
0.0016284082
-0.0102460554
-0.0216393332
-0.0320869362
-0.0411812986
-0.0486361088
-0.0543076116
-0.0581673550
-0.0603196803
-0.0609954013
-0.0604544944
-0.0589446640
-0.0566255198
-0.0534904965
-0.0495582611
-0.0450205985
-0.0401703854
-0.0353583501
-0.0309334002
-0.0272059617
-0.0244537382
-0.0229240565
-0.0228295149
-0.0244492232
-0.0279637229
-0.0332343510
-0.0398206193
-0.0471749592
-0.0547549022
-0.0621338009
-0.0690103406
-0.0752326093
-0.0807182857
-0.0854976944
-0.0895738701
-0.0929123210
-0.0954476903
-0.0971469665
-0.0979965306
-0.0980164411
-0.0972824912
-0.0959675098
-0.0943224879
-0.0925956034
-0.0909935851
-0.0896678714
-0.0886873717
-0.0880423898
-0.0877011727
-0.0876295985
-0.0878402501
-0.0885024038
-0.0898690489
-0.0921489864
-0.0953887730
-0.0994799000
-0.1040986924
-0.1086978704
-0.1126038076
-0.1152211134
-0.1161651969
-0.1152123054
-0.1123724313
-0.1078416448
-0.1018923275
-0.0948567407
-0.0870451623
-0.0787762346
-0.0704318986
-0.0622615316
-0.0544183333
-0.0467299410
-0.0386854838
-0.0299857269
-0.0205614127
-0.0105342618
-0.0000709587
0.0105339805
0.0208143131
0.0304209157
0.0390237699
0.0462720069
0.0518332395
0.0554728275
0.0571150665
0.0568787014
0.0550852833
0.0521350354
0.0483816615
0.0437764660
0.0382280308
0.0316225626
0.0239912964
0.0155108141
0.0066466348
-0.0020620256
-0.0103315669
-0.0181701170
-0.0255458477
-0.0324330236
-0.0389346908
-0.0452425599
-0.0514396704
-0.0577020858
-0.0640805817
-0.0704061408
-0.0767575762
-0.0832250846
-0.0896492932
-0.0958062274
-0.1015019633
-0.1066883900
-0.1114424850
-0.1158068818
-0.1196895038
-0.1229643743
-0.1255085515
-0.1272085679
-0.1279739010
-0.1277439310
-0.1265007459
-0.1242712878
-0.1210975241
-0.1169659839
-0.1118403249
-0.1057886426
-0.0988170062
-0.0910531686
-0.0826584864
-0.0736090004
-0.0636774791
-0.0527708688
-0.0407686923
-0.0278596405
-0.0143021207
-0.0004583970
0.0133000748
0.0268743667
0.0403020167
0.0533520038
0.0658771825
0.0778336315
0.0890867660
0.0993582905
0.1083289710
0.1157433015
0.1214792285
0.1255643602
0.1281396245
0.1294230007
0.1297204739
0.1293252246
0.1284784731
0.1272947974
0.1255330511
0.1229807320
0.1196301423
0.1154909784
0.1105602795
0.1051069484
0.0994813064
0.0940514386
0.0891394659
0.0848850579
0.0811603877
0.0776094348
0.0739447033
0.0700577144
0.0659483126
0.0615677801
0.0569459456
0.0523226826
0.0479645476
0.0441778587
0.0412980674
0.0395013185
0.0387031960
0.0386070113
0.0388245021
0.0389338914
0.0384807091
0.0371144860
0.0347013331
0.0312116661
0.0266586228
0.0212968504
0.0155625073
0.0099369171
0.0047954518
0.0003905173
-0.0032463452
-0.0062844243
-0.0090488421
-0.0118590133
-0.0149097167
-0.0182438820
-0.0218485489
-0.0257018898
-0.0297815813
-0.0340389500
-0.0385260888
-0.0432633079
-0.0481667021
-0.0531653410
-0.0580451386
-0.0624518434
-0.0659020965
-0.0679652539
-0.0683863351
-0.0671737337
-0.0645137202
-0.0606940791
-0.0560830215
-0.0509660965
-0.0455312992
-0.0398659842
-0.0340231178
-0.0280438830
-0.0219852504
-0.0159306000
-0.0099354812
-0.0040307642
0.0018286901
0.0077661024
0.0137948470
0.0197551336
0.0254341787
0.0307328518
0.0357071910
0.0405252660
0.0454641512
0.0507495679
0.0564444822
0.0625930229
0.0691865966
0.0760858003
0.0829826057
0.0895247230
0.0954265215
0.1004872678
0.1044928315
0.1072190900
0.1083832252
0.1075763688
0.1044369489
0.0987835506
0.0909051351
0.0812426203
0.0704216103
0.0589046801
0.0470556961
0.0351532201
0.0234293318
0.0121669748
0.0013087358
-0.0090154679
-0.0183942396
-0.0261855004
-0.0317263859
-0.0345420417
-0.0344841532
-0.0317519216
-0.0267661839
-0.0202243331
-0.0129777171
-0.0058021305
0.0008047662
0.0065773826
0.0114206492
0.0154248214
0.0187906363
0.0216815598
0.0241030469
0.0258798038
0.0267546225
0.0263507131
0.0241619420
0.0197814835
0.0131336925
0.0044715798
-0.0058799584
-0.0175405010
-0.0299214729
-0.0426461416
-0.0553805286
-0.0677316200
-0.0795212131
-0.0905637700
-0.1007524698
-0.1100060422
-0.1183874013
-0.1260695984
-0.1332848239
-0.1403073838
-0.1471679211
-0.1536574125
-0.1594905974
-0.1644456479
-0.1683734940
-0.1712595546
-0.1731355088
-0.1740108307
-0.1738770085
-0.1726563244
-0.1701573714
-0.1661439619
-0.1603666595
-0.1526296901
-0.1426465347
-0.1303157165
-0.1155052636
-0.0982787564
-0.0788409992
-0.0576494969
-0.0355876169
-0.0135357441
0.0077033140
0.0276089162
0.0459047506
0.0622321395
0.0761345033
0.0872540376
0.0954849947
0.1009565339
0.1039653883
0.1049797877
0.1045714373
0.1032307722
0.1012497142
0.0985134635
0.0946975307
0.0894720971
0.0828460449
0.0751770968
0.0668408064
0.0581650975
0.0494579389
0.0408539003
0.0323749353
0.0242249303
0.0168190747
0.0105376813
0.0056279232
0.0022629048
0.0005388256
0.0004025340
0.0017254027
0.0043361513
0.0079726091
0.0122930475
0.0169357991
0.0215527780
0.0258107536
0.0294494238
0.0322797498
0.0342413635
0.0354825946
0.0363141948
0.0370829697
0.0380287185
0.0392688689
0.0408119921
0.0425595494
0.0443381198
0.0459979895
0.0474541356
0.0486965657
0.0497632357
0.0507148023
0.0516091317
0.0524988276
0.0534701641
0.0546447579
0.0561185421
0.0578544640
0.0596477711
0.0611250490
0.0617749011
0.0611113781
0.0587765127
0.0547727180
0.0493171812
0.0426816548
0.0351296236
0.0268698369
0.0181169433
0.0091460779
0.0001561083
-0.0087909752
-0.0174073597
-0.0252541996
-0.0319781686
-0.0375047688
-0.0419915820
-0.0455667532
-0.0482968679
-0.0502104670
-0.0512720817
-0.0513592808
-0.0503800838
-0.0483144987
-0.0452779843
-0.0414997112
-0.0372247857
-0.0327704511
-0.0285818440
-0.0251342555
-0.0227862225
-0.0217323278
-0.0220033105
-0.0235423405
-0.0262403098
-0.0298340296
-0.0338123921
-0.0376123374
-0.0407133500
-0.0427158802
-0.0433924301
-0.0427161762
-0.0407379753
-0.0375121409
-0.0330411674
-0.0273067577
-0.0203298513
-0.0122441816
-0.0035119461
0.0052633649
0.0136308852
0.0212372743
0.0278218254
0.0332200806
0.0373788294
0.0403727027
0.0423725683
0.0435705958
0.0441730551
0.0444021221
0.0445000906
0.0446946214
0.0451310463
0.0458310670
0.0466440520
0.0473396021
0.0477989129
0.0479959973
0.0479575012
0.0477130757
0.0472371185
0.0465563570
0.0458231842
0.0452709527
0.0451021427
0.0453458058
0.0458717836
0.0465153443
0.0471615844
0.0476972879
0.0478993314
0.0474964657
0.0461844155
0.0436930861
0.0399836708
0.0353176409
0.0300282347
0.0242101121
0.0178774622
0.0112849913
0.0047405810
-0.0016264090
-0.0079146540
-0.0141997704
-0.0204561017
-0.0265708907
-0.0322905340
-0.0373131321
-0.0413549344
-0.0442200187
-0.0458418660
-0.0462843381
-0.0457708247
-0.0446970121
-0.0435035663
-0.0425803407
-0.0421830189
-0.0424040551
-0.0433077846
-0.0449620957
-0.0473741605
-0.0505535198
-0.0546837277
-0.0599444376
-0.0662920833
-0.0733963133
-0.0806545573
-0.0876334474
-0.0941933287
-0.1003008197
-0.1060409656
-0.1112771316
-0.1156889732
-0.1190879697
-0.1216083877
-0.1236726404
-0.1256318634
-0.1276303153
-0.1295466086
-0.1312795625
-0.1328550827
-0.1344888541
-0.1363954513
-0.1386062572
-0.1409660587
-0.1431722016
-0.1448085636
-0.1456106090
-0.1456191949
-0.1450521527
-0.1441057007
-0.1428564462
-0.1413468749
-0.1393407992
-0.1363527436
-0.1319332783
-0.1259611639
-0.1189693949
-0.1118638623
-0.1052009497
-0.0986859225
-0.0913048255
-0.0822439187
-0.0713515862
-0.0589475358
-0.0453841465
-0.0306426328
-0.0149910685
0.0013004304
0.0178114985
0.0346062364
0.0518097096
0.0691841689
0.0863639123
0.1031910252
0.1198271749
0.1363295023
0.1522356990
0.1668060416
0.1795166397
0.1901555833
0.1985675114
0.2048786964
0.2097082145
0.2138045967
0.2175548027
0.2205464852
0.2222033498
0.2222839541
0.2210450619
0.2188852536
0.2160364234
0.2125531958
0.2084819052
0.2039239546
0.1990346310
0.1940517503
0.1893919526
0.1855842356
0.1830856527
0.1820168510
0.1821636262
0.1832496738
0.1850604192
0.1873232589
0.1896725501
0.1918299899
0.1937006889
0.1952384606
0.1960438367
0.1957688646
0.1942713579
0.1915382900
0.1875896451
0.1823772385
0.1758115839
0.1675183787
0.1573398931
0.1454703472
0.1322140238
0.1177981541
0.1024180684
0.0861757618
0.0693503809
0.0523689579
0.0355493577
0.0191261097
0.0035401369
-0.0114454374
-0.0261494246
-0.0408748175
-0.0558660858
-0.0712736836
-0.0867607900
-0.1020691535
-0.1167923407
-0.1304573105
-0.1427244744
-0.1534717045
-0.1627394881
-0.1705332284
-0.1767211756
-0.1811564064
-0.1837737123
-0.1846368214
-0.1839027234
-0.1818152294
-0.1786237018
-0.1743689237
-0.1688999010
-0.1620707469
-0.1535822115
-0.1433625726
-0.1315861398
-0.1187691797
-0.1054277369
-0.0920503961
-0.0790201197
-0.0668096084
-0.0558883427
-0.0463871177
-0.0381271978
-0.0307420225
-0.0237579809
-0.0168690286
-0.0098682074
-0.0027329399
0.0043998102
0.0112020038
0.0172556772
0.0221391682
0.0255551664
0.0273801527
0.0276052006
0.0262615082
0.0233489422
0.0188875908
0.0129188368
0.0056999230
-0.0024597760
-0.0111212589
-0.0198674392
-0.0282097841
-0.0356025461
-0.0415001331
-0.0454840765
-0.0473276336
-0.0468927260
-0.0440996897
-0.0387870422
-0.0309424080
-0.0209204309
-0.0092425143
0.0034500659
0.0164891229
0.0293256974
0.0415917436
0.0530763506
0.0637564328
0.0736395249
0.0825729231
0.0902457200
0.0963159066
0.1005542530
0.1029146467
0.1035226942
0.1026862310
0.1007714921
0.0980359075
0.0945788078
0.0904784287
0.0858929438
0.0807915623
0.0750634811
0.0686105688
0.0613755660
0.0534485364
0.0449023049
0.0356671627
0.0257910504
0.0154782171
0.0050667365
-0.0050715550
-0.0144797165
-0.0229116291
-0.0303234652
-0.0368583511
-0.0426236257
-0.0478154853
-0.0526311252
-0.0572258103
-0.0617710300
-0.0664923282
-0.0715624006
-0.0771067131
-0.0831304172
-0.0896361922
-0.0964760048
-0.1033594873
-0.1100021933
-0.1162631950
-0.1219954212
-0.1270870325
-0.1314894739
-0.1351113349
-0.1377516599
-0.1391952083
-0.1393524199
-0.1383312110
-0.1363777613
-0.1337310708
-0.1305992746
-0.1272384707
-0.1239031285
-0.1207746631
-0.1178671377
-0.1149799669
-0.1116522484
-0.1074241904
-0.1021882464
-0.0961794938
-0.0897700145
-0.0831676476
-0.0762572970
-0.0688430035
-0.0608761159
-0.0523852490
-0.0433346971
-0.0337064668
-0.0236687093
-0.0134346372
-0.0031102247
0.0072291236
0.0175972792
0.0281728497
0.0392216685
0.0506155606
0.0618627516
0.0724101439
0.0818944857
0.0902172976
0.0975237857
0.1040636085
0.1100627390
0.1155321317
0.1202163549
0.1236455503
0.1253665874
0.1251565279
0.1231010092
0.1194527982
0.1145640668
0.1087670760
0.1022898714
0.0952288968
0.0875612810
0.0791780715
0.0700027718
0.0602298388
0.0500621819
0.0397020963
0.0291737559
0.0186251867
0.0085323385
-0.0006902276
-0.0087287715
-0.0156089750
-0.0216838173
-0.0275231604
-0.0335652725
-0.0400413224
-0.0468638373
-0.0537486669
-0.0603825797
-0.0665004701
-0.0719562955
-0.0767489162
-0.0809857822
-0.0847778077
-0.0882231387
-0.0913140036
-0.0938883797
-0.0957058607
-0.0965380308
-0.0962085823
-0.0946514182
-0.0918902979
-0.0879933167
-0.0829510006
-0.0766031032
-0.0688626328
-0.0597568422
-0.0494649334
-0.0383733182
-0.0268259746
-0.0151769468
-0.0036478949
0.0075492482
0.0182172360
0.0281495419
0.0372045570
0.0452977394
0.0523644355
0.0583639657
0.0633076471
0.0672977413
0.0705075659
0.0731271737
0.0753417840
0.0772834651
0.0790377357
0.0806329444
0.0820537697
0.0833133865
0.0844532443
0.0854814108
0.0863875977
0.0870792100
0.0873947434
0.0872636597
0.0868107513
0.0862842703
0.0859139646
0.0858147081
0.0859629636
0.0861519284
0.0860427537
0.0853552122
0.0838778382
0.0814691855
0.0782519000
0.0744241245
0.0701104439
0.0653134859
0.0600643373
0.0544265417
0.0485105838
0.0425971573
0.0370214470
0.0321366162
0.0283647677
0.0260870729
0.0255149161
0.0266647661
0.0294115124
0.0335118324
0.0385800026
0.0442296705
0.0500488663
0.0556592683
0.0608516608
0.0656457470
0.0701114506
0.0742693555
0.0780452453
0.0812854020
0.0838183287
0.0855215278
0.0862981854
0.0860744328
0.0847797321
0.0822032835
0.0779732270
0.0720227551
0.0642437294
0.0544397537
0.0428153513
0.0298876991
0.0162409521
0.0022880609
-0.0115434504
-0.0250397657
-0.0381969734
-0.0509296210
-0.0631017769
-0.0747137520
-0.0857600097
-0.0961293844
-0.1055858367
-0.1138900704
-0.1210541503
-0.1271768148
-0.1324387386
-0.1369992798
-0.1409041067
-0.1441095495
-0.1465184242
-0.1480523471
-0.1486852642
-0.1484669888
-0.1474659865
-0.1457670803
-0.1434525770
-0.1405600769
-0.1371093427
-0.1331416015
-0.1286972666
-0.1238741140
-0.1187431258
-0.1132336900
-0.1072837066
-0.1009181933
-0.0942140533
-0.0873209487
-0.0803712213
-0.0735313717
-0.0669837845
-0.0609703762
-0.0557066168
-0.0513166545
-0.0478147303
-0.0451506089
-0.0432196159
-0.0419025991
-0.0411043212
-0.0407533264
-0.0407970407
-0.0412070712
-0.0419994944
-0.0431035576
-0.0443251372
-0.0453759751
-0.0460389874
-0.0463191037
-0.0463489028
-0.0462454793
-0.0460752926
-0.0458293202
-0.0455282645
-0.0452455872
-0.0450432032
-0.0449073307
-0.0447089140
-0.0441804197
-0.0428294885
-0.0403792458
-0.0371664531
-0.0339837853
-0.0320065762
-0.0318304534
-0.0325870525
-0.0329793486
-0.0316645375
-0.0278487157
-0.0221380506
-0.0160728749
-0.0110112552
-0.0072599035
-0.0041325313
-0.0009121312
0.0027111383
0.0067607442
0.0110691955
0.0152812882
0.0188572883
0.0213026903
0.0224377221
0.0224486026
0.0217781072
0.0207757577
0.0195138242
0.0180567307
0.0166903226
0.0156627704
0.0149757915
0.0145177241
0.0142088375
0.0139846556
0.0138156902
0.0138598485
0.0144826328
0.0161536272
0.0191158140
0.0232839037
0.0284280002
0.0343354314
0.0406509390
0.0468896617
0.0527807944
0.0583205918
0.0635140502
0.0681092534
0.0716870004
0.0739462355
0.0748548279
0.0745008799
0.0729619535
0.0703386449
0.0668196524
0.0627309235
0.0583135010
0.0536766930
0.0488665303
0.0440077239
0.0393014955
0.0349982661
0.0313752949
0.0286501763
0.0268541972
0.0258690344
0.0255163891
0.0256623797
0.0262595097
0.0271916247
0.0281736047
0.0288395925
0.0288229535
0.0278288200
0.0257555001
0.0227619525
0.0191697130
0.0152438505
0.0110045493
0.0064277333
0.0017117636
-0.0027850107
-0.0067402734
-0.0100665204
-0.0128316821
-0.0149857097
-0.0163064644
-0.0165864105
-0.0158000196
-0.0140731056
-0.0115742561
-0.0083850304
-0.0045399601
-0.0002275012
0.0042758003
0.0087908938
0.0133686513
0.0180738508
0.0228178351
0.0274275752
0.0318092476
0.0359621194
0.0398543709
0.0434047983
0.0465211620
0.0492077993
0.0515753652
0.0538475606
0.0562734073
0.0590291023
0.0620787620
0.0652262053
0.0682495521
0.0709149318
0.0731260782
0.0748929465
0.0762282085
0.0770774765
0.0773278751
0.0768214526
0.0754402263
0.0731259524
0.0698786161
0.0658226914
0.0612009161
0.0563709910
0.0515714794
0.0468146532
0.0420532231
0.0372193529
0.0323882065
0.0277433232
0.0234988113
0.0197540233
0.0165081600
0.0136415954
0.0111267435
0.0089539156
0.0070954516
0.0054898302
0.0040643782
0.0028129439
0.0017954521
0.0010749036
0.0005976000
0.0002362870
-0.0001419368
-0.0006616394
-0.0013521851
-0.0021677023
-0.0030249863
-0.0038568241
-0.0045979086
-0.0052265179
-0.0057787953
-0.0063726456
-0.0071707710
-0.0082575810
-0.0095668778
-0.0109383709
-0.0121675373
-0.0132709714
-0.0146091348
-0.0164248467
-0.0186009462
-0.0208998838
-0.0232201161
-0.0256845699
-0.0282374442
-0.0306897741
-0.0329309120
-0.0350143869
-0.0371492739
-0.0394021139
-0.0416260725
-0.0436266635
-0.0452451283
-0.0463881539
-0.0470682493
-0.0474854594
-0.0479623197
-0.0487112210
-0.0498251581
-0.0512243113
-0.0527084060
-0.0540806319
-0.0552404076
-0.0561861046
-0.0569720513
-0.0576133989
-0.0580573587
-0.0581225897
-0.0575710910
-0.0564857614
-0.0547497284
-0.0522904261
-0.0489708273
-0.0447882600
-0.0401543238
-0.0354489022
-0.0307392543
-0.0258781459
-0.0206312623
-0.0148928779
-0.0087889767
-0.0025770266
0.0034332789
0.0089825231
0.0139452120
0.0183158115
0.0221584940
0.0255900801
0.0287467311
0.0317271186
0.0345774217
0.0373140277
0.0399434353
0.0424832012
0.0449805036
0.0474916028
0.0500558831
0.0526066700
0.0549025730
0.0566854955
0.0579397979
0.0589825605
0.0601006944
0.0613520509
0.0626808660
0.0640712260
0.0655527598
0.0670711095
0.0684631126
0.0695260004
0.0702048449
0.0706524685
0.0709763213
0.0710593829
0.0706218034
0.0694341308
0.0675103618
0.0650299573
0.0620774889
0.0585509245
0.0543074710
0.0494463108
0.0441372013
0.0385887217
0.0329884822
0.0273568078
0.0216117176
0.0156348217
0.0095473374
0.0036449779
-0.0018043548
-0.0067771885
-0.0116447867
-0.0167121501
-0.0218156041
-0.0266505549
-0.0310884800
-0.0353064274
-0.0394880695
-0.0437402348
-0.0480669053
-0.0522367788
-0.0559829953
-0.0591710441
-0.0617277377
-0.0636070300
-0.0648043839
-0.0653282448
-0.0652069092
-0.0645148971
-0.0633576972
-0.0618362462
-0.0600187726
-0.0579271337
-0.0556446278
-0.0533625289
-0.0512402915
-0.0493230063
-0.0476284598
-0.0461968207
-0.0450988712
-0.0443594144
-0.0439111838
-0.0435937335
-0.0432362992
-0.0427600904
-0.0421701178
-0.0414800819
-0.0406772668
-0.0397033102
-0.0384673269
-0.0368910961
-0.0349236350
-0.0325746843
-0.0298955523
-0.0269908321
-0.0239562273
-0.0208910388
-0.0178992083
-0.0150323551
-0.0122901830
-0.0096052555
-0.0068399096
-0.0039083494
-0.0008025753
0.0024503618
0.0058654740
0.0093868469
0.0128280256
0.0160347785
0.0190000444
0.0219348968
0.0249172754
0.0278423132
0.0305789118
0.0331267677
0.0355802819
0.0379798749
0.0402748748
0.0423839077
0.0442569234
0.0459134550
0.0473332366
0.0484347833
0.0491117478
0.0492230615
0.0485229594
0.0469394380
0.0446266740
0.0418404546
0.0387314260
0.0353028302
0.0315173478
0.0273710783
0.0229199412
0.0182884179
0.0136949318
0.0093613556
0.0053623549
0.0017061768
-0.0018572546
-0.0055942323
-0.0096913444
-0.0142624700
-0.0193357843
-0.0246064865
-0.0297502352
-0.0346700759
-0.0392648202
-0.0434651368
-0.0472341948
-0.0505806987
-0.0536333932
-0.0564951985
-0.0591267007
-0.0613582905
-0.0629734689
-0.0638027673
-0.0638280144
-0.0631392812
-0.0618584956
-0.0600209191
-0.0576245459
-0.0546414271
-0.0510071906
-0.0466578191
-0.0416701125
-0.0360305923
-0.0298514457
-0.0232563324
-0.0164714551
-0.0096260764
-0.0028036918
0.0039850663
0.0106820806
0.0172388828
0.0235048584
0.0293391611
0.0346535183
0.0393138119
0.0432207853
0.0464343626
0.0490855088
0.0512737100
0.0530231770
0.0543161532
0.0551238682
0.0555033668
0.0555557929
0.0553494490
0.0548905675
0.0541655069
0.0532340433
0.0521886827
0.0510932646
0.0500248552
0.0490324462
0.0481111081
0.0471993477
0.0461594496
0.0448510410
0.0431201300
0.0408822043
0.0381170131
0.0348332088
0.0311032538
0.0269609811
0.0223422924
0.0171605287
0.0113974079
0.0050890607
-0.0016173686
-0.0084703643
-0.0151918537
-0.0214974135
-0.0272734502
-0.0325246045
-0.0373263441
-0.0417713896
-0.0458843886
-0.0495930934
-0.0527582785
-0.0552361812
-0.0569205949
-0.0577900177
-0.0578920868
-0.0572819150
-0.0560163768
-0.0542496047
-0.0522067058
-0.0500765559
-0.0482889407
-0.0466091309
-0.0444484195
-0.0415267939
-0.0377697414
-0.0334016215
-0.0290203710
-0.0250787799
-0.0214337073
-0.0179225680
-0.0146306588
-0.0117631542
-0.0095962847
-0.0084102553
-0.0082964102
-0.0089906871
-0.0099798098
-0.0108426229
-0.0113935147
-0.0117080710
-0.0119282042
-0.0120962592
-0.0122348999
-0.0123723416
-0.0125416549
-0.0126398085
-0.0125133953
-0.0121980026
-0.0119419121
-0.0120994567
-0.0128510596
-0.0140909140
-0.0155497839
-0.0171021517
-0.0186767837
-0.0194992651
-0.0189673734
-0.0171885884
-0.0146574011
-0.0120377415
-0.0099374648
-0.0084853231
-0.0073805929
-0.0060591729
-0.0042169341
-0.0020856717
-0.0001038493
0.0014760928
0.0027270667
0.0037735272
0.0047467296
0.0057483892
0.0067858492
0.0077750807
0.0086431860
0.0094677324
0.0103837635
0.0113722274
0.0121877290
0.0125282208
0.0123317212
0.0118253727
0.0113706731
0.0112444894
0.0115786897
0.0124278319
0.0137024890
0.0151300349
0.0164251280
0.0174531983
0.0182412915
0.0188875464
0.0195120478
0.0202805932
0.0213558639
0.0227566973
0.0243843105
0.0260803078
0.0277325020
0.0292759952
0.0307612224
0.0322725554
0.0338668314
0.0355567742
0.0372615276
0.0388051911
0.0400402862
0.0408714201
0.0412120451
0.0409993358
0.0402455790
0.0389877534
0.0372339564
0.0349534267
0.0321256247
0.0288121841
0.0251767115
0.0213627771
0.0173695371
0.0131824178
0.0088018038
0.0042831502
-0.0002975354
-0.0048842105
-0.0093257757
-0.0134357771
-0.0171560877
-0.0205239084
-0.0236940600
-0.0269244983
-0.0303566987
-0.0339731713
-0.0376372440
-0.0411758435
-0.0444249340
-0.0472424921
-0.0495300830
-0.0512493585
-0.0523997488
-0.0530102611
-0.0531477028
-0.0529040249
-0.0523728438
-0.0516479386
-0.0507911875
-0.0497967949
-0.0486719625
-0.0474661855
-0.0462215497
-0.0449610372
-0.0436736789
-0.0423568250
-0.0410256784
-0.0396462729
-0.0381524967
-0.0365259937
-0.0347929289
-0.0330297466
-0.0313050308
-0.0296144737
-0.0278967303
-0.0261014396
-0.0242236498
-0.0223003989
-0.0203704421
-0.0184703066
-0.0166728990
-0.0150362039
-0.0135621458
-0.0122306588
-0.0109875699
-0.0097181828
-0.0082360495
-0.0064230162
-0.0043000319
-0.0020082132
0.0002770282
0.0023919397
0.0042206349
0.0057274373
0.0069243382
0.0078778899
0.0087061446
0.0095168795
0.0103502266
0.0111930699
0.0120290668
0.0128096177
0.0134871225
0.0140208127
0.0143719185
0.0145654723
0.0146691401
0.0147301891
0.0147706023
0.0147821045
0.0146788141
0.0143227344
0.0136124624
0.0124865642
0.0109106887
0.0089477056
0.0067874909
0.0046152684
0.0025501001
0.0006676287
-0.0010294455
-0.0025724635
-0.0039871735
-0.0052634197
-0.0063458375
-0.0071739841
-0.0077226176
-0.0080199947
-0.0081328554
-0.0081610409
-0.0081798486
-0.0081883901
-0.0081211459
-0.0078885335
-0.0074002917
-0.0066005705
-0.0054664639
-0.0040012737
-0.0022468328
-0.0002076136
0.0020993767
0.0046060127
0.0071885202
0.0097025209
0.0120457279
0.0141927018
0.0161789261
0.0180391221
0.0197770647
0.0213836276
0.0228457912
0.0241418317
0.0252612904
0.0262082975
0.0269845036
0.0275881323
0.0280172666
0.0283201727
0.0285461309
0.0287217653
0.0288456249
0.0289133428
0.0289240752
0.0288874739
0.0288348332
0.0288204148
0.0288956380
0.0291114042
0.0294611925
0.0298929173
0.0303213262
0.0306687089
0.0308662818
0.0308755191
0.0307039557
0.0303782968
0.0299581852
0.0294841451
0.0289529639
0.0283626731
0.0277066923
0.0269874717
0.0262250327
0.0254341121
0.0245679534
0.0235970093
0.0225858740
0.0216806568
0.0210414260
0.0207106082
0.0205849574
0.0205273132
0.0204382710
0.0201934311
0.0196968528
0.0188436101
0.0176842711
0.0167433407
0.0167108918
0.0176735979
0.0188080154
0.0193185977
0.0189306611
0.0178472560
0.0165393210
0.0154883574
0.0149202419
0.0147189608
0.0146421166
0.0144956079
0.0142345287
0.0139316300
0.0137019042
0.0136275470
0.0137291054
0.0139891928
0.0143546800
0.0147555177
0.0151493459
0.0155567636
0.0160386940
0.0166244033
0.0173100499
0.0180780253
0.0189288625
0.0198591641
0.0208762059
0.0219989805
0.0231154860
0.0240004153
0.0244778973
0.0245730162
0.0244287353
0.0241465909
0.0237213870
0.0230841177
0.0222509557
0.0213598756
0.0205054930
0.0196203565
0.0186261785
0.0175870575
0.0166324489
0.0158427865
0.0151164233
0.0142852227
0.0132854417
0.0121930138
0.0111852760
0.0104188401
0.0099015075
0.0095153696
0.0090623872
0.0083718184
0.0074288748
0.0063134559
0.0051073354
0.0038332742
0.0025095611
0.0012150847
0.0000600866
-0.0008974115
-0.0016900471
-0.0024004346
-0.0030544383
-0.0035865491
-0.0039571131
-0.0042136114
-0.0044739157
-0.0047771149
-0.0050696764
-0.0052576464
-0.0052558248
-0.0050863206
-0.0048227625
-0.0045338937
-0.0043037883
-0.0042105361
-0.0042891122
-0.0045395789
-0.0049352287
-0.0055284233
-0.0063872217
-0.0075247117
-0.0089148422
-0.0104539684
-0.0119697498
-0.0132709122
-0.0142265201
-0.0148232874
-0.0151672358
-0.0154323637
-0.0157348997
-0.0160844512
-0.0163919019
-0.0165765366
-0.0166070389
-0.0165165831
-0.0163380621
-0.0160678492
-0.0157007410
-0.0152582689
-0.0147404479
-0.0141054657
-0.0132845905
-0.0122448182
-0.0110326017
-0.0097025061
-0.0082643535
-0.0066838830
-0.0049834573
-0.0032903230
-0.0017679704
-0.0005370829
0.0003619816
0.0009536679
0.0013331147
0.0016254741
0.0019279517
0.0022772263
0.0026649445
0.0030263216
0.0032844868
0.0034091672
0.0033938739
0.0032616400
0.0030401442
0.0027236582
0.0022916610
0.0017416493
0.0010882770
0.0003142677
-0.0006038189
-0.0016687058
-0.0028612665
-0.0041795008
-0.0056333487
-0.0072096121
-0.0088958865
-0.0106905851
-0.0125829636
-0.0145598914
-0.0166310574
-0.0187672322
-0.0209288984
-0.0231022222
-0.0252839099
-0.0275024654
-0.0298129274
-0.0322693356
-0.0348830442
-0.0375746999
-0.0402089185
-0.0426585912
-0.0448381546
-0.0467119549
-0.0482945586
-0.0496158314
-0.0507392352
-0.0517307042
-0.0526182463
-0.0534159764
-0.0541161007
-0.0547236819
-0.0552496152
-0.0557213239
-0.0561436190
-0.0565263817
-0.0568925795
-0.0572529744
-0.0575728452
-0.0577920753
-0.0578501415
-0.0576875785
-0.0572692433
-0.0565791853
-0.0556177967
-0.0544087333
-0.0529890331
-0.0514015295
-0.0496789898
-0.0478350627
-0.0458971935
-0.0439234854
-0.0419340340
-0.0398568357
-0.0375993548
-0.0351035623
-0.0323324423
-0.0292645152
-0.0260136409
-0.0227360244
-0.0195555770
-0.0164599381
-0.0133878808
-0.0103445273
-0.0073257983
-0.0042686903
-0.0010955454
0.0021989262
0.0055424391
0.0088505513
0.0121174205
0.0153617962
0.0186013977
0.0217831477
0.0248133781
0.0276172579
0.0301883773
0.0325604953
0.0347871333
0.0368288924
0.0385773306
0.0399791705
0.0410468546
0.0418900236
0.0425947222
0.0431906827
0.0436802812
0.0440701644
0.0443569348
0.0445226953
0.0445626569
0.0444954349
0.0442989649
0.0439163946
0.0433128844
0.0425039480
0.0415068612
0.0402987452
0.0388755070
0.0373085431
0.0357147629
0.0341709810
0.0326719275
0.0311984097
0.0297856152
0.0285006033
0.0273964142
0.0264587628
0.0256591896
0.0249659044
0.0243540525
0.0238257432
0.0234136254
0.0231499186
0.0230437712
0.0230851095
0.0232568209
0.0235383954
0.0238585770
0.0241591146
0.0244203492
0.0246239249
0.0247690347
0.0248603047
0.0248796157
0.0247936304
0.0245733862
0.0242231465
0.0237679731
0.0232098943
0.0225438991
0.0217469609
0.0208217221
0.0197843702
0.0186983744
0.0176096770
0.0165283813
0.0154460198
0.0143075092
0.0130743385
0.0117401276
0.0103301236
0.0089049165
0.0075050824
0.0061683779
0.0049282704
0.0037993035
0.0027858079
0.0018594707
0.0009711284
0.0000347310
-0.0010473080
-0.0023008709
-0.0036703708
-0.0050445552
-0.0063029078
-0.0074034204
-0.0084310392
-0.0095247105
-0.0108042230
-0.0123134613
-0.0140015758
-0.0157315098
-0.0173604479
-0.0188459120
-0.0203828917
-0.0221790929
-0.0241701801
-0.0257132884
-0.0258966649
-0.0243381166
-0.0217127356
-0.0193132907
-0.0182025363
-0.0184981887
-0.0193647397
-0.0196575055
-0.0188150026
-0.0169570641
-0.0146641736
-0.0125264814
-0.0108051260
-0.0094584359
-0.0083098220
-0.0071397432
-0.0057494898
-0.0040447956
-0.0021667119
-0.0003802599
0.0012082618
0.0025767676
0.0036418499
0.0043329997
0.0046867168
0.0048459113
0.0050000489
0.0053710126
0.0061137114
0.0072346652
0.0085158920
0.0095854264
0.0100961641
0.0099475163
0.0093380477
0.0085291558
0.0076612873
0.0067388886
0.0056924954
0.0044904540
0.0031420097
0.0016757456
0.0001358309
-0.0013525278
-0.0025937004
-0.0034806119
-0.0040976339
-0.0046555247
-0.0053607043
-0.0062717726
-0.0072494960
-0.0081233664
-0.0088656951
-0.0095444508
-0.0102053092
-0.0108089897
-0.0112945469
-0.0116831644
-0.0120731141
-0.0124863866
-0.0128083150
-0.0129276299
-0.0128546124
-0.0126738710
-0.0124970154
-0.0124165000
-0.0124535379
-0.0125768942
-0.0127145580
-0.0128063461
-0.0128037925
-0.0126605035
-0.0123535191
-0.0119307873
-0.0115102168
-0.0111675564
-0.0108731844
-0.0105189403
-0.0100181209
-0.0093617849
-0.0085857120
-0.0077829709
-0.0070714680
-0.0064810209
-0.0058958527
-0.0051427051
-0.0040941447
-0.0027876131
-0.0013923666
-0.0000554522
0.0011129778
0.0020669248
0.0027598724
0.0031723181
0.0033362230
0.0033018444
0.0031391290
0.0029164807
0.0026861281
0.0024711753
0.0022605370
0.0020488306
0.0018608947
0.0017523980
0.0017444805
0.0017757385
0.0017395517
0.0015872149
0.0013317698
0.0009908791
0.0005055532
-0.0002423351
-0.0013221765
-0.0026717836
-0.0041497498
-0.0055832593
-0.0068605921
-0.0079525358
-0.0088344970
-0.0094904259
-0.0099296413
-0.0102341387
-0.0105085780
-0.0108030832
-0.0110967298
-0.0113706287
-0.0116544015
-0.0119677883
-0.0123048235
-0.0126430060
-0.0129564669
-0.0132783361
-0.0136784557
-0.0141567001
-0.0146242194
-0.0150106830
-0.0153032045
-0.0154865440
-0.0155556460
-0.0155126645
-0.0153752746
-0.0151340615
-0.0147387751
-0.0141366489
-0.0133190379
-0.0123227504
-0.0112232096
-0.0100884516
-0.0089423986
-0.0077936145
-0.0066822687
-0.0056565470
-0.0047345930
-0.0038846034
-0.0030638429
-0.0023134323
-0.0016845654
-0.0011480314
-0.0006348439
-0.0001338136
0.0003215546
0.0007111475
0.0010844947
0.0015230779
0.0020474036
0.0026484365
0.0033264557
0.0041053509
0.0050292781
0.0060945699
0.0072550161
0.0084611936
0.0097042825
0.0109956155
0.0123111001
0.0135798728
0.0147551994
0.0158240899
0.0167690320
0.0175596713
0.0181486817
0.0184977002
0.0185789854
0.0183925521
0.0180034683
0.0175073563
0.0169872333
0.0165257019
0.0161840185
0.0159123474
0.0156145041
0.0152059613
0.0146275057
0.0139087144
0.0131282079
0.0123670938
0.0116660517
0.0110214029
0.0104226371
0.0098466981
0.0092572140
0.0085966146
0.0078543378
0.0070625578
0.0062739280
0.0055460652
0.0049460167
0.0045849527
0.0045412443
0.0047829830
0.0051551998
0.0054769654
0.0056377593
0.0056115419
0.0054458058
0.0052368499
0.0050865567
0.0050728421
0.0052202783
0.0054818024
0.0057495705
0.0059123141
0.0058990540
0.0056905718
0.0052937747
0.0046893747
0.0038971559
0.0029736446
0.0019865004
0.0009838512
-0.0000041193
-0.0009920241
-0.0020030839
-0.0030735790
-0.0042507086
-0.0055449653
-0.0069545548
-0.0084601278
-0.0100519317
-0.0117045700
-0.0133683922
-0.0150181513
-0.0166717740
-0.0183167959
-0.0199215898
-0.0214862518
-0.0230219140
-0.0245474952
-0.0260255280
-0.0273900339
-0.0285773290
-0.0295346023
-0.0302414547
-0.0306963616
-0.0309153771
-0.0309010622
-0.0306589165
-0.0302160818
-0.0295978496
-0.0288140123
-0.0278764571
-0.0268421176
-0.0258610406
-0.0250456574
-0.0243619278
-0.0236144402
-0.0225436919
-0.0210772945
-0.0194185647
-0.0179664747
-0.0170203854
-0.0165793345
-0.0164283773
-0.0163213861
-0.0161498153
-0.0159243456
-0.0157010667
-0.0154636580
-0.0151078743
-0.0145425715
-0.0137360852
-0.0127549859
-0.0117690090
-0.0108928284
-0.0101425874
-0.0094344619
-0.0084469010
-0.0067724729
-0.0043272701
-0.0013962095
0.0015752975
0.0042116234
0.0063563464
0.0081131373
0.0097564939
0.0115205496
0.0134183831
0.0152860252
0.0169779738
0.0185476689
0.0202167167
0.0220657362
0.0239600096
0.0256630236
0.0269647634
0.0277937804
0.0282562518
0.0285562490
0.0288862823
0.0293113974
0.0297379262
0.0299773852
0.0299486741
0.0297397767
0.0295077638
0.0293308194
0.0291774419
0.0289832960
0.0287117508
0.0283809034
0.0280194797
0.0276409729
0.0272054658
0.0267052607
0.0261836796
0.0256971972
0.0253090312
0.0250803047
0.0250289741
0.0251098892
0.0252214250
0.0252499214
0.0251947567
0.0251765930
0.0252985726
0.0255471726
0.0258360896
0.0260879167
0.0262666449
0.0263623634
0.0263428896
0.0261725474
0.0259150506
0.0256547190
0.0254186648
0.0252130907
0.0250320087
0.0248700823
0.0246750038
0.0243838812
0.0239705199
0.0234365114
0.0227520638
0.0218913454
0.0208835853
0.0197980115
0.0186801441
0.0175503082
0.0163777277
0.0151644157
0.0139292614
0.0126437906
0.0112865679
0.0098915744
0.0085233307
0.0072111516
0.0059738486
0.0048024124
0.0036746075
0.0025878479
0.0015315262
0.0005175298
-0.0003987187
-0.0011565308
-0.0017370085
-0.0021176151
-0.0022756771
-0.0022109880
-0.0019533446
-0.0015832313
-0.0011743251
-0.0007419645
-0.0002951342
0.0001314037
0.0005561175
0.0010294225
0.0016122414
0.0023136122
0.0030813219
0.0038118612
0.0043441392
0.0045582497
0.0044327772
0.0040177994
0.0033833487
0.0025869767
0.0016648392
0.0006440050
-0.0004406072
-0.0015598035
-0.0027240653
-0.0039447538
-0.0052509604
-0.0066219273
-0.0079830677
-0.0092759402
-0.0104579135
-0.0114712248
-0.0122770895
-0.0128737754
-0.0133384746
-0.0137993325
-0.0143727105
-0.0150601557
-0.0157410283
-0.0162860579
-0.0166184005
-0.0167213208
-0.0166257800
-0.0163697857
-0.0159860015
-0.0155084529
-0.0149484127
-0.0143143039
-0.0135751358
-0.0127013386
-0.0116694861
-0.0105077268
-0.0093273153
-0.0082481142
-0.0073507783
-0.0066447733
-0.0060975010
-0.0056688086
-0.0053410521
-0.0051381042
-0.0050601246
-0.0050866041
-0.0052459214
-0.0055357539
-0.0059179201
-0.0063378977
-0.0067180033
-0.0070026546
-0.0071651465
-0.0072355083
-0.0072815334
-0.0073786493
-0.0075563242
-0.0077733043
-0.0079888928
-0.0082085227
-0.0084459018
-0.0087149748
-0.0089908944
-0.0092092438
-0.0093186183
-0.0092998847
-0.0091441090
-0.0088603215
-0.0084834727
-0.0080409414
-0.0075101674
-0.0068681499
-0.0061503637
-0.0054313859
-0.0047901826
-0.0042690448
-0.0038806775
-0.0036196886
-0.0034800227
-0.0034394082
-0.0034438115
-0.0034440498
-0.0034341715
-0.0034596363
-0.0035523555
-0.0037138053
-0.0039156060
-0.0041476988
-0.0044136424
-0.0047481559
-0.0052374687
-0.0059522809
-0.0068460381
-0.0077975299
-0.0086705426
-0.0093911399
-0.0099823190
-0.0105405902
-0.0111825966
-0.0119890755
-0.0129380737
-0.0139194986
-0.0147979515
-0.0154634211
-0.0158738735
-0.0160566727
-0.0160578051
-0.0159090093
-0.0156131644
-0.0151680722
-0.0145750945
-0.0138432762
-0.0129979829
-0.0120089860
-0.0107982721
-0.0092829126
-0.0074689993
-0.0055035181
-0.0036069925
-0.0019388122
-0.0005002963
0.0007799336
0.0019948399
0.0032206532
0.0044668923
0.0057060065
0.0068917065
0.0079513811
0.0088269251
0.0095054365
0.0099965302
0.0103217301
0.0104967945
0.0105441060
0.0104817173
0.0103204200
0.0101102865
0.0099071772
0.0097551320
0.0096766224
0.0096519823
0.0095989641
0.0094832537
0.0093319413
0.0091747816
0.0090185766
0.0088371098
0.0086099673
0.0083625071
0.0081462894
0.0080041107
0.0079614178
0.0080121933
0.0081266454
0.0082253023
0.0082752488
0.0083011620
0.0083358241
0.0083827137
0.0084505352
0.0085643803
0.0087385343
0.0089350044
0.0091110162
0.0092376810
0.0093209202
0.0093926498
0.0094674808
0.0095283891
0.0095239555
0.0094040262
0.0091432282
0.0087613759
0.0082906072
0.0077250898
0.0070609783
0.0063984197
0.0058334063
0.0054038509
0.0050998264
0.0049117210
0.0048447470
0.0049051358
0.0050856752
0.0053551427
0.0056938707
0.0060781189
0.0064608950
0.0067688602
0.0069479651
0.0069914662
0.0069406537
0.0068795862
0.0068928212
0.0070635334
0.0074069954
0.0078537235
0.0082693200
0.0085188008
0.0085347588
0.0083134266
0.0078734637
0.0072655576
0.0065668337
0.0058347615
0.0050933440
0.0043489244
0.0035763799
0.0027561138
0.0018984989
0.0010270577
0.0001352092
-0.0008135187
-0.0018046894
-0.0027586941
-0.0035960040
-0.0042866830
-0.0048716128
-0.0054566914
-0.0061703120
-0.0070490017
-0.0080295724
-0.0089978002
-0.0098392594
-0.0104847224
-0.0109006076
-0.0110685738
-0.0110053117
-0.0107710783
-0.0104388690
-0.0100679045
-0.0096835504
-0.0093078415
-0.0089334648
-0.0085567640
-0.0081707001
-0.0077674644
-0.0073318344
-0.0068725872
-0.0064286156
-0.0060389952
-0.0057299709
-0.0055152861
-0.0053828279
-0.0053018662
-0.0052533704
-0.0052314874
-0.0052177010
-0.0051538838
-0.0049902409
-0.0047060714
-0.0043239978
-0.0039019373
-0.0034602425
-0.0029999450
-0.0025379636
-0.0021056141
-0.0017305091
-0.0014371571
-0.0012523728
-0.0012025928
-0.0013087269
-0.0015765557
-0.0020098852
-0.0025728351
-0.0032170294
-0.0038996250
-0.0046068017
-0.0053606111
-0.0061800185
-0.0070071866
-0.0077654807
-0.0083637506
-0.0087792287
-0.0090576871
-0.0092423737
-0.0093232665
-0.0092168009
-0.0087950017
-0.0080312822
-0.0070473185
-0.0060476566
-0.0052433167
-0.0047238999
-0.0044278225
-0.0042161783
-0.0039543575
-0.0036062686
-0.0031958302
-0.0028038369
-0.0025091429
-0.0022994010
-0.0020091325
-0.0014399171
-0.0005336466
0.0005709097
0.0016250138
0.0024219201
0.0028686474
0.0030034630
0.0029233902
0.0027352063
0.0025484991
0.0024169692
0.0023278360
0.0022493035
0.0021165115
0.0018670011
0.0014589550
0.0009068501
0.0002784204
-0.0003822963
-0.0010522501
-0.0016947849
-0.0022460786
-0.0026134199
-0.0027617354
-0.0027843683
-0.0028200169
-0.0029698609
-0.0032495627
-0.0035882566
-0.0038530966
-0.0039416266
-0.0038054965
-0.0034360530
-0.0028585537
-0.0021282750
-0.0013202165
-0.0004790123
0.0003892872
0.0012518813
0.0020387755
0.0026831948
0.0031740109
0.0035493742
0.0038147279
0.0039704576
0.0040117123
0.0039599531
0.0038853324
0.0038573889
0.0038791098
0.0038934535
0.0038345880
0.0036412526
0.0033189438
0.0029409344
0.0025733051
0.0022582166
0.0020121761
0.0018162101
0.0016113347
0.0013136024
0.0008645991
0.0002443051
-0.0005288212
-0.0014207675
-0.0024015700
-0.0034425347
-0.0045127871
-0.0055687520
-0.0066150674
-0.0076945061
-0.0088121514
-0.0099212404
-0.0109563644
-0.0118612782
-0.0126253382
-0.0132466791
-0.0137247754
-0.0140581098
-0.0142364605
-0.0142426483
-0.0140940671
-0.0138167116
-0.0134322539
-0.0129673991
-0.0124265292
-0.0118167868
-0.0111486451
-0.0104405418
-0.0097198112
-0.0090355783
-0.0084262133
-0.0079110420
-0.0074632852
-0.0070534190
-0.0066593309
-0.0063047604
-0.0060560797
-0.0059375782
-0.0058849789
-0.0057528161
-0.0054302386
-0.0049050765
-0.0042457540
-0.0035343828
-0.0028332008
-0.0021898214
-0.0016287871
-0.0011401501
-0.0006588600
-0.0000931384
0.0006343371
0.0015519689
0.0026061619
0.0036966660
0.0047133325
0.0055901451
0.0063030676
0.0068600362
0.0072960029
0.0077035805
0.0082075013
0.0089014748
0.0097689139
0.0106675437
0.0114309449
0.0119479296
0.0121892242
0.0122094900
0.0121229126
0.0120420789
0.0120360095
0.0121275312
0.0123050604
0.0125165336
0.0127008575
0.0128114015
0.0128244802
0.0127521289
0.0126210526
0.0124696144
0.0123320025
0.0122201188
0.0121374273
0.0120910706
0.0120460906
0.0119575148
0.0118291550
0.0116876128
0.0115686161
0.0114720538
0.0113793553
0.0112866197
0.0111793620
0.0110342226
0.0108417347
0.0105750672
0.0102255824
0.0098059889
0.0093055099
0.0087366617
0.0081466891
0.0075964561
0.0070818762
0.0065562611
0.0059948908
0.0054165248
0.0048605755
0.0043672576
0.0039159154
0.0034639107
0.0029651786
0.0024007787
0.0017640179
0.0010379360
0.0002153661
-0.0006872830
-0.0016569860
-0.0027131797
-0.0038883471
-0.0051966026
-0.0066047266
-0.0080829533
-0.0096054998
-0.0111501698
-0.0126950398
-0.0141739312
-0.0155285041
-0.0167318533
-0.0177830983
-0.0187028746
-0.0195136021
-0.0202151106
-0.0207877411
-0.0211880458
-0.0214008069
-0.0214532329
-0.0213905556
-0.0212074307
-0.0208387238
-0.0201822841
-0.0191720889
-0.0178058806
-0.0161676164
-0.0143883724
-0.0125802546
-0.0108483222
-0.0093035115
-0.0079928231
-0.0068802176
-0.0058984973
-0.0050029911
-0.0041917980
-0.0034798325
-0.0028683987
-0.0023685356
-0.0020179472
-0.0018439767
-0.0018737218
-0.0021422967
-0.0026083853
-0.0031594162
-0.0036815621
-0.0041329236
-0.0045603562
-0.0050401423
-0.0055811254
-0.0061446267
-0.0066731121
-0.0070989770
-0.0073859725
-0.0075167031
-0.0075026473
-0.0074078170
-0.0073013817
-0.0072228285
-0.0071803954
-0.0071939775
-0.0072773566
-0.0074256847
-0.0076180912
-0.0078301787
-0.0079909875
-0.0080176409
-0.0078807766
-0.0076243456
-0.0073069633
-0.0069704655
-0.0066088197
-0.0062035048
-0.0057180024
-0.0051131072
-0.0043881466
-0.0035782296
-0.0027444162
-0.0019406544
-0.0011922364
-0.0004840512
0.0002048065
0.0008857983
0.0015660720
0.0022389145
0.0028657067
0.0034017877
0.0038307162
0.0041633001
0.0044043837
0.0045523083
0.0045970862
0.0045093757
0.0042570474
0.0038844079
0.0034641609
0.0030710180
0.0027264398
0.0024025744
0.0020627806
0.0016879428
0.0012975060
0.0009097190
0.0005739909
0.0003662846
0.0003370502
0.0005152802
0.0008574062
0.0013010928
0.0018165957
0.0023816994
0.0030030625
0.0036795444
0.0043981788
0.0051517462
0.0059020753
0.0066234972
0.0072829256
0.0078389941
0.0082432809
0.0084453244
0.0084291222
0.0082460270
0.0080044955
0.0077886924
0.0076360106
0.0075427273
0.0074618344
0.0073054763
0.0070076396
0.0065638390
0.0060294307
0.0055066912
0.0050846559
0.0048196235
0.0047099388
0.0047190939
0.0048011282
0.0049100334
0.0050196012
0.0051332087
0.0052736976
0.0054355523
0.0056046465
0.0057994304
0.0060694812
0.0064349536
0.0068227887
0.0071103023
0.0071727236
0.0069746896
0.0066015261
0.0061940950
0.0058740097
0.0057089864
0.0057358049
0.0059548100
0.0063137090
0.0067400010
0.0071783022
0.0075972111
0.0079913428
0.0083633583
0.0087076471
0.0090283173
0.0093353461
0.0096438552
0.0099655246
0.0103144321
0.0106911402
0.0110915930
0.0115156497
0.0119790611
0.0125099239
0.0131129457
0.0137719167
0.0144669856
0.0151681610
0.0158460210
0.0165026827
0.0171250154
0.0177033378
0.0182072808
0.0186150834
0.0189158282
0.0191131346
0.0192065511
0.0191982686
0.0191057255
0.0189620072
0.0187931158
0.0185870976
0.0183075512
0.0179171648
0.0174186472
0.0168471048
0.0162305528
0.0155969399
0.0149701440
0.0143769369
0.0138396716
0.0133508354
0.0129007693
0.0124850025
0.0121060664
0.0117820359
0.0115462482
0.0114335503
0.0114568286
0.0115873719
0.0117795712
0.0119989790
0.0122592514
0.0125441862
0.0127694562
0.0128754482
0.0129141737
0.0129775912
0.0130662559
0.0131114505
0.0130107433
0.0125820828
0.0117559968
0.0107045521
0.0096921141
0.0088935624
0.0082894526
0.0077455850
0.0071083498
0.0062899141
0.0052991624
0.0041954929
0.0030120045
0.0017341699
0.0002831259
-0.0013601345
-0.0031256602
-0.0049404750
-0.0067399307
-0.0084890683
-0.0101458886
-0.0116953401
-0.0131229305
-0.0143964477
-0.0155006664
-0.0164331588
-0.0171795806
-0.0178420600
-0.0185743002
-0.0195042612
-0.0206807573
-0.0220175883
-0.0233738562
-0.0245972714
-0.0255369805
-0.0261081899
-0.0263146004
-0.0262412498
-0.0260035672
-0.0257031185
-0.0253661277
-0.0250034531
-0.0246209790
-0.0242152341
-0.0237630510
-0.0232207452
-0.0225424484
-0.0217466205
-0.0208987291
-0.0200537911
-0.0192389186
-0.0184644223
-0.0177543131
-0.0171336680
-0.0165977868
-0.0161183212
-0.0156616157
-0.0152286993
-0.0148155896
-0.0144541955
-0.0141839974
-0.0140259273
-0.0139983783
-0.0141170049
-0.0143349990
-0.0145453916
-0.0146151227
-0.0144256917
-0.0139348867
-0.0131790130
-0.0122133388
-0.0110932362
-0.0098539887
-0.0084897567
-0.0069876988
-0.0053469431
-0.0035291158
-0.0015651912
0.0004386017
0.0023895223
0.0042587631
0.0060944463
0.0079124631
0.0096811893
0.0113940180
0.0130685208
0.0147239791
0.0163398089
0.0178551091
0.0192116805
0.0203832988
0.0214023612
0.0222919018
0.0230515355
0.0236764070
0.0241609428
0.0244955947
0.0246618659
0.0246523473
0.0244518212
0.0240062034
0.0233014012
0.0224010024
0.0214235226
0.0204790024
0.0196300453
0.0189089002
0.0182855091
0.0177052993
0.0171246750
0.0165008989
0.0157939725
0.0149980557
0.0141501570
0.0132932578
0.0124551071
0.0116432841
0.0108453393
0.0100437751
0.0092572954
0.0084943013
0.0077629789
0.0070485265
0.0063625993
0.0057378255
0.0052209459
0.0048240985
0.0044562812
0.0039734427
0.0032453445
0.0022258698
0.0009557981
-0.0004494859
-0.0018495480
-0.0031452176
-0.0042745302
-0.0052226083
-0.0060164689
-0.0067211615
-0.0073844055
-0.0080259012
-0.0086281828
-0.0091516809
-0.0095552054
-0.0098476603
-0.0100478608
-0.0101453260
-0.0101334833
-0.0100464841
-0.0099581451
-0.0099489152
-0.0100697623
-0.0103081036
-0.0106089076
-0.0109053965
-0.0111235016
-0.0112191904
-0.0111907236
-0.0110455546
-0.0108291741
-0.0106208688
-0.0104993333
-0.0105046625
-0.0106358645
-0.0108376712
-0.0110236456
-0.0111233314
-0.0111174396
-0.0110165992
-0.0108461535
-0.0106279744
-0.0103813876
-0.0101221810
-0.0098767563
-0.0096777549
-0.0095365162
-0.0094278596
-0.0093178929
-0.0091961724
-0.0090920457
-0.0090400489
-0.0090596485
-0.0091228218
-0.0091853586
-0.0092261492
-0.0092553488
-0.0092637349
-0.0092271928
-0.0091217930
-0.0089255376
-0.0086371610
-0.0082922948
-0.0079049208
-0.0074636034
-0.0069784067
-0.0064732891
-0.0059528027
-0.0054128661
-0.0048596058
-0.0043382134
-0.0039123915
-0.0035900656
-0.0032512037
-0.0027566068
-0.0020221409
-0.0010952108
-0.0001347556
0.0006892404
0.0012538746
0.0015441372
0.0015994943
0.0014190333
0.0009987700
0.0003669226
-0.0004184206
-0.0012989826
-0.0022485840
-0.0032853890
-0.0044424142
-0.0057221902
-0.0070779836
-0.0084307209
-0.0097044527
-0.0108345181
-0.0117480770
-0.0123911196
-0.0127577171
-0.0129278742
-0.0130495059
-0.0132459315
-0.0135618127
-0.0139313265
-0.0142537582
-0.0144433003
-0.0144625594
-0.0142849563
-0.0139495494
-0.0135617387
-0.0131909815
-0.0128572992
-0.0125235282
-0.0121343408
-0.0116540462
-0.0110497365
-0.0103110347
-0.0094322562
-0.0084066877
-0.0072332922
-0.0059303379
-0.0044985677
-0.0029796222
-0.0014220295
0.0001284451
0.0016378046
0.0030489063
0.0043017025
0.0054171554
0.0064542387
0.0074445589
0.0084390552
0.0094410420
0.0103962650
0.0111943726
0.0117450053
0.0120295257
0.0121132090
0.0121087162
0.0120692727
0.0119503944
0.0116601896
0.0111418726
0.0104148580
0.0095321640
0.0085558018
0.0075532377
0.0065599294
0.0056100971
0.0047413848
0.0039585942
0.0032421492
0.0025241313
0.0017163541
0.0007687289
-0.0002855732
-0.0013415807
-0.0022674080
-0.0029717017
-0.0034158228
-0.0035777203
-0.0034939904
-0.0032519867
-0.0029520776
-0.0026644774
-0.0024459045
-0.0023095050
-0.0022567370
-0.0022707743
-0.0023161517
-0.0023697072
-0.0024540375
-0.0026538627
-0.0030579541
-0.0036310065
-0.0042303244
-0.0047104162
-0.0049951801
-0.0050948658
-0.0051128815
-0.0052026016
-0.0054522268
-0.0058754308
-0.0064347153
-0.0070702496
-0.0076993838
-0.0082699714
-0.0087687628
-0.0092024860
-0.0095986976
-0.0099625343
-0.0102754771
-0.0104957583
-0.0105938897
-0.0105476588
-0.0103410781
-0.0099663314
-0.0094435437
-0.0088152009
-0.0081630542
-0.0075697508
-0.0070904177
-0.0067211578
-0.0064071130
-0.0060581907
-0.0055843022
-0.0049424639
-0.0041619463
-0.0033106346
-0.0024274514
-0.0015159264
-0.0005931816
0.0003177424
0.0012169921
0.0020982894
0.0029590707
0.0037860508
0.0045724202
0.0053227434
0.0060534321
0.0067898395
0.0075330089
0.0082877280
0.0090464884
0.0097905342
0.0105311013
0.0112857241
0.0120399398
0.0127514183
0.0133899385
0.0139108461
0.0142850969
0.0145193451
0.0146250928
0.0146140939
0.0145206922
0.0143629329
0.0141329259
0.0138168966
0.0134083168
0.0129087261
0.0123589964
0.0118241810
0.0113671721
0.0110125875
0.0107622925
0.0106239330
0.0105947779
0.0106826505
0.0108857006
0.0111930181
0.0115938039
0.0120614121
0.0125758728
0.0131412052
0.0137644484
0.0144590732
0.0152327628
0.0160649922
0.0169091160
0.0176969650
0.0183765941
0.0189397208
0.0193765083
0.0196777861
0.0198356860
0.0198569436
0.0197725201
0.0196200234
0.0193855014
0.0190688726
0.0186307897
0.0179902045
0.0171223434
0.0160950800
0.0149988551
0.0139084257
0.0128972683
0.0120165135
0.0112496261
0.0105498127
0.0098469350
0.0090783896
0.0082030751
0.0071721833
0.0059797803
0.0046623734
0.0033042559
0.0020089771
0.0008594875
-0.0001224367
-0.0009379297
-0.0016191879
-0.0021944068
-0.0027025183
-0.0032107402
-0.0037570903
-0.0043186545
-0.0048239320
-0.0052190222
-0.0055056779
-0.0057491005
-0.0060932665
-0.0066816699
-0.0075213365
-0.0084844201
-0.0093878609
-0.0101055050
-0.0106375299
-0.0110860047
-0.0115425400
-0.0120554315
-0.0126262486
-0.0131746164
-0.0136114854
-0.0138942367
-0.0140353422
-0.0140694417
-0.0140397536
-0.0139503562
-0.0137509181
-0.0133831734
-0.0128127190
-0.0120474895
-0.0111245452
-0.0101052682
-0.0090537938
-0.0080167009
-0.0070388318
-0.0061550290
-0.0053801692
-0.0046833024
-0.0040428408
-0.0034897544
-0.0030894571
-0.0028507080
-0.0027776401
-0.0028303260
-0.0029199114
-0.0029865324
-0.0030023135
-0.0029724440
-0.0029424006
-0.0029572425
-0.0030150673
-0.0030915377
-0.0031412585
-0.0030832530
-0.0028665764
-0.0024965934
-0.0020246153
-0.0015269668
-0.0010703634
-0.0006910777
-0.0003853069
-0.0001318197
0.0000934136
0.0003122045
0.0005487196
0.0008337290
0.0011746323
0.0015364379
0.0018690936
0.0021416269
0.0023379674
0.0024583874
0.0025151331
0.0025427021
0.0025783412
0.0026640156
0.0028835559
0.0032813818
0.0038053773
0.0043974187
0.0050803141
0.0059202065
0.0069359167
0.0080552710
0.0091499267
0.0100999316
0.0108144817
0.0112310035
0.0113252786
0.0111178097
0.0106393951
0.0099292934
0.0090520766
0.0080737234
0.0070149695
0.0058853697
0.0046719793
0.0033495549
0.0019511552
0.0005629474
-0.0007585864
-0.0019829158
-0.0030488167
-0.0038837159
-0.0044390546
-0.0047584316
-0.0049540334
-0.0051438716
-0.0053962953
-0.0057332624
-0.0061086042
-0.0064222242
-0.0065890839
-0.0066002345
-0.0064884655
-0.0063020240
-0.0061045437
-0.0059484076
-0.0058556239
-0.0058407917
-0.0058725352
-0.0059073290
-0.0059358751
-0.0059792733
-0.0060790590
-0.0062799522
-0.0066013951
-0.0070223275
-0.0075017813
-0.0079832898
-0.0084173239
-0.0087938174
-0.0091226960
-0.0093888232
-0.0095742573
-0.0096789170
-0.0097094563
-0.0096612196
-0.0095467675
-0.0093722878
-0.0091396606
-0.0088605287
-0.0085421827
-0.0081627581
-0.0076851503
-0.0070963035
-0.0063929358
-0.0055920051
-0.0046972420
-0.0036969813
-0.0025698663
-0.0013002594
0.0000963013
0.0016077664
0.0031958954
0.0048391284
0.0065491800
0.0082947892
0.0099917265
0.0115571657
0.0129581619
0.0142177787
0.0153626696
0.0164029452
0.0173257192
0.0180881804
0.0186419144
0.0189513636
0.0190051812
0.0188238328
0.0184392048
0.0178816589
0.0171640001
0.0163144804
0.0153918692
0.0144365129
0.0134740807
0.0125259337
0.0115860692
0.0105898409
0.0095053551
0.0083765185
0.0072804461
0.0062927164
0.0054437304
0.0047046007
0.0039823106
0.0031588374
0.0021758996
0.0010072693
-0.0003166516
-0.0016921662
-0.0029966320
-0.0041350249
-0.0050816190
-0.0058542553
-0.0064898208
-0.0070557083
-0.0076038207
-0.0081603378
-0.0087093643
-0.0092185625
-0.0096636473
-0.0100228875
-0.0102806952
-0.0104736421
-0.0106974539
-0.0110508838
-0.0115697559
-0.0122290452
-0.0129803447
-0.0137413255
-0.0144344627
-0.0150036884
-0.0154382332
-0.0157585925
-0.0159967117
-0.0161536716
-0.0162071043
-0.0161372991
-0.0159376686
-0.0156001300
-0.0151038330
-0.0144110660
-0.0135131838
-0.0124247158
-0.0111921521
-0.0098708128
-0.0084700830
-0.0069934765
-0.0054751712
-0.0039541443
-0.0024301604
-0.0008902178
0.0006594839
0.0022100835
0.0037044163
0.0050619994
0.0062474204
0.0073005971
0.0082674770
0.0091596970
0.0099495444
0.0105957845
0.0110673895
0.0113542710
0.0114570580
0.0113901543
0.0111818342
0.0108623484
0.0104559595
0.0099677747
0.0093796673
0.0086360952
0.0077231135
0.0066948234
0.0056366054
0.0046071496
0.0036222740
0.0026837114
0.0018095034
0.0010413807
0.0004301765
-0.0000140658
-0.0003334664
-0.0005907547
-0.0008232926
-0.0010301931
-0.0011841190
-0.0012465669
-0.0011935413
-0.0010221674
-0.0007482670
-0.0003972108
0.0000050959
0.0004394337
0.0008894014
0.0012954683
0.0015840714
0.0017060458
0.0016774517
0.0015888855
0.0015526543
0.0016536901
0.0019019822
0.0022099199
0.0024772321
0.0026040849
0.0025484029
0.0023775478
0.0021865625
0.0020183520
0.0018713651
0.0017250304
0.0015850455
0.0014803510
0.0014250028
0.0013974101
0.0013761873
0.0013467256
0.0013133404
0.0012948133
0.0013064124
0.0013827977
0.0015222045
0.0016550660
0.0016606765
0.0014618387
0.0010665316
0.0005488066
0.0000471595
-0.0003025668
-0.0004368047
-0.0003687868
-0.0001361951
0.0001980955
0.0005770817
0.0009657711
0.0013495131
0.0017281790
0.0021067924
0.0024922420
0.0028744488
0.0032412935
0.0035772015
0.0038601327
0.0040514534
0.0041116756
0.0040361164
0.0038180253
0.0034571981
0.0029531501
0.0023525702
0.0017389936
0.0011656925
0.0006501430
0.0002149641
-0.0001372413
-0.0004258620
-0.0006890906
-0.0009609075
-0.0012438002
-0.0015149901
-0.0017346622
-0.0018698049
-0.0019170905
-0.0019051405
-0.0018479788
-0.0017217433
-0.0014789869
-0.0010900349
-0.0005682914
0.0000713257
0.0008087320
0.0016133317
0.0024373156
0.0032144373
0.0038956289
0.0044233016
0.0047516458
0.0048563291
0.0047616676
0.0045355102
0.0042181768
0.0038182266
0.0033448208
0.0027857923
0.0021268702
0.0013806593
0.0005953439
-0.0001822704
-0.0009252854
-0.0016314325
-0.0022921858
-0.0028949152
-0.0034055108
-0.0038124785
-0.0041482095
-0.0044990740
-0.0049272238
-0.0053899002
-0.0057530389
-0.0058980347
-0.0058345543
-0.0056334501
-0.0054161554
-0.0053134550
-0.0053871920
-0.0056291023
-0.0060033465
-0.0064473440
-0.0068733422
-0.0072218714
-0.0074606724
-0.0075858125
-0.0076300301
-0.0076355961
-0.0076051308
-0.0075250077
-0.0073790578
-0.0071752616
-0.0069085268
-0.0065361190
-0.0060330768
-0.0054398408
-0.0048732893
-0.0045179483
-0.0044597393
-0.0046601862
-0.0049907361
-0.0053259098
-0.0055763728
-0.0056957196
-0.0056806476
-0.0055317896
-0.0053001194
-0.0050443094
-0.0047743985
-0.0044775722
-0.0041247507
-0.0036589330
-0.0030396646
-0.0022710785
-0.0013809687
-0.0003918792
0.0006542451
0.0017135770
0.0027406606
0.0036919667
0.0045364377
0.0052789921
0.0059252352
0.0064716889
0.0069078466
0.0072245879
0.0074435671
0.0076182096
0.0078186469
0.0080746708
0.0083925357
0.0087699396
0.0091893259
0.0095995340
0.0099658947
0.0102807026
0.0105293841
0.0107011843
0.0108114322
0.0108925990
0.0109277421
0.0108874178
0.0107442917
0.0104977567
0.0101740815
0.0097782252
0.0093067534
0.0087597475
0.0081343283
0.0074326718
0.0067158064
0.0060122093
0.0052973741
0.0045386323
0.0037282141
0.0029003591
0.0020526928
0.0011703497
0.0002647187
-0.0006340260
-0.0014875077
-0.0022667522
-0.0029748466
-0.0036403126
-0.0042996263
-0.0049586869
-0.0056157912
-0.0062709333
-0.0069123275
-0.0075572568
-0.0082330000
-0.0088844953
-0.0093980383
-0.0096506648
-0.0095735467
-0.0091989332
-0.0086378049
-0.0080303348
-0.0074639513
-0.0069589736
-0.0064871140
-0.0060166776
-0.0055311775
-0.0050194783
-0.0044609125
-0.0038454966
-0.0032033829
-0.0025810509
-0.0020105632
-0.0015061125
-0.0010447877
-0.0006005269
-0.0001717256
0.0002421760
0.0006687868
0.0011209206
0.0015558022
0.0018806468
0.0019888615
0.0018395957
0.0014590149
0.0009299026
0.0003603514
-0.0001620240
-0.0005749337
-0.0008979141
-0.0011829333
-0.0014785391
-0.0018238316
-0.0022607761
-0.0028231789
-0.0034901223
-0.0042086990
-0.0049233868
-0.0055743285
-0.0061192715
-0.0065385193
-0.0068553287
-0.0071024403
-0.0073052543
-0.0074781847
-0.0076177433
-0.0076791180
-0.0076163740
-0.0074126577
-0.0070754027
-0.0066429717
-0.0061554220
-0.0056351547
-0.0050831675
-0.0045062610
-0.0039345128
-0.0034079955
-0.0029441097
-0.0025303199
-0.0021244632
-0.0016966116
-0.0012648320
-0.0008704701
-0.0005440058
-0.0003111243
-0.0001974765
-0.0002079869
-0.0003325833
-0.0005564230
-0.0008451653
-0.0011806676
-0.0015580109
-0.0019671835
-0.0023730328
-0.0027233896
-0.0029761234
-0.0031139411
-0.0031456513
-0.0031018630
-0.0030269189
-0.0029721554
-0.0029823275
-0.0030797683
-0.0032769015
-0.0035627401
-0.0038822171
-0.0041720126
-0.0044192447
-0.0046137333
-0.0047554384
-0.0048405502
-0.0048917039
-0.0049677946
-0.0051606408
-0.0055191505
-0.0059735488
-0.0064027238
-0.0066715133
-0.0067219861
-0.0065645717
-0.0062324446
-0.0057602918
-0.0051807052
-0.0045282536
-0.0038219119
-0.0030786388
-0.0022812602
-0.0014254558
-0.0005340752
0.0003374820
0.0011315656
0.0018389355
0.0024899334
0.0031092603
0.0036945365
0.0042418844
0.0047697547
0.0053446501
0.0060184304
0.0067393186
0.0073872774
0.0078440865
0.0080565589
0.0080529099
0.0078964755
0.0076885773
0.0075342154
0.0074874886
0.0075511060
0.0077138836
0.0079367406
0.0081635279
0.0083692278
0.0085344036
0.0086553987
0.0087650323
0.0088818825
0.0089860611
0.0090617654
0.0091225776
0.0091853067
0.0092236992
0.0091891038
0.0090595893
0.0088350151
0.0084998081
0.0080252646
0.0074246188
0.0067472961
0.0060300784
0.0053098837
0.0046156726
0.0039434985
0.0032699003
0.0026103608
0.0019989004
0.0014494927
0.0009531276
0.0004767155
0.0000046739
-0.0004497030
-0.0008716240
-0.0012596657
-0.0016169704
-0.0019482545
-0.0022401047
-0.0024847418
-0.0026781417
-0.0028414981
-0.0030114805
-0.0031993460
-0.0033771868
-0.0035044815
-0.0035679472
-0.0035542815
-0.0034653792
-0.0033387877
-0.0032312828
-0.0031727755
-0.0031228305
-0.0029814312
-0.0026338241
-0.0020232793
-0.0012047504
-0.0003278397
0.0004452711
0.0010499615
0.0015637975
0.0020920475
0.0026723869
0.0032769008
0.0038227979
0.0041917432
0.0042728907
0.0040378757
0.0035877126
0.0031282537
0.0028426009
0.0027545499
0.0027790183
0.0027896382
0.0026851429
0.0023995538
0.0018649657
0.0010552759
0.0000732040
-0.0008945633
-0.0017020252
-0.0023671478
-0.0030232602
-0.0037667894
-0.0045930797
-0.0054236866
-0.0061472639
-0.0067187997
-0.0071870273
-0.0076073736
-0.0079972567
-0.0083273492
-0.0085518937
-0.0086599360
-0.0087023772
-0.0087571495
-0.0088610690
-0.0089854690
-0.0090093986
-0.0088014634
-0.0083026572
-0.0075160147
-0.0065106505
-0.0054089299
-0.0043405028
-0.0033698554
-0.0024996125
-0.0017055928
-0.0009670227
-0.0002552338
0.0004454285
0.0011580666
0.0018911365
0.0026140520
0.0032758934
0.0038258511
0.0042230086
0.0045125910
0.0047845706
0.0050998575
0.0054545427
0.0057605501
0.0059188579
0.0059163961
0.0058390079
0.0057823680
0.0057699673
0.0057611549
0.0057058777
0.0055903116
0.0054270492
0.0052231524
0.0049610732
0.0046599864
0.0043840994
0.0041719630
0.0040144694
0.0038871569
0.0037965434
0.0037651122
0.0037962214
0.0038773838
0.0039876591
0.0041277417
0.0043031325
0.0044998134
0.0046935234
0.0048562433
0.0049675637
0.0050150018
0.0049759128
0.0048586947
0.0047002271
0.0045538072
0.0044638161
0.0044275687
0.0043958207
0.0043410660
0.0042965502
0.0043109723
0.0043955194
0.0045405915
0.0047244912
0.0049302119
0.0051305234
0.0052858023
0.0053348984
0.0052681360
0.0051769755
0.0051905791
0.0054051891
0.0058157407
0.0063526626
0.0069041761
0.0073634536
0.0076568389
0.0077606474
0.0076918637
0.0074604133
0.0070887346
0.0066187897
0.0061067812
0.0055934448
0.0050651925
0.0045134643
0.0039631951
0.0034293901
0.0029108584
0.0023993561
0.0018824521
0.0013947359
0.0010128954
0.0007824761
0.0006560601
0.0004819694
0.0000933353
-0.0005877626
-0.0015373402
-0.0026430511
-0.0037508003
-0.0047110106
-0.0054551460
-0.0059807618
-0.0063257397
-0.0065457981
-0.0066756975
-0.0067410313
-0.0067445982
-0.0066771223
-0.0065375438
-0.0063174543
-0.0060382380
-0.0057432065
-0.0054768706
-0.0052634767
-0.0050914699
-0.0049592716
-0.0048766215
-0.0048330960
-0.0047801207
-0.0046667434
-0.0044782679
-0.0042369904
-0.0039962835
-0.0037769142
-0.0035803272
-0.0033957517
-0.0032143870
-0.0030412056
-0.0028939885
-0.0027830796
-0.0027017863
-0.0026401866
-0.0025990355
-0.0026024699
-0.0026758590
-0.0028054179
-0.0029811647
-0.0032231513
-0.0035246156
-0.0038558116
-0.0041779739
-0.0044842907
-0.0048070436
-0.0051685820
-0.0055514040
-0.0059153584
-0.0062288303
-0.0064847728
-0.0067013643
-0.0069018394
-0.0070855792
-0.0072435236
-0.0073829511
-0.0074973847
-0.0075719121
-0.0075797135
-0.0074450919
-0.0071413627
-0.0067724766
-0.0064378144
-0.0061784020
-0.0059962128
-0.0058466027
-0.0056917960
-0.0055534491
-0.0054560704
-0.0053717565
-0.0052210155
-0.0048969214
-0.0043345896
-0.0035470323
-0.0026264291
-0.0016806692
-0.0008094100
-0.0000917121
0.0004325484
0.0007667223
0.0009450146
0.0010207433
0.0010566148
0.0010821180
0.0011097766
0.0011646112
0.0012819514
0.0014858023
0.0017926617
0.0021743586
0.0025717559
0.0029744669
0.0034167465
0.0039134477
0.0044113938
0.0048347081
0.0051218331
0.0052444226
0.0052170963
0.0051116706
0.0050262419
0.0050384895
0.0051698418
0.0054170895
0.0057432820
0.0060905523
0.0063759756
0.0065438944
0.0065740925
0.0064879985
0.0063101925
0.0060754277
0.0058252496
0.0055862378
0.0053830973
0.0052052100
0.0050435263
0.0048582558
0.0046158080
0.0043169721
0.0039956462
0.0037094131
0.0034915745
0.0033155804
0.0031048230
0.0027853297
0.0023272572
0.0017540397
0.0010953426
0.0003878743
-0.0003491646
-0.0010614688
-0.0016714704
-0.0021602236
-0.0025295049
-0.0028022485
-0.0030067767
-0.0031701842
-0.0033036386
-0.0033979618
-0.0034099473
-0.0032682275
-0.0029033228
-0.0023093688
-0.0015675805
-0.0008121871
-0.0001708646
0.0002738647
0.0005043310
0.0005945855
0.0006569325
0.0007856321
0.0010075654
0.0012781588
0.0015366689
0.0017138879
0.0017720613
0.0017485677
0.0017398877
0.0018505072
0.0021559551
0.0026410948
0.0032013104
0.0037235836
0.0041382106
0.0044320889
0.0046175689
0.0046935189
0.0046700845
0.0046162507
0.0046281740
0.0047466459
0.0049557528
0.0051812707
0.0053357422
0.0053808087
0.0053186147
0.0051920313
0.0050535541
0.0049256184
0.0048164060
0.0047407875
0.0047184900
0.0047333148
0.0047310143
0.0046872882
0.0045984430
0.0044737359
0.0043231037
0.0041379079
0.0039295256
0.0037766159
0.0037916132
0.0040353244
0.0044415156
0.0048355104
0.0050413569
0.0049678227
0.0046508520
0.0041842061
0.0036915559
0.0032722429
0.0029833060
0.0028451056
0.0028466822
0.0029314743
0.0030419628
0.0031415863
0.0032340362
0.0033405485
0.0034807680
0.0036775438
0.0039143129
0.0041906766
0.0045098590
0.0048525069
0.0051785750
0.0054691559
0.0057543875
0.0060630913
0.0063917338
0.0067219446
0.0070279765
0.0073147143
0.0076176693
0.0079540309
0.0082968691
0.0085996789
0.0088326540
0.0089869789
0.0090702181
0.0090985813
0.0090608180
0.0089346195
0.0087322429
0.0084550206
0.0080785493
0.0075878479
0.0070156986
0.0063934524
0.0057335059
0.0050345836
0.0042984798
0.0035113732
0.0026404286
0.0016606092
0.0005798391
-0.0005576941
-0.0016909804
-0.0027901327
-0.0038333120
-0.0047815345
-0.0056161627
-0.0063494650
-0.0069982417
-0.0075849983
-0.0081025899
-0.0085537441
-0.0089496375
-0.0092859547
-0.0095528813
-0.0097265245
-0.0097765968
-0.0097050671
-0.0095380853
-0.0093130596
-0.0090845330
-0.0089056049
-0.0088009008
-0.0087466318
-0.0086552951
-0.0084298993
-0.0080159163
-0.0074398071
-0.0067728948
-0.0061304813
-0.0056521053
-0.0054389445
-0.0054825492
-0.0056581702
-0.0058050298
-0.0058440721
-0.0057874967
-0.0056934554
-0.0056010974
-0.0054888458
-0.0053374801
-0.0051678115
-0.0050136021
-0.0049223631
-0.0049559423
-0.0051153240
-0.0053352796
-0.0055210268
-0.0056635852
-0.0058521518
-0.0062115593
-0.0068169666
-0.0076180468
-0.0085052928
-0.0093545164
-0.0100953499
-0.0107096740
-0.0111913157
-0.0115329252
-0.0117640128
-0.0119512974
-0.0121461909
-0.0123880775
-0.0126725091
-0.0129645569
-0.0132228235
-0.0134252593
-0.0135602288
-0.0135978293
-0.0135375057
-0.0133979767
-0.0131844680
-0.0128940338
-0.0125329431
-0.0121020547
-0.0116211975
-0.0110995720
-0.0105192660
-0.0098704501
-0.0091717691
-0.0084475745
-0.0077117964
-0.0069929273
-0.0063176423
-0.0056629517
-0.0049933533
-0.0043122528
-0.0036534809
-0.0030380421
-0.0024715039
-0.0019640874
-0.0015185007
-0.0011088114
-0.0007141735
-0.0003152916
0.0001168368
0.0005939226
0.0010983862
0.0016174196
0.0021410281
0.0026568441
0.0031560300
0.0036382157
0.0040856387
0.0044775759
0.0047990609
0.0050514853
0.0052592829
0.0054488472
0.0056263852
0.0057842547
0.0059226638
0.0060363698
0.0061075658
0.0061323147
0.0061189710
0.0060855932
0.0060619478
0.0060568643
0.0060620788
0.0060536564
0.0059948353
0.0058616755
0.0056372005
0.0053559747
0.0051058788
0.0049581895
0.0049310964
0.0049847200
0.0050414775
0.0050326118
0.0049374307
0.0047641442
0.0045252160
0.0042374611
0.0039043791
0.0035196231
0.0031024774
0.0026766872
0.0022782995
0.0019219704
0.0016069485
0.0013327668
0.0010986807
0.0009097441
0.0007712951
0.0007160438
0.0007679518
0.0008906227
0.0009892973
0.0009466378
0.0006607508
0.0001006611
-0.0006443265
-0.0014343481
-0.0021511225
-0.0027240194
-0.0031480754
-0.0034575912
-0.0036778465
-0.0038387974
-0.0039733013
-0.0040928509
-0.0041758000
-0.0041977289
-0.0041459387
-0.0040293512
-0.0038553971
-0.0036272479
-0.0033496496
-0.0030814581
-0.0028787870
-0.0027602492
-0.0027297261
-0.0027672356
-0.0028438488
-0.0029232422
-0.0029893539
-0.0030378156
-0.0030736353
-0.0031312314
-0.0032113353
-0.0033025491
-0.0034082220
-0.0035307545
-0.0036617131
-0.0037872573
-0.0038892257
-0.0039557209
-0.0039938187
-0.0040114584
-0.0040035571
-0.0039620848
-0.0038716075
-0.0037328579
-0.0035394404
-0.0032943732
-0.0030330608
-0.0027826074
-0.0025535404
-0.0023435216
-0.0021478021
-0.0019739183
-0.0018265502
-0.0017254870
-0.0016875964
-0.0016998129
-0.0017473730
-0.0018268626
-0.0019352327
-0.0020511829
-0.0021414626
-0.0022074470
-0.0022617561
-0.0023036236
-0.0023290610
-0.0023289055
-0.0023005379
-0.0022413733
-0.0021595271
-0.0020822640
-0.0020524723
-0.0021209237
-0.0022618375
-0.0023653373
-0.0023086745
-0.0020134839
-0.0015088549
-0.0008954056
-0.0003055439
0.0001567216
0.0004471196
0.0005795575
0.0006061761
0.0005754840
0.0005257415
0.0004803494
0.0004602907
0.0004595188
0.0004503952
0.0004041866
0.0003153735
0.0002130653
0.0001156195
0.0000194788
-0.0000764657
-0.0000988492
0.0000075862
0.0002448778
0.0005263524
0.0007183027
0.0007347396
0.0005588736
0.0002603975
-0.0000539922
-0.0003071410
-0.0004622470
-0.0004970105
-0.0003950440
-0.0001953997
0.0000139633
0.0001553671
0.0002099346
0.0002071728
0.0001814582
0.0001501986
0.0001359448
0.0001674405
0.0002353951
0.0003280676
0.0004571187
0.0006366828
0.0008533523
0.0010703642
0.0012790070
0.0015316128
0.0018851471
0.0023626675
0.0029413548
0.0035678946
0.0041859603
0.0047572888
0.0052892463
0.0058151234
0.0063505316
0.0069282670
0.0075512689
0.0081725654
0.0087524791
0.0092784346
0.0097564791
0.0101820827
0.0105515447
0.0108724294
0.0111170547
0.0112576495
0.0112868936
0.0111950462
0.0110211957
0.0108233711
0.0106547166
0.0105051806
0.0103332841
0.0101113375
0.0097843464
0.0093447832
0.0088452146
0.0083310352
0.0078002612
0.0072217826
0.0066151030
0.0060301709
0.0055329316
0.0051696553
0.0048785837
0.0045945793
0.0042771193
0.0039041771
0.0034719756
0.0030038249
0.0025299861
0.0020178406
0.0014327249
0.0007711138
0.0000810961
-0.0005589767
-0.0010768103
-0.0014460072
-0.0016738648
-0.0018222269
-0.0020017116
-0.0022946868
-0.0027012156
-0.0031693589
-0.0036710740
-0.0041918246
-0.0047173553
-0.0052160482
-0.0056551118
-0.0060234332
-0.0063227006
-0.0065732465
-0.0067556326
-0.0068257272
-0.0067713153
-0.0066112778
-0.0063496856
-0.0059513268
-0.0054043113
-0.0047605404
-0.0041368724
-0.0036600314
-0.0033599838
-0.0031752040
-0.0029704574
-0.0026273928
-0.0021129787
-0.0014644004
-0.0007417846
0.0000036112
0.0007299547
0.0014181015
0.0020755803
0.0027050978
0.0033187795
0.0039192572
0.0045128182
0.0050964831
0.0056474933
0.0061690174
0.0066741491
0.0071674536
0.0076083654
0.0079627353
0.0082263089
0.0084308394
0.0086037869
0.0087920632
0.0090362741
0.0093204761
0.0096026353
0.0098447071
0.0100069443
0.0100575200
0.0099829333
0.0097904084
0.0095196403
0.0092386210
0.0090290056
0.0089290756
0.0089024740
0.0089121332
0.0089308002
0.0089150124
0.0088252671
0.0086659757
0.0084881431
0.0083157433
0.0081812253
0.0081200875
0.0081546977
0.0083236853
0.0086057557
0.0089536936
0.0093341914
0.0097460649
0.0101993064
0.0106862181
0.0111711092
0.0115717396
0.0117968689
0.0118226045
0.0116934897
0.0114788041
0.0112447040
0.0110487669
0.0109091343
0.0108557609
0.0109274535
0.0110552138
0.0111223617
0.0110304996
0.0106807779
0.0100764609
0.0093430364
0.0086518607
0.0081154392
0.0077676346
0.0075806017
0.0074804348
0.0074053819
0.0073109158
0.0071834760
0.0070492163
0.0069511974
0.0069166930
0.0069336133
0.0069589603
0.0069009512
0.0066914697
0.0062993379
0.0057394391
0.0050670873
0.0043353823
0.0035608319
0.0027351834
0.0019282270
0.0012229608
0.0006694050
0.0002208926
-0.0002481706
-0.0008488676
-0.0016033579
-0.0024784334
-0.0034031297
-0.0042969336
-0.0050949776
-0.0057481397
-0.0062516142
-0.0066407461
-0.0069771188
-0.0073137832
-0.0076348264
-0.0079024043
-0.0081236033
-0.0083358167
-0.0085938538
-0.0089035916
-0.0092075266
-0.0094700121
-0.0097105295
-0.0099604766
-0.0102429763
-0.0105601750
-0.0109086532
-0.0113033623
-0.0117698232
-0.0123146307
-0.0129156911
-0.0135156115
-0.0140618698
-0.0145256217
-0.0149144094
-0.0152550196
-0.0155885316
-0.0159324874
-0.0162593009
-0.0165232224
-0.0167050445
-0.0168165211
-0.0169184865
-0.0170726856
-0.0172784521
-0.0174846998
-0.0176702227
-0.0178501130
-0.0180643100
-0.0183216144
-0.0185766835
-0.0187781200
-0.0188905663
-0.0189007954
-0.0187959359
-0.0185821977
-0.0182883661
-0.0179559125
-0.0176204613
-0.0172759208
-0.0168853789
-0.0164041665
-0.0158520386
-0.0153138703
-0.0148670979
-0.0145853088
-0.0144753865
-0.0144800200
-0.0145095971
-0.0144851419
-0.0143740650
-0.0141727247
-0.0139117121
-0.0136602846
-0.0134996461
-0.0134530155
-0.0134464873
-0.0133566606
-0.0130807484
-0.0125793886
-0.0119000186
-0.0111305110
-0.0103768800
-0.0096850974
-0.0090406484
-0.0084147333
-0.0077448078
-0.0069791780
-0.0061144649
-0.0052100714
-0.0043225929
-0.0034847664
-0.0027538652
-0.0021733571
-0.0017391609
-0.0014271655
-0.0012144289
-0.0010596399
-0.0008865377
-0.0005783917
-0.0001093678
0.0004323710
0.0009067605
0.0012161801
0.0013418916
0.0013378310
0.0012777576
0.0012305778
0.0012447624
0.0013333760
0.0014740004
0.0016612287
0.0018887672
0.0021421102
0.0024251332
0.0027623031
0.0031811091
0.0036972899
0.0043440223
0.0051407939
0.0060430476
0.0069916039
0.0079431209
0.0088614465
0.0097402250
0.0105696270
0.0113435312
0.0120631811
0.0127166823
0.0133148263
0.0138660511
0.0143388182
0.0146985988
0.0149425728
0.0151068455
0.0152106022
0.0152438209
0.0152081004
0.0151189102
0.0150022303
0.0148643149
0.0146876073
0.0144120356
0.0140095548
0.0134883659
0.0128618143
0.0121547028
0.0113951060
0.0105993299
0.0097750425
0.0089387274
0.0080946701
0.0072622357
0.0064446557
0.0056307433
0.0048232318
0.0040370001
0.0032779311
0.0025422084
0.0018266768
0.0011296982
0.0004496885
-0.0002415963
-0.0009693180
-0.0017404295
-0.0025390257
-0.0032963894
-0.0039241194
-0.0043904870
-0.0047194026
-0.0049411064
-0.0050774171
-0.0051465280
-0.0051871795
-0.0052513157
-0.0053638204
-0.0054972423
-0.0055476654
-0.0054029412
-0.0050332217
-0.0044774315
-0.0038576183
-0.0032891853
-0.0028297353
-0.0024807198
-0.0022298659
-0.0020633771
-0.0019446121
-0.0018466865
-0.0017348354
-0.0016131859
-0.0015314670
-0.0015212749
-0.0016012892
-0.0017477528
-0.0019136117
-0.0020624038
-0.0021607832
-0.0021713557
-0.0020550229
-0.0017953167
-0.0014339285
-0.0010757474
-0.0008455864
-0.0007929095
-0.0008603987
-0.0009382273
-0.0009510692
-0.0008687766
-0.0007079484
-0.0005010610
-0.0002957392
-0.0001227236
-0.0000161355
0.0000225543
0.0000352918
0.0000463419
0.0000777956
0.0001267375
0.0001802972
0.0002402474
0.0003307271
0.0004422313
0.0005639406
0.0006993422
0.0008596874
0.0010621083
0.0013158917
0.0015938053
0.0018546100
0.0020535300
0.0021755347
0.0022372602
0.0022601084
0.0022621572
0.0022662740
0.0022993891
0.0023672292
0.0024262901
0.0024267468
0.0023384611
0.0021577070
0.0019160927
0.0016672936
0.0014313512
0.0012040954
0.0009495940
0.0006764896
0.0004119049
0.0001759136
-0.0000473561
-0.0002939953
-0.0005674190
-0.0008396525
-0.0010759872
-0.0012459637
-0.0013127364
-0.0012490613
-0.0011014216
-0.0009418770
-0.0008243244
-0.0007616278
-0.0007184632
-0.0006602394
-0.0005792217
-0.0004870010
-0.0004001226
-0.0003194191
-0.0002038497
-0.0000227653
0.0002310805
0.0005192207
0.0007919687
0.0010108214
0.0011325730
0.0011229094
0.0010393778
0.0010018898
0.0011196171
0.0014324407
0.0018934436
0.0024066660
0.0028833642
0.0033087028
0.0036906869
0.0040089641
0.0042552895
0.0044564315
0.0046375305
0.0048075277
0.0049587342
0.0050650630
0.0050975304
0.0050774349
0.0050497356
0.0050498459
0.0051029988
0.0052206136
0.0054254135
0.0057273403
0.0060776549
0.0063699832
0.0064944631
0.0063948343
0.0060885886
0.0056352161
0.0051337431
0.0046662778
0.0042709278
0.0039645784
0.0037405882
0.0035441145
0.0033361023
0.0031101470
0.0028727124
0.0026392636
0.0024198232
0.0022124550
0.0019847210
0.0016824071
0.0012943129
0.0008663096
0.0004657734
0.0001396566
-0.0000597023
-0.0001047884
-0.0000143815
0.0001340335
0.0002562828
0.0002793821
0.0001857303
0.0000067029
-0.0002070160
-0.0004320687
-0.0006446257
-0.0008532383
-0.0010966194
-0.0014043625
-0.0017937860
-0.0022326268
-0.0026845293
-0.0031520197
-0.0036284129
-0.0040588839
-0.0043981330
-0.0046202868
-0.0047539329
-0.0048508600
-0.0049483386
-0.0050539212
-0.0051609953
-0.0052431006
-0.0052753956
-0.0052316014
-0.0051018700
-0.0048830817
-0.0045939960
-0.0042689626
-0.0039316854
-0.0036052879
-0.0033106058
-0.0030841893
-0.0029550464
-0.0029443554
-0.0030292830
-0.0031893982
-0.0033928065
-0.0035969232
-0.0037624994
-0.0038667246
-0.0038996465
-0.0038585798
-0.0037570651
-0.0036563150
-0.0036539265
-0.0037658961
-0.0039041201
-0.0039605009
-0.0038549478
-0.0035771526
-0.0031666144
-0.0027094367
-0.0023035422
-0.0020525833
-0.0019805169
-0.0020338985
-0.0021544762
-0.0023035659
-0.0024438328
-0.0025271371
-0.0025356979
-0.0024909726
-0.0024133142
-0.0022964085
-0.0021533645
-0.0019898889
-0.0017928097
-0.0015436871
-0.0011959772
-0.0006875383
0.0000100628
0.0008357903
0.0016450516
0.0023178852
0.0028211560
0.0032104863
0.0035981208
0.0040727902
0.0046575076
0.0053306284
0.0060435405
0.0067699290
0.0074943130
0.0081758665
0.0087813308
0.0093054137
0.0097669377
0.0101693593
0.0104976383
0.0107481627
0.0109554318
0.0111496887
0.0113370029
0.0114647410
0.0114771684
0.0113609621
0.0111284607
0.0108184564
0.0104605041
0.0100738629
0.0096736914
0.0092558299
0.0088531492
0.0085274090
0.0083117242
0.0081454086
0.0079662807
0.0077399597
0.0074800870
0.0072219899
0.0069807331
0.0067430542
0.0064973446
0.0062311663
0.0059339528
0.0056336514
0.0053720859
0.0051603869
0.0049662417
0.0047593961
0.0045429741
0.0043332928
0.0041635288
0.0040362555
0.0039007797
0.0037230307
0.0035231448
0.0033617269
0.0032661321
0.0032018611
0.0031040806
0.0029531086
0.0027887782
0.0026418165
0.0025281867
0.0024323417
0.0023431486
0.0022522701
