0.0016516254
0.0031408122
0.0043949530
0.0053712316
0.0056588059
0.0045683644
0.0024233587
0.0000859157
-0.0014352798
-0.0023903155
-0.0026318682
-0.0026855376
-0.0028751826
-0.0029008109
-0.0024654067
-0.0015323853
-0.0000552573
0.0015967719
0.0033107346
0.0041969224
0.0032726735
0.0008244828
-0.0015016321
-0.0030339149
-0.0035465332
-0.0030505909
-0.0015642398
0.0002021080
0.0015687011
0.0021740722
0.0019703336
0.0018644633
0.0021208014
0.0025001734
0.0019838004
0.0005326281
-0.0009472104
-0.0021655075
-0.0036120054
-0.0046332918
-0.0048916464
-0.0043682813
-0.0029901357
-0.0010515332
0.0014660994
0.0044045658
0.0064945194
0.0060970348
0.0034677474
-0.0005989927
-0.0048685817
-0.0069517847
-0.0057603524
-0.0034831127
-0.0005131055
0.0037152629
0.0080680796
0.0108239111
0.0123353419
0.0111431437
0.0089261012
0.0061953994
0.0026856244
-0.0019834143
-0.0079315514
-0.0138544949
-0.0165027014
-0.0148301380
-0.0095678178
-0.0050651906
-0.0029717363
-0.0038913215
-0.0072401116
-0.0108050357
-0.0121337230
-0.0096930207
-0.0046475504
0.0025212912
0.0102942666
0.0164247300
0.0183061108
0.0166071062
0.0140013478
0.0116097919
0.0092120928
0.0060698675
0.0021199877
-0.0015829924
-0.0036500353
-0.0043980090
-0.0041438415
-0.0027786688
-0.0010971632
-0.0002462625
-0.0000722286
-0.0010213333
-0.0022919696
-0.0023759381
0.0004975241
0.0056991375
0.0107087282
0.0124682435
0.0091323394
0.0032591121
-0.0014670725
-0.0029748416
-0.0028558109
-0.0025850056
-0.0028902337
-0.0031912443
-0.0032485903
-0.0034817222
-0.0044467779
-0.0059451859
-0.0058785569
-0.0013032036
0.0074671831
0.0174385538
0.0237842748
0.0227255722
0.0145712050
0.0030166551
-0.0066966378
-0.0117160335
-0.0122765663
-0.0097821142
-0.0052964209
0.0000912417
0.0053793828
0.0081205086
0.0058628110
-0.0004630341
-0.0067307479
-0.0093466748
-0.0072744156
-0.0015424185
0.0056793101
0.0134054245
0.0209455557
0.0264692864
0.0292719117
0.0298001649
0.0280107772
0.0238492093
0.0172783904
0.0097927438
0.0034796268
-0.0006675512
-0.0019457362
-0.0004870205
0.0013884438
-0.0000963658
-0.0063979391
-0.0152753629
-0.0230954440
-0.0277359077
-0.0296809021
-0.0303556644
-0.0301833316
-0.0277623254
-0.0212412468
-0.0108902681
0.0015012553
0.0128962890
0.0192775021
0.0183995343
0.0119667128
0.0040533763
-0.0015459943
-0.0037007511
-0.0035198529
-0.0033735853
-0.0061393086
-0.0120665375
-0.0180725874
-0.0208280515
-0.0204796421
-0.0194555952
-0.0181068913
-0.0145854143
-0.0069803541
0.0041961556
0.0152218552
0.0221431860
0.0236985344
0.0213618384
0.0172407099
0.0126534099
0.0072959516
0.0007185922
-0.0058566943
-0.0107305814
-0.0135847682
-0.0146151382
-0.0124365891
-0.0062781174
0.0025928661
0.0103952090
0.0126789523
0.0075596967
-0.0026885819
-0.0123993619
-0.0160527401
-0.0113826541
-0.0021412665
0.0059349135
0.0092709465
0.0071108156
0.0001288008
-0.0091821266
-0.0181295575
-0.0254046359
-0.0299919358
-0.0305424644
-0.0271683639
-0.0210210573
-0.0132605568
-0.0054751557
0.0012961419
0.0075815695
0.0131061537
0.0167253686
0.0189434896
0.0203244106
0.0215089805
0.0223626018
0.0221535499
0.0198907610
0.0148804567
0.0074405902
-0.0003841204
-0.0049675849
-0.0042350389
0.0018293605
0.0091778123
0.0127353753
0.0116170373
0.0077990493
0.0030925217
-0.0020341434
-0.0066259984
-0.0090988092
-0.0094437561
-0.0089115558
-0.0083429570
-0.0079887091
-0.0075674040
-0.0077816378
-0.0099549081
-0.0138904246
-0.0173065042
-0.0172186534
-0.0127234404
-0.0052370123
0.0036906217
0.0140946306
0.0256844998
0.0356661851
0.0407367656
0.0394529103
0.0342329602
0.0275269262
0.0201593857
0.0126552310
0.0054664706
-0.0008817226
-0.0052106203
-0.0083626139
-0.0126033882
-0.0181080481
-0.0223040919
-0.0239411634
-0.0218524346
-0.0164082932
-0.0091712938
-0.0031252539
-0.0018449751
-0.0065713715
-0.0144670738
-0.0219392614
-0.0256689930
-0.0237559109
-0.0155927509
-0.0034414359
0.0098411633
0.0215400565
0.0292343251
0.0297861276
0.0252330143
0.0198328217
0.0166284827
0.0147344167
0.0102753990
0.0011200317
-0.0125975341
-0.0274479699
-0.0413801783
-0.0543880236
-0.0677228784
-0.0793187190
-0.0861746698
-0.0853732274
-0.0752129410
-0.0599884283
-0.0437283403
-0.0337289206
-0.0288518540
-0.0272090301
-0.0275195479
-0.0304676975
-0.0370539606
-0.0473792564
-0.0591416460
-0.0682241746
-0.0696054160
-0.0630745675
-0.0516816824
-0.0401272192
-0.0330580351
-0.0311516825
-0.0322298311
-0.0305776672
-0.0207666185
-0.0020557692
0.0205855788
0.0378613509
0.0485522900
0.0538849455
0.0569091124
0.0588438055
0.0596051288
0.0600506351
0.0610586282
0.0620468080
0.0618493393
0.0616259844
0.0635306800
0.0682865064
0.0741710347
0.0778895349
0.0762764739
0.0694495982
0.0596230663
0.0512129864
0.0480574654
0.0504335849
0.0581623841
0.0683441096
0.0782706069
0.0847697618
0.0854586552
0.0789514499
0.0663680235
0.0512083828
0.0343805322
0.0199567819
0.0100065868
0.0041002960
0.0040448578
0.0089586857
0.0151978995
0.0190800725
0.0175989438
0.0110521041
0.0023021787
-0.0059952209
-0.0125275661
-0.0181692700
-0.0239230539
-0.0293803104
-0.0351313041
-0.0413059976
-0.0466746921
-0.0495866071
-0.0488904293
-0.0438347068
-0.0344921745
-0.0220220943
-0.0089974995
0.0011457710
0.0068842068
0.0081694909
0.0048981352
-0.0018729436
-0.0085045507
-0.0106870625
-0.0065250334
0.0011890648
0.0081174917
0.0117376835
0.0123099637
0.0112647591
0.0098349418
0.0076960029
0.0042499009
-0.0015626203
-0.0107214368
-0.0230307830
-0.0368727021
-0.0486666132
-0.0539406963
-0.0499110138
-0.0365760653
-0.0167551237
0.0043811877
0.0202069454
0.0285568741
0.0294809323
0.0227415400
0.0105487836
-0.0053585870
-0.0239597730
-0.0418018070
-0.0552274747
-0.0633519851
-0.0672456240
-0.0680989092
-0.0666312943
-0.0634784463
-0.0593291259
-0.0556576149
-0.0534350623
-0.0516631978
-0.0484193494
-0.0422439524
-0.0322856757
-0.0190290034
-0.0058551178
0.0038374426
0.0078551667
0.0086234305
0.0110028405
0.0175657028
0.0277658191
0.0385020671
0.0460951041
0.0474876473
0.0405248141
0.0271633618
0.0122661634
0.0001737205
-0.0073982015
-0.0110167996
-0.0135954212
-0.0178950883
-0.0245815044
-0.0321797155
-0.0387423982
-0.0439255745
-0.0478550805
-0.0517262487
-0.0562413532
-0.0606122544
-0.0632760145
-0.0625228901
-0.0571811995
-0.0470322852
-0.0332747153
-0.0202233901
-0.0117412945
-0.0088476687
-0.0106112092
-0.0144739049
-0.0178248624
-0.0204492461
-0.0217953550
-0.0215966045
-0.0212464601
-0.0215767522
-0.0226394800
-0.0235132898
-0.0234465264
-0.0219252553
-0.0193059285
-0.0165530202
-0.0139053060
-0.0097357034
-0.0021224224
0.0084198029
0.0202142533
0.0315104713
0.0406695802
0.0469791449
0.0509376948
0.0528382871
0.0521241640
0.0486926323
0.0429138297
0.0350540830
0.0262683240
0.0189529312
0.0164420500
0.0196051915
0.0262378264
0.0337360487
0.0407858729
0.0474667476
0.0536480846
0.0586988674
0.0611238519
0.0581963442
0.0487687592
0.0335343985
0.0170152056
0.0048875946
-0.0011012352
-0.0046207333
-0.0083910951
-0.0145292884
-0.0250419859
-0.0394361140
-0.0573008687
-0.0768757111
-0.0956709096
-0.1108797123
-0.1190766370
-0.1199731988
-0.1139242397
-0.1053980311
-0.0977929264
-0.0925382971
-0.0891788671
-0.0862825292
-0.0823905238
-0.0777987766
-0.0742862332
-0.0742926501
-0.0784543587
-0.0853993326
-0.0946616425
-0.1036756413
-0.1108030383
-0.1159555920
-0.1186005705
-0.1202294040
-0.1213162049
-0.1229440223
-0.1252182146
-0.1289850874
-0.1333351826
-0.1341244321
-0.1268349334
-0.1073575553
-0.0745045469
-0.0322277521
0.0116471129
0.0503331584
0.0811131714
0.1043209220
0.1248608716
0.1467471881
0.1693126281
0.1882544608
0.1972481382
0.1983833195
0.1950068509
0.1894033198
0.1832208651
0.1773171254
0.1712560515
0.1682646723
0.1714708325
0.1817903992
0.1946437242
0.2053103950
0.2113363754
0.2124998502
0.2076595418
0.2004843115
0.1918775992
0.1768894393
0.1580006767
0.1389239416
0.1229911521
0.1110801120
0.1007114614
0.0900914515
0.0788373377
0.0656720489
0.0497772525
0.0318267261
0.0129560416
-0.0055330051
-0.0201166405
-0.0290171603
-0.0312838806
-0.0284657955
-0.0237310798
-0.0189051761
-0.0143861167
-0.0102486999
-0.0069046556
-0.0051395433
-0.0054270660
-0.0067287720
-0.0080760362
-0.0069424884
-0.0016880796
0.0067751743
0.0169672472
0.0276403583
0.0354262292
0.0389328794
0.0385090076
0.0342323349
0.0262738655
0.0148515535
0.0028114971
-0.0100785869
-0.0217104509
-0.0320009347
-0.0413404579
-0.0507696373
-0.0617423631
-0.0738085098
-0.0864902758
-0.0987293493
-0.1110994954
-0.1235631197
-0.1344187789
-0.1438925090
-0.1499421715
-0.1479293429
-0.1322013300
-0.0977894092
-0.0467777448
0.0016527407
0.0217134522
0.0241826512
0.0203808570
0.0154939970
0.0106346959
0.0028956329
-0.0085676484
-0.0246799926
-0.0436488604
-0.0614082568
-0.0781657956
-0.0916005454
-0.1036553200
-0.1142559464
-0.1226277910
-0.1281527722
-0.1286865200
-0.1210986102
-0.1014422480
-0.0668414404
-0.0204762188
0.0270028623
0.0682142328
0.0923876065
0.1011709582
0.1004203192
0.0916529120
0.0778872995
0.0590736164
0.0360310313
0.0133599907
-0.0074476175
-0.0234522398
-0.0325937081
-0.0349596122
-0.0298079730
-0.0195998454
-0.0062819800
0.0092201119
0.0234273540
0.0349565952
0.0436958808
0.0496735824
0.0550509839
0.0612829836
0.0674809060
0.0726263628
0.0771491112
0.0795134131
0.0810817515
0.0823219784
0.0836227786
0.0860433627
0.0894788413
0.0925770639
0.0930414065
0.0891241558
0.0802354459
0.0665182451
0.0482150183
0.0253740054
0.0029813968
-0.0147673685
-0.0261192357
-0.0319468565
-0.0337354704
-0.0317623387
-0.0264208591
-0.0167446191
-0.0023531704
0.0144538024
0.0318883779
0.0474617923
0.0577205356
0.0627191864
0.0631100439
0.0596035813
0.0534600497
0.0452019656
0.0329020610
0.0166842960
-0.0006900026
-0.0169925238
-0.0302818041
-0.0402372202
-0.0466146660
-0.0498057649
-0.0523519818
-0.0551534269
-0.0582150867
-0.0607779749
-0.0638269417
-0.0676777260
-0.0713467203
-0.0741973742
-0.0769164632
-0.0810382951
-0.0871625213
-0.0938380812
-0.0978217670
-0.0985108949
-0.0963369024
-0.0921751704
-0.0854944521
-0.0754484106
-0.0637827428
-0.0526209660
-0.0433586795
-0.0358783555
-0.0288883699
-0.0211356619
-0.0121456657
-0.0023918982
0.0067581028
0.0145605051
0.0214297820
0.0265386057
0.0283810633
0.0269364115
0.0221179407
0.0133531049
0.0007529380
-0.0138818271
-0.0288583412
-0.0427041213
-0.0526398179
-0.0561240834
-0.0534823407
-0.0458081746
-0.0344735101
-0.0206500053
-0.0058530982
0.0083716413
0.0189567532
0.0233579097
0.0231842795
0.0214014103
0.0197780323
0.0190018822
0.0188318786
0.0189010258
0.0190843399
0.0185993790
0.0173954882
0.0164072224
0.0161213480
0.0166573312
0.0187628485
0.0230671504
0.0288789048
0.0353845314
0.0418767537
0.0483635830
0.0555366326
0.0630390052
0.0706593275
0.0782364514
0.0846164139
0.0892461620
0.0926104378
0.0947890417
0.0942498228
0.0889765916
0.0794069605
0.0678237739
0.0557000318
0.0438457585
0.0321240585
0.0192989802
0.0044308475
-0.0129497029
-0.0327262501
-0.0537086578
-0.0744131947
-0.0932915153
-0.1109427085
-0.1264566438
-0.1400350499
-0.1524926559
-0.1620083573
-0.1671523916
-0.1679235083
-0.1644433227
-0.1558308266
-0.1416347300
-0.1219814942
-0.0976709983
-0.0702601774
-0.0421757665
-0.0191122349
-0.0058298303
-0.0037728950
-0.0114831978
-0.0226753315
-0.0347338499
-0.0471655697
-0.0574456426
-0.0645250891
-0.0682643874
-0.0681152757
-0.0624961597
-0.0493864966
-0.0293833039
-0.0070082225
0.0140968425
0.0322301515
0.0487921678
0.0653610621
0.0846644817
0.1044598887
0.1230994805
0.1391588094
0.1505393844
0.1583574725
0.1612799155
0.1576832730
0.1469680654
0.1296085617
0.1073884281
0.0844594706
0.0647216980
0.0502040554
0.0421444091
0.0394082972
0.0397546275
0.0417659086
0.0450131178
0.0485380964
0.0514810561
0.0543696407
0.0580757058
0.0625264698
0.0664798534
0.0687430722
0.0684450675
0.0650606189
0.0581559360
0.0475448128
0.0342549932
0.0211289167
0.0084877230
-0.0027455919
-0.0103090856
-0.0137159580
-0.0141864439
-0.0127746580
-0.0109583211
-0.0103597326
-0.0123126992
-0.0156942951
-0.0187592767
-0.0214908398
-0.0237984607
-0.0247215497
-0.0235268347
-0.0203891575
-0.0162227203
-0.0124403798
-0.0099866094
-0.0094726749
-0.0101581058
-0.0103326349
-0.0086061417
-0.0047046729
0.0020685810
0.0123836285
0.0236353663
0.0312752206
0.0319963936
0.0256267950
0.0161513064
0.0087293594
0.0066578631
0.0098632745
0.0168635615
0.0257946258
0.0355601937
0.0447919670
0.0514267200
0.0546112457
0.0546467612
0.0516969313
0.0463540839
0.0391142943
0.0300229962
0.0198321965
0.0108447404
0.0040421027
-0.0003865559
-0.0007583725
0.0022576406
0.0070995833
0.0115456859
0.0145366666
0.0155372580
0.0149194424
0.0123923823
0.0081809646
0.0022377976
-0.0058800154
-0.0152440368
-0.0239355359
-0.0320337771
-0.0397059735
-0.0461603747
-0.0524662659
-0.0600883077
-0.0694937581
-0.0808482905
-0.0933647503
-0.1051047004
-0.1121386192
-0.1170796746
-0.1186383995
-0.1142854905
-0.1059364685
-0.0953498325
-0.0836963262
-0.0724074394
-0.0602194976
-0.0487517284
-0.0391647459
-0.0338845274
-0.0320282590
-0.0319145768
-0.0331632136
-0.0360010652
-0.0412424543
-0.0481076826
-0.0552918699
-0.0629801046
-0.0701185064
-0.0730826472
-0.0674493454
-0.0507791493
-0.0284239335
-0.0081602290
0.0073295013
0.0176629795
0.0260033729
0.0333982534
0.0381225113
0.0382349821
0.0343504722
0.0305222524
0.0270124602
0.0234508095
0.0206865134
0.0201833570
0.0228558397
0.0284446613
0.0368533187
0.0481120361
0.0587951671
0.0650319267
0.0668487326
0.0649542132
0.0609346211
0.0556508385
0.0482095707
0.0386239638
0.0292498162
0.0222800190
0.0183812529
0.0173687031
0.0186484628
0.0210092475
0.0234463153
0.0253796094
0.0271248216
0.0298696639
0.0350437738
0.0433108540
0.0538231530
0.0644502753
0.0734256323
0.0796981028
0.0830067294
0.0828407197
0.0785189962
0.0695981628
0.0569260416
0.0441055512
0.0342541882
0.0282588695
0.0266581889
0.0295752311
0.0351597617
0.0410607659
0.0460606438
0.0487759967
0.0484840807
0.0454733805
0.0402425741
0.0338025308
0.0271696223
0.0208085274
0.0150834356
0.0104331083
0.0072990099
0.0057831537
0.0039951213
0.0015321696
-0.0008008093
-0.0031271961
-0.0058444319
-0.0090932442
-0.0132462928
-0.0183022810
-0.0228923947
-0.0267723714
-0.0303143261
-0.0341686588
-0.0384784552
-0.0428453625
-0.0470328635
-0.0507958518
-0.0549033415
-0.0593327916
-0.0632091652
-0.0666517328
-0.0691163048
-0.0699508084
-0.0696269801
-0.0685353881
-0.0667865493
-0.0644882684
-0.0615568918
-0.0582257319
-0.0546955402
-0.0499842723
-0.0434070130
-0.0353144462
-0.0251143143
-0.0123065169
0.0028317106
0.0192597834
0.0344980833
0.0458438151
0.0532096674
0.0568010967
0.0569243300
0.0535643373
0.0475751619
0.0394818448
0.0305398069
0.0220290348
0.0147617098
0.0079924060
0.0010954773
-0.0055037689
-0.0115596998
-0.0165069064
-0.0211563036
-0.0249455299
-0.0285875672
-0.0314774804
-0.0329320193
-0.0325840242
-0.0299853392
-0.0244309936
-0.0167490507
-0.0089787960
-0.0024190451
0.0025487875
0.0066836509
0.0106979813
0.0153412196
0.0210626379
0.0275800274
0.0332022462
0.0379820753
0.0414635349
0.0440091265
0.0459969911
0.0472864348
0.0476831386
0.0478487106
0.0475901919
0.0462281385
0.0438844863
0.0409127797
0.0377236504
0.0353983655
0.0332724565
0.0299296118
0.0249884939
0.0183797600
0.0106638883
0.0035411848
-0.0026810560
-0.0077695724
-0.0116229148
-0.0147898314
-0.0184915118
-0.0230150574
-0.0276003878
-0.0317297620
-0.0344897828
-0.0348213020
-0.0330266777
-0.0293663200
-0.0252757517
-0.0224500148
-0.0222112391
-0.0251514398
-0.0309345568
-0.0385801870
-0.0462083721
-0.0519972885
-0.0547495325
-0.0549674319
-0.0528684799
-0.0503812340
-0.0479506065
-0.0449642528
-0.0426669020
-0.0413407471
-0.0403850267
-0.0392265619
-0.0377929149
-0.0363597446
-0.0354631984
-0.0360344703
-0.0384890614
-0.0414437528
-0.0442147628
-0.0470442435
-0.0486480426
-0.0490138345
-0.0479979864
-0.0451422443
-0.0407661925
-0.0354699592
-0.0293654602
-0.0225115806
-0.0149645714
-0.0066706937
0.0016451796
0.0091936707
0.0161865014
0.0214921372
0.0250377888
0.0270733617
0.0272853602
0.0260548093
0.0242685949
0.0223216855
0.0201146474
0.0178908755
0.0152603095
0.0127205954
0.0119876204
0.0136463887
0.0167774615
0.0210629193
0.0259984567
0.0312056591
0.0365696875
0.0412843475
0.0453163122
0.0488555001
0.0526695965
0.0560897560
0.0586277662
0.0597891073
0.0596083255
0.0586861431
0.0570286957
0.0553960558
0.0537193656
0.0514951326
0.0496130327
0.0476169770
0.0447373807
0.0408285555
0.0370855603
0.0350000751
0.0335106929
0.0324415482
0.0319296224
0.0308562727
0.0291254574
0.0265746682
0.0232803213
0.0194399477
0.0152112412
0.0114128704
0.0073549444
0.0022207300
-0.0038262861
-0.0092560260
-0.0133213020
-0.0165216315
-0.0186299704
-0.0198199099
-0.0204918975
-0.0220550930
-0.0247007828
-0.0280071663
-0.0315965791
-0.0339720967
-0.0347814722
-0.0344433564
-0.0336571316
-0.0326123412
-0.0319420966
-0.0312310217
-0.0312271293
-0.0313955620
-0.0312814498
-0.0308437048
-0.0299178802
-0.0289678029
-0.0289404472
-0.0286734170
-0.0271528572
-0.0242191202
-0.0184799833
-0.0105148860
-0.0007096265
0.0095745004
0.0203565495
0.0312027125
0.0400233928
0.0469729234
0.0521516290
0.0550258401
0.0565541455
0.0572041704
0.0568393711
0.0555347881
0.0536295609
0.0508125153
0.0446201110
0.0364034589
0.0281299384
0.0186990239
0.0092447867
-0.0002008393
-0.0067344214
-0.0106772848
-0.0124983581
-0.0127830835
-0.0120906417
-0.0123499733
-0.0137747414
-0.0152684302
-0.0162462070
-0.0181862384
-0.0201056904
-0.0217169459
-0.0232752018
-0.0252659740
-0.0285685824
-0.0321721576
-0.0362392469
-0.0405903269
-0.0454643219
-0.0505503622
-0.0543331560
-0.0577053884
-0.0604941092
-0.0623827276
-0.0626573157
-0.0604843550
-0.0557781908
-0.0479350919
-0.0381090446
-0.0278007875
-0.0175518062
-0.0092017758
-0.0033262507
0.0012473691
0.0050328727
0.0079899675
0.0100300032
0.0123276667
0.0156701518
0.0205225124
0.0262903492
0.0315423289
0.0351092476
0.0359090486
0.0347974479
0.0325413807
0.0299947965
0.0277382837
0.0263452637
0.0257060951
0.0249450375
0.0238054637
0.0220186553
0.0186002700
0.0136400657
0.0074199086
0.0011187569
-0.0041653000
-0.0086700289
-0.0126858459
-0.0169610727
-0.0219280065
-0.0271891308
-0.0315872313
-0.0346265611
-0.0371942482
-0.0393716562
-0.0409875700
-0.0422434991
-0.0428634875
-0.0429331975
-0.0432556347
-0.0436547067
-0.0435391408
-0.0429522762
-0.0421868260
-0.0409061909
-0.0392710343
-0.0375380071
-0.0359155983
-0.0347576024
-0.0340165067
-0.0329532004
-0.0314187283
-0.0290093756
-0.0260575839
-0.0224748459
-0.0182461160
-0.0138623577
-0.0096871041
-0.0055355335
-0.0019848579
0.0006537590
0.0027148512
0.0040260113
0.0047297244
0.0047202742
0.0040094142
0.0032926509
0.0027597246
0.0018723652
0.0008739575
-0.0007590650
-0.0032281713
-0.0065469453
-0.0108465615
-0.0157904307
-0.0208907272
-0.0258334943
-0.0300824205
-0.0328989034
-0.0342826302
-0.0344814198
-0.0337512819
-0.0321649044
-0.0304075697
-0.0291854053
-0.0284444581
-0.0276763974
-0.0273610259
-0.0272818508
-0.0266718198
-0.0256370338
-0.0249324930
-0.0250207892
-0.0253440939
-0.0251626087
-0.0237510729
-0.0205835545
-0.0156102429
-0.0097416825
-0.0036693968
0.0016994533
0.0059998534
0.0089212475
0.0112577091
0.0141723831
0.0175762621
0.0215123101
0.0263560731
0.0313038424
0.0346221998
0.0363095431
0.0375250249
0.0375698491
0.0364496118
0.0342479276
0.0314537826
0.0289940956
0.0267275785
0.0241591645
0.0218503086
0.0200837277
0.0191678997
0.0180035339
0.0170631874
0.0159198151
0.0148022821
0.0129358375
0.0107635958
0.0086810962
0.0065704579
0.0047645075
0.0037518835
0.0037170785
0.0038066088
0.0041079141
0.0048528725
0.0056408082
0.0064435550
0.0073967251
0.0073176798
0.0067221488
0.0059247833
0.0051540426
0.0040806437
0.0021162752
-0.0008739411
-0.0037243324
-0.0060600179
-0.0083347659
-0.0110433972
-0.0123858092
-0.0125255027
-0.0121142770
-0.0108249818
-0.0085114209
-0.0055034164
-0.0019418071
0.0024155733
0.0068438580
0.0103415450
0.0132028599
0.0161363311
0.0189865005
0.0216276180
0.0241295031
0.0258018477
0.0269469786
0.0279939496
0.0282807306
0.0270103890
0.0243265498
0.0201047994
0.0144080950
0.0084228745
0.0021313935
-0.0034484405
-0.0080988586
-0.0122271620
-0.0168995459
-0.0212767936
-0.0246070546
-0.0278864888
-0.0307087867
-0.0325043646
-0.0339965839
-0.0359348332
-0.0381291392
-0.0402831464
-0.0424313230
-0.0445237644
-0.0461538484
-0.0466893938
-0.0459940758
-0.0447239843
-0.0438776708
-0.0433559595
-0.0432235582
-0.0427799434
-0.0409885001
-0.0380749125
-0.0339534714
-0.0288197697
-0.0240674214
-0.0198028087
-0.0151800089
-0.0105824936
-0.0067504096
-0.0045868670
-0.0035379248
-0.0023961485
-0.0011918801
-0.0004192252
-0.0003020950
-0.0004150540
-0.0006266659
-0.0007380779
-0.0003356254
-0.0001293474
0.0006914498
0.0027931962
0.0054524700
0.0084836666
0.0114550371
0.0141681000
0.0166202682
0.0187735407
0.0210093022
0.0230407639
0.0242184481
0.0242062474
0.0236266125
0.0226285065
0.0215667634
0.0207389737
0.0204340833
0.0196417230
0.0186341754
0.0190725457
0.0204271037
0.0217698439
0.0228315323
0.0238133031
0.0261561502
0.0283948271
0.0299154338
0.0319601747
0.0335934555
0.0341909810
0.0338991275
0.0328224013
0.0324074162
0.0327466653
0.0331757503
0.0339023711
0.0348696824
0.0350666431
0.0343895752
0.0336991499
0.0333845287
0.0327355980
0.0321773317
0.0316321180
0.0317574069
0.0323101004
0.0322929836
0.0322240161
0.0320594367
0.0315989864
0.0308901390
0.0302289921
0.0294995654
0.0295171121
0.0302845162
0.0307326486
0.0302503842
0.0293402383
0.0283298457
0.0276907943
0.0271507938
0.0259058773
0.0234117691
0.0196439896
0.0144465493
0.0089893475
0.0044523467
0.0007380069
-0.0020185897
-0.0039322924
-0.0051837031
-0.0060934707
-0.0068779033
-0.0076710202
-0.0084733887
-0.0091284392
-0.0103695806
-0.0126419596
-0.0157188917
-0.0191230833
-0.0220297070
-0.0246273603
-0.0267351286
-0.0283110875
-0.0295536905
-0.0305667562
-0.0309890649
-0.0309213792
-0.0309154234
-0.0310727262
-0.0315539121
-0.0324441743
-0.0333846615
-0.0340923834
-0.0344513052
-0.0336857300
-0.0323375889
-0.0303185154
-0.0277373693
-0.0256560265
-0.0242744959
-0.0236055018
-0.0235863763
-0.0239757175
-0.0247219249
-0.0254417223
-0.0257677157
-0.0258744809
-0.0250933364
-0.0234498716
-0.0201009618
-0.0146609941
-0.0082983204
-0.0015886300
0.0051184505
0.0104856780
0.0149885194
0.0193187075
0.0232219756
0.0258612564
0.0280099331
0.0291224248
0.0280299340
0.0258684548
0.0232914902
0.0196486088
0.0155920631
0.0124528149
0.0108678521
0.0104925873
0.0104684283
0.0105794297
0.0096123763
0.0080849150
0.0052352318
0.0023087480
0.0003412083
-0.0007099395
-0.0001049222
0.0005129602
0.0007897865
0.0002237000
-0.0010781330
-0.0032999642
-0.0072470514
-0.0114367636
-0.0151165907
-0.0180390024
-0.0198074201
-0.0204657142
-0.0204081501
-0.0200904494
-0.0190597980
-0.0176265965
-0.0167614233
-0.0154430139
-0.0125213134
-0.0092303898
-0.0063155931
-0.0037046207
-0.0013155152
0.0011622204
0.0039995474
0.0062421416
0.0074330565
0.0091192165
0.0108062784
0.0116873648
0.0123319107
0.0131687356
0.0137668239
0.0142925135
0.0148561962
0.0152235982
0.0154091086
0.0154348932
0.0159659836
0.0171055886
0.0182355801
0.0191375349
0.0200313534
0.0206460661
0.0210214012
0.0205911594
0.0200246395
0.0197259393
0.0197367722
0.0197841834
0.0194105209
0.0187131863
0.0181730529
0.0178299584
0.0177774512
0.0177467738
0.0172487994
0.0163717304
0.0157401275
0.0155729298
0.0150754791
0.0139601893
0.0129660147
0.0118849194
0.0105979612
0.0088561958
0.0072348383
0.0060999126
0.0046496755
0.0029185546
0.0017307200
0.0009568170
-0.0007095497
-0.0028928411
-0.0055424787
-0.0076531640
-0.0090639502
-0.0096471258
-0.0096397085
-0.0102916796
-0.0114871370
-0.0125650668
-0.0127954874
-0.0125708819
-0.0126315332
-0.0129241762
-0.0130449318
-0.0123153723
-0.0101761918
-0.0070873897
-0.0037087803
-0.0005276017
0.0018539783
0.0041202820
0.0071798495
0.0107528880
0.0146057279
0.0183292928
0.0219951529
0.0247193534
0.0261705628
0.0275528984
0.0282119038
0.0279767390
0.0274991094
0.0271732254
0.0265773334
0.0259204305
0.0249554327
0.0229754465
0.0208551649
0.0188828460
0.0168847504
0.0148849665
0.0131116639
0.0118801048
0.0111311228
0.0100116750
0.0089420691
0.0071191958
0.0047825200
0.0017440500
-0.0023068526
-0.0062237664
-0.0094951378
-0.0121207876
-0.0144513170
-0.0159701182
-0.0168007060
-0.0179944206
-0.0194936351
-0.0213617368
-0.0228438502
-0.0228706978
-0.0218269704
-0.0200988593
-0.0182661403
-0.0164847639
-0.0142017865
-0.0110666573
-0.0075641424
-0.0044956445
-0.0020178410
-0.0002258576
0.0011054363
0.0022304944
0.0039588860
0.0066644089
0.0096043728
0.0118530540
0.0132617683
0.0136696254
0.0144147776
0.0154005345
0.0163760135
0.0175672347
0.0180668114
0.0185338427
0.0189042303
0.0193598035
0.0197090882
0.0204788606
0.0215835598
0.0219269982
0.0221913242
0.0222186329
0.0208972222
0.0187457786
0.0161547297
0.0128969768
0.0094668833
0.0065793688
0.0037785560
0.0007831266
-0.0024736048
-0.0060524685
-0.0097244954
-0.0127727431
-0.0152784736
-0.0171522965
-0.0183741951
-0.0186500807
-0.0182587308
-0.0166748779
-0.0136387604
-0.0098326830
-0.0067161032
-0.0045951221
-0.0027053783
-0.0016489321
-0.0011251230
-0.0010193957
-0.0009754782
-0.0006626654
0.0001594512
0.0015010795
0.0026339269
0.0041146162
0.0048714134
0.0044324248
0.0030908053
0.0021794206
0.0013986693
0.0013963151
0.0017752448
0.0024724934
0.0036305471
0.0045066477
0.0057719488
0.0067132809
0.0073549530
0.0080790375
0.0089909810
0.0088631832
0.0069027579
0.0039964828
-0.0000925875
-0.0049955650
-0.0089862289
-0.0112161676
-0.0120288336
-0.0115469209
-0.0102983387
-0.0086125117
-0.0066578084
-0.0043198203
-0.0017866498
-0.0000513954
0.0007782170
0.0010709416
0.0020900403
0.0037759463
0.0045442914
0.0044338418
0.0038786933
0.0026204023
0.0006664028
-0.0018935955
-0.0054076920
-0.0093965715
-0.0128593198
-0.0153162166
-0.0169478013
-0.0179439767
-0.0184124383
-0.0193778582
-0.0206603145
-0.0208998015
-0.0207828600
-0.0205690873
-0.0198963181
-0.0187639662
-0.0176713503
-0.0150620826
-0.0121663465
-0.0101789587
-0.0089607804
-0.0091073676
-0.0105546768
-0.0124157206
-0.0130584377
-0.0125966274
-0.0125229626
-0.0124794749
-0.0115872353
-0.0097448011
-0.0080558086
-0.0064412548
-0.0056613945
-0.0042350553
-0.0033389859
-0.0027937738
-0.0021138139
-0.0010014465
-0.0003742421
-0.0006484256
-0.0013308562
-0.0025204908
-0.0036667949
-0.0046938487
-0.0056132759
-0.0077440996
-0.0098792424
-0.0117883462
-0.0137553424
-0.0158441962
-0.0180291622
-0.0198226064
-0.0207348391
-0.0205213400
-0.0200948654
-0.0191060681
-0.0174307613
-0.0147956620
-0.0119019503
-0.0097424094
-0.0080505798
-0.0057293436
-0.0025173160
0.0008682831
0.0027386271
0.0034961160
0.0028747012
0.0012449509
-0.0012236830
-0.0029360880
-0.0044139206
-0.0058286172
-0.0065994595
-0.0052481280
-0.0024175437
0.0006149475
0.0036225960
0.0067083460
0.0094749493
0.0109383046
0.0122867583
0.0137882786
0.0143644901
0.0144253760
0.0146084634
0.0144692935
0.0134527733
0.0115608097
0.0099081690
0.0077565683
0.0055668956
0.0040678764
0.0040490151
0.0056365220
0.0074056196
0.0082629690
0.0087852900
0.0095001790
0.0094185576
0.0090698356
0.0082917863
0.0071183790
0.0059059423
0.0037982185
0.0019085880
0.0006635331
0.0000474488
-0.0002239113
-0.0002704570
-0.0004570448
-0.0006291670
-0.0004538950
0.0002487505
0.0012510598
0.0018838960
0.0021785444
0.0021966601
0.0014833554
0.0009800231
0.0015783920
0.0031726409
0.0055550858
0.0077890488
0.0096400602
0.0110541909
0.0125520065
0.0133803042
0.0139115353
0.0152889156
0.0171451605
0.0192850991
0.0213307623
0.0233553383
0.0253095007
0.0268306936
0.0275270512
0.0276030687
0.0279383707
0.0280836683
0.0277098964
0.0276938816
0.0276980631
0.0278612122
0.0285771095
0.0297809534
0.0310424631
0.0322694577
0.0335372435
0.0350741307
0.0351882038
0.0338101278
0.0320853698
0.0293305935
0.0251777012
0.0197706306
0.0140613270
0.0094756215
0.0059200125
0.0028271461
0.0007834072
-0.0001633891
-0.0005085494
-0.0006583661
-0.0001990427
0.0003650205
0.0014018715
0.0026361458
0.0040767310
0.0062204595
0.0099201430
0.0141455121
0.0170953498
0.0182393865
0.0177234433
0.0158819705
0.0128958435
0.0087892292
0.0042619772
-0.0005092065
-0.0044372425
-0.0068273219
-0.0081785808
-0.0081648013
-0.0079837617
-0.0070313857
-0.0052025746
-0.0041552550
-0.0040502007
-0.0043154841
-0.0061044911
-0.0086308556
-0.0111657316
-0.0134005943
-0.0158004428
-0.0177446791
-0.0195011931
-0.0211086423
-0.0225449623
-0.0244082259
-0.0261632862
-0.0279728310
-0.0287620102
-0.0284943235
-0.0285602428
-0.0288832505
-0.0290346992
-0.0287658088
-0.0278725609
-0.0267498303
-0.0263917762
-0.0253749511
-0.0238972458
-0.0222161162
-0.0205789041
-0.0185619096
-0.0170565204
-0.0166442083
-0.0170050840
-0.0182774421
-0.0207387392
-0.0232277906
-0.0252667556
-0.0276773119
-0.0296577983
-0.0297352695
-0.0283858857
-0.0261575415
-0.0239389515
-0.0218976495
-0.0206704439
-0.0213378748
-0.0223674633
-0.0235891978
-0.0242480156
-0.0250381874
-0.0245306542
-0.0233671637
-0.0219480230
-0.0211900918
-0.0202809542
-0.0188010527
-0.0171120446
-0.0158486826
-0.0146719989
-0.0138948171
-0.0126986249
-0.0118743992
-0.0105788826
-0.0094485003
-0.0077060112
-0.0065071475
-0.0056417563
-0.0036096888
-0.0020209423
-0.0009578674
0.0003672156
0.0015863884
0.0019410716
0.0022882195
0.0018683384
0.0011272989
0.0005046833
-0.0006406313
-0.0016592154
-0.0037226176
-0.0057088308
-0.0073552117
-0.0090915404
-0.0109857393
-0.0118193362
-0.0124661488
-0.0114703563
-0.0098410148
-0.0088461524
-0.0073718650
-0.0063741983
-0.0053224752
-0.0035276781
-0.0022150846
-0.0011669607
0.0001205194
0.0003063805
-0.0002923332
-0.0011315203
-0.0022818277
-0.0039764436
-0.0051297812
-0.0059448983
-0.0066870555
-0.0061206145
-0.0048757418
-0.0034625889
-0.0026864755
-0.0023557504
-0.0027178423
-0.0043451571
-0.0076870725
-0.0119963742
-0.0160396953
-0.0186284620
-0.0199882878
-0.0201407760
-0.0179634696
-0.0138663438
-0.0089524877
-0.0037529886
0.0007706173
0.0037912787
0.0056578867
0.0063933340
0.0068741564
0.0068645256
0.0065711285
0.0063828513
0.0067580606
0.0072449677
0.0075715284
0.0076683925
0.0082589204
0.0091935926
0.0098162306
0.0103860644
0.0112436874
0.0121068050
0.0131149701
0.0138128361
0.0136317026
0.0129072313
0.0114017014
0.0096069599
0.0083530160
0.0072877527
0.0062230458
0.0057860182
0.0058464328
0.0053980956
0.0044273601
0.0035654852
0.0034187722
0.0036677930
0.0037325766
0.0034396969
0.0026153266
0.0011774903
-0.0007717281
-0.0029568408
-0.0046280904
-0.0051939967
-0.0043270282
-0.0023820541
0.0003159978
0.0040289610
0.0082575448
0.0115255913
0.0135242028
0.0146545851
0.0145298746
0.0131784664
0.0118007187
0.0109039537
0.0096777954
0.0081991210
0.0077440425
0.0079266743
0.0078726352
0.0076424062
0.0073647612
0.0071399220
0.0070658937
0.0063829834
0.0053384532
0.0046495919
0.0042587094
0.0038643847
0.0037522579
0.0038559655
0.0037707299
0.0032821252
0.0023191923
0.0012772243
0.0003915377
-0.0004955477
-0.0015814754
-0.0029950363
-0.0045693836
-0.0056962972
-0.0063215254
-0.0066940921
-0.0069895464
-0.0069279094
-0.0068591991
-0.0076162213
-0.0085698525
-0.0091461579
-0.0095291604
-0.0091572643
-0.0077328822
-0.0058420809
-0.0042008803
-0.0030486557
-0.0021732445
-0.0020137978
-0.0033716579
-0.0059222900
-0.0087262721
-0.0114796338
-0.0144645102
-0.0170248973
-0.0180502026
-0.0180704927
-0.0182429114
-0.0183347248
-0.0174881066
-0.0155133258
-0.0135211702
-0.0118247448
-0.0100125425
-0.0074944105
-0.0037359766
0.0009054282
0.0055064107
0.0091877697
0.0120933617
0.0143502965
0.0166874067
0.0187045263
0.0196372445
0.0206416892
0.0223982032
0.0236217823
0.0241306833
0.0239796332
0.0234124100
0.0225772186
0.0219877356
0.0217161878
0.0213421501
0.0212867745
0.0211901778
0.0207859472
0.0201418624
0.0196835068
0.0190931172
0.0185910160
0.0181782271
0.0182438728
0.0183981821
0.0181616964
0.0172290564
0.0155762672
0.0140257725
0.0120617385
0.0097264806
0.0072851930
0.0051098249
0.0027410649
0.0003106319
-0.0014595239
-0.0030506957
-0.0049053117
-0.0060818188
-0.0062043400
-0.0062571388
-0.0062358170
-0.0055703611
-0.0042472286
-0.0032937428
-0.0026650459
-0.0033417246
-0.0047067933
-0.0057727093
-0.0074226481
-0.0089179727
-0.0098893561
-0.0108860318
-0.0118512798
-0.0124000419
-0.0124323841
-0.0124971076
-0.0127350470
-0.0129069499
-0.0127329680
-0.0118643480
-0.0104367896
-0.0094235989
-0.0085951838
-0.0088022192
-0.0089299701
-0.0087501262
-0.0087415913
-0.0090744079
-0.0097230572
-0.0101572539
-0.0106604572
-0.0107966492
-0.0107090799
-0.0102017107
-0.0089702454
-0.0073994833
-0.0059221837
-0.0048886326
-0.0037001782
-0.0027153701
-0.0026307060
-0.0021649026
-0.0016687555
-0.0021400894
-0.0027594463
-0.0027788470
-0.0027827807
-0.0024642414
-0.0012115879
0.0008638382
0.0022880702
0.0031434688
0.0043385003
0.0056969686
0.0066506662
0.0077101997
0.0074443536
0.0067716454
0.0059570833
0.0054856063
0.0051716768
0.0042703105
0.0037377351
0.0036014868
0.0032343201
0.0031041033
0.0040061316
0.0048992653
0.0059856965
0.0063735722
0.0072024335
0.0078580195
0.0078482965
0.0075340606
0.0064045888
0.0045283102
0.0032167382
0.0021775831
0.0001532782
-0.0025361961
-0.0043644343
-0.0058103366
-0.0072517847
-0.0088271363
-0.0097107081
-0.0101555031
-0.0103506740
-0.0107239926
-0.0108785286
-0.0101427945
-0.0097616522
-0.0093896310
-0.0093346539
-0.0089143227
-0.0082716838
-0.0077610413
-0.0071048137
-0.0066746805
-0.0063178957
-0.0064062896
-0.0065323061
-0.0065538592
-0.0063350680
-0.0055675185
-0.0043288735
-0.0030086086
-0.0018618442
-0.0010177599
-0.0002971054
-0.0006399595
-0.0014377379
-0.0024492481
-0.0031450633
-0.0032862786
-0.0031332503
-0.0031305281
-0.0032544945
-0.0033383051
-0.0033962210
-0.0033893344
-0.0033472809
-0.0032546938
-0.0032393848
-0.0034985272
-0.0042744107
-0.0054033526
-0.0066109599
-0.0078168219
-0.0087726829
-0.0096071084
-0.0106096069
-0.0115994437
-0.0129183611
-0.0144417894
-0.0160172637
-0.0164416358
-0.0157742127
-0.0144505510
-0.0123356936
-0.0093261893
-0.0057263532
-0.0025969311
-0.0001957472
0.0015408163
0.0029532400
0.0038338699
0.0046254642
0.0058868050
0.0071473862
0.0082397011
0.0089989376
0.0091435864
0.0086263458
0.0076867379
0.0067042090
0.0062294978
0.0062563697
0.0064906208
0.0068079049
0.0071295542
0.0069201178
0.0063598444
0.0060093920
0.0054430269
0.0043906238
0.0037396696
0.0033393517
0.0029020201
0.0023146787
0.0017799234
0.0012611149
0.0008084344
0.0003650199
0.0000269005
-0.0004781030
-0.0012245139
-0.0012782685
-0.0002546290
0.0006707882
0.0013764081
0.0018054025
0.0014480564
0.0007011223
0.0002122418
-0.0001031470
-0.0000784075
0.0001025689
-0.0000237165
-0.0005661911
-0.0014043538
-0.0019516723
-0.0017954997
-0.0005593261
0.0010903297
0.0020421875
0.0024666213
0.0027907006
0.0032707812
0.0036001511
0.0037368668
0.0036898956
0.0029439836
0.0011896448
-0.0008128911
-0.0025275384
-0.0040320671
-0.0045630715
-0.0043600261
-0.0036499352
-0.0019329275
0.0002105050
0.0021727458
0.0036427516
0.0041741906
0.0037697131
0.0031923518
0.0026955193
0.0016592217
0.0004884627
-0.0013043478
-0.0025287421
-0.0024031804
-0.0017436443
-0.0005902735
0.0007717939
0.0021294223
0.0029053160
0.0034085615
0.0039644767
0.0049913890
0.0061079645
0.0072534651
0.0087340099
0.0108170096
0.0130436969
0.0150443171
0.0163489314
0.0164794647
0.0159151959
0.0155245025
0.0146858330
0.0134580881
0.0120953000
0.0110017540
0.0096544180
0.0080873301
0.0071741345
0.0068213576
0.0070229609
0.0073098568
0.0074177217
0.0082915440
0.0087766925
0.0081304348
0.0069898364
0.0063105855
0.0064075925
0.0069698996
0.0070190960
0.0070929977
0.0078897676
0.0091610003
0.0097609018
0.0101057315
0.0098705902
0.0090969490
0.0080815464
0.0064108126
0.0052504517
0.0048674914
0.0042104165
0.0036709162
0.0034671151
0.0027678899
0.0014250448
0.0002360708
-0.0014129966
-0.0026135657
-0.0029378966
-0.0033395471
-0.0034650728
-0.0034110126
-0.0030869489
-0.0024634457
-0.0020257671
-0.0016256649
-0.0016577101
-0.0017841518
-0.0016702546
-0.0011623188
-0.0001600377
0.0009791423
0.0024174257
0.0043964146
0.0064508050
0.0082157454
0.0094775051
0.0103040521
0.0112857526
0.0114576867
0.0113594409
0.0114172785
0.0116107455
0.0120648962
0.0125731328
0.0127004617
0.0129722986
0.0135730287
0.0141249328
0.0150092002
0.0156728873
0.0158915684
0.0158246799
0.0147878461
0.0120884924
0.0085207374
0.0052132777
0.0029401429
0.0010984668
-0.0010226018
-0.0032007062
-0.0049683259
-0.0066785549
-0.0081339676
-0.0089849940
-0.0098816966
-0.0104687097
-0.0097690460
-0.0080202541
-0.0064328777
-0.0053894387
-0.0041009306
-0.0023405743
-0.0010087005
-0.0007232962
-0.0007941282
-0.0008784954
-0.0013701342
-0.0022583463
-0.0028361039
-0.0036357759
-0.0051558324
-0.0071176068
-0.0089343079
-0.0102367651
-0.0113432307
-0.0130363499
-0.0144927725
-0.0146205312
-0.0140033330
-0.0132691231
-0.0128330115
-0.0127301308
-0.0122101625
-0.0110886512
-0.0102563361
-0.0095540462
-0.0089047247
-0.0086536390
-0.0084464551
-0.0082780459
-0.0086196242
-0.0088861385
-0.0087356277
-0.0082806017
-0.0074239150
-0.0065272899
-0.0057511015
-0.0048968948
-0.0046442521
-0.0048960968
-0.0050185454
-0.0047964628
-0.0038449560
-0.0020610684
-0.0003299619
0.0008355017
0.0019741493
0.0030463297
0.0033354117
0.0032076475
0.0032357519
0.0033802726
0.0036801843
0.0041388283
0.0044763173
0.0040385605
0.0034506485
0.0034748427
0.0035994476
0.0034673042
0.0031510565
0.0029664098
0.0033923959
0.0036027874
0.0039846980
0.0048000597
0.0054093028
0.0058746662
0.0068654284
0.0079308246
0.0086484336
0.0089017000
0.0087976860
0.0079486917
0.0073556181
0.0073649816
0.0074313136
0.0077222018
0.0087499934
0.0103816953
0.0114185213
0.0125022192
0.0137416567
0.0147069359
0.0163013795
0.0170471961
0.0170521357
0.0168473513
0.0174216402
0.0176903039
0.0182731668
0.0193407014
0.0199801202
0.0202327926
0.0203281622
0.0195152461
0.0183770714
0.0163977104
0.0146586181
0.0132093783
0.0116797990
0.0112591472
0.0103127278
0.0096633125
0.0097680377
0.0099454274
0.0100478001
0.0096044744
0.0079134733
0.0049200932
0.0017779218
-0.0008753776
-0.0028918657
-0.0043452095
-0.0055520743
-0.0061473340
-0.0054851335
-0.0046048177
-0.0041131320
-0.0038371995
-0.0037897148
-0.0046348253
-0.0057813615
-0.0064573681
-0.0065621644
-0.0063178027
-0.0062912012
-0.0064450916
-0.0067584271
-0.0072503317
-0.0076605570
-0.0077442403
-0.0081019381
-0.0085835225
-0.0088753291
-0.0095763215
-0.0104351638
-0.0111632618
-0.0121568580
-0.0132915234
-0.0141927748
-0.0147542378
-0.0145243644
-0.0139718584
-0.0130952584
-0.0123017023
-0.0116524589
-0.0106274584
-0.0098885902
-0.0099296393
-0.0106835766
-0.0115715097
-0.0123462998
-0.0127358052
-0.0125364997
-0.0125417520
-0.0126201611
-0.0123444631
-0.0115742609
-0.0107317694
-0.0099863671
-0.0089676349
-0.0082483689
-0.0078700950
-0.0078611536
-0.0082628205
-0.0086868018
-0.0086838083
-0.0084715441
-0.0085367756
-0.0089868933
-0.0096036928
-0.0097364068
-0.0094140947
-0.0089461490
-0.0086608374
-0.0091430628
-0.0097678189
-0.0097822314
-0.0097175470
-0.0097641142
-0.0096951467
-0.0091606407
-0.0081220953
-0.0071819160
-0.0066326459
-0.0062681381
-0.0055295301
-0.0047085574
-0.0038329203
-0.0024645196
-0.0014580608
-0.0006007987
-0.0007343030
-0.0006266647
-0.0001773605
-0.0000387722
-0.0006557772
-0.0007581462
-0.0006971303
-0.0004028162
0.0005713607
0.0019260120
0.0026070246
0.0034416266
0.0035191901
0.0038930339
0.0043955353
0.0039350780
0.0032289201
0.0028218493
0.0023825340
0.0025213600
0.0028687181
0.0033278154
0.0037006041
0.0034941018
0.0031853988
0.0027817951
0.0024928358
0.0025415109
0.0022826905
0.0017513266
0.0016315143
0.0024436793
0.0033357032
0.0035389119
0.0035021905
0.0040494926
0.0050929136
0.0060316813
0.0069131366
0.0074603316
0.0065275494
0.0049587482
0.0029549486
0.0005462745
-0.0014181356
-0.0027102585
-0.0037496716
-0.0043433392
-0.0043767842
-0.0044327132
-0.0042348224
-0.0035798680
-0.0028142874
-0.0023122112
-0.0016804778
-0.0008421397
-0.0002677089
0.0001722903
0.0004200337
0.0001428748
-0.0003674658
-0.0009197774
-0.0015690075
-0.0023943852
-0.0029332962
-0.0032401726
-0.0032000724
-0.0026694916
-0.0024149809
-0.0025732482
-0.0026477548
-0.0026435530
-0.0026582828
-0.0026915324
-0.0026184733
-0.0022367112
-0.0014948486
-0.0008256294
-0.0006203613
-0.0003428247
0.0005017664
0.0012851027
0.0012240129
0.0005741553
0.0000733532
-0.0002830300
-0.0008405078
-0.0015993456
-0.0024130730
-0.0026018286
-0.0021734586
-0.0014682730
-0.0007308354
-0.0001871315
0.0005200416
0.0011599803
0.0007996486
-0.0003288652
-0.0009384215
-0.0006361205
-0.0000600651
0.0009456957
0.0021965749
0.0036157399
0.0051309411
0.0055116825
0.0049105312
0.0039837085
0.0029270114
0.0021848003
0.0018137022
0.0015816411
0.0009390663
0.0000108728
-0.0001273144
0.0001786712
0.0008447956
0.0014642041
0.0014362325
0.0013445778
0.0016793422
0.0023568665
0.0029087417
0.0033511787
0.0035363241
0.0035314603
0.0034087616
0.0027711585
0.0015859406
0.0006553496
-0.0001009259
-0.0005277339
-0.0010434601
-0.0020378379
-0.0026556395
-0.0032644488
-0.0042718776
-0.0046535311
-0.0045452575
-0.0044630967
-0.0042036761
-0.0036639335
-0.0031824600
-0.0027318687
-0.0025291759
-0.0026231011
-0.0030108674
-0.0038779868
-0.0049267765
-0.0058853669
-0.0067038081
-0.0072615733
-0.0074351105
-0.0066987902
-0.0062823693
-0.0066556989
-0.0072153501
-0.0076993598
-0.0074505375
-0.0065459793
-0.0056145827
-0.0044748526
-0.0037493691
-0.0029615538
-0.0026044735
-0.0018745192
-0.0007511447
-0.0005429192
-0.0006427954
-0.0007673906
-0.0012590140
-0.0021199440
-0.0026339628
-0.0025337263
-0.0023704474
-0.0023203983
-0.0024622030
-0.0030463891
-0.0042094301
-0.0055018024
-0.0066829271
-0.0076903231
-0.0093437204
-0.0105812899
-0.0109023827
-0.0114281817
-0.0118477236
-0.0110236229
-0.0105499638
-0.0106611684
-0.0103054824
-0.0096007071
-0.0092227537
-0.0088186717
-0.0089317209
-0.0088733205
-0.0082736534
-0.0072533143
-0.0062740258
-0.0050134588
-0.0029996594
-0.0007665175
0.0003233588
0.0012357594
0.0017660260
0.0027198283
0.0032815305
0.0031780159
0.0031913991
0.0033057488
0.0034637957
0.0034617604
0.0030612464
0.0020609167
0.0008893399
0.0000809863
-0.0010345922
-0.0019160983
-0.0026635429
-0.0025338646
-0.0022298715
-0.0018821437
-0.0015262639
-0.0015274699
-0.0012984570
-0.0010932974
-0.0010417265
-0.0006576513
-0.0007496582
-0.0008054402
-0.0003450570
0.0006593823
0.0017803627
0.0023004983
0.0030103437
0.0033000416
0.0032562327
0.0036023442
0.0044438688
0.0053118651
0.0057723482
0.0060762929
0.0064058378
0.0066866318
0.0072155213
0.0075314493
0.0074519053
0.0074868447
0.0078333759
0.0083593469
0.0086493168
0.0085593323
0.0085475772
0.0085745421
0.0084895832
0.0081853024
0.0077442981
0.0075179755
0.0075614037
0.0073127964
0.0067977880
0.0064622710
0.0064969697
0.0066040850
0.0069070683
0.0073613894
0.0075673258
0.0077686658
0.0082441562
0.0085763397
0.0089167221
0.0093387651
0.0091978444
0.0085814904
0.0081307084
0.0076272128
0.0070218847
0.0064122437
0.0064010873
0.0072411121
0.0077018007
0.0079395393
0.0086961262
0.0093750074
0.0095193202
0.0094683449
0.0093856136
0.0090240813
0.0084162388
0.0080287812
0.0076833544
0.0076714727
0.0076985392
0.0075588425
0.0074227927
0.0074793993
0.0079161307
0.0086223832
0.0091288613
0.0095200783
0.0093507625
0.0088488879
0.0084952419
0.0087908314
0.0092096621
0.0092205105
0.0096668766
0.0097610894
0.0094663753
0.0087993586
0.0078964424
0.0075539778
0.0075838737
0.0069197301
0.0057917199
0.0053429060
0.0057370501
0.0061787281
0.0062570145
0.0054845496
0.0048635654
0.0037643858
0.0026801173
0.0018924724
0.0015511129
0.0017122893
0.0017326106
0.0016183516
0.0014511757
0.0012590750
0.0012393672
0.0017686013
0.0031752850
0.0049758557
0.0060142167
0.0066739466
0.0074548207
0.0074345634
0.0073886161
0.0071788577
0.0064993887
0.0056689032
0.0054592402
0.0057396817
0.0057526819
0.0052467579
0.0041558709
0.0029436851
0.0022768044
0.0015828064
0.0012211710
0.0002534861
-0.0006920569
-0.0004955829
-0.0001211944
0.0002740355
0.0004124258
-0.0001148106
-0.0005989655
-0.0009678757
-0.0021130472
-0.0035998783
-0.0043454979
-0.0049313903
-0.0057026554
-0.0065630804
-0.0069580616
-0.0078922062
-0.0087732926
-0.0086162555
-0.0085112567
-0.0085637014
-0.0086195226
-0.0086870988
-0.0088273004
-0.0091063906
-0.0093853322
-0.0096530268
-0.0102666843
-0.0098555367
-0.0087270303
-0.0083822787
-0.0086958214
-0.0089228733
-0.0088931259
-0.0085226132
-0.0077442098
-0.0068550301
-0.0065855238
-0.0067935557
-0.0068286178
-0.0067465329
-0.0066661346
-0.0066623916
-0.0067034243
-0.0066968996
-0.0064476810
-0.0058303907
-0.0049620731
-0.0043527612
-0.0037713607
-0.0030038706
-0.0027734227
-0.0028990109
-0.0024639108
-0.0013056054
0.0000528345
0.0008107245
0.0013975540
0.0012190677
0.0012459286
0.0015230351
0.0015536703
0.0010659191
0.0000051236
-0.0008649754
-0.0005871196
0.0000026287
0.0008602523
0.0016650164
0.0018970423
0.0026493125
0.0033570555
0.0031840982
0.0035223242
0.0047118244
0.0060832327
0.0068112564
0.0073150786
0.0071417204
0.0074783676
0.0086088773
0.0097387203
0.0095343033
0.0092624819
0.0092778949
0.0094902060
0.0100625955
0.0107942966
0.0111712965
0.0115629200
0.0114732951
0.0114067271
0.0114824553
0.0115300072
0.0115720021
0.0115715644
0.0115740655
0.0115588948
0.0115462252
0.0115234732
0.0115318284
0.0115887594
0.0116849653
0.0116635497
0.0112583657
0.0102696231
0.0090871713
0.0082558800
0.0071048841
0.0062328985
0.0055358024
0.0056424894
0.0057038583
0.0055704917
0.0054859948
0.0054254989
0.0054455084
0.0054775684
0.0055188419
0.0054737222
0.0053155495
0.0050786590
0.0051337423
0.0054371376
0.0050964933
0.0048260319
0.0048610042
0.0044129796
0.0042708100
0.0039776129
0.0035698152
0.0032191111
0.0022797869
0.0011710961
0.0006125706
-0.0001483068
-0.0005089374
-0.0004234303
-0.0004379138
-0.0004524498
-0.0004003688
-0.0004283666
-0.0008700816
-0.0019538811
-0.0032325052
-0.0039346255
-0.0044812124
-0.0043756884
-0.0047225736
-0.0057236825
-0.0066553268
-0.0070228765
-0.0078481324
-0.0086282920
-0.0084162857
-0.0084026001
-0.0087844771
-0.0093528493
-0.0095877328
-0.0090511634
-0.0085573940
-0.0082862370
-0.0074594617
-0.0065943378
-0.0063771910
-0.0058207685
-0.0053732074
-0.0059692167
-0.0068900297
-0.0068855926
-0.0069443033
-0.0071004798
-0.0071807131
-0.0079174047
-0.0083748302
-0.0086435721
-0.0085760193
-0.0088023912
-0.0094016362
-0.0098474629
-0.0095821756
-0.0090074178
-0.0083481154
-0.0077771523
-0.0070528419
-0.0067417175
-0.0066577325
-0.0061281983
-0.0054531789
-0.0050884328
-0.0047398968
-0.0045000472
-0.0037886823
-0.0028985733
-0.0026708179
-0.0028335833
-0.0025698779
-0.0017440750
-0.0008095279
-0.0005167752
-0.0006951179
-0.0006821251
-0.0005368601
-0.0005216937
-0.0009162689
-0.0018169716
-0.0027046108
-0.0030277599
-0.0038524303
-0.0045715963
-0.0042023919
-0.0039405046
-0.0041526914
-0.0045987776
-0.0045983032
-0.0045473255
-0.0046154005
-0.0046922136
-0.0046579651
-0.0043591476
-0.0037745394
-0.0032154369
-0.0028497450
-0.0026033566
-0.0026336565
-0.0026227564
-0.0025833002
-0.0025570864
-0.0025306929
-0.0024866292
-0.0024293614
-0.0024559042
-0.0027404318
-0.0033571587
-0.0040039228
-0.0044297119
-0.0045171945
-0.0040942715
-0.0036840188
-0.0037824843
-0.0044050285
-0.0046787272
-0.0044476345
-0.0044028604
-0.0048268823
-0.0057104221
-0.0064993871
-0.0066244751
-0.0064144627
-0.0063314445
-0.0064355593
-0.0068438424
-0.0076295099
-0.0084580617
-0.0089869714
-0.0095710536
-0.0102241267
-0.0104869833
-0.0108043088
-0.0116868489
-0.0125750790
-0.0127348047
-0.0122981929
-0.0117003391
-0.0112202553
-0.0109484887
-0.0107787117
-0.0107074307
-0.0103219974
-0.0098303070
-0.0099058242
-0.0104997857
-0.0108039493
-0.0106652717
-0.0105793125
-0.0105781792
-0.0105955852
-0.0106237928
-0.0106815445
-0.0107699579
-0.0107915142
-0.0105378804
-0.0098215767
-0.0088974012
-0.0086698022
-0.0086770398
-0.0080432016
-0.0069990075
-0.0064653715
-0.0060165005
-0.0051175243
-0.0045399841
-0.0039386147
-0.0029912472
-0.0027020167
-0.0027750312
-0.0023663746
-0.0014846121
-0.0006473132
0.0000429066
0.0010832313
0.0021858617
0.0035338058
0.0047285583
0.0053420345
0.0054695110
0.0052089188
0.0045356783
0.0036417864
0.0034684328
0.0037199118
0.0036619232
0.0032595943
0.0027061083
0.0024161345
0.0021312590
0.0016920547
0.0016592365
0.0018002791
0.0015516171
0.0007503575
-0.0002990441
-0.0005840128
-0.0003630349
-0.0002984546
-0.0003408235
-0.0003898239
-0.0004382696
-0.0004584599
-0.0004098339
-0.0002977662
-0.0002023919
-0.0002479229
-0.0006152000
-0.0013311251
-0.0018923411
-0.0020430121
-0.0013960580
-0.0002988888
-0.0000014521
-0.0001176482
0.0000808017
0.0002884831
0.0000306071
-0.0000957090
0.0000615808
0.0001299258
0.0001215983
0.0000874071
0.0000575199
0.0001618785
0.0005554539
0.0011352274
0.0014705279
0.0016428200
0.0016309571
0.0009879571
0.0003886333
0.0004138369
0.0005085755
0.0002224441
-0.0003158709
-0.0005434411
-0.0001504361
0.0004081377
0.0006771795
0.0005752043
0.0005177781
0.0005298513
0.0005846305
0.0007122911
0.0010042610
0.0014646933
0.0017686044
0.0020489998
0.0025854777
0.0028436658
0.0026905414
0.0024766632
0.0023098727
0.0024971041
0.0028858810
0.0031520812
0.0039006052
0.0049878773
0.0059484662
0.0067731093
0.0075531916
0.0084372167
0.0089415064
0.0088019144
0.0089697218
0.0096934193
0.0107271580
0.0112192158
0.0109792208
0.0110785531
0.0117174638
0.0125420959
0.0127953858
0.0129183377
0.0135947413
0.0144626813
0.0151987592
0.0153464250
0.0153069469
0.0152578787
0.0149604759
0.0144074698
0.0139743048
0.0136304443
0.0134222131
0.0130780399
0.0123090570
0.0116023278
0.0111100511
0.0102607911
0.0091251722
0.0081488960
0.0076157258
0.0076020402
0.0076933510
0.0076361292
0.0075311476
0.0074717100
0.0074608842
0.0074837379
0.0075171665
0.0075356574
0.0074949311
0.0073616786
0.0071585050
0.0070836639
0.0073792050
0.0072472476
0.0065057774
0.0059511377
0.0056769841
0.0058325322
0.0060945642
0.0058206669
0.0055887770
0.0054862058
0.0048549422
0.0036325534
0.0026401601
0.0018856100
0.0015855858
0.0013658605
0.0006820293
0.0000451288
-0.0003998334
-0.0004418799
-0.0002907615
-0.0004535387
-0.0011380442
-0.0021548849
-0.0026175198
-0.0021283609
-0.0014043194
-0.0010140989
-0.0005998284
-0.0002454684
0.0003557395
0.0008533227
0.0013527548
0.0014274967
0.0013652673
0.0014022052
0.0014121627
0.0014073903
0.0014055012
0.0015530013
0.0018875780
0.0021259966
0.0018629462
0.0018294074
0.0014060037
0.0013352730
0.0014707452
0.0015101029
0.0015045364
0.0015518977
0.0017472741
0.0019734521
0.0020753668
0.0028998895
0.0035133797
0.0034441449
0.0033667386
0.0033578558
0.0033718463
0.0034136152
0.0034527682
0.0034839404
0.0035137932
0.0035044415
0.0034872035
0.0034743385
0.0034683852
0.0034775579
0.0034302537
0.0034085693
0.0034075681
0.0034324906
0.0034930037
0.0035293328
0.0033898901
0.0029068722
0.0022087787
0.0018487229
0.0014335478
0.0015846838
0.0017682777
0.0017087901
0.0012766021
0.0002599674
-0.0007999237
-0.0006504377
-0.0004873059
-0.0003658315
0.0002139925
0.0011086322
0.0015320187
0.0014518831
0.0015330059
0.0012742245
0.0002282774
-0.0013919867
-0.0022651235
-0.0030233213
-0.0038783228
-0.0047504123
-0.0057549782
-0.0068182899
-0.0063962759
-0.0054967760
-0.0046825133
-0.0044577381
-0.0047224330
-0.0048788080
-0.0050278791
-0.0051402162
-0.0049137724
-0.0043751796
-0.0046511215
-0.0054478368
-0.0064467361
-0.0072260063
-0.0079489653
-0.0085816076
-0.0084185133
-0.0086431891
-0.0094908234
-0.0104303180
-0.0107419301
-0.0105851197
-0.0105540515
-0.0106087862
-0.0107214993
-0.0108336419
-0.0108331651
-0.0105336051
-0.0098324095
-0.0090230965
-0.0086900689
-0.0084282362
-0.0075410480
-0.0065731106
-0.0060727547
-0.0051817202
-0.0046570022
-0.0048944805
-0.0048932299
-0.0044050019
-0.0034989860
-0.0026966151
-0.0025661943
-0.0027765600
-0.0028069584
-0.0026278352
-0.0022959674
-0.0020067830
-0.0021918737
-0.0027215017
-0.0032746517
-0.0041950270
-0.0047138839
-0.0045085626
-0.0044472938
-0.0045365795
-0.0045954004
-0.0045711773
-0.0045183817
-0.0046387755
-0.0051745405
-0.0061031913
-0.0067840305
-0.0071912787
-0.0080880727
-0.0086846525
-0.0085639671
-0.0085057778
-0.0084849015
-0.0084856440
-0.0086562026
-0.0092198931
-0.0102197655
-0.0110478991
-0.0116873491
-0.0127593545
-0.0137999164
-0.0144636817
-0.0146200388
-0.0145330478
-0.0146317704
-0.0147875335
-0.0147494310
-0.0142859872
-0.0132837701
-0.0121737091
-0.0109796194
-0.0093193738
-0.0076604718
-0.0062335199
-0.0051852038
-0.0044987974
-0.0036370366
-0.0027916111
-0.0025654463
-0.0028782801
-0.0036769329
-0.0045948579
-0.0043788077
-0.0032320222
-0.0021897673
-0.0013580993
-0.0005033696
0.0004825918
0.0015742699
0.0025829024
0.0032007414
0.0032627371
0.0031505430
0.0032045462
0.0035227479
0.0042143862
0.0051441265
0.0056238368
0.0061386060
0.0070991519
0.0074911935
0.0074558649
0.0075000653
0.0073343128
0.0066415247
0.0056530112
0.0053943502
0.0056483021
0.0057638484
0.0057920279
0.0057429769
0.0054256779
0.0047506929
0.0041415530
0.0045385983
0.0052386208
0.0056165289
0.0056292446
0.0056780728
0.0063197566
0.0073307847
0.0078378154
0.0082483377
0.0090498816
0.0093699583
0.0086945239
0.0078868836
0.0073929578
0.0067181940
0.0061597863
0.0061294317
0.0062011128
0.0060955607
0.0059713903
0.0060225438
0.0064523776
0.0073109378
0.0081362342
0.0086407584
0.0090322333
0.0088631207
0.0080988195
0.0072902545
0.0064853560
0.0062913740
0.0064741207
0.0064139476
0.0062561063
0.0063608667
0.0070616809
0.0081812773
0.0087673369
0.0089378016
0.0088831841
0.0079865363
0.0076912938
0.0076501470
0.0063728962
0.0050668406
0.0046787913
0.0049957815
0.0053327265
0.0049548200
0.0043881196
0.0034910474
0.0019971515
0.0009077276
0.0000859944
-0.0006298256
-0.0011104244
-0.0015589312
-0.0024922692
-0.0033688911
-0.0026557262
-0.0013153753
-0.0007103654
-0.0000402428
0.0004398875
0.0004038274
0.0003445757
0.0003298944
0.0003480452
0.0005598547
0.0012218213
0.0022108022
0.0026974451
0.0024935049
0.0023058842
0.0024725583
0.0031630156
0.0042522902
0.0049340141
0.0047966270
0.0040535584
0.0025804130
0.0008458648
-0.0003871419
-0.0012764974
-0.0025851713
-0.0030304470
-0.0024140484
-0.0015409515
-0.0011954356
-0.0012837631
-0.0006485540
0.0005017160
0.0008825425
0.0002161403
-0.0005715755
-0.0008751603
-0.0012024394
-0.0010464286
-0.0009622123
-0.0010476205
-0.0010534230
-0.0009656536
-0.0009123726
-0.0012035227
-0.0020060061
-0.0030013062
-0.0032614709
-0.0041745267
-0.0052476684
-0.0046403402
-0.0034636261
-0.0025045691
-0.0028403167
-0.0031661443
-0.0031901587
-0.0030494170
-0.0025575452
-0.0015664579
-0.0005634023
-0.0008383381
-0.0010256258
-0.0008694743
-0.0006686028
-0.0006779120
-0.0012743574
-0.0023628098
-0.0032645356
-0.0040249210
-0.0048785767
-0.0048215925
-0.0046097574
-0.0041952357
-0.0032938061
-0.0025739664
-0.0028178725
-0.0029807348
-0.0029128709
-0.0027941693
-0.0026378395
-0.0025698193
-0.0027891936
-0.0035601032
-0.0047557842
-0.0057901528
-0.0064715367
-0.0066788816
-0.0065413100
-0.0065900500
-0.0067836232
-0.0069585243
-0.0069196433
-0.0064134021
-0.0054033666
-0.0045573041
-0.0046818895
-0.0048469989
-0.0052050601
-0.0061478600
-0.0072438742
-0.0077952773
-0.0082861979
-0.0078794741
-0.0066338292
-0.0056587762
-0.0050244557
-0.0048400529
-0.0049767803
-0.0049813260
-0.0048952151
-0.0047425120
-0.0045748680
-0.0045582913
-0.0049534780
-0.0059490727
-0.0072385406
-0.0083535553
-0.0098857765
-0.0111536092
-0.0115556278
-0.0107812831
-0.0098312918
-0.0087526508
-0.0076552000
-0.0070856702
-0.0064723808
-0.0055344479
-0.0045281742
-0.0037154739
-0.0028567316
-0.0026887218
-0.0033896447
-0.0046560674
-0.0059289007
-0.0069433091
-0.0081847553
-0.0093064307
-0.0093264238
-0.0081846225
-0.0070394892
-0.0059113157
-0.0044599774
-0.0034276596
-0.0030329419
-0.0031054031
-0.0029955451
-0.0029864169
-0.0033674373
-0.0039772018
-0.0041367774
-0.0033824759
-0.0027607399
-0.0028026487
-0.0023675673
-0.0014427689
-0.0009279544
-0.0009494864
-0.0004488697
0.0005331984
0.0010774788
0.0010390824
0.0015186387
0.0026169148
0.0036073761
0.0042679486
0.0049615307
0.0051752776
0.0050346727
0.0049882767
0.0050854096
0.0054982790
0.0063708367
0.0074454181
0.0084487921
0.0093152392
0.0101691106
0.0110743950
0.0119993676
0.0130291828
0.0135714186
0.0131285776
0.0123594149
0.0115645535
0.0108709940
0.0099925573
0.0092553069
0.0091420154
0.0093239696
0.0097472474
0.0102378827
0.0111303178
0.0116975332
0.0115725726
0.0115608175
0.0115779109
0.0112805550
0.0105373958
0.0097758458
0.0096051075
0.0097500612
0.0097663339
0.0097184849
0.0096885266
0.0096530190
0.0095373515
0.0093060712
0.0091227336
0.0094011594
0.0098623444
0.0097629261
0.0092790360
0.0084451889
0.0076740191
0.0075279540
0.0077167424
0.0078225353
0.0078464832
0.0076827667
0.0070171459
0.0057412386
0.0044780790
0.0036384201
0.0025872292
0.0012379369
0.0000023337
-0.0004891872
-0.0002973446
-0.0002233106
-0.0003163569
-0.0006257759
-0.0013362406
-0.0023464479
-0.0034866689
-0.0041822191
-0.0037658474
-0.0031565870
-0.0028014459
-0.0022392068
-0.0016451765
-0.0009119349
-0.0005870818
-0.0007076122
-0.0006936820
-0.0005576461
-0.0004628436
-0.0006088802
-0.0012348363
-0.0023229190
-0.0036119664
-0.0053421416
-0.0074038243
-0.0091368335
-0.0103568954
-0.0111677950
-0.0118222906
-0.0120911185
-0.0116544598
-0.0101157671
-0.0086546785
-0.0075904867
-0.0062614305
-0.0051253957
-0.0048587727
-0.0049241856
-0.0048667496
-0.0049796019
-0.0055187668
-0.0063701270
-0.0070091112
-0.0075866975
-0.0082745522
-0.0083058236
-0.0079787126
-0.0083779253
-0.0092317420
-0.0096002226
-0.0088884364
-0.0072887711
-0.0059999550
-0.0051990043
-0.0044788458
-0.0038328812
-0.0032063227
-0.0023502902
-0.0016406535
-0.0014659759
-0.0012726332
-0.0006776791
0.0000163941
0.0009071157
0.0017082829
0.0019405347
0.0016868220
0.0009236095
0.0005609044
0.0003904022
-0.0003923750
-0.0014011563
-0.0023471459
-0.0033420427
-0.0045346216
-0.0059210504
-0.0070721550
-0.0071668704
-0.0063610035
-0.0051563107
-0.0040786021
-0.0028678310
-0.0018886668
-0.0009465609
0.0003229001
0.0017008726
0.0026727633
0.0028007620
0.0032621384
0.0043360962
0.0050745025
0.0051112943
0.0047927886
0.0040361290
0.0029547477
0.0024146346
0.0016919992
0.0011782828
0.0012445179
0.0012978966
0.0011026702
0.0005952366
-0.0000724754
-0.0004262495
-0.0007461363
-0.0008929478
-0.0012938987
-0.0019936726
-0.0023530532
-0.0026172431
-0.0027551953
-0.0036961733
-0.0058811651
-0.0083511246
-0.0107631112
-0.0129077159
-0.0151656902
-0.0172356608
-0.0181986422
-0.0186560443
-0.0188591170
-0.0190594932
-0.0190320828
-0.0182523374
-0.0166648657
-0.0149711993
-0.0127612850
-0.0103414590
-0.0082541605
-0.0057873985
-0.0028140724
-0.0002475288
0.0017152765
0.0037701242
0.0061213539
0.0084191463
0.0102720148
0.0124837658
0.0145989906
0.0169779784
0.0187445515
0.0199601271
0.0212025738
0.0220941491
0.0231241361
0.0234013895
0.0233597855
0.0231785817
0.0223558332
0.0210288498
0.0201155541
0.0186823995
0.0179151908
0.0175283350
0.0171055105
0.0162392196
0.0155926806
0.0165303072
0.0170809607
0.0172280403
0.0163413500
0.0151755617
0.0147282890
0.0149147685
0.0151921392
0.0156983203
0.0165323940
0.0171192743
0.0178064560
0.0189680003
0.0194946356
0.0201850531
0.0201020482
0.0191106248
0.0184834770
0.0175789039
0.0154398172
0.0129992713
0.0102894989
0.0074819278
0.0048129684
0.0024869591
0.0012877625
0.0002007874
-0.0003888726
-0.0010140778
-0.0020601203
-0.0025157310
-0.0021446141
-0.0034489009
-0.0053610928
-0.0074579963
-0.0096173081
-0.0118035403
-0.0137647918
-0.0149550595
-0.0156972417
-0.0151924049
-0.0138146338
-0.0117656488
-0.0098312762
-0.0078473898
-0.0056982676
-0.0037467015
-0.0020936059
0.0000008009
0.0017942523
0.0029652257
0.0040976323
0.0057072394
0.0068216234
0.0077753609
0.0086044848
0.0090104348
0.0090213223
0.0084525828
0.0068828492
0.0047368244
0.0028604442
0.0013332025
0.0002235072
-0.0007068402
-0.0016739672
-0.0023658376
-0.0026820041
-0.0032759053
-0.0047667687
-0.0065098487
-0.0077300974
-0.0090400492
-0.0102126843
-0.0098936392
-0.0087190971
-0.0076971276
-0.0063077858
-0.0042035667
-0.0019591412
0.0000033360
0.0022691010
0.0048123088
0.0069230620
0.0081203445
0.0087612170
0.0089130487
0.0086059620
0.0078896660
0.0069255084
0.0059683444
0.0049970391
0.0039532906
0.0032014315
0.0030681228
0.0031961457
0.0033203364
0.0032415881
0.0023920201
0.0003213968
-0.0024198713
-0.0048076185
-0.0062531370
-0.0069430746
-0.0068514934
-0.0059836386
-0.0045164699
-0.0025502155
-0.0007968849
0.0007726104
0.0021748741
0.0024026232
0.0014803447
-0.0001630251
-0.0019253030
-0.0032235912
-0.0043366136
-0.0053664639
-0.0062795016
-0.0073753689
-0.0078841636
-0.0074230498
-0.0065057414
-0.0053774210
-0.0042645994
-0.0032280126
-0.0017025726
0.0001791503
0.0014769072
0.0024502790
0.0039349232
0.0061849808
0.0086097214
0.0107713804
0.0124538857
0.0133414827
0.0129768397
0.0122184161
0.0114955157
0.0099517505
0.0080199884
0.0067186122
0.0058535922
0.0050155370
0.0043916688
0.0036048695
0.0022499138
0.0004289293
-0.0019863265
-0.0049742534
-0.0082876204
-0.0112598272
-0.0133838761
-0.0150625750
-0.0161971154
-0.0163543947
-0.0154537061
-0.0140753956
-0.0128246641
-0.0111777994
-0.0096316581
-0.0091221474
-0.0094244664
-0.0100491288
-0.0109939772
-0.0113777457
-0.0104781669
-0.0086247592
-0.0061241419
-0.0036044772
-0.0010971647
0.0013881022
0.0034061495
0.0047495197
0.0050149133
0.0044206071
0.0034949928
0.0027016282
0.0018975777
0.0009393883
0.0002013604
-0.0003343714
-0.0011122869
-0.0029184866
-0.0047517121
-0.0058832621
-0.0067846643
-0.0076616075
-0.0082757480
-0.0084856440
-0.0086022885
-0.0087278275
-0.0084059453
-0.0071351496
-0.0051619257
-0.0031567191
-0.0013991453
0.0000011786
0.0008257943
0.0003604056
-0.0009556516
-0.0018012600
-0.0023813960
-0.0026569893
-0.0030382176
-0.0040106132
-0.0046994949
-0.0044858988
-0.0038995758
-0.0036329880
-0.0033179275
-0.0026400608
-0.0021097880
-0.0010066246
0.0004043581
0.0016650195
0.0028286108
0.0033936933
0.0037265154
0.0039654318
0.0045166521
0.0052204261
0.0051786431
0.0043380501
0.0027614933
0.0009248476
-0.0017790574
-0.0049496349
-0.0072350915
-0.0088958302
-0.0095770328
-0.0097880621
-0.0087221766
-0.0074331862
-0.0055357023
-0.0038158386
-0.0021181174
-0.0010509634
-0.0012865643
-0.0020381881
-0.0030712554
-0.0039318516
-0.0056400407
-0.0076413065
-0.0096176520
-0.0116649722
-0.0137196003
-0.0155473796
-0.0166461779
-0.0168923084
-0.0171273950
-0.0170396693
-0.0158031237
-0.0145923080
-0.0138170098
-0.0119735595
-0.0100858400
-0.0081345225
-0.0055485868
-0.0037971524
-0.0026554613
-0.0018324760
-0.0007165871
-0.0008212471
-0.0013954359
-0.0020926321
-0.0023582296
-0.0022473971
-0.0010347587
0.0008013110
0.0033815036
0.0063148701
0.0087808662
0.0108724244
0.0127121777
0.0133065612
0.0118751417
0.0099386119
0.0088951893
0.0084530830
0.0075979884
0.0077727816
0.0080792798
0.0082725357
0.0080684626
0.0070674733
0.0059269960
0.0045145253
0.0034504211
0.0022600322
0.0010854182
0.0002849675
-0.0005360516
-0.0005874293
-0.0006553294
-0.0005622613
0.0001216804
0.0012920167
0.0022855074
0.0026649990
0.0021796629
0.0012161532
0.0009207911
0.0009039658
0.0004953528
0.0001088763
-0.0001135386
-0.0006075028
-0.0012256706
-0.0020141315
-0.0031738868
-0.0042195424
-0.0048916964
-0.0050638229
-0.0050122934
-0.0051075942
-0.0052734625
-0.0052858780
-0.0049536812
-0.0042419060
-0.0035868171
-0.0033696274
-0.0031204502
-0.0023630403
-0.0015809408
-0.0010073335
-0.0002394990
0.0004495244
0.0006127722
0.0005354402
0.0001622448
-0.0008295710
-0.0021337773
-0.0033124986
-0.0041178677
-0.0050042188
-0.0058045443
-0.0066386297
-0.0074039642
-0.0074221056
-0.0067430071
-0.0055900502
-0.0044532307
-0.0029405071
-0.0012959246
0.0004289358
0.0016571591
0.0034504344
0.0047481567
0.0046697601
0.0040060409
0.0030203270
0.0022404096
0.0019339170
0.0020350297
0.0020972536
0.0020863887
0.0020944977
0.0019820621
0.0014682777
0.0005631173
-0.0000530515
-0.0003779571
-0.0010089670
-0.0017840588
-0.0031024010
-0.0042239028
-0.0060070839
-0.0071707065
-0.0078047369
-0.0092052070
-0.0101299139
-0.0110282499
-0.0106440359
-0.0100083610
-0.0098037720
-0.0105111109
-0.0113849598
-0.0116603139
-0.0117530496
-0.0110918323
-0.0102638081
-0.0084044993
-0.0059734373
-0.0035665732
-0.0017095475
-0.0010449826
-0.0008109762
-0.0003811079
-0.0003048147
-0.0002484269
-0.0000475754
0.0004067100
0.0012132019
0.0022116620
0.0036281406
0.0046137357
0.0054020168
0.0057472615
0.0056487382
0.0056737217
0.0057807941
0.0058446187
0.0058867019
0.0058866612
0.0057223562
0.0052711427
0.0047603682
0.0046715007
0.0042959639
0.0037468790
0.0038227713
0.0038544593
0.0038079117
0.0038108419
0.0039666300
0.0042479657
0.0044926565
0.0042281602
0.0045189953
0.0043644804
0.0043806108
0.0036454434
0.0033421209
0.0034028754
0.0041208189
0.0045646761
0.0051544068
0.0057454217
0.0067012929
0.0072255295
0.0070928163
0.0069618547
0.0065776665
0.0059611741
0.0056578883
0.0052787124
0.0052228999
0.0048819922
0.0042778583
0.0041571215
0.0037771382
0.0032984683
0.0033786532
0.0034234664
0.0033244593
0.0032708313
0.0034309110
0.0041123989
0.0051200325
0.0055370873
0.0053444504
0.0052944474
0.0053203540
0.0052389772
0.0050332572
0.0050022031
0.0055028474
0.0054424532
0.0056346032
0.0065669907
0.0077664648
0.0081708821
0.0089285007
0.0095932742
0.0101078262
0.0110636482
0.0115183772
0.0114810485
0.0115801697
0.0116719362
0.0114583980
0.0107920378
0.0099646936
0.0100315508
0.0107476201
0.0107020925
0.0101266468
0.0094956615
0.0090291226
0.0081397279
0.0069632529
0.0056322138
0.0042306824
0.0032378482
0.0020895323
0.0006639621
-0.0004888773
-0.0005634581
-0.0002034671
0.0005083188
0.0015233610
0.0019992141
0.0026895870
0.0033301289
0.0034775345
0.0034162344
0.0029521731
0.0017983728
0.0004722549
-0.0004514520
-0.0003966055
-0.0002260899
-0.0002737112
-0.0004105801
-0.0005567321
-0.0005980010
-0.0004749157
-0.0000623620
0.0005262279
0.0009167792
0.0014831740
0.0021067796
0.0029499698
0.0034319013
0.0033211438
0.0034162289
0.0040531137
0.0050606316
0.0056090491
0.0055557900
0.0055163119
0.0056003257
0.0055099779
0.0050071420
0.0040952774
0.0036016158
0.0037215711
0.0038187970
0.0037543783
0.0036735353
0.0036269166
0.0035754036
0.0035690938
0.0037446803
0.0041425557
0.0045304299
0.0042102430
0.0036917769
0.0035532471
0.0031620918
0.0023060859
0.0016495644
0.0011918911
0.0003878657
-0.0003360677
-0.0008861534
-0.0017365030
-0.0022974376
-0.0024208186
-0.0027867324
-0.0035099314
-0.0040222597
-0.0044643019
-0.0044637994
-0.0043670565
-0.0043863594
-0.0043610523
-0.0041990600
-0.0039977959
-0.0039159009
-0.0030871412
-0.0024989580
-0.0026236287
-0.0026554237
-0.0021592486
-0.0013135815
-0.0008625494
-0.0009156514
-0.0019632070
-0.0031966216
-0.0041141121
-0.0045173148
-0.0041688422
-0.0033251447
-0.0022852448
-0.0018280506
-0.0011668833
-0.0004913912
-0.0000620668
0.0004716735
0.0006112631
0.0005973278
0.0004654339
0.0000625373
-0.0004301136
-0.0004062561
-0.0002367552
-0.0001858262
-0.0003477438
-0.0008991411
-0.0018032648
-0.0024823258
-0.0029725015
-0.0037686243
-0.0042665214
-0.0042464877
-0.0044062517
-0.0049383738
-0.0054427853
-0.0051238521
-0.0043783935
-0.0037804303
-0.0029703584
-0.0024391336
-0.0024501204
-0.0025155520
-0.0026661886
-0.0030593416
-0.0034347807
-0.0030357978
-0.0022684656
-0.0017152922
-0.0010294743
-0.0006132463
-0.0004847289
0.0001837538
0.0013095251
0.0018108189
0.0014754746
0.0009428554
0.0003557486
0.0001139185
-0.0003754954
-0.0007805811
-0.0015246038
-0.0020964220
-0.0025555936
-0.0020909704
-0.0010381203
-0.0000849059
-0.0003801686
-0.0006339573
-0.0005388905
-0.0003782347
-0.0002365187
-0.0003850417
-0.0009844008
-0.0019633165
-0.0025725830
-0.0030531139
-0.0039515570
-0.0043736015
-0.0042209398
-0.0043613032
-0.0048729914
-0.0054791144
-0.0056321427
-0.0060615248
-0.0065757625
-0.0064848472
-0.0064361580
-0.0065063057
-0.0065129813
-0.0063215957
-0.0057003403
-0.0048246516
-0.0040906894
-0.0030787102
-0.0015557259
-0.0003966291
0.0007900327
0.0017819524
0.0023518214
0.0031976018
0.0035957124
0.0035187024
0.0035866710
0.0037468328
0.0038033074
0.0035152618
0.0027684901
0.0019152838
0.0016858247
0.0018336491
0.0016246270
0.0010634368
0.0006095475
0.0006624127
0.0006880282
0.0006508532
0.0007928081
0.0012563324
0.0019455767
0.0025874199
0.0033925444
0.0036790643
0.0035282393
0.0035573371
0.0037226317
0.0038106966
0.0035851320
0.0028693269
0.0019238798
0.0013726173
0.0010757671
0.0007739944
0.0008686403
0.0008369289
0.0005125231
-0.0000373541
-0.0004765972
-0.0003967506
-0.0002818037
-0.0000918872
0.0003181916
0.0007122220
0.0008520425
0.0012747513
0.0017048345
0.0016328211
0.0015943075
0.0016315495
0.0016675261
0.0016792320
0.0016769857
0.0016831743
0.0017254216
0.0017707257
0.0017291208
0.0014588963
0.0009574102
0.0005766439
0.0007276352
0.0008384006
0.0007706099
0.0005042024
0.0000312724
-0.0003808111
-0.0004972649
-0.0009506533
-0.0015568186
-0.0018690911
-0.0022262840
-0.0026010696
-0.0036328919
-0.0049178516
-0.0056033122
-0.0062296901
-0.0063753636
-0.0070405491
-0.0079972675
-0.0083499991
-0.0083462865
-0.0086461982
-0.0091341214
-0.0092622474
-0.0086544440
-0.0082904966
-0.0087440533
-0.0092867894
-0.0093544594
-0.0086597197
-0.0081778539
-0.0083831150
-0.0085959576
-0.0086150831
-0.0083234875
-0.0077292697
-0.0071373693
-0.0069724437
-0.0069372369
-0.0069952223
-0.0065829039
-0.0064122961
-0.0059525297
-0.0051593488
-0.0049011771
-0.0056560523
-0.0061590305
-0.0066940374
-0.0073203192
-0.0081613780
-0.0084846201
-0.0080726910
-0.0075675869
-0.0072654219
-0.0074765965
-0.0075868320
-0.0074815018
-0.0071973149
-0.0067651402
-0.0063536644
-0.0060649880
-0.0051723951
-0.0039904685
-0.0031778393
-0.0020891829
-0.0011639039
0.0000641835
0.0009531583
0.0016451726
0.0015035055
0.0014140369
0.0016244191
0.0019401056
0.0022880772
0.0022070975
0.0016250717
0.0013443660
0.0010075195
0.0008635733
0.0014395949
0.0018669730
0.0018808024
0.0022063159
0.0028631461
0.0035587518
0.0046269688
0.0053897467
0.0056362117
0.0055333271
0.0056050630
0.0057169499
0.0055766178
0.0049690011
0.0040664633
0.0033078974
0.0024500414
0.0015290870
0.0013914959
0.0012956659
0.0012393039
0.0009206872
0.0012710333
0.0017412058
0.0020418053
0.0029865467
0.0041903633
0.0049517085
0.0058693701
0.0064694639
0.0072705624
0.0076781733
0.0076381395
0.0077511949
0.0078247472
0.0076167075
0.0070850809
0.0066246619
0.0067219597
0.0070238942
0.0075038459
0.0081089255
0.0084198498
0.0086722174
0.0086182486
0.0088480985
0.0094407157
0.0099535169
0.0099371660
0.0098131198
0.0095852707
0.0091290020
0.0087244119
0.0086546863
0.0082991019
0.0078461862
0.0077099402
0.0072192596
0.0065947559
0.0062262292
0.0056494502
0.0050080220
0.0041412145
0.0035449013
0.0032117720
0.0028830204
0.0029404727
0.0028495347
0.0025239791
0.0021971627
0.0023292029
0.0030935956
0.0035552589
0.0038332454
0.0037121013
0.0036539229
0.0037311033
0.0037828532
0.0037832706
0.0037087170
0.0036905748
0.0039180667
0.0045798921
0.0054552861
0.0060018723
0.0063605892
0.0067922168
0.0067558838
0.0064670488
0.0057993498
0.0049586255
0.0046357132
0.0046603411
0.0045588993
0.0046803350
0.0046962302
0.0040141132
0.0033483032
0.0029699223
0.0027907068
0.0029006163
0.0029074099
0.0028130017
0.0027344550
0.0027809143
0.0030773291
0.0036579778
0.0042571157
0.0046906668
0.0049271493
0.0047688805
0.0044741758
0.0041105113
0.0039509708
0.0040258980
0.0037957494
0.0032408018
0.0027106181
0.0022767864
0.0016901133
0.0009971884
0.0003133761
0.0000660505
-0.0001707283
-0.0009238276
-0.0017572049
-0.0022201500
-0.0026527077
-0.0031932811
-0.0036387147
-0.0039086806
-0.0038118510
-0.0037152285
-0.0037332879
-0.0038960430
-0.0042686942
-0.0047220383
-0.0048302158
-0.0047653712
-0.0050009908
-0.0055035649
-0.0059311509
-0.0065960417
-0.0075745454
-0.0078403165
-0.0076182097
-0.0075857979
-0.0076825291
-0.0077601222
-0.0077745738
-0.0077332668
-0.0077060573
-0.0078019271
-0.0081269255
-0.0085900019
-0.0088123643
-0.0090725477
-0.0096667671
-0.0101470620
-0.0104798161
-0.0105904423
-0.0107101897
-0.0111638558
-0.0116443695
-0.0113884222
-0.0104734618
-0.0096983824
-0.0092113659
-0.0085421452
-0.0079759770
-0.0078794428
-0.0077928950
-0.0073253800
-0.0066778976
-0.0064917932
-0.0065894489
-0.0069177222
-0.0076147168
-0.0081106528
-0.0073494451
-0.0067099185
-0.0064262420
-0.0055635199
-0.0054809816
-0.0056469796
-0.0055930695
-0.0054674648
-0.0053592998
-0.0052988806
-0.0052955924
-0.0053309422
-0.0053587472
-0.0053419642
-0.0051771370
-0.0047177325
-0.0041189978
-0.0040090047
-0.0040528620
-0.0042043662
-0.0046222894
-0.0051132420
-0.0049540103
-0.0043663210
-0.0037031115
-0.0033367170
-0.0029824660
-0.0027736830
-0.0022620730
-0.0013940947
-0.0010414577
-0.0011845011
-0.0008314155
-0.0006934763
-0.0005956946
-0.0000597651
0.0007277318
0.0010964285
0.0009287774
0.0000231295
-0.0005653993
-0.0003918027
-0.0001841370
-0.0001715227
-0.0004096336
-0.0008873946
-0.0014002247
-0.0013721640
-0.0012601028
-0.0012324704
-0.0012976293
-0.0013684452
-0.0013522554
-0.0011798522
-0.0008905897
-0.0007792361
-0.0012674169
-0.0014761155
-0.0017781758
-0.0023193416
-0.0025438064
-0.0028807639
-0.0032337581
-0.0028758517
-0.0023741749
-0.0024454856
-0.0024708567
-0.0019674003
-0.0010364985
-0.0003445322
-0.0000357221
0.0004729479
0.0008784790
0.0014749415
0.0019946277
0.0026016777
0.0029348289
0.0029584462
0.0025321256
0.0024089509
0.0022179077
0.0016277033
0.0010920555
0.0002817622
-0.0003969180
-0.0009229264
-0.0017764453
-0.0023641424
-0.0024179243
-0.0024605913
-0.0024390632
-0.0019681068
-0.0009164596
0.0001533286
0.0009633112
0.0014241781
0.0016408903
0.0022796384
0.0031029864
0.0031537241
0.0034558680
0.0033843470
0.0030036971
0.0027268220
0.0017670155
0.0011895877
0.0004373927
-0.0004532722
-0.0013524594
-0.0023345623
-0.0021670770
-0.0020761937
-0.0022544001
-0.0023773512
-0.0022462747
-0.0016338810
-0.0007447814
-0.0003341149
-0.0001426902
0.0007936772
0.0019097643
0.0017587955
0.0015565333
0.0015786687
0.0018233790
0.0025099628
0.0034461044
0.0039683589
0.0043400385
0.0053682975
0.0063384874
0.0069694705
0.0073746467
0.0078638579
0.0076314303
0.0071099238
0.0066731869
0.0068670345
0.0070388139
0.0070107533
0.0069458118
0.0066784337
0.0061911710
0.0057967917
0.0056991429
0.0052433689
0.0046206270
0.0042920059
0.0039723317
0.0038032902
0.0032814851
0.0026184428
0.0023604892
0.0023016644
0.0025545416
0.0026235646
0.0030000463
0.0028612250
0.0025355912
0.0023047228
0.0024203754
0.0029982768
0.0031208254
0.0032843825
0.0034294620
0.0034805381
0.0039754674
0.0039368577
0.0036019519
0.0031315386
0.0027758433
0.0029468982
0.0030157883
0.0028784364
0.0025932662
0.0023671335
0.0025644365
0.0029309491
0.0029510304
0.0031148900
0.0034163406
0.0034649040
0.0033273136
0.0031066239
0.0025455955
0.0020987832
0.0016770630
0.0012287782
0.0005742624
-0.0002327456
-0.0010154081
-0.0011347537
-0.0007111501
-0.0002624916
-0.0001119356
-0.0002015853
0.0000456527
0.0005852087
0.0008904021
0.0008020778
0.0007529992
0.0007988146
0.0008620812
0.0008910165
0.0007817353
0.0004286496
-0.0001121839
-0.0002706555
-0.0000504448
0.0003197962
0.0007482505
0.0008941030
0.0010578914
0.0016233350
0.0022894958
0.0031343274
0.0038335635
0.0039285908
0.0036484197
0.0030184019
0.0020260258
0.0014558739
0.0010685976
0.0006012495
0.0000993620
-0.0001367162
-0.0001177756
-0.0000103533
0.0003114231
0.0007705373
0.0009398408
0.0012460045
0.0017641392
0.0018847346
0.0018511716
0.0018178712
0.0016800800
0.0014395191
0.0013782745
0.0018830831
0.0019958025
0.0018834458
0.0018406553
0.0018269689
0.0018434190
0.0018776612
0.0019498927
0.0020087894
0.0019379359
0.0015862970
0.0009886542
0.0007461748
0.0017346779
0.0022576265
0.0028385323
0.0037526885
0.0039280820
0.0042738488
0.0049831753
0.0052887394
0.0053486835
0.0048320947
0.0048204623
0.0047972264
0.0045245274
0.0044394497
0.0048444392
0.0045568367
0.0042432597
0.0044523913
0.0040118309
0.0038642605
0.0033294833
0.0023517573
0.0017644901
0.0014121353
0.0007305829
0.0004333771
0.0004240955
0.0011459555
0.0015418269
0.0019480848
0.0020320565
0.0022471290
0.0023176612
0.0015627962
0.0009144587
0.0002294750
-0.0000304276
-0.0001579932
-0.0009046583
-0.0018737517
-0.0022126741
-0.0020334274
-0.0019799878
-0.0020679323
-0.0022126671
-0.0022977643
-0.0021127275
-0.0014078616
-0.0002637231
0.0008532078
0.0018793760
0.0026204578
0.0026354002
0.0018671207
0.0009925552
0.0005264266
0.0001084379
-0.0004934030
-0.0006124097
-0.0005684444
-0.0009562050
-0.0007903719
-0.0005896799
-0.0003284883
0.0007215495
0.0013213529
0.0011942437
0.0005387407
-0.0006106088
-0.0011444447
-0.0017995515
-0.0020628019
-0.0019268193
-0.0020051284
-0.0022742978
-0.0025902126
-0.0027145901
-0.0027044177
-0.0033262163
-0.0038290459
-0.0043961176
-0.0048471935
-0.0053369948
-0.0055357766
-0.0056454305
-0.0057171336
-0.0061763138
-0.0062706118
-0.0064019932
-0.0066579631
-0.0065904197
-0.0061820843
-0.0062280238
-0.0060942304
-0.0054224507
-0.0044927252
-0.0037156998
-0.0029743257
-0.0022177670
-0.0020778178
-0.0014722615
-0.0006705442
-0.0005245322
-0.0006180195
-0.0003789918
-0.0006742419
-0.0007977767
-0.0004544455
-0.0003894231
-0.0001965619
-0.0007288308
-0.0013126381
-0.0014403413
-0.0016221337
-0.0014758724
-0.0007727654
-0.0003938346
-0.0001665431
-0.0002620539
-0.0002718871
-0.0001800978
-0.0002555723
-0.0006568192
-0.0013397218
-0.0020436928
-0.0030440092
-0.0036363715
-0.0036244546
-0.0035536316
-0.0039913447
-0.0040877295
-0.0043621364
-0.0050540999
-0.0057033213
-0.0057347663
-0.0056587011
-0.0061933102
-0.0063208079
-0.0062539022
-0.0058365394
-0.0048537119
-0.0038000255
-0.0033157766
-0.0026275030
-0.0022445497
-0.0020961250
-0.0015889271
-0.0011225969
-0.0011523887
-0.0011532798
-0.0010975180
-0.0012197266
-0.0016858028
-0.0024158649
-0.0031406434
-0.0039584851
-0.0039896549
-0.0031273439
-0.0022322780
-0.0018467697
-0.0016126530
-0.0010531995
-0.0005091472
0.0001408981
0.0003955116
0.0002566212
-0.0004053157
-0.0008617123
-0.0013719858
-0.0017530062
-0.0020994296
-0.0020676329
-0.0019969975
-0.0018925685
-0.0016443691
-0.0015119975
-0.0015179423
-0.0011268268
-0.0011712759
-0.0012150261
-0.0009515998
-0.0004499076
0.0000332071
0.0001036282
0.0002640101
0.0002683661
0.0000313425
0.0003363683
0.0003453157
-0.0001582734
-0.0001364757
-0.0000584193
-0.0000468221
-0.0000379091
-0.0000484677
-0.0001184092
-0.0003110328
-0.0005872568
-0.0007185401
-0.0008605970
-0.0014039685
-0.0015793041
-0.0013247145
-0.0010221907
-0.0010823442
-0.0009487650
-0.0004038405
0.0002757546
0.0010173652
0.0017350977
0.0019056117
0.0017517682
0.0017671757
0.0019362187
0.0022140912
0.0024445398
0.0023355854
0.0021784139
0.0023636445
0.0021335452
0.0018122805
0.0022296128
0.0030682728
0.0038505936
0.0042292263
0.0045796037
0.0051298821
0.0056550628
0.0060078085
0.0059175434
0.0055570866
0.0048688123
0.0041413935
0.0037005948
0.0031373443
0.0023640142
0.0017287394
0.0008960366
-0.0001139873
-0.0005317489
-0.0002213399
0.0001191639
0.0000560194
0.0001918328
0.0006109227
0.0009232328
0.0011258022
0.0016758086
0.0022938712
0.0027181252
0.0029504325
0.0028759697
0.0028639535
0.0029239413
0.0029698058
0.0029929940
0.0029846318
0.0029677916
0.0029558443
0.0029789442
0.0030316632
0.0030676702
0.0029552440
0.0025760517
0.0020322363
0.0018520290
0.0019963293
0.0023168882
0.0028937884
0.0035363874
0.0043417588
0.0049244951
0.0047452140
0.0043013389
0.0039336250
0.0040040643
0.0039789244
0.0035786386
0.0030860228
0.0030755088
0.0030308449
0.0025668172
0.0018640287
0.0015322587
0.0014782852
0.0019056484
0.0020898379
0.0024715242
0.0033650293
0.0041125786
0.0045933792
0.0050462543
0.0048319908
0.0043375562
0.0037643084
0.0034708347
0.0029374699
0.0025267717
0.0018991831
0.0015036994
0.0010566862
0.0009289455
0.0005170279
-0.0001152511
-0.0001999000
-0.0003884760
-0.0004701485
-0.0000924184
-0.0005412743
-0.0009907723
-0.0006336350
-0.0006139645
-0.0013069013
-0.0011307747
-0.0003776871
0.0004870458
0.0005303771
-0.0011345646
-0.0024452198
-0.0023459821
-0.0027817091
-0.0036968009
-0.0040605216
-0.0039795286
-0.0040006643
-0.0041350290
-0.0041775639
-0.0039832208
-0.0034296089
-0.0027966023
-0.0024573001
-0.0022015623
-0.0022070397
-0.0019074773
-0.0012722112
-0.0009147299
-0.0010809100
-0.0015159617
-0.0020697714
-0.0022773531
-0.0017580084
-0.0008737613
-0.0000299184
0.0002923903
0.0002765569
0.0000184865
-0.0002236213
-0.0000316089
0.0000613061
-0.0002325320
-0.0008764093
-0.0015542995
-0.0019661599
-0.0020679862
-0.0019715388
-0.0019358358
-0.0019305757
-0.0020397122
-0.0024272190
-0.0031248389
-0.0036880299
-0.0039810636
-0.0036109777
-0.0027100577
-0.0021078629
-0.0020272779
-0.0018300569
-0.0013339583
-0.0011020833
-0.0011025913
-0.0010547525
-0.0010958110
-0.0013993047
-0.0019768020
-0.0024564997
-0.0028630476
-0.0031174474
-0.0034499201
-0.0039405077
-0.0039893696
-0.0036635826
-0.0035327647
-0.0039400935
-0.0042235230
-0.0041451350
-0.0040710793
-0.0040285804
-0.0040280262
-0.0040724338
-0.0041145912
-0.0040127829
-0.0036846456
-0.0032065572
-0.0030055002
-0.0029239327
-0.0026951692
-0.0025911411
-0.0030906396
-0.0035279533
-0.0035335682
-0.0031982466
-0.0032921476
-0.0038697027
-0.0040752014
-0.0040177288
-0.0041326647
-0.0043859686
-0.0045541488
-0.0042250455
-0.0039709795
-0.0040428147
-0.0042107026
-0.0044872205
-0.0047510978
-0.0046350535
-0.0045243656
-0.0041706719
-0.0036912821
-0.0032985902
-0.0030766116
-0.0027644501
-0.0022199695
-0.0020361122
-0.0022360249
-0.0025430506
-0.0027887138
-0.0026151320
-0.0025024908
-0.0022156309
-0.0021477013
-0.0021026646
