-0.0064808198
-0.0083499833
-0.0087701738
-0.0067958814
-0.0027998676
0.0018035273
0.0055463895
0.0076129861
0.0079492532
0.0070105383
0.0053287593
0.0030973014
0.0003469677
-0.0024261884
-0.0042544261
-0.0046407925
-0.0041277743
-0.0033253169
-0.0017442860
0.0015636398
0.0060845535
0.0094935312
0.0097596214
0.0069042428
0.0023546283
-0.0024938348
-0.0065510654
-0.0086876013
-0.0082861311
-0.0061818719
-0.0042551185
-0.0037390818
-0.0040855637
-0.0037979498
-0.0021376097
0.0003134206
0.0024068372
0.0032651231
0.0025730236
0.0006984029
-0.0014497827
-0.0030882895
-0.0041161875
-0.0046786021
-0.0042837449
-0.0020479952
0.0020282780
0.0065069424
0.0095719185
0.0104424440
0.0095905902
0.0079878578
0.0062267567
0.0040809956
0.0010173300
-0.0026911781
-0.0056931301
-0.0067870869
-0.0060450690
-0.0043739299
-0.0024973469
-0.0010240158
-0.0008386842
-0.0023053466
-0.0044145415
-0.0056529233
-0.0055573186
-0.0049063664
-0.0046659876
-0.0053643956
-0.0071430001
-0.0095993565
-0.0116318754
-0.0120955255
-0.0108684032
-0.0089571657
-0.0074846352
-0.0067434035
-0.0062243733
-0.0051910305
-0.0032302277
-0.0004169872
0.0028445521
0.0059433126
0.0081899123
0.0091033804
0.0086630477
0.0072271472
0.0052326666
0.0028574138
0.0000084854
-0.0032277085
-0.0062153978
-0.0080086068
-0.0080307373
-0.0064537704
-0.0040591115
-0.0018008304
-0.0001235520
0.0012740778
0.0027667691
0.0041039422
0.0044677305
0.0032005226
0.0006174410
-0.0018683774
-0.0025415087
-0.0006332550
0.0030504621
0.0066094349
0.0082446994
0.0073638911
0.0047546326
0.0016619753
-0.0012520354
-0.0039341281
-0.0063431726
-0.0081514943
-0.0089186103
-0.0083779869
-0.0068367338
-0.0052461069
-0.0043450045
-0.0036997451
-0.0021370240
0.0004582051
0.0022965375
0.0012758400
-0.0027270826
-0.0074557057
-0.0102712637
-0.0102972474
-0.0084679682
-0.0060846618
-0.0039276516
-0.0022399245
-0.0007775180
0.0010336182
0.0034239094
0.0057831422
0.0071081314
0.0067362167
0.0045200840
0.0006464082
-0.0043011021
-0.0091958583
-0.0126060043
-0.0133838741
-0.0111734043
-0.0066210677
-0.0012098499
0.0031464724
0.0045189682
0.0017124189
-0.0047215649
-0.0122405282
-0.0176296341
-0.0190528781
-0.0168664528
-0.0125854177
-0.0075310495
-0.0024066223
0.0024560728
0.0069763297
0.0111247657
0.0144844391
0.0164250941
0.0167407116
0.0156461739
0.0131871787
0.0092759827
0.0043120870
-0.0007271694
-0.0046902164
-0.0065154639
-0.0055286728
-0.0019956004
0.0026536343
0.0064244467
0.0077889309
0.0063716229
0.0031782571
0.0001312988
-0.0014225629
-0.0020116035
-0.0032792751
-0.0059065307
-0.0089066527
-0.0107732267
-0.0107675630
-0.0091293236
-0.0065105879
-0.0034745469
-0.0001448404
0.0037071047
0.0080495327
0.0122076850
0.0153004280
0.0169082157
0.0169690544
0.0151804393
0.0110859437
0.0050218442
-0.0014891032
-0.0067317811
-0.0098717406
-0.0109278845
-0.0103632973
-0.0089332181
-0.0071525759
-0.0044057599
0.0007678674
0.0086883850
0.0170415759
0.0222677426
0.0224499434
0.0183729479
0.0120302997
0.0050327944
-0.0011734832
-0.0046498149
-0.0039218263
0.0003018516
0.0052865213
0.0084590000
0.0089803134
0.0074905914
0.0052488054
0.0033640016
0.0020956456
0.0009168243
-0.0006741084
-0.0029963190
-0.0066040483
-0.0117650336
-0.0171384895
-0.0198993428
-0.0179218453
-0.0116352769
-0.0036407955
0.0031137327
0.0067829276
0.0068528314
0.0036552036
-0.0017587386
-0.0073332674
-0.0104133740
-0.0093902429
-0.0052483683
-0.0011054264
0.0002322042
-0.0016785424
-0.0049135959
-0.0068225947
-0.0055189434
-0.0005907416
0.0066518773
0.0138333204
0.0185148805
0.0190311361
0.0151348063
0.0079746042
-0.0005394560
-0.0082553239
-0.0132111668
-0.0143516041
-0.0121057703
-0.0081320954
-0.0041893772
-0.0010676289
0.0014923633
0.0041787551
0.0075289431
0.0113847963
0.0146791550
0.0159973816
0.0143177914
0.0093308909
0.0016470606
-0.0068140611
-0.0132211045
-0.0155274457
-0.0138751722
-0.0100608413
-0.0056456388
-0.0010741814
0.0033551044
0.0065401015
0.0073037869
0.0060258390
0.0047095878
0.0047997704
0.0054365770
0.0046774872
0.0018666557
-0.0020355818
-0.0058749552
-0.0088611085
-0.0098717648
-0.0079341049
-0.0039271620
-0.0004714789
0.0007417405
0.0007753783
0.0019879193
0.0054331279
0.0102400768
0.0145072313
0.0158720848
0.0123075557
0.0039722197
-0.0061557153
-0.0146279794
-0.0201089573
-0.0229533445
-0.0232211637
-0.0206179253
-0.0159642880
-0.0112313747
-0.0077887903
-0.0054700229
-0.0037518393
-0.0028930953
-0.0032811132
-0.0044668433
-0.0056381459
-0.0063860755
-0.0065056877
-0.0058945270
-0.0051451640
-0.0051882536
-0.0059208815
-0.0062284219
-0.0054327909
-0.0037616050
-0.0016276205
0.0003277738
0.0007554678
-0.0014350659
-0.0052807170
-0.0079407059
-0.0073625322
-0.0043718777
-0.0014698772
0.0001926538
0.0018195756
0.0048068335
0.0084967151
0.0106794561
0.0095464196
0.0044849269
-0.0039935520
-0.0135603061
-0.0198106703
-0.0188140804
-0.0107425812
-0.0003264027
0.0065748013
0.0069298969
0.0017910793
-0.0053169673
-0.0107599279
-0.0122942730
-0.0096540547
-0.0045811246
0.0001117656
0.0022483788
0.0013469913
-0.0016955941
-0.0055058353
-0.0085376620
-0.0091231024
-0.0063452199
-0.0010497070
0.0046516320
0.0088904452
0.0105683549
0.0091566000
0.0055277024
0.0029014640
0.0050961409
0.0127771927
0.0222352549
0.0280284731
0.0262734203
0.0167010493
0.0032193729
-0.0078664310
-0.0115796495
-0.0072103314
0.0017824924
0.0103396567
0.0145819021
0.0133464337
0.0081324267
0.0017267301
-0.0034926862
-0.0065553564
-0.0080275912
-0.0093613668
-0.0115711822
-0.0143175651
-0.0163564587
-0.0164287299
-0.0134782507
-0.0066795980
0.0039209868
0.0163469007
0.0266011571
0.0304127652
0.0256291935
0.0134948945
-0.0018078087
-0.0149184939
-0.0217773817
-0.0215463808
-0.0162296672
-0.0086757568
-0.0011125840
0.0050939837
0.0090247749
0.0099356171
0.0075149147
0.0023637864
-0.0039282123
-0.0092864779
-0.0120855473
-0.0120953396
-0.0104100129
-0.0081610766
-0.0053665156
-0.0011778793
0.0047844961
0.0117289829
0.0182761151
0.0230172211
0.0241501202
0.0196019931
0.0091167438
-0.0038657198
-0.0138786545
-0.0173672120
-0.0144301772
-0.0071777379
0.0024536546
0.0133352113
0.0247340174
0.0359808724
0.0460564103
0.0528972323
0.0533617711
0.0451650962
0.0295433951
0.0112693241
-0.0047200233
-0.0162443396
-0.0233926188
-0.0266706246
-0.0268114906
-0.0251082921
-0.0219261333
-0.0155878723
-0.0050471137
0.0065235652
0.0134283033
0.0132856517
0.0091534975
0.0051970974
0.0022795722
-0.0010096383
-0.0047473078
-0.0072167853
-0.0077469781
-0.0079084606
-0.0091200807
-0.0106561952
-0.0110995981
-0.0105989116
-0.0103989844
-0.0109870022
-0.0118307361
-0.0124179701
-0.0125658573
-0.0119421927
-0.0102918664
-0.0083640417
-0.0077073425
-0.0088962624
-0.0104339202
-0.0101392609
-0.0072168750
-0.0023147188
0.0036433583
0.0093913094
0.0123581172
0.0097360858
0.0015621669
-0.0082663848
-0.0151810938
-0.0178633417
-0.0185605781
-0.0200169561
-0.0225199037
-0.0237241125
-0.0210213104
-0.0139386205
-0.0043382969
0.0052759711
0.0130726034
0.0178814236
0.0188293991
0.0156626238
0.0095179717
0.0022531490
-0.0053438365
-0.0137163293
-0.0226356506
-0.0301420374
-0.0339944794
-0.0335441362
-0.0295873637
-0.0228766136
-0.0138054058
-0.0032235492
0.0076268392
0.0179513112
0.0272435175
0.0345784089
0.0389884978
0.0404130264
0.0396952357
0.0378219072
0.0354708460
0.0329892929
0.0304302331
0.0271130821
0.0211021134
0.0103964636
-0.0041144027
-0.0175439833
-0.0243307777
-0.0227651892
-0.0155968001
-0.0067141007
0.0018291515
0.0097274246
0.0168108982
0.0220567950
0.0237012314
0.0202912065
0.0119977231
0.0009321212
-0.0098908486
-0.0178608532
-0.0216778665
-0.0218460009
-0.0203285338
-0.0188035286
-0.0165769159
-0.0109427912
-0.0004796232
0.0121762073
0.0216065973
0.0237499346
0.0185464551
0.0093101509
0.0009089249
-0.0020727346
0.0020311526
0.0099298160
0.0150240445
0.0123214525
0.0019653241
-0.0117338063
-0.0236169703
-0.0298847539
-0.0289625923
-0.0220220370
-0.0129407864
-0.0060584891
-0.0030943653
-0.0033223582
-0.0061645656
-0.0114908962
-0.0177267577
-0.0221204372
-0.0236459595
-0.0240241608
-0.0250629580
-0.0263558958
-0.0264672151
-0.0247809674
-0.0208312887
-0.0130982315
-0.0005830103
0.0145169348
0.0275753506
0.0351730115
0.0368758303
0.0338975173
0.0277449150
0.0205779398
0.0149252403
0.0114752786
0.0081128097
0.0025991139
-0.0043394450
-0.0093751020
-0.0092622475
-0.0027922010
0.0088219230
0.0224060798
0.0337837822
0.0394029276
0.0379300513
0.0306533969
0.0207446199
0.0120750439
0.0076481279
0.0081365796
0.0115798757
0.0147781935
0.0154175322
0.0132142693
0.0095554929
0.0064402752
0.0054803792
0.0070268945
0.0099760792
0.0126410128
0.0136933674
0.0125366095
0.0094460399
0.0054900592
0.0018828268
-0.0007416736
-0.0024783351
-0.0039621413
-0.0058286072
-0.0077778741
-0.0083368622
-0.0062580284
-0.0022230431
0.0012365074
0.0014315327
-0.0028347734
-0.0103598958
-0.0178812216
-0.0219293490
-0.0206695371
-0.0142730956
-0.0048178006
0.0034852191
0.0058891686
0.0009992400
-0.0074363820
-0.0138693550
-0.0154980202
-0.0128541580
-0.0074423697
-0.0008295180
0.0044801583
0.0059960176
0.0043787954
0.0042380247
0.0102752469
0.0228288152
0.0375886602
0.0487456308
0.0519217218
0.0459208686
0.0336329218
0.0207658366
0.0121599675
0.0086918996
0.0074023334
0.0043784997
-0.0019266201
-0.0095263017
-0.0148631332
-0.0159373186
-0.0139289655
-0.0124979814
-0.0150827582
-0.0217247923
-0.0282598537
-0.0290880508
-0.0211594617
-0.0058754440
0.0118450045
0.0260139957
0.0320486858
0.0281279155
0.0153165304
-0.0027066770
-0.0204658934
-0.0329394989
-0.0382620055
-0.0386184326
-0.0384321032
-0.0410667467
-0.0465267178
-0.0518587583
-0.0535203070
-0.0496403705
-0.0410033468
-0.0307660413
-0.0231649143
-0.0217681711
-0.0278204502
-0.0396416202
-0.0536236680
-0.0657511964
-0.0725319069
-0.0718914532
-0.0644246640
-0.0530277242
-0.0402463060
-0.0266583357
-0.0129917761
-0.0029393811
-0.0016117394
-0.0105439952
-0.0254675712
-0.0398266245
-0.0497923863
-0.0553203787
-0.0577630937
-0.0579636349
-0.0557657691
-0.0500114376
-0.0394751017
-0.0249266165
-0.0101048099
0.0001168264
0.0029141626
-0.0009855444
-0.0083904778
-0.0157052189
-0.0204342056
-0.0218129881
-0.0205451128
-0.0179086353
-0.0147935122
-0.0110655026
-0.0059944187
0.0000691940
0.0047984801
0.0057776449
0.0036001839
0.0019199763
0.0036123661
0.0081647043
0.0138840112
0.0213586052
0.0327891879
0.0480630748
0.0633453239
0.0739008082
0.0772461081
0.0734812883
0.0639665484
0.0503568846
0.0339430210
0.0155040556
-0.0036552004
-0.0208473749
-0.0328973078
-0.0376152175
-0.0337581379
-0.0205142168
0.0008995980
0.0249986371
0.0437828153
0.0522211399
0.0508476737
0.0429014714
0.0313279865
0.0192758076
0.0107804821
0.0086149343
0.0119827114
0.0175906586
0.0230656657
0.0289738067
0.0377468487
0.0508049251
0.0664124629
0.0802792405
0.0882520325
0.0882597888
0.0799297376
0.0639024053
0.0431903619
0.0241553880
0.0133888511
0.0125718927
0.0175996672
0.0232546209
0.0275201030
0.0309337474
0.0335638906
0.0341645770
0.0322030446
0.0297031914
0.0302917344
0.0360268771
0.0448180333
0.0510516164
0.0494454769
0.0390047053
0.0235903887
0.0089127608
-0.0009905634
-0.0047653380
-0.0026327028
0.0042737070
0.0131047840
0.0190140238
0.0176963142
0.0091564061
-0.0017606559
-0.0093271744
-0.0115790032
-0.0113114506
-0.0130700099
-0.0194197196
-0.0295925023
-0.0407068131
-0.0499439900
-0.0557722085
-0.0576960258
-0.0554303165
-0.0479496305
-0.0336934454
-0.0123603148
0.0135114494
0.0392327734
0.0602607170
0.0737706313
0.0788125288
0.0762514169
0.0687551052
0.0595161913
0.0499071071
0.0387855166
0.0247704398
0.0088388091
-0.0056903403
-0.0156632459
-0.0205626454
-0.0222865840
-0.0228999391
-0.0234073962
-0.0236499589
-0.0216674278
-0.0142099866
-0.0000210743
0.0180836292
0.0359129481
0.0517148624
0.0659002227
0.0778745395
0.0851768948
0.0859059079
0.0805494189
0.0708632967
0.0576752938
0.0407729519
0.0213350615
0.0036092386
-0.0073303329
-0.0102266002
-0.0095601225
-0.0119583437
-0.0204565292
-0.0330448637
-0.0464435233
-0.0589108268
-0.0687966742
-0.0732703084
-0.0708548778
-0.0641020900
-0.0577751483
-0.0543590558
-0.0523638238
-0.0493120763
-0.0454679077
-0.0436886569
-0.0458145020
-0.0507518832
-0.0569311317
-0.0647568849
-0.0747480001
-0.0847192720
-0.0907628172
-0.0898900699
-0.0806055876
-0.0623332940
-0.0369622001
-0.0103231260
0.0116005108
0.0283031114
0.0434507884
0.0578767642
0.0672572067
0.0672844669
0.0577697997
0.0404166622
0.0157384337
-0.0152945542
-0.0481851560
-0.0762741526
-0.0955643821
-0.1066164080
-0.1116080026
-0.1114822856
-0.1065053957
-0.0978298733
-0.0873716096
-0.0769043615
-0.0683329918
-0.0640861250
-0.0654655457
-0.0707626261
-0.0766661213
-0.0819458228
-0.0884333364
-0.0974980483
-0.1069566357
-0.1129839411
-0.1137457570
-0.1091056205
-0.0978215514
-0.0783442088
-0.0529764841
-0.0285415616
-0.0114321583
-0.0029068644
0.0007848680
0.0049906533
0.0129309940
0.0239554366
0.0354934525
0.0470782728
0.0615875645
0.0812443608
0.1033217504
0.1218311529
0.1327581083
0.1356361062
0.1313814426
0.1217385619
0.1107716130
0.1037346935
0.1027484292
0.1043884057
0.1024778468
0.0926917974
0.0748511672
0.0527317318
0.0310846240
0.0126839391
-0.0015538911
-0.0104594110
-0.0121228180
-0.0063896855
0.0033653298
0.0131003645
0.0223659974
0.0338332287
0.0492508579
0.0679941781
0.0884309933
0.1073992306
0.1184821203
0.1148835119
0.0960052803
0.0695018124
0.0459564911
0.0321388611
0.0284940622
0.0310857712
0.0351923215
0.0374642682
0.0360191207
0.0303230909
0.0217565851
0.0133584237
0.0080507333
0.0069064954
0.0091316748
0.0134195693
0.0186593742
0.0232742460
0.0249207023
0.0221832876
0.0164908450
0.0110735498
0.0079287119
0.0067492934
0.0063402034
0.0056483148
0.0036048942
-0.0006470666
-0.0073013655
-0.0164955150
-0.0288886326
-0.0442161834
-0.0594388543
-0.0699726371
-0.0732364391
-0.0700731622
-0.0633093135
-0.0564759166
-0.0527353111
-0.0521010705
-0.0499126415
-0.0410440837
-0.0262992585
-0.0122353088
-0.0039430842
-0.0008663516
-0.0004319887
-0.0020089381
-0.0058545819
-0.0107573586
-0.0155782011
-0.0219409511
-0.0329413007
-0.0494185398
-0.0685749243
-0.0858470891
-0.0971902194
-0.0998301146
-0.0918575892
-0.0723600641
-0.0430092276
-0.0087372256
0.0249761680
0.0555106751
0.0827212122
0.1057237851
0.1219158261
0.1292920037
0.1285505482
0.1226671386
0.1143900969
0.1032729502
0.0848106511
0.0539957208
0.0108527694
-0.0384838362
-0.0864612926
-0.1276938790
-0.1571989934
-0.1683042633
-0.1558658763
-0.1216652000
-0.0749155042
-0.0270096969
0.0135222598
0.0415870987
0.0542201935
0.0514733662
0.0381897506
0.0220614569
0.0079601678
-0.0052947366
-0.0215367096
-0.0410943220
-0.0587988207
-0.0675346163
-0.0627269757
-0.0447261209
-0.0193946489
0.0042366730
0.0196521102
0.0266112968
0.0287550462
0.0291261860
0.0290649919
0.0292117479
0.0293371740
0.0281130250
0.0248339042
0.0207350861
0.0175075933
0.0159646597
0.0172740231
0.0234365228
0.0343322266
0.0456484845
0.0519195403
0.0505906003
0.0416054876
0.0251878266
0.0027845101
-0.0207641723
-0.0388299942
-0.0473408242
-0.0467075532
-0.0404677408
-0.0334904884
-0.0299980608
-0.0308579052
-0.0332303528
-0.0341535566
-0.0335240102
-0.0327301026
-0.0318602396
-0.0298227033
-0.0264296859
-0.0227879168
-0.0197999973
-0.0173985281
-0.0154486544
-0.0145837199
-0.0158246581
-0.0199926287
-0.0278911782
-0.0402267617
-0.0557846348
-0.0692046808
-0.0720240458
-0.0578148429
-0.0269742925
0.0131466197
0.0524077197
0.0828450709
0.1007855152
0.1055348056
0.0976058288
0.0787770841
0.0528820024
0.0248780021
-0.0016148937
-0.0255525513
-0.0469375280
-0.0643363793
-0.0747580267
-0.0767520468
-0.0732462799
-0.0701300095
-0.0716999044
-0.0781731174
-0.0872138170
-0.0960686235
-0.1018354459
-0.1015130740
-0.0932719053
-0.0783251654
-0.0617149620
-0.0490951902
-0.0422539319
-0.0388005202
-0.0364855502
-0.0368555992
-0.0434236897
-0.0564638539
-0.0707756745
-0.0793020414
-0.0787458972
-0.0713046554
-0.0617758329
-0.0544189895
-0.0522845074
-0.0576053577
-0.0707368202
-0.0879597162
-0.1016073617
-0.1040843742
-0.0923774241
-0.0687876494
-0.0383234582
-0.0062431735
0.0231462668
0.0478686013
0.0693676847
0.0911378675
0.1154872928
0.1416709256
0.1669654905
0.1886319569
0.2039615922
0.2090827820
0.1997294704
0.1751299847
0.1412114446
0.1083352404
0.0847006084
0.0721329171
0.0675979030
0.0669986708
0.0674183604
0.0672890803
0.0656277659
0.0614366233
0.0538728882
0.0430721184
0.0303775144
0.0174395235
0.0053781800
-0.0048410719
-0.0118193844
-0.0143473785
-0.0127507647
-0.0090735105
-0.0054445102
-0.0028663635
-0.0020459139
-0.0040742129
-0.0088062730
-0.0134655821
-0.0143762788
-0.0104602108
-0.0047481836
-0.0013235979
-0.0009914344
-0.0004973985
0.0048637988
0.0185241072
0.0411177041
0.0693645983
0.0957721867
0.1111359176
0.1094498072
0.0915459630
0.0641488380
0.0351359993
0.0091635322
-0.0131744051
-0.0330947707
-0.0513400626
-0.0681510658
-0.0844471545
-0.1016158452
-0.1197981089
-0.1373349823
-0.1526007088
-0.1654362839
-0.1754690005
-0.1795422793
-0.1728259543
-0.1533174410
-0.1245600841
-0.0940842180
-0.0699134871
-0.0573742113
-0.0569391304
-0.0650760008
-0.0783317341
-0.0958346413
-0.1163648878
-0.1347630357
-0.1446129940
-0.1446692273
-0.1404033332
-0.1384636073
-0.1401892265
-0.1403814377
-0.1323011319
-0.1145048258
-0.0925468512
-0.0731270750
-0.0573613973
-0.0413230122
-0.0226625796
-0.0040545159
0.0108507818
0.0222061768
0.0323232271
0.0407524380
0.0438693871
0.0393077592
0.0289170401
0.0169711631
0.0068034503
-0.0001010524
-0.0030422978
-0.0022028444
0.0001453797
0.0003598410
-0.0034399553
-0.0094070725
-0.0135826459
-0.0126522998
-0.0049690124
0.0095455309
0.0290662603
0.0494231694
0.0651418891
0.0719529786
0.0693454499
0.0613279217
0.0543361181
0.0532502255
0.0587018748
0.0676039787
0.0752772637
0.0774618953
0.0723591107
0.0619389095
0.0508127218
0.0436087749
0.0432053332
0.0504846296
0.0646450242
0.0829021929
0.1001537792
0.1105954800
0.1113126162
0.1047692732
0.0973237735
0.0947498071
0.0987116697
0.1070460757
0.1164814750
0.1240837169
0.1266433019
0.1210068826
0.1069248025
0.0888232530
0.0724462723
0.0599281245
0.0503739970
0.0440918319
0.0426510958
0.0450342892
0.0471492432
0.0459403160
0.0420372479
0.0378495148
0.0345643748
0.0317681091
0.0288178158
0.0255384688
0.0219518342
0.0186976549
0.0181734409
0.0238872779
0.0373126968
0.0554836250
0.0716088889
0.0777587361
0.0690784467
0.0468332136
0.0179020344
-0.0086774939
-0.0259272057
-0.0315550931
-0.0275889484
-0.0180542521
-0.0067846509
0.0038495850
0.0134551353
0.0232173906
0.0345081254
0.0480141373
0.0642076487
0.0833932648
0.1039632625
0.1210248998
0.1280070403
0.1205138716
0.0994205648
0.0706828330
0.0419441559
0.0182966855
0.0001415965
-0.0152565159
-0.0296998384
-0.0418105210
-0.0492179905
-0.0513325082
-0.0478152927
-0.0360790141
-0.0142219685
0.0139865481
0.0405969077
0.0602469657
0.0732418120
0.0821616262
0.0879264287
0.0898854646
0.0880926240
0.0836928526
0.0769460679
0.0667211078
0.0535546772
0.0417904273
0.0360245017
0.0360627743
0.0377046818
0.0379404496
0.0373469539
0.0378393751
0.0402244994
0.0446224206
0.0515327909
0.0608249568
0.0699456031
0.0744172577
0.0707809343
0.0589713826
0.0418835354
0.0234411604
0.0073111845
-0.0037975426
-0.0093120172
-0.0112050032
-0.0125154574
-0.0154594971
-0.0212630086
-0.0311001124
-0.0458157867
-0.0641997631
-0.0822589841
-0.0952798221
-0.1014234723
-0.1032430561
-0.1054206423
-0.1111970794
-0.1207413095
-0.1317009868
-0.1402830295
-0.1423045198
-0.1352262333
-0.1206231872
-0.1040352508
-0.0910459228
-0.0834117669
-0.0795271685
-0.0778328897
-0.0784467619
-0.0820815583
-0.0887605561
-0.0976353997
-0.1073703868
-0.1162621974
-0.1220976956
-0.1222731823
-0.1147787208
-0.0999603561
-0.0814789086
-0.0648779157
-0.0543080904
-0.0502493223
-0.0505524893
-0.0533637506
-0.0585472332
-0.0666135696
-0.0773985117
-0.0900605473
-0.1032160705
-0.1143100291
-0.1197781525
-0.1169817575
-0.1063006613
-0.0907041601
-0.0730636106
-0.0542682504
-0.0338455419
-0.0114068048
0.0128103025
0.0375929019
0.0598452450
0.0745121514
0.0769803815
0.0668922396
0.0495079718
0.0332833704
0.0257502405
0.0288182602
0.0377209781
0.0450815381
0.0458346200
0.0390029763
0.0267327721
0.0132419093
0.0039004544
0.0025440618
0.0083011832
0.0162408815
0.0218940820
0.0245365302
0.0260006322
0.0273137688
0.0274810952
0.0256238125
0.0233334930
0.0235554934
0.0267655910
0.0295107216
0.0282668102
0.0241680082
0.0222830290
0.0263403913
0.0351850823
0.0441863862
0.0490792494
0.0487191542
0.0448847457
0.0389805476
0.0289916139
0.0112123151
-0.0138494390
-0.0386491993
-0.0536388979
-0.0546699872
-0.0438919209
-0.0246238615
0.0013596276
0.0310359692
0.0580583024
0.0755490419
0.0800376716
0.0722776532
0.0556146987
0.0343444267
0.0125960584
-0.0065150389
-0.0212599626
-0.0314667115
-0.0387520271
-0.0460746376
-0.0556027814
-0.0662036806
-0.0738401958
-0.0753541967
-0.0716162170
-0.0662395778
-0.0613727872
-0.0558659064
-0.0474736269
-0.0357823187
-0.0228885147
-0.0110226166
-0.0002010695
0.0115288699
0.0257923751
0.0417460305
0.0562728384
0.0664397069
0.0715952426
0.0724988860
0.0685724439
0.0575532853
0.0389497243
0.0168590358
-0.0027513082
-0.0176113906
-0.0305146396
-0.0451792757
-0.0614885341
-0.0743165549
-0.0763850922
-0.0630482084
-0.0356690684
-0.0009234705
0.0335117859
0.0628408158
0.0850523897
0.0985255180
0.1018420711
0.0964696090
0.0880169191
0.0828253569
0.0825650355
0.0827467434
0.0774690053
0.0659744894
0.0538150390
0.0474577911
0.0489808007
0.0560725881
0.0650132797
0.0722418287
0.0745421749
0.0706967701
0.0640183218
0.0616724638
0.0694403274
0.0862092930
0.1042192210
0.1152702774
0.1162434530
0.1083944631
0.0929880726
0.0700614307
0.0412601537
0.0115577702
-0.0131749383
-0.0299197543
-0.0391484719
-0.0424524210
-0.0408639190
-0.0353176507
-0.0271783645
-0.0177691105
-0.0082428169
0.0000589854
0.0058907926
0.0094313514
0.0129580765
0.0191338912
0.0279695897
0.0353994556
0.0355019682
0.0253030484
0.0078694924
-0.0103629014
-0.0257926902
-0.0396656001
-0.0534063861
-0.0642351028
-0.0671425505
-0.0599115292
-0.0444631979
-0.0249267942
-0.0069117551
0.0029974646
0.0008290761
-0.0113202492
-0.0275164753
-0.0435740896
-0.0588431368
-0.0731298544
-0.0847948153
-0.0932284376
-0.1012758599
-0.1127876901
-0.1275413381
-0.1404557691
-0.1465746153
-0.1447755535
-0.1352764878
-0.1162233350
-0.0863200629
-0.0498032209
-0.0151006058
0.0114897893
0.0284712861
0.0366170763
0.0367930720
0.0309107693
0.0230296150
0.0177716878
0.0176486048
0.0225257614
0.0313128294
0.0430443169
0.0562484383
0.0684656006
0.0774428035
0.0827255751
0.0854180678
0.0862130096
0.0840931917
0.0773649898
0.0660419613
0.0531957536
0.0441878244
0.0441879294
0.0552547086
0.0746294092
0.0950449511
0.1080695057
0.1089315074
0.0988315694
0.0833546448
0.0688497484
0.0591805689
0.0544032345
0.0518267069
0.0487924030
0.0449262582
0.0413461357
0.0373000605
0.0282251442
0.0084777687
-0.0233569882
-0.0617757198
-0.0965012806
-0.1174757380
-0.1198804390
-0.1069330436
-0.0880367946
-0.0728971891
-0.0671496120
-0.0723961067
-0.0866428389
-0.1030193348
-0.1117991636
-0.1080511653
-0.0972672170
-0.0912826521
-0.0983352459
-0.1172158205
-0.1391975489
-0.1533806227
-0.1512604009
-0.1298051326
-0.0924944152
-0.0478910380
-0.0062203844
0.0250434541
0.0443954190
0.0552792218
0.0616248756
0.0649657803
0.0660952133
0.0677327336
0.0735612511
0.0844537797
0.0965924982
0.1040304031
0.1031440822
0.0946776572
0.0822659325
0.0697915755
0.0599591497
0.0541207106
0.0521346489
0.0517524886
0.0486543001
0.0380566570
0.0178744752
-0.0081492159
-0.0312492922
-0.0427369970
-0.0392659720
-0.0237474380
-0.0016441302
0.0229067420
0.0473151960
0.0688187313
0.0849054236
0.0953595668
0.1018785905
0.1046185098
0.1005640562
0.0869337816
0.0651092641
0.0395338478
0.0136193592
-0.0114180919
-0.0338738525
-0.0498902775
-0.0559565261
-0.0527089477
-0.0451763994
-0.0388735346
-0.0357546869
-0.0337589054
-0.0297880665
-0.0228273044
-0.0141461101
-0.0054097878
0.0023798646
0.0087223351
0.0138212901
0.0190467861
0.0260115153
0.0348748457
0.0442899412
0.0531417421
0.0612763584
0.0675184088
0.0682659401
0.0604126762
0.0454485169
0.0290813852
0.0165781521
0.0093322564
0.0056341538
0.0027815877
-0.0025507993
-0.0141680702
-0.0343059279
-0.0606796551
-0.0859854101
-0.1020834865
-0.1062639803
-0.1033127821
-0.1002756989
-0.0991297837
-0.0960408300
-0.0878295555
-0.0768239947
-0.0685655117
-0.0662833040
-0.0687976922
-0.0740623254
-0.0821173505
-0.0929043690
-0.1027804240
-0.1054471431
-0.0970434957
-0.0798461632
-0.0600925988
-0.0422209110
-0.0263615999
-0.0116891106
-0.0003779571
0.0032054172
-0.0032622136
-0.0176795331
-0.0354824159
-0.0532254780
-0.0701027574
-0.0868192143
-0.1030467243
-0.1150043812
-0.1158219456
-0.1001727661
-0.0694237160
-0.0314954099
0.0042598135
0.0309748882
0.0439460858
0.0404871720
0.0231360624
0.0013996656
-0.0133660911
-0.0161659442
-0.0102050765
-0.0005727573
0.0110637574
0.0242252272
0.0351695131
0.0384130679
0.0333643755
0.0269030879
0.0271478401
0.0359575792
0.0490956346
0.0618674625
0.0725016249
0.0813539187
0.0891062778
0.0954782546
0.0978559700
0.0911402914
0.0709638137
0.0381031949
-0.0007561375
-0.0369358125
-0.0643231532
-0.0803730273
-0.0838508068
-0.0735080961
-0.0500578543
-0.0181623962
0.0156504480
0.0473523698
0.0766805917
0.1041166114
0.1279816707
0.1447586673
0.1508261279
0.1436477364
0.1232425604
0.0936391185
0.0615907397
0.0326628650
0.0088705131
-0.0098803695
-0.0232902677
-0.0302413991
-0.0300831379
-0.0240385665
-0.0158800512
-0.0110636039
-0.0141466918
-0.0259652763
-0.0426610578
-0.0573534389
-0.0632820856
-0.0569052450
-0.0397119118
-0.0173215144
0.0040401214
0.0207714357
0.0320516187
0.0383872377
0.0412864525
0.0434590860
0.0475688923
0.0540610920
0.0604066166
0.0625701203
0.0570121771
0.0418044937
0.0172664930
-0.0130102054
-0.0415259853
-0.0587703971
-0.0580874775
-0.0402023212
-0.0130289256
0.0135868553
0.0336858102
0.0468442260
0.0552856692
0.0603890113
0.0625688033
0.0637227091
0.0678297038
0.0779727135
0.0927764705
0.1056929214
0.1078983820
0.0933356526
0.0625727138
0.0223562212
-0.0179424480
-0.0496547763
-0.0665778825
-0.0669450714
-0.0553958089
-0.0396850394
-0.0245803130
-0.0101684521
0.0048429116
0.0201776250
0.0347163583
0.0483483861
0.0615323573
0.0732550866
0.0806478999
0.0815691566
0.0769971788
0.0699139637
0.0623221928
0.0542610919
0.0454781929
0.0367880142
0.0294460533
0.0241474459
0.0209475203
0.0190826268
0.0165961371
0.0111326755
0.0011394063
-0.0140422482
-0.0340916596
-0.0564521629
-0.0755552227
-0.0847454496
-0.0800433030
-0.0629180396
-0.0402275535
-0.0209714195
-0.0111512745
-0.0100739058
-0.0111059162
-0.0064714492
0.0076901816
0.0292906926
0.0515011920
0.0657603020
0.0657230635
0.0507077853
0.0259106347
-0.0011994718
-0.0247988715
-0.0416025790
-0.0498635424
-0.0493525626
-0.0420453031
-0.0309292067
-0.0173872007
-0.0009572904
0.0178426420
0.0360537899
0.0507808159
0.0620147760
0.0717685883
0.0811532240
0.0893819503
0.0951734151
0.0977956162
0.0966567302
0.0910687070
0.0805358292
0.0650501464
0.0452806492
0.0224106447
-0.0023732766
-0.0280376029
-0.0529614724
-0.0739019878
-0.0864148354
-0.0873628837
-0.0774757517
-0.0609241569
-0.0420399707
-0.0228629026
-0.0036279959
0.0161841311
0.0378511792
0.0623973241
0.0879734514
0.1088271203
0.1182360995
0.1129360297
0.0946693353
0.0681920127
0.0386932245
0.0104873580
-0.0135684502
-0.0323537434
-0.0461829352
-0.0561014884
-0.0635706530
-0.0705382827
-0.0791652232
-0.0905548510
-0.1032720615
-0.1133266734
-0.1161085254
-0.1090754032
-0.0935445884
-0.0745068109
-0.0582026265
-0.0488636722
-0.0471495340
-0.0512834980
-0.0591374325
-0.0690136411
-0.0787396922
-0.0849909047
-0.0843616734
-0.0753573235
-0.0596048799
-0.0413576248
-0.0254130184
-0.0145491963
-0.0086344786
-0.0062703133
-0.0068206491
-0.0106618509
-0.0183534521
-0.0301158275
-0.0452082003
-0.0613157702
-0.0751807137
-0.0844289756
-0.0892312676
-0.0917659677
-0.0943404997
-0.0983108458
-0.1040111739
-0.1105337526
-0.1154207985
-0.1152250323
-0.1067753318
-0.0881183168
-0.0592077564
-0.0224000767
0.0180206737
0.0573963572
0.0924793874
0.1219857945
0.1456851433
0.1630490347
0.1726648491
0.1728446987
0.1625711324
0.1418104585
0.1119497654
0.0771806318
0.0447674233
0.0219669025
0.0119512337
0.0132097852
0.0225842892
0.0380853877
0.0585327952
0.0804142812
0.0960325890
0.0968803707
0.0798780530
0.0494798390
0.0134127018
-0.0224929020
-0.0552256547
-0.0824914313
-0.1017201515
-0.1110526179
-0.1102125118
-0.0999491256
-0.0809382286
-0.0538050043
-0.0207884350
0.0128552083
0.0400562115
0.0553575606
0.0579640389
0.0518850813
0.0425806911
0.0328171107
0.0218473986
0.0082149588
-0.0082606645
-0.0271875105
-0.0479052741
-0.0676168009
-0.0802669273
-0.0787197762
-0.0598389107
-0.0287478393
0.0043963150
0.0317261926
0.0504335752
0.0603437904
0.0615887845
0.0548291291
0.0420026434
0.0255870912
0.0075745616
-0.0104357623
-0.0272422733
-0.0428407055
-0.0585271961
-0.0754375125
-0.0929940514
-0.1088157282
-0.1199356219
-0.1239126740
-0.1190315261
-0.1043100346
-0.0802962721
-0.0499676306
-0.0179150908
0.0119514276
0.0377324833
0.0586157635
0.0732620754
0.0795628799
0.0762224276
0.0645965149
0.0488479738
0.0341200024
0.0239415883
0.0184965077
0.0152520399
0.0117353818
0.0078053371
0.0048827904
0.0027630324
-0.0022252634
-0.0149145592
-0.0367768161
-0.0639004985
-0.0892817645
-0.1067394588
-0.1130236923
-0.1078374626
-0.0931358466
-0.0719819193
-0.0472797594
-0.0210349728
0.0056073760
0.0318287861
0.0566859351
0.0783733112
0.0934183058
0.0977043987
0.0894232365
0.0712396720
0.0493013629
0.0294451484
0.0143099138
0.0036139295
-0.0042332319
-0.0103310116
-0.0140288847
-0.0130762230
-0.0057320151
0.0062542909
0.0171216357
0.0207443129
0.0149859497
0.0024174003
-0.0126528977
-0.0269926814
-0.0385603975
-0.0455516760
-0.0465140411
-0.0408359316
-0.0286142205
-0.0110406985
0.0083242178
0.0237447718
0.0306310894
0.0292698637
0.0247995664
0.0231727029
0.0273479451
0.0364241621
0.0463816585
0.0515327182
0.0472637539
0.0330496225
0.0128545216
-0.0081181664
-0.0270956385
-0.0440610005
-0.0592477742
-0.0714881893
-0.0785211498
-0.0774151231
-0.0646383748
-0.0373070008
0.0037806217
0.0520357881
0.0975701174
0.1330022707
0.1564525286
0.1690909640
0.1715091577
0.1635351781
0.1466318181
0.1245660630
0.1011509509
0.0777977924
0.0538228923
0.0289665917
0.0046699175
-0.0173930664
-0.0370082210
-0.0545214053
-0.0683737933
-0.0746786861
-0.0700050762
-0.0545539818
-0.0319018005
-0.0059504630
0.0202052245
0.0432271075
0.0593954674
0.0665715967
0.0656384308
0.0592682153
0.0496346745
0.0374895247
0.0228673787
0.0064574054
-0.0092444484
-0.0201042712
-0.0223949301
-0.0150042497
0.0000722689
0.0185976953
0.0352980740
0.0455270254
0.0471307653
0.0408056011
0.0286354454
0.0128087351
-0.0044711796
-0.0213290908
-0.0373725498
-0.0536416691
-0.0704691464
-0.0856985072
-0.0957026223
-0.0977830122
-0.0911226781
-0.0763753402
-0.0557021269
-0.0335787973
-0.0162604339
-0.0081229494
-0.0074533740
-0.0072703443
-0.0015720934
0.0097777195
0.0224631049
0.0325835970
0.0389976842
0.0414257753
0.0380872379
0.0265245957
0.0062159738
-0.0202521422
-0.0479864407
-0.0716338869
-0.0873146491
-0.0937122379
-0.0921409372
-0.0857730001
-0.0776207867
-0.0680620136
-0.0546476878
-0.0352416064
-0.0117617937
0.0094924324
0.0218465341
0.0228833438
0.0150072149
0.0026610521
-0.0094762330
-0.0177592535
-0.0212826498
-0.0222640422
-0.0237326848
-0.0266505874
-0.0297843500
-0.0318281721
-0.0327094191
-0.0331594633
-0.0339616039
-0.0355730274
-0.0376790859
-0.0388261161
-0.0372279106
-0.0323044504
-0.0247502249
-0.0148570009
-0.0016580519
0.0159833556
0.0378369674
0.0617604819
0.0842211710
0.1014534473
0.1104837405
0.1092563032
0.0965348105
0.0729255481
0.0424852722
0.0124240378
-0.0101162343
-0.0214478755
-0.0219519473
-0.0144237055
-0.0026273493
0.0089896695
0.0158322528
0.0147919852
0.0058205842
-0.0078862945
-0.0216071305
-0.0319166911
-0.0382978543
-0.0425495123
-0.0470754612
-0.0534163966
-0.0614890996
-0.0693758853
-0.0738365034
-0.0714673442
-0.0600357919
-0.0396873017
-0.0133389359
0.0145775876
0.0404410542
0.0629320737
0.0821243797
0.0971947439
0.1057789681
0.1061527256
0.0993645739
0.0882540523
0.0746123130
0.0581874694
0.0379732766
0.0133167577
-0.0159501166
-0.0492500500
-0.0845337667
-0.1180203769
-0.1452167749
-0.1627386204
-0.1692455248
-0.1645312994
-0.1485254100
-0.1220081747
-0.0876265177
-0.0490879833
-0.0095798364
0.0284591346
0.0627378830
0.0908569434
0.1100462357
0.1170175497
0.1088895748
0.0848956474
0.0476269112
0.0030209437
-0.0411079440
-0.0774762445
-0.1010834063
-0.1096724781
-0.1036930841
-0.0861020781
-0.0614272187
-0.0339408477
-0.0062480632
0.0203696181
0.0445926557
0.0645703616
0.0786363311
0.0859734525
0.0862983291
0.0794446930
0.0660987198
0.0485040699
0.0293956615
0.0104238369
-0.0074290426
-0.0219781734
-0.0297945867
-0.0292110773
-0.0231137468
-0.0172884288
-0.0150953461
-0.0143357844
-0.0098660365
0.0010753594
0.0166091935
0.0327167068
0.0464916609
0.0560342105
0.0579101083
0.0471455024
0.0217618448
-0.0129087512
-0.0462601187
-0.0698890547
-0.0826434066
-0.0881584719
-0.0891381110
-0.0855000747
-0.0768327206
-0.0644253346
-0.0504083187
-0.0359914727
-0.0212572075
-0.0065722619
0.0060213719
0.0132974800
0.0132319311
0.0067789371
-0.0030333425
-0.0135274791
-0.0236031382
-0.0329390303
-0.0406283127
-0.0449141389
-0.0441086292
-0.0374574330
-0.0250481564
-0.0074678670
0.0134190846
0.0331616690
0.0454258135
0.0454785565
0.0333168196
0.0135542142
-0.0071097222
-0.0225541689
-0.0292737015
-0.0275932305
-0.0211545251
-0.0145222834
-0.0106473078
-0.0098544990
-0.0103396890
-0.0094099488
-0.0051466854
0.0020932444
0.0096895964
0.0148006787
0.0163327293
0.0146848106
0.0103776222
0.0038278940
-0.0038200658
-0.0103936196
-0.0136420787
-0.0126352602
-0.0083445943
-0.0031898520
0.0000236835
-0.0009940263
-0.0074663416
-0.0187383432
-0.0314852943
-0.0407352691
-0.0430060201
-0.0385866478
-0.0302676736
-0.0202065980
-0.0087702465
0.0040944261
0.0170925333
0.0276420873
0.0336813423
0.0350843471
0.0330520140
0.0285804725
0.0221681224
0.0148318817
0.0085595736
0.0051394082
0.0048215737
0.0066453280
0.0099408930
0.0150581077
0.0224493051
0.0312967593
0.0395623684
0.0453351697
0.0478209322
0.0470603525
0.0430798909
0.0358423656
0.0260365617
0.0155203600
0.0066922126
0.0015000824
0.0007450958
0.0038921147
0.0098140611
0.0180732551
0.0291916299
0.0432058180
0.0582359706
0.0712900719
0.0804067592
0.0853105297
0.0862162414
0.0830180529
0.0758719956
0.0658963769
0.0550096978
0.0450014864
0.0363220130
0.0276330948
0.0172408810
0.0055189321
-0.0045447620
-0.0095508391
-0.0080568430
-0.0010955032
0.0084902273
0.0169907316
0.0212458639
0.0202764776
0.0158976321
0.0114894015
0.0095707389
0.0100877864
0.0109697848
0.0103015861
0.0076399546
0.0035221537
-0.0012829007
-0.0058938919
-0.0091460482
-0.0098258571
-0.0072286743
-0.0012134768
0.0082106847
0.0206361365
0.0342714122
0.0457833798
0.0517138848
0.0502588561
0.0420015607
0.0294320677
0.0161273646
0.0058033579
0.0008045878
0.0006996170
0.0024246525
0.0024561229
-0.0005015293
-0.0047168424
-0.0071795687
-0.0059522178
-0.0009673252
0.0067846986
0.0160969857
0.0253650908
0.0322803250
0.0344862057
0.0306605473
0.0208469306
0.0060076973
-0.0119581255
-0.0297973741
-0.0437764244
-0.0518225944
-0.0546713123
-0.0546470011
-0.0533171642
-0.0504990676
-0.0454054694
-0.0380364502
-0.0290869439
-0.0188348205
-0.0068167443
0.0070905035
0.0215868914
0.0341492260
0.0419451497
0.0424637646
0.0341792575
0.0178345786
-0.0023470125
-0.0198010880
-0.0295515473
-0.0311743710
-0.0275749870
-0.0218072355
-0.0161548834
-0.0127342582
-0.0127026674
-0.0153438957
-0.0193477313
-0.0245566563
-0.0320567087
-0.0422694769
-0.0534519625
-0.0625984147
-0.0674477293
-0.0673175929
-0.0624920400
-0.0536198706
-0.0419684994
-0.0297929950
-0.0197820285
-0.0136372229
-0.0110420963
-0.0101204841
-0.0089556387
-0.0066722667
-0.0036002299
-0.0011548010
-0.0016825845
-0.0076745317
-0.0202240094
-0.0380236280
-0.0580652023
-0.0772350473
-0.0934094992
-0.1057440646
-0.1145091079
-0.1205825473
-0.1243332118
-0.1246390208
-0.1192410275
-0.1065942702
-0.0876197310
-0.0652847427
-0.0424686769
-0.0207465024
-0.0010043163
0.0155679967
0.0274288855
0.0336015491
0.0341900759
0.0296490103
0.0200656189
0.0058607943
-0.0111752302
-0.0285864836
-0.0451019226
-0.0608284552
-0.0754042250
-0.0869399220
-0.0931469155
-0.0926644079
-0.0852680315
-0.0721510474
-0.0567342828
-0.0438170482
-0.0363200659
-0.0328707586
-0.0292204899
-0.0217714998
-0.0096107809
0.0058155256
0.0215666442
0.0336995615
0.0387104581
0.0356431979
0.0268554835
0.0165500678
0.0084168412
0.0042526195
0.0039609351
0.0061534902
0.0091786974
0.0120873328
0.0145287390
0.0160337555
0.0161678105
0.0154576227
0.0153317603
0.0167962339
0.0196456466
0.0231769527
0.0270435742
0.0310630032
0.0347603915
0.0375501210
0.0394118312
0.0410623514
0.0431527276
0.0454378762
0.0470049514
0.0474666139
0.0475132649
0.0478762364
0.0480847278
0.0467936645
0.0435233503
0.0396659556
0.0373380099
0.0373987354
0.0389818484
0.0406966491
0.0414738806
0.0403139960
0.0364073325
0.0299974871
0.0227262622
0.0170159882
0.0151410841
0.0183878788
0.0261193200
0.0355814382
0.0433601929
0.0475049350
0.0483310071
0.0473547856
0.0460105834
0.0451014702
0.0445366082
0.0434039919
0.0407518967
0.0364825850
0.0314395482
0.0267656960
0.0233513245
0.0219640181
0.0235802893
0.0288570014
0.0371794821
0.0468705005
0.0565239896
0.0653909235
0.0722850136
0.0749783304
0.0713276173
0.0608993367
0.0454517406
0.0282973022
0.0133341125
0.0039140918
0.0014531736
0.0049760327
0.0122707617
0.0210572722
0.0287305734
0.0320461812
0.0287173311
0.0196675743
0.0087106279
-0.0005863982
-0.0070833629
-0.0109992992
-0.0119962607
-0.0094123484
-0.0038459711
0.0025520355
0.0076181812
0.0104847079
0.0113159832
0.0103876408
0.0078387967
0.0041832126
0.0003688205
-0.0030394077
-0.0064097582
-0.0103843444
-0.0147770866
-0.0185225156
-0.0206446280
-0.0209138611
-0.0195676633
-0.0170006937
-0.0140028848
-0.0115933443
-0.0100646871
-0.0086504841
-0.0064915154
-0.0037166046
-0.0013343590
-0.0003579401
-0.0013224441
-0.0041811523
-0.0081202186
-0.0115983697
-0.0128968662
-0.0109845783
-0.0063344516
-0.0009993886
0.0028115740
0.0044062326
0.0045426791
0.0041168152
0.0030272586
0.0008044543
-0.0019268908
-0.0036144797
-0.0035956642
-0.0028070002
-0.0021211138
-0.0009107662
0.0019289203
0.0060959060
0.0098425655
0.0116239898
0.0110960754
0.0087959393
0.0057320984
0.0032033731
0.0023684733
0.0037049531
0.0066869464
0.0096603890
0.0103780262
0.0074092349
0.0013531357
-0.0055503218
-0.0110390503
-0.0139173795
-0.0139250470
-0.0114200956
-0.0072993763
-0.0025408631
0.0023733557
0.0072218834
0.0112725640
0.0135399700
0.0138499642
0.0126792207
0.0100475909
0.0054952051
-0.0007859901
-0.0073986499
-0.0125669157
-0.0151670678
-0.0149713662
-0.0126116034
-0.0095728800
-0.0077580607
-0.0084505892
-0.0115757552
-0.0159756478
-0.0201054104
-0.0225005937
-0.0222355216
-0.0195126742
-0.0156075782
-0.0118918413
-0.0089637828
-0.0067317956
-0.0048269352
-0.0026850967
0.0001654614
0.0034324147
0.0059772950
0.0066945233
0.0054025663
0.0027953423
-0.0001830546
-0.0028029556
-0.0046788663
-0.0057239033
-0.0060869758
-0.0060015561
-0.0059388600
-0.0070762109
-0.0109010444
-0.0177802440
-0.0261895632
-0.0337519894
-0.0385943799
-0.0392678626
-0.0342437076
-0.0230893063
-0.0083012963
0.0054570464
0.0146787833
0.0190958610
0.0204407661
0.0201076323
0.0186434657
0.0165727146
0.0143613560
0.0116924878
0.0078845897
0.0032608199
-0.0007573458
-0.0032707666
-0.0050510557
-0.0075211246
-0.0110007939
-0.0146736690
-0.0180277029
-0.0214351584
-0.0250688237
-0.0280443735
-0.0293325121
-0.0291698961
-0.0287957668
-0.0289246106
-0.0291631174
-0.0289803753
-0.0287704699
-0.0293690799
-0.0308402757
-0.0323713567
-0.0330914258
-0.0326426501
-0.0313200363
-0.0300481213
-0.0299838893
-0.0316552870
-0.0344087152
-0.0366868751
-0.0367648826
-0.0335116405
-0.0270007367
-0.0183864003
-0.0091209048
-0.0005337468
0.0061055586
0.0099339770
0.0112181081
0.0112545063
0.0112061424
0.0110543933
0.0097117100
0.0061000637
0.0000395246
-0.0077578264
-0.0158459799
-0.0219297206
-0.0234173178
-0.0189082712
-0.0093657217
0.0022758055
0.0126871144
0.0194845414
0.0216968857
0.0196069296
0.0145548277
0.0088371286
0.0051743650
0.0053300286
0.0087746417
0.0130336844
0.0155121431
0.0149909105
0.0118624077
0.0075066373
0.0036184338
0.0014263634
0.0009192279
0.0010367022
0.0007294151
-0.0002495164
-0.0014266373
-0.0021409765
-0.0021157078
-0.0018690157
-0.0027032408
-0.0059034904
-0.0116844083
-0.0190379391
-0.0266481393
-0.0335782156
-0.0386980560
-0.0401290967
-0.0362794099
-0.0275698646
-0.0166425214
-0.0069070626
-0.0009597660
0.0002511947
-0.0026951242
-0.0081707397
-0.0137878732
-0.0169154065
-0.0158088546
-0.0105710696
-0.0028510019
0.0051565529
0.0112839884
0.0137252571
0.0116445683
0.0055554587
-0.0030131841
-0.0121217273
-0.0198993186
-0.0250456517
-0.0272671662
-0.0271048572
-0.0251363118
-0.0215672016
-0.0166241406
-0.0108813062
-0.0048559851
0.0014261857
0.0081900982
0.0154728687
0.0231255267
0.0308553844
0.0377364019
0.0419010275
0.0414632803
0.0360661353
0.0274197799
0.0182642463
0.0108011010
0.0056727011
0.0021364867
-0.0008443625
-0.0036164713
-0.0056373848
-0.0059551289
-0.0040007872
-0.0002497871
0.0038664591
0.0067645249
0.0075852080
0.0066321019
0.0052715282
0.0052884434
0.0078192452
0.0123669319
0.0169065514
0.0191881531
0.0180094755
0.0134371826
0.0061936057
-0.0027513518
-0.0120990077
-0.0202757585
-0.0260524784
-0.0292144545
-0.0306861512
-0.0318485566
-0.0336326471
-0.0361118976
-0.0385294369
-0.0393640006
-0.0364169795
-0.0279226882
-0.0144009132
0.0008429712
0.0138120956
0.0222708774
0.0261386785
0.0266145933
0.0249078720
0.0217277413
0.0176113340
0.0132112637
0.0092285237
0.0063414565
0.0049399828
0.0044577329
0.0032398585
-0.0000972057
-0.0052068841
-0.0106535855
-0.0159374156
-0.0219191123
-0.0291323426
-0.0365976532
-0.0424867669
-0.0453800028
-0.0444155612
-0.0387368457
-0.0280059151
-0.0137649517
0.0005641816
0.0116751896
0.0182172156
0.0207319270
0.0205787074
0.0193561824
0.0187941160
0.0201858176
0.0235411603
0.0274838584
0.0303107777
0.0312175640
0.0307511427
0.0303848667
0.0313999668
0.0338034558
0.0361759519
0.0365143536
0.0335369697
0.0277074989
0.0212001016
0.0165653138
0.0151372060
0.0165291661
0.0194622743
0.0228880541
0.0261667790
0.0285982716
0.0294370608
0.0283898852
0.0257443586
0.0221887493
0.0187816736
0.0168085632
0.0170065351
0.0189461560
0.0213951568
0.0233012558
0.0244381543
0.0252096171
0.0260764745
0.0271881164
0.0283462155
0.0291198921
0.0289045330
0.0271503367
0.0237287744
0.0189749594
0.0134151579
0.0074734564
0.0014220175
-0.0044603943
-0.0097576581
-0.0138511438
-0.0161019384
-0.0162534128
-0.0146378445
-0.0119961072
-0.0091423316
-0.0065076486
-0.0039545717
-0.0011862036
0.0017662211
0.0047021094
0.0076267180
0.0105679025
0.0132205390
0.0150289892
0.0155554735
0.0145802134
0.0118808451
0.0073556024
0.0016259707
-0.0037775563
-0.0073331721
-0.0086682752
-0.0085957051
-0.0081521326
-0.0079103762
-0.0081482868
-0.0089613347
-0.0099751178
-0.0103194660
-0.0091517362
-0.0064276098
-0.0031804127
-0.0010523021
-0.0013419109
-0.0042849278
-0.0090491588
-0.0142475886
-0.0186901894
-0.0220830049
-0.0251414099
-0.0286428139
-0.0321815208
-0.0340502037
-0.0323838961
-0.0263921889
-0.0168625019
-0.0058527810
0.0043378129
0.0123039442
0.0177618955
0.0209383905
0.0222505494
0.0222287429
0.0211868512
0.0190119392
0.0156429906
0.0117186573
0.0084834970
0.0068256140
0.0066569908
0.0073329773
0.0083376783
0.0092776713
0.0096604698
0.0092577230
0.0084602685
0.0078149242
0.0072818374
0.0061691426
0.0038298056
0.0003347700
-0.0036278699
-0.0073588600
-0.0105489884
-0.0132861283
-0.0157490421
-0.0178434823
-0.0191341174
-0.0192055321
-0.0180896807
-0.0162587372
-0.0142330940
-0.0120697034
-0.0092939515
-0.0055422536
-0.0012125169
0.0026699840
0.0051383417
0.0057749205
0.0046034070
0.0017684373
-0.0025670173
-0.0081306492
-0.0144331666
-0.0206598902
-0.0256069991
-0.0281068442
-0.0278710117
-0.0257706493
-0.0230707720
-0.0205831996
-0.0184984791
-0.0165958623
-0.0144266868
-0.0116783406
-0.0087675318
-0.0067380573
-0.0062390796
-0.0066989484
-0.0066690236
-0.0050196765
-0.0017433601
0.0022797168
0.0059692502
0.0084056996
0.0090243548
0.0079425448
0.0060939346
0.0046349930
0.0039774294
0.0035987506
0.0027222915
0.0009650799
-0.0015789512
-0.0044884536
-0.0070027780
-0.0082289929
-0.0075601147
-0.0048366468
-0.0002512652
0.0054884110
0.0108207584
0.0136853848
0.0127333937
0.0084057157
0.0027818632
-0.0016995119
-0.0034935991
-0.0024127013
0.0005511510
0.0037022029
0.0052935650
0.0043424740
0.0010945070
-0.0032074912
-0.0068687835
-0.0082187723
-0.0061484090
-0.0007360728
0.0064803649
0.0130408913
0.0166727792
0.0161938346
0.0118128885
0.0048991563
-0.0025324871
-0.0085804914
-0.0120700589
-0.0126772978
-0.0107726773
-0.0072027617
-0.0028925435
0.0015013266
0.0054572145
0.0082406758
0.0089887161
0.0072817477
0.0034871549
-0.0014895467
-0.0065419686
-0.0105033958
-0.0125460059
-0.0127778875
-0.0123557499
-0.0126616397
-0.0142428944
-0.0166427154
-0.0190529993
-0.0208454520
-0.0216165189
-0.0210236534
-0.0188944714
-0.0155330044
-0.0116698733
-0.0081869875
-0.0058972788
-0.0053082770
-0.0061927202
-0.0073852372
-0.0073601632
-0.0052763226
-0.0014242911
0.0032496823
0.0077939709
0.0114564049
0.0135447288
0.0134695087
0.0111625939
0.0075525999
0.0042446798
0.0023914183
0.0019106267
0.0017288485
0.0008101313
-0.0009568364
-0.0028361526
-0.0040789119
-0.0046490110
-0.0052592207
-0.0067558766
-0.0095175354
-0.0133214034
-0.0175475302
-0.0215017900
-0.0247337508
-0.0272469432
-0.0292886081
-0.0308411644
-0.0313759141
-0.0301761571
-0.0267991775
-0.0214457183
-0.0151810372
-0.0096207348
-0.0060512385
-0.0047631993
-0.0051403147
-0.0063154123
-0.0078237374
-0.0097880451
-0.0126691294
-0.0167277036
-0.0214813408
-0.0256353743
-0.0277344763
-0.0269980947
-0.0237411683
-0.0190036012
-0.0136554907
-0.0079638916
-0.0019459236
0.0042259442
0.0103575931
0.0163605308
0.0219181346
0.0262426293
0.0283871462
0.0277250395
0.0241536752
0.0180217402
0.0101463143
0.0017016675
-0.0061968998
-0.0129268735
-0.0183632929
-0.0222839339
-0.0239361266
-0.0226145712
-0.0186100489
-0.0131055596
-0.0071064710
-0.0008627070
0.0055096076
0.0114755613
0.0166428446
0.0212636064
0.0255767656
0.0288688055
0.0296824675
0.0268755045
0.0204072685
0.0114398419
0.0018205767
-0.0066473148
-0.0127534309
-0.0159361148
-0.0160747590
-0.0134127098
-0.0086690104
-0.0030937755
0.0018142278
0.0047793300
0.0052556657
0.0036559655
0.0009941717
-0.0018094278
-0.0043486871
-0.0064751827
-0.0079630037
-0.0087800793
-0.0093405136
-0.0099741240
-0.0101314965
-0.0084464606
-0.0037497378
0.0038472072
0.0128140271
0.0210141762
0.0265512258
0.0281717549
0.0256527856
0.0202289217
0.0143066255
0.0101224394
0.0085366521
0.0091456442
0.0112156681
0.0140741864
0.0169466984
0.0188843801
0.0191041182
0.0173679957
0.0139098656
0.0093429294
0.0047606034
0.0015535598
0.0009144279
0.0032907900
0.0080946308
0.0139354857
0.0193482564
0.0235179237
0.0265283527
0.0290667290
0.0317708319
0.0348462200
0.0381904535
0.0415959295
0.0447588995
0.0472268791
0.0485449845
0.0485201400
0.0472631156
0.0450600385
0.0422617933
0.0391896369
0.0361152668
0.0331870709
0.0303012439
0.0271303965
0.0233426552
0.0187310151
0.0132843024
0.0073397286
0.0016432172
-0.0027843081
-0.0050298801
-0.0046776003
-0.0020024357
0.0021539756
0.0066893540
0.0105682095
0.0130879140
0.0140431935
0.0138144952
0.0131482840
0.0126295560
0.0123818548
0.0123197558
0.0126823232
0.0139739522
0.0162720926
0.0188220953
0.0203542428
0.0197847190
0.0166496233
0.0110609215
0.0036781058
-0.0042788181
-0.0113422739
-0.0164236398
-0.0191711134
-0.0196543320
-0.0179120853
-0.0138646123
-0.0076106131
0.0003689365
0.0093414993
0.0183475541
0.0260963177
0.0313313233
0.0335736506
0.0333458492
0.0313144695
0.0274336766
0.0213230715
0.0133811513
0.0050119978
-0.0022889137
-0.0077408320
-0.0110993314
-0.0121552895
-0.0110154420
-0.0087802812
-0.0072689457
-0.0077588970
-0.0101276991
-0.0133483890
-0.0165179760
-0.0191717356
-0.0208946723
-0.0212214315
-0.0200675660
-0.0177922259
-0.0147387494
-0.0110186253
-0.0068364777
-0.0027364758
0.0005820463
0.0025519918
0.0029847895
0.0021173625
0.0003144323
-0.0022388256
-0.0053964211
-0.0088619892
-0.0122810550
-0.0153436452
-0.0175609584
-0.0181456474
-0.0165385625
-0.0130336844
-0.0087150958
-0.0047075348
-0.0015367617
0.0008906418
0.0029131357
0.0047680672
0.0064095182
0.0073962398
0.0070564565
0.0050372753
0.0017125805
-0.0020699536
-0.0054444658
-0.0076771341
-0.0082500884
-0.0070800689
-0.0045694594
-0.0014266810
0.0015943693
0.0039011613
0.0051524687
0.0052942631
0.0046498052
0.0038957157
0.0036613327
0.0040957665
0.0049984888
0.0062405719
0.0078583621
0.0098015459
0.0117319884
0.0130766350
0.0133158043
0.0122781221
0.0102611482
0.0078372398
0.0054546452
0.0032507238
0.0012225032
-0.0005448752
-0.0020239732
-0.0035330311
-0.0056066965
-0.0085036715
-0.0119841011
-0.0156057926
-0.0190441118
-0.0219948333
-0.0240145866
-0.0247815653
-0.0244935796
-0.0237269807
-0.0229437703
-0.0223634604
-0.0221864467
-0.0225209783
-0.0230332750
-0.0229370805
-0.0215340676
-0.0188378180
-0.0156058572
-0.0126711089
-0.0103842151
-0.0087042855
-0.0074911893
-0.0066404068
-0.0060642506
-0.0056528296
-0.0052090381
-0.0045134047
-0.0036993815
-0.0035381867
-0.0050055083
-0.0083330406
-0.0125707777
-0.0160828869
-0.0175893416
-0.0169204481
-0.0148681102
-0.0125449475
-0.0107746245
-0.0096993888
-0.0089418470
-0.0081169949
-0.0072073807
-0.0066556650
-0.0071530647
-0.0090731469
-0.0119175503
-0.0145703484
-0.0162317759
-0.0169222175
-0.0170545920
-0.0166873303
-0.0154023589
-0.0128507404
-0.0090678144
-0.0043706674
0.0005727841
0.0046877602
0.0069397732
0.0069756696
0.0053564777
0.0031831638
0.0015197956
0.0010120573
0.0017877400
0.0034021974
0.0048694641
0.0051348554
0.0037748125
0.0011994362
-0.0017211544
-0.0040927327
-0.0052664971
-0.0049326272
-0.0031205138
-0.0001354279
0.0035262233
0.0073182104
0.0109342592
0.0145215078
0.0185400481
0.0232090364
0.0280345812
0.0320019055
0.0342659990
0.0345914088
0.0331307810
0.0300222912
0.0254160886
0.0197438206
0.0136974717
0.0078267688
0.0023726973
-0.0023657303
-0.0057508121
-0.0072150304
-0.0068178754
-0.0050691319
-0.0023961537
0.0007780721
0.0036087893
0.0050216204
0.0044911327
0.0024186785
-0.0003430026
-0.0031302706
-0.0056789280
-0.0079799650
-0.0098482697
-0.0105854431
-0.0092899602
-0.0056223788
-0.0002245178
0.0056771053
0.0108709079
0.0144775634
0.0162489287
0.0167877019
0.0170450420
0.0172524104
0.0165605873
0.0138451569
0.0087961575
0.0022670885
-0.0042032384
-0.0091397543
-0.0116169041
-0.0115294758
-0.0096843447
-0.0074774315
-0.0061560870
-0.0062634772
-0.0075681473
-0.0093022653
-0.0105585222
-0.0108003900
-0.0100679916
-0.0087276756
-0.0072304857
-0.0061054746
-0.0058810883
-0.0069081840
-0.0092149905
-0.0123739934
-0.0156294655
-0.0181733358
-0.0193952064
-0.0190890823
-0.0174754369
-0.0149767794
-0.0118975939
-0.0082440530
-0.0038008980
0.0015355393
0.0074831793
0.0133722962
0.0183404926
0.0217165673
0.0233680248
0.0236983227
0.0232460163
0.0223400945
0.0212621036
0.0205021703
0.0204964662
0.0212313854
0.0223187969
0.0234253084
0.0245717730
0.0259933203
0.0278441636
0.0300449622
0.0322305311
0.0337517147
0.0338376806
0.0321965487
0.0293864832
0.0262600326
0.0232376298
0.0202440950
0.0172067047
0.0143001215
0.0116144883
0.0089374275
0.0059614777
0.0025198782
-0.0013771165
-0.0055434566
-0.0095935231
-0.0129151663
-0.0148225257
-0.0149336349
-0.0134699692
-0.0111893047
-0.0089564385
-0.0073140228
-0.0063337366
-0.0056963854
-0.0049216205
-0.0037748780
-0.0025228596
-0.0018107221
-0.0021059850
-0.0031374298
-0.0039971975
-0.0038950443
-0.0028060670
-0.0013929838
-0.0004385732
-0.0004700212
-0.0017621740
-0.0043346579
-0.0077289883
-0.0109732994
-0.0131313494
-0.0139038221
-0.0136555553
-0.0129379585
-0.0121031525
-0.0113741960
-0.0109781471
-0.0110783167
-0.0116459903
-0.0125156351
-0.0135533093
-0.0146535187
-0.0155547221
-0.0158134195
-0.0151231961
-0.0135066421
-0.0110271250
-0.0075312038
-0.0030377571
0.0018022370
0.0059722380
0.0087738742
0.0100905173
0.0100948559
0.0090634838
0.0074291355
0.0055902418
0.0035763922
0.0011659758
-0.0016804119
-0.0045282936
-0.0065114532
-0.0068402783
-0.0054297603
-0.0029373895
-0.0001391703
0.0026181233
0.0052894089
0.0076707876
0.0092419841
0.0094499747
0.0080349766
0.0052597047
0.0018861160
-0.0011758505
-0.0031896177
-0.0038133348
-0.0033214299
-0.0026134081
-0.0026471400
-0.0037760996
-0.0057489861
-0.0081478424
-0.0106339120
-0.0129848600
-0.0150703966
-0.0168601589
-0.0183904562
-0.0196117935
-0.0203492739
-0.0204369364
-0.0197902777
-0.0184372607
-0.0165743224
-0.0144832029
-0.0123584646
-0.0101220435
-0.0074734055
-0.0042700510
-0.0007976126
0.0023682972
0.0046652281
0.0056385450
0.0049457766
0.0024788304
-0.0016650520
-0.0073503337
-0.0141487440
-0.0210311431
-0.0266142862
-0.0297253696
-0.0299192129
-0.0276905723
-0.0241761362
-0.0205523036
-0.0175802765
-0.0153873795
-0.0135399619
-0.0114414255
-0.0089078969
-0.0065283983
-0.0053769131
-0.0061588873
-0.0085864702
-0.0116652680
-0.0143757375
-0.0159817074
-0.0162043137
-0.0152484122
-0.0133823713
-0.0105965039
-0.0068977122
-0.0027690750
0.0008291593
0.0030666720
0.0037356827
0.0030614631
0.0014632997
-0.0002950122
-0.0011027400
-0.0001915518
0.0021540701
0.0048873255
0.0071637951
0.0088089635
0.0099736392
0.0107677085
0.0112491900
0.0115132764
0.0117040738
0.0119093738
0.0121659706
0.0125804650
0.0131995888
0.0137765054
0.0137910566
0.0126374255
0.0098558321
0.0055021082
0.0003772944
-0.0042698215
-0.0073324255
-0.0084884255
-0.0083607048
-0.0079721359
-0.0080357886
-0.0085242096
-0.0087540794
-0.0078760578
-0.0053178019
-0.0010213738
0.0044680302
0.0103256145
0.0158000641
0.0202651178
0.0231788353
0.0242143764
0.0234022011
0.0210325570
0.0175351929
0.0133744777
0.0090161218
0.0048768746
0.0012323804
-0.0017679089
-0.0040504963
-0.0055515272
-0.0061274985
-0.0055300067
-0.0035736936
-0.0004240408
0.0033132486
0.0068175894
0.0093025481
0.0101773395
0.0093242173
0.0072468038
0.0048748701
0.0031376253
0.0024255638
0.0024728863
0.0028377305
0.0032858179
0.0038187900
0.0045479364
0.0054938049
0.0065269586
0.0075165742
0.0085021768
0.0096146591
0.0108693809
0.0121157808
0.0132182040
0.0141629316
0.0148647330
0.0149685788
0.0139801007
0.0115904437
0.0077936380
0.0028557704
-0.0026784562
-0.0080906234
-0.0127947414
-0.0165237851
-0.0190834105
-0.0202100803
-0.0197651424
-0.0179184115
-0.0151344428
-0.0119180189
-0.0084812429
-0.0047245850
-0.0005877720
0.0036127394
0.0072350353
0.0096219710
0.0104483340
0.0098771135
0.0083199357
0.0061603505
0.0037289622
0.0012581216
-0.0011539834
-0.0034744370
-0.0056771198
-0.0077698633
-0.0098839649
-0.0122264133
-0.0148244890
-0.0173637621
-0.0192790717
-0.0199875063
-0.0190413971
-0.0162711635
-0.0118248057
-0.0061527986
0.0000344964
0.0059359554
0.0109036702
0.0145060194
0.0163493407
0.0160522656
0.0135358495
0.0092947513
0.0042744802
-0.0005168396
-0.0043744292
-0.0069530648
-0.0080581357
-0.0075872941
-0.0058066487
-0.0033285972
-0.0006826467
0.0018630999
0.0041080441
0.0057405899
0.0064831749
0.0063932808
0.0058912629
0.0054964315
0.0055046096
0.0059495629
0.0068195123
0.0080689267
0.0094422668
0.0104005841
0.0103891032
0.0091781561
0.0069402871
0.0041247105
0.0012856800
-0.0010544601
-0.0026945037
-0.0038757020
-0.0049681229
-0.0061955691
-0.0075648694
-0.0089346320
-0.0100552179
-0.0106434619
-0.0105796905
-0.0100002854
-0.0091511383
-0.0081712164
-0.0070887963
-0.0060185077
-0.0052357853
-0.0050129390
-0.0055394589
-0.0069069099
-0.0089209857
-0.0110226005
-0.0125867670
-0.0132478154
-0.0129731124
-0.0120022638
-0.0107704555
-0.0097396085
-0.0091928123
-0.0091798447
-0.0095425092
-0.0099523336
-0.0100062723
-0.0094415073
-0.0083260195
-0.0070823699
-0.0062862493
-0.0063743078
-0.0073032521
-0.0084704002
-0.0089986539
-0.0081689703
-0.0056770632
-0.0017368836
0.0028897884
0.0071507459
0.0101488108
0.0114466044
0.0110544579
0.0092740436
0.0065604917
0.0034298083
0.0004125265
-0.0020237930
-0.0036216454
-0.0043421831
-0.0041828054
-0.0032136437
-0.0016521684
0.0002334826
0.0023345321
0.0047468577
0.0073959183
0.0097392611
0.0111267694
0.0113513310
0.0106843523
0.0094659236
0.0078186174
0.0057217211
0.0032375291
0.0006514389
-0.0016601882
-0.0034156691
-0.0044600759
-0.0047843450
-0.0046697987
-0.0046325215
-0.0050598171
-0.0059531801
-0.0070103291
-0.0079344725
-0.0085442872
-0.0087240075
-0.0084591212
-0.0078082732
-0.0066324816
-0.0044831146
-0.0009435852
0.0037953175
0.0087416936
0.0126883667
0.0148679244
0.0150911043
0.0136222920
0.0111211299
0.0084655848
0.0063794673
0.0052526044
0.0051266208
0.0057973217
0.0070493781
0.0087488843
0.0106644525
0.0122800693
0.0129043074
0.0120838263
0.0099351243
0.0071375925
0.0044825216
0.0024295915
0.0010331246
0.0000082551
-0.0010859427
-0.0025031755
-0.0040730543
-0.0052844142
-0.0055740933
-0.0046558204
-0.0026803775
-0.0000442306
0.0029085498
0.0058642491
0.0083739067
0.0099719587
0.0104203466
0.0097581590
0.0082093031
0.0061366679
0.0040665551
0.0024882583
0.0016248646
0.0014721621
0.0019089914
0.0027521347
0.0039122238
0.0054335771
0.0073554731
0.0096011501
0.0119358261
0.0140537130
0.0157132176
0.0168128857
0.0173912647
0.0175301836
0.0171755906
0.0161207556
0.0141694437
0.0113750201
0.0080568091
0.0047498479
0.0020512892
0.0003690824
-0.0001977879
0.0000918219
0.0008266126
0.0018234554
0.0031099304
0.0045450294
0.0057210480
0.0061553639
0.0054239455
0.0031934878
-0.0005342050
-0.0051623289
-0.0097005280
-0.0133685069
-0.0158355089
-0.0170403963
-0.0171158427
-0.0163257082
-0.0148538256
-0.0127274311
-0.0099567208
-0.0066249103
-0.0029464426
0.0007712659
0.0043014972
0.0075372578
0.0102963021
0.0122393486
0.0130514351
0.0126184467
0.0110273512
0.0085075174
0.0053670513
0.0020488169
-0.0008480879
-0.0028683801
-0.0039884417
-0.0045371641
-0.0048588064
-0.0050630481
-0.0049950987
-0.0044350634
-0.0032424003
-0.0013977790
0.0008962870
0.0031883096
0.0049523210
0.0058897407
0.0060995289
0.0058723560
0.0054151098
0.0048691135
0.0044346926
0.0042514164
0.0042081410
0.0040053650
0.0033608013
0.0021412261
0.0004114857
-0.0015073636
-0.0031620093
-0.0042653899
-0.0048895691
-0.0053979610
-0.0061425869
-0.0072981369
-0.0088167117
-0.0103825265
-0.0114786154
-0.0115875028
-0.0103974170
-0.0078751674
-0.0043848873
-0.0007186778
0.0022768469
0.0041282679
0.0048777060
0.0048905702
0.0045679688
0.0043976045
0.0049343085
0.0064080687
0.0084748277
0.0104559449
0.0117568814
0.0119743491
0.0106193608
0.0071231520
0.0014366155
-0.0055934647
-0.0127108762
-0.0190469800
-0.0243213975
-0.0284391297
-0.0311096542
-0.0320285679
-0.0312179761
-0.0289090818
-0.0252650343
-0.0205029217
-0.0154096466
-0.0113051971
-0.0090720157
-0.0084573356
-0.0084929339
-0.0083329114
-0.0077132195
-0.0067616203
-0.0056552809
-0.0045415423
-0.0036024203
-0.0030063230
-0.0027697820
-0.0027578574
-0.0028516612
-0.0030351886
-0.0033035871
-0.0035188678
-0.0034520261
-0.0030496445
-0.0025856647
-0.0024307541
-0.0025992480
-0.0027715635
-0.0026875812
-0.0023133824
-0.0017340760
-0.0010600334
-0.0005167842
-0.0004360528
-0.0011152907
-0.0026440642
-0.0047447692
-0.0068663290
-0.0083844020
-0.0087553075
-0.0077994690
-0.0058195783
-0.0033264683
-0.0006450950
0.0021238253
0.0047972471
0.0068987035
0.0078325109
0.0072065243
0.0049833163
0.0014440648
-0.0027836108
-0.0068228661
-0.0098512106
-0.0112699866
-0.0108166379
-0.0087247266
-0.0055685289
-0.0018073352
0.0023887698
0.0068847155
0.0113856850
0.0155301685
0.0189951985
0.0214828678
0.0227276599
0.0225124059
0.0208368393
0.0181259173
0.0150334652
0.0120148194
0.0092554607
0.0069027748
0.0051060972
0.0039066675
0.0032189786
0.0029724416
0.0031270606
0.0035713691
0.0041443227
0.0047030790
0.0050935659
0.0050757628
0.0044496550
0.0032692347
0.0018931540
0.0007330930
0.0000809190
0.0001737784
0.0011900212
0.0030058940
0.0049280792
0.0060207885
0.0058857688
0.0048696532
0.0035654687
0.0023495067
0.0012768475
0.0003255568
-0.0004449303
-0.0010023861
-0.0013035712
-0.0011366294
-0.0002441831
0.0013534048
0.0032653606
0.0051366822
0.0068814231
0.0084839333
0.0099410061
0.0112821543
0.0124530836
0.0131958884
0.0132062867
0.0124473553
0.0113439059
0.0105363520
0.0103106755
0.0103964394
0.0103962616
0.0101232715
0.0095211470
0.0085142557
0.0071266043
0.0055479965
0.0039525639
0.0023604189
0.0006705120
-0.0012007006
-0.0031670218
-0.0049343069
-0.0061237181
-0.0064128655
-0.0057190290
-0.0042889126
-0.0025219926
-0.0007576118
0.0007379255
0.0017017313
0.0019600240
0.0015789432
0.0008340102
0.0001086012
-0.0002616090
-0.0001962785
0.0000133586
-0.0000739706
-0.0006284192
-0.0014162455
-0.0019989155
-0.0019656538
-0.0010807136
0.0006656039
0.0029623390
0.0051943229
0.0068594792
0.0078423146
0.0082345435
0.0080957619
0.0074906189
0.0066622352
0.0060187606
0.0058018398
0.0058952307
0.0059478129
0.0055376459
0.0043359716
0.0023282382
-0.0001546881
-0.0027101528
-0.0050548538
-0.0070166206
-0.0085506134
-0.0097881905
-0.0108848127
-0.0118026113
-0.0123339514
-0.0122210647
-0.0112622545
-0.0093683879
-0.0066012802
-0.0032367640
0.0002972459
0.0036101120
0.0063505468
0.0081840789
0.0089682104
0.0089055943
0.0084261164
0.0078713781
0.0072863869
0.0064896361
0.0051766959
0.0030612668
0.0000280562
-0.0038104027
-0.0080564035
-0.0120877126
-0.0152818613
-0.0173182987
-0.0182501557
-0.0183317102
-0.0178489278
-0.0170727628
-0.0161213292
-0.0148991678
-0.0132345973
-0.0110953483
-0.0087060307
-0.0064498761
-0.0047175291
-0.0038397062
-0.0040088287
-0.0051106282
-0.0066921794
-0.0082077923
-0.0093042448
-0.0098188522
-0.0097788587
-0.0094139320
-0.0089736317
-0.0085283544
-0.0080079919
-0.0073609049
-0.0067041678
-0.0062521191
-0.0060727478
-0.0059462721
-0.0054997772
-0.0044760976
-0.0028517501
-0.0007762227
0.0014576271
0.0035856480
0.0055734170
0.0075751837
0.0096082763
0.0113301950
0.0122676915
0.0121537302
0.0109667469
0.0088727996
0.0062781149
0.0037710774
0.0018341810
0.0006428663
0.0001050349
0.0000461324
0.0001972091
0.0001485572
-0.0003846720
-0.0012872240
-0.0020932856
-0.0023783343
-0.0020840152
-0.0015082298
-0.0009534624
-0.0005133096
-0.0001768421
0.0000639751
0.0002173657
0.0003855419
0.0006998901
0.0011241700
0.0014138588
0.0013639243
0.0009419370
0.0001171385
-0.0011761260
-0.0028918931
-0.0047712489
-0.0064692726
-0.0077144113
-0.0083730665
-0.0085134720
-0.0083692529
-0.0081924008
-0.0081589517
-0.0082518255
-0.0081832871
-0.0076242699
-0.0063974975
-0.0045017880
-0.0021944547
-0.0000202783
0.0013905163
0.0017249583
0.0012422891
0.0004720917
-0.0002562190
-0.0008656124
-0.0012771553
-0.0014064152
-0.0014284455
-0.0018119292
-0.0028718389
-0.0044081951
-0.0059156363
-0.0071172758
-0.0080977657
-0.0089781077
-0.0096500069
-0.0099007702
-0.0097300020
-0.0093843287
-0.0091522936
-0.0091645502
-0.0094058929
-0.0097920848
-0.0102370389
-0.0107198778
-0.0112439302
-0.0117591679
-0.0120971171
-0.0121218565
-0.0119193116
-0.0116535527
-0.0112831319
-0.0106106592
-0.0095169941
-0.0080664140
-0.0065017715
-0.0051385696
-0.0042055710
-0.0037565399
-0.0036894340
-0.0037695172
-0.0036994817
-0.0032341737
-0.0023452698
-0.0013432335
-0.0006873250
-0.0005917571
-0.0008934608
-0.0012447040
-0.0013426752
-0.0010157108
-0.0002490586
0.0007589206
0.0016189472
0.0019568754
0.0016721709
0.0009349805
0.0000519121
-0.0006721190
-0.0010394686
-0.0010635560
-0.0010020064
-0.0011310885
-0.0014893003
-0.0019170322
-0.0021851010
-0.0020911890
-0.0014661162
-0.0002600761
0.0013523391
0.0030938110
0.0047159650
0.0059761436
0.0066283740
0.0065362225
0.0057555911
0.0045133554
0.0032062574
0.0024100787
0.0027119667
0.0043859441
0.0070912008
0.0100559532
0.0126235368
0.0145159006
0.0156260883
0.0157777243
0.0148666478
0.0131155863
0.0110529551
0.0092442706
0.0079453597
0.0069919417
0.0060996452
0.0052008584
0.0044386402
0.0038812914
0.0034537947
0.0031134176
0.0029163352
0.0029516474
0.0031881666
0.0035020269
0.0038291350
0.0041111838
0.0042398668
0.0042041142
0.0041793958
0.0044895726
0.0054849926
0.0073652057
0.0100443187
0.0131156671
0.0159353311
0.0177780060
0.0181109136
0.0168615405
0.0144681993
0.0115691138
0.0085680975
0.0055865995
0.0027037006
0.0001661308
-0.0017454188
-0.0029374057
-0.0035046785
-0.0037243286
-0.0039932991
-0.0045863044
-0.0054691212
-0.0063367914
-0.0067253038
-0.0061952628
-0.0046289439
-0.0023799179
-0.0000643909
0.0017893866
0.0030061380
0.0037980282
0.0044785643
0.0052058176
0.0059880076
0.0067999082
0.0076304531
0.0084556955
0.0091959633
0.0097288628
0.0099691874
0.0098866473
0.0094320301
0.0085859208
0.0075090207
0.0064651981
0.0055902498
0.0049003092
0.0044202602
0.0041747695
0.0041263184
0.0042629467
0.0046746965
0.0054481800
0.0065422288
0.0078942762
0.0095283377
0.0113990970
0.0132407781
0.0146374244
0.0153000159
0.0152236081
0.0146109075
0.0136644751
0.0124206848
0.0108321990
0.0089657138
0.0069624556
0.0048806720
0.0027693384
0.0008324218
-0.0005930738
-0.0012438831
-0.0010547768
-0.0001272730
0.0013338677
0.0030982224
0.0049867744
0.0068156940
0.0083484967
0.0094091328
0.0098859201
0.0096291456
0.0084909948
0.0064970539
0.0039694266
0.0013738887
-0.0010043672
-0.0031507570
-0.0052275895
-0.0074064313
-0.0096713529
-0.0118165566
-0.0136071106
-0.0148964935
-0.0156156738
-0.0157430794
-0.0152276721
-0.0139738794
-0.0120259771
-0.0096375402
-0.0070320096
-0.0042632666
-0.0013751152
0.0014501131
0.0040101828
0.0062308159
0.0081227071
0.0096728153
0.0108512424
0.0117413849
0.0124485268
0.0129427416
0.0130993304
0.0128226237
0.0120854746
0.0109419024
0.0095405539
0.0081117028
0.0068478415
0.0058507918
0.0051761441
0.0047677626
0.0044783776
0.0041570229
0.0036327224
0.0028227099
0.0017908441
0.0005631111
-0.0008815823
-0.0024537920
-0.0039427950
-0.0051182731
-0.0058292818
-0.0060801801
-0.0060287727
-0.0058286451
-0.0055079618
-0.0049305176
-0.0038467540
-0.0021891973
-0.0003062460
0.0011901351
0.0018038537
0.0013815642
0.0001329531
-0.0015240809
-0.0032481884
-0.0048939773
-0.0064172745
-0.0077428874
-0.0087209696
-0.0091415883
-0.0087490621
-0.0073680294
-0.0050370070
-0.0020644773
0.0009396391
0.0032513782
0.0044073564
0.0044254101
0.0036023807
0.0023257328
0.0010906126
0.0003343026
0.0001911681
0.0005062907
0.0010155428
0.0014730468
0.0017036235
0.0016121580
0.0012743582
0.0008692740
0.0004744764
0.0000029988
-0.0007329444
-0.0018362784
-0.0031782127
-0.0044041666
-0.0051688014
-0.0053613730
-0.0050473448
-0.0042993246
-0.0031706592
-0.0017586982
-0.0002352101
0.0012373832
0.0025852818
0.0037656213
0.0046781642
0.0053658499
0.0061867511
0.0075330928
0.0094549678
0.0116026518
0.0135510793
0.0150388946
0.0159205456
0.0161805762
0.0160243510
0.0157346848
0.0153870967
0.0147016241
0.0133038790
0.0110752465
0.0081494098
0.0048138133
0.0015537424
-0.0010802337
-0.0027767271
-0.0035934536
-0.0039088465
-0.0041314076
-0.0043208945
-0.0041453262
-0.0032324803
-0.0014636810
0.0009865956
0.0037528807
0.0064657370
0.0089028391
0.0109153532
0.0123414007
0.0130785418
0.0131334582
0.0125532936
0.0113998564
0.0097943067
0.0079251747
0.0060692720
0.0044754553
0.0031947466
0.0020017756
0.0006721965
-0.0007345246
-0.0020026215
-0.0030725038
-0.0041546435
-0.0055331512
-0.0073448938
-0.0095337995
-0.0118748582
-0.0139637882
-0.0153064391
-0.0156995067
-0.0153575500
-0.0146436779
-0.0138459487
-0.0130707774
-0.0122107391
-0.0110289509
-0.0093540387
-0.0072595282
-0.0050145606
-0.0028629483
-0.0009707121
0.0004659818
0.0012869808
0.0014682532
0.0011672968
0.0007000429
0.0003433601
0.0002014090
0.0002267524
0.0003225704
0.0003926771
0.0003179567
-0.0000367212
-0.0007097877
-0.0015352113
-0.0021946041
-0.0023669673
-0.0019506162
-0.0011743946
-0.0003831586
0.0002106685
0.0006078862
0.0009558086
0.0014240301
0.0021414556
0.0031003894
0.0041421057
0.0050957143
0.0059454440
0.0066942906
0.0071537911
0.0071432667
0.0067252383
0.0061042513
0.0053692457
0.0045117839
0.0037236232
0.0033827597
0.0037243544
0.0047179234
0.0060948912
0.0074658924
0.0085431237
0.0092462986
0.0096306888
0.0098631198
0.0102031455
0.0108055690
0.0115538113
0.0121551037
0.0123435256
0.0119754964
0.0110179709
0.0095712479
0.0078302591
0.0059637675
0.0041021501
0.0023388353
0.0006365338
-0.0011291211
-0.0030253203
-0.0050397872
-0.0071446960
-0.0092460885
-0.0110831724
-0.0122144961
-0.0122691539
-0.0111976266
-0.0092693009
-0.0069976249
-0.0050415138
-0.0039529929
-0.0038557877
-0.0043907821
-0.0050523726
-0.0055781096
-0.0059842789
-0.0063485204
-0.0066814822
-0.0069087003
-0.0069486340
-0.0067370530
-0.0062737390
-0.0057922793
-0.0058075075
-0.0067525018
-0.0085334526
-0.0105976593
-0.0123326991
-0.0133090095
-0.0133891985
-0.0126376194
-0.0112391229
-0.0095496029
-0.0080187126
-0.0070436037
-0.0068051656
-0.0071590702
-0.0077431145
-0.0081826650
-0.0083544594
-0.0085168734
-0.0091019341
-0.0103160241
-0.0119035323
-0.0133058019
-0.0139650809
-0.0135403094
-0.0120117007
-0.0097067249
-0.0072521299
-0.0053890760
-0.0045137537
-0.0043924085
-0.0043950077
-0.0039236700
-0.0027177177
-0.0009160923
0.0011260970
0.0029379527
0.0040031828
0.0040626228
0.0033175994
0.0022588628
0.0013869856
0.0009926051
0.0010048544
0.0011129686
0.0009582454
0.0002253073
-0.0013025031
-0.0036316050
-0.0064173505
-0.0090900977
-0.0111254848
-0.0121762881
-0.0121869611
-0.0114537871
-0.0104393253
-0.0095046405
-0.0087237086
-0.0078881988
-0.0068260915
-0.0055570019
-0.0041765260
-0.0028090612
-0.0015492243
-0.0004295219
0.0005193660
0.0012766811
0.0018358857
0.0022210160
0.0024911007
0.0027221509
0.0030474646
0.0035575532
0.0041704785
0.0047044864
0.0049552975
0.0047125546
0.0039376887
0.0028444074
0.0016692849
0.0004448487
-0.0008770949
-0.0022421568
-0.0035913392
-0.0050447860
-0.0068283949
-0.0089325475
-0.0109839077
-0.0125128881
-0.0132558706
-0.0132201916
-0.0125892797
-0.0116771206
-0.0108617942
-0.0103478735
-0.0101435511
-0.0102270042
-0.0105412078
-0.0110358993
-0.0117799160
-0.0128765705
-0.0143104552
-0.0158765446
-0.0172567006
-0.0181629860
-0.0184170943
-0.0179754043
-0.0169354840
-0.0154466346
-0.0137687410
-0.0123119429
-0.0113646056
-0.0109104166
-0.0106848613
-0.0103003822
-0.0094366596
-0.0080414257
-0.0064286141
-0.0051316382
-0.0046159303
-0.0050127144
-0.0060032196
-0.0069672734
-0.0073332197
-0.0068032523
-0.0053717657
-0.0032292170
-0.0007134460
0.0017824859
0.0038668186
0.0051728137
0.0054954709
0.0049722289
0.0040702313
0.0033290133
0.0031107247
0.0034501129
0.0040714384
0.0046627970
0.0050504344
0.0051559001
0.0050194713
0.0048170847
0.0048236049
0.0052380136
0.0059754415
0.0067916421
0.0075082750
0.0080957215
0.0086563983
0.0093038731
0.0099813956
0.0104882063
0.0106699223
0.0105473644
0.0102788180
0.0100998491
0.0101956962
0.0104616167
0.0105320457
0.0100969889
0.0091203473
0.0077989026
0.0063545946
0.0049616722
0.0037311315
0.0027241029
0.0019843150
0.0014735865
0.0011390937
0.0010599784
0.0013798797
0.0021502800
0.0032271026
0.0042841885
0.0049652344
0.0051569019
0.0050897524
0.0051692571
0.0057544737
0.0069426253
0.0084713940
0.0099147478
0.0109365215
0.0113723781
0.0111842146
0.0104654544
0.0094111123
0.0082083740
0.0069329921
0.0055235431
0.0039264130
0.0022103228
0.0006201633
-0.0003975401
-0.0003412529
0.0010721801
0.0037360002
0.0071174834
0.0104872368
0.0132889400
0.0152753088
0.0163891322
0.0165665499
0.0158123773
0.0143709383
0.0126365367
0.0109749637
0.0097053999
0.0091046004
0.0093142795
0.0102765558
0.0117373532
0.0133288204
0.0147218147
0.0157232039
0.0162409946
0.0161934872
0.0155227192
0.0143135415
0.0128493507
0.0114048092
0.0100327408
0.0086288149
0.0071765874
0.0057830970
0.0045245116
0.0034241470
0.0025232781
0.0018048774
0.0011548657
0.0004081660
-0.0005020043
-0.0014175600
-0.0021019452
-0.0023707897
-0.0020931499
-0.0012632990
-0.0001121830
0.0010620936
0.0020851746
0.0029713170
0.0037944740
0.0045054254
0.0048907592
0.0047509710
0.0041418690
0.0033532259
0.0026472297
0.0020705224
0.0014362075
0.0004949302
-0.0007571811
-0.0020302631
-0.0030307489
-0.0036831029
-0.0040825953
-0.0043315683
-0.0044516531
-0.0044755773
-0.0044773434
-0.0045083493
-0.0045488284
-0.0044938604
-0.0041814011
-0.0034939433
-0.0024576823
-0.0012262084
0.0000166443
0.0011352923
0.0020288338
0.0026747751
0.0031215948
0.0033606066
0.0032309452
0.0025659726
0.0013580036
-0.0001856951
-0.0016387508
-0.0025052568
-0.0025379012
-0.0019955423
-0.0014812418
-0.0014976327
-0.0021561441
-0.0032414582
-0.0044340155
-0.0054889645
-0.0063358372
-0.0069870375
-0.0074389424
-0.0077279493
-0.0079750647
-0.0082414918
-0.0084580628
-0.0085503064
-0.0084620056
-0.0081103939
-0.0074619625
-0.0066359130
-0.0058528287
-0.0053188627
-0.0051278796
-0.0052304415
-0.0055098378
-0.0058195702
-0.0060231025
-0.0060975203
-0.0060895951
-0.0059895160
-0.0057048923
-0.0051602137
-0.0043701455
-0.0033841389
-0.0022819015
-0.0012693093
-0.0006398792
-0.0005221192
-0.0007726080
-0.0010921154
-0.0012039486
-0.0010288093
-0.0007114705
-0.0004861026
-0.0005003909
-0.0007935613
-0.0013146636
-0.0019238198
-0.0024850855
-0.0028776101
-0.0028904751
-0.0022801498
-0.0009561860
0.0008972307
0.0029117226
0.0046974863
0.0059816603
0.0066388273
0.0067130149
0.0063916803
0.0059286402
0.0055734881
0.0054953327
0.0057319028
0.0061529287
0.0065497395
0.0067353126
0.0066406880
0.0063268666
0.0059817734
0.0058666729
0.0061364926
0.0067290931
0.0073910851
0.0078200652
0.0077355246
0.0069453578
0.0055559193
0.0039672185
0.0026309067
0.0018459803
0.0017050980
0.0021895350
0.0032315188
0.0046070137
0.0058986184
0.0066862063
0.0067509578
0.0060753752
0.0047956821
0.0031990893
0.0015589310
-0.0000327035
-0.0016426363
-0.0033625699
-0.0051583506
-0.0067749353
-0.0078403625
-0.0081136661
-0.0075832915
-0.0064298826
-0.0049009095
-0.0032425570
-0.0016762478
-0.0003940232
0.0004799970
0.0009420848
0.0011138671
0.0012087567
0.0013954594
0.0016636244
0.0018784970
0.0019729924
0.0019636129
0.0018501606
0.0015994239
0.0012266730
0.0008079458
0.0003957984
0.0000018503
-0.0003945435
-0.0008096416
-0.0012403177
-0.0016205025
-0.0018204272
-0.0017296217
-0.0014495662
-0.0012760193
-0.0014576974
-0.0020844523
-0.0031265435
-0.0044882831
-0.0059238846
-0.0070473897
-0.0075819212
-0.0074530136
-0.0067404577
-0.0055871538
-0.0041295897
-0.0025113196
-0.0008739577
0.0006578612
0.0019603092
0.0029232633
0.0034796547
0.0035688855
0.0031139556
0.0020958363
0.0007319457
-0.0005024730
-0.0011512339
-0.0010670851
-0.0004340751
0.0004266477
0.0012751354
0.0020423726
0.0028032642
0.0037057958
0.0048510283
0.0061187815
0.0071336311
0.0075330289
0.0071992431
0.0062049437
0.0047602285
0.0031899320
0.0018018193
0.0007431701
0.0000217667
-0.0003429557
-0.0003116270
0.0000540338
0.0006331217
0.0013450635
0.0020617788
0.0025764703
0.0027309842
0.0025208332
0.0020570062
0.0014700493
0.0008754483
0.0004479947
0.0003330389
0.0004749753
0.0006264014
0.0005305622
0.0000525048
-0.0009076096
-0.0023988191
-0.0043463764
-0.0065431345
-0.0086739954
-0.0104458536
-0.0116928756
-0.0123566467
-0.0124821698
-0.0121766517
-0.0115288618
-0.0105914946
-0.0093943716
-0.0080507502
-0.0068489484
-0.0060961201
-0.0058765582
-0.0060487605
-0.0064062961
-0.0067186309
-0.0067523362
-0.0064376179
-0.0059711562
-0.0057107111
-0.0058518373
-0.0062637875
-0.0066787327
-0.0068826003
-0.0068151357
-0.0065439514
-0.0062223114
-0.0060156233
-0.0059631106
-0.0059934927
-0.0060325030
-0.0060483978
-0.0060371842
-0.0060066454
-0.0059793407
-0.0059986337
-0.0061105655
-0.0063012335
-0.0064178918
-0.0062239871
-0.0055334219
-0.0042244988
-0.0022924363
0.0001297231
0.0027521703
0.0051340660
0.0068519467
0.0077457629
0.0078615906
0.0072966673
0.0062006268
0.0047568165
0.0031543014
0.0015250634
-0.0000928412
-0.0016956184
-0.0032268973
-0.0045441496
-0.0054864727
-0.0059417541
-0.0058367780
-0.0051609530
-0.0039549886
-0.0022906532
-0.0003326519
0.0017115673
0.0037005652
0.0055385354
0.0071385030
0.0083531909
0.0089600743
0.0087952283
0.0078805621
0.0063980914
0.0045509865
0.0024824298
0.0002901426
-0.0019125989
-0.0038702144
-0.0052647002
-0.0059669629
-0.0061322161
-0.0060604807
-0.0059865347
-0.0059990022
-0.0060731348
-0.0061056103
-0.0059333530
-0.0054064994
-0.0045487581
-0.0035772130
-0.0026622527
-0.0018267034
-0.0010492270
-0.0003614774
0.0001452024
0.0003883470
0.0003409273
-0.0000205204
-0.0006898371
-0.0015258358
-0.0022466013
-0.0025051364
-0.0020489938
-0.0008402023
0.0009977631
0.0031856717
0.0053174836
0.0070612453
0.0083044473
0.0090941455
0.0095429697
0.0096893459
0.0094138593
0.0086330970
0.0074857122
0.0062129570
0.0049517748
0.0037534770
0.0026592156
0.0017089196
0.0008738696
0.0000820115
-0.0006979593
-0.0014282799
-0.0020233672
-0.0023966093
-0.0024763540
-0.0022275305
-0.0017260272
-0.0011267902
-0.0006391203
-0.0004292851
-0.0005248624
-0.0008457126
-0.0012077977
-0.0013297731
-0.0009582074
-0.0000037915
0.0013496090
0.0027016678
0.0036982060
0.0042015013
0.0042391849
0.0039288837
0.0034320422
0.0028828093
0.0022430141
0.0013391550
0.0001313819
-0.0012332247
-0.0026513050
-0.0041230187
-0.0055562594
-0.0067234188
-0.0074341157
-0.0076516788
-0.0074009469
-0.0067081558
-0.0056175295
-0.0041933192
-0.0025389564
-0.0007985295
0.0008127951
0.0019551278
0.0022484265
0.0015466955
0.0000923110
-0.0016696816
-0.0033351658
-0.0045832390
-0.0051796174
-0.0050574377
-0.0043292656
-0.0031933925
-0.0018549679
-0.0004869897
0.0008631465
0.0022369480
0.0035815824
0.0047405501
0.0055414917
0.0058923205
0.0059121952
0.0058416240
0.0058762980
0.0061054406
0.0064942059
0.0069241346
0.0072826397
0.0074744518
0.0074358342
0.0071136028
0.0064913878
0.0056621267
0.0048084962
0.0041502878
0.0038815653
0.0040156591
0.0043497149
0.0046808127
0.0049519332
0.0051443108
0.0050369036
0.0043461518
0.0030778395
0.0016516384
0.0006016699
0.0001696323
0.0001763998
0.0002776859
0.0002289308
-0.0000326439
-0.0003692373
-0.0005170632
-0.0002830477
0.0003463328
0.0012289013
0.0021678279
0.0029514988
0.0033360263
0.0031171430
0.0022857457
0.0010785798
-0.0001885108
-0.0013193141
-0.0022685671
-0.0031370048
-0.0040884708
-0.0052207138
-0.0065444555
-0.0080257450
-0.0095315291
-0.0108473400
-0.0118047686
-0.0123661886
-0.0125777099
-0.0124769101
-0.0120143184
-0.0111360447
-0.0099592254
-0.0087345836
-0.0076756854
-0.0068946371
-0.0063648184
-0.0060371204
-0.0060092583
-0.0064404263
-0.0073397892
-0.0084132700
-0.0091825352
-0.0092797639
-0.0085540553
-0.0070773404
-0.0051865472
-0.0032867955
-0.0015781942
-0.0000978220
0.0011129387
0.0020098656
0.0026452745
0.0031530160
0.0036071242
0.0039028015
0.0039251526
0.0037950727
0.0037489097
0.0038135093
0.0038506330
0.0038677534
0.0039520614
0.0039167410
0.0033822887
0.0023179934
0.0012582364
0.0008557287
0.0013187518
0.0023415726
0.0035688298
0.0049678312
0.0066162007
0.0083211638
0.0096703106
0.0104138507
0.0106043006
0.0104122267
0.0099984595
0.0094588702
0.0087984116
0.0080419719
0.0072675972
0.0065158573
0.0057364007
0.0048188291
0.0036818676
0.0023979101
0.0012075068
0.0003090411
-0.0003170696
-0.0007349602
-0.0007997440
-0.0003168403
0.0006601359
0.0018429755
0.0029211522
0.0037265690
0.0041785580
0.0042197731
0.0038787383
0.0033237406
0.0028297577
0.0026052074
0.0026858909
0.0030147329
0.0034973181
0.0040185613
0.0045749414
0.0053080548
0.0063139232
0.0075082354
0.0086533523
0.0094872777
0.0098684603
0.0098945086
0.0097635077
0.0095783660
0.0093128656
0.0088056993
0.0077643563
0.0059641755
0.0034682214
0.0006719141
-0.0018727484
-0.0037014903
-0.0045763262
-0.0045495758
-0.0038651332
-0.0028694830
-0.0019585721
-0.0013815933
-0.0011413656
-0.0011047114
-0.0012278300
-0.0016531509
-0.0025578430
-0.0039302322
-0.0055565147
-0.0071795824
-0.0085789805
-0.0095748999
-0.0099973041
-0.0096562685
-0.0084685177
-0.0066302751
-0.0045665354
-0.0026913430
-0.0012587421
-0.0002541498
0.0005488238
0.0013351289
0.0020792806
0.0025821130
0.0026540666
0.0022989242
0.0017791588
0.0015432261
0.0019410493
0.0030057372
0.0045479478
0.0062888380
0.0079071364
0.0090458220
0.0094155641
0.0090093673
0.0081056432
0.0069918424
0.0057957890
0.0045175204
0.0031306681
0.0017168359
0.0004445618
-0.0004753619
-0.0008383489
-0.0006847487
-0.0003581202
-0.0002404491
-0.0005014829
-0.0010305941
-0.0016651708
-0.0023159040
-0.0028254610
-0.0029647063
-0.0025667207
-0.0016081796
-0.0002683073
0.0011309819
0.0023292368
0.0032263503
0.0038306879
0.0041892092
0.0042583600
0.0039080063
0.0030284754
0.0016422977
-0.0001049742
-0.0020298187
-0.0038790542
-0.0053168623
-0.0061016926
-0.0061856547
-0.0056269954
-0.0045463222
-0.0032150205
-0.0020478069
-0.0014251249
-0.0014517654
-0.0019022394
-0.0024304269
-0.0027803015
-0.0028210666
-0.0025919967
-0.0022971039
-0.0021458266
-0.0021275378
-0.0020025504
-0.0014893553
-0.0005055841
0.0007479590
0.0019495158
0.0028119408
0.0032188251
0.0032803658
0.0032653056
0.0033319930
0.0033270734
0.0029947216
0.0022772307
0.0014160912
0.0007295037
0.0003460765
0.0002334599
0.0002590317
0.0002386642
-0.0000000553
-0.0005520819
-0.0014259183
-0.0026152866
-0.0040636909
-0.0055783601
-0.0068989087
-0.0078544314
-0.0084484724
-0.0087990903
-0.0090203878
-0.0091537237
-0.0092333714
-0.0092823170
-0.0092334360
-0.0089238539
-0.0082191601
-0.0071636997
-0.0060085982
