0.0008297102
0.0008301176
0.0008306690
0.0008312904
0.0008320476
0.0008328204
0.0008336220
0.0008343759
0.0008352853
0.0008365272
0.0008383198
0.0008402209
0.0008410653
0.0008389527
0.0008329620
0.0008242199
0.0008181332
0.0008176746
0.0008241779
0.0008378046
0.0008527085
0.0008551611
0.0008447244
0.0008344812
0.0008285514
0.0008298493
0.0008413460
0.0008628283
0.0008885383
0.0009086215
0.0009163109
0.0009181380
0.0009277146
0.0009667468
0.0010475979
0.0011596420
0.0012537806
0.0013056502
0.0013285184
0.0013304706
0.0013238379
0.0013097183
0.0012829506
0.0012438510
0.0012003976
0.0011629036
0.0011304596
0.0010971844
0.0010513821
0.0009822309
0.0009062776
0.0008874248
0.0009347653
0.0009835782
0.0010094208
0.0009922206
0.0009121901
0.0007832993
0.0006878164
0.0006363694
0.0006027927
0.0005651704
0.0005150046
0.0004590770
0.0004131255
0.0003886865
0.0003689442
0.0003507698
0.0003471359
0.0003887069
0.0004900741
0.0006048197
0.0006731977
0.0006379860
0.0005028719
0.0003329965
0.0002119141
0.0002235086
0.0003827815
0.0006738410
0.0010139589
0.0012778546
0.0013728146
0.0013435952
0.0012714704
0.0012914030
0.0013494748
0.0013703324
0.0013734080
0.0013706706
0.0013748433
0.0014076724
0.0014877351
0.0015995603
0.0017440459
0.0019245729
0.0021523638
0.0023957953
0.0025538326
0.0025324977
0.0023276169
0.0019124927
0.0013287159
0.0007129652
0.0001727344
-0.0002119095
-0.0004931634
-0.0007683210
-0.0009999759
-0.0010869617
-0.0009172598
-0.0003873128
0.0004707839
0.0014016159
0.0022891131
0.0031178794
0.0039110849
0.0046952808
0.0053286754
0.0056564229
0.0057243766
0.0056102124
0.0055741068
0.0056751876
0.0059343806
0.0064579120
0.0072521973
0.0080459337
0.0087435701
0.0093397604
0.0098923475
0.0104900768
0.0111789383
0.0119426693
0.0126326830
0.0129975656
0.0128076390
0.0121465377
0.0111563878
0.0102650241
0.0093450935
0.0080437321
0.0062141991
0.0038730888
0.0013435606
-0.0011410155
-0.0034202591
-0.0054577189
-0.0071056764
-0.0081686185
-0.0085693137
-0.0085455451
-0.0087750586
-0.0093774379
-0.0101360415
-0.0106196437
-0.0105929534
-0.0101513660
-0.0095004372
-0.0088114522
-0.0077943799
-0.0062143283
-0.0042709397
-0.0021215091
0.0000094525
0.0019458206
0.0034511937
0.0043054988
0.0045075673
0.0046839101
0.0050807034
0.0056097317
0.0057730536
0.0052533401
0.0045405816
0.0038919194
0.0036187944
0.0038900297
0.0048665769
0.0065104095
0.0088228345
0.0113676634
0.0137397913
0.0155607230
0.0166283267
0.0168346148
0.0166636421
0.0163649050
0.0163177300
0.0166095291
0.0170010937
0.0169560750
0.0161237048
0.0145566066
0.0127259304
0.0111936209
0.0102806448
0.0100639621
0.0102512139
0.0101535799
0.0090014035
0.0065022979
0.0024873283
-0.0024654271
-0.0073745497
-0.0111265207
-0.0136265694
-0.0156580936
-0.0181340857
-0.0212931783
-0.0245203339
-0.0269102060
-0.0272407772
-0.0248963108
-0.0212597557
-0.0172629599
-0.0140200024
-0.0117813342
-0.0103914635
-0.0097470940
-0.0094791458
-0.0088233283
-0.0072938105
-0.0051666975
-0.0031695152
-0.0025126738
-0.0039498134
-0.0075902094
-0.0118648946
-0.0162053805
-0.0200508079
-0.0228349771
-0.0246468474
-0.0264340027
-0.0290214390
-0.0328902646
-0.0375718892
-0.0421141284
-0.0451152025
-0.0456462020
-0.0433196360
-0.0390069021
-0.0337968129
-0.0292116783
-0.0258368989
-0.0239472292
-0.0231342491
-0.0229966250
-0.0225235574
-0.0212355839
-0.0191279969
-0.0167605848
-0.0146673840
-0.0127524067
-0.0104983399
-0.0071162702
-0.0024110013
0.0032783989
0.0091386573
0.0144524872
0.0183781995
0.0206335090
0.0216143836
0.0211436287
0.0196284708
0.0175126043
0.0152520851
0.0135532061
0.0126168976
0.0124479085
0.0128333746
0.0137708600
0.0149041894
0.0157857346
0.0160683078
0.0161828382
0.0167378779
0.0180970996
0.0201232248
0.0220742913
0.0234665075
0.0239785036
0.0236377764
0.0224703496
0.0209701047
0.0191293960
0.0169479930
0.0148428256
0.0130152933
0.0115641000
0.0105966652
0.0102283177
0.0102196431
0.0103618844
0.0100453044
0.0086281838
0.0058507962
0.0025445688
-0.0010494389
-0.0048091660
-0.0086770872
-0.0124439086
-0.0155923596
-0.0176390684
-0.0186333663
-0.0197700043
-0.0215446580
-0.0235984364
-0.0243627517
-0.0227417709
-0.0193605884
-0.0152016179
-0.0117021686
-0.0094642082
-0.0085490182
-0.0081098892
-0.0078695143
-0.0074952132
-0.0069594970
-0.0064697947
-0.0063112290
-0.0065799096
-0.0069277452
-0.0067140615
-0.0051418738
-0.0019845450
0.0025790703
0.0076274738
0.0127937630
0.0176602527
0.0217796281
0.0245968330
0.0257357671
0.0246848788
0.0220264413
0.0183081035
0.0143410184
0.0107068254
0.0078020660
0.0060107314
0.0051960560
0.0047486837
0.0031617525
-0.0005277445
-0.0065853325
-0.0137310180
-0.0208935975
-0.0266620924
-0.0296764335
-0.0300420075
-0.0299160372
-0.0302878248
-0.0317295206
-0.0344356517
-0.0378453434
-0.0406381953
-0.0424799657
-0.0433931722
-0.0437267392
-0.0436722722
-0.0434949706
-0.0434866171
-0.0438249822
-0.0443904001
-0.0449555463
-0.0448777552
-0.0430460996
-0.0389083546
-0.0338055616
-0.0287637620
-0.0247790068
-0.0220711227
-0.0204898193
-0.0194390051
-0.0188287166
-0.0187413702
-0.0194292935
-0.0210687757
-0.0233764864
-0.0260148671
-0.0283917356
-0.0293962636
-0.0278961998
-0.0241574759
-0.0182078441
-0.0107226766
-0.0027199742
0.0040837002
0.0085246241
0.0102546953
0.0092797875
0.0066193377
0.0026054907
-0.0016881362
-0.0062625371
-0.0113383970
-0.0167627246
-0.0224847852
-0.0285399684
-0.0351420352
-0.0420010218
-0.0478550689
-0.0506003096
-0.0481486622
-0.0407060033
-0.0303762658
-0.0191317004
-0.0105193843
-0.0065001490
-0.0058232846
-0.0061711325
-0.0063621907
-0.0055966483
-0.0027733358
0.0026565314
0.0108015295
0.0199686136
0.0289857532
0.0367717976
0.0423487199
0.0457777523
0.0466176119
0.0456104339
0.0433161712
0.0404329689
0.0364830436
0.0311800610
0.0256713005
0.0205392412
0.0163045206
0.0132587981
0.0119091892
0.0126527645
0.0159755790
0.0228121385
0.0332312634
0.0463720497
0.0584966788
0.0668921723
0.0713917054
0.0738591793
0.0751002740
0.0752181788
0.0742926600
0.0724868470
0.0705772768
0.0686968742
0.0671898065
0.0668231874
0.0684487688
0.0718722542
0.0763468746
0.0807916445
0.0851902762
0.0891785127
0.0916324069
0.0914279706
0.0887624799
0.0835081208
0.0764522285
0.0695110147
0.0638103442
0.0596112683
0.0560479861
0.0517979822
0.0447951988
0.0327585744
0.0141155130
-0.0096446701
-0.0331043384
-0.0515351119
-0.0613399897
-0.0625551842
-0.0573528395
-0.0502106872
-0.0435823828
-0.0396221699
-0.0380163736
-0.0381220896
-0.0381306654
-0.0362440243
-0.0308714395
-0.0204609315
-0.0055929670
0.0108542764
0.0278921012
0.0446933592
0.0608292692
0.0754152903
0.0870189278
0.0949375431
0.0991941640
0.1013335851
0.1026715566
0.1030621584
0.1032627265
0.1041803032
0.1068156717
0.1117149831
0.1191819291
0.1285672351
0.1391037710
0.1487338408
0.1562593030
0.1608475157
0.1621714960
0.1607198664
0.1569243795
0.1520972462
0.1470686395
0.1428338285
0.1403587828
0.1387829607
0.1375818562
0.1362822370
0.1344246154
0.1318107275
0.1287585855
0.1257661941
0.1230526395
0.1197165581
0.1141989996
0.1054290602
0.0924247211
0.0752713701
0.0553525158
0.0325837007
0.0067459878
-0.0185696981
-0.0414467558
-0.0629995698
-0.0831620441
-0.0998898565
-0.1150941081
-0.1288338088
-0.1398982250
-0.1480907388
-0.1546130310
-0.1605785552
-0.1665260554
-0.1723676339
-0.1777366386
-0.1825414682
-0.1871709961
-0.1916911456
-0.1959343514
-0.1996709930
-0.2027409944
-0.2052267392
-0.2068401731
-0.2071283097
-0.2059243247
-0.2023046332
-0.1954761803
-0.1858638052
-0.1749735385
-0.1657890477
-0.1585741904
-0.1529595988
-0.1480241571
-0.1436037567
-0.1393006356
-0.1343328495
-0.1279133516
-0.1199133404
-0.1107628399
-0.1016462476
-0.0932629594
-0.0857308308
-0.0796094610
-0.0750795505
-0.0733844327
-0.0747629952
-0.0796999101
-0.0868127631
-0.0943118889
-0.1004639900
-0.1036998285
-0.1024413600
-0.0974877297
-0.0907038842
-0.0819206448
-0.0722090309
-0.0623042806
-0.0518483094
-0.0408756674
-0.0301656980
-0.0205405004
-0.0124332177
-0.0064888367
-0.0022835759
-0.0008299612
-0.0023180486
-0.0074892595
-0.0156581430
-0.0256560090
-0.0357583646
-0.0439199908
-0.0498629727
-0.0534624674
-0.0551005669
-0.0545374782
-0.0517789870
-0.0471937783
-0.0408769266
-0.0342030602
-0.0273025196
-0.0203198836
-0.0135424658
-0.0073098543
-0.0025652165
0.0000846231
0.0015040069
0.0018599450
0.0016762091
0.0009787183
-0.0003831263
-0.0025724311
-0.0055396572
-0.0086372040
-0.0113728236
-0.0135741518
-0.0154991452
-0.0162015124
-0.0143356853
-0.0096099143
-0.0017307773
0.0074968666
0.0164310259
0.0236377106
0.0296113744
0.0349656636
0.0397963358
0.0443999799
0.0488338284
0.0531668166
0.0574376592
0.0614494586
0.0647675407
0.0671365823
0.0686083757
0.0690202276
0.0684874093
0.0674981646
0.0652851333
0.0603869741
0.0522586634
0.0418794711
0.0317486886
0.0234091682
0.0177183903
0.0141063117
0.0130621145
0.0140827324
0.0161819000
0.0189636577
0.0222631068
0.0255813288
0.0282665636
0.0298435709
0.0304952981
0.0304195974
0.0300223539
0.0296029056
0.0295929965
0.0304859404
0.0330236503
0.0377286731
0.0441749189
0.0513635221
0.0589913258
0.0674535574
0.0769209424
0.0870401615
0.0961297590
0.1034688089
0.1089932806
0.1122599821
0.1132410130
0.1106570005
0.1039707642
0.0935318376
0.0818848273
0.0699900821
0.0580082044
0.0460515275
0.0342583995
0.0232584582
0.0137468034
0.0060611154
0.0002225577
-0.0033309713
-0.0044272940
-0.0025701793
0.0020704486
0.0085710914
0.0153960382
0.0204614171
0.0238715367
0.0269521467
0.0288912219
0.0286106734
0.0264426114
0.0231080526
0.0185542419
0.0131770235
0.0065435835
-0.0012288927
-0.0095602208
-0.0172000982
-0.0230870740
-0.0272027211
-0.0298643849
-0.0308426176
-0.0299529575
-0.0280301615
-0.0253280385
-0.0221907146
-0.0189011993
-0.0154305883
-0.0114656512
-0.0067765347
-0.0015885459
0.0035713897
0.0079641814
0.0113693670
0.0136550868
0.0150187610
0.0154165312
0.0152362915
0.0145487468
0.0132721226
0.0110762346
0.0079660973
0.0048573929
0.0014467952
-0.0029211588
-0.0082768150
-0.0140402485
-0.0190308567
-0.0231572935
-0.0263925229
-0.0287165293
-0.0300078607
-0.0304810517
-0.0313398900
-0.0331526410
-0.0360338104
-0.0393124373
-0.0424970350
-0.0457657775
-0.0493218007
-0.0530754458
-0.0566982977
-0.0594479167
-0.0602006769
-0.0578055541
-0.0515771597
-0.0404477502
-0.0257059494
-0.0094800100
0.0078361453
0.0251264992
0.0400818306
0.0512044913
0.0583370391
0.0630503744
0.0665697653
0.0694334787
0.0709593028
0.0705241761
0.0677723760
0.0621078357
0.0538090051
0.0437734863
0.0334863479
0.0240349211
0.0158100217
0.0092913261
0.0045257073
0.0011408880
-0.0012405260
-0.0033041501
-0.0049212472
-0.0060474567
-0.0068340757
-0.0073492972
-0.0076151031
-0.0079619609
-0.0088985763
-0.0106158167
-0.0129414773
-0.0150893590
-0.0167293679
-0.0178053169
-0.0185077088
-0.0188096556
-0.0183869975
-0.0165004058
-0.0127573283
-0.0080960378
-0.0029880574
0.0021456653
0.0068641271
0.0106764974
0.0135030517
0.0150624712
0.0151587555
0.0142663712
0.0120386819
0.0081137754
0.0026354294
-0.0046027932
-0.0136786661
-0.0236186085
-0.0325347643
-0.0395274823
-0.0444990789
-0.0477512624
-0.0486745837
-0.0465868642
-0.0412155304
-0.0324128433
-0.0213601386
-0.0089632569
0.0025184686
0.0123394683
0.0203497672
0.0254984185
0.0281661561
0.0280568683
0.0261044932
0.0230640462
0.0199730415
0.0173027855
0.0151766807
0.0133376838
0.0116652729
0.0097761135
0.0067209830
0.0018431918
-0.0043718402
-0.0114597502
-0.0188746571
-0.0256300265
-0.0316677947
-0.0369785877
-0.0415753186
-0.0454750483
-0.0488254830
-0.0516808016
-0.0539498555
-0.0556121515
-0.0563361886
-0.0557197933
-0.0538174739
-0.0500990785
-0.0443016711
-0.0371429598
-0.0293911198
-0.0217537937
-0.0145127729
-0.0080221535
-0.0027581340
0.0013678534
0.0043590448
0.0069089468
0.0091486734
0.0112365492
0.0131540203
0.0147926959
0.0161701720
0.0173052874
0.0183472460
0.0191917145
0.0197133810
0.0198009413
0.0193263676
0.0182866887
0.0167213106
0.0148490805
0.0127860350
0.0106765221
0.0088537715
0.0073676684
0.0061472363
0.0050292281
0.0039383118
0.0028933097
0.0018823219
0.0008304419
-0.0002448149
-0.0013088336
-0.0022610377
-0.0030789114
-0.0036400701
-0.0036759345
-0.0029901067
-0.0019093085
-0.0007427825
0.0001686502
0.0008753175
0.0014649640
0.0019754005
0.0023533706
0.0024150933
0.0014244504
-0.0014935900
-0.0061599560
-0.0100842247
-0.0127700932
-0.0145712233
-0.0158296341
-0.0166434207
-0.0171458452
-0.0176904161
-0.0184474889
-0.0191855666
-0.0196186276
-0.0195110022
-0.0189822331
-0.0179595659
-0.0161205773
-0.0136877687
-0.0112972382
-0.0094112391
-0.0083339650
-0.0078924945
-0.0080117507
-0.0084528327
-0.0087825480
-0.0083457012
-0.0067253030
-0.0035837769
0.0010601167
0.0072992720
0.0146891527
0.0221950601
0.0294595368
0.0364371030
0.0425252479
0.0470196947
0.0498573268
0.0520301375
0.0538476291
0.0555206819
0.0571108574
0.0586761696
0.0604104875
0.0621461387
0.0635304952
0.0645684951
0.0654137125
0.0662992329
0.0672525859
0.0680806600
0.0686242022
0.0686578058
0.0679100824
0.0658477529
0.0620854991
0.0566035442
0.0497969506
0.0420182392
0.0339698760
0.0264572281
0.0190557446
0.0127093220
0.0085944403
0.0061317999
0.0051354008
0.0051858630
0.0057862704
0.0070048911
0.0087091764
0.0106447703
0.0122775696
0.0130992077
0.0126344854
0.0110265493
0.0085020077
0.0054925891
0.0022206130
-0.0013185138
-0.0051105220
-0.0094086713
-0.0144212621
-0.0198563630
-0.0249171824
-0.0287880408
-0.0317670006
-0.0339582551
-0.0354330524
-0.0362167579
-0.0361309506
-0.0351525862
-0.0330366868
-0.0295385871
-0.0243886355
-0.0168673707
-0.0072716262
0.0035825712
0.0136231293
0.0225323389
0.0305715584
0.0381477758
0.0454341857
0.0519874314
0.0572092403
0.0607215781
0.0622240122
0.0618804703
0.0592827875
0.0546717445
0.0478026019
0.0385641708
0.0273673319
0.0153902442
0.0047152940
-0.0039313244
-0.0108006324
-0.0157366913
-0.0189418643
-0.0208288099
-0.0215784097
-0.0214918782
-0.0202872100
-0.0182448797
-0.0160750071
-0.0143580959
-0.0131843813
-0.0131563659
-0.0147358093
-0.0175023331
-0.0208503893
-0.0240868039
-0.0272356746
-0.0302798416
-0.0326022184
-0.0338651230
-0.0341085701
-0.0329597598
-0.0301000298
-0.0262355086
-0.0214356171
-0.0157946561
-0.0099334405
-0.0048402817
-0.0008294543
0.0018553369
0.0032667022
0.0031596044
0.0019328211
-0.0003647606
-0.0036753988
-0.0080037502
-0.0133295442
-0.0189293792
-0.0239136173
-0.0278333051
-0.0309760773
-0.0332570566
-0.0345936702
-0.0355502329
-0.0362862284
-0.0371075620
-0.0380361424
-0.0392385308
-0.0411367928
-0.0437248627
-0.0464903742
-0.0486342643
-0.0499963665
-0.0510264573
-0.0516654524
-0.0518443507
-0.0518733619
-0.0514892208
-0.0504161605
-0.0489973198
-0.0472725818
-0.0446936308
-0.0408433230
-0.0362494150
-0.0314507827
-0.0259562193
-0.0197250842
-0.0139098504
-0.0087384263
-0.0040397439
-0.0001190191
0.0027994846
0.0050156805
0.0066864338
0.0077673703
0.0083400718
0.0088308177
0.0093774050
0.0100410330
0.0107900485
0.0117081107
0.0129207045
0.0143823583
0.0159256303
0.0174562115
0.0190141989
0.0208479367
0.0233034605
0.0265556604
0.0302622292
0.0343957274
0.0394325313
0.0454667606
0.0514790730
0.0570460287
0.0619351265
0.0661271821
0.0697946495
0.0729835845
0.0758181385
0.0786659265
0.0814991801
0.0839388856
0.0860963307
0.0881309000
0.0896853238
0.0904758274
0.0908039625
0.0908724372
0.0906939257
0.0895676331
0.0867709541
0.0825679936
0.0772983512
0.0714842284
0.0644505574
0.0553932796
0.0440226863
0.0295972268
0.0135661686
-0.0014308501
-0.0163837849
-0.0311189029
-0.0443319086
-0.0556993991
-0.0653995732
-0.0730871771
-0.0784633008
-0.0816975261
-0.0831622910
-0.0826767959
-0.0802183339
-0.0754665146
-0.0685239922
-0.0601249927
-0.0509816442
-0.0419316994
-0.0335690278
-0.0267634382
-0.0220792046
-0.0186699986
-0.0169168749
-0.0164976405
-0.0170912959
-0.0178292090
-0.0185719367
-0.0195323100
-0.0206178800
-0.0214403905
-0.0212457151
-0.0198560914
-0.0170156858
-0.0128227331
-0.0072109446
-0.0006330599
0.0064315386
0.0132014094
0.0193266145
0.0246188403
0.0292671494
0.0328881083
0.0350898644
0.0357300859
0.0358719979
0.0356753885
0.0350208877
0.0337458932
0.0315072661
0.0281394082
0.0234963088
0.0179300116
0.0123658377
0.0069777564
0.0012445769
-0.0056584780
-0.0136951017
-0.0219338112
-0.0306474320
-0.0404249445
-0.0487674113
-0.0566294527
-0.0640064187
-0.0700795929
-0.0748808918
-0.0784485195
-0.0813270306
-0.0832600649
-0.0838190550
-0.0825080783
-0.0789293563
-0.0733594872
-0.0657356092
-0.0563834871
-0.0460865384
-0.0358300243
-0.0267518337
-0.0184886560
-0.0105626748
-0.0035305749
0.0019679177
0.0060620973
0.0088937370
0.0108249936
0.0121345547
0.0130439506
0.0138626177
0.0150725037
0.0166311990
0.0181324397
0.0190563783
0.0192446507
0.0191773611
0.0186675049
0.0174093080
0.0155561964
0.0131482428
0.0101597031
0.0067384358
0.0032556706
-0.0000697788
-0.0029078268
-0.0049208628
-0.0061792762
-0.0068136312
-0.0071024082
-0.0072156449
-0.0071647275
-0.0064799910
-0.0049856981
-0.0033456464
-0.0016551803
0.0001987243
0.0023762331
0.0048628725
0.0072502278
0.0096059227
0.0121751457
0.0147717914
0.0171421169
0.0193761598
0.0216431891
0.0241455669
0.0268267279
0.0293815810
0.0316840327
0.0335786241
0.0349748813
0.0359820347
0.0372124632
0.0388299956
0.0406330268
0.0420556451
0.0427344906
0.0430406759
0.0430801065
0.0429881842
0.0427675921
0.0419308024
0.0396484486
0.0357671791
0.0312392438
0.0266782646
0.0224176439
0.0187238236
0.0154166958
0.0123929724
0.0098133712
0.0084636471
0.0090500847
0.0112262286
0.0147816100
0.0186090710
0.0222422928
0.0253802668
0.0279384861
0.0299486038
0.0315894192
0.0328874334
0.0338796985
0.0341518688
0.0330034288
0.0299191317
0.0246001168
0.0179339044
0.0104300463
0.0024712795
-0.0052963220
-0.0125624636
-0.0191701762
-0.0252350710
-0.0309760033
-0.0365243424
-0.0418997007
-0.0465654988
-0.0499499980
-0.0521514660
-0.0536606406
-0.0551146569
-0.0563900548
-0.0571812332
-0.0574740117
-0.0574533047
-0.0574383999
-0.0574482925
-0.0574328693
-0.0573597858
-0.0572515761
-0.0572022858
-0.0573649049
-0.0578487293
-0.0585274101
-0.0590412251
-0.0594066097
-0.0597548099
-0.0601921505
-0.0605699298
-0.0606658190
-0.0604734892
-0.0599366628
-0.0589717628
-0.0575901305
-0.0559562448
-0.0542754557
-0.0525906338
-0.0507195559
-0.0487219316
-0.0469041602
-0.0454267539
-0.0443084280
-0.0433133482
-0.0421891872
-0.0406020321
-0.0383914204
-0.0355540764
-0.0322357968
-0.0285285368
-0.0244794878
-0.0197106733
-0.0139886703
-0.0076781565
-0.0014433920
0.0045213232
0.0101370374
0.0153660888
0.0199709922
0.0237798860
0.0266156910
0.0286848845
0.0300694055
0.0309923894
0.0317802511
0.0326221518
0.0335141904
0.0344197100
0.0353406857
0.0362718174
0.0370943856
0.0375139985
0.0375500547
0.0375642187
0.0376805186
0.0378561989
0.0378848891
0.0377225087
0.0376805022
0.0380842721
0.0391569867
0.0406732063
0.0424855787
0.0442883301
0.0462093648
0.0484496461
0.0509035403
0.0533129096
0.0553248955
0.0568550157
0.0580800040
0.0589947413
0.0596483944
0.0601837311
0.0606332606
0.0609960857
0.0609976000
0.0603092323
0.0589272708
0.0567952979
0.0539707764
0.0506949396
0.0474662449
0.0446074943
0.0422941953
0.0405303066
0.0392391234
0.0383243037
0.0375098834
0.0366511686
0.0356115638
0.0346359895
0.0339611521
0.0334675668
0.0328140783
0.0316476885
0.0300918738
0.0282576257
0.0261522526
0.0238134732
0.0212973592
0.0184822036
0.0151692571
0.0113315907
0.0072081028
0.0031854330
-0.0003830757
-0.0041978208
-0.0089188718
-0.0146405785
-0.0206910870
-0.0264523230
-0.0318933413
-0.0372783453
-0.0426878011
-0.0478226011
-0.0525836217
-0.0570199556
-0.0611881521
-0.0647028025
-0.0671766877
-0.0690759209
-0.0703407677
-0.0707359536
-0.0704109378
-0.0696981430
-0.0685853478
-0.0668968552
-0.0647923051
-0.0622795655
-0.0595028611
-0.0567942198
-0.0545261453
-0.0528877989
-0.0518727117
-0.0511472261
-0.0505694960
-0.0500092138
-0.0494435819
-0.0488323470
-0.0480507731
-0.0470877908
-0.0459730944
-0.0446797219
-0.0429724729
-0.0404729591
-0.0369524900
-0.0326112880
-0.0274437321
-0.0216794674
-0.0158436830
-0.0101456296
-0.0041888220
0.0021630622
0.0086192459
0.0150301433
0.0211633398
0.0267020250
0.0315608195
0.0362628384
0.0408830909
0.0451338355
0.0488778349
0.0523867818
0.0557699806
0.0591107532
0.0622223003
0.0647723471
0.0665993609
0.0675142299
0.0676113618
0.0671183690
0.0665411739
0.0657831629
0.0645773343
0.0627955779
0.0602690693
0.0570679291
0.0533998362
0.0494410717
0.0453749288
0.0412334227
0.0370955049
0.0330824298
0.0290763668
0.0248472263
0.0206142835
0.0163943195
0.0117959344
0.0067698914
0.0014491646
-0.0038397609
-0.0092455666
-0.0148748408
-0.0203202211
-0.0257462029
-0.0314165866
-0.0367813034
-0.0415884374
-0.0460011097
-0.0498927246
-0.0530991732
-0.0555557505
-0.0571629705
-0.0580834278
-0.0583509151
-0.0579937770
-0.0573453337
-0.0565031367
-0.0554940163
-0.0543706618
-0.0531718617
-0.0517896862
-0.0502212136
-0.0487314703
-0.0474172098
-0.0463579186
-0.0456701270
-0.0453578513
-0.0451175481
-0.0447758991
-0.0442254848
-0.0437413065
-0.0435264344
-0.0433618484
-0.0430296723
-0.0424344284
-0.0418386496
-0.0414872644
-0.0413343899
-0.0411800997
-0.0406995920
-0.0397540823
-0.0383953133
-0.0368555473
-0.0350987283
-0.0330076097
-0.0308177297
-0.0288476023
-0.0269935443
-0.0249920601
-0.0225981470
-0.0197384582
-0.0166581938
-0.0136687077
-0.0111128669
-0.0089902023
-0.0073800581
-0.0062247188
-0.0055744031
-0.0052791490
-0.0052744348
-0.0056262866
-0.0063610196
-0.0075588485
-0.0090236742
-0.0101308566
-0.0104940108
-0.0105346759
-0.0104548766
-0.0103947638
-0.0099810930
-0.0087230195
-0.0065619194
-0.0034190501
0.0004524451
0.0046818723
0.0088956217
0.0133760856
0.0182514885
0.0231087769
0.0277878666
0.0322719600
0.0367668842
0.0414861205
0.0462095129
0.0506349996
0.0548275161
0.0587809309
0.0622827423
0.0650544264
0.0671101718
0.0682802982
0.0685918331
0.0685077953
0.0681995442
0.0673297269
0.0656667971
0.0633994881
0.0606999081
0.0575206436
0.0537102024
0.0495002052
0.0453312433
0.0412467308
0.0372943447
0.0336477983
0.0305475512
0.0280766535
0.0258103156
0.0237272708
0.0219328401
0.0204945351
0.0192554486
0.0177244642
0.0156653279
0.0129597400
0.0098179225
0.0064854369
0.0032575833
0.0001694960
-0.0028357951
-0.0058641118
-0.0091024448
-0.0124092845
-0.0151454720
-0.0171091059
-0.0184293744
-0.0193532060
-0.0199072992
-0.0201939545
-0.0202487013
-0.0199847858
-0.0190749043
-0.0172657417
-0.0149313077
-0.0121437889
-0.0089434140
-0.0053150941
-0.0013878527
0.0023515584
0.0058308884
0.0094884212
0.0132562467
0.0164652056
0.0188300169
0.0206334103
0.0220372968
0.0231866421
0.0239485377
0.0240856352
0.0235645448
0.0224494533
0.0211451595
0.0196238537
0.0177717462
0.0157242062
0.0134448400
0.0109835716
0.0085484668
0.0061786548
0.0037610135
0.0012773953
-0.0012565854
-0.0038019600
-0.0062706051
-0.0085589931
-0.0107452519
-0.0130141247
-0.0156295845
-0.0187512875
-0.0223809622
-0.0262484381
-0.0300701298
-0.0334984297
-0.0364494400
-0.0388609573
-0.0407811032
-0.0421314775
-0.0429309848
-0.0433242696
-0.0431308452
-0.0421241939
-0.0402649427
-0.0378252042
-0.0352131928
-0.0322964446
-0.0287143401
-0.0245357901
-0.0203889015
-0.0165663538
-0.0132710692
-0.0105594074
-0.0083828273
-0.0064664351
-0.0049478223
-0.0039440901
-0.0034050021
-0.0031182736
-0.0028681634
-0.0026172984
-0.0023883800
-0.0022734965
-0.0022882992
-0.0022363309
-0.0019496386
-0.0014947110
-0.0009618400
-0.0004064724
0.0002989527
0.0012180495
0.0021660522
0.0031214372
0.0041353105
0.0053262105
0.0067323563
0.0081402888
0.0093779976
0.0103889286
0.0113287760
0.0124902360
0.0140498942
0.0161120674
0.0185215518
0.0210414928
0.0232946543
0.0255097349
0.0279256965
0.0303984871
0.0328632451
0.0353148102
0.0376118876
0.0395554976
0.0411382001
0.0424159930
0.0435918804
0.0447654387
0.0459591772
0.0470619647
0.0480266588
0.0490988796
0.0505018773
0.0521786831
0.0540084540
0.0557380148
0.0573770608
0.0589398464
0.0603161456
0.0614846095
0.0625133011
0.0632926610
0.0636662511
0.0635798595
0.0630209599
0.0621492168
0.0607385403
0.0584702272
0.0552172207
0.0510114867
0.0463694325
0.0411946588
0.0354708287
0.0298185349
0.0242127001
0.0185555505
0.0130739412
0.0078752787
0.0028698193
-0.0021694537
-0.0072206949
-0.0120482783
-0.0165122737
-0.0204753754
-0.0239604138
-0.0270359294
-0.0299035356
-0.0327531589
-0.0358113666
-0.0392814015
-0.0429125658
-0.0462157843
-0.0487063931
-0.0505633070
-0.0522577417
-0.0538700809
-0.0553203113
-0.0565080254
-0.0572510987
-0.0575185860
-0.0577259440
-0.0580750413
-0.0585364550
-0.0588983583
-0.0590216374
-0.0590132180
-0.0589421097
-0.0588610430
-0.0586543022
-0.0582844239
-0.0580095624
-0.0577971922
-0.0574966281
-0.0571296715
-0.0565992728
-0.0555413066
-0.0536497439
-0.0508280948
-0.0469647669
-0.0419040627
-0.0359425713
-0.0291192952
-0.0219160342
-0.0142746589
-0.0064096950
0.0005485905
0.0050620144
0.0087659643
0.0123880179
0.0159745584
0.0190602465
0.0210464309
0.0220792787
0.0221443049
0.0217434731
0.0209883262
0.0199760454
0.0187239388
0.0171575814
0.0153293742
0.0132105201
0.0108734443
0.0084079868
0.0059250303
0.0036328762
0.0015389545
-0.0004666367
-0.0025734327
-0.0047982315
-0.0069768758
-0.0088500597
-0.0103927391
-0.0120168392
-0.0136817607
-0.0150647427
-0.0159428560
-0.0163208080
-0.0166952376
-0.0168860613
-0.0165315733
-0.0156070010
-0.0141267718
-0.0122473650
-0.0101097792
-0.0078320319
-0.0052544027
-0.0022605636
0.0008959841
0.0041185523
0.0073652167
0.0105152693
0.0134181662
0.0160753939
0.0183838454
0.0201857079
0.0216168115
0.0231513842
0.0247337823
0.0261802680
0.0275103056
0.0286388534
0.0294414799
0.0299197325
0.0301738294
0.0302902034
0.0302694717
0.0300380652
0.0295062757
0.0287516143
0.0279762130
0.0272755084
0.0265302541
0.0258797778
0.0255767775
0.0255495934
0.0257203685
0.0260842224
0.0267903013
0.0279259434
0.0293005719
0.0307967264
0.0324519117
0.0342440297
0.0359842898
0.0375583589
0.0388611548
0.0398717566
0.0405854402
0.0411008765
0.0414633806
0.0416653890
0.0415212878
0.0409217396
0.0401025294
0.0390362919
0.0375964397
0.0356550518
0.0329271191
0.0294853547
0.0258576470
0.0228048466
0.0204618944
0.0185926272
0.0168365735
0.0150622902
0.0132116971
0.0112043283
0.0088516152
0.0060789979
0.0032605971
0.0004582969
-0.0024485084
-0.0052721583
-0.0079056726
-0.0105418361
-0.0129991294
-0.0150095104
-0.0166243186
-0.0179366697
-0.0191492223
-0.0202650298
-0.0212395425
-0.0220442348
-0.0226798639
-0.0232728609
-0.0239694834
-0.0249114707
-0.0261183280
-0.0274573942
-0.0286632145
-0.0297863962
-0.0308616539
-0.0317802429
-0.0327234729
-0.0338570492
-0.0348866791
-0.0355070495
-0.0357294769
-0.0355433937
-0.0350093079
-0.0342472724
-0.0333135647
-0.0324129420
-0.0315848103
-0.0308396136
-0.0302380161
-0.0297208762
-0.0290392737
-0.0282293799
-0.0275034582
-0.0268557967
-0.0262122255
-0.0254498772
-0.0243580359
-0.0227535400
-0.0207089052
-0.0183245885
-0.0157703279
-0.0130706738
-0.0102813609
-0.0075739006
-0.0050596902
-0.0024887192
0.0001977037
0.0025553124
0.0042295117
0.0052221266
0.0059245982
0.0068454324
0.0078744195
0.0087695691
0.0093239092
0.0095094903
0.0094714342
0.0093916102
0.0092576155
0.0087698160
0.0080204935
0.0074240958
0.0069948635
0.0065077899
0.0056543168
0.0042823170
0.0026452512
0.0006220099
-0.0017236089
-0.0037172810
-0.0051956807
-0.0066223219
-0.0084555651
-0.0105801473
-0.0120111604
-0.0128739327
-0.0137351577
-0.0146124068
-0.0153481142
-0.0157385678
-0.0158448187
-0.0158594601
-0.0158355187
-0.0157310043
-0.0154579452
-0.0150099466
-0.0145173653
-0.0140330471
-0.0135765714
-0.0131491399
-0.0127967506
-0.0125816892
-0.0125407772
-0.0126808128
-0.0129136348
-0.0132506255
-0.0137944722
-0.0147441217
-0.0162203100
-0.0179859353
-0.0199438903
-0.0220427534
-0.0242659408
-0.0264987491
-0.0284519719
-0.0301001039
-0.0315099491
-0.0326502742
-0.0334555343
-0.0340654772
-0.0344698973
-0.0346425736
-0.0345870037
-0.0342753289
-0.0338211823
-0.0330983304
-0.0320152788
-0.0307833031
-0.0295378876
-0.0284089777
-0.0273672167
-0.0263208550
-0.0252450706
-0.0241591467
-0.0231213443
-0.0220698635
-0.0208910543
-0.0196505028
-0.0184112188
-0.0171488080
-0.0158246138
-0.0144014193
-0.0128221076
-0.0111030072
-0.0094121773
-0.0077600471
-0.0058469956
-0.0036409779
-0.0012978208
0.0013452190
0.0044199445
0.0076867578
0.0108296024
0.0134204048
0.0155351767
0.0174800706
0.0193302851
0.0210792773
0.0226966698
0.0241525708
0.0254312195
0.0263921690
0.0269190040
0.0270996964
0.0270687759
0.0271870757
0.0272671795
0.0270224649
0.0266280033
0.0262064891
0.0258749961
0.0257585316
0.0260288748
0.0268491467
0.0281570207
0.0293237479
0.0302988861
0.0312933404
0.0323365088
0.0334031249
0.0343999083
0.0352173655
0.0358112267
0.0363331154
0.0368035741
0.0371486962
0.0372429064
0.0370398198
0.0366522468
0.0361708914
0.0356211026
0.0350527795
0.0345603546
0.0340850649
0.0335143879
0.0327815035
0.0319519233
0.0311524901
0.0304000838
0.0297080454
0.0290920699
0.0285670784
0.0280670078
0.0274092068
0.0265428050
0.0257442112
0.0251425644
0.0247365064
0.0243639780
0.0239408097
0.0234891733
0.0231815230
0.0231815147
0.0233724207
0.0236076789
0.0236562942
0.0235618206
0.0234684416
0.0233777292
0.0232319489
0.0229628897
0.0226100231
0.0222110595
0.0216492382
0.0208370483
0.0198795801
0.0188884097
0.0179187939
0.0167933407
0.0154558877
0.0140466268
0.0126203461
0.0111911683
0.0097429296
0.0082294136
0.0065701290
0.0046231924
0.0023322851
-0.0000890393
-0.0026076173
-0.0052381868
-0.0079899194
-0.0108765471
-0.0138423633
-0.0168660950
-0.0198522067
-0.0225950360
-0.0248970021
-0.0267244356
-0.0283941470
-0.0300950424
-0.0319586391
-0.0341029818
-0.0363193135
-0.0378346607
-0.0384536813
-0.0387409621
-0.0389379337
-0.0390094617
-0.0387212592
-0.0380601579
-0.0372838513
-0.0363278728
-0.0350870333
-0.0336786036
-0.0323218921
-0.0313046569
-0.0303658382
-0.0293301345
-0.0284250841
-0.0276499379
-0.0267677426
-0.0257892712
-0.0247924960
-0.0237553602
-0.0227628400
-0.0219886403
-0.0210921245
-0.0196794153
-0.0180185183
-0.0163392188
-0.0145605159
-0.0125970713
-0.0104802501
-0.0084298377
-0.0066992613
-0.0053710976
-0.0042718088
-0.0030361805
-0.0018681850
-0.0010660728
-0.0004719835
0.0000002648
0.0004456623
0.0008789025
0.0013942672
0.0022616245
0.0035150866
0.0047396330
0.0060104961
0.0074924758
0.0090226455
0.0105760405
0.0123868986
0.0142762967
0.0157741384
0.0168758065
0.0176704745
0.0183003096
0.0187953023
0.0191292725
0.0191914594
0.0189222931
0.0184302468
0.0176353895
0.0164261454
0.0148580843
0.0130965329
0.0114729431
0.0101523372
0.0090718781
0.0080736363
0.0070692861
0.0061215649
0.0053523576
0.0048405689
0.0045062777
0.0042999912
0.0040954043
0.0038037871
0.0033754255
0.0028673815
0.0023070334
0.0017211760
0.0010724775
0.0003314994
-0.0004403128
-0.0012339732
-0.0020831106
-0.0030486212
-0.0040770404
-0.0048957000
-0.0055628488
-0.0064043388
-0.0072826438
-0.0080933005
-0.0090162177
-0.0100730235
-0.0111747904
-0.0123405136
-0.0136545436
-0.0151995851
-0.0169719426
-0.0189510409
-0.0212207120
-0.0237284313
-0.0261236365
-0.0280238984
-0.0292419487
-0.0302321727
-0.0311986035
-0.0321016787
-0.0328015192
-0.0332209264
-0.0335433168
-0.0337685095
-0.0338719458
-0.0338200795
-0.0336051251
-0.0333258769
-0.0330097413
-0.0326772031
-0.0322714991
-0.0317400963
-0.0311281207
-0.0304147498
-0.0295548169
-0.0283686913
-0.0268156995
-0.0252516711
-0.0238018687
-0.0223221415
-0.0205639892
-0.0183841416
-0.0160844800
-0.0137251993
-0.0111695395
-0.0083837655
-0.0056055122
-0.0030703866
-0.0009288306
0.0008675375
0.0024765155
0.0039235765
0.0051672086
0.0061832406
0.0069281238
0.0074365628
0.0077615433
0.0080006235
0.0081924003
0.0082282244
0.0079650241
0.0073983191
0.0067358228
0.0063219520
0.0061685383
0.0059747855
0.0056838309
0.0053236715
0.0049270865
0.0045523746
0.0042674567
0.0040636442
0.0038956015
0.0037441483
0.0036427943
0.0036462213
0.0037725751
0.0039787530
0.0041782726
0.0044615519
0.0050316839
0.0059085339
0.0070409209
0.0084665194
0.0101722952
0.0118458336
0.0133613372
0.0146202501
0.0155103300
0.0160816324
0.0166931718
0.0173899919
0.0180380155
0.0184290617
0.0183562498
0.0178725077
0.0170662270
0.0162715425
0.0156182269
0.0150616729
0.0144053122
0.0139116610
0.0139590501
0.0141633547
0.0141948432
0.0142371789
0.0147534712
0.0161419427
0.0179077491
0.0196563215
0.0215393413
0.0235918194
0.0256576056
0.0276786940
0.0295408340
0.0310318529
0.0320449402
0.0328392131
0.0334501518
0.0338529342
0.0340225488
0.0339945664
0.0339806986
0.0339283633
0.0337130714
0.0333167168
0.0327783761
0.0322169580
0.0314452850
0.0303103260
0.0291047855
0.0280689254
0.0271400323
0.0264664953
0.0260749470
0.0254772013
0.0244073672
0.0230480550
0.0216889815
0.0206793920
0.0200750868
0.0197271171
0.0192908628
0.0186516290
0.0177999756
0.0168060645
0.0157000508
0.0145724249
0.0137041302
0.0132022982
0.0127172558
0.0121179710
0.0114830415
0.0107881226
0.0100268771
0.0092688497
0.0084823130
0.0076279009
0.0068265566
0.0061158417
0.0053327567
0.0044671977
0.0035953641
0.0027662571
0.0020136113
0.0012968036
0.0005363664
-0.0003347936
-0.0012426584
-0.0021188829
-0.0028943936
-0.0035026377
-0.0039190154
-0.0042265258
-0.0045010861
-0.0048284928
-0.0051839520
-0.0055228990
-0.0058669709
-0.0062181322
-0.0065352003
-0.0067524229
-0.0068748033
-0.0070829826
-0.0073326419
-0.0074447131
-0.0076543747
-0.0081371268
-0.0084457877
-0.0084085464
-0.0082491536
-0.0081686440
-0.0083204923
-0.0085735934
-0.0087703839
-0.0087852063
-0.0086446769
-0.0084587419
-0.0082874237
-0.0081625570
-0.0080769876
-0.0079244109
-0.0076279914
-0.0073302724
-0.0071365007
-0.0070602675
-0.0070038113
-0.0069147902
-0.0070043117
-0.0072969116
-0.0075953277
-0.0079179396
-0.0083151592
-0.0087340726
-0.0091304601
-0.0094648336
-0.0097044537
-0.0098632952
-0.0100316506
-0.0102051252
-0.0103172936
-0.0104074217
-0.0105390955
-0.0106868262
-0.0107873901
-0.0107828059
-0.0107158868
-0.0106433053
-0.0105000024
-0.0102804062
-0.0100431646
-0.0097191857
-0.0092168106
-0.0085322864
-0.0076635900
-0.0066463045
-0.0054324178
-0.0039935795
-0.0023801432
-0.0006913514
0.0008284806
0.0022550857
0.0037616620
0.0053155105
0.0067939941
0.0080311203
0.0089778571
0.0097424769
0.0103732337
0.0108315530
0.0110664490
0.0111342570
0.0112458657
0.0114327966
0.0116140651
0.0116336034
0.0115228177
0.0114758977
0.0114278667
0.0113212866
0.0112575278
0.0112836585
0.0113680008
0.0114593470
0.0115929219
0.0119033540
0.0122909764
0.0124501388
0.0123844295
0.0122038688
0.0120695202
0.0120338426
0.0120348220
0.0120308304
0.0118331263
0.0111205703
0.0100381771
0.0091485088
0.0083013984
0.0072775609
0.0061591017
0.0049243203
0.0035569582
0.0020531159
0.0004175893
-0.0012716334
-0.0028981013
-0.0043175403
-0.0054992695
-0.0066363173
-0.0080543449
-0.0096033631
-0.0109778352
-0.0121714668
-0.0132476051
-0.0143358746
-0.0155062314
-0.0167732427
-0.0180618335
-0.0193194296
-0.0204609644
-0.0213588135
-0.0219313422
-0.0222901263
-0.0224175040
-0.0223130801
-0.0220631724
-0.0216788831
-0.0212398718
-0.0208542657
-0.0206058805
-0.0204004319
-0.0200246032
-0.0192168246
-0.0180994945
-0.0170286153
-0.0162235773
-0.0157389875
-0.0153193499
-0.0150506198
-0.0150395997
-0.0150007453
-0.0147481051
-0.0144650382
-0.0141976332
-0.0139472974
-0.0137702674
-0.0136513421
-0.0134451116
-0.0130539914
-0.0124537189
-0.0116879140
-0.0108443837
-0.0100593779
-0.0093353408
-0.0085762188
-0.0078304838
-0.0070531402
-0.0060158572
-0.0047451793
-0.0035385523
-0.0024266072
-0.0013167855
-0.0000953877
0.0010968881
0.0018525519
0.0022981399
0.0026869887
0.0028189587
0.0025376300
0.0020574129
0.0014596728
0.0007167359
-0.0003883341
-0.0019815986
-0.0037674511
-0.0056568500
-0.0075642540
-0.0093956101
-0.0112421951
-0.0132883607
-0.0154765535
-0.0176719230
-0.0197285985
-0.0214789898
-0.0228045091
-0.0236623022
-0.0243322591
-0.0255439887
-0.0270236336
-0.0281721723
-0.0289940656
-0.0294739642
-0.0296860298
-0.0297471221
-0.0297783883
-0.0297024325
-0.0294440559
-0.0290753957
-0.0285842382
-0.0279532428
-0.0272038240
-0.0263675198
-0.0255578483
-0.0246249553
-0.0234694621
-0.0224088541
-0.0215318519
-0.0203675937
-0.0188880311
-0.0175284061
-0.0163119524
-0.0150762484
-0.0136599015
-0.0120387478
-0.0104815998
-0.0090283819
-0.0075817620
-0.0060441795
-0.0044614951
-0.0031156218
-0.0020513958
-0.0010279608
0.0000580145
0.0012523774
0.0024971715
0.0035748719
0.0041623169
0.0043220595
0.0044877261
0.0047125007
0.0049482412
0.0051783267
0.0053935872
0.0056035427
0.0058087386
0.0059953732
0.0061273671
0.0061784351
0.0061785849
0.0061830209
0.0061892280
0.0061855072
0.0061712082
0.0061625213
0.0061873557
0.0062595438
0.0063306842
0.0062523539
0.0058006665
0.0048653482
0.0037295982
0.0026312896
0.0015546189
0.0004624669
-0.0006489042
-0.0017361886
-0.0027264324
-0.0035749328
-0.0043587592
-0.0051550272
-0.0059844345
-0.0068485648
-0.0077114704
-0.0084621821
-0.0089297850
-0.0090130738
-0.0088851694
-0.0086327844
-0.0083027235
-0.0078580819
-0.0072740862
-0.0065935198
-0.0057472250
-0.0046646072
-0.0034795983
-0.0023423028
-0.0010961968
0.0002463190
0.0013893119
0.0023505831
0.0032652686
0.0041469364
0.0050343184
0.0060145733
0.0069775803
0.0077001384
0.0081748265
0.0083850576
0.0083285578
0.0082364463
0.0085164763
0.0090745858
0.0096953842
0.0102135693
0.0106681109
0.0112458986
0.0118884657
0.0125386868
0.0132384779
0.0140026450
0.0147863834
0.0155619082
0.0162940107
0.0169808806
0.0177707175
0.0188698096
0.0201317512
0.0212755740
0.0222526052
0.0232498742
0.0246709617
0.0265357435
0.0283101751
0.0298740800
0.0312533832
0.0323518086
0.0331347487
0.0338106313
0.0343842628
0.0348298748
0.0355332871
0.0367286141
0.0377351667
0.0381647957
0.0382307684
0.0381650755
0.0382000289
0.0382580842
0.0382317642
0.0380813340
0.0377028223
0.0371186151
0.0366529710
0.0364190462
0.0362232268
0.0360798333
0.0359715578
0.0356501878
0.0350360476
0.0343672182
0.0337411691
0.0331327488
0.0323425498
0.0313342442
0.0303773439
0.0293448335
0.0281468400
0.0271717512
0.0265436280
0.0260162086
0.0253773616
0.0245407611
0.0236625080
0.0228548775
0.0221568394
0.0215569209
0.0209385669
0.0200721157
0.0189397657
0.0177569814
0.0165407252
0.0152059881
0.0136726499
0.0119950623
0.0102959611
0.0085846053
0.0068800623
0.0052639554
0.0038482725
0.0026726436
0.0015377965
0.0002253329
-0.0010843980
-0.0021512503
-0.0030783213
-0.0039029173
-0.0046243569
-0.0052336553
-0.0057389151
-0.0061748805
-0.0066667136
-0.0073506502
-0.0079741061
-0.0082168619
-0.0081861528
-0.0079853460
-0.0077371616
-0.0075325722
-0.0074238242
-0.0073294733
-0.0070903223
-0.0065610338
-0.0057991612
-0.0050382178
-0.0045131498
-0.0042524244
-0.0039800632
-0.0036924672
-0.0035145558
-0.0035541262
-0.0037927324
-0.0040424928
-0.0042666477
-0.0044635781
-0.0046284646
-0.0047973311
-0.0050700347
-0.0056031172
-0.0064845027
-0.0075400978
-0.0085653385
-0.0094629160
-0.0104566543
-0.0117658039
-0.0131608678
-0.0143608201
-0.0152887832
-0.0162083681
-0.0173708074
-0.0184960796
-0.0194499676
-0.0203328132
-0.0212035851
-0.0221196228
-0.0230601451
-0.0237894083
-0.0240741295
-0.0243253047
-0.0248997757
-0.0256542642
-0.0264069338
-0.0270108934
-0.0275754059
-0.0281517616
-0.0285801726
-0.0289482485
-0.0294796677
-0.0298592740
-0.0298411512
-0.0296911161
-0.0296135718
-0.0296690182
-0.0295930459
-0.0292183283
-0.0287673832
-0.0281830032
-0.0272220619
-0.0259322284
-0.0245716570
-0.0233783876
-0.0224205820
-0.0215243625
-0.0204934487
-0.0191873772
-0.0177365213
-0.0162736412
-0.0148157567
-0.0133927022
-0.0120604259
-0.0108317587
-0.0097169800
-0.0087086415
-0.0078406966
-0.0070989063
-0.0063465485
-0.0055158779
-0.0048836585
-0.0046028714
-0.0044899335
-0.0045075912
-0.0046447882
-0.0049100040
-0.0052654878
-0.0055817394
-0.0059770464
-0.0066609632
-0.0076927296
-0.0090148268
-0.0103284372
-0.0114264018
-0.0122536775
-0.0131133800
-0.0140701485
-0.0148902229
-0.0155278437
-0.0160296180
-0.0164437003
-0.0168288701
-0.0172967034
-0.0176661537
-0.0177733429
-0.0178688535
-0.0180365670
-0.0181483074
-0.0182462788
-0.0183597640
-0.0183149345
-0.0180535457
-0.0177741577
-0.0176269783
-0.0176585656
-0.0176464837
-0.0173286363
-0.0166342194
-0.0156499787
-0.0145635857
-0.0134574239
-0.0122899477
-0.0109078709
-0.0092489821
-0.0074493788
-0.0057341819
-0.0042683875
-0.0028310554
-0.0013229400
0.0001615639
0.0015679146
0.0027705425
0.0035403243
0.0038753283
0.0042968745
0.0048319577
0.0053278672
0.0058935032
0.0065608791
0.0071390808
0.0076592149
0.0083398002
0.0091332830
0.0098952939
0.0105844105
0.0112741774
0.0121302668
0.0131400291
0.0141132332
0.0147846716
0.0151537022
0.0156405059
0.0161861303
0.0165931511
0.0168971555
0.0171260929
0.0172568696
0.0173422983
0.0174764329
0.0175053782
0.0173078799
0.0170152249
0.0167730946
0.0167500091
0.0168597907
0.0169527171
0.0169299772
0.0168165003
0.0167375487
0.0167615724
0.0167997437
0.0165732754
0.0162463336
0.0162195528
0.0163110471
0.0163119853
0.0162704561
0.0162491236
0.0162781513
0.0162647115
0.0161607979
0.0160689003
0.0160379468
0.0160837804
0.0162039567
0.0162890480
0.0161138780
0.0156813026
0.0152646196
0.0149694955
0.0147794372
0.0145439075
0.0142180686
0.0138797446
0.0135786125
0.0133551481
0.0132161742
0.0130904015
0.0128948372
0.0128232022
0.0129649250
0.0130474155
0.0130352843
0.0130898665
0.0131409344
0.0130735873
0.0128689864
0.0126259508
0.0125091818
0.0123776397
0.0121249913
0.0118815524
0.0116995596
0.0115353192
0.0113498451
0.0110996493
0.0107619673
0.0104113228
0.0101724763
0.0099450039
0.0095715948
0.0089777172
0.0082177696
0.0074765283
0.0067296074
0.0058926028
0.0049303102
0.0037901514
0.0025268954
0.0014250051
0.0005852082
-0.0003463834
-0.0013833393
-0.0023604856
-0.0032791577
-0.0041912523
-0.0051585884
-0.0060275637
-0.0066672765
-0.0072924072
-0.0079883631
-0.0085021806
-0.0089050205
-0.0093844335
-0.0099101822
-0.0103449303
-0.0104973358
-0.0104438318
-0.0103578187
-0.0102213139
-0.0101158942
-0.0102596086
-0.0104168781
-0.0102549504
-0.0098901995
-0.0094801664
-0.0092419207
-0.0091914618
-0.0092248432
-0.0092380114
-0.0091585578
-0.0090131232
-0.0088126538
-0.0085776920
-0.0083448946
-0.0081614962
-0.0080474069
-0.0078497061
-0.0073382276
-0.0064333714
-0.0053047077
-0.0044945769
-0.0041113329
-0.0038768212
-0.0033913788
-0.0024839984
-0.0015478636
-0.0007571508
-0.0001753692
0.0002817807
0.0007265307
0.0012081396
0.0016431034
0.0018999846
0.0019869325
0.0019581049
0.0019191739
0.0018919075
0.0018258303
0.0016549704
0.0013233021
0.0008615032
0.0003657202
-0.0000135028
-0.0002912301
-0.0005269197
-0.0007779427
-0.0010371036
-0.0012774620
-0.0016149984
-0.0020631838
-0.0023885586
-0.0025625418
-0.0026906288
-0.0027752304
-0.0028093533
-0.0028164271
-0.0027350987
-0.0025158934
-0.0022620714
-0.0020335323
-0.0017600675
-0.0014425130
-0.0011070194
-0.0006162781
0.0001056451
0.0008996614
0.0017254318
0.0025543783
0.0033762872
0.0041873447
0.0049660191
0.0058021595
0.0068015807
0.0077769188
0.0084616060
0.0088938605
0.0091896594
0.0095323865
0.0099061330
0.0102410662
0.0105334661
0.0108933036
0.0114935431
0.0120594630
0.0122138766
0.0120581380
0.0117741822
0.0117009999
0.0118479653
0.0120255714
0.0120366903
0.0118463933
0.0116702933
0.0115703878
0.0114967529
0.0112876583
0.0108548195
0.0103093186
0.0097814383
0.0093590601
0.0089187154
0.0084213854
0.0079680092
0.0075253009
0.0070254903
0.0064780635
0.0059421128
0.0055159667
0.0051470810
0.0046936398
0.0040674655
0.0033161776
0.0027006457
0.0022764206
0.0019224026
0.0013831862
0.0006451496
0.0000451392
-0.0002944707
-0.0005010251
-0.0009910495
-0.0018169591
-0.0024786356
-0.0028932117
-0.0032120188
-0.0036567995
-0.0043047877
-0.0049928978
-0.0056070314
-0.0061158277
-0.0066792876
-0.0073109201
-0.0078291555
-0.0083664822
-0.0090362252
-0.0095343041
-0.0097219675
-0.0098139473
-0.0098922734
-0.0100184906
-0.0102318567
-0.0104616500
-0.0105210633
-0.0104096438
-0.0102075284
-0.0099235562
-0.0095549124
-0.0091292750
-0.0086944363
-0.0082863702
-0.0078416397
-0.0072838594
-0.0066137643
-0.0059165187
-0.0053284499
-0.0047346340
-0.0039897945
-0.0030833844
-0.0020885038
-0.0011520003
-0.0002425346
0.0006955957
0.0015848893
0.0022596427
0.0025935973
0.0027705557
0.0030963065
0.0035954168
0.0041222205
0.0043773404
0.0043396028
0.0041842575
0.0041151418
0.0042179509
0.0042986900
0.0042372340
0.0039931236
0.0036941429
0.0034430352
0.0032002785
0.0028395875
0.0022631537
0.0016431372
0.0011906193
0.0009668060
0.0008082010
0.0003970457
-0.0001971277
-0.0008116082
-0.0013316195
-0.0017832970
-0.0022718537
-0.0027790607
-0.0033528182
-0.0041493404
-0.0050746213
-0.0058338109
-0.0063931788
-0.0068377521
-0.0073418769
-0.0079315135
-0.0085291754
-0.0090323159
-0.0093779153
-0.0096438306
-0.0098401027
-0.0100190503
-0.0103065615
-0.0107103232
-0.0110056695
-0.0111944110
-0.0114114559
-0.0116462696
-0.0119219541
-0.0123365549
-0.0127881172
-0.0130671102
-0.0132821963
-0.0135587203
-0.0138652431
-0.0140389810
-0.0139272159
-0.0137828184
-0.0136923364
-0.0133115449
-0.0127151736
-0.0123338307
-0.0119784950
-0.0114586803
-0.0109300840
-0.0103306346
-0.0095139181
-0.0087871240
-0.0084846668
-0.0083356933
-0.0081635776
-0.0079221246
-0.0077815277
-0.0079171989
-0.0081856425
-0.0085198095
-0.0088890211
-0.0092962807
-0.0097599495
-0.0103064463
-0.0109364953
-0.0115752600
-0.0121892932
-0.0127540362
-0.0132591355
-0.0136985419
-0.0140858187
-0.0144097317
-0.0146635077
-0.0148618208
-0.0150371636
-0.0152399703
-0.0153928202
-0.0154169592
-0.0153946638
-0.0153779319
-0.0153006922
-0.0150615906
-0.0146466030
-0.0142677456
-0.0140366108
-0.0137603666
-0.0133085985
-0.0126501391
-0.0119354844
-0.0112982422
-0.0107176480
-0.0101303545
-0.0094579203
-0.0087160651
-0.0079266643
-0.0070257899
-0.0060550194
-0.0052275190
-0.0044391577
-0.0035303848
-0.0026205016
-0.0018328704
-0.0012165854
-0.0006772240
-0.0000775242
0.0005492886
0.0011371276
0.0016484275
0.0020054446
0.0022031404
0.0024671151
0.0028334726
0.0029355409
0.0027570081
0.0026667179
0.0027573694
0.0029661899
0.0031215920
0.0031810094
0.0032472586
0.0033923878
0.0036517157
0.0039603915
0.0042832149
0.0046268539
0.0050772533
0.0056697927
0.0062459443
0.0067979438
0.0074834342
0.0082783705
0.0091082799
0.0100110342
0.0108846784
0.0114786713
0.0120970418
0.0131490576
0.0144515161
0.0156737309
0.0165505849
0.0172157519
0.0180830590
0.0191875830
0.0203862514
0.0214169841
0.0222359309
0.0229759097
0.0234579729
0.0235220773
0.0233831281
0.0231536146
0.0228938142
0.0226402770
0.0223539838
0.0218546621
0.0211384272
0.0204115672
0.0196586836
0.0188409877
0.0180250530
0.0172234964
0.0164100308
0.0156369998
0.0149581461
0.0143593881
0.0137343841
0.0129514852
0.0121293450
0.0114149866
0.0108187551
0.0102717728
0.0095896270
0.0086217067
0.0074424647
0.0065067735
0.0058501370
0.0053028501
0.0047282153
0.0040457684
0.0033128881
0.0025920723
0.0018811779
0.0010350049
0.0000702456
-0.0007229146
-0.0012212420
-0.0015048538
-0.0019094105
-0.0024856033
-0.0029375869
-0.0032987462
-0.0037421105
-0.0043317899
-0.0050035476
-0.0055605345
-0.0059187746
-0.0060611739
-0.0060420405
-0.0058818246
-0.0056694602
-0.0056062397
-0.0058772594
-0.0063533293
-0.0067152532
-0.0065869686
-0.0061234710
-0.0057039264
-0.0054175953
-0.0052419908
-0.0050532633
-0.0047111601
-0.0042095890
-0.0038782993
-0.0038162335
-0.0037538845
-0.0037826200
-0.0040042433
-0.0041674878
-0.0041428748
-0.0040183983
-0.0039988353
-0.0042683760
-0.0046964471
-0.0051281550
-0.0055037722
-0.0057248761
-0.0057258917
-0.0056120971
-0.0055365602
-0.0057164073
-0.0061124048
-0.0064633340
-0.0064483231
-0.0060478510
-0.0058480984
-0.0058551121
-0.0058290745
-0.0056636415
-0.0052972520
-0.0048026231
-0.0042722326
-0.0037867293
-0.0032829436
-0.0027842613
-0.0024834799
-0.0022695658
-0.0018330646
-0.0011943616
-0.0005210546
-0.0000546426
0.0002081558
0.0005104240
0.0008744648
0.0012767962
0.0017077173
0.0020615041
0.0021915656
0.0021551061
0.0020546360
0.0018164373
0.0014499234
0.0011264779
0.0009622284
0.0010221166
0.0011981491
0.0013072805
0.0013412027
0.0014687210
0.0019620883
0.0026455557
0.0031821846
0.0035751641
0.0039575900
0.0045175579
0.0052161556
0.0058664993
0.0062951991
0.0064532711
0.0065832568
0.0068593660
0.0073848241
0.0079428686
0.0083461703
0.0086750626
0.0089584176
0.0092087204
0.0095286418
0.0099242310
0.0101930598
0.0103216967
0.0104929327
0.0107646914
0.0111008674
0.0113767988
0.0115261427
0.0115841074
0.0116112339
0.0116756593
0.0117485618
0.0118272336
0.0119352951
0.0119961075
0.0119151642
0.0117280935
0.0114894939
0.0113073941
0.0110623010
0.0106683743
0.0103787644
0.0102885704
0.0102135775
0.0101129066
0.0099829036
0.0098110174
0.0095799319
0.0093117451
0.0091618416
0.0092738536
0.0095286994
0.0098152395
0.0099847554
0.0099885824
0.0098506208
0.0096382424
0.0094052064
0.0092242095
0.0089653967
0.0085133571
0.0080572361
0.0076930786
0.0073727193
0.0070223982
0.0065621021
0.0059822272
0.0052356956
0.0043414200
0.0036446946
0.0033515145
0.0028764881
0.0020480997
0.0013322697
0.0007546780
0.0001978884
-0.0003381778
-0.0008833706
-0.0014730756
-0.0019960334
-0.0023355500
-0.0025703513
-0.0027697236
-0.0029654048
-0.0030528704
-0.0029410938
-0.0027455411
-0.0025572424
-0.0024178216
-0.0022295213
-0.0018974719
-0.0015197577
-0.0010938347
-0.0005556872
0.0000219971
0.0005214419
0.0009410449
0.0012910096
0.0016226935
0.0020545982
0.0026091490
0.0030067241
0.0031919793
0.0034774955
0.0039472011
0.0044594952
0.0050106691
0.0056472965
0.0061783017
0.0064481338
0.0065569608
0.0065846864
0.0066014462
0.0065871332
0.0064641965
0.0061373997
0.0056537909
0.0051927689
0.0046348051
0.0038970797
0.0032560319
0.0027353876
0.0021008984
0.0012966620
0.0003678334
-0.0005780256
-0.0014455648
-0.0022350511
-0.0032485104
-0.0045862111
-0.0057987539
-0.0068102832
-0.0078681259
-0.0088462163
-0.0096194612
-0.0103135571
-0.0109762633
-0.0116758322
-0.0124426741
-0.0132091622
-0.0138084305
-0.0142813171
-0.0147364677
-0.0151361473
-0.0155194489
-0.0160672790
-0.0166713538
-0.0171459604
-0.0175517468
-0.0179938115
-0.0185293458
-0.0189990390
-0.0192311203
-0.0193386058
-0.0194113518
-0.0195271250
-0.0196086609
-0.0195689917
-0.0195119569
-0.0194633827
-0.0193599959
-0.0191429098
-0.0187945039
-0.0183770226
-0.0179063746
-0.0173930535
-0.0168851889
-0.0164019241
-0.0158403415
-0.0151019758
-0.0142232947
-0.0132381569
-0.0122386575
-0.0113496312
-0.0105601893
-0.0096198398
-0.0085145998
-0.0073884199
-0.0062346279
-0.0051553383
-0.0044283968
-0.0039578139
-0.0032979644
-0.0024732893
-0.0016782962
-0.0009800878
-0.0003527903
0.0002945156
0.0009275837
0.0014720847
0.0019103422
0.0022887707
0.0027579389
0.0032940765
0.0037916271
0.0042043761
0.0045733030
0.0050559068
0.0055068338
0.0057564963
0.0059848090
0.0062742222
0.0064166091
0.0064449142
0.0065063883
0.0066490830
0.0068754641
0.0071085948
0.0072524385
0.0072447334
0.0071705117
0.0071149880
0.0070859677
0.0070787145
0.0070703889
0.0070150907
0.0068764707
0.0066715669
0.0063464374
0.0058998577
0.0055025212
0.0052458548
0.0049827674
0.0046790905
0.0043371132
0.0039297368
0.0034688802
0.0030454403
0.0027410919
0.0025466198
0.0022603678
0.0018095133
0.0013449276
0.0010060184
0.0008479778
0.0006863541
0.0004725801
0.0003353779
0.0004075591
0.0006451048
0.0006323432
0.0002865212
-0.0000979520
-0.0004175762
-0.0006226762
-0.0007186829
-0.0007532112
-0.0008233516
-0.0010042737
-0.0013198455
-0.0016704785
-0.0018777212
-0.0017877586
-0.0015691006
-0.0015041114
-0.0015881303
-0.0016865585
-0.0016286414
-0.0015230539
-0.0015315399
-0.0015671789
-0.0014643953
-0.0011107435
-0.0007037573
-0.0005428476
-0.0006176953
-0.0008133390
-0.0008531134
-0.0007285268
-0.0005453581
-0.0003427714
-0.0001547111
-0.0000303743
0.0000755936
0.0002092091
0.0002868162
0.0002811329
0.0002785583
0.0003058422
0.0003386115
0.0003018908
0.0002345713
0.0003652439
0.0005903904
0.0007240940
0.0008579387
0.0010765284
0.0013288887
0.0016536034
0.0020890684
0.0025634306
0.0029640065
0.0031976391
0.0034395974
0.0039647321
0.0045346856
0.0048914006
0.0050662184
0.0050876052
0.0050700544
0.0050857723
0.0051497171
0.0052093040
0.0052752331
0.0053633333
0.0052796881
0.0049640142
0.0047187556
0.0044860554
0.0039701887
0.0033622647
0.0029074918
0.0026458570
0.0025439746
0.0024590833
0.0022845767
0.0019916517
0.0016876440
0.0014639624
0.0013495348
0.0012577072
0.0010406237
0.0005764634
-0.0000204147
-0.0004631334
-0.0008199912
-0.0012007144
-0.0015962798
-0.0019661218
-0.0022990485
-0.0027691434
-0.0034559836
-0.0041473257
-0.0048020972
-0.0054184447
-0.0058724818
-0.0062264348
-0.0068519326
-0.0077130440
-0.0084917694
-0.0088635407
-0.0088008765
-0.0088894985
-0.0090849475
-0.0091742197
-0.0092609652
-0.0094088606
-0.0095089553
-0.0095839400
-0.0096374441
-0.0094834913
-0.0091117283
-0.0088865192
-0.0086828236
-0.0082721815
-0.0078181822
-0.0074369727
-0.0070210320
-0.0065260262
-0.0059683002
-0.0053532341
-0.0046932126
-0.0040161013
-0.0033466645
-0.0027124535
-0.0020947735
-0.0015037122
-0.0010133647
-0.0006600374
-0.0003910766
-0.0000986883
0.0003277159
0.0008523933
0.0013761305
0.0017852451
0.0021218992
0.0024743444
0.0028182452
0.0032365569
0.0039030918
0.0046959376
0.0053822922
0.0059567155
0.0064609761
0.0069542018
0.0074194615
0.0078546359
0.0083430675
0.0089131601
0.0094414272
0.0098551720
0.0101319347
0.0103180508
0.0104670407
0.0106191993
0.0107536466
0.0108569265
0.0110089204
0.0112103527
0.0112879381
0.0111654821
0.0109440012
0.0108016776
0.0108143849
0.0108196604
0.0107435318
0.0106206396
0.0104732627
0.0102965125
0.0100531806
0.0097124452
0.0092739606
0.0087175300
0.0080561300
0.0073960146
0.0066885358
0.0058247545
0.0049635237
0.0041966258
0.0033692356
0.0025326384
0.0018256385
0.0011543072
0.0004404444
-0.0002662354
-0.0010106841
-0.0018321082
-0.0026235854
-0.0032503457
-0.0036609104
-0.0039239230
-0.0041627588
-0.0043937381
-0.0045798138
-0.0046934636
-0.0047352151
-0.0047413202
-0.0047507289
-0.0046600946
-0.0042754087
-0.0036844708
-0.0031352778
-0.0027666415
-0.0025993757
-0.0024413030
-0.0021863559
-0.0018300886
-0.0015371949
-0.0013873383
-0.0011949410
-0.0008965849
-0.0005207972
-0.0001469020
0.0002103019
0.0006550022
0.0011280120
0.0014534245
0.0015901458
0.0016019709
0.0016976700
0.0020243846
0.0025655383
0.0028869593
0.0027619305
0.0026150039
0.0025002562
0.0023285165
0.0021146361
0.0018688944
0.0015964929
0.0012553007
0.0008077285
0.0002528471
-0.0003005843
-0.0006275580
-0.0008139382
-0.0010919656
-0.0015498141
-0.0021844531
-0.0028265156
-0.0033788714
-0.0037717867
-0.0040073963
-0.0041925486
-0.0045844795
-0.0050688462
-0.0054653260
-0.0059220189
-0.0064554792
-0.0069341960
-0.0073863047
-0.0078710756
-0.0083514952
-0.0088224065
-0.0093303287
-0.0099426830
-0.0106135370
-0.0110979704
-0.0113032297
-0.0113597131
-0.0113848725
-0.0114239821
-0.0114331422
-0.0114602770
-0.0115852267
-0.0116676761
-0.0116444013
-0.0116858153
-0.0118052427
-0.0118675036
-0.0116670259
-0.0111335410
-0.0105741723
-0.0103153101
-0.0105750611
-0.0108577495
-0.0107762383
-0.0105724522
-0.0102717481
-0.0098598221
-0.0094168109
-0.0090324805
-0.0087673387
-0.0085912799
-0.0083701035
-0.0079921835
-0.0074557900
-0.0069652375
-0.0066137585
-0.0064180198
-0.0063256251
-0.0062689072
-0.0061890034
-0.0060601303
-0.0058898556
-0.0056831766
-0.0055127051
-0.0055274642
-0.0056998878
-0.0058090415
-0.0057943828
-0.0056964262
-0.0056551982
-0.0056928552
-0.0057202450
-0.0057389529
-0.0057722751
-0.0058302489
-0.0059505124
-0.0061631007
-0.0064655932
-0.0067227517
-0.0066467704
-0.0062466570
-0.0058326595
-0.0055874750
-0.0055362762
-0.0054677538
-0.0053659192
-0.0053680434
-0.0054086319
-0.0053035044
-0.0048489142
-0.0041458229
-0.0036036345
-0.0032802178
-0.0030238230
-0.0025921175
-0.0020052602
-0.0015100486
-0.0010421141
-0.0004725416
0.0001408749
0.0007613400
0.0013821681
0.0020006464
0.0026201411
0.0032367808
0.0038523399
0.0044701252
0.0051057592
0.0057750922
0.0064816839
0.0071879966
0.0078909234
0.0085941604
0.0092996139
0.0100042772
0.0107050230
0.0113989708
0.0120943670
0.0128051206
0.0135464327
0.0143026166
0.0150056916
0.0155285515
0.0157701550
0.0158132233
0.0158771220
0.0161087177
0.0165169731
0.0169134347
0.0172829509
0.0175975721
0.0176733304
0.0174516190
0.0171782060
0.0170018098
0.0169861561
0.0170024353
0.0169881889
0.0169728397
0.0169848063
0.0169673996
0.0166878881
0.0161632423
0.0158946851
0.0157536701
0.0153967871
0.0148476814
0.0141983080
0.0135787771
0.0130325766
0.0125399624
0.0119839681
0.0113940244
0.0109527992
0.0105342973
0.0099733484
0.0094388100
0.0088993993
0.0081585679
0.0072613706
0.0064176856
0.0058275996
0.0054977164
0.0052226615
0.0049391946
0.0046294917
0.0043285506
0.0041059026
0.0039864226
0.0038282610
0.0035622576
0.0033454176
0.0032077211
0.0030495356
0.0028618270
0.0027451682
0.0029044450
0.0032413115
0.0033621832
0.0032290157
0.0030188010
0.0029770693
0.0031443878
0.0033558312
0.0035836477
0.0038044397
0.0039411898
0.0039850506
0.0040362272
0.0040876959
0.0040849389
0.0039838935
0.0037618686
0.0034947393
0.0032697408
0.0031563009
0.0031075703
0.0030541765
0.0028985078
0.0025839491
0.0021289137
0.0016485871
0.0012554332
0.0010329738
0.0008497580
0.0005144468
0.0000711204
-0.0004528169
-0.0010060291
-0.0014635196
-0.0017130924
-0.0018405466
-0.0019260395
-0.0020938468
-0.0024096162
-0.0028455264
-0.0032287087
-0.0035316497
-0.0038942378
-0.0042884493
-0.0045826096
-0.0046552034
-0.0045479270
-0.0045830425
-0.0047524086
-0.0049424356
-0.0051777876
-0.0054699217
-0.0057683386
-0.0061474050
-0.0066373650
-0.0070337130
-0.0071797220
-0.0070871619
-0.0068648958
-0.0067324542
-0.0068697911
-0.0072164967
-0.0073680898
-0.0072082131
-0.0068078207
-0.0063428310
-0.0059520827
-0.0056106930
-0.0052864713
-0.0049402769
-0.0045437848
-0.0040763170
-0.0035617103
-0.0030546901
-0.0026455656
-0.0023254508
-0.0020947653
-0.0019721759
-0.0019207829
-0.0018434510
-0.0017833052
-0.0017920769
-0.0018383656
-0.0018298433
-0.0016702464
-0.0014724123
-0.0014613905
-0.0017362684
-0.0019316829
-0.0014598284
-0.0007229316
-0.0003969981
-0.0003662845
-0.0004080187
-0.0003214447
-0.0001571557
-0.0000450589
0.0000337161
0.0000527902
-0.0000438175
-0.0002144440
-0.0003743921
-0.0005173029
-0.0006830143
-0.0009346847
-0.0012363854
-0.0015237839
-0.0018120498
-0.0022155745
-0.0028612591
-0.0034786428
-0.0037430446
-0.0038491392
-0.0039487969
-0.0040995119
-0.0042326902
-0.0043021936
-0.0044572837
-0.0047582668
-0.0050973620
-0.0052663742
-0.0051424565
-0.0050032859
-0.0050150484
-0.0051549770
-0.0052699354
-0.0052126200
-0.0051090850
-0.0050358846
-0.0050205799
-0.0051608261
-0.0054277505
-0.0055367914
-0.0054345568
-0.0053078680
-0.0051782049
-0.0050604606
-0.0050470068
-0.0051290529
-0.0052007464
-0.0052740628
-0.0053591195
-0.0053729576
-0.0053171351
-0.0053029793
-0.0054285776
-0.0056896273
-0.0058969936
-0.0060347223
-0.0062448571
-0.0065402972
-0.0068849823
-0.0072090715
-0.0074785307
-0.0077019177
-0.0078917653
-0.0080534313
-0.0081826410
-0.0081519755
-0.0078591929
-0.0075995679
-0.0076017875
-0.0077105486
-0.0077452987
-0.0075540800
-0.0071459522
-0.0067042306
-0.0065864995
-0.0068020679
-0.0069835117
-0.0070153178
-0.0069061428
-0.0067695696
-0.0066034437
-0.0063368279
-0.0060420364
-0.0058034047
-0.0056490882
-0.0056994335
-0.0060025128
-0.0061776911
-0.0059849695
-0.0057158905
-0.0054915496
-0.0052394172
-0.0048522738
-0.0043219039
-0.0038600178
-0.0035424477
-0.0032824144
-0.0030232008
-0.0026437336
-0.0019821722
-0.0012100128
-0.0007631409
-0.0005545866
-0.0004091826
-0.0005385342
-0.0009461945
-0.0011933929
-0.0013268970
-0.0015248266
-0.0017150043
-0.0017859479
-0.0016514060
-0.0013520343
-0.0010505245
-0.0009301737
-0.0009735136
-0.0008961438
-0.0006238975
-0.0002268341
0.0001545468
0.0004655384
0.0007684599
0.0011376692
0.0016212582
0.0021341777
0.0025902592
0.0029761953
0.0034067905
0.0039438762
0.0043759824
0.0046166725
0.0049545907
0.0054352951
0.0059842609
0.0066732170
0.0074969604
0.0082239332
0.0087220977
0.0090021607
0.0090975561
0.0091366080
0.0093989597
0.0098877469
0.0103498602
0.0107907316
0.0112251670
0.0114867039
0.0115459773
0.0116251840
0.0117829802
0.0119395172
0.0118856016
0.0115543391
0.0111961887
0.0109338452
0.0108007888
0.0106681274
0.0104439141
0.0101178118
0.0097423041
0.0093710020
0.0089500311
0.0084826011
0.0080912603
0.0078504344
0.0077595607
0.0076851859
0.0074927993
0.0070838690
0.0066480353
0.0064042928
0.0061865821
0.0058481511
0.0053596956
0.0048472139
0.0044665089
0.0041483841
0.0038398721
0.0035171096
0.0031595723
0.0027277335
0.0021666118
0.0014932155
0.0008285103
0.0002339747
-0.0002535110
-0.0006537869
-0.0009922955
-0.0013330779
-0.0017685972
-0.0023399012
-0.0029017867
-0.0033460909
-0.0036566464
-0.0039157258
-0.0041877751
-0.0044497951
-0.0046467091
-0.0047313601
-0.0047325337
-0.0046898802
-0.0046518554
-0.0047012000
-0.0049245294
-0.0052920184
-0.0056893072
-0.0059159270
-0.0059015226
-0.0057966239
-0.0058770141
-0.0061852282
-0.0062944675
-0.0061074749
-0.0058881297
-0.0056778690
-0.0054815525
-0.0053555015
-0.0052800922
-0.0051624508
-0.0049666577
-0.0046850673
-0.0043361486
-0.0040322430
-0.0039749877
-0.0040309912
-0.0039548066
-0.0037584811
-0.0034824468
-0.0032219485
-0.0031328779
-0.0032920362
-0.0034709822
-0.0034759836
-0.0033673312
-0.0032637904
-0.0032849986
-0.0034180444
-0.0035651513
-0.0035704466
-0.0034118907
-0.0031892238
-0.0029477314
-0.0027692233
-0.0027743350
-0.0028754470
-0.0028341392
-0.0026545636
-0.0024335099
-0.0023067272
-0.0023090753
-0.0023535221
-0.0023744645
-0.0022967252
-0.0020623468
-0.0017599029
-0.0016020178
-0.0015874505
-0.0016163711
-0.0016265905
-0.0016386583
-0.0017203448
-0.0018479562
-0.0020078280
-0.0022978889
-0.0026852126
-0.0029782454
-0.0031271654
-0.0031214109
-0.0029472400
-0.0027231905
-0.0027776764
-0.0030361822
-0.0032340352
-0.0032389914
-0.0030456600
-0.0028539384
-0.0028390073
-0.0030112202
-0.0030031893
-0.0026589050
-0.0022251404
-0.0017750356
-0.0014073301
-0.0013174332
-0.0014898823
-0.0014861269
-0.0012179261
-0.0008021141
-0.0004219023
-0.0001603587
0.0001470270
0.0005186183
0.0008861607
0.0012586644
0.0016222483
0.0019063999
0.0021166558
0.0023701469
0.0028147638
0.0034122397
0.0037934204
0.0039222852
0.0040894193
0.0042827368
0.0044146690
0.0045055600
0.0045400969
0.0044994269
0.0044455229
0.0044580203
0.0045136263
0.0045731367
0.0045869098
0.0045862918
0.0046056787
0.0045784773
0.0044664743
0.0043146087
0.0041830099
0.0040867956
0.0038995602
0.0036419869
0.0035488565
0.0036766843
0.0039239913
0.0040760610
0.0040928439
0.0041666607
0.0043464494
0.0046653010
0.0052198419
0.0059472327
0.0064931345
0.0069026787
0.0072989008
0.0075288950
0.0076011793
0.0078850948
0.0083291998
0.0087407307
0.0091525168
0.0095944581
0.0100207292
0.0103472759
0.0105071873
0.0105654319
0.0106380463
0.0108319233
0.0111214592
0.0113932097
0.0116859223
0.0120376450
0.0124009721
0.0127300454
0.0129913519
0.0131663244
0.0132632341
0.0133421528
0.0133927845
0.0133702751
0.0133460374
0.0133963564
0.0134455314
0.0133131333
0.0128642376
0.0123462747
0.0120855196
0.0119462741
0.0117949386
0.0115627996
0.0112691817
0.0109799915
0.0107359601
0.0105687898
0.0104518232
0.0102218571
0.0097840226
0.0092854827
0.0088612856
0.0086090652
0.0085447056
0.0084978268
0.0080861411
0.0074172360
0.0070322505
0.0069066374
0.0068513153
0.0066760778
0.0062873279
0.0057210253
0.0051632812
0.0046752174
0.0040476704
0.0033322684
0.0027512017
0.0022751120
0.0017957229
0.0013044008
0.0008092129
0.0003131683
-0.0001859941
-0.0006917114
-0.0011994527
-0.0016877699
-0.0021227296
-0.0024831836
-0.0028173341
-0.0032756945
-0.0038818366
-0.0044933473
-0.0050159479
-0.0054240511
-0.0058509073
-0.0064085831
-0.0069223857
-0.0072763741
-0.0075211652
-0.0077675900
-0.0081213224
-0.0085081721
-0.0088644378
-0.0091556278
-0.0092964535
-0.0092702817
-0.0092591217
-0.0093618748
-0.0095492007
-0.0097232678
-0.0097901129
-0.0098138486
-0.0098258893
-0.0098142107
-0.0097284857
-0.0095545996
-0.0094042517
-0.0092910216
-0.0090342088
-0.0086796961
-0.0083712969
-0.0081381769
-0.0079871426
-0.0079031772
-0.0080169949
-0.0083939956
-0.0087076209
-0.0087661947
-0.0088299618
-0.0089352168
-0.0090170654
-0.0090968400
-0.0091850505
-0.0092637799
-0.0093377605
-0.0094256912
-0.0095095150
-0.0095782448
-0.0096459787
-0.0097391190
-0.0098548840
-0.0098757638
-0.0097267409
-0.0095164036
-0.0092989802
-0.0090707012
-0.0087668532
-0.0083457094
-0.0078874988
-0.0076315650
-0.0077936005
-0.0079821518
-0.0077497561
-0.0074391784
-0.0072699192
-0.0072031581
-0.0071718820
-0.0070670508
-0.0068294726
-0.0064458927
-0.0060223376
-0.0055823872
-0.0051690505
-0.0048942310
-0.0047728309
-0.0045991587
-0.0042875629
-0.0038615774
-0.0034750874
-0.0032131793
-0.0029434204
-0.0026142525
-0.0022418014
-0.0019224339
-0.0017308127
-0.0016193044
-0.0015470973
-0.0014829641
-0.0014608506
-0.0014890659
-0.0014787519
-0.0013687555
-0.0011349574
-0.0007374105
-0.0002726390
-0.0000581051
-0.0000115693
0.0002526403
0.0005540726
0.0006232022
0.0006600000
0.0007363574
0.0007563021
0.0008355437
0.0010675551
0.0012414288
0.0012856888
0.0013381180
0.0013110541
0.0011454573
0.0010877461
0.0012517593
0.0013629532
0.0013660552
0.0013365584
0.0013250872
0.0013111347
0.0011739303
0.0010367341
0.0011439924
0.0014065457
0.0015738165
0.0013707101
0.0009479409
0.0007692461
0.0008450586
0.0010021643
0.0009825626
0.0008018119
0.0007160388
0.0007096291
0.0007314664
0.0007945690
0.0008919094
0.0009713746
0.0009543752
0.0007898078
0.0005380863
0.0003047665
0.0002311161
0.0003543560
0.0005831506
0.0007092158
0.0006814909
0.0006022361
0.0004760910
0.0003093961
0.0001588389
0.0001026911
0.0002023623
0.0003069275
0.0002718918
0.0002999257
0.0004510609
0.0005538570
0.0006711688
0.0008820728
0.0010331474
0.0010763029
0.0012284680
0.0015311441
0.0018980587
0.0021992155
0.0023413078
0.0023900474
0.0023702638
0.0023563615
0.0024386603
0.0026616391
0.0029397358
0.0031554030
0.0032056150
0.0031805888
0.0031678420
0.0031539224
0.0030635959
0.0028340141
0.0025805559
0.0024477908
0.0023587087
0.0022087797
0.0019197311
0.0015100429
0.0010874399
0.0007742882
0.0006080855
0.0005296054
0.0005078289
0.0004763034
0.0003433186
0.0001301422
-0.0000377184
-0.0001142623
-0.0001392725
-0.0002573764
-0.0005313231
-0.0008509670
-0.0011119015
-0.0012067027
-0.0011182173
-0.0008940764
-0.0007586647
-0.0010013223
-0.0017082086
-0.0023751747
-0.0027299112
-0.0028566362
-0.0028161432
-0.0029006246
-0.0031000266
-0.0035117682
-0.0038416728
-0.0039907484
-0.0039729268
-0.0039181389
-0.0039109458
-0.0040123129
-0.0043207509
-0.0047695956
-0.0049476428
-0.0048892912
-0.0050220843
-0.0052805078
-0.0054105849
-0.0053125501
-0.0050654365
-0.0049049655
-0.0048419499
-0.0047949501
-0.0047117156
-0.0045613759
-0.0043514517
-0.0041187968
-0.0039222778
-0.0037850816
-0.0036693299
-0.0034674317
-0.0032067219
-0.0029901881
-0.0028947738
-0.0028871420
-0.0027833651
-0.0026448833
-0.0025949265
-0.0025842701
-0.0025995543
-0.0026578302
-0.0027489508
-0.0028474547
-0.0029458343
-0.0030135691
-0.0030038501
-0.0029574536
-0.0029659965
-0.0030790373
-0.0032399848
-0.0032533629
-0.0030716211
-0.0028212977
-0.0027929186
-0.0030311626
-0.0031971281
-0.0032027904
-0.0030929610
-0.0029749945
-0.0029067462
-0.0028876803
-0.0029824008
-0.0031843376
-0.0032843493
-0.0031766433
-0.0029638147
-0.0027711919
-0.0026853937
-0.0025801789
-0.0024186528
-0.0023002180
-0.0021974641
-0.0020205831
-0.0017149475
-0.0013657943
-0.0012369327
-0.0012963378
-0.0013175805
-0.0010653478
-0.0004981894
0.0000184768
0.0004164129
0.0007798353
0.0012210692
0.0017818954
0.0023136356
0.0027998122
0.0032579026
0.0036642922
0.0039787093
0.0041941436
0.0044151570
0.0048066723
0.0052537500
0.0056388121
0.0059893158
0.0063770971
0.0068520931
0.0072894115
0.0075422187
0.0075940537
0.0075894926
0.0077967115
0.0081841422
0.0085335867
0.0086216655
0.0085053985
0.0084740335
0.0084689802
0.0083636675
0.0082391951
0.0081696473
0.0081836245
0.0081406032
0.0079367158
0.0077931519
0.0077958893
0.0078005500
0.0077260937
0.0075623866
0.0074350246
0.0073934789
0.0073682660
0.0073521283
0.0073503753
0.0073455492
0.0073270684
0.0072894444
0.0072444223
0.0072081851
0.0071827960
0.0071573385
0.0071139707
0.0070741649
0.0070741204
0.0071129477
0.0071296170
0.0070036879
0.0067904494
0.0066070995
0.0064584066
0.0063089887
0.0061068346
0.0057917476
0.0053700540
0.0049941134
0.0047874731
0.0047012452
0.0047019826
0.0047034353
0.0045590953
0.0042144144
0.0038436044
0.0035464310
0.0033844144
0.0032764179
0.0031461194
0.0030115042
0.0028688967
0.0027542370
0.0027960996
0.0029511880
0.0028651116
0.0025626841
0.0023316876
0.0022435511
0.0022673560
0.0022694242
0.0022111088
0.0021149916
0.0020475746
0.0020201971
0.0019317092
0.0018200404
0.0017979145
0.0018328136
0.0019090624
0.0020724073
0.0023130159
0.0025156177
0.0025287670
0.0022918431
0.0019881860
0.0017376601
0.0016042572
0.0016271246
0.0017889215
0.0019526088
0.0020312592
0.0020035121
0.0019101150
0.0018307692
0.0017966784
0.0017695832
0.0016690267
0.0014921670
0.0012893323
0.0011278029
0.0010509500
0.0010284241
0.0008808934
0.0004935438
0.0001194143
-0.0000845271
-0.0001440964
-0.0001926376
-0.0003483062
-0.0004787587
-0.0005318946
-0.0006021747
-0.0007051325
-0.0008544953
-0.0011134150
-0.0014606284
-0.0017305847
-0.0019621714
-0.0022171324
-0.0023828386
-0.0024172521
-0.0024351271
-0.0025425582
-0.0027995381
-0.0031195007
-0.0034545079
-0.0037762721
-0.0039929746
-0.0041027431
-0.0043548656
-0.0048096417
-0.0052144948
-0.0054735182
-0.0056100626
-0.0057922364
-0.0060465786
-0.0062257649
-0.0063225956
-0.0064136446
-0.0065821507
-0.0068286479
-0.0070229752
-0.0070805177
-0.0069986346
-0.0069284061
-0.0069707575
-0.0071269727
-0.0072795855
-0.0072917299
-0.0072035293
-0.0070011949
-0.0066640092
-0.0062635206
-0.0059508540
-0.0058507378
-0.0059434098
-0.0059551032
-0.0058356824
-0.0056581339
-0.0055248429
-0.0054833705
-0.0054294434
-0.0053420700
-0.0052219274
-0.0050093177
-0.0047290384
-0.0045728627
-0.0045033436
-0.0043643286
-0.0041877578
-0.0040614410
-0.0040433208
-0.0040580148
-0.0039294389
-0.0036903093
-0.0034112628
-0.0031432306
-0.0028816583
-0.0025952376
-0.0023059528
-0.0020611197
-0.0018800257
-0.0017725106
-0.0016956314
-0.0015797956
-0.0013637590
-0.0010836343
-0.0008107993
-0.0006509531
-0.0004837860
-0.0001812593
0.0000981841
0.0002431735
0.0003571682
0.0004557019
0.0005505225
0.0007477862
0.0010618524
0.0013053605
0.0014040092
0.0014209674
0.0014003369
0.0013779436
0.0013850610
0.0014276667
0.0014885400
0.0015667698
0.0016460951
0.0016826648
0.0017011102
0.0017663932
0.0018170175
0.0017879306
0.0017502778
0.0017340652
0.0017026245
0.0015785990
0.0013400504
0.0011435554
0.0010543573
0.0010276151
0.0010150255
0.0009733835
0.0008793165
0.0007587852
0.0006674102
0.0005740557
0.0004560188
0.0003537490
0.0002819899
0.0002274464
0.0001845637
0.0001492359
0.0001116420
0.0000580464
-0.0000148595
-0.0000650239
-0.0000714149
-0.0000761487
-0.0001059666
-0.0001605871
-0.0002149618
-0.0002480780
-0.0002640512
-0.0002850022
-0.0003325694
-0.0003672287
-0.0003610450
-0.0003425889
-0.0003287715
-0.0003251911
-0.0003365446
-0.0003484806
-0.0003239094
-0.0002856423
-0.0002948101
-0.0003190527
-0.0003137858
-0.0002684065
-0.0002002148
-0.0001476671
-0.0001020866
-0.0000490513
0.0000084917
0.0000646432
0.0001136161
0.0001655141
0.0002202396
0.0002571449
0.0002787980
0.0003127378
0.0003750675
0.0004606621
0.0005282082
0.0005675095
0.0005984664
0.0006275072
0.0006568925
0.0006843623
0.0006988705
0.0006918896
0.0006822709
0.0006911531
0.0007054642
0.0007166165
0.0007232013
0.0007240645
0.0007210418
0.0007182969
0.0007173986
0.0007183302
0.0007194161
0.0007152330
0.0006976364
0.0006643155
0.0006297025
0.0005983184
0.0005674096
0.0005377263
0.0005123919
0.0004948890
0.0004857330
0.0004807310
0.0004750467
0.0004675033
0.0004667354
0.0004710613
0.0004691865
0.0004626707
0.0004517857
0.0004263708
0.0003954157
0.0003841955
0.0003915687
0.0004031157
0.0004044596
0.0004008999
0.0004106498
0.0004339736
0.0004599131
0.0004749133
0.0004759870
0.0004743003
0.0004710116
0.0004690614
0.0004798399
0.0005049630
0.0005284250
0.0005423751
0.0005425156
0.0005307868
0.0005145848
0.0005065455
0.0005068733
0.0005098163
0.0005097689
0.0005038342
0.0004953372
0.0004865962
0.0004782030
0.0004670549
0.0004515377
0.0004346993
0.0004177972
0.0004023074
0.0003894603
0.0003793315
0.0003701324
0.0003604711
0.0003505378
0.0003404829
0.0003303876
0.0003201616
0.0003098629
0.0002996825
0.0002900686
0.0002813040
0.0002729912
0.0002634664
0.0002522278
0.0002410814
0.0002301378
0.0002185123
0.0002073826
0.0001973816
0.0001862863
0.0001739137
0.0001627315
0.0001523690
0.0001417300
0.0001307149
0.0001196724
0.0001095673
0.0001011295
0.0000941824
0.0000869653
0.0000783549
0.0000683274
0.0000580276
0.0000487749
0.0000403470
0.0000323482
0.0000244694
0.0000169870
0.0000101421
0.0000035571
-0.0000029447
-0.0000092046
-0.0000150779
-0.0000203660
-0.0000249996
-0.0000294369
-0.0000343270
-0.0000392398
-0.0000436010
-0.0000475262
-0.0000511705
-0.0000546731
-0.0000581422
-0.0000616242
-0.0000650508
-0.0000683571
-0.0000715196
-0.0000745793
-0.0000775969
-0.0000805831
-0.0000834859
-0.0000862748
-0.0000891058
-0.0000920800
-0.0000950518
-0.0000980073
-0.0001009985
-0.0001039293
-0.0001067525
-0.0001095921
-0.0001124599
-0.0001152883
-0.0001181481
-0.0001210851
-0.0001240245
-0.0001269301
-0.0001298064
-0.0001326853
-0.0001355928
-0.0001385161
-0.0001414479
-0.0001443835
-0.0001473177
-0.0001502497
-0.0001531874
-0.0001561295
-0.0001590681
-0.0001620042
-0.0001649402
-0.0001678751
-0.0001708088
-0.0001737415
-0.0001766738
-0.0001796061
-0.0001825387
-0.0001854712
-0.0001884038
-0.0001913365
-0.0001942693
-0.0001972020
-0.0002001345
-0.0002030667
0.0000000000
0.0000000000
0.0000000000
0.0000000000
0.0000000000
0.0000000000
0.0000000000
0.0000000000
0.0000000000
0.0000000000
0.0000000000
0.0000000000
0.0000000000
0.0000000000
0.0000000000
0.0000000000
0.0000000000
0.0000000000
0.0000000000
0.0000000000
0.0000000000
0.0000000000
0.0000000000
0.0000000000
0.0000000000
0.0000000000
0.0000000000
0.0000000000
0.0000000000
0.0000000000
0.0000000000
0.0000000000
0.0000000000
0.0000000000
0.0000000000
0.0000000000
0.0000000000
0.0000000000
0.0000000000
0.0000000000
0.0000000000
0.0000000000
0.0000000000
0.0000000000
0.0000000000
0.0000000000
0.0000000000
0.0000000000
0.0000000000
0.0000000000
0.0000000000
0.0000000000
0.0000000000
0.0000000000
0.0000000000
0.0000000000
0.0000000000
0.0000000000
0.0000000000
0.0000000000
0.0000000000
0.0000000000
0.0000000000
0.0000000000
0.0000000000
0.0000000000
0.0000000000
0.0000000000
0.0000000000
0.0000000000
0.0000000000
0.0000000000
0.0000000000
0.0000000000
0.0000000000
0.0000000000
0.0000000000
0.0000000000
0.0000000000
0.0000000000
0.0000000000
0.0000000000
0.0000000000
0.0000000000
0.0000000000
0.0000000000
0.0000000000
0.0000000000
0.0000000000
0.0000000000
0.0000000000
0.0000000000
0.0000000000
0.0000000000
0.0000000000
0.0000000000
0.0000000000
0.0000000000
0.0000000000
0.0000000000
0.0000000000
0.0000000000
0.0000000000
0.0000000000
0.0000000000
0.0000000000
0.0000000000
0.0000000000
0.0000000000
0.0000000000
0.0000000000
0.0000000000
0.0000000000
0.0000000000
0.0000000000
0.0000000000
0.0000000000
0.0000000000
0.0000000000
0.0000000000
0.0000000000
0.0000000000
0.0000000000
0.0000000000
0.0000000000
0.0000000000
0.0000000000
0.0000000000
0.0000000000
0.0000000000
0.0000000000
0.0000000000
0.0000000000
0.0000000000
0.0000000000
0.0000000000
0.0000000000
0.0000000000
0.0000000000
0.0000000000
0.0000000000
0.0000000000
0.0000000000
0.0000000000
0.0000000000
0.0000000000
0.0000000000
0.0000000000
0.0000000000
0.0000000000
0.0000000000
0.0000000000
0.0000000000
0.0000000000
0.0000000000
0.0000000000
0.0000000000
0.0000000000
0.0000000000
0.0000000000
0.0000000000
0.0000000000
0.0000000000
0.0000000000
0.0000000000
0.0000000000
0.0000000000
0.0000000000
0.0000000000
0.0000000000
0.0000000000
0.0000000000
0.0000000000
0.0000000000
0.0000000000
0.0000000000
0.0000000000
0.0000000000
0.0000000000
0.0000000000
0.0000000000
0.0000000000
0.0000000000
0.0000000000
0.0000000000
0.0000000000
0.0000000000
0.0000000000
0.0000000000
0.0000000000
0.0000000000
0.0000000000
0.0000000000
0.0000000000
0.0000000000
0.0000000000
0.0000000000
0.0000000000
0.0000000000
0.0000000000
0.0000000000
0.0000000000
0.0000000000
0.0000000000
0.0000000000
0.0000000000
0.0000000000
0.0000000000
0.0000000000
0.0000000000
0.0000000000
0.0000000000
0.0000000000
0.0000000000
0.0000000000
0.0000000000
0.0000000000
0.0000000000
0.0000000000
0.0000000000
0.0000000000
0.0000000000
0.0000000000
0.0000000000
0.0000000000
0.0000000000
0.0000000000
0.0000000000
0.0000000000
0.0000000000
0.0000000000
0.0000000000
0.0000000000
0.0000000000
0.0000000000
0.0000000000
0.0000000000
0.0000000000
0.0000000000
0.0000000000
0.0000000000
0.0000000000
0.0000000000
0.0000000000
0.0000000000
0.0000000000
0.0000000000
0.0000000000
0.0000000000
0.0000000000
0.0000000000
0.0000000000
0.0000000000
0.0000000000
0.0000000000
0.0000000000
0.0000000000
0.0000000000
0.0000000000
0.0000000000
0.0000000000
0.0000000000
0.0000000000
0.0000000000
0.0000000000
0.0000000000
0.0000000000
0.0000000000
0.0000000000
0.0000000000
0.0000000000
0.0000000000
0.0000000000
0.0000000000
0.0000000000
0.0000000000
0.0000000000
0.0000000000
0.0000000000
0.0000000000
0.0000000000
0.0000000000
0.0000000000
0.0000000000
0.0000000000
0.0000000000
0.0000000000
0.0000000000
0.0000000000
0.0000000000
0.0000000000
0.0000000000
0.0000000000
0.0000000000
0.0000000000
0.0000000000
0.0000000000
0.0000000000
0.0000000000
0.0000000000
0.0000000000
0.0000000000
0.0000000000
0.0000000000
0.0000000000
0.0000000000
0.0000000000
0.0000000000
0.0000000000
0.0000000000
0.0000000000
0.0000000000
0.0000000000
0.0000000000
0.0000000000
0.0000000000
0.0000000000
0.0000000000
0.0000000000
0.0000000000
0.0000000000
0.0000000000
0.0000000000
0.0000000000
0.0000000000
0.0000000000
0.0000000000
0.0000000000
0.0000000000
0.0000000000
0.0000000000
0.0000000000
0.0000000000
0.0000000000
0.0000000000
0.0000000000
0.0000000000
0.0000000000
0.0000000000
0.0000000000
0.0000000000
0.0000000000
0.0000000000
0.0000000000
0.0000000000
0.0000000000
0.0000000000
0.0000000000
0.0000000000
0.0000000000
0.0000000000
0.0000000000
0.0000000000
0.0000000000
0.0000000000
0.0000000000
0.0000000000
0.0000000000
0.0000000000
0.0000000000
0.0000000000
0.0000000000
0.0000000000
0.0000000000
0.0000000000
0.0000000000
0.0000000000
0.0000000000
0.0000000000
0.0000000000
0.0000000000
0.0000000000
0.0000000000
0.0000000000
0.0000000000
0.0000000000
0.0000000000
0.0000000000
0.0000000000
0.0000000000
0.0000000000
0.0000000000
0.0000000000
0.0000000000
0.0000000000
0.0000000000
0.0000000000
0.0000000000
0.0000000000
0.0000000000
0.0000000000
0.0000000000
0.0000000000
0.0000000000
0.0000000000
0.0000000000
0.0000000000
0.0000000000
0.0000000000
0.0000000000
0.0000000000
0.0000000000
0.0000000000
0.0000000000
0.0000000000
0.0000000000
0.0000000000
0.0000000000
0.0000000000
0.0000000000
0.0000000000
0.0000000000
0.0000000000
0.0000000000
0.0000000000
0.0000000000
0.0000000000
0.0000000000
0.0000000000
0.0000000000
0.0000000000
0.0000000000
0.0000000000
0.0000000000
0.0000000000
0.0000000000
0.0000000000
0.0000000000
0.0000000000
0.0000000000
0.0000000000
0.0000000000
0.0000000000
0.0000000000
0.0000000000
0.0000000000
0.0000000000
0.0000000000
0.0000000000
0.0000000000
0.0000000000
0.0000000000
0.0000000000
0.0000000000
0.0000000000
0.0000000000
0.0000000000
0.0000000000
0.0000000000
0.0000000000
0.0000000000
0.0000000000
0.0000000000
0.0000000000
0.0000000000
0.0000000000
0.0000000000
0.0000000000
0.0000000000
0.0000000000
0.0000000000
0.0000000000
0.0000000000
0.0000000000
0.0000000000
0.0000000000
0.0000000000
0.0000000000
0.0000000000
0.0000000000
0.0000000000
0.0000000000
0.0000000000
0.0000000000
0.0000000000
0.0000000000
0.0000000000
0.0000000000
0.0000000000
0.0000000000
0.0000000000
0.0000000000
0.0000000000
0.0000000000
0.0000000000
0.0000000000
0.0000000000
0.0000000000
0.0000000000
0.0000000000
0.0000000000
0.0000000000
0.0000000000
0.0000000000
0.0000000000
0.0000000000
0.0000000000
0.0000000000
0.0000000000
0.0000000000
0.0000000000
0.0000000000
0.0000000000
0.0000000000
0.0000000000
0.0000000000
0.0000000000
0.0000000000
0.0000000000
0.0000000000
0.0000000000
0.0000000000
0.0000000000
0.0000000000
0.0000000000
0.0000000000
0.0000000000
0.0000000000
0.0000000000
0.0000000000
0.0000000000
0.0000000000
0.0000000000
0.0000000000
0.0000000000
0.0000000000
0.0000000000
0.0000000000
0.0000000000
0.0000000000
0.0000000000
0.0000000000
0.0000000000
0.0000000000
0.0000000000
0.0000000000
0.0000000000
0.0000000000
0.0000000000
0.0000000000
0.0000000000
0.0000000000
0.0000000000
0.0000000000
0.0000000000
0.0000000000
0.0000000000
0.0000000000
0.0000000000
0.0000000000
0.0000000000
0.0000000000
0.0000000000
0.0000000000
0.0000000000
0.0000000000
0.0000000000
0.0000000000
