-0.0037557971
-0.0046062523
-0.0057244571
-0.0063839672
-0.0061716332
-0.0059904437
-0.0059557313
-0.0059419631
-0.0046193308
-0.0016642132
0.0024030001
0.0073836631
0.0103291709
0.0109994459
0.0085639889
0.0056148190
0.0035506798
0.0023294301
0.0015916680
0.0017536233
0.0019660688
0.0022417371
0.0012537983
-0.0015787968
-0.0043205441
-0.0062099035
-0.0074510297
-0.0060336073
-0.0022046662
0.0015704585
0.0040722689
0.0052245887
0.0047819652
0.0033757853
0.0027425526
0.0027212399
0.0019133379
-0.0006738783
-0.0043582606
-0.0075508419
-0.0097194874
-0.0108146648
-0.0092744889
-0.0057187167
-0.0017081092
0.0023395061
0.0058815854
0.0088783339
0.0106109345
0.0095590133
0.0069816930
0.0047498696
0.0027801732
0.0007978407
-0.0012894741
-0.0031892527
-0.0041104671
-0.0041720654
-0.0044575926
-0.0054365082
-0.0058541259
-0.0054791623
-0.0040769468
-0.0008638254
0.0035420212
0.0075938761
0.0090495893
0.0065156178
0.0032942391
0.0031368905
0.0048563750
0.0065640795
0.0063073832
0.0024994788
-0.0017192715
-0.0023797679
-0.0007073843
-0.0010564868
-0.0059746879
-0.0151234609
-0.0226943588
-0.0221735799
-0.0149671650
-0.0062104540
0.0006036236
0.0051877243
0.0087323195
0.0116240152
0.0157482268
0.0208604910
0.0223055852
0.0173622660
0.0099538330
0.0045041144
0.0011900675
0.0017081313
0.0075422758
0.0114811467
0.0075012627
-0.0046449487
-0.0173936267
-0.0236787740
-0.0232054049
-0.0183856773
-0.0151135398
-0.0148221583
-0.0118390347
-0.0063623694
-0.0018039996
0.0028828543
0.0073601351
0.0102340646
0.0123004755
0.0138856772
0.0121934655
0.0054399728
-0.0015683351
-0.0058418192
-0.0072573843
-0.0077573404
-0.0074695734
-0.0062675056
-0.0037148241
0.0003980998
0.0039437217
0.0049835131
0.0029484719
0.0009994337
0.0021821590
0.0053579720
0.0050908606
-0.0014848391
-0.0104658623
-0.0133612609
-0.0040596680
0.0124432129
0.0236338219
0.0244346111
0.0180429290
0.0100313174
0.0027376305
-0.0038003207
-0.0077042106
-0.0095092277
-0.0113506571
-0.0142341521
-0.0162183925
-0.0138633200
-0.0091977501
-0.0059675260
-0.0063765760
-0.0096441495
-0.0099131574
-0.0066044643
-0.0027720741
-0.0001198750
0.0028102666
0.0061638348
0.0096246268
0.0102590270
0.0072427526
0.0058094581
0.0078719768
0.0103385513
0.0119913491
0.0135906009
0.0139893365
0.0113819195
0.0060042062
-0.0031951422
-0.0129129772
-0.0160423528
-0.0118397884
-0.0057909898
-0.0018597830
0.0018437986
0.0056964659
0.0053869381
-0.0027458230
-0.0108401598
-0.0125916850
-0.0078183726
0.0010185385
0.0105635247
0.0158310772
0.0156185810
0.0092742841
0.0011599167
-0.0044609638
-0.0051500209
0.0011172545
0.0086770368
0.0110736779
0.0060101678
-0.0061113121
-0.0184804314
-0.0230689840
-0.0156891099
-0.0018142943
0.0089048447
0.0130304408
0.0116384667
0.0089267186
0.0084747975
0.0100962918
0.0085437944
0.0022797125
-0.0033103718
-0.0050999231
-0.0065271306
-0.0104292419
-0.0140516648
-0.0154940718
-0.0139177999
-0.0110682873
-0.0085113277
-0.0040432299
0.0010591559
0.0019267097
-0.0018395820
-0.0062509953
-0.0085059698
-0.0058201542
0.0028978515
0.0134909723
0.0220591311
0.0245219920
0.0198079309
0.0121672987
0.0042432047
-0.0020613439
-0.0051850986
-0.0036016222
0.0009617360
0.0044225682
0.0053995291
0.0040071871
0.0008039087
-0.0044118721
-0.0079978827
-0.0058128293
0.0027198357
0.0131291027
0.0189036298
0.0177382921
0.0092580466
-0.0002591623
-0.0072876506
-0.0135300749
-0.0183905191
-0.0205440487
-0.0153437154
-0.0032433811
0.0103978156
0.0198762888
0.0226177674
0.0196023245
0.0109420495
-0.0042332574
-0.0225804343
-0.0310530689
-0.0322737058
-0.0280831270
-0.0244713298
-0.0246258479
-0.0239398761
-0.0149106779
0.0028368004
0.0205042252
0.0289307116
0.0255230052
0.0174932390
0.0135239470
0.0123295506
0.0096701933
0.0064601408
0.0073678745
0.0126553978
0.0168865621
0.0152198617
0.0068634773
-0.0050146952
-0.0133248946
-0.0157083704
-0.0106110902
-0.0034275208
-0.0014618412
-0.0020455791
-0.0026205626
-0.0047990768
-0.0091014394
-0.0121877308
-0.0090274532
-0.0005197991
0.0057611119
0.0082356511
0.0062179428
0.0002379273
-0.0050366470
-0.0105536773
-0.0183446495
-0.0252178357
-0.0256091162
-0.0159483606
-0.0012524834
0.0082520115
0.0093819577
0.0058421075
0.0045972029
0.0056070484
0.0046513158
0.0012007636
-0.0041541059
-0.0095293402
-0.0086898416
0.0006594836
0.0129945742
0.0225489015
0.0249577658
0.0216894542
0.0157094764
0.0095419566
0.0039487387
-0.0029296022
-0.0102543573
-0.0154268362
-0.0150143946
-0.0092885308
-0.0030619450
-0.0002227989
-0.0020707734
-0.0041448992
-0.0023196418
0.0050583529
0.0145367163
0.0211001453
0.0189783451
0.0060124413
-0.0102760510
-0.0252409712
-0.0382517420
-0.0457569608
-0.0404195019
-0.0221386063
-0.0023286994
0.0114198834
0.0194966498
0.0246803606
0.0246281664
0.0164684349
0.0026355057
-0.0094211914
-0.0132675964
-0.0105466318
-0.0042966696
-0.0004040521
0.0012220124
-0.0017931061
-0.0114334174
-0.0202252061
-0.0217538879
-0.0114583635
0.0060446303
0.0207712013
0.0234206211
0.0157175787
0.0078829858
0.0045511818
0.0008983927
-0.0035005902
-0.0086225732
-0.0109626782
-0.0097692239
-0.0084658595
-0.0063205223
-0.0028987231
-0.0000043726
0.0015900967
0.0034928057
0.0060076282
0.0079852860
0.0081740347
0.0048433817
0.0003099224
-0.0025333579
0.0016022027
0.0056300275
0.0018312273
-0.0056356139
-0.0085560995
-0.0126368173
-0.0225669085
-0.0309205967
-0.0305600544
-0.0206770617
-0.0043935996
0.0142253042
0.0256620395
0.0275797408
0.0202859368
0.0082047491
-0.0005819002
-0.0022831304
-0.0000328673
0.0035441021
0.0035707087
0.0028076704
0.0029916479
0.0059045489
0.0093341710
0.0104439802
0.0062719655
-0.0000268520
-0.0044916012
-0.0095945277
-0.0134711137
-0.0138275025
-0.0100561897
-0.0057296282
-0.0025288225
-0.0006628639
0.0036929158
0.0139612364
0.0258855629
0.0334429513
0.0317026498
0.0208526427
0.0094287367
0.0024878184
-0.0008565078
-0.0075280365
-0.0195581015
-0.0292018332
-0.0325466707
-0.0300965327
-0.0220222978
-0.0115601877
-0.0039646624
-0.0010989328
-0.0017065420
-0.0031471475
-0.0041733566
-0.0043409278
-0.0048972595
-0.0081000486
-0.0101325599
-0.0076635751
-0.0017583266
0.0042795441
0.0082673314
0.0070585982
0.0019227937
-0.0013749944
-0.0007341466
-0.0011619149
-0.0047417001
-0.0105156479
-0.0184138512
-0.0236694182
-0.0258432242
-0.0224547454
-0.0109084604
0.0024222279
0.0100455067
0.0065783082
-0.0028523136
-0.0084076110
-0.0044247154
0.0065422670
0.0169457691
0.0249138869
0.0292064128
0.0265189062
0.0192845632
0.0142772690
0.0158773647
0.0229261810
0.0301626131
0.0325426809
0.0273694401
0.0176182642
0.0097159892
0.0059300135
0.0000106474
-0.0081898872
-0.0136652261
-0.0149577682
-0.0139200364
-0.0169659635
-0.0256941704
-0.0342491640
-0.0384627882
-0.0355140647
-0.0230737274
-0.0057888909
0.0107505014
0.0229306705
0.0287944545
0.0283240102
0.0236916689
0.0204435681
0.0196363806
0.0196297856
0.0214869282
0.0219919201
0.0149477079
0.0022460595
-0.0084391357
-0.0115391166
-0.0056320133
0.0020748320
0.0037465109
-0.0040887079
-0.0162619929
-0.0218694263
-0.0184652672
-0.0103070922
-0.0052258389
-0.0065670050
-0.0105017371
-0.0109216011
-0.0071716510
-0.0018212767
0.0035664126
0.0072597741
0.0045535215
-0.0031198067
-0.0068654444
-0.0038922640
0.0033880659
0.0076037447
0.0033850297
-0.0050811435
-0.0101497231
-0.0071728749
0.0009603097
0.0050529295
0.0038838290
-0.0011893482
-0.0097147686
-0.0151567797
-0.0146465691
-0.0117901339
-0.0072946789
-0.0014476354
0.0052766928
0.0115563618
0.0151066418
0.0197052465
0.0264373092
0.0283293435
0.0221141026
0.0103098859
-0.0013303881
-0.0084178844
-0.0087028840
-0.0040350898
0.0021994910
0.0068169277
0.0105305664
0.0115427295
0.0085806933
0.0021740002
-0.0051950238
-0.0127259596
-0.0216873651
-0.0308591286
-0.0350536890
-0.0306502453
-0.0153068821
0.0058121256
0.0228746094
0.0266731950
0.0221092772
0.0200631426
0.0260426698
0.0341495845
0.0355061262
0.0316031604
0.0255442318
0.0182244250
0.0046843495
-0.0086410800
-0.0161311428
-0.0138068493
-0.0058981555
-0.0014884503
-0.0032898734
-0.0038925228
0.0040951488
0.0150567251
0.0176847625
0.0047114682
-0.0121284173
-0.0187328004
-0.0158490351
-0.0114214400
-0.0107542044
-0.0124034548
-0.0111774191
-0.0077020838
-0.0054029503
-0.0062432755
-0.0074064389
-0.0076827930
-0.0060038760
-0.0053614620
-0.0058957617
-0.0039974823
0.0035574402
0.0129259705
0.0180416592
0.0169077970
0.0144274042
0.0184840935
0.0267062762
0.0322255423
0.0296397206
0.0201673099
0.0116182231
0.0035947635
-0.0039085408
-0.0097396491
-0.0159050388
-0.0220627112
-0.0266608080
-0.0288375141
-0.0307446635
-0.0341715649
-0.0340875184
-0.0233626758
-0.0056749902
0.0086039354
0.0151000796
0.0175327676
0.0200007898
0.0198669330
0.0191229094
0.0171046456
0.0120689973
0.0056719229
-0.0018681827
-0.0084933862
-0.0108000167
-0.0090199735
-0.0051769807
-0.0008030637
0.0048068449
0.0104819769
0.0153567087
0.0195527846
0.0227977067
0.0243379318
0.0209922014
0.0156703901
0.0101139548
0.0060052663
0.0039212465
0.0021037350
-0.0002703969
-0.0009247011
0.0004155452
-0.0009317237
-0.0077460717
-0.0141916741
-0.0177376940
-0.0176936431
-0.0147624270
-0.0094561405
-0.0048256786
-0.0021994624
-0.0017998305
-0.0018253607
-0.0033665664
-0.0072971391
-0.0125339609
-0.0144889215
-0.0110999839
-0.0041761936
0.0025554751
0.0066691864
0.0085327428
0.0110528936
0.0199831268
0.0383847303
0.0576528840
0.0674610221
0.0694287466
0.0687737259
0.0671566555
0.0631796462
0.0595147699
0.0568456801
0.0534072354
0.0504766501
0.0474387927
0.0424971529
0.0346636537
0.0266383196
0.0216654666
0.0181845441
0.0127651196
0.0031546714
-0.0077963185
-0.0180953363
-0.0281559990
-0.0376809973
-0.0450922730
-0.0499940728
-0.0535841518
-0.0543676222
-0.0520045947
-0.0495101355
-0.0483187457
-0.0476992312
-0.0470200674
-0.0482281944
-0.0512359773
-0.0514631626
-0.0469691021
-0.0392723515
-0.0301663817
-0.0181876490
-0.0057043373
0.0042187084
0.0128378769
0.0218835010
0.0351741510
0.0483390958
0.0594540883
0.0710965530
0.0809795702
0.0906082114
0.0973279199
0.1006349737
0.1030913216
0.1000289768
0.0894079328
0.0764796684
0.0629241723
0.0546055478
0.0525743399
0.0540076205
0.0579298632
0.0604664481
0.0586932702
0.0494992804
0.0319313016
0.0136707806
-0.0012557703
-0.0124544284
-0.0210285022
-0.0290786512
-0.0384540796
-0.0515147178
-0.0688260103
-0.0859866760
-0.1031076246
-0.1224171093
-0.1427562234
-0.1616345385
-0.1803794802
-0.1984972884
-0.2082406732
-0.2040640708
-0.1892289028
-0.1680376081
-0.1431790367
-0.1190056015
-0.0990162238
-0.0867312075
-0.0725649055
-0.0492022871
-0.0199277703
0.0047060407
0.0200096131
0.0289603930
0.0346710843
0.0369203921
0.0372671957
0.0363443305
0.0350994603
0.0379353488
0.0447619199
0.0543798945
0.0654942726
0.0747399158
0.0798071051
0.0810917907
0.0775309997
0.0720427749
0.0665410489
0.0596083607
0.0452874996
0.0267327624
0.0103344223
-0.0025889258
-0.0143212544
-0.0255463455
-0.0400337268
-0.0549547600
-0.0673087405
-0.0741913809
-0.0746212888
-0.0733697254
-0.0725351177
-0.0714787070
-0.0699482310
-0.0686813313
-0.0662946604
-0.0600275857
-0.0504553251
-0.0331459989
-0.0154794155
-0.0012693042
0.0125838038
0.0253202498
0.0447149279
0.0682174082
0.0903993034
0.1093000659
0.1223201105
0.1275517390
0.1269856394
0.1230103259
0.1185286360
0.1151459657
0.1079841915
0.0956168409
0.0822182223
0.0677613498
0.0519305675
0.0305252036
0.0036572917
-0.0227348869
-0.0449164872
-0.0642717187
-0.0820703483
-0.0994739371
-0.1164241546
-0.1260228605
-0.1282150013
-0.1308261049
-0.1350107359
-0.1361489975
-0.1328268695
-0.1258645001
-0.1141147797
-0.0918467488
-0.0551565241
-0.0102926079
0.0376933597
0.0663039752
0.0786703509
0.0916070372
0.1028650456
0.1091895495
0.1093518423
0.1081827770
0.1056286110
0.1019084110
0.0968351429
0.0942390315
0.0963112346
0.0999035501
0.0999310768
0.0904809823
0.0756330505
0.0598494569
0.0489323288
0.0440476268
0.0409515045
0.0378789765
0.0323987720
0.0223480139
0.0069683074
-0.0117796065
-0.0302909891
-0.0446116209
-0.0530404095
-0.0550382576
-0.0558638373
-0.0560551642
-0.0544606231
-0.0509951105
-0.0460380362
-0.0401606117
-0.0347749730
-0.0308166425
-0.0262624164
-0.0191353128
-0.0141478690
-0.0122722197
-0.0110312409
-0.0102274942
-0.0130578528
-0.0179552860
-0.0181536912
-0.0150564219
-0.0107016661
-0.0066688521
-0.0057037105
-0.0116846231
-0.0194043862
-0.0238932364
-0.0278732851
-0.0352153100
-0.0408214244
-0.0458112768
-0.0540073829
-0.0669722103
-0.0789988198
-0.0857161607
-0.0883816623
-0.0895649824
-0.0912746687
-0.0935662660
-0.0944385182
-0.0896895079
-0.0813636250
-0.0716702470
-0.0619550196
-0.0530552214
-0.0467559176
-0.0426459527
-0.0338628071
-0.0193029389
0.0023941449
0.0295661605
0.0566797744
0.0863119989
0.1142180867
0.1381739300
0.1550971943
0.1650307264
0.1666556206
0.1623321272
0.1543962467
0.1401180028
0.1241847163
0.1080862697
0.0951795269
0.0807524914
0.0647828222
0.0499434106
0.0391241252
0.0351856532
0.0371285627
0.0433578947
0.0523729445
0.0595409203
0.0609025823
0.0589529468
0.0555643534
0.0484407562
0.0369826385
0.0214631126
0.0004922247
-0.0192545788
-0.0369354826
-0.0569895316
-0.0741829836
-0.0865232827
-0.0948863185
-0.0994407576
-0.0952413801
-0.0828931179
-0.0601718551
-0.0275712616
0.0067653586
0.0348649836
0.0512391969
0.0596408766
0.0609201797
0.0566346666
0.0500162989
0.0451398795
0.0405252339
0.0323931602
0.0158151347
-0.0057845546
-0.0265893369
-0.0454608522
-0.0599813228
-0.0703673823
-0.0751397738
-0.0747573084
-0.0737172909
-0.0749622512
-0.0795253989
-0.0845442280
-0.0902390587
-0.0980459079
-0.1060725609
-0.1136971276
-0.1225698169
-0.1318731843
-0.1388274432
-0.1415251412
-0.1409101326
-0.1392690992
-0.1367530282
-0.1294563241
-0.1178251487
-0.1006481636
-0.0751863234
-0.0436775894
-0.0130822336
0.0147145666
0.0444284946
0.0664799330
0.0795788302
0.0887623663
0.0921312732
0.0886029408
0.0815597035
0.0728013729
0.0629679364
0.0557459313
0.0446547133
0.0292695194
0.0129957212
0.0010998774
0.0006135690
0.0089842543
0.0201255938
0.0313580582
0.0422347891
0.0483643368
0.0504459448
0.0506959379
0.0507138795
0.0519398496
0.0558443802
0.0610421492
0.0660642963
0.0672064657
0.0593826746
0.0456704483
0.0322854374
0.0222021634
0.0166273606
0.0163841508
0.0196440487
0.0253974802
0.0324925266
0.0398071067
0.0480236940
0.0538617454
0.0574945154
0.0608758749
0.0628577477
0.0608561065
0.0538692907
0.0439497268
0.0309414875
0.0189541282
0.0087987031
-0.0003334184
-0.0045810966
-0.0060350508
-0.0069756011
-0.0094437863
-0.0133131302
-0.0159256183
-0.0173707698
-0.0176433004
-0.0187585166
-0.0210810733
-0.0206017647
-0.0173120461
-0.0147286822
-0.0166256238
-0.0237474842
-0.0371762347
-0.0559928523
-0.0720234325
-0.0810425376
-0.0832553889
-0.0787116573
-0.0710026673
-0.0617490364
-0.0538243058
-0.0486338854
-0.0417335329
-0.0324007055
-0.0235877720
-0.0164506490
-0.0123577900
-0.0102316150
-0.0088492015
-0.0073763095
-0.0056468630
-0.0040497396
-0.0017738546
0.0014372900
0.0061941658
0.0166163007
0.0304376261
0.0445453766
0.0538864703
0.0584668549
0.0609500659
0.0608398280
0.0600730211
0.0612699162
0.0625094531
0.0609763719
0.0552306741
0.0468905527
0.0379026527
0.0308435384
0.0250473586
0.0199647429
0.0141184253
0.0086266776
0.0060007924
0.0043436485
0.0014119662
-0.0022346457
-0.0060638383
-0.0094027174
-0.0125131028
-0.0151507664
-0.0170592921
-0.0166313257
-0.0117701688
-0.0048994674
0.0023333486
0.0081909792
0.0098585218
0.0087285182
0.0085393132
0.0089849425
0.0064568794
0.0011372195
-0.0037990337
-0.0075408028
-0.0106073872
-0.0128964530
-0.0152644861
-0.0170089822
-0.0180955165
-0.0205215031
-0.0249432733
-0.0320417115
-0.0398312171
-0.0477303544
-0.0534207858
-0.0574529468
-0.0611580972
-0.0657571443
-0.0701836170
-0.0730427968
-0.0720998190
-0.0666415950
-0.0596911866
-0.0522680153
-0.0450598145
-0.0379617859
-0.0313800140
-0.0244286142
-0.0159990638
-0.0067564141
0.0040708393
0.0132625826
0.0213615015
0.0298799648
0.0375818438
0.0441618134
0.0500695418
0.0548964706
0.0603198111
0.0662092621
0.0703263134
0.0685614263
0.0636678764
0.0569177082
0.0476933327
0.0367914099
0.0257229915
0.0142570091
0.0029849423
-0.0073112277
-0.0161175678
-0.0206636997
-0.0207853088
-0.0158744727
-0.0094134741
-0.0051487814
-0.0020454554
0.0019870849
0.0072248013
0.0131792079
0.0191787165
0.0236966008
0.0255265771
0.0239935122
0.0212909151
0.0195726104
0.0195037855
0.0214721735
0.0239985670
0.0247914587
0.0243050636
0.0218295700
0.0173350588
0.0090218004
-0.0043326952
-0.0198664415
-0.0345236035
-0.0448425912
-0.0526540526
-0.0595273700
-0.0645125690
-0.0680261878
-0.0704337331
-0.0698980194
-0.0623323565
-0.0487975791
-0.0340305643
-0.0187042906
-0.0013103993
0.0100881485
0.0160071252
0.0174007214
0.0146178136
0.0076978262
0.0007441245
-0.0064946721
-0.0114663184
-0.0097759008
-0.0018940201
0.0102316150
0.0256839544
0.0410196986
0.0481653827
0.0499561007
0.0515695418
0.0515328560
0.0465148133
0.0369574548
0.0266947412
0.0147956721
-0.0003219957
-0.0159215384
-0.0308294637
-0.0422694433
-0.0455689846
-0.0394996270
-0.0251561382
-0.0082833723
0.0101674352
0.0272351246
0.0373670537
0.0414410700
0.0423636894
0.0402545630
0.0339776574
0.0264357691
0.0182816985
0.0098968871
0.0055889029
0.0017338598
-0.0014192010
-0.0008889672
0.0011078405
0.0023217350
0.0026046594
0.0017496033
0.0007718854
-0.0002731114
-0.0003442919
-0.0014133098
-0.0046207923
-0.0091623340
-0.0150048012
-0.0214033240
-0.0252346794
-0.0240046294
-0.0162625418
-0.0046749249
0.0055883778
0.0123226361
0.0160706004
0.0166511761
0.0141397339
0.0112454658
0.0096777058
0.0109299656
0.0141367027
0.0160057898
0.0131846641
0.0054756240
-0.0042472150
-0.0109462441
-0.0109020293
-0.0071129151
-0.0030088152
-0.0009584361
-0.0020545433
-0.0064393418
-0.0104568915
-0.0123482048
-0.0137631261
-0.0172742133
-0.0239623071
-0.0316532984
-0.0383704263
-0.0450561197
-0.0495395382
-0.0504733158
-0.0484750007
-0.0436616304
-0.0365064840
-0.0264227103
-0.0139989791
-0.0029310777
0.0048516709
0.0111081764
0.0149929549
0.0177396602
0.0197637898
0.0209661657
0.0211523559
0.0196749999
0.0156577573
0.0077323304
-0.0046710908
-0.0132199572
-0.0135608131
-0.0100212816
-0.0065401509
-0.0052163832
-0.0065564474
-0.0088003744
-0.0091367162
-0.0060222796
-0.0004887510
0.0068524749
0.0127595651
0.0143881131
0.0158519762
0.0178327267
0.0205403539
0.0221881871
0.0222194659
0.0190176526
0.0144465172
0.0104613236
0.0083780936
0.0087966222
0.0111649092
0.0156977530
0.0238628915
0.0304993891
0.0326696314
0.0320123497
0.0277394038
0.0228130676
0.0197017729
0.0181536257
0.0177383740
0.0163445975
0.0132640655
0.0120370794
0.0147539314
0.0196816030
0.0245459714
0.0293493550
0.0328871906
0.0339692273
0.0340081825
0.0321189419
0.0258163119
0.0186735853
0.0107054264
0.0042848774
-0.0015221902
-0.0081371146
-0.0135173029
-0.0146423746
-0.0138160822
-0.0145783013
-0.0144089548
-0.0121590489
-0.0071938550
0.0001630296
0.0071257183
0.0071507413
-0.0015712057
-0.0115559849
-0.0179481586
-0.0237302554
-0.0304698717
-0.0380630203
-0.0439582388
-0.0482743262
-0.0508154825
-0.0523707407
-0.0536491345
-0.0547260754
-0.0552161735
-0.0559738212
-0.0565274436
-0.0581961512
-0.0610541594
-0.0633415212
-0.0646242242
-0.0652823580
-0.0659231319
-0.0650947750
-0.0617086721
-0.0567767486
-0.0500592357
-0.0417966641
-0.0344842714
-0.0296228032
-0.0269942333
-0.0242842138
-0.0190361184
-0.0140879165
-0.0098126931
-0.0041168048
0.0051627692
0.0143393516
0.0200214430
0.0246211536
0.0281776026
0.0302706636
0.0327226121
0.0361806859
0.0406808581
0.0460725265
0.0509960445
0.0521866969
0.0487633510
0.0433437135
0.0393847850
0.0344961259
0.0310844297
0.0308099492
0.0321092912
0.0321754945
0.0301189883
0.0289906232
0.0292292206
0.0316505621
0.0355437624
0.0393931577
0.0403151954
0.0392586865
0.0367718299
0.0327504256
0.0278006917
0.0219030728
0.0155673616
0.0106731973
0.0073329361
0.0047149590
0.0032451351
0.0025971854
0.0006841770
-0.0002098855
-0.0001347959
0.0018549215
0.0042812391
0.0049032089
0.0052099439
0.0073625789
0.0112963574
0.0127968162
0.0117867258
0.0126369074
0.0135670475
0.0107100224
0.0078912299
0.0085663319
0.0116889487
0.0143058444
0.0157255828
0.0159682929
0.0140135043
0.0120579784
0.0116734322
0.0140559413
0.0154850028
0.0138996290
0.0106821025
0.0069309685
0.0034154402
-0.0003025430
-0.0029945210
-0.0042131285
-0.0044973368
-0.0040681686
-0.0043650644
-0.0081781293
-0.0127995361
-0.0152959288
-0.0157778016
-0.0158370167
-0.0155954045
-0.0141310580
-0.0121044215
-0.0113336331
-0.0103574677
-0.0076440533
-0.0051966385
-0.0045682278
-0.0035736318
0.0001219175
0.0058685782
0.0106424346
0.0143471344
0.0184095666
0.0232170383
0.0271802842
0.0283326287
0.0277497755
0.0264349252
0.0252707591
0.0224643388
0.0172700597
0.0123738391
0.0084719629
0.0043794357
-0.0002856029
-0.0064345156
-0.0148456379
-0.0209783315
-0.0221441280
-0.0202798744
-0.0199760239
-0.0220403868
-0.0275810926
-0.0344866472
-0.0419295214
-0.0484247972
-0.0542690995
-0.0572824288
-0.0572189945
-0.0554828957
-0.0534815821
-0.0501134780
-0.0472831112
-0.0435492134
-0.0385616467
-0.0310396415
-0.0227156674
-0.0136942110
-0.0048008849
0.0025491046
0.0054407839
0.0044684001
0.0038144797
0.0043778856
0.0050323328
0.0038623950
0.0016133904
-0.0009462350
-0.0030948885
-0.0032287584
0.0007844716
0.0065818145
0.0120116009
0.0135920837
0.0132285675
0.0130052982
0.0141866439
0.0172453349
0.0219955248
0.0263309956
0.0270234804
0.0225395293
0.0156680307
0.0096635820
0.0064405379
0.0055503467
0.0059572093
0.0079372880
0.0118365852
0.0168126496
0.0217919829
0.0244102631
0.0237504253
0.0226095257
0.0216330408
0.0193691095
0.0152837302
0.0098383601
0.0035389695
-0.0032726233
-0.0093967369
-0.0126964994
-0.0124241736
-0.0122067782
-0.0113894894
-0.0092397610
-0.0070157090
-0.0050978128
-0.0042740494
-0.0057631469
-0.0063312454
-0.0061740557
-0.0040841865
0.0004679405
0.0063228948
0.0158599720
0.0264383988
0.0333881109
0.0388619416
0.0424399777
0.0425778160
0.0409947197
0.0399262662
0.0371888265
0.0332871715
0.0284845170
0.0225968930
0.0163509713
0.0083363529
0.0001563559
-0.0056051846
-0.0085550263
-0.0094018654
-0.0077369837
-0.0052112604
-0.0030716383
-0.0020059415
-0.0048364787
-0.0109202412
-0.0177292148
-0.0237166314
-0.0282731595
-0.0318566436
-0.0339845882
-0.0339613953
-0.0335410152
-0.0333116752
-0.0338020682
-0.0364141713
-0.0390989006
-0.0388070521
-0.0382217821
-0.0372878898
-0.0329454309
-0.0283522988
-0.0248774468
-0.0205461132
-0.0138908303
-0.0079571580
-0.0013713291
0.0052416315
0.0110035831
0.0140561543
0.0161295370
0.0174921330
0.0172126961
0.0172927693
0.0179078352
0.0181674464
0.0178395264
0.0150370713
0.0102435269
0.0043664629
-0.0008630315
-0.0032140201
-0.0037951603
-0.0028702363
-0.0007649577
0.0013132994
0.0029603133
0.0048564618
0.0064198101
0.0073565206
0.0093797867
0.0123535381
0.0146333547
0.0146902678
0.0127780882
0.0107943475
0.0098311180
0.0101711382
0.0093812450
0.0060318418
0.0031238981
0.0007236716
-0.0033096721
-0.0091220680
-0.0138626236
-0.0161096293
-0.0168558321
-0.0149560806
-0.0107404984
-0.0053270757
-0.0006994301
0.0027382138
0.0056115977
0.0069194155
0.0070490048
0.0071181361
0.0089368199
0.0123430354
0.0140019775
0.0133823156
0.0131150690
0.0148976765
0.0159698740
0.0131083430
0.0073854236
-0.0001244319
-0.0080587544
-0.0116683446
-0.0128908903
-0.0154449580
-0.0170538031
-0.0173190671
-0.0177542756
-0.0162340238
-0.0123608048
-0.0068030702
-0.0009724395
0.0045704455
0.0103284500
0.0142669465
0.0153877582
0.0152458810
0.0127724354
0.0086400887
0.0030108174
-0.0016515787
-0.0013875674
-0.0003775407
0.0000610272
0.0005918667
0.0015992354
0.0035222233
0.0030592374
-0.0006710480
-0.0052436158
-0.0115828234
-0.0217802923
-0.0297619195
-0.0355895665
-0.0407182157
-0.0439483504
-0.0446818795
-0.0429932643
-0.0379882230
-0.0282056864
-0.0143380244
-0.0031757695
0.0014503365
0.0056265629
0.0115087553
0.0159611736
0.0180180485
0.0185931188
0.0177251350
0.0173557038
0.0168330980
0.0131828290
0.0066090037
0.0009037907
-0.0010587324
-0.0026697379
-0.0049495782
-0.0053007975
-0.0031049612
-0.0002542918
0.0015064188
0.0031856046
0.0072057448
0.0135935829
0.0181223141
0.0207820891
0.0224572114
0.0221918327
0.0220022918
0.0235144658
0.0238498491
0.0208234037
0.0167743007
0.0146546469
0.0124935392
0.0079729309
0.0034151420
-0.0023342350
-0.0077970993
-0.0094679377
-0.0091023078
-0.0075344446
-0.0046150265
-0.0013686617
-0.0004873406
-0.0026811721
-0.0057335360
-0.0089635602
-0.0124403128
-0.0168574051
-0.0201401764
-0.0201670559
-0.0184182916
-0.0166954154
-0.0149457499
-0.0123770833
-0.0073790237
-0.0014477731
0.0013176087
0.0012760327
0.0012316762
0.0017935583
0.0024421241
0.0032992759
0.0040709327
0.0024123904
-0.0016706000
-0.0061739132
-0.0104225978
-0.0137097276
-0.0150567496
-0.0134144546
-0.0089194519
-0.0047577417
-0.0026908032
-0.0015854090
-0.0008775576
0.0005780318
0.0022878042
0.0035799605
0.0053081716
0.0078980395
0.0096131082
0.0094178735
0.0081231653
0.0075505854
0.0077895409
0.0074901004
0.0081131631
0.0103814962
0.0130476123
0.0136727140
0.0124243620
0.0121833314
0.0123154677
0.0118561242
0.0125879410
0.0123231113
0.0088755403
0.0058847059
0.0044235406
0.0027518305
0.0002940681
-0.0022399610
-0.0031685962
-0.0022905315
-0.0014438087
-0.0012687283
-0.0025907961
-0.0050379193
-0.0081251380
-0.0121108117
-0.0160899510
-0.0182671077
-0.0190490051
-0.0186148698
-0.0172148917
-0.0170136109
-0.0173401053
-0.0160746393
-0.0143507309
-0.0132537266
-0.0123994078
-0.0113079088
-0.0106187747
-0.0100158909
-0.0077634184
-0.0047275222
-0.0026916454
-0.0027599632
-0.0037322683
-0.0043186385
-0.0041435335
-0.0025670265
0.0007667215
0.0047513967
0.0085051588
0.0109802428
0.0113020184
0.0099874713
0.0052282827
-0.0006377062
-0.0041707555
-0.0073540653
-0.0109058224
-0.0118801363
-0.0116139712
-0.0124067892
-0.0121576972
-0.0113809856
-0.0099364158
-0.0071687263
-0.0045785167
-0.0001393632
0.0055842299
0.0107574896
0.0151631370
0.0199232235
0.0227906776
0.0240311239
0.0251348460
0.0254600378
0.0243580443
0.0228053913
0.0221774631
0.0225756581
0.0215663787
0.0199241083
0.0200357716
0.0205504307
0.0193559032
0.0190274590
0.0208944570
0.0218844103
0.0192553980
0.0152615941
0.0110354846
0.0055245322
0.0003451231
-0.0035006279
-0.0071683191
-0.0102163688
-0.0125647973
-0.0145880257
-0.0155750134
-0.0159313448
-0.0145689783
-0.0115942765
-0.0073467011
-0.0018890997
0.0028994728
0.0074948758
0.0097979057
0.0080545500
0.0050838856
0.0033167619
0.0005266477
-0.0027220550
-0.0035754530
-0.0038129019
-0.0045442878
-0.0064689961
-0.0080193708
-0.0091201592
-0.0096564628
-0.0094004563
-0.0113737353
-0.0136952924
-0.0144344661
-0.0146995171
-0.0135745191
-0.0108677192
-0.0080412414
-0.0035040679
0.0004973761
0.0043561600
0.0088928182
0.0134199354
0.0169553051
0.0205639810
0.0217035944
0.0220426725
0.0234347531
0.0239785610
0.0237219155
0.0233074585
0.0216437975
0.0184574925
0.0143170680
0.0102383820
0.0078162238
0.0072644733
0.0078941022
0.0077638657
0.0056268480
0.0022348358
-0.0006551153
-0.0036127812
-0.0061925002
-0.0073218238
-0.0079177334
-0.0099634919
-0.0117645979
-0.0110631096
-0.0094782930
-0.0074010721
-0.0042277259
0.0002199963
0.0048282822
0.0073344673
0.0091257137
0.0102981461
0.0098138647
0.0089305035
0.0071465681
0.0044864408
-0.0002155637
-0.0054176623
-0.0075410740
-0.0105397338
-0.0161793390
-0.0211956777
-0.0230195342
-0.0240347122
-0.0254822149
-0.0256439342
-0.0233962895
-0.0213579705
-0.0188946508
-0.0150346382
-0.0093609358
-0.0037304463
-0.0010811232
0.0004951192
0.0000446391
-0.0019886538
-0.0053542739
-0.0078564136
-0.0067101217
-0.0054722913
-0.0060317886
-0.0061963253
-0.0070728654
-0.0075716851
-0.0081758240
-0.0084951558
-0.0101786425
-0.0126730936
-0.0136287696
-0.0140732110
-0.0152546715
-0.0163086817
-0.0165437892
-0.0172330544
-0.0178571402
-0.0181288926
-0.0166429590
-0.0135818104
-0.0085161121
-0.0038550120
-0.0007444913
0.0015946935
0.0038175953
0.0067782208
0.0110498706
0.0126146075
0.0125744071
0.0129909450
0.0119396300
0.0090881922
0.0061278928
0.0022800451
-0.0025167845
-0.0083346817
-0.0155673534
-0.0203116530
-0.0233585222
-0.0266467251
-0.0280767123
-0.0295696095
-0.0307544944
-0.0286447617
-0.0243525144
-0.0207784353
-0.0165102329
-0.0104447585
-0.0045986104
-0.0001410913
0.0036872728
0.0069563095
0.0090495319
0.0110519351
0.0117380380
0.0122134387
0.0126124283
0.0116661900
0.0110752672
0.0106892054
0.0105483195
0.0106337014
0.0097382973
0.0089588167
0.0074338354
0.0065342941
0.0055103617
0.0058953987
0.0067582656
0.0065701247
0.0070342616
0.0076133209
0.0084630986
0.0098301021
0.0110263418
0.0117044325
0.0105340892
0.0085612608
0.0065951601
0.0043437681
0.0008483858
-0.0022797912
-0.0047028203
-0.0072972448
-0.0102599528
-0.0114356703
-0.0102729214
-0.0091925888
-0.0084786643
-0.0077498361
-0.0066502798
-0.0046436313
-0.0036866232
-0.0046588783
-0.0058788549
-0.0073937660
-0.0087799178
-0.0088113031
-0.0068495903
-0.0039132834
0.0000143984
0.0054642013
0.0090822772
0.0100297854
0.0102745354
0.0105254297
0.0094880420
0.0076810038
0.0066932231
0.0064804762
0.0046669520
0.0034550876
0.0040322683
0.0049335726
0.0054621933
0.0050470301
0.0051842015
0.0063656571
0.0069613798
0.0083607911
0.0111113878
0.0135811140
0.0140997710
0.0119324862
0.0098454548
0.0059426701
0.0020403474
-0.0019377974
-0.0057335180
-0.0056246942
-0.0017435802
0.0008623188
0.0018357675
0.0048450735
0.0105178025
0.0164435544
0.0192486556
0.0206837713
0.0200147252
0.0175416483
0.0155026657
0.0137696964
0.0097331525
0.0046000949
0.0022919054
0.0013466755
-0.0009995893
-0.0040275110
-0.0065169499
-0.0086581367
-0.0105655237
-0.0105889869
-0.0098832713
-0.0101792897
-0.0099926653
-0.0093840878
-0.0095304708
-0.0087236109
-0.0044717402
0.0006078709
0.0033738347
0.0063872385
0.0087501382
0.0098739810
0.0107552367
0.0114612554
0.0121156370
0.0120344497
0.0106296789
0.0084407742
0.0082751716
0.0099723971
0.0128540980
0.0165458373
0.0196069696
0.0197227620
0.0161742515
0.0133121962
0.0123210468
0.0109678640
0.0091634973
0.0080019216
0.0063381222
0.0036819461
0.0014607950
0.0004311999
0.0020008335
0.0051980443
0.0073341281
0.0086529345
0.0092016169
0.0074201867
0.0063689693
0.0074429544
0.0090819086
0.0114789593
0.0137268089
0.0151058799
0.0156897981
0.0162285348
0.0160395837
0.0147957458
0.0133108609
0.0110692376
0.0086988615
0.0069608588
0.0062662316
0.0057725322
0.0064513847
0.0052525333
0.0030815946
0.0018040938
-0.0000988825
-0.0026082371
-0.0048684646
-0.0064800461
-0.0058963794
-0.0040783469
-0.0018637293
0.0011283798
0.0037611214
0.0072645380
0.0101870562
0.0120065871
0.0150771735
0.0178753193
0.0175407881
0.0154802593
0.0143313229
0.0136056586
0.0098793061
0.0060119456
0.0032220004
0.0008640138
-0.0011520593
-0.0044539896
-0.0093848251
-0.0126739783
-0.0145081000
-0.0170498626
-0.0194300205
-0.0191881788
-0.0177498681
-0.0183057189
-0.0202108037
-0.0225755106
-0.0245033459
-0.0254346576
-0.0260511572
-0.0266219265
-0.0279072593
-0.0296101458
-0.0285730121
-0.0270174835
-0.0268906968
-0.0262027179
-0.0248411214
-0.0242250478
-0.0246779766
-0.0248628642
-0.0245287098
-0.0236595217
-0.0234643115
-0.0247879441
-0.0258422001
-0.0280544042
-0.0297348270
-0.0293459387
-0.0295814640
-0.0304877067
-0.0315695713
-0.0314746288
-0.0305741946
-0.0283120246
-0.0239006506
-0.0184772364
-0.0129367436
-0.0081129558
-0.0050811001
-0.0045194138
-0.0056058433
-0.0065678456
-0.0065153900
-0.0057212326
-0.0046608404
-0.0027214422
-0.0017303526
-0.0016065923
-0.0019417715
-0.0023499637
-0.0034208218
-0.0041625523
-0.0032318265
-0.0009874079
0.0014979052
0.0029905673
0.0042870590
0.0071239946
0.0089682299
0.0104175103
0.0114867176
0.0121152848
0.0115406404
0.0100413122
0.0093990718
0.0101321748
0.0105239059
0.0106216175
0.0117718155
0.0126534316
0.0113022560
0.0089698684
0.0085468420
0.0073128695
0.0063489100
0.0072531611
0.0090048666
0.0094589423
0.0085797266
0.0087058497
0.0110396136
0.0136710673
0.0143739565
0.0155832960
0.0187970622
0.0206474869
0.0223251652
0.0243063416
0.0244760896
0.0224826817
0.0210815976
0.0202949404
0.0186649996
0.0173607422
0.0169117949
0.0172209869
0.0177049979
0.0183507692
0.0185400316
0.0191170190
0.0191521074
0.0180172866
0.0147605018
0.0103395590
0.0049306094
-0.0020150286
-0.0074758922
-0.0090451244
-0.0096868241
-0.0103604334
-0.0090774027
-0.0078037843
-0.0095626508
-0.0113707286
-0.0120289935
-0.0093975152
-0.0050064274
-0.0003274123
0.0036007579
0.0065691187
0.0077328293
0.0074658065
0.0047995618
0.0000615689
-0.0030438462
-0.0047211435
-0.0055025133
-0.0047813459
-0.0034803425
-0.0022274200
-0.0002216785
0.0016322404
0.0028331138
0.0046465773
0.0064302580
0.0087925342
0.0109536091
0.0112236820
0.0104049677
0.0098069502
0.0081906401
0.0056094726
0.0033921621
0.0014222199
-0.0006776632
-0.0016486598
-0.0009563003
0.0005483608
0.0030009627
0.0044775634
0.0047223396
0.0035769653
0.0005785563
-0.0017170488
-0.0031695416
-0.0050764394
-0.0075579537
-0.0087122971
-0.0092271692
-0.0106770969
-0.0100570417
-0.0080814549
-0.0063029749
-0.0029516055
0.0002816354
0.0010002070
0.0020318330
0.0021735078
0.0005441760
-0.0006478651
-0.0004696452
-0.0004705100
-0.0027617311
-0.0066495982
-0.0103580248
-0.0125739729
-0.0126456488
-0.0104794372
-0.0077555077
-0.0074484294
-0.0090608621
-0.0106708051
-0.0128364268
-0.0155403675
-0.0176375575
-0.0185988126
-0.0208143756
-0.0237479184
-0.0261260528
-0.0267767478
-0.0245639620
-0.0214207576
-0.0196412879
-0.0183017537
-0.0168384641
-0.0157905245
-0.0159517031
-0.0169601878
-0.0159840306
-0.0144460093
-0.0141428060
-0.0133801446
-0.0113643713
-0.0085940634
-0.0043331253
0.0021591587
0.0080191889
0.0122376802
0.0153268799
0.0178148999
0.0194679598
0.0192395210
0.0168964914
0.0143795110
0.0127138347
0.0123164508
0.0130537976
0.0131424810
0.0142123109
0.0161639864
0.0170286768
0.0175621540
0.0178869526
0.0178041022
0.0186960572
0.0195238079
0.0173295862
0.0128252850
0.0074134165
0.0018884287
-0.0014869388
-0.0035240231
-0.0050608156
-0.0034791571
0.0007480596
0.0058491088
0.0102529482
0.0120216203
0.0122864992
0.0132077504
0.0121903442
0.0088589096
0.0064748791
0.0042735234
0.0028432388
0.0012061903
-0.0015387136
-0.0039249658
-0.0038260483
-0.0027283722
-0.0018248257
-0.0009069431
0.0010512830
0.0036611446
0.0057479966
0.0063139954
0.0043398136
0.0013036274
-0.0005942739
-0.0024736725
-0.0067654094
-0.0093493271
-0.0093322786
-0.0102082829
-0.0129716353
-0.0134038699
-0.0125330351
-0.0135807208
-0.0141289362
-0.0125122836
-0.0107900874
-0.0096645487
-0.0076361762
-0.0064128563
-0.0053010523
-0.0036171265
-0.0032454063
-0.0024162875
-0.0012904916
-0.0014028759
-0.0017983583
-0.0020985582
-0.0032510837
-0.0041336837
-0.0036729581
-0.0028189826
-0.0021120700
-0.0019236777
-0.0000777337
0.0029433164
0.0065829689
0.0114110683
0.0153137965
0.0171564138
0.0173380736
0.0169921630
0.0181830448
0.0209975101
0.0231202360
0.0234783207
0.0240178848
0.0254354113
0.0262618921
0.0265088705
0.0271410587
0.0271539372
0.0269146025
0.0260509196
0.0237540136
0.0209749890
0.0173073191
0.0130399277
0.0065418337
-0.0018184798
-0.0090013930
-0.0127651851
-0.0133793581
-0.0134358861
-0.0113252686
-0.0064892208
-0.0000592100
0.0057663059
0.0103141132
0.0143551958
0.0175312848
0.0186295999
0.0179967563
0.0159004428
0.0134350341
0.0104515582
0.0061354921
0.0026403696
0.0018318860
0.0018339873
0.0018858366
0.0027040521
0.0035685672
0.0031609247
0.0026660423
0.0031432708
0.0045936482
0.0050125627
0.0054368417
0.0054021507
0.0051969506
0.0052979662
0.0050609876
0.0037217402
0.0027493949
0.0028019242
0.0018289760
0.0006416595
0.0003141188
-0.0008603690
-0.0030050991
-0.0043013172
-0.0047550128
-0.0059736319
-0.0072571771
-0.0092703763
-0.0103990035
-0.0104730061
-0.0109002188
-0.0118639890
-0.0125361892
-0.0128921274
-0.0127305391
-0.0134483059
-0.0141695299
-0.0130922121
-0.0130104922
-0.0152455533
-0.0179122100
-0.0183760594
-0.0189422901
-0.0193755733
-0.0169598601
-0.0135603953
-0.0095547942
-0.0053038247
-0.0032415476
-0.0019339191
0.0009979582
0.0038023156
0.0045127075
0.0037774121
0.0036742353
0.0040541226
0.0027910741
-0.0003916358
-0.0042512506
-0.0079467224
-0.0126657613
-0.0159739948
-0.0181373309
-0.0197662885
-0.0208911964
-0.0213017538
-0.0203707453
-0.0203633475
-0.0206122674
-0.0193709855
-0.0176061967
-0.0156708981
-0.0133529783
-0.0118447285
-0.0105954016
-0.0080489382
-0.0053211976
-0.0044764894
-0.0041744683
-0.0026365986
-0.0017242984
-0.0014900003
-0.0034498453
-0.0048793958
-0.0046123770
-0.0045454880
-0.0046666882
-0.0056672270
-0.0064587948
-0.0060397467
-0.0056987590
-0.0057490591
-0.0049305602
-0.0043295534
-0.0037948776
-0.0035869806
-0.0038401099
-0.0037159842
-0.0024042323
-0.0009564887
-0.0009579109
-0.0006993253
-0.0002162912
-0.0000971601
0.0009117234
0.0012408821
0.0003098289
-0.0020053369
-0.0024687939
-0.0036273056
-0.0052401503
-0.0059819481
-0.0055969348
-0.0051464260
-0.0041584790
-0.0027062984
-0.0003168420
0.0018978714
0.0023546548
0.0019104984
0.0029631405
0.0036162269
0.0038082395
0.0050792216
0.0065936658
0.0080343556
0.0098970346
0.0109867476
0.0122693687
0.0140112104
0.0142968900
0.0151177508
0.0163481203
0.0167011256
0.0172482268
0.0173028624
0.0164310526
0.0136392805
0.0101597507
0.0071247491
0.0033402775
0.0000188058
-0.0024312052
-0.0036948017
-0.0045202552
-0.0045889048
-0.0031186680
-0.0025368364
-0.0033586508
-0.0030676953
-0.0024843907
-0.0032836479
-0.0034131627
-0.0021188517
-0.0003438995
0.0015422560
0.0037429218
0.0051570337
0.0074522955
0.0107926844
0.0130699204
0.0149194521
0.0171236276
0.0187350452
0.0194872203
0.0197571703
0.0204229559
0.0203918245
0.0182274070
0.0144865538
0.0107826077
0.0070041224
0.0037566319
0.0016180101
-0.0022054625
-0.0058367439
-0.0086070567
-0.0118432374
-0.0141359653
-0.0135508265
-0.0105853330
-0.0080865261
-0.0069000027
-0.0063060036
-0.0055592765
-0.0064686888
-0.0069421496
-0.0072900158
-0.0076214232
-0.0097977910
-0.0115160876
-0.0118609496
-0.0115719357
-0.0125141351
-0.0131158965
-0.0125381308
-0.0107811658
-0.0081803847
-0.0059316783
-0.0043304291
-0.0035851455
-0.0028873135
-0.0029834464
-0.0043780765
-0.0054278038
-0.0043777824
-0.0011697903
0.0015299370
0.0030133481
0.0040143768
0.0024412008
0.0003523437
-0.0014509313
-0.0028428431
-0.0017954303
0.0015137159
0.0039413401
0.0051875555
0.0068797419
0.0094744507
0.0115742541
0.0110361072
0.0100452855
0.0092396054
0.0077027253
0.0052394646
0.0029636091
0.0009558194
-0.0012145376
-0.0030932656
-0.0039349983
-0.0044134827
-0.0044117353
-0.0044349593
-0.0046587472
-0.0047896547
-0.0047604199
-0.0056157185
-0.0089068191
-0.0130195285
-0.0157065189
-0.0164874004
-0.0169633665
-0.0179744482
-0.0182869745
-0.0172831841
-0.0145022342
-0.0119607011
-0.0106859202
-0.0101943311
-0.0095337560
-0.0093751170
-0.0084938122
-0.0059122465
-0.0044928284
-0.0036636367
-0.0022211691
-0.0018372496
-0.0013771163
-0.0016729242
-0.0027145188
-0.0025545076
-0.0019334160
-0.0023501751
-0.0040956674
-0.0055355470
-0.0053997683
-0.0038466098
-0.0037906782
-0.0041771202
-0.0028486180
-0.0011842811
-0.0007121086
-0.0008436801
-0.0000131603
0.0002617296
0.0005258520
0.0028490653
0.0067278830
0.0093058251
0.0115613756
0.0127355284
0.0120967780
0.0118803329
0.0130046919
0.0139586393
0.0123106506
0.0102993094
0.0094866820
0.0084548734
0.0059280621
0.0037445685
0.0035541034
0.0038522724
0.0018581166
-0.0015516536
-0.0030349590
-0.0027441739
-0.0049346638
-0.0074340992
-0.0064473376
-0.0040332563
-0.0026210050
-0.0013381423
-0.0003809067
0.0012156870
0.0040109032
0.0059172743
0.0063184947
0.0057948419
0.0050030251
0.0047578155
0.0031166002
0.0016046334
0.0016606126
0.0007667801
-0.0002459420
-0.0000118319
0.0003031603
0.0001087657
0.0005440001
0.0020919329
0.0034114341
0.0035706022
0.0023240895
0.0014361152
0.0014638401
0.0005178333
0.0003568063
0.0015869918
0.0016250269
0.0010105410
0.0002402188
-0.0003680852
-0.0006168436
-0.0004830360
0.0004647963
0.0003614896
0.0005422633
0.0014430321
0.0007162733
-0.0005210815
-0.0008165197
-0.0010559527
-0.0015423789
-0.0022921077
-0.0034555783
-0.0062435516
-0.0081878317
-0.0084476312
-0.0084151891
-0.0078244711
-0.0065577877
-0.0047950937
-0.0024242907
0.0011412641
0.0049184239
0.0065207167
0.0073837843
0.0078103154
0.0071457317
0.0058303743
0.0049057403
0.0047940721
0.0039348369
0.0021932705
0.0024114089
0.0031049300
0.0042549749
0.0068907681
0.0093290262
0.0111373498
0.0124629567
0.0133164809
0.0137882278
0.0136289007
0.0123359571
0.0095931759
0.0072849594
0.0054825942
0.0034493373
0.0024104717
0.0030043175
0.0031848599
0.0026814949
0.0040829674
0.0064382391
0.0072780752
0.0086030260
0.0113835990
0.0139757452
0.0150196869
0.0153968928
0.0157116310
0.0147631889
0.0117056449
0.0101460611
0.0100114834
0.0085337751
0.0078701499
0.0083751033
0.0093298454
0.0111881103
0.0111678749
0.0101902840
0.0100713294
0.0089571782
0.0067618973
0.0042291325
0.0020444830
-0.0007605267
-0.0043335603
-0.0053302216
-0.0054668278
-0.0058662450
-0.0045405086
-0.0031791776
-0.0024713835
-0.0017128469
-0.0013829944
-0.0015929354
-0.0006254620
0.0020357973
0.0039270639
0.0042393715
0.0047490757
0.0044569626
0.0028505858
0.0013503007
-0.0004600328
-0.0024743262
-0.0025240414
-0.0016634693
-0.0017076291
-0.0012367162
0.0000030792
0.0003247802
0.0008293703
0.0023531891
0.0037859110
0.0047327670
0.0057050664
0.0070989068
0.0094123436
0.0119294304
0.0130025946
0.0133273933
0.0132812369
0.0120824166
0.0098970756
0.0085432619
0.0071023189
0.0046334399
0.0017947274
-0.0024397794
-0.0064030950
-0.0089216557
-0.0097539368
-0.0102507035
-0.0107382209
-0.0110193536
-0.0121007267
-0.0126356212
-0.0120359898
-0.0108982935
-0.0106924004
-0.0112854123
-0.0117989572
-0.0137016252
-0.0139813816
-0.0133995525
-0.0154258941
-0.0162981790
-0.0156290427
-0.0167211807
-0.0184450154
-0.0182544012
-0.0175109019
-0.0176365171
-0.0180649668
-0.0181257221
-0.0179737846
-0.0176886048
-0.0164032064
-0.0147477707
-0.0125575552
-0.0102230047
-0.0081158830
-0.0064685111
-0.0068436983
-0.0076520770
-0.0085173819
-0.0094387069
-0.0101406540
-0.0096566840
-0.0081146647
-0.0069369474
-0.0061006307
-0.0041215949
-0.0027133210
-0.0019995784
-0.0009430662
0.0006584931
0.0031706812
0.0057073488
0.0075237920
0.0079854892
0.0074866621
0.0074958696
0.0077898612
0.0064623511
0.0035179673
0.0014134499
0.0020900519
0.0019913810
0.0015228472
0.0029109070
0.0057914871
0.0081669499
0.0091823646
0.0071801802
0.0044903920
0.0005473719
-0.0014953131
-0.0024341471
-0.0044882415
-0.0061120191
-0.0067895895
-0.0068301307
-0.0078370572
-0.0085033810
-0.0092640435
-0.0090556271
-0.0073742507
-0.0057256057
-0.0037053512
-0.0011899348
0.0018255687
0.0027719005
0.0025800533
0.0015009217
0.0013395030
0.0011647339
0.0012172722
0.0011346536
-0.0000774298
-0.0008252593
-0.0024157820
-0.0023209804
0.0000344475
0.0030562602
0.0055953315
0.0049332908
0.0047411954
0.0052982571
0.0042953670
0.0030688127
0.0037123811
0.0054328970
0.0053406654
0.0046528675
0.0055297959
0.0050036305
0.0039487355
0.0020958072
0.0016536776
0.0004098613
0.0000976881
0.0001847496
-0.0019700085
-0.0023809239
-0.0001027942
0.0015917409
0.0020189954
0.0024158468
0.0023745649
0.0022958345
0.0025866204
0.0027900779
0.0027375380
0.0026614062
0.0024401907
0.0011381330
-0.0003268149
-0.0012572662
-0.0018892169
-0.0014665789
0.0000669025
0.0012232199
0.0019633595
0.0031297352
0.0054443566
0.0068140260
0.0073912509
0.0081543917
0.0083047546
0.0080711832
0.0079361214
0.0066035090
0.0040712817
0.0027029633
0.0012565617
-0.0001964693
-0.0021208229
-0.0021442697
-0.0011535733
0.0000402082
0.0013677662
0.0045949320
0.0068072574
0.0059801531
0.0061233304
0.0066797530
0.0058570359
0.0056464984
0.0063685457
0.0074987140
0.0078356530
0.0094147604
0.0096985065
0.0091629403
0.0099988096
0.0092451926
0.0073223006
0.0065095234
0.0070004669
0.0060691200
0.0041294867
0.0029470259
0.0020260794
-0.0004071402
-0.0028886767
-0.0036320646
-0.0039126083
-0.0041795624
-0.0055934817
-0.0070705526
-0.0070229691
-0.0072487929
-0.0066753389
-0.0074311458
-0.0084253150
-0.0091479153
-0.0093416016
-0.0111683009
-0.0119399332
-0.0120217268
-0.0114844401
-0.0105210549
-0.0098782738
-0.0071085944
-0.0028319119
0.0000814154
0.0008510574
0.0008132917
0.0008721104
0.0013687526
0.0017415484
0.0012561291
0.0001230466
-0.0001809639
-0.0010293214
-0.0019711514
-0.0026832481
-0.0042741026
-0.0033834781
-0.0007295685
-0.0000903281
0.0014178812
0.0041997085
0.0065942548
0.0084855951
0.0097244357
0.0083878918
0.0056353198
0.0039718472
0.0019937962
0.0006373489
-0.0004873922
-0.0008175926
-0.0020505397
-0.0032976972
-0.0030466898
-0.0026213229
-0.0028865704
-0.0027428524
-0.0017318617
-0.0016985421
-0.0021623849
-0.0012326601
0.0010314080
0.0017577810
0.0026504520
0.0025766977
0.0021995984
0.0023541452
0.0020045725
0.0011941899
0.0006571615
0.0001381885
-0.0009875636
-0.0031881172
-0.0043021029
-0.0048950541
-0.0059897964
-0.0067061131
-0.0056328481
-0.0046050358
-0.0043807800
-0.0041756619
-0.0034916301
-0.0020032167
-0.0015671218
-0.0022024862
-0.0022809389
-0.0017980019
-0.0008111292
-0.0002734460
-0.0009101800
-0.0022198182
-0.0034492923
-0.0043075246
-0.0052139131
-0.0063760599
-0.0074625410
-0.0075037302
-0.0071092604
-0.0072136890
-0.0074507192
-0.0076751855
-0.0087093642
-0.0088755648
-0.0082529372
-0.0081632780
-0.0080186679
-0.0056979103
-0.0039937621
-0.0037929254
-0.0043496192
-0.0041690965
-0.0026257476
-0.0027203788
-0.0043577666
-0.0053262696
-0.0064966571
-0.0062358187
-0.0056413134
-0.0058267237
-0.0061754378
-0.0062521857
-0.0066216406
-0.0074762568
-0.0068833531
-0.0055149962
-0.0043889422
-0.0033841752
-0.0026294883
-0.0012937710
-0.0008367525
0.0002171402
0.0016970887
0.0028949677
0.0045176942
0.0082568696
0.0126587649
0.0146702617
0.0148885583
0.0148522411
0.0151989709
0.0157211589
0.0159564711
0.0165931816
0.0163144738
0.0144939516
0.0138344661
0.0127297445
0.0107998365
0.0098113578
0.0090442560
0.0076863994
0.0055151199
0.0047735467
0.0034710334
0.0006816062
-0.0007713344
-0.0010598490
-0.0009911937
-0.0009205050
-0.0011760453
-0.0014133745
-0.0016345466
-0.0026430976
-0.0029951141
-0.0033462130
-0.0020960906
-0.0003598143
0.0009692690
0.0037559323
0.0051109797
0.0051381344
0.0048944429
0.0046062278
0.0025660467
0.0010979252
0.0006312447
0.0000107305
0.0000106216
0.0001582904
0.0001746374
0.0012279191
0.0022298548
0.0008285568
0.0001092027
0.0008444043
0.0012739805
0.0010124056
0.0007741145
0.0008302051
0.0009334564
0.0009297166
0.0008889730
0.0008839149
0.0008998009
0.0007696611
-0.0002803258
-0.0016185475
-0.0018504149
-0.0031305045
-0.0039779826
-0.0035317708
-0.0040221064
-0.0036517781
-0.0019466977
-0.0005854123
0.0012895527
0.0035096110
0.0036883190
0.0036965475
0.0044091121
0.0053682052
0.0048051294
0.0038667543
0.0030987193
0.0021424485
0.0021222549
0.0027280683
0.0034773867
0.0027247774
0.0030236943
0.0057710010
0.0068460241
0.0076409344
0.0090550454
0.0089884489
0.0075124011
0.0069695051
0.0059093030
0.0052974509
0.0057480564
0.0051186929
0.0041831638
0.0034344115
0.0031948014
0.0036247495
0.0045253263
0.0048905163
0.0043553056
0.0041907090
0.0051888253
0.0052605660
0.0041786022
0.0041903305
0.0046831895
0.0047178698
0.0052837089
0.0059131395
0.0055771320
0.0052398980
0.0054310390
0.0056390171
0.0046545666
0.0029385885
0.0017875459
0.0002605244
-0.0013388042
-0.0013230403
-0.0006404551
0.0000670371
0.0011341793
0.0021725894
0.0031510848
0.0041375653
0.0044454047
0.0040837531
0.0039910700
0.0035642777
0.0029457274
0.0018699056
0.0004221312
0.0002346751
-0.0006044066
-0.0014728420
-0.0012280265
-0.0018528267
-0.0040265500
-0.0040921176
-0.0040084840
-0.0059791766
-0.0071003118
-0.0082631860
-0.0086122425
-0.0103479235
-0.0108033019
-0.0100081163
-0.0095330924
-0.0078322433
-0.0077072951
-0.0086426612
-0.0086730962
-0.0078533053
-0.0057518691
-0.0051273368
-0.0061897148
-0.0065495575
-0.0076323233
-0.0086913572
-0.0079966350
-0.0075114942
-0.0078977478
-0.0082344304
-0.0068459856
-0.0049839907
-0.0055597156
-0.0057628946
-0.0046116864
-0.0037333219
-0.0032683714
-0.0036119840
-0.0042581134
-0.0050188177
-0.0047636755
-0.0047730739
-0.0058729260
-0.0060281577
-0.0059728561
-0.0081433417
-0.0087409380
-0.0079094942
-0.0088210112
-0.0096631888
-0.0099532186
-0.0079117865
-0.0070663933
-0.0081538338
-0.0083905215
-0.0067612263
-0.0051753422
-0.0053207028
-0.0044142340
-0.0029693643
-0.0033806230
-0.0037996825
-0.0019071256
-0.0010601890
-0.0026222183
-0.0042871778
-0.0066138635
-0.0081619795
-0.0085406813
-0.0080837120
-0.0072219880
-0.0065569807
-0.0044894048
-0.0018684563
-0.0001815621
0.0003055393
0.0006667160
0.0007716045
0.0008714665
0.0010655223
0.0011586928
0.0008886117
-0.0000176884
0.0009611158
0.0014607507
-0.0000371046
-0.0007389254
-0.0000275663
0.0004373191
0.0015000598
0.0046009444
0.0054591727
0.0039262529
0.0035225116
0.0043446988
0.0047950134
0.0046309576
0.0051917787
0.0059059670
0.0055307675
0.0042763089
0.0029520537
0.0029426995
0.0036553861
0.0036510810
0.0032195476
0.0030839893
0.0032160257
0.0032911956
0.0032626129
0.0038990375
0.0054836780
0.0067954684
0.0075957161
0.0078676413
0.0075623949
0.0069105210
0.0063457355
0.0061060803
0.0055813675
0.0061136887
0.0072755970
0.0075201963
0.0078786127
0.0087442887
0.0105617961
0.0114079061
0.0130206427
0.0143818541
0.0143206563
0.0124498160
0.0115204788
0.0116313884
0.0095256864
0.0072484701
0.0073054340
0.0056232146
0.0028677360
0.0030684973
0.0041896022
0.0043455786
0.0058307855
0.0062646915
0.0067588620
0.0074761429
0.0051079132
0.0028378998
0.0009817002
-0.0020167572
-0.0040544044
-0.0057122315
-0.0078204199
-0.0084311644
-0.0096206863
-0.0105664822
-0.0101833614
-0.0099600429
-0.0099790576
-0.0082747702
-0.0071935650
-0.0061655495
-0.0054136103
-0.0039756576
-0.0032551127
-0.0037291462
-0.0029745051
-0.0012206033
-0.0007227167
-0.0006018270
0.0006556608
0.0012035539
-0.0001285926
-0.0017595252
-0.0017717147
-0.0017119163
-0.0024035515
-0.0033020556
-0.0038176142
-0.0033582608
-0.0017027366
-0.0004555739
-0.0012796767
-0.0012511833
0.0006800331
0.0016687919
0.0002452484
-0.0017059890
-0.0019064006
-0.0022198395
-0.0037526037
-0.0036918557
-0.0031241389
-0.0032344948
-0.0035375399
-0.0031367684
-0.0016052888
-0.0006618337
-0.0012475139
-0.0016982701
-0.0013771802
-0.0010602382
-0.0022096120
-0.0042441583
-0.0038268627
-0.0041984706
-0.0061051964
-0.0047173693
-0.0009227153
0.0001272270
-0.0003777112
0.0007504027
0.0010819359
-0.0005005047
-0.0021522238
-0.0013276469
-0.0004220346
-0.0007830147
-0.0014081387
-0.0027186633
-0.0041882390
-0.0035677996
-0.0028528076
-0.0031775866
-0.0036352367
-0.0036222730
-0.0034451936
-0.0034386503
-0.0048267748
-0.0065709268
-0.0066347543
-0.0073339036
-0.0082170706
-0.0092911360
-0.0106701743
-0.0089644941
-0.0053422219
-0.0031328516
-0.0018562250
0.0000940602
0.0020157503
0.0029525780
0.0032566947
0.0031078801
0.0031888455
0.0021425395
0.0004996967
-0.0003121097
-0.0012840302
-0.0022954420
-0.0036684736
-0.0033658331
-0.0015271482
0.0012454600
0.0020263580
0.0019625919
0.0032933675
0.0028410318
0.0009572965
0.0004985778
0.0021227645
0.0019588324
-0.0005481410
-0.0012627085
-0.0009897797
-0.0013093515
-0.0029644005
-0.0037797437
-0.0037306479
-0.0036026160
-0.0028191309
-0.0016948825
-0.0004365342
0.0004509296
0.0016541389
0.0013489547
0.0008682190
0.0004187013
-0.0005791740
-0.0011517341
-0.0021418890
-0.0034455221
-0.0044130453
-0.0062612932
-0.0073955372
-0.0057344790
-0.0038680544
-0.0048771347
-0.0059184949
-0.0055661655
-0.0049505048
-0.0049185042
-0.0051060101
-0.0042081377
-0.0025683365
-0.0023250431
-0.0030532700
-0.0022516140
-0.0002493397
0.0003226235
0.0011551766
0.0031698013
0.0042821517
0.0041938066
0.0045984253
0.0046868326
0.0039472018
0.0040965890
0.0045038727
0.0044693767
0.0042708256
0.0042973185
0.0044169350
0.0043551630
0.0034174703
0.0019214845
0.0017099681
0.0024477605
0.0024759975
0.0012179604
-0.0003997703
-0.0006105388
-0.0008912898
-0.0023389867
-0.0027016713
-0.0018367654
0.0001688754
0.0008907327
0.0019333898
0.0046715316
0.0073269359
0.0091581722
0.0100659387
0.0109758107
0.0123978512
0.0135238732
0.0125818131
0.0117314184
0.0124827415
0.0139703873
0.0141758135
0.0134198371
0.0129683665
0.0113920372
0.0106193646
0.0103791040
0.0092907428
0.0089051233
0.0091562470
0.0080915800
0.0060814358
0.0038726209
0.0042574310
0.0053772955
0.0051024128
0.0043971592
0.0043132684
0.0047998158
0.0061959173
0.0077510519
0.0095600866
0.0095263254
0.0097524621
0.0101351323
0.0101806661
0.0099637377
0.0089419484
0.0088491196
0.0093785906
0.0091796857
0.0075574007
0.0062157587
0.0062110398
0.0043417380
0.0012049958
-0.0011203184
-0.0028819310
-0.0045275760
-0.0045478286
-0.0053456874
-0.0069915469
-0.0071105966
-0.0065854971
-0.0066361789
-0.0069541246
-0.0070308986
-0.0069305098
-0.0068848253
-0.0069117875
-0.0064819483
-0.0050458193
-0.0041370910
-0.0046603906
-0.0046032301
-0.0029012063
-0.0012204181
-0.0004282585
-0.0000607611
0.0006446891
0.0025035504
0.0026511590
0.0014445206
0.0000410147
-0.0004148639
-0.0006430976
-0.0032527386
-0.0059245459
-0.0064025863
-0.0063036327
-0.0068221603
-0.0084791067
-0.0095346162
-0.0090231358
-0.0085846831
-0.0097716079
-0.0120461813
-0.0118490705
-0.0107263254
-0.0096326964
-0.0083179690
-0.0089109645
-0.0095894811
-0.0079421223
-0.0057563398
-0.0056867546
-0.0057767538
-0.0064043165
-0.0071327368
-0.0066947379
-0.0062440653
-0.0064182953
-0.0066719702
-0.0059677956
-0.0056097716
-0.0067645787
-0.0069408798
-0.0063918025
-0.0062647652
-0.0064900032
-0.0059433787
-0.0056771972
-0.0067731808
-0.0069020762
-0.0063752546
-0.0062750287
-0.0065070755
-0.0066017386
-0.0065171981
-0.0056990179
-0.0049222391
-0.0052929942
-0.0057121733
-0.0063521321
-0.0066738364
-0.0061648400
-0.0043827233
-0.0032725783
-0.0041968452
-0.0038664757
-0.0018844161
-0.0012479620
-0.0020197057
-0.0013883834
0.0005995448
0.0020193436
0.0027707232
0.0043949014
0.0055607012
0.0066001902
0.0076563559
0.0071341213
0.0060020827
0.0057613970
0.0056811075
0.0050832162
0.0034844609
0.0021789181
0.0011390825
-0.0013639535
-0.0023048396
-0.0028253555
-0.0039257523
-0.0038513385
-0.0046492735
-0.0064010608
-0.0062748100
-0.0035634977
-0.0026652976
-0.0040444866
-0.0045772027
-0.0038039016
-0.0022853579
-0.0010753418
-0.0013513108
-0.0019906691
-0.0018298665
-0.0013517688
-0.0012728663
-0.0015064229
-0.0015254671
-0.0015434980
-0.0024966376
-0.0029420064
-0.0023176035
-0.0011504487
-0.0007070228
0.0005799521
0.0016431479
0.0031582573
0.0046302546
0.0042716179
0.0034708884
0.0027690716
0.0033298321
0.0049406976
0.0051875211
0.0054423126
0.0054845391
0.0053309712
0.0054106315
0.0055741933
0.0056021723
0.0055311042
0.0056672295
0.0067943075
0.0070369643
0.0061823522
0.0049524284
0.0051585353
0.0059046243
0.0057896962
0.0051084064
0.0035948929
0.0027236313
0.0033137602
0.0036802756
0.0033779539
0.0031224455
0.0030917860
0.0031777463
0.0032163107
0.0032194149
0.0032344808
0.0031649407
0.0031467813
0.0031836818
0.0031957100
0.0031847992
0.0036291170
0.0050710013
0.0069017960
0.0083717772
0.0077717378
0.0070988486
0.0075154102
0.0080288421
0.0080082069
0.0078113624
0.0077852652
0.0078577751
0.0078805854
0.0078562120
0.0078240312
0.0065083846
0.0048014977
0.0053765468
0.0055197970
0.0043786770
0.0048463875
0.0061224661
0.0071923402
0.0083395808
0.0079028272
0.0080395333
0.0085417791
0.0077783418
0.0076539400
0.0080570496
0.0081339867
0.0079464652
0.0077550694
0.0061429424
0.0047456816
0.0039180326
0.0030751406
0.0018895831
0.0007566786
0.0011778877
0.0015521525
0.0012313592
0.0010416503
0.0028169721
0.0044249801
0.0051518454
0.0058063278
0.0063087194
0.0076648974
0.0082465963
0.0077279122
0.0074184131
0.0066320016
0.0054511457
0.0051692060
0.0038154456
0.0028219196
0.0023152850
0.0012175467
0.0011063200
0.0026270920
0.0040326919
0.0035757684
0.0030360314
0.0043327828
0.0051635540
0.0057675381
0.0056791757
0.0053719041
0.0054773805
0.0052351546
0.0030602680
0.0027172985
0.0033376469
0.0020122882
0.0004797358
0.0008238871
0.0005977031
-0.0014949781
-0.0017284257
-0.0012784069
-0.0026565333
-0.0046012640
-0.0058262404
-0.0071982306
-0.0083943884
-0.0078810450
-0.0075034730
-0.0092475029
-0.0113301431
-0.0106793744
-0.0097194628
-0.0099872665
-0.0089977637
-0.0074214082
-0.0079543373
-0.0077546598
-0.0058791268
-0.0043163930
-0.0035735630
-0.0036005342
-0.0040466158
-0.0056845893
-0.0085022586
-0.0107718756
-0.0106507089
-0.0106660452
-0.0123422653
-0.0130543629
-0.0125205908
-0.0123244057
-0.0126323360
-0.0128110138
-0.0124381417
-0.0102344332
-0.0081257918
-0.0073507949
-0.0056961661
-0.0042215291
-0.0037762291
-0.0053792044
-0.0068238561
-0.0062558002
-0.0067026453
-0.0082516920
-0.0083446273
-0.0077289510
-0.0068705032
-0.0052601424
-0.0045994116
-0.0025753263
-0.0006240844
-0.0003787303
0.0007273311
0.0010242937
0.0006835218
0.0007512880
0.0010239799
-0.0002293600
-0.0020379872
-0.0014949830
-0.0006105156
-0.0008024515
-0.0000238442
0.0029094758
0.0042560260
0.0029472004
0.0023578048
0.0030910880
0.0036047181
0.0034460923
0.0031648768
0.0022962064
0.0008949961
0.0007244258
0.0013585325
0.0005143356
-0.0014347569
-0.0017136457
-0.0008309727
-0.0007033125
-0.0009585098
0.0000006756
0.0014716074
0.0016083487
0.0017426978
0.0012121388
0.0002686460
-0.0019901767
-0.0043885965
-0.0052834221
-0.0068215327
-0.0085511431
-0.0104427923
-0.0103542317
-0.0096386196
-0.0099262408
-0.0103878700
-0.0095129799
-0.0064913025
-0.0037482535
-0.0020503062
-0.0002307671
0.0021525179
0.0037387420
0.0031661065
0.0026830408
0.0032182008
0.0036804805
0.0022858413
0.0003779348
0.0009106511
0.0017317011
0.0014737145
0.0009999391
0.0016865843
0.0018248855
0.0008040067
0.0008033350
0.0012837074
0.0013810094
0.0012090503
0.0009992682
0.0001106349
-0.0013028163
-0.0015207835
-0.0008232915
-0.0007501664
-0.0010161217
-0.0000639650
0.0014205397
0.0015571450
0.0019716380
0.0033722503
0.0036927995
0.0031329172
0.0026032077
0.0007407372
0.0010828256
0.0042993502
0.0051301378
0.0056137851
0.0061164627
0.0075644889
0.0064401135
0.0047878024
0.0048980001
0.0043657346
0.0032798024
0.0024629485
-0.0000018877
-0.0019373599
-0.0011058620
-0.0013743816
-0.0038229032
-0.0053146953
-0.0060802864
-0.0054578332
-0.0038251865
-0.0024907218
-0.0033363181
-0.0040872193
-0.0036862185
-0.0031931015
-0.0032246662
-0.0034170885
-0.0034376966
-0.0033656390
-0.0034057796
-0.0043818852
-0.0058817706
-0.0051844293
-0.0029255232
-0.0025071305
-0.0019536301
0.0000065958
0.0013413619
0.0030887655
0.0040212445
0.0051931747
0.0058733430
0.0056670197
0.0062031169
0.0057068523
0.0050076612
0.0039509483
0.0031269407
0.0030580790
0.0019933308
0.0008329488
0.0010923870
0.0004384130
-0.0016534532
-0.0008090291
0.0010085298
0.0005874100
-0.0003564436
-0.0009443295
-0.0013621609
-0.0010217204
-0.0020989727
-0.0040132520
-0.0036659200
-0.0029012882
-0.0037489171
-0.0044006353
-0.0032950445
-0.0030020294
-0.0021846078
-0.0005061014
0.0007960632
0.0006951597
0.0002120088
0.0011020886
0.0013848549
0.0010832828
0.0009555147
0.0002071984
-0.0012338398
-0.0014589869
0.0000781576
0.0009000033
0.0008986261
0.0010831369
0.0009866665
0.0009762883
0.0011264399
0.0010625411
-0.0000838038
-0.0014844589
-0.0013859707
-0.0004107257
0.0014534750
0.0018327814
0.0009088372
0.0016560871
0.0024715392
0.0012801904
0.0002561397
-0.0010689640
-0.0014887239
-0.0007690656
-0.0006409300
-0.0010939919
-0.0013038461
-0.0009455837
0.0004942196
0.0016950472
0.0017015061
0.0030715367
0.0027191868
0.0027510400
0.0022251089
0.0020320591
0.0021789025
0.0011919132
0.0004035027
-0.0013533114
-0.0017433590
-0.0019702977
-0.0022616178
-0.0033111836
-0.0032229516
-0.0015889989
-0.0004100765
-0.0006131854
0.0001815018
0.0013898212
0.0012435741
0.0012391199
0.0019261845
0.0011640449
0.0007876016
0.0012051695
0.0018473984
0.0026506511
0.0024698146
0.0016583334
0.0007728876
0.0006324836
0.0001657649
0.0005704612
0.0012917950
0.0005739522
0.0009270925
0.0013559642
0.0016426891
0.0029178247
0.0039062608
0.0038945193
0.0048787806
0.0060514407
0.0058109557
0.0053522995
0.0051289777
0.0049380809
0.0054818986
0.0047493141
0.0038739513
0.0032122841
0.0039161106
0.0056734074
0.0064170878
0.0060750989
0.0066276145
0.0073953209
0.0082332425
0.0081273868
0.0077830041
0.0083383683
0.0099917232
0.0104646252
0.0088449168
0.0084733392
0.0092871299
0.0091250583
0.0078302337
0.0077249949
0.0082791695
0.0076492645
0.0058449962
0.0051724928
0.0046389165
0.0032236192
0.0027293521
0.0024186895
0.0031767329
0.0040698701
0.0036082638
0.0030964836
0.0032743003
0.0035742200
0.0042345674
0.0049894370
0.0053298087
0.0051712025
0.0048344904
0.0050926441
0.0037651414
0.0028171090
0.0027632353
0.0016729644
0.0008270346
0.0006229574
0.0000554072
0.0000436186
-0.0004495191
-0.0014129174
-0.0025857618
-0.0039123298
-0.0040918718
-0.0050347979
-0.0059135442
-0.0056200105
-0.0053639869
-0.0069222059
-0.0088617196
-0.0082514462
-0.0080220063
-0.0097851419
-0.0108588386
-0.0102654417
-0.0104892845
-0.0123204733
-0.0131945360
-0.0124513890
-0.0120681043
-0.0124557883
-0.0127511268
-0.0126697592
-0.0125224095
-0.0112081901
-0.0095465526
-0.0101381308
-0.0109258940
-0.0106065270
-0.0088013165
-0.0070867852
-0.0078379952
-0.0073546838
-0.0052705100
-0.0046824145
-0.0046508685
-0.0048490575
-0.0047920485
-0.0045770388
-0.0051577587
-0.0060810573
-0.0064892028
-0.0069271926
-0.0067537794
-0.0059452188
-0.0058975615
-0.0065366355
-0.0057629765
-0.0047833350
-0.0042294561
-0.0046305766
-0.0042287753
-0.0031386756
-0.0032267774
-0.0036691208
-0.0036068506
-0.0033720832
-0.0040082972
-0.0056243632
-0.0068691498
-0.0063379542
-0.0048959528
-0.0038525051
-0.0022732634
-0.0013445602
-0.0012422773
-0.0022278206
-0.0029756906
-0.0023386688
-0.0018258710
-0.0014098272
-0.0008518013
-0.0011186218
-0.0014130083
-0.0019174293
-0.0025745898
-0.0022811618
-0.0012836861
0.0000871624
0.0011061864
0.0019444144
0.0029966567
0.0035597505
0.0032259795
0.0031129718
0.0034066062
0.0035816113
0.0035159339
0.0034329294
0.0029903313
0.0014894359
0.0006204233
0.0012784700
0.0020585101
0.0026739693
0.0027992658
0.0038863547
0.0049372920
0.0046043591
0.0041797991
0.0039632034
0.0028340698
0.0014754226
0.0009320236
0.0009745056
-0.0002523457
-0.0019551146
-0.0030664730
-0.0034753369
-0.0040249566
-0.0058771066
-0.0055761530
-0.0033897601
-0.0025143743
-0.0026261401
-0.0012062443
-0.0004533547
0.0004111326
0.0013117633
0.0006751625
-0.0006293987
-0.0008014490
-0.0010493225
-0.0010194782
-0.0009075051
-0.0010215820
-0.0011616134
-0.0011653590
-0.0011150237
-0.0011047544
-0.0011231997
-0.0008958866
0.0004467478
0.0016815419
0.0014954663
0.0019932768
0.0021242924
0.0008656171
0.0004579035
0.0000481921
0.0000432096
0.0004822064
0.0014218726
0.0015863880
0.0023816604
0.0038793182
0.0049324863
0.0047763444
0.0058203311
0.0082224285
0.0089025918
0.0099289033
0.0117275352
0.0127056996
0.0124103365
0.0120383411
0.0120439775
0.0104499361
0.0096443051
0.0101998856
0.0084575851
0.0060927012
0.0054235781
0.0057628741
0.0041495394
0.0027991855
0.0025477201
0.0024578881
0.0025909591
0.0032357982
0.0028582622
0.0017571592
0.0020589222
0.0034675000
0.0049074411
0.0057326078
0.0056571609
0.0052860421
0.0061441565
0.0056052756
0.0047499097
0.0049306413
0.0036659773
0.0014635730
-0.0007924359
-0.0015843292
-0.0019357615
-0.0034228797
-0.0048282150
-0.0061191154
-0.0070008069
-0.0088805213
-0.0088210767
-0.0072177656
-0.0060475960
-0.0052065252
-0.0044992218
-0.0024875415
-0.0011587231
-0.0004434967
0.0004930541
0.0012581313
0.0019278042
0.0036763424
0.0037551671
0.0034567048
0.0044955467
0.0053093333
0.0058836532
0.0056647660
0.0058895772
0.0078690930
0.0099194902
0.0088752617
0.0060966590
0.0045417195
0.0048520846
0.0033740035
0.0015857506
0.0007020728
-0.0001249153
-0.0011498908
-0.0011242705
-0.0010125088
-0.0022663973
-0.0026756103
-0.0019154786
-0.0006604850
-0.0005592177
0.0000931694
0.0011100172
0.0001793840
0.0006311186
0.0018963574
0.0039426485
0.0039071071
0.0028777472
0.0029227803
0.0033105176
0.0024520116
0.0017605115
0.0012268009
0.0008804503
0.0000600697
-0.0013879598
-0.0026277056
-0.0034271857
-0.0033449661
-0.0028850737
-0.0020961996
-0.0018503428
-0.0014021140
-0.0007922898
0.0009374462
0.0018161023
0.0019788777
0.0019640272
0.0009696843
0.0005131692
0.0000468318
-0.0010206382
-0.0013387723
-0.0009978533
-0.0025504310
-0.0041308213
-0.0034896287
-0.0037090861
-0.0055587473
-0.0062127397
-0.0054421815
-0.0053004281
-0.0065354919
-0.0065666560
-0.0053475856
-0.0053212591
-0.0049874119
-0.0035251152
-0.0030419603
-0.0036950786
-0.0030971218
-0.0018690691
-0.0020754562
-0.0032451548
-0.0039979190
-0.0041515228
-0.0045993068
-0.0051905834
-0.0059115453
-0.0057459312
-0.0054817651
-0.0056211018
-0.0058020570
-0.0051457919
-0.0048777188
-0.0060167644
-0.0061542193
-0.0056123612
-0.0054979600
-0.0051359552
-0.0038576426
-0.0030461966
-0.0030819649
-0.0020237937
-0.0008367779
-0.0011011341
-0.0006725035
0.0014844770
0.0016347678
0.0006854217
0.0006278855
0.0010691573
0.0012209728
0.0010873847
0.0010292354
0.0011303452
0.0011630831
0.0011228098
0.0011134810
0.0015098367
0.0025172613
0.0028110310
0.0034168583
0.0034634538
0.0031940166
0.0032525763
0.0034526725
0.0034919980
0.0034246493
0.0033965868
0.0036532954
0.0045344806
0.0035561761
0.0028701159
0.0033665106
0.0037125908
0.0035249767
0.0030970645
0.0017947569
0.0006442515
0.0010637142
0.0016345458
0.0013928991
0.0010130061
0.0010058549
0.0011478894
0.0011584216
0.0010287971
0.0010167812
0.0011511778
0.0011745452
0.0011096740
0.0010934521
0.0011214506
0.0011346004
0.0011260728
0.0011192035
0.0011211041
0.0011238928
0.0011239706
0.0008875835
-0.0002141125
-0.0005787163
-0.0011316675
-0.0011913381
-0.0008533554
-0.0008920697
-0.0011305336
-0.0011806838
-0.0010953445
-0.0010584891
-0.0012310487
-0.0022182608
-0.0027898370
-0.0034059230
-0.0035058113
-0.0031681415
-0.0032345111
-0.0033669743
-0.0024439043
-0.0018077501
-0.0009966294
0.0013380202
0.0030183750
0.0033551944
0.0030896019
0.0028797969
0.0022493504
0.0019421926
0.0014213835
0.0008223207
-0.0008780106
-0.0016103682
-0.0008162234
-0.0005541203
-0.0010128185
-0.0014323663
-0.0023432533
-0.0025756941
-0.0021934049
-0.0030570975
-0.0037363695
-0.0033732883
-0.0034036504
-0.0055300179
-0.0065082437
-0.0054189166
-0.0039003712
-0.0028613655
-0.0023108906
-0.0023334641
-0.0014932085
0.0000822844
0.0004204744
0.0007480868
0.0010415348
-0.0000146372
-0.0007147600
-0.0011019837
-0.0011812901
-0.0009505721
-0.0008404170
0.0000727137
0.0015206811
0.0024555229
0.0020612702
0.0005913239
0.0003784458
0.0012497324
0.0014686942
0.0010228494
0.0000504762
-0.0004545605
0.0000958082
0.0012442877
0.0024991486
0.0025435059
0.0018606399
0.0019105205
0.0031586563
0.0039029125
0.0033035884
0.0021671734
0.0016868604
0.0014257632
0.0009771919
0.0011366854
0.0012635457
0.0011616150
0.0010779732
0.0011316159
0.0019998578
0.0027334598
0.0031328885
0.0034844461
0.0033300140
0.0040700160
0.0049074714
0.0045990962
0.0051048943
0.0060047239
0.0057191517
0.0052582311
0.0045857359
0.0041077087
0.0037446144
0.0032794845
0.0025584555
0.0011732713
0.0007826973
0.0012291791
-0.0003115904
-0.0020442732
-0.0030378575
-0.0037446832
-0.0040118117
-0.0035939754
-0.0020606443
-0.0017095323
-0.0017364199
-0.0013177070
-0.0021945239
-0.0037845305
-0.0039251117
-0.0030880052
-0.0030622276
-0.0043607978
-0.0051983139
-0.0046886309
-0.0050707563
-0.0051515889
-0.0042566707
-0.0034479200
-0.0015785953
-0.0006423503
-0.0015200487
-0.0009953497
0.0002648431
0.0010574175
0.0029640196
0.0039550756
0.0030786650
0.0035326195
0.0047459454
0.0046171803
0.0033496948
0.0027426853
0.0033336277
0.0022642943
-0.0010611270
-0.0030630518
-0.0030959011
-0.0036727099
-0.0053070279
-0.0062164862
-0.0057253026
-0.0047102754
-0.0035142413
-0.0032664937
-0.0032910580
-0.0018769060
-0.0002328482
0.0001255286
0.0001221451
0.0008729657
0.0009454191
0.0000038153
-0.0014686262
-0.0025240136
-0.0033261947
-0.0037018153
-0.0033807918
-0.0039953375
-0.0052220270
-0.0050698715
-0.0039058700
-0.0037750576
-0.0045394575
-0.0038206413
-0.0028011730
-0.0022284277
-0.0033115826
-0.0044416951
-0.0039599624
-0.0034065907
-0.0035712658
-0.0038736630
-0.0038952378
-0.0044005550
-0.0052201845
-0.0050383068
-0.0039961420
-0.0032245712
-0.0030751783
-0.0019831476
-0.0011798834
-0.0009369718
0.0003089592
0.0018187010
0.0022169197
0.0016267318
0.0021570409
0.0020766253
-0.0004090935
-0.0019031932
-0.0022889577
-0.0030544358
-0.0037998578
-0.0036239991
-0.0027962255
-0.0014945897
-0.0010987534
-0.0010882564
0.0002578591
0.0018736454
0.0022145283
0.0022263853
0.0036683327
0.0045925242
0.0040826446
0.0044013243
0.0055730366
0.0062143897
0.0073111769
0.0073109950
0.0059739874
0.0053567701
0.0045578258
0.0040680211
0.0037964629
0.0030953842
0.0031072567
0.0039835993
0.0047647406
0.0049723533
0.0054247160
0.0060573147
0.0075120669
0.0094610724
0.0105864554
0.0104906527
0.0109386660
0.0104370494
0.0088138919
0.0077078177
0.0063758911
0.0038560090
0.0012755182
-0.0000761487
-0.0012453052
-0.0032865923
-0.0052384701
-0.0075887541
-0.0092652396
-0.0099481146
-0.0102581340
-0.0107779626
-0.0117420768
-0.0117315987
-0.0114031544
-0.0107892190
-0.0088436142
-0.0068367748
-0.0061866942
-0.0042378657
-0.0012255343
0.0002283555
0.0014497950
0.0031667480
0.0045664025
0.0046934038
0.0057886230
0.0075198301
0.0080307673
0.0079896034
0.0094005300
0.0104058115
0.0091659633
0.0072639244
0.0070197561
0.0073274898
0.0060018533
0.0048600780
0.0039296274
0.0026135785
0.0016122115
-0.0009074290
-0.0023256321
-0.0025816402
-0.0037226176
-0.0044580596
-0.0050157586
-0.0055378040
-0.0062492740
-0.0054978428
-0.0037730480
-0.0026209280
-0.0006123316
0.0026832121
0.0041784490
0.0049897402
0.0062649372
0.0068518891
0.0073742384
0.0074172972
0.0074075171
0.0075124224
0.0075950804
0.0075918959
0.0075656989
0.0075737750
0.0082365277
0.0084241680
0.0065527829
0.0048528694
0.0042387382
0.0035862884
0.0016626894
-0.0012302114
-0.0036494662
-0.0055306848
-0.0061719339
-0.0054967909
-0.0055209726
-0.0054689963
-0.0041922345
-0.0034578214
-0.0033661977
-0.0021366499
-0.0005717672
-0.0001468806
-0.0001028933
0.0006227913
0.0000600098
-0.0016833753
-0.0035453989
-0.0057337916
-0.0065968051
-0.0069232062
-0.0083374180
-0.0090982525
-0.0088665367
-0.0065054722
-0.0042915124
-0.0026233497
-0.0011234865
-0.0005476753
0.0012980835
0.0022456679
0.0016529895
0.0007434692
-0.0003640068
-0.0013244133
-0.0015892242
-0.0017720121
-0.0025475866
-0.0032713305
-0.0032324245
-0.0014672785
-0.0006428643
-0.0008019900
-0.0003769297
-0.0003522828
-0.0011032462
-0.0018667883
-0.0021316492
-0.0032518013
-0.0040159203
-0.0042301304
-0.0048066885
-0.0041813237
-0.0024970407
-0.0012626691
0.0000572168
0.0025052348
0.0050357827
0.0063875359
0.0062583218
0.0051236993
0.0038417091
0.0024433055
0.0008130628
-0.0020326596
-0.0061586735
-0.0081171667
-0.0088106887
-0.0096674980
-0.0099177206
-0.0084029987
-0.0063223763
-0.0041921902
-0.0028988960
-0.0023321361
-0.0013021511
0.0001580761
0.0014844442
0.0018917123
0.0014110692
0.0006597942
-0.0005071591
-0.0009450545
-0.0003971329
-0.0001902490
0.0001297982
0.0007750269
0.0012254762
0.0024002909
0.0037572521
0.0048203904
0.0051216217
0.0047248818
0.0039801052
0.0034516894
0.0039206525
0.0042424969
0.0040117380
0.0037845330
0.0038187579
0.0039222156
0.0046001490
0.0062409407
0.0075339072
0.0081573639
0.0090403809
0.0096934681
0.0093895112
0.0084127395
0.0071570168
0.0061766552
0.0052846731
0.0049189212
0.0035581792
0.0014271223
0.0013524258
0.0021945141
0.0013029540
0.0000291087
-0.0005776320
-0.0016469443
-0.0028998734
-0.0039245071
-0.0040752829
-0.0036628978
-0.0037802115
-0.0048937154
-0.0048740764
-0.0045155011
-0.0051891924
-0.0045355227
-0.0044797393
-0.0056397224
-0.0064642682
-0.0066330330
-0.0061807039
-0.0061050989
-0.0063810540
-0.0065087566
-0.0063772420
-0.0054262742
-0.0038880219
-0.0020026031
-0.0012765660
-0.0005399874
0.0014283299
0.0018499954
0.0010447945
0.0010131380
0.0023667886
0.0032266931
0.0026371335
0.0021684072
0.0015932279
0.0011882275
0.0015732186
0.0018430539
0.0025593034
0.0030913207
0.0034775489
0.0027261889
0.0020806380
0.0025488441
0.0027802011
0.0016440482
0.0008947142
0.0004378480
0.0003063875
0.0005497426
0.0005436685
0.0003578096
0.0003558727
0.0004414973
0.0002991440
-0.0006968443
-0.0009449038
0.0003817224
0.0001380598
-0.0000353564
0.0005152117
0.0005238264
0.0004649042
0.0014566463
0.0019696882
0.0016834696
0.0028150551
0.0044509403
0.0044368829
0.0050205307
0.0063483341
0.0064380080
0.0059213877
0.0056696626
0.0047054296
0.0032878605
0.0019868186
0.0002235658
0.0000927994
-0.0002300236
-0.0005705185
-0.0005651697
-0.0008060990
-0.0019288078
-0.0018685653
-0.0002898528
-0.0000187569
-0.0010463380
-0.0024019458
-0.0021103111
-0.0015762580
-0.0027594946
-0.0032863490
-0.0027998564
-0.0026309523
-0.0024555729
-0.0011267749
0.0002465275
0.0011594424
0.0020867995
0.0032541640
0.0040377409
0.0042067884
0.0049840841
0.0052397104
0.0049962343
0.0049740934
0.0051493319
0.0052183117
0.0051679698
0.0051333967
0.0051435374
0.0047123366
0.0037315933
0.0038394668
0.0043870907
0.0043776341
0.0041402975
0.0035216105
0.0026404695
0.0022500943
0.0018181169
0.0013081709
-0.0000734797
-0.0014569093
-0.0017271625
-0.0018042962
-0.0026336812
-0.0033861496
-0.0040568064
-0.0038075735
-0.0035298783
-0.0029946611
-0.0022665456
-0.0018923177
-0.0007167757
0.0006748498
0.0010777299
0.0011851905
0.0019404714
0.0019715094
0.0010220309
-0.0004245505
-0.0008117785
-0.0007615993
-0.0014900478
-0.0025034415
-0.0038774766
-0.0042538918
-0.0044099329
-0.0049977852
-0.0050345489
-0.0048867584
-0.0049025829
-0.0042502691
-0.0036436160
-0.0039388119
-0.0033736283
-0.0025823595
-0.0036650884
-0.0047193985
-0.0041970516
-0.0036562373
-0.0039172829
-0.0051138077
-0.0058081481
-0.0052264140
-0.0056703991
-0.0066370768
-0.0065857060
-0.0070920439
-0.0077789890
-0.0083441931
-0.0077572855
-0.0068503096
-0.0062839339
-0.0063402776
-0.0066922212
-0.0066402957
-0.0062502449
-0.0052202656
-0.0047542223
-0.0041648356
-0.0028093572
-0.0015158557
-0.0006706806
-0.0007608578
-0.0010805760
-0.0008302756
-0.0005091443
-0.0004251625
0.0006038586
0.0019610795
0.0022256021
0.0035302068
0.0044529917
0.0048692642
0.0049279485
0.0040300080
0.0046158793
0.0044063602
0.0039180858
0.0040669921
0.0042467611
0.0041628227
0.0040548492
0.0038303543
0.0025391516
0.0010948325
0.0002232098
-0.0004620557
-0.0002418644
0.0000006446
-0.0000888440
0.0008021502
0.0011805577
0.0018723912
0.0022001522
0.0029205807
0.0031311099
0.0027757337
0.0029735327
0.0043090583
0.0045224401
0.0038981707
0.0037931785
0.0036474083
0.0019278124
-0.0000147193
-0.0004116763
-0.0014655769
-0.0015629215
-0.0011144248
-0.0012527677
-0.0016103141
-0.0016534007
-0.0010698020
0.0004070979
0.0017116000
0.0021093231
0.0016109457
0.0014290729
0.0017546662
0.0020485776
0.0015531151
0.0004356589
0.0000305300
-0.0009029026
-0.0017634944
-0.0019156277
-0.0030102620
-0.0041384009
-0.0038425414
-0.0033886590
-0.0031458268
-0.0020252438
-0.0011190511
-0.0009951924
0.0002083317
0.0011156283
0.0006859933
0.0010309206
0.0021775385
0.0021398163
0.0016882622
0.0017763287
0.0020358432
0.0020079061
0.0025763389
0.0034406648
0.0031922298
0.0034047793
0.0043799567
0.0043637872
0.0039150489
0.0039534977
0.0041918552
0.0035721285
0.0026250791
0.0028663269
0.0019773555
0.0001731658
-0.0001034231
-0.0009120348
-0.0030983695
-0.0052211086
-0.0058405084
-0.0058115709
-0.0057164269
-0.0059258510
-0.0061332654
-0.0052891143
-0.0037180978
-0.0033984875
-0.0032668444
-0.0018752921
-0.0004238923
-0.0002866013
-0.0009060092
-0.0008359529
0.0003474535
0.0003594906
-0.0000195648
0.0007542519
0.0017174495
0.0021526948
0.0024684555
0.0029813221
0.0028400241
0.0017919321
0.0003545508
0.0001548708
-0.0007102838
-0.0020591270
-0.0023858115
-0.0016536858
-0.0000989263
0.0000439626
-0.0016162487
-0.0025563689
-0.0025770401
-0.0025860256
-0.0023288518
-0.0014277408
-0.0011942784
-0.0017310416
-0.0017189454
-0.0004609639
0.0001356017
-0.0003233789
0.0003459241
0.0011043366
0.0008590098
0.0004270822
-0.0003993819
-0.0006118555
-0.0001349351
0.0002070841
0.0010488105
0.0010520252
0.0005740196
0.0008166888
0.0024268583
0.0037167502
0.0033658913
0.0038289567
0.0041052878
0.0026634821
0.0011498457
0.0005322072
0.0002389491
-0.0013955616
-0.0021067654
-0.0025166854
-0.0024540048
-0.0023412199
-0.0020496926
-0.0012237680
-0.0012952252
-0.0017127970
-0.0016544150
-0.0009602106
0.0000557534
-0.0007714408
-0.0021465857
-0.0024407510
-0.0026185997
-0.0030897961
-0.0038867685
-0.0037779553
-0.0035390875
-0.0037128964
-0.0038858665
-0.0038631938
-0.0038002298
-0.0038017257
-0.0038272846
-0.0038307688
-0.0037638388
-0.0029250906
-0.0023188102
-0.0034719051
-0.0036143009
-0.0023838994
-0.0022886480
-0.0027528431
-0.0028384282
-0.0025651430
-0.0015627953
-0.0010472556
-0.0006277541
-0.0001348868
0.0006693492
0.0009451463
0.0005855566
0.0004502713
-0.0003068444
-0.0005882114
-0.0000609421
0.0000226765
-0.0002940753
-0.0004001772
-0.0002979412
-0.0004770872
-0.0016108179
-0.0017680543
-0.0012107608
-0.0011444313
-0.0014178615
-0.0014627898
-0.0012067646
-0.0000955281
0.0000610175
-0.0001768418
0.0011073391
0.0028220089
0.0038971622
0.0049128743
0.0059895187
0.0066316878
0.0063850667
0.0058152592
0.0051290654
0.0044305116
0.0019808578
0.0000882812
0.0005022355
-0.0001265749
-0.0010804531
-0.0001178842
0.0008978806
0.0011688326
0.0012438510
0.0019359172
0.0019217049
0.0016451812
0.0023918740
0.0034289184
0.0024838426
0.0011445206
0.0014544122
0.0013624985
0.0014800096
0.0022697718
0.0028587357
0.0030829906
0.0026869568
0.0017141233
0.0004411553
0.0002552976
0.0000003605
-0.0005158052
-0.0004448083
-0.0003406705
-0.0004618776
-0.0005694868
-0.0005506036
-0.0005054252
-0.0005040388
-0.0006670378
-0.0016388329
-0.0020117672
-0.0014251651
-0.0009416571
-0.0002022424
-0.0002775824
-0.0009245873
-0.0018989888
-0.0017625048
-0.0011982591
-0.0012343855
-0.0015393173
-0.0016058902
-0.0014663708
-0.0009085079
-0.0004157978
-0.0015333319
-0.0019154049
-0.0013260190
-0.0005809909
0.0006150880
0.0013430577
0.0015566772
0.0021412459
0.0028050177
0.0041748542
0.0048531668
0.0043135641
0.0047653157
0.0060290793
0.0066135751
0.0069667278
0.0067284278
0.0065396078
0.0058434208
0.0044967436
0.0034433880
0.0033134316
0.0021436946
-0.0001036672
-0.0011987941
-0.0018321907
-0.0028975795
-0.0035300643
-0.0042980664
-0.0056061210
-0.0058027067
-0.0052698202
-0.0052665244
-0.0056080594
-0.0055610043
-0.0042823746
-0.0028981685
-0.0028896901
-0.0021690740
-0.0005495099
0.0005509466
0.0003265045
0.0012470625
0.0029705203
0.0039662665
0.0034948137
0.0030618213
0.0033735373
0.0037100930
0.0032292032
0.0016685224
0.0007899807
0.0014315503
0.0013825078
0.0001137044
-0.0001048961
-0.0000497788
-0.0009553664
-0.0011266496
-0.0007452295
-0.0007080727
-0.0004709716
0.0008824165
0.0018160458
0.0012201297
-0.0000880492
-0.0016526470
-0.0016235662
-0.0017028030
-0.0017739881
-0.0018580945
-0.0024697598
-0.0030014338
-0.0018935220
-0.0015046706
-0.0020449073
-0.0022523882
-0.0013667659
-0.0003658349
-0.0007083400
-0.0005171228
0.0004984719
0.0004873626
0.0007388320
0.0010238030
0.0001699147
0.0007399545
0.0020393987
0.0018336785
0.0018830397
0.0021461826
0.0012935957
0.0006119534
0.0002475568
-0.0000812123
-0.0007686233
-0.0006871668
-0.0004356379
0.0001174141
0.0008075966
0.0011717909
0.0017455947
0.0016701732
0.0014548751
0.0014559811
0.0008626915
0.0011202644
0.0021388741
0.0019633054
0.0014656720
0.0014445878
0.0008485644
0.0002251760
0.0005683539
0.0008426126
0.0006548552
0.0004647200
0.0004926787
0.0005180221
-0.0002546215
-0.0009568918
-0.0014001166
-0.0017686598
-0.0015401890
-0.0014910711
-0.0016663252
-0.0009224498
-0.0001447372
-0.0004755268
0.0000651471
0.0008785112
0.0007502110
0.0013761914
0.0019443579
0.0015868279
0.0004467642
0.0001814966
0.0008038313
0.0009700841
0.0006551547
0.0005844285
0.0016661990
0.0021420921
0.0016418879
0.0013932186
0.0014585249
0.0006769520
0.0002390482
0.0006435392
0.0008218111
0.0006010575
0.0004631467
0.0004274565
-0.0005050414
-0.0009038972
-0.0004025940
-0.0002978289
-0.0007346421
-0.0016721394
-0.0010170065
0.0000661811
0.0008442044
0.0019070797
0.0029562105
0.0029409807
0.0024973651
0.0026247187
0.0028222825
0.0019159522
0.0012701808
0.0008160641
0.0005076141
-0.0002953764
-0.0006487522
-0.0004247920
-0.0012962165
-0.0018559055
-0.0014503250
-0.0010953240
-0.0001914555
0.0010310533
0.0012030575
0.0015999555
0.0020376644
0.0018376453
0.0008253699
0.0003884083
0.0000000539
-0.0001599203
0.0000737234
0.0000635782
-0.0002624907
-0.0012358650
-0.0016152156
-0.0011445256
-0.0007446100
0.0000236468
0.0004315757
0.0009122134
0.0011645291
0.0008750146
-0.0000826456
-0.0002690458
0.0004608954
0.0015442574
0.0017923090
0.0021422896
0.0024454289
0.0022745300
0.0022269071
0.0023865472
0.0024733726
0.0024346362
0.0022484001
0.0011413772
-0.0002063004
-0.0002591809
-0.0007121126
-0.0022976507
-0.0035775740
-0.0035419270
-0.0038159847
-0.0034134912
-0.0029249423
-0.0031977302
-0.0024978902
-0.0018211972
-0.0012193326
-0.0010149666
-0.0014474527
-0.0024490230
-0.0027964672
-0.0032466008
-0.0034793365
-0.0032237315
-0.0033631739
-0.0046016924
-0.0052508251
-0.0056372418
-0.0058008683
-0.0054525663
-0.0044888862
-0.0042750153
-0.0048347968
-0.0049740745
-0.0048907571
-0.0055317834
-0.0049759023
-0.0041816564
-0.0045038719
-0.0047531392
-0.0036836821
-0.0031407033
