-0.0080784676
-0.0107377907
-0.0133896323
-0.0158968869
-0.0182226389
-0.0203903853
-0.0223691798
-0.0238694847
-0.0244074693
-0.0235881569
-0.0213994765
-0.0181720814
-0.0144233366
-0.0107542188
-0.0075910264
-0.0050560979
-0.0031448718
-0.0018319471
-0.0010386013
-0.0006108664
-0.0004449219
-0.0004409117
-0.0005005517
-0.0005718212
-0.0005523874
-0.0001420395
0.0010436207
0.0032232413
0.0062890615
0.0098045069
0.0131680392
0.0157732918
0.0170416441
0.0162565189
0.0126214230
0.0061297397
-0.0022280260
-0.0109089917
-0.0188510731
-0.0257179707
-0.0306574498
-0.0328738604
-0.0323197206
-0.0295379012
-0.0252441854
-0.0199689351
-0.0141172137
-0.0082556048
-0.0030592176
0.0009615464
0.0034691673
0.0042525686
0.0032949717
0.0009550339
-0.0019864414
-0.0046376579
-0.0063531013
-0.0068337339
-0.0060403658
-0.0040672397
-0.0011124897
0.0025960175
0.0068284136
0.0113046547
0.0155739060
0.0191204292
0.0215441874
0.0226157334
0.0222271228
0.0204295168
0.0175344122
0.0141161471
0.0106112440
0.0071703790
0.0038501120
0.0007226376
-0.0020124154
-0.0039970445
-0.0048117212
-0.0042920216
-0.0026708145
-0.0004539153
0.0017454281
0.0033748013
0.0040559897
0.0035131155
0.0015968593
-0.0016421263
-0.0059117976
-0.0106250760
-0.0150752430
-0.0186976974
-0.0212785519
-0.0228515967
-0.0234453640
-0.0229258579
-0.0211969902
-0.0183878540
-0.0148536251
-0.0110458235
-0.0073732886
-0.0041000710
-0.0013492641
0.0008042267
0.0024014369
0.0035755315
0.0043616918
0.0047126583
0.0046558264
0.0043864868
0.0043034213
0.0048673113
0.0063638362
0.0088094958
0.0119371566
0.0152937770
0.0183807603
0.0208765640
0.0226769150
0.0237518011
0.0239718647
0.0231450203
0.0212483745
0.0185198244
0.0153885589
0.0123601363
0.0098319807
0.0079660902
0.0067074014
0.0059091420
0.0054054075
0.0050422477
0.0046631955
0.0042054571
0.0037230312
0.0033163803
0.0030938430
0.0031461285
0.0034713872
0.0038684210
0.0040501154
0.0038682614
0.0033549760
0.0026152294
0.0017663596
0.0008991065
0.0000361850
-0.0007062592
-0.0010353752
-0.0006786760
0.0003266279
0.0017054021
0.0031460896
0.0044722056
0.0056508524
0.0067361848
0.0076834577
0.0083048552
0.0083291624
0.0074965331
0.0057011370
0.0031287504
0.0000756982
-0.0031190780
-0.0061268269
-0.0087224526
-0.0107887285
-0.0123491319
-0.0135380225
-0.0144805745
-0.0152580602
-0.0159029307
-0.0164420976
-0.0170302428
-0.0178354917
-0.0188346450
-0.0197944849
-0.0203543791
-0.0202569020
-0.0194717107
-0.0181501884
-0.0165511496
-0.0149522349
-0.0135087710
-0.0121740616
-0.0108473057
-0.0095403182
-0.0083905838
-0.0076253278
-0.0074247596
-0.0078062765
-0.0086434705
-0.0096747523
-0.0106396935
-0.0113720040
-0.0117294616
-0.0115574421
-0.0107919447
-0.0094822453
-0.0078022848
-0.0059971451
-0.0043061620
-0.0028932997
-0.0018895794
-0.0013738028
-0.0013194645
-0.0015779145
-0.0018639682
-0.0018166393
-0.0011270418
0.0003245583
0.0025179854
0.0053078758
0.0084311373
0.0115899676
0.0145257744
0.0169512276
0.0185334249
0.0188481132
0.0173636329
0.0141347001
0.0093440906
0.0032042791
-0.0034910157
-0.0096228885
-0.0144921080
-0.0178041155
-0.0195179937
-0.0197166686
-0.0184682499
-0.0158906944
-0.0122840314
-0.0078893933
-0.0028770601
0.0025294272
0.0078488688
0.0126080623
0.0164447102
0.0192212796
0.0209743967
0.0218454654
0.0220287539
0.0217065584
0.0211418689
0.0205363861
0.0200429897
0.0197090209
0.0193605504
0.0188595889
0.0181551904
0.0170721770
0.0152798789
0.0125318581
0.0084476067
0.0026525113
-0.0044308377
-0.0117687584
-0.0187231539
-0.0251889897
-0.0311515904
-0.0364802754
-0.0409062839
-0.0441194087
-0.0458922693
-0.0461985493
-0.0452629174
-0.0432548715
-0.0402809419
-0.0365868388
-0.0325050594
-0.0281743206
-0.0235617083
-0.0187894616
-0.0142286551
-0.0102146633
-0.0067037826
-0.0034266287
-0.0001059472
0.0032952206
0.0064944613
0.0091740389
0.0112385372
0.0127241172
0.0137404922
0.0142667613
0.0141608262
0.0132835649
0.0116577055
0.0095125467
0.0071632712
0.0047917554
0.0025734614
0.0007524386
-0.0004788294
-0.0011007940
-0.0012320062
-0.0009890624
-0.0004401309
0.0003235750
0.0011601749
0.0018478395
0.0021788815
0.0019314441
0.0008791828
-0.0008968262
-0.0030375246
-0.0051420803
-0.0068562132
-0.0078961464
-0.0081027881
-0.0075604852
-0.0063747256
-0.0046932778
-0.0029079469
-0.0014861157
-0.0007152418
-0.0006642557
-0.0012489105
-0.0023189832
-0.0036907563
-0.0050789765
-0.0061734581
-0.0066446646
-0.0061049926
-0.0041716014
-0.0007815396
0.0038962760
0.0095162341
0.0154349990
0.0211140230
0.0261878288
0.0303353536
0.0334218573
0.0354407754
0.0362596496
0.0357142653
0.0338616785
0.0309736181
0.0272418388
0.0228358218
0.0181039797
0.0133550316
0.0087378059
0.0043560697
0.0002609040
-0.0036411578
-0.0076328258
-0.0117390936
-0.0155908963
-0.0188441116
-0.0214118699
-0.0234713083
-0.0254638687
-0.0276936235
-0.0300389453
-0.0321635918
-0.0336580844
-0.0341818732
-0.0336306105
-0.0320341348
-0.0294943382
-0.0263535151
-0.0230197799
-0.0197430758
-0.0165071485
-0.0130774243
-0.0092410327
-0.0050248142
-0.0006576949
0.0036104769
0.0076438584
0.0114298785
0.0150015688
0.0181872363
0.0207369460
0.0225020762
0.0235179221
0.0240602059
0.0244911558
0.0249643375
0.0253546017
0.0254238940
0.0249394763
0.0237600689
0.0219368492
0.0196302289
0.0169787097
0.0140815051
0.0111686744
0.0085969725
0.0067660042
0.0059986581
0.0063439472
0.0074635587
0.0087888925
0.0097345036
0.0099538726
0.0093532182
0.0080006826
0.0060123611
0.0035673323
0.0009736637
-0.0014256807
-0.0033657225
-0.0046831944
-0.0053146637
-0.0053152474
-0.0048543764
-0.0041490502
-0.0033800538
-0.0026279568
-0.0018880655
-0.0011615341
-0.0004841974
0.0001329324
0.0007318713
0.0014013304
0.0023922093
0.0039966345
0.0063047546
0.0092094828
0.0126409598
0.0164799557
0.0204249199
0.0240632733
0.0270417336
0.0292070162
0.0305136235
0.0309312044
0.0303231917
0.0284870412
0.0254094088
0.0212862740
0.0164507043
0.0113368163
0.0065199129
0.0025187766
-0.0006597365
-0.0034161262
-0.0061677252
-0.0090748585
-0.0120499456
-0.0149276879
-0.0176630010
-0.0203409275
-0.0231352312
-0.0262191885
-0.0295577604
-0.0327987145
-0.0354508373
-0.0371841944
-0.0379006556
-0.0375918705
-0.0362402617
-0.0338175038
-0.0303689042
-0.0261136006
-0.0214054541
-0.0166567457
-0.0122329613
-0.0083672852
-0.0051345657
-0.0025796010
-0.0006987533
0.0006009784
0.0014774792
0.0020176266
0.0021383338
0.0016174974
0.0002180545
-0.0021606212
-0.0053849563
-0.0092122939
-0.0135109703
-0.0180181436
-0.0222619550
-0.0256803275
-0.0279134721
-0.0288585540
-0.0286425830
-0.0275470357
-0.0257473131
-0.0233288875
-0.0204556512
-0.0174147112
-0.0145054109
-0.0119257305
-0.0098398268
-0.0083351731
-0.0073908535
-0.0069274079
-0.0068144940
-0.0068845113
-0.0069183323
-0.0067203099
-0.0062361948
-0.0055092434
-0.0045834527
-0.0035348838
-0.0023593200
-0.0010052764
0.0004517984
0.0018469507
0.0030217099
0.0038067938
0.0040681814
0.0037018186
0.0026286778
0.0008887684
-0.0011936702
-0.0031000182
-0.0043422046
-0.0045292657
-0.0034737030
-0.0013146006
0.0014479640
0.0042001162
0.0064770428
0.0080581726
0.0089109498
0.0090219943
0.0083442263
0.0069353168
0.0050526535
0.0030188832
0.0010669209
-0.0007523218
-0.0025552516
-0.0044837333
-0.0065995002
-0.0088722235
-0.0111871612
-0.0134047458
-0.0152085362
-0.0161257309
-0.0157317297
-0.0139331067
-0.0108792194
-0.0069300428
-0.0025011323
0.0019893227
0.0060612411
0.0093042482
0.0115603028
0.0129091749
0.0135023552
0.0134578332
0.0128151785
0.0117079819
0.0104268146
0.0091999666
0.0080986930
0.0070529599
0.0059964895
0.0049759367
0.0040176636
0.0030480610
0.0019905645
0.0008678121
-0.0001435477
-0.0007117497
-0.0006166740
0.0002099830
0.0016747724
0.0036025547
0.0058794855
0.0084615131
0.0112697646
0.0141464568
0.0168837046
0.0192681992
0.0212590978
0.0229659153
0.0244987291
0.0258446745
0.0268633397
0.0274804552
0.0277569051
0.0277318620
0.0273811757
0.0266111889
0.0252585218
0.0232285414
0.0205909535
0.0175771980
0.0145449970
0.0118752061
0.0098712692
0.0086574182
0.0081686980
0.0081987142
0.0085223392
0.0089806306
0.0094928776
0.0100225200
0.0105763788
0.0111317257
0.0116266517
0.0119940389
0.0121743179
0.0121747230
0.0120927562
0.0120687879
0.0121019335
0.0120334431
0.0117262785
0.0111204402
0.0102143822
0.0090660203
0.0077243642
0.0062142323
0.0044870578
0.0024678446
0.0001271978
-0.0025129553
-0.0054143715
-0.0084624143
-0.0114099862
-0.0141202066
-0.0166316365
-0.0189830599
-0.0211218691
-0.0228346312
-0.0238176127
-0.0237576382
-0.0225325843
-0.0202327683
-0.0170306975
-0.0130897350
-0.0086040414
-0.0038677645
0.0008085045
0.0050938287
0.0086882818
0.0114609654
0.0134494993
0.0147465738
0.0154138087
0.0154966518
0.0150331848
0.0140880780
0.0127468122
0.0110716437
0.0092098384
0.0073727966
0.0057035371
0.0041755154
0.0026691949
0.0012853516
0.0003620616
0.0001407771
0.0005366137
0.0011672257
0.0015593393
0.0013460495
0.0004356760
-0.0010227933
-0.0026582293
-0.0040917412
-0.0051596576
-0.0059066857
-0.0064600384
-0.0068161260
-0.0068462885
-0.0063872398
-0.0053651087
-0.0038431761
-0.0019174534
0.0003124188
0.0027439108
0.0053306329
0.0079736908
0.0104544951
0.0124122233
0.0134551710
0.0134030261
0.0123071067
0.0102137869
0.0070493511
0.0026565691
-0.0030685535
-0.0097234578
-0.0165368712
-0.0228176078
-0.0279897754
-0.0318184118
-0.0344843748
-0.0362294722
-0.0369956145
-0.0364274360
-0.0342684534
-0.0304891426
-0.0252748589
-0.0188647066
-0.0115817907
-0.0038603128
0.0037786147
0.0108340359
0.0170329629
0.0223765299
0.0269778650
0.0308896092
0.0340819488
0.0364634256
0.0378483040
0.0379405476
0.0364784317
0.0336236821
0.0300221038
0.0264278838
0.0232985117
0.0208125218
0.0188833836
0.0172541757
0.0157666528
0.0143285051
0.0128868188
0.0113904081
0.0097397205
0.0079269191
0.0060424567
0.0043057255
0.0030313386
0.0025178655
0.0029326800
0.0042723452
0.0064200496
0.0092159317
0.0125454338
0.0162714919
0.0201258411
0.0237290564
0.0268325091
0.0293908669
0.0314802595
0.0331225305
0.0343184818
0.0351305351
0.0357343891
0.0363286856
0.0370211537
0.0378078084
0.0385757200
0.0392432691
0.0398099677
0.0402694993
0.0405929019
0.0408233911
0.0411074390
0.0415249786
0.0420571179
0.0426393682
0.0431946076
0.0436785209
0.0440638740
0.0443377691
0.0445194784
0.0446675461
0.0448747368
0.0452156422
0.0457218124
0.0463055344
0.0468181617
0.0470626400
0.0468136723
0.0458838279
0.0442096267
0.0419227829
0.0392212106
0.0362881983
0.0332980059
0.0304834709
0.0280330655
0.0259538753
0.0241863888
0.0227285969
0.0216666498
0.0210545942
0.0207886692
0.0206072079
0.0201797388
0.0192754583
0.0177652817
0.0154630929
0.0122588725
0.0082207346
0.0036527691
-0.0009932691
-0.0054318818
-0.0095573663
-0.0133762798
-0.0168028953
-0.0196208450
-0.0216694361
-0.0230069814
-0.0238374719
-0.0244202430
-0.0249836263
-0.0256583765
-0.0264596487
-0.0273403659
-0.0282410995
-0.0291156407
-0.0299315137
-0.0306128865
-0.0310409096
-0.0311032900
-0.0307291563
-0.0298809976
-0.0286300408
-0.0270831552
-0.0253070289
-0.0233556338
-0.0213130037
-0.0192180551
-0.0171135407
-0.0150563180
-0.0131044682
-0.0113652988
-0.0099599743
-0.0090007792
-0.0086647104
-0.0091701530
-0.0105694504
-0.0127409669
-0.0154581157
-0.0183761882
-0.0211412736
-0.0235225603
-0.0252795550
-0.0261480608
-0.0258489241
-0.0242313325
-0.0214076450
-0.0176089049
-0.0129175915
-0.0073417544
-0.0009898462
0.0059161233
0.0132517505
0.0208848235
0.0285350191
0.0359211997
0.0429425891
0.0496360121
0.0559923659
0.0620118241
0.0677245311
0.0730651547
0.0779525138
0.0822630710
0.0859134209
0.0889226457
0.0913587478
0.0932438022
0.0946974437
0.0958133463
0.0965641436
0.0969008077
0.0967579404
0.0960705570
0.0949092643
0.0934212288
0.0917262507
0.0898507043
0.0877155495
0.0853044161
0.0827843133
0.0804239276
0.0784491843
0.0769334517
0.0757571695
0.0747673754
0.0737447830
0.0723720500
0.0704707990
0.0680452797
0.0652711411
0.0623906705
0.0595075542
0.0565050759
0.0533123891
0.0499646317
0.0465335433
0.0430651755
0.0394685000
0.0356483794
0.0315781749
0.0272322977
0.0224516179
0.0172598805
0.0119584461
0.0067877551
0.0019587311
-0.0022512667
-0.0056871769
-0.0084211085
-0.0106684488
-0.0125791003
-0.0140954612
-0.0149910356
-0.0149902419
-0.0140318819
-0.0122461401
-0.0099315910
-0.0073381331
-0.0044720832
-0.0013174968
0.0020037888
0.0052393814
0.0081012428
0.0104772233
0.0123922732
0.0138841201
0.0149645043
0.0155617937
0.0155342620
0.0147874911
0.0133929725
0.0114605685
0.0091972465
0.0069124126
0.0048227777
0.0029702397
0.0013460074
-0.0000615605
-0.0012588286
-0.0022536487
-0.0031792451
-0.0042016581
-0.0053844603
-0.0067037206
-0.0081561905
-0.0097346276
-0.0112391325
-0.0123722817
-0.0129815180
-0.0131063698
-0.0129460740
-0.0128074647
-0.0129385834
-0.0134265066
-0.0143206755
-0.0157092992
-0.0176582553
-0.0201010956
-0.0230962900
-0.0267709059
-0.0309959990
-0.0353501770
-0.0394365698
-0.0432040494
-0.0468647011
-0.0507365697
-0.0548718582
-0.0590284941
-0.0629981623
-0.0666951591
-0.0700148722
-0.0729043877
-0.0753653262
-0.0773831281
-0.0790747908
-0.0806330032
-0.0822366471
-0.0840035632
-0.0859980830
-0.0882556837
-0.0907232033
-0.0932923341
-0.0957836649
-0.0979609854
-0.0995824629
-0.1006498336
-0.1014286587
-0.1021390266
-0.1027987130
-0.1032654293
-0.1033960603
-0.1031859759
-0.1028053272
-0.1024723836
-0.1023788750
-0.1026325305
-0.1032205352
-0.1040381362
-0.1049337851
-0.1057858628
-0.1065413727
-0.1071991575
-0.1076997717
-0.1078136191
-0.1071517831
-0.1054110842
-0.1025839160
-0.0988524177
-0.0942925704
-0.0889488546
-0.0829874527
-0.0767273524
-0.0705289959
-0.0647544377
-0.0596611530
-0.0553082400
-0.0514607117
-0.0477608047
-0.0440755316
-0.0404811793
-0.0370293967
-0.0336425327
-0.0301647562
-0.0264560108
-0.0223211688
-0.0176623230
-0.0124890310
-0.0067934822
-0.0005023806
0.0063841749
0.0137139030
0.0212898291
0.0289565934
0.0365045992
0.0436744284
0.0502964508
0.0563089889
0.0616947216
0.0664304908
0.0705106415
0.0739116186
0.0766708587
0.0788504694
0.0804501282
0.0814514889
0.0819124508
0.0820039835
0.0819309872
0.0818375365
0.0817917247
0.0817857719
0.0817002747
0.0812868360
0.0802555046
0.0783886393
0.0757162936
0.0724526030
0.0687910006
0.0647170673
0.0603338281
0.0560598310
0.0523418010
0.0494515910
0.0475820717
0.0468532998
0.0471794721
0.0483471144
0.0501457705
0.0523832970
0.0548190188
0.0572249765
0.0594648345
0.0614478870
0.0631132250
0.0643377746
0.0648988842
0.0644925888
0.0628351382
0.0595348131
0.0542579423
0.0470129259
0.0381674073
0.0285805664
0.0189392738
0.0093974509
-0.0002265161
-0.0099867453
-0.0199392869
-0.0297326488
-0.0390856190
-0.0479095173
-0.0563697819
-0.0643460589
-0.0715401788
-0.0778816341
-0.0834394524
-0.0882851170
-0.0925522022
-0.0964163156
-0.1000548013
-0.1034724546
-0.1064387695
-0.1087383705
-0.1102439337
-0.1109665379
-0.1110058099
-0.1104450062
-0.1092751150
-0.1073645958
-0.1045752114
-0.1008900127
-0.0964240047
-0.0914154648
-0.0862008917
-0.0811051019
-0.0764019573
-0.0723209716
-0.0690403487
-0.0666119604
-0.0650017023
-0.0641614145
-0.0640967852
-0.0648594055
-0.0664659431
-0.0688287430
-0.0717526029
-0.0749881004
-0.0782319896
-0.0812861498
-0.0841395682
-0.0869077871
-0.0896881597
-0.0924486895
-0.0950067414
-0.0971191598
-0.0986648218
-0.0996212388
-0.0999816315
-0.0997183853
-0.0988426618
-0.0973938156
-0.0954484890
-0.0930758008
-0.0904408586
-0.0876993446
-0.0849741182
-0.0823564638
-0.0798244555
-0.0773831364
-0.0751440060
-0.0731908416
-0.0715544655
-0.0701563505
-0.0689029381
-0.0677727157
-0.0668346283
-0.0662359499
-0.0661809609
-0.0668091966
-0.0680953163
-0.0697629363
-0.0714038265
-0.0726710296
-0.0734854640
-0.0740782640
-0.0747374543
-0.0755380402
-0.0764646354
-0.0775127174
-0.0787137781
-0.0800962671
-0.0816612343
-0.0833800897
-0.0851887498
-0.0869955083
-0.0887369513
-0.0903508224
-0.0917522942
-0.0928460392
-0.0936032854
-0.0940755411
-0.0943162162
-0.0942608221
-0.0938034484
-0.0929656740
-0.0918241413
-0.0903817439
-0.0884729610
-0.0858094949
-0.0821655442
-0.0775541968
-0.0722234614
-0.0663220010
-0.0598556774
-0.0526656914
-0.0447702816
-0.0363742824
-0.0278352340
-0.0194112153
-0.0109956546
-0.0024700819
0.0060721670
0.0144928852
0.0227993443
0.0310159409
0.0391605830
0.0472298063
0.0552744000
0.0633061041
0.0712401989
0.0790929138
0.0869377165
0.0948241888
0.1028455086
0.1110042390
0.1191379180
0.1271358400
0.1349746899
0.1426612472
0.1502262681
0.1575721101
0.1645583863
0.1710698437
0.1771269864
0.1827475076
0.1879271906
0.1925544204
0.1964578885
0.1995338343
0.2017324857
0.2030686420
0.2036143983
0.2035466025
0.2029442119
0.2017563796
0.2000506534
0.1980716770
0.1960258142
0.1939837546
0.1918943207
0.1896765707
0.1872972683
0.1848496740
0.1822669841
0.1793187756
0.1759437014
0.1725087685
0.1694954926
0.1670638551
0.1649504445
0.1627995809
0.1605313148
0.1584238571
0.1568160214
0.1558014818
0.1552809423
0.1550713540
0.1549352663
0.1546015786
0.1538139069
0.1525247116
0.1507291146
0.1479949590
0.1432592559
0.1352777041
0.1233394397
0.1076835669
0.0893414915
0.0694612780
0.0490355396
0.0289654151
0.0101614270
-0.0064651967
-0.0203987771
-0.0316475829
-0.0405584335
-0.0476316371
-0.0532837991
-0.0577287821
-0.0610680154
-0.0636400895
-0.0659596324
-0.0684356348
-0.0711401587
-0.0739773309
-0.0768020436
-0.0794624589
-0.0817886987
-0.0836497021
-0.0849345155
-0.0855784931
-0.0856107374
-0.0851338517
-0.0842874788
-0.0831520643
-0.0817923117
-0.0802625570
-0.0786267101
-0.0769245887
-0.0751369866
-0.0732034582
-0.0710095360
-0.0685034223
-0.0657035874
-0.0626464426
-0.0593719625
-0.0560328698
-0.0527421932
-0.0494053989
-0.0459417685
-0.0423131049
-0.0385079325
-0.0344673845
-0.0300573081
-0.0253864740
-0.0206643714
-0.0161337093
-0.0121779226
-0.0089781999
-0.0064355046
-0.0044096929
-0.0028857578
-0.0018976504
-0.0014945034
-0.0017272233
-0.0025839135
-0.0038991399
-0.0053905520
-0.0067193706
-0.0075592533
-0.0078027329
-0.0075406913
-0.0067867919
-0.0053753608
-0.0030787213
0.0002055041
0.0043665979
0.0090202250
0.0136948788
0.0180459482
0.0219325500
0.0253412244
0.0281953538
0.0303689290
0.0318245631
0.0326869259
0.0332418759
0.0337638707
0.0343466501
0.0350018305
0.0357603582
0.0367002811
0.0380075167
0.0397999471
0.0419496863
0.0441334143
0.0460362527
0.0473054235
0.0475200138
0.0463981584
0.0437529392
0.0392388954
0.0325634217
0.0242384262
0.0149050259
0.0049865311
-0.0048946892
-0.0141778000
-0.0225971639
-0.0300068746
-0.0363084543
-0.0415993555
-0.0459132281
-0.0491382255
-0.0511357548
-0.0520033015
-0.0520759753
-0.0517866194
-0.0514746346
-0.0512697259
-0.0511525136
-0.0510714397
-0.0509237771
-0.0506843421
-0.0504993836
-0.0505854843
-0.0510037100
-0.0515795693
-0.0520640862
-0.0523551700
-0.0525463625
-0.0528181245
-0.0533752738
-0.0543101368
-0.0556860281
-0.0576024669
-0.0600880021
-0.0631293307
-0.0667253861
-0.0708852878
-0.0755278212
-0.0802986789
-0.0848021483
-0.0888010266
-0.0922947434
-0.0954186423
-0.0981879361
-0.1004872064
-0.1021381998
-0.1030252502
-0.1031667946
-0.1025623371
-0.1012146885
-0.0990119033
-0.0956079746
-0.0908489563
-0.0849757717
-0.0783374452
-0.0714390721
-0.0647560913
-0.0584219861
-0.0523613212
-0.0467582037
-0.0418932008
-0.0377724058
-0.0342177636
-0.0311180811
-0.0284837176
-0.0263247929
-0.0246445480
-0.0234036117
-0.0225057140
-0.0218658290
-0.0214217995
-0.0210075505
-0.0203780250
-0.0192826100
-0.0174386547
-0.0146366619
-0.0108577314
-0.0062348852
-0.0011199083
0.0039309378
0.0085283912
0.0126307326
0.0164457933
0.0202046165
0.0240283750
0.0277171453
0.0309598523
0.0336649714
0.0360283005
0.0383198900
0.0406908255
0.0431000242
0.0453877940
0.0473440753
0.0489356979
0.0502774267
0.0514906659
0.0527086756
0.0540178211
0.0553971269
0.0566722174
0.0575239809
0.0576220120
0.0569006562
0.0556357269
0.0541461536
0.0525413935
0.0505957776
0.0480790481
0.0451218608
0.0421070883
0.0394199268
0.0372925189
0.0358558925
0.0350841198
0.0348930761
0.0352621003
0.0362399640
0.0379061537
0.0402399998
0.0431706393
0.0465088392
0.0499869464
0.0533621446
0.0564665398
0.0593302598
0.0620400421
0.0645964156
0.0669654825
0.0691173465
0.0710067002
0.0725680378
0.0737586563
0.0745330251
0.0748193963
0.0745404496
0.0736188729
0.0720303756
0.0698830920
0.0673437005
0.0644009900
0.0608121854
0.0563036562
0.0509808909
0.0448148119
0.0378496930
0.0303549978
0.0224791248
0.0144955391
0.0068970775
0.0001411128
-0.0056161169
-0.0105821414
-0.0149618834
-0.0188687083
-0.0224290882
-0.0256803110
-0.0285686856
-0.0310279622
-0.0330341479
-0.0346449434
-0.0360344600
-0.0372924445
-0.0383197164
-0.0388896395
-0.0388773205
-0.0383408075
-0.0374221494
-0.0361979719
-0.0345918064
-0.0325253072
-0.0300776468
-0.0274859533
-0.0249881239
-0.0226869355
-0.0205698954
-0.0186863540
-0.0171447351
-0.0158440889
-0.0143682153
-0.0122557142
-0.0093644046
-0.0059637036
-0.0024169316
0.0010015443
0.0041759254
0.0071083442
0.0098447296
0.0123795243
0.0146335863
0.0164852637
0.0178489269
0.0186992849
0.0190263005
0.0188112224
0.0179923564
0.0165663210
0.0147029365
0.0126401661
0.0105180165
0.0083282116
0.0059280281
0.0032334636
0.0004330540
-0.0021538210
-0.0043183810
-0.0059064814
-0.0067722886
-0.0068302507
-0.0061012340
-0.0047326498
-0.0029069854
-0.0007356368
0.0017497976
0.0045993930
0.0077551121
0.0110503046
0.0142830406
0.0172850889
0.0199407503
0.0221432792
0.0238361986
0.0250366641
0.0257548533
0.0260232503
0.0259529824
0.0256961107
0.0253862590
0.0251778613
0.0251762408
0.0254140140
0.0259232515
0.0267194720
0.0277533995
0.0289170816
0.0301685097
0.0315126196
0.0328604087
0.0340332598
0.0348833697
0.0354767237
0.0360495653
0.0367620745
0.0375975091
0.0384672798
0.0393416309
0.0403002885
0.0414155793
0.0427760181
0.0444559819
0.0463580100
0.0482578968
0.0499742802
0.0513964958
0.0524126807
0.0528628118
0.0525733651
0.0514034077
0.0493159663
0.0462652786
0.0423401323
0.0377325550
0.0325463984
0.0269424789
0.0211898716
0.0154031763
0.0094538785
0.0032994041
-0.0028027195
-0.0087002701
-0.0143128790
-0.0196307332
-0.0247527319
-0.0297729873
-0.0346462911
-0.0394686901
-0.0441209134
-0.0482238418
-0.0513595719
-0.0533611690
-0.0544436615
-0.0549872516
-0.0553646015
-0.0557790158
-0.0560904714
-0.0558534754
-0.0546069584
-0.0522658532
-0.0492952472
-0.0464663097
-0.0443835809
-0.0432597743
-0.0428870544
-0.0428521561
-0.0429066408
-0.0430278630
-0.0432684389
-0.0437115590
-0.0444188182
-0.0452584942
-0.0459989898
-0.0465532537
-0.0471360414
-0.0479676811
-0.0490042295
-0.0500069958
-0.0507159499
-0.0510922828
-0.0514327749
-0.0522048948
-0.0537589816
-0.0561014014
-0.0589378461
-0.0617292148
-0.0639745213
-0.0653698336
-0.0657644631
-0.0651950361
-0.0637997652
-0.0617577221
-0.0592318815
-0.0564041676
-0.0534629040
-0.0503424776
-0.0468584258
-0.0429647964
-0.0386779512
-0.0341185420
-0.0294978768
-0.0249627501
-0.0205553772
-0.0163298294
-0.0123858326
-0.0087701660
-0.0055722547
-0.0028681962
-0.0006668109
0.0010527119
0.0023156050
0.0031659166
0.0036125125
0.0036399598
0.0032269552
0.0023933907
0.0011882225
-0.0002937918
-0.0019551412
-0.0037212148
-0.0055172409
-0.0072471156
-0.0088623104
-0.0103794319
-0.0118756194
-0.0134713428
-0.0152777540
-0.0173330834
-0.0196915428
-0.0223777453
-0.0252325361
-0.0280118504
-0.0305687117
-0.0328704706
-0.0349342414
-0.0367454314
-0.0382906882
-0.0396331115
-0.0408465078
-0.0419322661
-0.0428056333
-0.0434097767
-0.0437203476
-0.0437252008
-0.0434416490
-0.0428866575
-0.0420218475
-0.0407769096
-0.0391034443
-0.0370297935
-0.0346151794
-0.0319007011
-0.0288797691
-0.0255283739
-0.0219061510
-0.0181823500
-0.0145208468
-0.0109632862
-0.0074608196
-0.0038761563
-0.0001432877
0.0037112810
0.0076337733
0.0115411959
0.0154306749
0.0192634205
0.0229910494
0.0265758275
0.0301031612
0.0337384472
0.0375924492
0.0416992469
0.0459666793
0.0500333700
0.0534707750
0.0560217910
0.0577691454
0.0590260633
0.0600148984
0.0606444073
0.0606028617
0.0595929852
0.0573963015
0.0540165395
0.0498725534
0.0455192269
0.0413199045
0.0374721612
0.0340068029
0.0309047144
0.0282445968
0.0261120628
0.0244555961
0.0230539093
0.0216236326
0.0200135894
0.0182772807
0.0166505366
0.0154331057
0.0147583637
0.0144839312
0.0142286386
0.0134888705
0.0120427609
0.0101391040
0.0081049575
0.0059941406
0.0037428127
0.0011675184
-0.0020538527
-0.0060858750
-0.0108354828
-0.0160324868
-0.0213644955
-0.0267143294
-0.0321517192
-0.0375717301
-0.0425794764
-0.0467806673
-0.0499693443
-0.0522534432
-0.0539582186
-0.0554683539
-0.0570041937
-0.0584843582
-0.0596208641
-0.0601306721
-0.0598469549
-0.0587345165
-0.0569404408
-0.0547221617
-0.0523067208
-0.0498674522
-0.0474689602
-0.0450118249
-0.0423352213
-0.0393959502
-0.0362074882
-0.0328925704
-0.0295957095
-0.0265394824
-0.0239787435
-0.0220679101
-0.0208049650
-0.0200481322
-0.0196476987
-0.0195287419
-0.0196583145
-0.0199938790
-0.0204517819
-0.0209323467
-0.0213755660
-0.0218736338
-0.0226646704
-0.0238702040
-0.0254052336
-0.0270988309
-0.0288471362
-0.0307015667
-0.0328028071
-0.0351930147
-0.0378130419
-0.0405441881
-0.0433706535
-0.0462474036
-0.0490359861
-0.0516726646
-0.0542029780
-0.0565704658
-0.0585913764
-0.0601237107
-0.0611574646
-0.0618810444
-0.0625319338
-0.0632620121
-0.0640875005
-0.0649194048
-0.0656117241
-0.0660508839
-0.0661907252
-0.0660662372
-0.0657339881
-0.0652380369
-0.0645822612
-0.0636866867
-0.0625023103
-0.0610275033
-0.0592108813
-0.0570165540
-0.0544769310
-0.0516373363
-0.0484439798
-0.0447674706
-0.0405847416
-0.0361072992
-0.0316139579
-0.0271854690
-0.0226964848
-0.0179918603
-0.0130168215
-0.0078813959
-0.0026690675
0.0026483013
0.0081189111
0.0137554403
0.0194379285
0.0250113151
0.0304479525
0.0359090956
0.0415582481
0.0473816855
0.0530725820
0.0582935791
0.0630134412
0.0673022872
0.0711631183
0.0745707593
0.0775354455
0.0800571109
0.0821836506
0.0840642487
0.0858589362
0.0876232810
0.0893031290
0.0907769439
0.0919732094
0.0929297918
0.0937700465
0.0946671836
0.0957071053
0.0968410316
0.0979054259
0.0987632084
0.0993931307
0.0998669573
0.1002427280
0.1005274705
0.1006708338
0.1005245767
0.0999435170
0.0987449366
0.0967945667
0.0941826915
0.0909752054
0.0871124147
0.0826774605
0.0779137131
0.0730734721
0.0683639531
0.0638327949
0.0595179881
0.0556015892
0.0524543586
0.0504248082
0.0495313833
0.0493965027
0.0495319538
0.0497897515
0.0504499009
0.0518633940
0.0542013079
0.0573411058
0.0609203694
0.0645998881
0.0682766867
0.0719748740
0.0755778000
0.0789076163
0.0819466877
0.0847876797
0.0874720633
0.0898716218
0.0917585777
0.0929549259
0.0933798072
0.0930568676
0.0920753165
0.0905925724
0.0888687397
0.0871029895
0.0852750654
0.0832253995
0.0808673701
0.0781667486
0.0750731676
0.0714907953
0.0674080156
0.0629117392
0.0581128950
0.0531006511
0.0478299647
0.0423154943
0.0367394786
0.0311957817
0.0256760200
0.0201208887
0.0146324371
0.0092670597
0.0041957574
-0.0003644021
-0.0043478680
-0.0078595210
-0.0109919506
-0.0137903552
-0.0163128473
-0.0185351446
-0.0204211498
-0.0219974769
-0.0232893096
-0.0242751600
-0.0249349125
-0.0252759751
-0.0252938252
-0.0250115466
-0.0245318002
-0.0239441511
-0.0232830426
-0.0225404222
-0.0216813748
-0.0206594603
-0.0194356714
-0.0179729932
-0.0162821987
-0.0143947218
-0.0123366475
-0.0101551435
-0.0079028549
-0.0056339001
-0.0033624856
-0.0010636006
0.0012399896
0.0034142973
0.0053284882
0.0068428946
0.0078783972
0.0084619430
0.0086858925
0.0086542434
0.0085233230
0.0084142297
0.0083256652
0.0081950549
0.0080281829
0.0078536376
0.0075926196
0.0071013910
0.0063450212
0.0054121086
0.0044547465
0.0035383554
0.0025606538
0.0013049182
-0.0003395871
-0.0022359184
-0.0042187335
-0.0062783820
-0.0085773447
-0.0112733363
-0.0143402702
-0.0174592994
-0.0202147363
-0.0224536352
-0.0243184997
-0.0259774137
-0.0274585291
-0.0287665088
-0.0299179959
-0.0309405966
-0.0318152205
-0.0324467881
-0.0327413775
-0.0326864463
-0.0323528082
-0.0318429506
-0.0311710941
-0.0302869292
-0.0291952512
-0.0279393337
-0.0265427978
-0.0249985579
-0.0233456628
-0.0216462202
-0.0199796915
-0.0184053238
-0.0169753613
-0.0156748143
-0.0143484222
-0.0128423961
-0.0111447061
-0.0093147648
-0.0074505725
-0.0056488441
-0.0039979904
-0.0025381852
-0.0013714507
-0.0006780598
-0.0005405418
-0.0008994735
-0.0016431531
-0.0026788359
-0.0039262335
-0.0053111275
-0.0068557990
-0.0085921854
-0.0104134125
-0.0122378641
-0.0140206873
-0.0157872727
-0.0176255479
-0.0195332147
-0.0214198317
-0.0232079712
-0.0248592375
-0.0263527876
-0.0276795021
-0.0287842349
-0.0296016375
-0.0301135042
-0.0303831083
-0.0304970797
-0.0304962777
-0.0303861178
-0.0301706511
-0.0298496627
-0.0294578111
-0.0290582540
-0.0287096512
-0.0284350286
-0.0282508803
-0.0281930306
-0.0283740868
-0.0289368416
-0.0299940099
-0.0315628960
-0.0335226002
-0.0356752827
-0.0378709412
-0.0400704690
-0.0423533112
-0.0447951263
-0.0473663074
-0.0499758510
-0.0525509759
-0.0550177597
-0.0572834959
-0.0592800909
-0.0609861230
-0.0624699502
-0.0638750516
-0.0653299333
-0.0668519576
-0.0683837048
-0.0698355936
-0.0711175959
-0.0722090176
-0.0731698910
-0.0740450275
-0.0747592234
-0.0751690491
-0.0751570773
-0.0747754365
-0.0741254317
-0.0731573074
-0.0717642192
-0.0698982634
-0.0676260701
-0.0650844793
-0.0624099427
-0.0595790622
-0.0563797777
-0.0525973251
-0.0481494566
-0.0431862654
-0.0379057982
-0.0323607288
-0.0265567124
-0.0206253805
-0.0147742461
-0.0091904752
-0.0040682847
0.0004887321
0.0045702077
0.0082763148
0.0116543405
0.0146431191
0.0171776491
0.0193024196
0.0211423815
0.0228758048
0.0246422495
0.0265702137
0.0287709982
0.0312220650
0.0337282696
0.0359824391
0.0377099592
0.0389585432
0.0401492278
0.0417509701
0.0438639177
0.0462295700
0.0484642855
0.0502810562
0.0515865225
0.0524745981
0.0530351620
0.0532370861
0.0530325412
0.0524932585
0.0517711421
0.0510501584
0.0504896276
0.0501531867
0.0499792656
0.0498839629
0.0498491721
0.0499110978
0.0500778589
0.0503050824
0.0505279239
0.0506665912
0.0506923040
0.0506023175
0.0503878264
0.0500554202
0.0495627678
0.0488023633
0.0477065515
0.0463496844
0.0448961338
0.0434735213
0.0420938020
0.0407027724
0.0392391269
0.0377167222
0.0362200056
0.0348630227
0.0336744546
0.0326013212
0.0315607464
0.0304787335
0.0293681057
0.0283212391
0.0273821678
0.0264968124
0.0255745164
0.0245263931
0.0232488058
0.0217647471
0.0202439216
0.0187345139
0.0171335074
0.0153671288
0.0134351630
0.0113361301
0.0090284349
0.0064107153
0.0034086438
0.0001570125
-0.0031223925
-0.0062682267
-0.0091462260
-0.0116724387
-0.0138459891
-0.0156702422
-0.0171628498
-0.0184723590
-0.0197769738
-0.0210963299
-0.0222182101
-0.0228671815
-0.0229236339
-0.0224920391
-0.0218152467
-0.0211014642
-0.0204423318
-0.0198749718
-0.0194637902
-0.0192349462
-0.0191439427
-0.0191088791
-0.0191019837
-0.0191192717
-0.0191544097
-0.0192104405
-0.0192831722
-0.0193566397
-0.0194097767
-0.0194230713
-0.0193839813
-0.0192643712
-0.0189970242
-0.0185211472
-0.0179157140
-0.0173967867
-0.0171346070
-0.0171190057
-0.0171961028
-0.0172118364
-0.0170679935
-0.0167879058
-0.0164464960
-0.0160517590
-0.0155076067
-0.0147081617
-0.0136343504
-0.0122088028
-0.0103085026
-0.0079254326
-0.0051215340
-0.0019899428
0.0013994421
0.0050557432
0.0089875012
0.0131140836
0.0173904039
0.0216835905
0.0258283456
0.0297555092
0.0334579544
0.0369722084
0.0403191804
0.0434066597
0.0461665282
0.0486331880
0.0508268043
0.0527846978
0.0545404193
0.0560698516
0.0572472086
0.0579546827
0.0581966146
0.0579872661
0.0573605847
0.0563547263
0.0549361236
0.0530724249
0.0508584451
0.0484123472
0.0457577525
0.0428940903
0.0398234690
0.0365242931
0.0330329822
0.0293535131
0.0254334598
0.0213373193
0.0173042454
0.0134887547
0.0100002384
0.0069456954
0.0043430421
0.0020394552
-0.0000619230
-0.0018827642
-0.0033761969
-0.0045646055
-0.0054921399
-0.0062018199
-0.0066602163
-0.0068040575
-0.0066429019
-0.0063149678
-0.0059930352
-0.0058100063
-0.0057986398
-0.0059202465
-0.0061613772
-0.0065776559
-0.0071670777
-0.0077806620
-0.0082591087
-0.0086004284
-0.0089791672
-0.0095895115
-0.0104892281
-0.0116278836
-0.0128814613
-0.0141079042
-0.0152671878
-0.0163697958
-0.0173992257
-0.0183353536
-0.0191017522
-0.0195418794
-0.0195150669
-0.0189628866
-0.0179219645
-0.0165438905
-0.0149564019
-0.0131931154
-0.0111555700
-0.0087059253
-0.0058939954
-0.0029596015
-0.0002651313
0.0019061587
0.0035616904
0.0049065758
0.0060996714
0.0071514714
0.0079944107
0.0085754183
0.0088422776
0.0087276861
0.0082151299
0.0073332824
0.0062186183
0.0050135370
0.0037698426
0.0024762372
0.0011619657
-0.0002978590
-0.0020209511
-0.0039693987
-0.0059737911
-0.0079403906
-0.0098455399
-0.0116663040
-0.0133898142
-0.0150194024
-0.0165150856
-0.0178230570
-0.0189193567
-0.0197954026
-0.0204759900
-0.0209919161
-0.0213923744
-0.0217555698
-0.0221288685
-0.0225111955
-0.0228836095
-0.0232296493
-0.0234839663
-0.0235172772
-0.0232032751
-0.0225125515
-0.0215224845
-0.0203335113
-0.0190253249
-0.0175944528
-0.0160573894
-0.0144421375
-0.0127401649
-0.0109572921
-0.0091473670
-0.0073852876
-0.0057334707
-0.0042112264
-0.0027894886
-0.0014694040
-0.0001797804
0.0011439668
0.0025405788
0.0040821795
0.0058448832
0.0078232122
0.0099867701
0.0123003272
0.0147399348
0.0172888177
0.0199003952
0.0225250937
0.0250990776
0.0275668701
0.0298829157
0.0320496535
0.0341129778
0.0360670599
0.0379004406
0.0396850249
0.0414967854
0.0433779788
0.0452396932
0.0469262051
0.0483354817
0.0494380070
0.0502590639
0.0507957588
0.0509630656
0.0506048639
0.0496126060
0.0480085074
0.0458362137
0.0431565758
0.0400087004
0.0364129508
0.0325319628
0.0286713053
0.0249388480
0.0213046119
0.0177887705
0.0145878737
0.0118363640
0.0094336555
0.0071902208
0.0050641614
0.0032943682
0.0022491452
0.0021818562
0.0030866145
0.0047147823
0.0067258071
0.0088408390
0.0109596566
0.0131118431
0.0153071047
0.0174818126
0.0196217296
0.0218069210
0.0240617851
0.0263045120
0.0283912672
0.0301873685
0.0316865821
0.0329914200
0.0342220629
0.0354522428
0.0366635804
0.0377620545
0.0386824158
0.0394412163
0.0400986869
0.0407564055
0.0414635490
0.0421602667
0.0427247744
0.0430459364
0.0430507896
0.0427071723
0.0420881882
0.0413164238
0.0404315974
0.0393855411
0.0381238361
0.0366414310
0.0349707437
0.0332006941
0.0313826501
0.0295062686
0.0275147913
0.0253969410
0.0231745032
0.0208728270
0.0185935895
0.0164806833
0.0145331658
0.0126860606
0.0109719508
0.0094832126
0.0082851861
0.0074063324
0.0068264153
0.0064881943
0.0063567242
0.0064025467
0.0065699123
0.0067833145
0.0069272888
0.0069240851
0.0067861330
0.0066291799
0.0065879154
0.0066833215
0.0068974595
0.0072137964
0.0076076372
0.0080020452
0.0083732297
0.0087937043
0.0092722518
0.0096998368
0.0099114258
0.0097573309
0.0091833153
0.0082754136
0.0071893899
0.0060543342
0.0049628687
0.0039347476
0.0029147687
0.0019130979
0.0010825082
0.0005711425
0.0004269858
0.0005622471
0.0007918012
0.0009901008
0.0011445083
0.0012685283
0.0013519883
0.0014415259
0.0015808033
0.0016591323
0.0014004598
0.0005831813
-0.0007276973
-0.0021811485
-0.0034550079
-0.0044670911
-0.0053270992
-0.0062470273
-0.0073838259
-0.0087605423
-0.0102781433
-0.0117796718
-0.0131720491
-0.0144982427
-0.0158358707
-0.0172030147
-0.0185804934
-0.0199848093
-0.0214420803
-0.0229043865
-0.0242402286
-0.0253096167
-0.0260342961
-0.0264224436
-0.0265486513
-0.0264045522
-0.0258709908
-0.0248887121
-0.0234999975
-0.0217348921
-0.0196437384
-0.0172737125
-0.0146625318
-0.0118261285
-0.0087951595
-0.0056649779
-0.0025862227
0.0003545158
0.0031925959
0.0060332919
0.0088816487
0.0117101067
0.0144835261
0.0172245522
0.0199584516
0.0226223393
0.0251242613
0.0274428616
0.0295765530
0.0315237564
0.0332203549
0.0345874989
0.0355708772
0.0361688280
0.0364375640
0.0364647071
0.0363431790
0.0361366415
0.0358265005
0.0353443399
0.0345790575
0.0334699923
0.0320805750
0.0306026262
0.0292204596
0.0279944137
0.0268518888
0.0256679589
0.0243414676
0.0228612287
0.0213382205
0.0199275797
0.0187029227
0.0175794964
0.0163828754
0.0151362344
0.0140835142
0.0134321948
0.0131829212
0.0131520162
0.0130973745
0.0128163277
0.0122149044
0.0114287375
0.0106325666
0.0098718232
0.0091274912
0.0083786286
0.0075892381
0.0067707318
0.0059831445
0.0052562543
0.0046317581
0.0041825769
0.0039652417
0.0039860864
0.0042200423
0.0046764115
0.0053877170
0.0063668812
0.0075207701
0.0085951122
0.0093506883
0.0098264909
0.0102687015
0.0109258745
0.0119266151
0.0132127431
0.0145998042
0.0159173001
0.0170617265
0.0180142495
0.0187291481
0.0191456790
0.0192118295
0.0188989187
0.0182118329
0.0171401051
0.0156410983
0.0137041222
0.0114243060
0.0089102222
0.0061626041
0.0031860321
0.0000120455
-0.0033402197
-0.0068157259
-0.0103382170
-0.0138528513
-0.0172754818
-0.0205994610
-0.0238974877
-0.0271776146
-0.0303295579
-0.0332047701
-0.0357494778
-0.0379572403
-0.0398345643
-0.0414007469
-0.0426562923
-0.0435709571
-0.0441289167
-0.0443904183
-0.0444221666
-0.0442117350
-0.0437742619
-0.0431495482
-0.0423674573
-0.0414084111
-0.0402772131
-0.0391039238
-0.0379692699
-0.0368919200
-0.0358736599
-0.0349365316
-0.0341051730
-0.0333744085
-0.0326997161
-0.0320180375
-0.0313068593
-0.0305819733
-0.0298662479
-0.0291293322
-0.0283347238
-0.0275084417
-0.0267602487
-0.0261722523
-0.0257303476
-0.0253547836
-0.0249829814
-0.0245765537
-0.0241464554
-0.0237429132
-0.0234020326
-0.0231568267
-0.0229480073
-0.0225939395
-0.0219440835
-0.0209889811
-0.0198617268
-0.0187453199
-0.0178018832
-0.0171330858
-0.0167101887
-0.0164165336
-0.0161949488
-0.0160811097
-0.0161106091
-0.0162541047
-0.0164577981
-0.0167023922
-0.0170417516
-0.0175542383
-0.0182354705
-0.0189034660
-0.0193106956
-0.0193312741
-0.0189343710
-0.0181544959
-0.0171580049
-0.0162088221
-0.0155664650
-0.0153715190
-0.0156097799
-0.0161767844
-0.0169389500
-0.0177640333
-0.0185528128
-0.0192537389
-0.0198915983
-0.0205194868
-0.0211960642
-0.0219922599
-0.0229306119
-0.0239555606
-0.0249973756
-0.0260230436
-0.0270266532
-0.0280367034
-0.0291030241
-0.0302106341
-0.0312799643
-0.0322543720
-0.0331279459
-0.0338481194
-0.0343689070
-0.0347262405
-0.0350029467
-0.0352570404
-0.0355730268
-0.0359503105
-0.0362924396
-0.0365385384
-0.0366943613
-0.0368260754
-0.0370585158
-0.0374453571
-0.0378845169
-0.0382188660
-0.0383488107
-0.0382959713
-0.0381104671
-0.0378276593
-0.0374054485
-0.0367525583
-0.0358078897
-0.0345526006
-0.0330229120
-0.0313054786
-0.0294917752
-0.0276016692
-0.0256874543
-0.0238175548
-0.0220341610
-0.0203099067
-0.0186112330
-0.0169846873
-0.0155180241
-0.0142656038
-0.0132526103
-0.0124364149
-0.0117726194
-0.0112260611
-0.0107668271
-0.0103983238
-0.0101715716
-0.0100440989
-0.0099267626
-0.0097774134
-0.0096417804
-0.0095679904
-0.0096075104
-0.0097863674
-0.0101549286
-0.0106811398
-0.0111906254
-0.0115008409
-0.0115877353
-0.0115768466
-0.0116161516
-0.0117690229
-0.0119587272
-0.0120738974
-0.0120318888
-0.0117767037
-0.0112745682
-0.0105710461
-0.0097663511
-0.0089553726
-0.0081821629
-0.0073852091
-0.0065099080
-0.0055729566
-0.0046567970
-0.0038170227
-0.0031051137
-0.0026126655
-0.0023331789
-0.0021563162
-0.0020649919
-0.0022117079
-0.0027284914
-0.0035788659
-0.0045947821
-0.0055574835
-0.0063219970
-0.0068764395
-0.0073115803
-0.0077524036
-0.0082659891
-0.0088329267
-0.0093550124
-0.0097356445
-0.0099722271
-0.0100631396
-0.0099666298
-0.0096530576
-0.0090627793
-0.0081492505
-0.0068733035
-0.0052610876
-0.0033924902
-0.0013964342
0.0006189645
0.0026060894
0.0045350969
0.0063353222
0.0079469561
0.0093561037
0.0105676893
0.0115784919
0.0122900916
0.0125756691
0.0123796069
0.0117599449
0.0107882903
0.0094842295
0.0078569175
0.0059419329
0.0037934810
0.0014801183
-0.0009712147
-0.0035579823
-0.0062450546
-0.0090119738
-0.0118139831
-0.0144934970
-0.0169953362
-0.0193019070
-0.0213819322
-0.0232659945
-0.0250019725
-0.0265995395
-0.0280901132
-0.0295096005
-0.0308376875
-0.0320323490
-0.0331215218
-0.0341477603
-0.0350943139
-0.0359002408
-0.0365550492
-0.0371158942
-0.0375720278
-0.0379098080
-0.0381461343
-0.0383092907
-0.0384216664
-0.0384523813
-0.0383822539
-0.0382151868
-0.0379720314
-0.0376945811
-0.0374485898
-0.0372734782
-0.0370910082
-0.0367362707
-0.0360849431
-0.0351986534
-0.0342649065
-0.0334853291
-0.0329494858
-0.0325965011
-0.0323359585
-0.0320935388
-0.0318153693
-0.0315005900
-0.0312070093
-0.0310112944
-0.0309505097
-0.0310237291
-0.0312086960
-0.0314510908
-0.0317195540
-0.0320681898
-0.0325453732
-0.0331287148
-0.0337068395
-0.0340942099
-0.0341633038
-0.0340479351
-0.0340767732
-0.0344962474
-0.0353153200
-0.0362823364
-0.0371444511
-0.0378514871
-0.0385393749
-0.0393196468
-0.0401532543
-0.0409345762
-0.0416653325
-0.0424114502
-0.0431993285
-0.0440828899
-0.0450267482
-0.0458804133
-0.0464852925
-0.0467945241
-0.0468875615
-0.0468830059
-0.0468163841
-0.0466319712
-0.0462779283
-0.0457421016
-0.0450843912
-0.0444095913
-0.0437901939
-0.0432336646
-0.0426911328
-0.0420996473
-0.0414480138
-0.0407731726
-0.0400694107
-0.0393230118
-0.0385474442
-0.0376867763
-0.0366971972
-0.0356417900
-0.0346371386
-0.0337100557
-0.0327594343
-0.0317010424
-0.0305783437
-0.0295341476
-0.0286667497
-0.0279451459
-0.0272877415
-0.0266169598
-0.0259101801
-0.0252243180
-0.0246629355
-0.0243381440
-0.0242709352
-0.0243837077
-0.0246054496
-0.0249167978
-0.0252816468
-0.0256776074
-0.0260860028
-0.0264357465
-0.0266679472
-0.0267765776
-0.0268487305
-0.0269094491
-0.0269313339
-0.0268700118
-0.0267550896
-0.0266530900
-0.0265584817
-0.0263970781
-0.0261296153
-0.0258477749
-0.0256986902
-0.0257198888
-0.0257419225
-0.0255005446
-0.0248254388
-0.0238014491
-0.0226848272
-0.0216465674
-0.0206761199
-0.0196866317
-0.0186561932
-0.0176159656
-0.0165829062
-0.0155267962
-0.0143910344
-0.0131615325
-0.0118485755
-0.0105094015
-0.0091990406
-0.0079097370
-0.0066102574
-0.0053094417
-0.0040267366
-0.0027456958
-0.0014536655
-0.0001526103
0.0011105823
0.0021883985
0.0029476389
0.0033689609
0.0035913403
0.0037996752
0.0040993534
0.0044744197
0.0048038090
0.0048623688
0.0045027542
0.0037792058
0.0028068377
0.0016145168
0.0002925711
-0.0010295803
-0.0022434975
-0.0032560983
-0.0040443189
-0.0046576858
-0.0051234034
-0.0054247533
-0.0055233640
-0.0054077705
-0.0050141132
-0.0042623759
-0.0031646467
-0.0018466142
-0.0004057277
0.0011166310
0.0027008282
0.0043661630
0.0061051860
0.0078572837
0.0095081482
0.0109665602
0.0121833132
0.0131227400
0.0137748200
0.0141369489
0.0141789327
0.0138827063
0.0133406870
0.0127188423
0.0121066130
0.0114906136
0.0107920687
0.0099571715
0.0090352641
0.0081239181
0.0072553776
0.0064083309
0.0055537936
0.0045916717
0.0034075707
0.0019770988
0.0003611047
-0.0012996045
-0.0028456393
-0.0042182689
-0.0054291865
-0.0064286771
-0.0072019338
-0.0078267359
-0.0082953059
-0.0085522437
-0.0085916315
-0.0084007366
-0.0079698967
-0.0073311841
-0.0065452462
-0.0056418603
-0.0046601108
-0.0036877683
-0.0027301722
-0.0016775025
-0.0004246080
0.0010182659
0.0025800979
0.0041758312
0.0057167697
0.0071825128
0.0086598820
0.0102496691
0.0119482767
0.0137080907
0.0155291938
0.0174294196
0.0193732827
0.0212733018
0.0230960337
0.0249107540
0.0267826461
0.0286264608
0.0303140475
0.0318264481
0.0332354684
0.0346596518
0.0362119114
0.0378578946
0.0394627043
0.0408865156
0.0420404665
0.0429557183
0.0437715335
0.0446154178
0.0455147954
0.0463705605
0.0470447899
0.0474514904
0.0476051885
0.0476127617
0.0475640893
0.0474471911
0.0472196618
0.0468984501
0.0464769421
0.0459566009
0.0454385003
0.0450167194
0.0446581787
0.0443123539
0.0440103484
0.0437627944
0.0435543802
0.0434089582
0.0433030561
0.0432068109
0.0431481675
0.0431431986
0.0431275725
0.0429965612
0.0427441044
0.0424311193
0.0421004741
0.0417489363
0.0413727274
0.0409656383
0.0406106280
0.0404202706
0.0404109362
0.0405282726
0.0407536937
0.0410264313
0.0412063300
0.0412148541
0.0411047437
0.0410126572
0.0410173615
0.0410386511
0.0409239025
0.0405065118
0.0397338462
0.0386764464
0.0374154360
0.0359467636
0.0342392847
0.0323213411
0.0302668137
0.0281761395
0.0261398178
0.0241555665
0.0222058911
0.0202779270
0.0183817441
0.0165927944
0.0149843470
0.0135969469
0.0124199124
0.0113623638
0.0103359186
0.0092986343
0.0083088072
0.0073839755
0.0064454598
0.0055339368
0.0047971030
0.0043526799
0.0041649582
0.0040803152
0.0039292495
0.0036124513
0.0031791971
0.0027531211
0.0024171879
0.0021615853
0.0019194533
0.0016484445
0.0013800615
0.0011490713
0.0009602269
0.0008149241
0.0007517190
0.0007951388
0.0009378526
0.0011838340
0.0015440125
0.0020541859
0.0027887586
0.0038170194
0.0050707905
0.0063718939
0.0075545002
0.0085861251
0.0096325370
0.0108678760
0.0123635674
0.0140530970
0.0157974668
0.0174544710
0.0189048137
0.0201072551
0.0211135021
0.0219742940
0.0226643893
0.0230938096
0.0232334359
0.0231121558
0.0227658515
0.0222240720
0.0215174081
0.0206538052
0.0195790017
0.0183258043
0.0169898960
0.0156073905
0.0141865969
0.0127318310
0.0112201414
0.0096200857
0.0079821793
0.0063985997
0.0048900237
0.0034507665
0.0021336443
0.0010595990
0.0002699700
-0.0002883182
-0.0006909572
-0.0009833452
-0.0011460213
-0.0011757646
-0.0010875309
-0.0008895183
-0.0005496227
-0.0000501316
0.0005592772
0.0011507472
0.0016030585
0.0018606247
0.0019115427
0.0017710830
0.0014183406
0.0008401638
0.0001048941
-0.0006897380
-0.0015785603
-0.0026127846
-0.0037498808
-0.0048911812
-0.0059663104
-0.0069465379
-0.0079096907
-0.0089196888
-0.0099011986
-0.0107694894
-0.0115033873
-0.0120442326
-0.0123059906
-0.0122330770
-0.0117911392
-0.0109804253
-0.0098216295
-0.0083526926
-0.0066353882
-0.0046383260
-0.0022176747
0.0007688984
0.0042980662
0.0081343578
0.0119749982
0.0156973688
0.0193039657
0.0228293315
0.0262985261
0.0296666305
0.0328917271
0.0359215717
0.0387084427
0.0412163588
0.0434636743
0.0454800046
0.0472875733
0.0489458424
0.0504956217
0.0519204169
0.0531796829
0.0542759412
0.0552631392
0.0561928762
0.0569910148
0.0574344491
0.0572777415
0.0565097141
0.0553522742
0.0540807389
0.0528710548
0.0517549621
0.0506378937
0.0494212813
0.0480879443
0.0467352110
0.0454730100
0.0443618532
0.0433895619
0.0424641077
0.0415062355
0.0404988393
0.0394608192
0.0384329437
0.0374498382
0.0365271289
0.0356674945
0.0348770780
0.0341264377
0.0333859751
0.0327004106
0.0321219139
0.0316322627
0.0311472829
0.0306276693
0.0301120242
0.0296267467
0.0291031067
0.0284852058
0.0277584098
0.0269103916
0.0259755287
0.0250181195
0.0240629178
0.0231219862
0.0222457749
0.0214761271
0.0208043036
0.0202128512
0.0196828120
0.0192073649
0.0188149263
0.0185195846
0.0183057384
0.0181894769
0.0181692373
0.0182191665
0.0183066975
0.0184042738
0.0184637027
0.0184656291
0.0184474813
0.0184390729
0.0183791646
0.0181672034
0.0177819661
0.0172448910
0.0165503559
0.0157473889
0.0149207843
0.0141074246
0.0133335023
0.0125982484
0.0118798195
0.0111927585
0.0105645972
0.0099358737
0.0091477308
0.0081559218
0.0071150030
0.0062409554
0.0056244938
0.0051728067
0.0046771027
0.0039698328
0.0030767519
0.0021768666
0.0014099942
0.0008029799
0.0002900954
-0.0002700803
-0.0009437500
-0.0017060825
-0.0024730086
-0.0031630832
-0.0037493815
-0.0042490986
-0.0046955597
-0.0050888374
-0.0053905892
-0.0055593743
-0.0055498085
-0.0052883068
-0.0047874669
-0.0041967826
-0.0037294991
-0.0035227913
-0.0035007643
-0.0034036840
-0.0029964626
-0.0022170240
-0.0011684121
0.0000197808
0.0012667731
0.0025740393
0.0039766893
0.0054318247
0.0068644256
0.0082424690
0.0095675357
0.0108406832
0.0120236954
0.0130929347
0.0140313693
0.0147992396
0.0153585964
0.0157236769
0.0159035590
0.0158945802
0.0157310766
0.0155169327
0.0153138016
0.0151140437
0.0148904415
0.0146345867
0.0143738539
0.0141817933
0.0141005128
0.0141140802
0.0141857288
0.0142592873
0.0143187161
0.0144029317
0.0145807883
0.0149024629
0.0153153394
0.0157317214
0.0161229446
0.0165230474
0.0170473819
0.0177600317
0.0186241142
0.0195403829
0.0204698553
0.0214425681
0.0224775622
0.0235197493
0.0244912716
0.0253550647
0.0260772885
0.0266483608
0.0270742095
0.0273720729
0.0275672008
0.0276383203
0.0275328068
0.0272444018
0.0268457458
0.0264141924
0.0259589931
0.0254813881
0.0249830889
0.0244552902
0.0239328655
0.0234615110
0.0230253111
0.0225859694
0.0221057766
0.0214695294
0.0206786168
0.0199144670
0.0194224512
0.0193191618
0.0194841620
0.0196845234
0.0197331049
0.0196053842
0.0194310580
0.0194027161
0.0195777781
0.0198821399
0.0201832195
0.0203361818
0.0203284596
0.0202769844
0.0202832266
0.0202996878
0.0201921487
0.0198739135
0.0193078019
0.0185290429
0.0176454733
0.0166985146
0.0157063145
0.0146711386
0.0134583293
0.0118535197
0.0098352796
0.0075732465
0.0052933477
0.0031669980
0.0012204032
-0.0005852644
-0.0023048924
-0.0039486929
-0.0055405122
-0.0071465083
-0.0087635352
-0.0103326197
-0.0117948680
-0.0130871803
-0.0142001313
-0.0151974077
-0.0161169918
-0.0169451839
-0.0176489706
-0.0181994891
-0.0186003608
-0.0188774142
-0.0190770398
-0.0192345742
-0.0193370451
-0.0193956388
-0.0193983093
-0.0193281820
-0.0192042231
-0.0189917246
-0.0186257181
-0.0180664605
-0.0173183998
-0.0163777660
-0.0152385813
-0.0139016065
-0.0124519087
-0.0109857332
-0.0094969950
-0.0079395391
-0.0063429732
-0.0047944655
-0.0033576548
-0.0020722510
-0.0009336526
0.0000604503
0.0008567837
0.0013982077
0.0017110399
0.0018119713
0.0017290364
0.0015142799
0.0012078916
0.0008146526
0.0003475896
-0.0001597267
-0.0007021698
-0.0012582515
-0.0017756088
-0.0022563274
-0.0026915890
-0.0030685899
-0.0033972715
-0.0036751318
-0.0038633355
-0.0039549871
-0.0040037853
-0.0040718589
-0.0041909563
-0.0043774138
-0.0046270992
-0.0049872330
-0.0054884392
-0.0060123454
-0.0063682702
-0.0065387775
-0.0066891420
-0.0070241211
-0.0076568156
-0.0085673076
-0.0096307677
-0.0106921525
-0.0116582760
-0.0125138509
-0.0133064336
-0.0140680452
-0.0148542534
-0.0157541850
-0.0167500146
-0.0177156006
-0.0185543837
-0.0192906959
-0.0200624355
-0.0209868314
-0.0220799728
-0.0233093259
-0.0245425732
-0.0256510678
-0.0267400753
-0.0280864506
-0.0297936154
-0.0317348080
-0.0336557198
-0.0354200894
-0.0370474287
-0.0385727684
-0.0399912305
-0.0413007977
-0.0424802464
-0.0435288493
-0.0444926081
-0.0453949374
-0.0462202853
-0.0470055675
-0.0478249792
-0.0486652835
-0.0494673742
-0.0502220904
-0.0508992383
-0.0514760815
-0.0519464108
-0.0523209745
-0.0526185485
-0.0528839112
-0.0531261986
-0.0532838404
-0.0532829144
-0.0531032307
-0.0527056992
-0.0521390502
-0.0514780575
-0.0507384300
-0.0499108415
-0.0489808400
-0.0479750973
-0.0469074538
-0.0457644990
-0.0445457948
-0.0432671326
-0.0419553332
-0.0406388294
-0.0393594397
-0.0380856720
-0.0367157666
-0.0352468297
-0.0337073769
-0.0320915876
-0.0303583049
-0.0285038083
-0.0265284862
-0.0244665674
-0.0223919328
-0.0203326514
-0.0182841760
-0.0162646544
-0.0143203531
-0.0124897173
-0.0107339379
-0.0090650943
-0.0075061196
-0.0060656478
-0.0047713711
-0.0036054146
-0.0024776833
-0.0012982866
-0.0000402868
0.0012531833
0.0025299150
0.0038269390
0.0051819815
0.0065038147
0.0077169241
0.0088587470
0.0100988234
0.0116363664
0.0134336086
0.0152301316
0.0168598025
0.0183344276
0.0197257714
0.0210725601
0.0223432355
0.0235514149
0.0247609418
0.0259340823
0.0269969553
0.0278677264
0.0284524157
0.0287356865
0.0288491949
0.0289195372
0.0289386523
0.0288470039
0.0285436176
0.0279874935
0.0273077247
0.0266672362
0.0260457221
0.0252670376
0.0242073476
0.0228282402
0.0211889787
0.0194803257
0.0178507293
0.0162963118
0.0147687315
0.0131655589
0.0113665886
0.0093534497
0.0072274804
0.0051103610
0.0031239899
0.0013438032
-0.0001962319
-0.0015327485
-0.0027539008
-0.0039252306
-0.0050467296
-0.0060640984
-0.0069173245
-0.0076008295
-0.0081336765
-0.0084894499
-0.0086557481
-0.0086924984
-0.0086930275
-0.0087244121
-0.0088034438
-0.0089282790
-0.0090463264
-0.0091868209
-0.0094620884
-0.0098817197
-0.0104044916
-0.0110541243
-0.0118573063
-0.0128035705
-0.0138594325
-0.0150363183
-0.0163601473
-0.0178163270
-0.0193663047
-0.0209157781
-0.0223677247
-0.0237617472
-0.0251529091
-0.0265447407
-0.0279404416
-0.0293108265
-0.0306160531
-0.0318720698
-0.0331468213
-0.0344314610
-0.0356505042
-0.0367444972
-0.0377549111
-0.0387143955
-0.0396055550
-0.0404002460
-0.0410799404
-0.0416245144
-0.0420881965
-0.0425941847
-0.0431457616
-0.0435863186
-0.0438183787
-0.0438588330
-0.0437595121
-0.0435729414
-0.0432854458
-0.0428963143
-0.0424143109
-0.0418504977
-0.0411276455
-0.0401547673
-0.0389086719
-0.0374607021
-0.0359834809
-0.0346066057
-0.0333530363
-0.0321672544
-0.0310585282
-0.0300021371
-0.0289537906
-0.0279420455
-0.0270195346
-0.0262373280
-0.0256322669
-0.0251775554
-0.0247992051
-0.0244137363
-0.0239631670
-0.0234261662
-0.0227659342
-0.0219958812
-0.0211608765
-0.0202185395
-0.0190877135
-0.0177866209
-0.0164728124
-0.0153061539
-0.0143023541
-0.0132837716
-0.0120338400
-0.0105096908
-0.0087697443
-0.0068896125
-0.0049360563
-0.0029785356
-0.0010706464
0.0007920717
0.0026937485
0.0047218372
0.0068608208
0.0090021599
0.0110114378
0.0128556245
0.0146030203
0.0163462740
0.0180847737
0.0196701623
0.0210057812
0.0221207165
0.0231181087
0.0240718552
0.0249810798
0.0258072545
0.0265489242
0.0272280894
0.0278468007
0.0283846447
0.0288795707
0.0294004989
0.0300081230
0.0307023108
0.0314271721
0.0321446337
0.0328532984
0.0335902638
0.0343978194
0.0352434565
0.0360712434
0.0368806179
0.0376571198
0.0383479922
0.0389373942
0.0394758252
0.0400447313
0.0406900731
0.0413791101
0.0420213432
0.0425724239
0.0430235059
0.0433482396
0.0435838052
0.0437989495
0.0440089263
0.0441792592
0.0442959259
0.0443698316
0.0443825805
0.0443487487
0.0443051692
0.0442404904
0.0441196154
0.0440007743
0.0439552023
0.0439837509
0.0440567058
0.0441160106
0.0441167217
0.0440339529
0.0438690437
0.0437187354
0.0437576188
0.0440053381
0.0443058307
0.0445210576
0.0445966334
0.0445569976
0.0444113110
0.0441734139
0.0439259343
0.0436961644
0.0434311241
0.0430586936
0.0425536974
0.0419509513
0.0412634521
0.0404279596
0.0393704193
0.0381024391
0.0366300297
0.0349020632
0.0328540095
0.0304618672
0.0278332663
0.0252340243
0.0227793445
0.0203503858
0.0177348067
0.0147703024
0.0115603854
0.0083914933
0.0055127126
0.0030276115
0.0009165101
-0.0008937911
-0.0024585351
-0.0038421170
-0.0050890689
-0.0061851768
-0.0070796740
-0.0078270096
-0.0086203868
-0.0095165069
-0.0104560660
-0.0113367171
-0.0121013547
-0.0127506733
-0.0133194802
-0.0138827807
-0.0144475612
-0.0149352612
-0.0153173898
-0.0155750718
-0.0157123087
-0.0157683891
-0.0157758631
-0.0157885790
-0.0158182438
-0.0158248249
-0.0157385672
-0.0155134024
-0.0151784828
-0.0148095330
-0.0145101235
-0.0143325233
-0.0142621810
-0.0142361540
-0.0141842323
-0.0140587687
-0.0139032187
-0.0138449722
-0.0139088490
-0.0140635475
-0.0142857772
-0.0145400115
-0.0147101708
-0.0146787780
-0.0145113223
-0.0143561030
-0.0142986006
-0.0142956903
-0.0142587003
-0.0141481269
-0.0140022171
-0.0139008624
-0.0138815819
-0.0138850544
-0.0138750999
-0.0138617475
-0.0138934792
-0.0140736011
-0.0144202858
-0.0148994534
-0.0154586614
-0.0160719242
-0.0167833338
-0.0176243243
-0.0185404111
-0.0194907018
-0.0204133450
-0.0211652832
-0.0216368197
-0.0218761472
-0.0220164349
-0.0222252295
-0.0225679787
-0.0230033022
-0.0234562527
-0.0238323293
-0.0240647284
-0.0241481999
-0.0241176670
-0.0240291687
-0.0239058712
-0.0237341825
-0.0234677449
-0.0230521069
-0.0224948419
-0.0218105506
-0.0210078399
-0.0201341750
-0.0192039751
-0.0181431111
-0.0169470276
-0.0157722666
-0.0148714173
-0.0143803359
-0.0142665546
-0.0143706626
-0.0144920501
-0.0145160929
-0.0145061384
-0.0145913379
-0.0148891600
-0.0154050366
-0.0160138595
-0.0165965067
-0.0170858519
-0.0174200936
-0.0175699471
-0.0176179499
-0.0177068616
-0.0178920516
-0.0180873284
-0.0182107416
-0.0182461938
-0.0182369753
-0.0182838949
-0.0184947565
-0.0188798284
-0.0193290088
-0.0197179749
-0.0200271486
-0.0203252600
-0.0206876535
-0.0210781574
-0.0214357059
-0.0217474757
-0.0220146739
-0.0222569447
-0.0225288307
-0.0228676114
-0.0232712032
-0.0236878911
-0.0240563366
-0.0243624347
-0.0246342215
-0.0249085962
-0.0251917429
-0.0254746912
-0.0257017245
-0.0258183168
-0.0258049478
-0.0256674215
-0.0254358326
-0.0251242199
-0.0246977594
-0.0241306888
-0.0234286135
-0.0226086314
-0.0217155951
-0.0208067261
-0.0199116807
-0.0190502026
-0.0182727996
-0.0176366598
-0.0171438587
-0.0168144868
-0.0166928098
-0.0167676167
-0.0169430756
-0.0171124080
-0.0172745144
-0.0174429374
-0.0175681943
-0.0176599006
-0.0177327067
-0.0177833716
-0.0178506797
-0.0180215169
-0.0182200180
-0.0182532545
-0.0180495281
-0.0177237857
-0.0174676168
-0.0174559675
-0.0177242983
-0.0181318917
-0.0185810308
-0.0190384128
-0.0194207894
-0.0196781324
-0.0198930534
-0.0201889739
-0.0205404456
-0.0208465354
-0.0210713199
-0.0212610324
-0.0214698353
-0.0217963052
-0.0222683460
-0.0228163677
-0.0233608177
-0.0238001511
-0.0240465145
-0.0241574764
-0.0243118855
-0.0247631741
-0.0256191624
-0.0267093274
-0.0277586000
-0.0285316872
-0.0290172706
-0.0294002260
-0.0298585919
-0.0304831733
-0.0312530113
-0.0320537460
-0.0327531012
-0.0332868692
-0.0336894441
-0.0340358146
-0.0344095101
-0.0348787067
-0.0353902592
-0.0358497578
-0.0361958058
-0.0364228226
-0.0365423830
-0.0365576122
-0.0364934460
-0.0363571846
-0.0361139382
-0.0357637232
-0.0353691598
-0.0350181015
-0.0347496714
-0.0345793386
-0.0345124026
-0.0345562549
-0.0347253476
-0.0350243272
-0.0354234296
-0.0358969503
-0.0363836333
-0.0368039260
-0.0371452697
-0.0374178336
-0.0376209813
-0.0377108438
-0.0376770452
-0.0375604198
-0.0373947996
-0.0371902547
-0.0369845688
-0.0367764604
-0.0365246238
-0.0361681997
-0.0356841045
-0.0351245988
-0.0345194220
-0.0338312283
-0.0330165045
-0.0321160024
-0.0311563030
-0.0301333220
-0.0289943606
-0.0277179638
-0.0263646767
-0.0249922082
-0.0236549027
-0.0223280228
-0.0208980685
-0.0193346557
-0.0176691770
-0.0159845833
-0.0143948458
-0.0129396334
-0.0116090744
-0.0103347859
-0.0089524210
-0.0072923668
-0.0053352397
-0.0032796581
-0.0013219969
0.0004457013
0.0020033837
0.0034622215
0.0049639079
0.0065216822
0.0080484911
0.0095015257
0.0108861726
0.0122071327
0.0134497060
0.0146323048
0.0157653052
0.0168350653
0.0179014687
0.0190793052
0.0203644162
0.0216603581
0.0229717854
0.0243570110
0.0258242944
0.0272819375
0.0285343908
0.0294915933
0.0302244743
0.0308902954
0.0315957026
0.0323488397
0.0330957594
0.0337347433
0.0341933985
0.0345365941
0.0348375001
0.0351545778
0.0355207414
0.0359321049
0.0363951420
0.0368546406
0.0372493941
0.0375922425
0.0379153474
0.0382116813
0.0384562258
0.0386355622
0.0387390831
0.0387362473
0.0385726858
0.0382139715
0.0377039733
0.0371093379
0.0364718174
0.0358112464
0.0351151984
0.0343475017
0.0335610950
0.0328694124
0.0322015988
0.0315135456
0.0309102208
0.0304944092
0.0302972887
0.0302878221
0.0304180893
0.0306662054
0.0309982561
0.0313927781
0.0318528058
0.0324014972
0.0330476079
0.0337337842
0.0343769019
0.0349130511
0.0353235961
0.0356761757
0.0360325915
0.0363502314
0.0365711300
0.0366974535
0.0367688210
0.0368123095
0.0368316148
0.0367884404
0.0366008775
0.0362220973
0.0356936372
0.0350908993
0.0344840193
0.0339313015
0.0334455858
0.0329907421
0.0325209667
0.0320512905
0.0315769513
0.0309983718
0.0302255409
0.0293894945
0.0287254592
0.0283858353
0.0283402633
0.0283895310
0.0282909625
0.0279435337
0.0274218118
0.0268200248
0.0261710617
0.0255244137
0.0248909610
0.0242630973
0.0236496609
0.0230568113
0.0224688893
0.0218608849
0.0211825464
0.0204139816
0.0196675579
0.0190351304
0.0184768402
0.0179176818
0.0173739428
0.0169209923
0.0165334070
0.0161144371
0.0155463578
0.0147264004
0.0137322492
0.0127738148
0.0119835553
0.0113183130
0.0106788414
0.0099502265
0.0090596706
0.0080331378
0.0069795453
0.0059174115
0.0048742496
0.0038677993
0.0028537499
0.0017757518
0.0005725524
-0.0007551470
-0.0021335583
-0.0035053273
-0.0048753418
-0.0062925646
-0.0077183899
-0.0090424984
-0.0102381686
-0.0113481763
-0.0124034760
-0.0134264818
-0.0144197897
-0.0153565625
-0.0161396869
-0.0166623513
-0.0169064493
-0.0169762873
-0.0170235294
-0.0171019741
-0.0171414114
-0.0170590643
-0.0168373803
-0.0164654541
-0.0159269072
-0.0152820946
-0.0146214161
-0.0139628129
-0.0133069710
-0.0126866972
-0.0120631658
-0.0113815450
-0.0106873159
-0.0100318296
-0.0094228660
-0.0088914461
-0.0084821908
-0.0081761481
-0.0079238096
-0.0077345609
-0.0076016563
-0.0074942363
-0.0074294814
-0.0074339278
-0.0074933244
-0.0075880459
-0.0077203602
-0.0078741913
-0.0080098086
-0.0081346381
-0.0082354612
-0.0082563886
-0.0081427785
-0.0079011071
-0.0075702660
-0.0072289108
-0.0069879909
-0.0068481289
-0.0065825884
-0.0059361553
-0.0049530490
-0.0038898246
-0.0029593932
-0.0022001586
-0.0015708464
-0.0010229810
-0.0005275550
-0.0000474690
0.0004046037
0.0008111982
0.0011506628
0.0014015743
0.0015890876
0.0017675659
0.0019926323
0.0022997482
0.0027157805
0.0032529731
0.0039086752
0.0046942947
0.0056400356
0.0067591684
0.0079764043
0.0090938248
0.0099060849
0.0103662696
0.0105683590
0.0106487880
0.0107471912
0.0109454774
0.0112157181
0.0114903243
0.0117020126
0.0118155457
0.0118642512
0.0119484751
0.0121141284
0.0123330676
0.0125816385
0.0128154348
0.0129645112
0.0130127950
0.0130076525
0.0129472563
0.0127743853
0.0124853353
0.0121112016
0.0116684454
0.0112094677
0.0107989971
0.0104117838
0.0100231732
0.0096575553
0.0093275220
0.0090427713
0.0087754821
0.0084874326
0.0081908821
0.0079335226
0.0077540373
0.0076701979
0.0076433755
0.0076227160
0.0076176983
0.0076733396
0.0078172222
0.0080292685
0.0082797790
0.0085723841
0.0089032194
0.0092206361
0.0094864784
0.0096923379
0.0098329067
0.0099055805
0.0099418595
0.0099968899
0.0101323493
0.0103691468
0.0106524837
0.0109063129
0.0110976625
0.0112808683
0.0115315805
0.0118746190
0.0122809723
0.0127253077
0.0131719995
0.0135767653
0.0139730236
0.0144252547
0.0149094822
0.0153883852
0.0158780529
0.0163938964
0.0168703274
0.0172132006
0.0174236735
0.0176816283
0.0181776622
0.0189013908
0.0196693272
0.0203170253
0.0207966146
0.0211539233
0.0214901575
0.0218450438
0.0221754657
0.0224387615
0.0226542365
0.0228408899
0.0229831371
0.0230851863
0.0231421514
0.0231328832
0.0230194079
0.0227939372
0.0224613822
0.0220085309
0.0214509599
0.0208290821
0.0202478405
0.0197946007
0.0193547133
0.0186659492
0.0176059285
0.0163071260
0.0150474798
0.0140068801
0.0131785062
0.0124604906
0.0117443849
0.0109681890
0.0101591699
0.0093885299
0.0086958717
0.0080667736
0.0074875063
0.0069922372
0.0066705097
0.0065825273
0.0067167613
0.0070274588
0.0074659936
0.0079952333
0.0086054717
0.0092893000
0.0100597581
0.0109244111
0.0118413578
0.0127364940
0.0135753267
0.0143129121
0.0149238764
0.0154015145
0.0157203119
0.0159033193
0.0159621445
0.0158792766
0.0157147229
0.0155721863
0.0154626051
0.0153235245
0.0151335970
0.0148887135
0.0146158602
0.0143715059
0.0141993624
0.0140843327
0.0139623664
0.0137960434
0.0136068931
0.0134658778
0.0134219759
0.0134426867
0.0134915906
0.0135557899
0.0135968147
0.0136098199
0.0136083896
0.0135878276
0.0135227436
0.0134051675
0.0132656734
0.0131246333
0.0129815015
0.0128424953
0.0127241006
0.0125981906
0.0124304455
0.0122327876
0.0120369073
0.0118767191
0.0118057236
0.0118449294
0.0118720560
0.0117210036
0.0114214536
0.0111917581
0.0111915514
0.0113962865
0.0116255108
0.0117027980
0.0116247171
0.0114876620
0.0113599909
0.0112682185
0.0111871529
0.0110365222
0.0107756489
0.0104213744
0.0099733515
0.0094838575
0.0090108246
0.0085089371
0.0079138618
0.0072747746
0.0066633523
0.0060336722
0.0053545276
0.0047237388
0.0042762839
0.0039797558
0.0036567393
0.0031734783
0.0025893397
0.0020856490
0.0018263697
0.0018463331
0.0020403721
0.0022812027
0.0025138027
0.0027474106
0.0029667342
0.0031597819
0.0033552546
0.0035666254
0.0038017975
0.0040231525
0.0041754219
0.0042037374
0.0041042190
0.0039395884
0.0037729736
0.0036290695
0.0034850621
0.0033240619
0.0031621953
0.0030385985
0.0029770714
0.0029634676
0.0030108800
0.0031438011
0.0033597134
0.0036465410
0.0039816880
0.0043261014
0.0046701834
0.0050506304
0.0055301601
0.0061163401
0.0067387148
0.0073228675
0.0078344010
0.0083078977
0.0088077761
0.0093668932
0.0100001639
0.0106816028
0.0113723926
0.0120700115
0.0127551792
0.0133639360
0.0138721814
0.0143440155
0.0148098389
0.0152294454
0.0155453160
0.0157406672
0.0158577555
0.0159679320
0.0160767856
0.0161039122
0.0159816648
0.0157432715
0.0154405632
0.0150810139
0.0146836973
0.0142477372
0.0137535305
0.0132069474
0.0126512863
0.0121207923
0.0115962345
0.0110346454
0.0103823009
0.0095464281
0.0085789652
0.0076762664
0.0069988308
0.0065491081
0.0061755688
0.0056937357
0.0050092278
0.0041204743
0.0031333895
0.0021538491
0.0012508758
0.0004456590
-0.0002943215
-0.0010189165
-0.0017443078
-0.0024492379
-0.0031166754
-0.0037561701
-0.0043323097
-0.0047979612
-0.0051626944
-0.0054610150
-0.0057172203
-0.0058880112
-0.0058764653
-0.0057396409
-0.0057328291
-0.0060816658
-0.0067260097
-0.0074081116
-0.0079062703
-0.0081707269
-0.0083293691
-0.0085615698
-0.0089111730
-0.0092868362
-0.0095608388
-0.0096871622
-0.0096860792
-0.0096614577
-0.0097501793
-0.0100017762
-0.0103539258
-0.0107101350
-0.0109812521
-0.0111304773
-0.0111955943
-0.0112412573
-0.0113100949
-0.0114472326
-0.0116453948
-0.0118360416
-0.0119582394
-0.0120093591
-0.0120349644
-0.0120851333
-0.0122010972
-0.0123571847
-0.0125027886
-0.0126152305
-0.0126827452
-0.0127417275
-0.0128623793
-0.0130638651
-0.0133188435
-0.0136300346
-0.0139630030
-0.0142644712
-0.0145018227
-0.0146693362
-0.0147677311
-0.0147891860
-0.0147460364
-0.0146641688
-0.0145660385
-0.0144151680
-0.0141518640
-0.0137942576
-0.0134271267
-0.0130780692
-0.0127240675
-0.0123258581
-0.0118571906
-0.0113091523
-0.0107388820
-0.0101974084
-0.0097192082
-0.0093194361
-0.0090079226
-0.0087546721
-0.0084920626
-0.0082323401
-0.0080447408
-0.0080036764
-0.0081316517
-0.0083412582
-0.0085664726
-0.0088594580
-0.0093123341
-0.0099817268
-0.0108244371
-0.0116945715
-0.0124025583
-0.0128626935
-0.0131978611
-0.0136052230
-0.0142446946
-0.0151202611
-0.0160998693
-0.0170451992
-0.0178591045
-0.0185139460
-0.0190646464
-0.0196061944
-0.0201546957
-0.0206903818
-0.0211642911
-0.0215549356
-0.0218969489
-0.0222266598
-0.0225676562
-0.0229376891
-0.0232831584
-0.0235153260
-0.0235346891
-0.0233775682
-0.0232936254
-0.0235400880
-0.0241262490
-0.0248362861
-0.0254184124
-0.0257516537
-0.0258634754
-0.0259000769
-0.0260105179
-0.0262281590
-0.0264760850
-0.0266738586
-0.0267884418
-0.0268154692
-0.0267823154
-0.0267357265
-0.0266884513
-0.0265796638
-0.0263667684
-0.0260659286
-0.0256904225
-0.0252584639
-0.0247620745
-0.0241554756
-0.0234533011
-0.0227242563
-0.0219795854
-0.0211842743
-0.0203303364
-0.0194380195
-0.0185254217
-0.0175765779
-0.0165981106
-0.0156190977
-0.0146508577
-0.0136969788
-0.0127322692
-0.0117409207
-0.0107326564
-0.0097112711
-0.0086993524
-0.0077440440
-0.0068686620
-0.0060536951
-0.0052618739
-0.0044828892
-0.0037408665
-0.0030794827
-0.0025210180
-0.0020101286
-0.0014974583
-0.0010248181
-0.0006296731
-0.0003272739
-0.0001221407
0.0000334643
0.0002276049
0.0004961239
0.0007774940
0.0010191059
0.0012143033
0.0013812166
0.0015828512
0.0018680393
0.0022244303
0.0026118049
0.0029797352
0.0032977348
0.0035704700
0.0038258841
0.0041021421
0.0043713097
0.0045364735
0.0045340163
0.0044473369
0.0044492071
0.0045839463
0.0047444545
0.0047581013
0.0045081373
0.0040201282
0.0033796810
0.0026469620
0.0018616996
0.0010723248
0.0002642022
-0.0006147892
-0.0016054256
-0.0026302544
-0.0036206951
-0.0045670073
-0.0055111731
-0.0064547702
-0.0073471070
-0.0081549776
-0.0088863200
-0.0095108683
-0.0099352453
-0.0101689425
-0.0103902958
-0.0108196831
-0.0115345817
-0.0123790199
-0.0130652872
-0.0133908642
-0.0133538659
-0.0130827653
-0.0127072343
-0.0122979378
-0.0118309321
-0.0112779663
-0.0106243402
-0.0099149148
-0.0091878295
-0.0084566186
-0.0077358283
-0.0070954605
-0.0066016531
-0.0062160694
-0.0058742321
-0.0055461227
-0.0052414987
-0.0049611523
-0.0047099134
-0.0045034991
-0.0043402121
-0.0041800073
-0.0039965724
-0.0038220644
-0.0037341133
-0.0037667554
-0.0038773518
-0.0040050610
-0.0041172374
-0.0042324126
-0.0044086371
-0.0046522200
-0.0048978252
-0.0050906903
-0.0052488695
-0.0054224813
-0.0056393461
-0.0058869686
-0.0061573458
-0.0064292798
-0.0066265524
-0.0066917686
-0.0066221217
-0.0064925647
-0.0063743023
-0.0062660523
-0.0061041840
-0.0058485036
-0.0054958554
-0.0050348306
-0.0044882384
-0.0038853195
-0.0032314289
-0.0025438735
-0.0018559394
-0.0012040925
-0.0005913561
0.0000377161
0.0007406997
0.0015075847
0.0023088163
0.0031240122
0.0039521290
0.0047852304
0.0055722291
0.0062773551
0.0068804394
0.0073754861
0.0077626408
0.0080993727
0.0085625041
0.0092475725
0.0100650247
0.0108434695
0.0114348640
0.0117827557
0.0119585866
0.0120785274
0.0122425354
0.0125261451
0.0128823460
0.0131830122
0.0133780243
0.0134959643
0.0135530946
0.0135674640
0.0136177156
0.0137835343
0.0140512864
0.0143753835
0.0147178185
0.0150614275
0.0154644075
0.0159526366
0.0164177820
0.0167324538
0.0168473595
0.0167629537
0.0165411952
0.0163208423
0.0161873920
0.0161012830
0.0159773325
0.0157425688
0.0153626311
0.0148587676
0.0143026187
0.0137545309
0.0132322303
0.0127408181
0.0122930598
0.0118490716
0.0113914664
0.0109324804
0.0104512294
0.0099237531
0.0094094144
0.0089141577
0.0084001827
0.0078887368
0.0073956289
0.0069254087
0.0064820473
0.0061015060
0.0058014145
0.0055136130
0.0051188950
0.0045855197
0.0040170881
0.0034932596
0.0030306334
0.0026310911
0.0022580604
0.0018203350
0.0012022282
0.0004166523
-0.0004128302
-0.0011618706
-0.0017987941
-0.0023847525
-0.0030226227
-0.0037725188
-0.0045627295
-0.0052794983
-0.0058968247
-0.0064887094
-0.0071333939
-0.0078400404
-0.0086210400
-0.0094951017
-0.0104004238
-0.0113093921
-0.0122681490
-0.0132857393
-0.0143289599
-0.0153798033
-0.0164178730
-0.0174187624
-0.0183981143
-0.0193645850
-0.0203266407
-0.0212655301
-0.0221492568
-0.0229581188
-0.0236660477
-0.0242720265
-0.0248603536
-0.0254867787
-0.0261458036
-0.0267619932
-0.0271946215
-0.0273234914
-0.0271547459
-0.0268223894
-0.0264864942
-0.0261946249
-0.0258386886
-0.0252780420
-0.0244826731
-0.0235202536
-0.0224753134
-0.0213733007
-0.0202344550
-0.0190658949
-0.0178850158
-0.0167303951
-0.0156216359
-0.0145642610
-0.0135712507
-0.0126469787
-0.0117709245
-0.0109034026
-0.0099772705
-0.0089612096
-0.0079596951
-0.0071462685
-0.0066530233
-0.0064439295
-0.0063491195
-0.0062138693
-0.0059809295
-0.0057067798
-0.0054816737
-0.0053730855
-0.0053644423
-0.0053754013
-0.0053674452
-0.0053510088
-0.0053283832
-0.0052836305
-0.0051809811
-0.0049900399
-0.0047093322
-0.0043911920
-0.0041030598
-0.0038442427
-0.0035518030
-0.0032158681
-0.0028984853
-0.0026256650
-0.0023353203
-0.0020077227
-0.0017185859
-0.0015214555
-0.0014000704
-0.0013340241
-0.0013138672
-0.0013574748
-0.0014491827
-0.0015540223
-0.0016929988
-0.0019138784
-0.0022607631
-0.0027307758
-0.0033104895
-0.0039917135
-0.0047863259
-0.0056296215
-0.0064103639
-0.0071656077
-0.0080010985
-0.0089481382
-0.0099402639
-0.0109113893
-0.0117829045
-0.0125516016
-0.0132672939
-0.0139341402
-0.0145040219
-0.0149957483
-0.0154621339
-0.0159067008
-0.0163112599
-0.0166807636
-0.0169821574
-0.0172308275
-0.0174708081
-0.0176501529
-0.0176917067
-0.0176114927
-0.0174797125
-0.0173212026
-0.0171106966
-0.0168199270
-0.0164320109
-0.0159633434
-0.0154644654
-0.0150199150
-0.0146693775
-0.0142948883
-0.0137194507
-0.0128448516
-0.0117626898
-0.0106946411
-0.0098081860
-0.0091374622
-0.0086013874
-0.0080878110
-0.0075747273
-0.0071068932
-0.0067070922
-0.0063686827
-0.0060962767
-0.0058563638
-0.0056041915
-0.0053779717
-0.0052375443
-0.0052019366
-0.0052434301
-0.0052901116
-0.0052836950
-0.0052008924
-0.0049811066
-0.0046148728
-0.0042705031
-0.0041718221
-0.0043841264
-0.0047368457
-0.0049663453
-0.0049067842
-0.0046204287
-0.0042974643
-0.0041062983
-0.0040808327
-0.0041179799
-0.0040901753
-0.0039602314
-0.0037979208
-0.0036756519
-0.0035981712
-0.0035462528
-0.0034786091
-0.0033838140
-0.0032736491
-0.0031426990
-0.0029747919
-0.0027788934
-0.0026078305
-0.0024916707
-0.0024166058
-0.0023490787
-0.0022642488
-0.0021399939
-0.0019010707
-0.0015450220
-0.0012001000
-0.0009913361
-0.0009044383
-0.0008138434
-0.0006141706
-0.0003168670
-0.0000357997
0.0001672247
0.0002960266
0.0004121708
0.0005773497
0.0008152471
0.0010842039
0.0013058326
0.0014368405
0.0014943000
0.0015419075
0.0016353963
0.0017765918
0.0019313283
0.0020971999
0.0022587507
0.0023820035
0.0024852400
0.0026290523
0.0028259363
0.0030233867
0.0031828176
0.0033143762
0.0034618883
0.0036753550
0.0039432825
0.0041964345
0.0044276091
0.0046713037
0.0049247368
0.0051894836
0.0054959265
0.0058529773
0.0062284603
0.0066115315
0.0070106893
0.0073654912
0.0076107467
0.0078202961
0.0082274315
0.0089713046
0.0099800650
0.0110553976
0.0119881688
0.0126751305
0.0131883862
0.0136812783
0.0142733342
0.0149719122
0.0156778238
0.0162932858
0.0167809774
0.0171942260
0.0176276976
0.0180970100
0.0185535487
0.0189339907
0.0192160543
0.0194200867
0.0196091708
0.0198244556
0.0200960027
0.0204601489
0.0208224845
0.0209897748
0.0208155809
0.0203576201
0.0198062582
0.0193158299
0.0189457144
0.0186704468
0.0184139471
0.0180961667
0.0176706322
0.0171624529
0.0166207313
0.0160932881
0.0156070019
0.0151932738
0.0148470026
0.0144968124
0.0140607695
0.0135468690
0.0130166561
0.0125377200
0.0121539130
0.0118309486
0.0114749710
0.0110657488
0.0106241087
0.0101648995
0.0096830118
0.0091989497
0.0087288601
0.0082487682
0.0077593841
0.0072857022
0.0068034234
0.0062810327
0.0057067326
0.0050853865
0.0044518453
0.0038493943
0.0032958613
0.0027718700
0.0022774086
0.0018317594
0.0014661407
0.0011799763
0.0009512249
0.0007784224
0.0006700609
0.0006255068
0.0006464117
0.0006911159
0.0007278127
0.0008044773
0.0009482386
0.0011331880
0.0013528349
0.0015908123
0.0018159762
0.0020183773
0.0022100791
0.0023850543
0.0025370434
0.0027081989
0.0028840621
0.0029860998
0.0030245152
0.0030543164
0.0030842160
0.0030821177
0.0030554475
0.0030466968
0.0030195264
0.0028768311
0.0025398636
0.0020715210
0.0016703450
0.0014889127
0.0015058492
0.0015702958
0.0015570748
0.0014126002
0.0011039474
0.0006602591
0.0001692717
-0.0002912455
-0.0006872440
-0.0010523506
-0.0014310333
-0.0018561568
-0.0023115174
-0.0027727430
-0.0032290114
-0.0036735799
-0.0041216524
-0.0046074442
-0.0050800471
-0.0054437485
-0.0056564794
-0.0057562567
-0.0058447285
-0.0060398292
-0.0063770935
-0.0068246732
-0.0072984966
-0.0077226619
-0.0080729836
-0.0083542056
-0.0086274723
-0.0089328428
-0.0092678617
-0.0096204164
-0.0099424466
-0.0101807985
-0.0103696511
-0.0105821497
-0.0107818001
-0.0108821462
-0.0109028239
-0.0109129933
-0.0109276934
-0.0109477676
-0.0109677673
-0.0109285532
-0.0107740449
-0.0105234484
-0.0102486356
-0.0099984691
-0.0097955694
-0.0096066754
-0.0093736727
-0.0090505761
-0.0086663474
-0.0082668167
-0.0078545297
-0.0074125705
-0.0070034905
-0.0066478452
-0.0062722779
-0.0058011127
-0.0051898954
-0.0044619072
-0.0036875451
-0.0029603076
-0.0023320008
-0.0017809919
-0.0012783000
-0.0007921296
-0.0003331300
0.0000814067
0.0004384923
0.0007210885
0.0008774796
0.0008816664
0.0007585375
0.0005569005
0.0003254342
0.0001020363
-0.0001111426
-0.0003651353
-0.0007397320
-0.0012316185
-0.0017656974
-0.0022892497
-0.0027920177
-0.0032828371
-0.0038080017
-0.0044102526
-0.0050588700
-0.0056581503
-0.0061379529
-0.0065488832
-0.0069671544
-0.0074848201
-0.0081644054
-0.0088833271
-0.0094068596
-0.0095905284
-0.0094893555
-0.0093213129
-0.0092909701
-0.0094629813
-0.0097607868
-0.0100665377
-0.0102899828
-0.0104239622
-0.0105320304
-0.0106681264
-0.0108574834
-0.0110757198
-0.0112404388
-0.0112878132
-0.0112421254
-0.0111673020
-0.0110809202
-0.0109764402
-0.0108175087
-0.0105608684
-0.0101448253
-0.0095409713
-0.0088536540
-0.0082756534
-0.0079325404
-0.0077312926
-0.0074396524
-0.0069004516
-0.0061538808
-0.0053587359
-0.0045708005
-0.0037953644
-0.0030394121
-0.0023234544
-0.0016463586
-0.0009552340
-0.0002052337
0.0005415183
0.0011807493
0.0016828997
0.0020807065
0.0024696602
0.0029362748
0.0034105644
0.0037184682
0.0038115378
0.0037529755
0.0036155566
0.0034676998
0.0034020031
0.0034336952
0.0035039168
0.0035847873
0.0036367949
0.0036076039
0.0034792804
0.0032908734
0.0031060942
0.0029604043
0.0028678407
0.0027929462
0.0026801703
0.0025201648
0.0023487927
0.0022258805
0.0022102519
0.0022720734
0.0022901749
0.0022130679
0.0021313434
0.0021528983
0.0023085806
0.0025342341
0.0027743354
0.0030220340
0.0032902326
0.0035597516
0.0038448165
0.0042035853
0.0046200509
0.0050257154
0.0053963766
0.0057609230
0.0061804724
0.0066844657
0.0072462971
0.0078056903
0.0083173726
0.0087669167
0.0091968745
0.0096445501
0.0101018659
0.0105319808
0.0109052133
0.0111891372
0.0113357994
0.0112917156
0.0111498322
0.0111177118
0.0113254233
0.0117776214
0.0123399629
0.0128103667
0.0130847165
0.0132097832
0.0132928331
0.0134129144
0.0136305886
0.0139529825
0.0143536144
0.0147636551
0.0151767548
0.0155918802
0.0159869479
0.0163596843
0.0167669222
0.0172008485
0.0175721298
0.0178638254
0.0181368028
0.0184812882
0.0189768756
0.0195943136
0.0201545468
0.0204458374
0.0204310711
0.0203021929
0.0202649465
0.0204261270
0.0207458669
0.0210414071
0.0211702356
0.0211828854
0.0212086147
0.0213284066
0.0215226333
0.0216839295
0.0217130734
0.0216292299
0.0215336956
0.0215043119
0.0215755719
0.0217122549
0.0218343618
0.0218665979
0.0217978182
0.0216984395
0.0216642935
0.0217389847
0.0218895823
0.0220396426
0.0221236102
0.0221475289
0.0221628821
0.0221952009
0.0222599624
0.0223616810
0.0224569258
0.0225130475
0.0225359658
0.0225261520
0.0224823658
0.0224423911
0.0223648889
0.0221508691
0.0218334193
0.0215645510
0.0213955327
0.0212503174
0.0210716093
0.0208483295
0.0206218832
0.0204185950
0.0202218218
0.0200075374
0.0198168658
0.0196608858
0.0194842198
0.0192547972
0.0190338820
0.0188877159
0.0188060137
0.0187482880
0.0187057420
0.0186777886
0.0186635763
0.0186623775
0.0186360281
0.0185922832
0.0185748217
0.0185905304
0.0186571192
0.0187684614
0.0188572078
0.0188443266
0.0186778878
0.0183066065
0.0177367496
0.0171455701
0.0167460213
0.0166025339
0.0166302640
0.0166624257
0.0165581111
0.0162592638
0.0158736131
0.0155527074
0.0153275757
0.0151607484
0.0150861647
0.0151212945
0.0152129677
0.0153325612
0.0154425806
0.0155103020
0.0155790403
0.0157233875
0.0159773738
0.0163407015
0.0167864755
0.0172646344
0.0177956658
0.0183707976
0.0188827387
0.0192047523
0.0193276611
0.0193707941
0.0194915699
0.0197698552
0.0201897924
0.0206959130
0.0212159978
0.0217084352
0.0221521258
0.0225377517
0.0229202027
0.0233262666
0.0237269978
0.0241006519
0.0244518342
0.0247585028
0.0249608568
0.0250431708
0.0250407649
0.0250225758
0.0250416909
0.0250563993
0.0249749286
0.0247150060
0.0242869499
0.0237808706
0.0232313607
0.0226682090
0.0221100097
0.0215554151
0.0209940492
0.0203966606
0.0196636555
0.0187320335
0.0176699129
0.0166000288
0.0156036948
0.0146233591
0.0135451245
0.0123430633
0.0110587460
0.0097794224
0.0085356999
0.0073182822
0.0061610671
0.0050580788
0.0039994372
0.0030163516
0.0021442866
0.0013332667
0.0005251635
-0.0002785933
-0.0010223559
-0.0016854123
-0.0022774061
-0.0028191187
-0.0033142406
-0.0037200705
-0.0040664947
-0.0044463605
-0.0048826571
-0.0053212721
-0.0056752374
-0.0059404562
-0.0061181805
-0.0061997546
-0.0062416433
-0.0063308907
-0.0065463714
-0.0069073279
-0.0073992577
-0.0079596496
-0.0084667879
-0.0087968626
-0.0088755140
-0.0087919433
-0.0087580289
-0.0089230786
-0.0092957406
-0.0097404729
-0.0101442714
-0.0104670787
-0.0107610314
-0.0111098822
-0.0115192036
-0.0119406538
-0.0123451716
-0.0127001075
-0.0129902819
-0.0131953642
-0.0133233164
-0.0134036793
-0.0134729633
-0.0135619246
-0.0135980796
-0.0134638108
-0.0131578533
-0.0128132273
-0.0126174710
-0.0127055064
-0.0130139608
-0.0133578840
-0.0135413792
-0.0134966670
-0.0133216959
-0.0131685187
-0.0131401106
-0.0132409362
-0.0133589340
-0.0134056222
-0.0133915174
-0.0133420677
-0.0132494686
-0.0131411276
-0.0130643695
-0.0130071730
-0.0129263223
-0.0128151372
-0.0126645312
-0.0125017138
-0.0123772341
-0.0123079087
-0.0122875121
-0.0122951598
-0.0122844696
-0.0122210391
-0.0121206269
-0.0120717891
-0.0121007098
-0.0121862566
-0.0122979295
-0.0123995654
-0.0125059965
-0.0126454161
-0.0127790070
-0.0128547977
-0.0128872074
-0.0129207085
-0.0129618820
-0.0130317365
-0.0131798456
-0.0134001489
-0.0136437509
-0.0138887914
-0.0141228192
-0.0143743913
-0.0146737347
-0.0150022963
-0.0153304364
-0.0156490271
-0.0159982003
-0.0163742852
-0.0167080804
-0.0169722857
-0.0171616592
-0.0172776397
-0.0173501729
-0.0173816070
-0.0173357043
-0.0172029651
-0.0170473241
-0.0169057465
-0.0167469307
-0.0165157304
-0.0162117654
-0.0158935302
-0.0155489704
-0.0151581440
-0.0147397446
-0.0143526967
-0.0140772224
-0.0139487246
-0.0138537525
-0.0135875547
-0.0130482060
-0.0123495122
-0.0116665355
-0.0111193241
-0.0107773438
-0.0106121535
-0.0105532951
-0.0105350895
-0.0105467057
-0.0105923852
-0.0106908710
-0.0108376407
-0.0110095858
-0.0112240107
-0.0114955247
-0.0118198863
-0.0121865790
-0.0125704604
-0.0129302991
-0.0132435902
-0.0135440083
-0.0138020706
-0.0139198038
-0.0139182991
-0.0139767937
-0.0142512841
-0.0147408360
-0.0152665595
-0.0156246289
-0.0156995350
-0.0155497972
-0.0153083862
-0.0150489184
-0.0148130303
-0.0145757449
-0.0142852977
-0.0139287165
-0.0135294736
-0.0131206235
-0.0126970071
-0.0122429984
-0.0117637812
-0.0112910128
-0.0108475455
-0.0104296752
-0.0100016025
-0.0095526868
-0.0090782897
-0.0085927559
-0.0081417442
-0.0077627846
