-0.0005369420
-0.0005357916
-0.0005346464
-0.0005334482
-0.0005321082
-0.0005305673
-0.0005289494
-0.0005276269
-0.0005272015
-0.0005282250
-0.0005307239
-0.0005338057
-0.0005357230
-0.0005344025
-0.0005284493
-0.0005182962
-0.0005068074
-0.0004980992
-0.0004945634
-0.0004953858
-0.0004970099
-0.0004960847
-0.0004905421
-0.0004825259
-0.0004780557
-0.0004817187
-0.0004932420
-0.0005081703
-0.0005217479
-0.0005319695
-0.0005400353
-0.0005480568
-0.0005539969
-0.0005484388
-0.0005199852
-0.0004656668
-0.0003972757
-0.0003397527
-0.0003175611
-0.0003423387
-0.0004050472
-0.0004759332
-0.0005216594
-0.0005231436
-0.0004817485
-0.0004156570
-0.0003551379
-0.0003325467
-0.0003655779
-0.0004424506
-0.0005246904
-0.0005613166
-0.0005062198
-0.0003430877
-0.0001139572
0.0000762168
0.0001048814
-0.0000961562
-0.0004877029
-0.0009204071
-0.0012062506
-0.0012359192
-0.0010388742
-0.0007488215
-0.0005058943
-0.0003660169
-0.0002778694
-0.0001360081
0.0001056081
0.0003647263
0.0004807957
0.0003328160
-0.0000558593
-0.0005044570
-0.0008035972
-0.0008633327
-0.0007836919
-0.0007669773
-0.0009549494
-0.0013106309
-0.0015926063
-0.0014985265
-0.0009209575
-0.0000866016
0.0005400021
0.0005578118
-0.0001203133
-0.0011628316
-0.0019618404
-0.0020361206
-0.0013645329
-0.0004256907
0.0001709541
0.0001166379
-0.0004229799
-0.0009748221
-0.0011093483
-0.0006716987
0.0001824208
0.0011008546
0.0017266543
0.0018732713
0.0015730224
0.0009786851
0.0001949792
-0.0007401325
-0.0017577388
-0.0026829924
-0.0032743475
-0.0033255706
-0.0027770969
-0.0017911786
-0.0007028880
0.0002708464
0.0012009336
0.0022624087
0.0034477766
0.0044860316
0.0049806407
0.0046071529
0.0032741377
0.0012114479
-0.0011189725
-0.0032009422
-0.0047376701
-0.0057102626
-0.0062111485
-0.0062993338
-0.0060031602
-0.0053417624
-0.0043095218
-0.0028884709
-0.0011085074
0.0008864840
0.0027377251
0.0039841655
0.0043073958
0.0037982243
0.0030229409
0.0025713110
0.0026072742
0.0028763749
0.0029941948
0.0026782402
0.0018199060
0.0005447497
-0.0008497223
-0.0021030783
-0.0030838639
-0.0037460439
-0.0040141984
-0.0037579453
-0.0028577261
-0.0013821089
0.0002057358
0.0011788601
0.0010343614
-0.0001494347
-0.0017626532
-0.0028135766
-0.0021985987
0.0004336189
0.0042021620
0.0072701698
0.0077045414
0.0045498857
-0.0015024769
-0.0082542110
-0.0129993641
-0.0138607041
-0.0108486003
-0.0058219771
-0.0011423685
0.0017420797
0.0027324352
0.0026679577
0.0026650163
0.0034366346
0.0047766962
0.0056357888
0.0049147124
0.0024377582
-0.0006178037
-0.0023526001
-0.0014129981
0.0020441930
0.0063026608
0.0090510226
0.0087622444
0.0057358457
0.0021539098
0.0007009543
0.0027689149
0.0073612480
0.0113087393
0.0112110785
0.0054916605
-0.0043129355
-0.0140461476
-0.0194523264
-0.0186543580
-0.0127020243
-0.0045249583
0.0027002984
0.0068659297
0.0076619912
0.0066694274
0.0064941025
0.0091102493
0.0143451436
0.0194054665
0.0202064416
0.0140415949
0.0015715997
-0.0131466622
-0.0246623256
-0.0290789686
-0.0258381713
-0.0176138344
-0.0088170205
-0.0032588541
-0.0022874091
-0.0044945313
-0.0064078012
-0.0041607245
0.0040475329
0.0161849097
0.0270262903
0.0313945700
0.0270127938
0.0151365718
-0.0004385633
-0.0147108834
-0.0230625497
-0.0229959929
-0.0149564709
-0.0026922463
0.0076183131
0.0103911793
0.0035644209
-0.0100755440
-0.0238841646
-0.0307497435
-0.0267001228
-0.0127675618
0.0056788273
0.0221759154
0.0317487583
0.0323149245
0.0251721019
0.0142104417
0.0039293088
-0.0024639393
-0.0041772015
-0.0025672781
-0.0000502177
0.0013399869
0.0009991592
-0.0000350743
0.0003350021
0.0039714181
0.0109780107
0.0186791342
0.0225094299
0.0188202489
0.0074547894
-0.0078952612
-0.0216129938
-0.0289934538
-0.0288390633
-0.0230147470
-0.0144057718
-0.0050526768
0.0040062118
0.0120482538
0.0183132840
0.0224200080
0.0245583539
0.0248331938
0.0225019385
0.0159548402
0.0038806261
-0.0126188028
-0.0291792370
-0.0403165899
-0.0418729289
-0.0328187552
-0.0158214378
0.0037533511
0.0201382200
0.0297844997
0.0327374787
0.0311246395
0.0270777623
0.0218769787
0.0160614449
0.0099750548
0.0044913962
0.0009979633
0.0004799127
0.0026746516
0.0059414006
0.0077210192
0.0053497422
-0.0024518765
-0.0137580914
-0.0232828005
-0.0249783856
-0.0157190714
0.0026247705
0.0232945813
0.0378799359
0.0406540031
0.0312783334
0.0146134689
-0.0025472703
-0.0149401800
-0.0198952146
-0.0170268416
-0.0080272409
0.0031209059
0.0110111362
0.0113286826
0.0024781900
-0.0136555297
-0.0315101951
-0.0437472729
-0.0445315579
-0.0322586960
-0.0105801307
0.0129380818
0.0308385369
0.0390704162
0.0382640646
0.0326420772
0.0268834938
0.0225338239
0.0175677389
0.0089004713
-0.0044035592
-0.0200647663
-0.0342452591
-0.0428975948
-0.0429668016
-0.0337274477
-0.0175235800
0.0008431275
0.0160843865
0.0247613879
0.0265046653
0.0237675882
0.0203782272
0.0195473881
0.0224167464
0.0278159688
0.0330878109
0.0353603916
0.0324526757
0.0234887053
0.0093101746
-0.0076906694
-0.0245255512
-0.0383409667
-0.0469296079
-0.0492731962
-0.0453439741
-0.0356471992
-0.0210630082
-0.0030421283
0.0161448363
0.0338891258
0.0478006393
0.0557708865
0.0565256982
0.0503869358
0.0393972632
0.0261569237
0.0127862905
0.0006565818
-0.0091180295
-0.0153838496
-0.0177489695
-0.0168244871
-0.0138286658
-0.0102157159
-0.0074869772
-0.0069738679
-0.0093309417
-0.0138859305
-0.0183069307
-0.0193226697
-0.0139841604
-0.0010450678
0.0174439344
0.0356837647
0.0465455557
0.0450192251
0.0308758413
0.0091109118
-0.0124285858
-0.0260820770
-0.0274605235
-0.0175432345
-0.0024743560
0.0096049917
0.0126973357
0.0058686714
-0.0065023550
-0.0179054579
-0.0233095557
-0.0209740110
-0.0122393372
-0.0006215781
0.0092801747
0.0133408287
0.0094008536
-0.0017976941
-0.0165999555
-0.0299441648
-0.0373484241
-0.0359408867
-0.0250955395
-0.0074680634
0.0111716506
0.0252014732
0.0318181266
0.0311502736
0.0247599779
0.0143855398
0.0017780328
-0.0111055100
-0.0220662529
-0.0286829232
-0.0289438929
-0.0221827698
-0.0095034492
0.0063830955
0.0219596482
0.0340701610
0.0410486130
0.0429927839
0.0408038918
0.0348656322
0.0247494627
0.0104778238
-0.0058733982
-0.0195373655
-0.0250194867
-0.0196766881
-0.0058422933
0.0096387628
0.0193362511
0.0195163266
0.0118514118
0.0020143520
-0.0050067665
-0.0082265147
-0.0103002285
-0.0148485412
-0.0233795949
-0.0341790505
-0.0435420815
-0.0475627896
-0.0433705763
-0.0301730791
-0.0102870377
0.0110190184
0.0277510938
0.0365057703
0.0382978696
0.0370829953
0.0364945926
0.0373964646
0.0377490816
0.0345785528
0.0263694622
0.0143177259
0.0018556154
-0.0073885273
-0.0115035174
-0.0109972320
-0.0077832238
-0.0035193244
0.0008183390
0.0040524661
0.0043352527
-0.0001174840
-0.0096549943
-0.0226653577
-0.0366031254
-0.0490542195
-0.0581687412
-0.0632520056
-0.0648162607
-0.0637191774
-0.0602394771
-0.0539366328
-0.0442337425
-0.0311269413
-0.0157758605
-0.0002836142
0.0130911982
0.0222895699
0.0257051595
0.0225534699
0.0131943035
-0.0006829703
-0.0163637621
-0.0309652633
-0.0420907590
-0.0482933603
-0.0496554138
-0.0476882759
-0.0441966928
-0.0395539130
-0.0324375654
-0.0210981467
-0.0051351279
0.0136001506
0.0313512775
0.0437587734
0.0476422569
0.0422958229
0.0305399655
0.0179274311
0.0092730060
0.0052798729
0.0027265372
-0.0026378423
-0.0121218010
-0.0217336556
-0.0245596195
-0.0151616113
0.0069565178
0.0365177379
0.0652827530
0.0851725146
0.0914741782
0.0840200692
0.0665286209
0.0446488053
0.0237142307
0.0062490424
-0.0087129384
-0.0237811103
-0.0403219579
-0.0560439682
-0.0660467635
-0.0660188531
-0.0547753456
-0.0353949866
-0.0137862906
0.0043030980
0.0158019362
0.0213479726
0.0242532084
0.0282922714
0.0356626153
0.0460036731
0.0570216468
0.0662779541
0.0724201990
0.0754543016
0.0762808938
0.0758412587
0.0744725036
0.0718189708
0.0672009077
0.0602822854
0.0517231514
0.0430608102
0.0364188795
0.0339333526
0.0365400934
0.0432191841
0.0511176933
0.0568861209
0.0582049754
0.0543366533
0.0460348791
0.0352129661
0.0241119748
0.0140464533
0.0047034905
-0.0052043934
-0.0167458182
-0.0296849958
-0.0421132503
-0.0511669994
-0.0543353537
-0.0503560016
-0.0393466746
-0.0225327962
-0.0019653509
0.0188908403
0.0353636532
0.0435357537
0.0426861180
0.0363721810
0.0307772547
0.0305267918
0.0361230941
0.0438010977
0.0476638139
0.0429797376
0.0288208358
0.0087073155
-0.0112227149
-0.0257816200
-0.0329106743
-0.0343542761
-0.0349917640
-0.0406679668
-0.0547098335
-0.0755094513
-0.0979194707
-0.1167899770
-0.1294989661
-0.1360263929
-0.1374533385
-0.1341813862
-0.1250138552
-0.1078346192
-0.0816672228
-0.0485958133
-0.0134813319
0.0176682706
0.0400304958
0.0512894194
0.0511562463
0.0414588174
0.0264460586
0.0117724541
0.0017906248
-0.0033951945
-0.0074584001
-0.0150975772
-0.0287651255
-0.0467524034
-0.0644115263
-0.0769851085
-0.0819543701
-0.0798738154
-0.0737568818
-0.0675887905
-0.0644337119
-0.0653223253
-0.0690609737
-0.0728464736
-0.0734723761
-0.0683257400
-0.0561180250
-0.0374881714
-0.0150690382
0.0073213666
0.0257049812
0.0370925337
0.0405399239
0.0368737949
0.0277050153
0.0150028382
0.0013916194
-0.0099111990
-0.0161160256
-0.0161526590
-0.0107811601
-0.0018890305
0.0083368949
0.0181866936
0.0270981727
0.0356587592
0.0445592474
0.0535837016
0.0611580054
0.0653033758
0.0655406310
0.0639683492
0.0643456150
0.0697378301
0.0801758947
0.0915634473
0.0964825874
0.0864633908
0.0563730745
0.0091427123
-0.0451553370
-0.0929653364
-0.1229492858
-0.1330076385
-0.1280717657
-0.1152565201
-0.1012744067
-0.0911447067
-0.0873695013
-0.0898906933
-0.0970203251
-0.1068784808
-0.1177686238
-0.1272751393
-0.1319234996
-0.1285700075
-0.1162315146
-0.0971821305
-0.0761157843
-0.0584243683
-0.0478090566
-0.0444422124
-0.0454047807
-0.0469288350
-0.0468665675
-0.0458324312
-0.0464941772
-0.0513949454
-0.0605297671
-0.0706052856
-0.0766030947
-0.0735343293
-0.0579156792
-0.0297564195
0.0059360045
0.0399443440
0.0625401551
0.0684508101
0.0588682418
0.0403649787
0.0210240645
0.0063429720
-0.0018377480
-0.0036820658
0.0004644018
0.0106748102
0.0263250060
0.0446502322
0.0619502405
0.0759658956
0.0869308854
0.0969233268
0.1078667255
0.1200085887
0.1323202414
0.1436826356
0.1529806301
0.1584082895
0.1577196184
0.1497229473
0.1365451895
0.1237269711
0.1175884720
0.1221398339
0.1362264201
0.1519818531
0.1566519573
0.1380768628
0.0918156259
0.0239940139
-0.0505862240
-0.1141138594
-0.1554585891
-0.1731216276
-0.1727010184
-0.1616651230
-0.1456982812
-0.1270652594
-0.1042265703
-0.0748345146
-0.0401793993
-0.0064287424
0.0188817520
0.0315301638
0.0325853052
0.0267194970
0.0190593048
0.0125014705
0.0071501467
0.0012287777
-0.0073265715
-0.0195156980
-0.0352078019
-0.0534108374
-0.0722298802
-0.0888861406
-0.1001010837
-0.1030027096
-0.0962456975
-0.0809464199
-0.0608477296
-0.0407045323
-0.0245206928
-0.0144546362
-0.0107551523
-0.0122285841
-0.0163748294
-0.0194755737
-0.0174124397
-0.0072264322
0.0111023333
0.0340207700
0.0559989685
0.0718919064
0.0779299758
0.0721250591
0.0549420944
0.0297298002
0.0017726130
-0.0235154181
-0.0418700326
-0.0518685895
-0.0547178176
-0.0523778052
-0.0461284374
-0.0365091168
-0.0243159770
-0.0112900446
0.0004840532
0.0096940739
0.0161981514
0.0205208028
0.0233622508
0.0253259997
0.0268098957
0.0277928149
0.0277190894
0.0257835821
0.0216362836
0.0159174254
0.0103323942
0.0073151220
0.0092103223
0.0175925066
0.0325841755
0.0525358564
0.0745298107
0.0956432377
0.1139539226
0.1290114264
0.1417690845
0.1538164975
0.1662976849
0.1789194435
0.1898678536
0.1970462393
0.1995576636
0.1980656561
0.1939358377
0.1878909393
0.1790616285
0.1653253234
0.1447625276
0.1172477887
0.0857209544
0.0556031185
0.0324235252
0.0190123854
0.0146383300
0.0159726261
0.0188754666
0.0202164727
0.0191667844
0.0173860242
0.0177895610
0.0224155573
0.0303766057
0.0371498239
0.0363775915
0.0231709211
-0.0026979125
-0.0361668367
-0.0701022108
-0.0986477226
-0.1188281310
-0.1306011117
-0.1363402360
-0.1394208247
-0.1428098205
-0.1482931138
-0.1561137100
-0.1650168314
-0.1727800100
-0.1769476255
-0.1755277297
-0.1676940531
-0.1543712226
-0.1380925762
-0.1219598519
-0.1080384686
-0.0964457247
-0.0851381151
-0.0704022856
-0.0489419070
-0.0201351708
0.0132512794
0.0456180581
0.0711807864
0.0866507623
0.0926099590
0.0924352431
0.0900055285
0.0879184506
0.0871594515
0.0879019728
0.0903509682
0.0949161749
0.1018260741
0.1102266218
0.1171263285
0.1177078088
0.1074726167
0.0854759105
0.0563598923
0.0282282542
0.0084000737
0.0003531403
0.0033227235
0.0141041512
0.0292926962
0.0456492640
0.0591377731
0.0646448574
0.0575785123
0.0368736420
0.0067766089
-0.0252693975
-0.0518172534
-0.0687382122
-0.0766504387
-0.0788741806
-0.0784781013
-0.0762905427
-0.0707914001
-0.0598129392
-0.0427704437
-0.0219525219
-0.0021671490
0.0109091521
0.0133285893
0.0044775735
-0.0125087751
-0.0329996545
-0.0532515715
-0.0714375601
-0.0876250774
-0.1026673774
-0.1165383929
-0.1275903414
-0.1336595318
-0.1331121962
-0.1253403540
-0.1109212385
-0.0908286552
-0.0655367918
-0.0355286778
-0.0028583852
0.0275800047
0.0494413380
0.0576362781
0.0506404734
0.0312323314
0.0051119570
-0.0214141982
-0.0436124605
-0.0597758641
-0.0712190931
-0.0805822854
-0.0897392502
-0.0991979460
-0.1084307937
-0.1159416238
-0.1195098372
-0.1167256795
-0.1059859603
-0.0876852130
-0.0644099464
-0.0395739072
-0.0162583125
0.0034484315
0.0185745764
0.0293873077
0.0374735367
0.0450772202
0.0540955419
0.0654450936
0.0789841828
0.0935999025
0.1073472494
0.1183771142
0.1257082172
0.1288049439
0.1264868368
0.1164176121
0.0963830410
0.0668724554
0.0322118192
-0.0011564315
-0.0268438112
-0.0406464862
-0.0416669306
-0.0317237783
-0.0142727346
0.0067368251
0.0279891728
0.0470526141
0.0618098817
0.0708355080
0.0737008063
0.0701276410
0.0591977388
0.0397300133
0.0120287523
-0.0203218204
-0.0505208733
-0.0723757938
-0.0838421851
-0.0861845418
-0.0817690370
-0.0727550896
-0.0609448638
-0.0479596843
-0.0350615994
-0.0226116604
-0.0101998836
0.0026213891
0.0155465809
0.0277977753
0.0388678749
0.0486865177
0.0574282583
0.0652006017
0.0718907513
0.0772307045
0.0810710228
0.0834672892
0.0848586970
0.0862779728
0.0892417728
0.0952756293
0.1053005167
0.1188884364
0.1336698941
0.1449792874
0.1461243264
0.1298257197
0.0923301757
0.0374868209
-0.0244204923
-0.0797179301
-0.1172305464
-0.1318112975
-0.1239123042
-0.0973871690
-0.0579397249
-0.0120385540
0.0340534369
0.0742818025
0.1032003586
0.1179203218
0.1193351213
0.1109332146
0.0958135368
0.0746701525
0.0459985344
0.0092189859
-0.0325514067
-0.0736487313
-0.1088988828
-0.1350302490
-0.1507644477
-0.1570366381
-0.1560347184
-0.1497423130
-0.1382685661
-0.1196252669
-0.0919443059
-0.0560721589
-0.0160340697
0.0224902001
0.0538462172
0.0741337569
0.0825152022
0.0817718400
0.0768895371
0.0724448903
0.0704167419
0.0695791079
0.0663544741
0.0566898055
0.0385130411
0.0131233554
-0.0155871554
-0.0426681368
-0.0641573941
-0.0782326921
-0.0853185218
-0.0877218209
-0.0887410678
-0.0916226485
-0.0983126452
-0.1083518870
-0.1183616556
-0.1227064502
-0.1153273577
-0.0918615770
-0.0522004987
-0.0019890356
0.0489668446
0.0915706669
0.1206263372
0.1355684113
0.1379432565
0.1288070674
0.1086017724
0.0792560924
0.0456399889
0.0140137950
-0.0102849313
-0.0247433982
-0.0301540702
-0.0289671997
-0.0238476331
-0.0174233966
-0.0123744893
-0.0111194482
-0.0149586878
-0.0233027862
-0.0339504844
-0.0442457016
-0.0519729858
-0.0556989192
-0.0543609198
-0.0470033420
-0.0333392166
-0.0146053744
0.0062342718
0.0250854829
0.0385353201
0.0455185456
0.0470901733
0.0448990219
0.0398770822
0.0319953226
0.0211636164
0.0083619191
-0.0042294192
-0.0141242134
-0.0198088419
-0.0211630897
-0.0189422103
-0.0141666905
-0.0078198165
-0.0006551765
0.0067943072
0.0141407592
0.0209441215
0.0264740454
0.0296484473
0.0292621867
0.0244201526
0.0151624097
0.0029143241
-0.0098192034
-0.0202820273
-0.0263985702
-0.0273080951
-0.0234356875
-0.0163540452
-0.0083931233
-0.0016984271
0.0026184792
0.0044986660
0.0044517416
0.0028843089
-0.0001576777
-0.0046410930
-0.0099901906
-0.0150358703
-0.0185345455
-0.0196282059
-0.0180934070
-0.0142138222
-0.0085627184
-0.0017939220
0.0053044418
0.0117094392
0.0163090710
0.0181937603
0.0170127335
0.0130729622
0.0072232513
0.0007555359
-0.0048714615
-0.0085743548
-0.0101425255
-0.0102261972
-0.0099866912
-0.0107900615
-0.0137233521
-0.0190360065
-0.0260241583
-0.0334095616
-0.0401833659
-0.0459734949
-0.0509484898
-0.0554760099
-0.0596569435
-0.0630007527
-0.0644740401
-0.0629931593
-0.0580771618
-0.0503831731
-0.0417314490
-0.0344217842
-0.0301883593
-0.0293490775
-0.0308333642
-0.0327955249
-0.0332996613
-0.0308095138
-0.0245372810
-0.0146958325
-0.0024028481
0.0107859166
0.0235132862
0.0349231857
0.0446346717
0.0525716150
0.0585463551
0.0620706815
0.0625783513
0.0598041822
0.0541029230
0.0465462182
0.0386091221
0.0317009726
0.0266855476
0.0236314169
0.0220474308
0.0213344931
0.0210922436
0.0208931337
0.0199850187
0.0173633205
0.0121806965
0.0043252429
-0.0053929226
-0.0154118025
-0.0240240223
-0.0301724761
-0.0337074365
-0.0350773892
-0.0349020278
-0.0334522256
-0.0303760282
-0.0248742865
-0.0163336688
-0.0051886961
0.0068348724
0.0176810452
0.0257210088
0.0299961633
0.0305101101
0.0283626589
0.0252963651
0.0229435951
0.0224479523
0.0242678091
0.0281935828
0.0335065175
0.0390869450
0.0437102997
0.0464853522
0.0471807334
0.0461249210
0.0439557089
0.0414432229
0.0390430749
0.0365326614
0.0328217450
0.0263793234
0.0161550288
0.0022215046
-0.0139957628
-0.0301577649
-0.0437798549
-0.0527716592
-0.0561780841
-0.0543823665
-0.0486510649
-0.0405201420
-0.0313305868
-0.0221446924
-0.0136331403
-0.0063504779
-0.0008997741
0.0023165519
0.0033303738
0.0025852279
0.0008451356
-0.0009741138
-0.0018994251
-0.0010496068
0.0020976661
0.0075148196
0.0145514052
0.0220455112
0.0285710014
0.0327981749
0.0338106098
0.0309670130
0.0238166565
0.0125578178
-0.0015031199
-0.0160781011
-0.0288721209
-0.0385229193
-0.0447779438
-0.0480366459
-0.0486300090
-0.0464138436
-0.0407983285
-0.0312712667
-0.0182004449
-0.0032241182
0.0111361893
0.0224011179
0.0287259949
0.0293803004
0.0248594904
0.0165621330
0.0063439420
-0.0036947792
-0.0114653975
-0.0153917318
-0.0150627699
-0.0113895146
-0.0062068915
-0.0014728270
0.0015919744
0.0028618345
0.0029938228
0.0028696709
0.0031397730
0.0039751205
0.0051106584
0.0060796207
0.0063699718
0.0055864479
0.0036697482
0.0009433113
-0.0020652753
-0.0048641594
-0.0071663264
-0.0090087578
-0.0106454304
-0.0123137337
-0.0140238346
-0.0154746900
-0.0162560531
-0.0162358636
-0.0157612088
-0.0154020092
-0.0154461256
-0.0155698282
-0.0150374501
-0.0132928732
-0.0103856754
-0.0068932710
-0.0035729869
-0.0010106138
0.0006591709
0.0018066941
0.0030980297
0.0051225462
0.0079110816
0.0106512231
0.0119170683
0.0103205964
0.0053842590
-0.0017974240
-0.0090883610
-0.0146981853
-0.0182098814
-0.0206313911
-0.0234123552
-0.0269820720
-0.0300857976
-0.0303676109
-0.0256139454
-0.0148907465
0.0006928741
0.0180284385
0.0332025271
0.0427052289
0.0445925683
0.0386834337
0.0262826223
0.0099426512
-0.0070965436
-0.0218135731
-0.0322673851
-0.0380444848
-0.0395471350
-0.0372239062
-0.0312851114
-0.0220701175
-0.0106908888
0.0010204606
0.0109951595
0.0177829104
0.0209888665
0.0212572512
0.0196392477
0.0169408851
0.0134664169
0.0092422587
0.0045888948
0.0003311138
-0.0025000410
-0.0030419533
-0.0007530012
0.0044170923
0.0117054472
0.0194305909
0.0258043238
0.0296936339
0.0309028938
0.0299564212
0.0276608649
0.0247099244
0.0214535411
0.0178425194
0.0137786972
0.0095137946
0.0056630307
0.0029201346
0.0016560010
0.0017307729
0.0026258662
0.0035778971
0.0036729402
0.0021438490
-0.0011976414
-0.0056966939
-0.0099105704
-0.0121139443
-0.0108877818
-0.0056048903
0.0032290310
0.0140318526
0.0247914727
0.0339872792
0.0408499363
0.0452917462
0.0476242332
0.0480874129
0.0465587465
0.0426133523
0.0359059350
0.0267159806
0.0161686527
0.0057711329
-0.0029879672
-0.0091102833
-0.0121015859
-0.0119129149
-0.0090168608
-0.0045165275
-0.0002038791
0.0019508436
0.0007503678
-0.0035099532
-0.0090657931
-0.0136846547
-0.0159593928
-0.0157750621
-0.0139486056
-0.0116081176
-0.0097220437
-0.0088397072
-0.0090217617
-0.0099553748
-0.0112007331
-0.0123600075
-0.0132131766
-0.0138458910
-0.0146621379
-0.0162167697
-0.0188699797
-0.0224935212
-0.0263383072
-0.0293046044
-0.0304393913
-0.0292816118
-0.0260232325
-0.0214293170
-0.0164468901
-0.0115920390
-0.0068423520
-0.0019262016
0.0034438237
0.0093644240
0.0156263964
0.0217078008
0.0269382189
0.0307600294
0.0328666853
0.0332359584
0.0320013702
0.0293358018
0.0253944336
0.0202848302
0.0142237683
0.0077193145
0.0015198831
-0.0035665240
-0.0067592443
-0.0074254393
-0.0053595372
-0.0009680866
0.0047995698
0.0106624518
0.0153861514
0.0181821409
0.0188952995
0.0179418874
0.0160068473
0.0136875595
0.0112923634
0.0087924821
0.0060036333
0.0028187255
-0.0005895558
-0.0037578893
-0.0062674585
-0.0081178706
-0.0097921679
-0.0118802055
-0.0143883427
-0.0165502842
-0.0173693595
-0.0162868769
-0.0135102531
-0.0099550181
-0.0068628278
-0.0052829264
-0.0056072014
-0.0073431063
-0.0094101542
-0.0107559423
-0.0108812417
-0.0099219350
-0.0084479750
-0.0071635269
-0.0065721590
-0.0068070393
-0.0076910296
-0.0089349898
-0.0103727224
-0.0120750600
-0.0142569363
-0.0170709070
-0.0205340276
-0.0245065932
-0.0286920115
-0.0326319782
-0.0357626629
-0.0373986560
-0.0369125857
-0.0339159065
-0.0282839900
-0.0201682878
-0.0102117918
0.0003012396
0.0098836113
0.0173832722
0.0223643486
0.0251084500
0.0263995724
0.0271714905
0.0281884611
0.0298706346
0.0322033509
0.0348025918
0.0371565339
0.0389834150
0.0403328044
0.0414385684
0.0424829906
0.0434437837
0.0441151616
0.0441895751
0.0434146417
0.0416913586
0.0391218203
0.0360053880
0.0327301062
0.0296187532
0.0268857702
0.0246818951
0.0231643215
0.0224795065
0.0226702416
0.0235842257
0.0248452549
0.0259019251
0.0261351033
0.0249840764
0.0221282401
0.0176524468
0.0120270450
0.0058443513
-0.0005808479
-0.0072973786
-0.0145316998
-0.0221694686
-0.0294942777
-0.0355293743
-0.0395577776
-0.0415834883
-0.0422428815
-0.0424761532
-0.0430474410
-0.0441820921
-0.0454988996
-0.0462398836
-0.0456475653
-0.0432805088
-0.0392775951
-0.0343822884
-0.0296221337
-0.0260004523
-0.0240513126
-0.0237836499
-0.0249862508
-0.0274989915
-0.0312779087
-0.0362280595
-0.0418913518
-0.0475088969
-0.0523010389
-0.0557655524
-0.0578936379
-0.0590919835
-0.0598018974
-0.0601756043
-0.0600719554
-0.0592246469
-0.0573796827
-0.0544569074
-0.0505740015
-0.0459456270
-0.0407548746
-0.0351068710
-0.0290069163
-0.0225028643
-0.0157107136
-0.0089292310
-0.0026831920
0.0024496486
0.0060660876
0.0081810614
0.0091402321
0.0093764936
0.0092484677
0.0090664811
0.0091896996
0.0100709999
0.0122049376
0.0159405623
0.0211472999
0.0269748014
0.0320904269
0.0351444217
0.0352056275
0.0320600363
0.0262157937
0.0187240405
0.0109728890
0.0044155643
0.0002239708
-0.0010109196
0.0007935141
0.0053355722
0.0119553835
0.0197400173
0.0275785777
0.0343659889
0.0392786484
0.0420027470
0.0427839742
0.0422415820
0.0411576979
0.0402304551
0.0398907656
0.0402381164
0.0410562404
0.0418488577
0.0420104933
0.0410929503
0.0388860939
0.0354833892
0.0312861731
0.0269316872
0.0231371501
0.0204367999
0.0190606383
0.0189275416
0.0197216878
0.0210188323
0.0223293120
0.0231335572
0.0229090087
0.0211871949
0.0176847145
0.0125967021
0.0068272111
0.0016777755
-0.0018389600
-0.0034342648
-0.0034708362
-0.0026361588
-0.0015949345
-0.0007448447
-0.0001501497
0.0003283049
0.0008483917
0.0014899300
0.0022365478
0.0030139444
0.0036685217
0.0038459514
0.0030625209
0.0009420007
-0.0025190635
-0.0068978474
-0.0116360704
-0.0162681482
-0.0202402467
-0.0229017890
-0.0237494456
-0.0225291269
-0.0192577267
-0.0143362592
-0.0086900818
-0.0035811544
-0.0001155343
0.0010165985
-0.0003404714
-0.0038551322
-0.0089175267
-0.0148455004
-0.0208865511
-0.0261898624
-0.0299700282
-0.0318325999
-0.0318754167
-0.0306842739
-0.0290600446
-0.0275996931
-0.0266019099
-0.0261097836
-0.0259769927
-0.0259137314
-0.0255680284
-0.0246077789
-0.0227434150
-0.0197614215
-0.0156606176
-0.0107036974
-0.0054098982
-0.0004834576
0.0033858531
0.0057530455
0.0065631072
0.0061439190
0.0050933363
0.0040675076
0.0035971965
0.0040243136
0.0054198732
0.0075687123
0.0100951051
0.0127514747
0.0154449874
0.0181319430
0.0207206177
0.0230628130
0.0249184199
0.0260673744
0.0264427545
0.0261565330
0.0254613132
0.0246944998
0.0241221248
0.0237607933
0.0233672026
0.0225695230
0.0210636877
0.0188548693
0.0163758911
0.0142665937
0.0130877328
0.0130451707
0.0139049734
0.0151012379
0.0160030166
0.0160835286
0.0149961791
0.0126819961
0.0094334355
0.0058938689
0.0028709305
0.0010897635
0.0008943441
0.0020811560
0.0040356459
0.0060431996
0.0075136212
0.0081037447
0.0077804778
0.0067789225
0.0054008931
0.0038064887
0.0019557606
-0.0003256445
-0.0031709254
-0.0065265349
-0.0100898474
-0.0133377965
-0.0157961265
-0.0173392238
-0.0181337012
-0.0185380874
-0.0190003668
-0.0198714916
-0.0212396437
-0.0229181989
-0.0244685158
-0.0253076108
-0.0250043679
-0.0235367543
-0.0213271885
-0.0189522838
-0.0167390233
-0.0146284178
-0.0123121199
-0.0094873791
-0.0061924683
-0.0030693795
-0.0010335664
-0.0006919032
-0.0021883791
-0.0052588976
-0.0092803361
-0.0135586503
-0.0176710311
-0.0212840234
-0.0239024176
-0.0249040400
-0.0236004148
-0.0194895883
-0.0126328854
-0.0038953517
0.0052238644
0.0132116307
0.0190911732
0.0225572156
0.0236488885
0.0225107889
0.0192971800
0.0143072446
0.0082479478
0.0022304442
-0.0027686355
-0.0062520084
-0.0082570479
-0.0091047878
-0.0090744397
-0.0082135371
-0.0064755046
-0.0040724331
-0.0016049087
0.0001926788
0.0008230059
0.0002664663
-0.0009962781
-0.0022475124
-0.0028893754
-0.0026379578
-0.0015879373
-0.0001819993
0.0009742012
0.0013768607
0.0007878368
-0.0007762432
-0.0031113640
-0.0058319539
-0.0083500933
-0.0099660429
-0.0101547820
-0.0088084758
-0.0063162074
-0.0034612324
-0.0010640971
0.0004669911
0.0014743270
0.0028737699
0.0056251512
0.0101725678
0.0160820677
0.0221622320
0.0271689169
0.0303639671
0.0316635748
0.0315796313
0.0310084284
0.0309488109
0.0320155292
0.0340172706
0.0359408527
0.0363065330
0.0337516888
0.0277001824
0.0188612566
0.0091303115
0.0007785683
-0.0045811494
-0.0065383106
-0.0057459634
-0.0034134034
-0.0007621342
0.0013397023
0.0024556902
0.0024924637
0.0015489673
-0.0002263535
-0.0026487746
-0.0052864818
-0.0074253969
-0.0084313561
-0.0080790220
-0.0066136984
-0.0045951726
-0.0025827376
-0.0007910766
0.0009447093
0.0029370269
0.0053574715
0.0080630861
0.0105712717
0.0123357324
0.0129881948
0.0124313123
0.0108855140
0.0087755626
0.0065110517
0.0043518928
0.0023590732
0.0004833447
-0.0013154315
-0.0029955368
-0.0044895217
-0.0058378791
-0.0072663816
-0.0090721719
-0.0114413603
-0.0142405010
-0.0169122188
-0.0185579457
-0.0182075881
-0.0151757364
-0.0093810802
-0.0014430939
0.0074928769
0.0160935087
0.0233325737
0.0287061366
0.0321536456
0.0337080905
0.0331115084
0.0297481466
0.0230058116
0.0129350496
0.0007630656
-0.0114403665
-0.0216766967
-0.0288172090
-0.0328338740
-0.0345543542
-0.0350996513
-0.0353479993
-0.0357500072
-0.0364398760
-0.0373695056
-0.0384341429
-0.0395474323
-0.0407191245
-0.0420054395
-0.0433914114
-0.0447723550
-0.0459293361
-0.0465420988
-0.0461577748
-0.0441803254
-0.0400370275
-0.0334669877
-0.0248491875
-0.0152325339
-0.0059183333
0.0019994532
0.0079134275
0.0116829558
0.0134492596
0.0134957628
0.0121069285
0.0096067074
0.0064478355
0.0032759189
0.0006388156
-0.0012089075
-0.0022790105
-0.0027508437
-0.0028620061
-0.0028707496
-0.0030060486
-0.0035107228
-0.0046210376
-0.0064325188
-0.0087158517
-0.0108253785
-0.0118422810
-0.0108865757
-0.0074803258
-0.0019735804
0.0043614822
0.0097389038
0.0126327155
0.0125676026
0.0103969805
0.0077701894
0.0061375852
0.0060763327
0.0072547274
0.0088102849
0.0098077454
0.0096139356
0.0081089675
0.0056230414
0.0026248792
-0.0005258447
-0.0035380377
-0.0060351025
-0.0074654193
-0.0072155976
-0.0048410973
-0.0003649332
0.0055985022
0.0119812723
0.0174989482
0.0211014593
0.0223346036
0.0213617495
0.0187300541
0.0151318408
0.0113757548
0.0082484650
0.0063791179
0.0061129025
0.0074623853
0.0101513930
0.0137384879
0.0176780129
0.0214341160
0.0246269832
0.0271791859
0.0291646448
0.0306204011
0.0315137030
0.0317040728
0.0310064323
0.0293664047
0.0270064150
0.0243135223
0.0216161280
0.0191574497
0.0170355562
0.0152592722
0.0139075045
0.0131933013
0.0133852000
0.0146028772
0.0166905326
0.0192547708
0.0218396998
0.0240940700
0.0257760142
0.0267981829
0.0272484437
0.0272648281
0.0270311233
0.0267922118
0.0266650692
0.0264006511
0.0253581739
0.0226690864
0.0175583958
0.0098446676
0.0003062196
-0.0095527213
-0.0182050230
-0.0246935740
-0.0288883694
-0.0311227199
-0.0318070168
-0.0312327476
-0.0295166841
-0.0267208390
-0.0230663124
-0.0191031494
-0.0156432055
-0.0133907464
-0.0127383859
-0.0137916331
-0.0164128897
-0.0202496152
-0.0247143242
-0.0291168846
-0.0327740442
-0.0351048664
-0.0358556352
-0.0352262503
-0.0337708846
-0.0321831104
-0.0310049035
-0.0304390176
-0.0303592955
-0.0305396343
-0.0308414672
-0.0311470714
-0.0312918639
-0.0310018967
-0.0299233891
-0.0276883506
-0.0240390392
-0.0190053696
-0.0131229477
-0.0073757995
-0.0028129956
-0.0002529997
-0.0000725509
-0.0020893796
-0.0055489914
-0.0092707892
-0.0121016964
-0.0132283379
-0.0122773041
-0.0092843027
-0.0046250059
0.0010849687
0.0071652324
0.0130396498
0.0182512289
0.0225151037
0.0256913657
0.0278017928
0.0290882522
0.0299754132
0.0309182760
0.0322149618
0.0338438712
0.0354378374
0.0364586216
0.0364005161
0.0350832584
0.0326836200
0.0294583492
0.0256140134
0.0211561164
0.0158414575
0.0093342628
0.0015517405
-0.0070342345
-0.0155150946
-0.0230125981
-0.0288982561
-0.0329466792
-0.0351999707
-0.0357932488
-0.0349875936
-0.0331911285
-0.0309634456
-0.0289539325
-0.0277096869
-0.0273234433
-0.0273000685
-0.0268017587
-0.0250446026
-0.0215794096
-0.0164841096
-0.0104387017
-0.0044076498
0.0007406778
0.0045978625
0.0072672666
0.0091732557
0.0106870327
0.0119281866
0.0127871059
0.0129356017
0.0119098741
0.0092452825
0.0046599397
-0.0017281611
-0.0092716725
-0.0168408205
-0.0230942568
-0.0268982135
-0.0276020459
-0.0251541972
-0.0200786960
-0.0134587641
-0.0066520586
-0.0008197848
0.0033536917
0.0056486814
0.0061676165
0.0052265535
0.0033068105
0.0009519358
-0.0013825506
-0.0034298956
-0.0051499393
-0.0066333325
-0.0079291520
-0.0090726221
-0.0102206253
-0.0115719088
-0.0130819910
-0.0144515275
-0.0152737455
-0.0151565406
-0.0138152117
-0.0111194736
-0.0071522812
-0.0022527810
0.0030107635
0.0080024435
0.0122067043
0.0152845240
0.0171109464
0.0177705351
0.0174599536
0.0163362084
0.0144271336
0.0116528540
0.0080918340
0.0042243782
0.0008220505
-0.0012998634
-0.0016061972
-0.0000656282
0.0028512199
0.0064465980
0.0100792388
0.0133166556
0.0159125500
0.0177055921
0.0185146617
0.0181843238
0.0167421829
0.0145637126
0.0124317795
0.0113149482
0.0119500069
0.0145252276
0.0185650635
0.0231935059
0.0275094133
0.0309130099
0.0332709441
0.0348528916
0.0361413216
0.0376583346
0.0397099002
0.0421893031
0.0447038786
0.0467138079
0.0478475587
0.0480165243
0.0474003301
0.0462898012
0.0448579123
0.0430555526
0.0406116534
0.0372733056
0.0330899173
0.0285739742
0.0245360494
0.0217273193
0.0204640053
0.0204232864
0.0207315831
0.0203691814
0.0185885656
0.0151153036
0.0101928763
0.0044732282
-0.0012754660
-0.0063873084
-0.0104472294
-0.0133363610
-0.0150544630
-0.0157183410
-0.0155335770
-0.0147375367
-0.0135217281
-0.0120113571
-0.0103716777
-0.0087813128
-0.0072972894
-0.0058191538
-0.0042373541
-0.0025564775
-0.0009095096
0.0004649863
0.0012977484
0.0014783386
0.0011011705
0.0004579875
-0.0001390936
-0.0005419374
-0.0008099705
-0.0011516046
-0.0017968787
-0.0029074730
-0.0045450299
-0.0066242314
-0.0087474059
-0.0103591919
-0.0111449973
-0.0112751211
-0.0113376010
-0.0120216090
-0.0136910674
-0.0162109260
-0.0190739649
-0.0216860653
-0.0237353121
-0.0252851109
-0.0266103442
-0.0280163528
-0.0296730026
-0.0315705090
-0.0335923381
-0.0356466386
-0.0376821595
-0.0395665262
-0.0410239218
-0.0415979446
-0.0407476294
-0.0380667044
-0.0335891954
-0.0279354925
-0.0221209440
-0.0171077868
-0.0135282852
-0.0114900718
-0.0106328852
-0.0104522067
-0.0104963571
-0.0104605985
-0.0101665373
-0.0095167589
-0.0085073563
-0.0073223281
-0.0062907075
-0.0057338063
-0.0058171128
-0.0064380303
-0.0072799333
-0.0079536946
-0.0082152291
-0.0081089760
-0.0079044531
-0.0079268901
-0.0083348046
-0.0089815184
-0.0095625571
-0.0098407945
-0.0097863412
-0.0095418918
-0.0092492066
-0.0088896163
-0.0082447507
-0.0070925558
-0.0053979747
-0.0033544374
-0.0013716345
0.0000685891
0.0006418211
0.0002602457
-0.0009295837
-0.0026488901
-0.0045996428
-0.0065473658
-0.0083410942
-0.0098644410
-0.0110437691
-0.0117895775
-0.0120473195
-0.0118056731
-0.0110442532
-0.0097210330
-0.0078536759
-0.0056313194
-0.0033301105
-0.0012394008
0.0004180674
0.0014414826
0.0016630592
0.0010806285
-0.0001646013
-0.0018121402
-0.0035038225
-0.0048727772
-0.0056483332
-0.0056966811
-0.0050196320
-0.0037477045
-0.0021490166
-0.0004899467
0.0011690252
0.0030112324
0.0052840934
0.0080239683
0.0108439627
0.0128986030
0.0132554838
0.0114012105
0.0074508441
0.0021634016
-0.0033101256
-0.0078715518
-0.0108519978
-0.0123096822
-0.0128443111
-0.0131072344
-0.0133939315
-0.0135436504
-0.0131781569
-0.0120100066
-0.0101173841
-0.0079987249
-0.0063452364
-0.0056857302
-0.0061430144
-0.0073894803
-0.0088437587
-0.0099496415
-0.0103635152
-0.0099839222
-0.0088643220
-0.0071044326
-0.0047814637
-0.0019770170
0.0011670708
0.0044378374
0.0076100020
0.0105469882
0.0132354896
0.0157677405
0.0182842015
0.0208871456
0.0235006730
0.0258962259
0.0278425032
0.0292349133
0.0300974000
0.0305536234
0.0307699416
0.0308579621
0.0308855836
0.0308741086
0.0307985824
0.0305481280
0.0299300482
0.0287219094
0.0267834293
0.0241380760
0.0209965023
0.0177172369
0.0145993863
0.0117735753
0.0091798808
0.0066625568
0.0041850234
0.0019706705
0.0004101180
-0.0001812070
0.0002564489
0.0014326950
0.0028131808
0.0038625642
0.0042580745
0.0039761338
0.0032119807
0.0022076615
0.0011555227
0.0001923579
-0.0005139477
-0.0007568119
-0.0003833827
0.0006307020
0.0021287939
0.0037951835
0.0053323301
0.0065905530
0.0075006326
0.0079694080
0.0079114256
0.0073043426
0.0062962565
0.0052031372
0.0043816166
0.0041234073
0.0045845673
0.0057248421
0.0073043154
0.0089786221
0.0104616772
0.0116305580
0.0125440410
0.0133694866
0.0142310644
0.0149806356
0.0151934628
0.0144073687
0.0125037128
0.0098116610
0.0068400485
0.0039243884
0.0011458721
-0.0015486216
-0.0041928996
-0.0067170475
-0.0089891628
-0.0109004205
-0.0123614429
-0.0132860187
-0.0136658751
-0.0135305276
-0.0128378134
-0.0114193446
-0.0090501307
-0.0056464926
-0.0014814176
0.0028224135
0.0065986696
0.0093818021
0.0110286842
0.0116048135
0.0113086713
0.0104609297
0.0094522661
0.0086839493
0.0084727979
0.0089599868
0.0101027069
0.0116814439
0.0133689260
0.0148214462
0.0157281852
0.0159390674
0.0154174508
0.0142093035
0.0125164449
0.0107303337
0.0093174537
0.0086806792
0.0090284632
0.0102795208
0.0120465721
0.0137413928
0.0147770410
0.0147370016
0.0135094207
0.0112790028
0.0083893453
0.0052639505
0.0023268998
-0.0000622053
-0.0016430387
-0.0022486344
-0.0017706085
-0.0001999499
0.0023327036
0.0055174330
0.0088270261
0.0116086272
0.0133311374
0.0136839327
0.0125869258
0.0100939414
0.0063139311
0.0014699026
-0.0040819393
-0.0098414825
-0.0152366789
-0.0198252093
-0.0233297283
-0.0256370823
-0.0267381832
-0.0268254138
-0.0262606066
-0.0253813108
-0.0243418914
-0.0231379485
-0.0217511952
-0.0202341651
-0.0187432023
-0.0174492430
-0.0164531075
-0.0158093852
-0.0155541318
-0.0157155041
-0.0163030829
-0.0172777207
-0.0184885690
-0.0196791937
-0.0205714254
-0.0209174173
-0.0205438973
-0.0194970033
-0.0179778754
-0.0162538618
-0.0145963625
-0.0131298446
-0.0117167098
-0.0102142380
-0.0087809476
-0.0078672191
-0.0078776172
-0.0089045143
-0.0106522849
-0.0125565947
-0.0140006382
-0.0146105810
-0.0143773009
-0.0135643156
-0.0125360399
-0.0116413026
-0.0111184459
-0.0110755186
-0.0114864874
-0.0122384623
-0.0131491594
-0.0139939197
-0.0145478633
-0.0146082452
-0.0141085000
-0.0131447936
-0.0119237104
-0.0107404837
-0.0098903469
-0.0094878123
-0.0093980421
-0.0093778950
-0.0092526975
-0.0089869034
-0.0086193205
-0.0081654210
-0.0075423359
-0.0066344902
-0.0054143447
-0.0040054762
-0.0027269364
-0.0019788567
-0.0019672051
-0.0026337534
-0.0036905723
-0.0046841061
-0.0051137339
-0.0045472561
-0.0027079860
0.0005001972
0.0049089248
0.0100831969
0.0155301540
0.0208534765
0.0257822146
0.0301105738
0.0335890595
0.0358697942
0.0365628311
0.0352898343
0.0318407963
0.0264199998
0.0197887033
0.0131012548
0.0075355910
0.0038034649
0.0019517855
0.0014980576
0.0018106097
0.0024290666
0.0031715803
0.0040466360
0.0051153681
0.0064083116
0.0078340367
0.0091100709
0.0097881419
0.0094377928
0.0078348326
0.0050876123
0.0016493546
-0.0017747627
-0.0045660493
-0.0064700355
-0.0076462795
-0.0085517869
-0.0096064017
-0.0109088718
-0.0122535981
-0.0132760556
-0.0135532228
-0.0126686864
-0.0103512928
-0.0066009620
-0.0017342961
0.0036878475
0.0090303149
0.0137621769
0.0175698369
0.0203404811
0.0220158766
0.0225115618
0.0218415684
0.0201755500
0.0176785395
0.0144244750
0.0105053944
0.0061457715
0.0017129752
-0.0022879034
-0.0053428819
-0.0070862883
-0.0073747802
-0.0063043773
-0.0041498636
-0.0012848278
0.0019269558
0.0052555630
0.0085554817
0.0117272760
0.0146980664
0.0173511829
0.0195720029
0.0212599182
0.0223495780
0.0228567298
0.0229087369
0.0225767257
0.0218210051
0.0205526713
0.0187174833
0.0164433737
0.0140967617
0.0121638789
0.0110301027
0.0107720124
0.0111425086
0.0116809428
0.0118963861
0.0115090977
0.0105816426
0.0094686929
0.0086592156
0.0085815320
0.0093413041
0.0106555464
0.0119658477
0.0126414131
0.0122178395
0.0105911470
0.0080717378
0.0052655771
0.0028256615
0.0011762321
0.0004397532
0.0005477322
0.0013525533
0.0026664279
0.0042428164
0.0057610100
0.0067771508
0.0068125857
0.0055299723
0.0028588711
-0.0009130354
-0.0051937287
-0.0093008994
-0.0126862005
-0.0150420962
-0.0162716221
-0.0164418958
-0.0156712263
-0.0140231126
-0.0115364475
-0.0083388119
-0.0047074256
-0.0011697862
0.0014600924
0.0024359966
0.0014556060
-0.0011908354
-0.0048540281
-0.0088944238
-0.0129582799
-0.0169654150
-0.0209030799
-0.0246370738
-0.0279073698
-0.0304865570
-0.0322330110
-0.0331367262
-0.0332075894
-0.0323698364
-0.0304294112
-0.0271905759
-0.0226873140
-0.0173588697
-0.0119074789
-0.0071047826
-0.0037613335
-0.0024457465
-0.0031992817
-0.0054914218
-0.0085502751
-0.0117349459
-0.0146446069
-0.0170231383
-0.0186942105
-0.0195774389
-0.0197087349
-0.0192482731
-0.0183777599
-0.0172337232
-0.0159309134
-0.0145506408
-0.0131069456
-0.0115581235
-0.0098914171
-0.0081836265
-0.0066112259
-0.0053897944
-0.0046828048
-0.0045399939
-0.0048900143
-0.0055650666
-0.0063447480
-0.0070064983
-0.0073069171
-0.0070301584
-0.0060692040
-0.0044500981
-0.0022919524
0.0001871064
0.0026400660
0.0046705357
0.0059870170
0.0064840094
0.0062815190
0.0057590149
0.0054120140
0.0056421344
0.0066735146
0.0085229762
0.0110372969
0.0139572438
0.0169989907
0.0199339630
0.0224654494
0.0242348195
0.0249575929
0.0244956023
0.0229698492
0.0208348073
0.0187131176
0.0172294169
0.0168340935
0.0175958871
0.0191315524
0.0207041059
0.0214542376
0.0206677018
0.0180100496
0.0136665036
0.0082168667
0.0023297350
-0.0034354191
-0.0087270549
-0.0132667805
-0.0166863112
-0.0186853856
-0.0191636502
-0.0182462515
-0.0162879046
-0.0138445405
-0.0115446525
-0.0098849533
-0.0091473584
-0.0094114622
-0.0105848702
-0.0123815731
-0.0142973919
-0.0157266733
-0.0162123359
-0.0155709579
-0.0138492291
-0.0112427855
-0.0080370817
-0.0045905197
-0.0012373954
0.0017526366
0.0042151718
0.0060799570
0.0073042093
0.0078194351
0.0075919647
0.0066941679
0.0052978982
0.0036645441
0.0021549801
0.0010584649
0.0003894640
-0.0000228425
-0.0003080396
-0.0005722776
-0.0009815432
-0.0017271953
-0.0029529450
-0.0046874857
-0.0068048590
-0.0090496721
-0.0110901958
-0.0125919456
-0.0133201890
-0.0131843998
-0.0122263333
-0.0105950711
-0.0084753163
-0.0060805609
-0.0036159023
-0.0012184332
0.0011244765
0.0035567358
0.0062281954
0.0091509767
0.0120737945
0.0144902249
0.0159110381
0.0161486670
0.0153842488
0.0140841655
0.0127471854
0.0117216702
0.0111150654
0.0106702066
0.0099471529
0.0085816933
0.0063787671
0.0033412433
-0.0003634799
-0.0044394393
-0.0084292268
-0.0117481281
-0.0137648524
-0.0140046557
-0.0123274935
-0.0089431777
-0.0042918201
0.0011049910
0.0067159501
0.0120920900
0.0168592179
0.0207284489
0.0235180426
0.0251925038
0.0258905775
0.0258200456
0.0251217851
0.0238317753
0.0219263613
0.0193051811
0.0158705655
0.0116815288
0.0070212578
0.0023708480
-0.0017062167
-0.0048058840
-0.0067892840
-0.0076954828
-0.0075875616
-0.0065708475
-0.0048964466
-0.0029177292
-0.0009648191
0.0007468853
0.0021722588
0.0034023038
0.0045057625
0.0053749372
0.0056942647
0.0050945279
0.0034491925
0.0009968319
-0.0018007094
-0.0044489641
-0.0066196117
-0.0081496652
-0.0090256858
-0.0093483114
-0.0092710185
-0.0089168047
-0.0083309017
-0.0074889911
-0.0063188252
-0.0047663602
-0.0028535107
-0.0007010164
0.0014791310
0.0034034165
0.0047676588
0.0052658939
0.0046199165
0.0027126499
-0.0001936070
-0.0035403421
-0.0067431257
-0.0094045993
-0.0113633624
-0.0126431797
-0.0133219217
-0.0134835828
-0.0132003595
-0.0125051228
-0.0113814371
-0.0098479632
-0.0080366027
-0.0061601063
-0.0044854031
-0.0033248860
-0.0029536143
-0.0034582851
-0.0046932980
-0.0064659543
-0.0086811209
-0.0112650561
-0.0140785681
-0.0168977115
-0.0194681672
-0.0215841576
-0.0232000121
-0.0243863730
-0.0252725912
-0.0259801693
-0.0265667544
-0.0270596707
-0.0274383549
-0.0276382971
-0.0275506079
-0.0270535977
-0.0260767685
-0.0246700889
-0.0229360272
-0.0208789577
-0.0183702429
-0.0151937261
-0.0111954415
-0.0064830411
-0.0014666682
0.0033091013
0.0073132950
0.0101702066
0.0118362505
0.0126499068
0.0131302948
0.0136590461
0.0143785155
0.0152639777
0.0161870501
0.0170017851
0.0176069120
0.0178850050
0.0175538092
0.0162926356
0.0140296018
0.0110845644
0.0081041541
0.0057683121
0.0043834172
0.0038338079
0.0037577440
0.0036968313
0.0032937531
0.0024283879
0.0012533339
0.0000753195
-0.0007891422
-0.0011308000
-0.0008950423
-0.0001749620
0.0008094685
0.0017999619
0.0026822806
0.0035630280
0.0046062076
0.0058815037
0.0073750155
0.0090375090
0.0107872926
0.0124487754
0.0137292467
0.0143156789
0.0139616775
0.0125690550
0.0102422249
0.0073005306
0.0041820693
0.0013974503
-0.0005870676
-0.0014368841
-0.0010078262
0.0005256715
0.0027124291
0.0050282973
0.0071840477
0.0091525141
0.0110255076
0.0128588609
0.0145769883
0.0159958394
0.0169306926
0.0172586778
0.0169435776
0.0161079396
0.0151062662
0.0143658853
0.0142666107
0.0150092254
0.0165171587
0.0184967654
0.0205432603
0.0222740264
0.0234121514
0.0238616817
0.0237151990
0.0231311280
0.0222489444
0.0211423141
0.0197560959
0.0178347816
0.0150696753
0.0112885752
0.0067504244
0.0022363831
-0.0013509811
-0.0034160585
-0.0038861819
-0.0031633872
-0.0018760309
-0.0005801092
0.0004701607
0.0013233451
0.0021636088
0.0030982667
0.0040523548
0.0048793590
0.0054817908
0.0058548937
0.0061333783
0.0064981837
0.0069940796
0.0074309271
0.0074767593
0.0068498417
0.0054151974
0.0032121998
0.0005254081
-0.0022823273
-0.0048568914
-0.0068192771
-0.0079047826
-0.0080197070
-0.0072799979
-0.0060290898
-0.0047399608
-0.0037748699
-0.0032844100
-0.0032431900
-0.0034851541
-0.0038045462
-0.0040711497
-0.0043194187
-0.0046685753
-0.0052286464
-0.0060543272
-0.0071069034
-0.0083093268
-0.0095781431
-0.0108735039
-0.0121644905
-0.0134110718
-0.0145442790
-0.0153477598
-0.0155971185
-0.0153347814
-0.0148884702
-0.0147002153
-0.0151091541
-0.0161950172
-0.0177563760
-0.0194484447
-0.0209222247
-0.0219593169
-0.0224976916
-0.0226276201
-0.0225222130
-0.0223007901
-0.0219792856
-0.0215009701
-0.0207727777
-0.0197338848
-0.0184487249
-0.0170881918
-0.0157845495
-0.0143980426
-0.0125524668
-0.0099600209
-0.0066963788
-0.0031850708
0.0000385319
0.0024971472
0.0038990516
0.0042941295
0.0038974429
0.0029681004
0.0018262576
0.0008154823
0.0002080219
0.0001258954
0.0005879955
0.0015552178
0.0029134178
0.0044739595
0.0060710378
0.0075935216
0.0089593328
0.0100798928
0.0108412957
0.0112155462
0.0113026408
0.0111847054
0.0108547582
0.0102322957
0.0092040200
0.0076698836
0.0056143404
0.0031952548
0.0007141457
-0.0016046046
-0.0036727890
-0.0054847695
-0.0071577070
-0.0087846679
-0.0102832241
-0.0114049732
-0.0118666920
-0.0114208140
-0.0100140410
-0.0079108675
-0.0055618577
-0.0033087140
-0.0012533271
0.0006250329
0.0023587802
0.0038721868
0.0049577017
0.0054016907
0.0051032612
0.0041525349
0.0027988230
0.0013100890
-0.0000928814
-0.0012922394
-0.0022167269
-0.0028410597
-0.0031720321
-0.0032456719
-0.0031680656
-0.0030666505
-0.0030160075
-0.0030033154
-0.0029423007
-0.0026734072
-0.0020095123
-0.0008748773
0.0006498918
0.0024214570
0.0042832321
0.0061010376
0.0077999820
0.0093474790
0.0107233688
0.0119122184
0.0128951631
0.0136366821
0.0141077780
0.0143486855
0.0144832771
0.0146446323
0.0148844272
0.0151114899
0.0151177328
0.0146295050
0.0134633847
0.0115871890
0.0091427972
0.0064509994
0.0039013924
0.0018085202
0.0003398456
-0.0004723835
-0.0008232014
-0.0010755577
-0.0017011366
-0.0030418454
-0.0049624259
-0.0069381714
-0.0084596122
-0.0091877715
-0.0090504705
-0.0081616549
-0.0067217190
-0.0049457858
-0.0029896337
-0.0009434098
0.0011660286
0.0033971294
0.0058229055
0.0083665881
0.0107790112
0.0127924654
0.0142097707
0.0149767794
0.0151958495
0.0150246500
0.0145747630
0.0138339744
0.0126646774
0.0109232686
0.0086302010
0.0060502001
0.0036212754
0.0017129115
0.0004586886
-0.0002433614
-0.0006535673
-0.0010702542
-0.0016604202
-0.0023322797
-0.0028381116
-0.0029973799
-0.0028468499
-0.0025589356
-0.0023404813
-0.0023447298
-0.0026124172
-0.0030628453
-0.0035073066
-0.0037877821
-0.0038717765
-0.0038445491
-0.0038504361
-0.0039493658
-0.0040813388
-0.0041220373
-0.0039446816
-0.0035078196
-0.0028919720
-0.0022032983
-0.0014398374
-0.0004979452
0.0006952471
0.0021173248
0.0036029918
0.0048675196
0.0056902658
0.0060355136
0.0060304938
0.0058260329
0.0054935427
0.0050339651
0.0044529817
0.0038071291
0.0031525832
0.0025124257
0.0019591768
0.0016188418
0.0015906214
0.0018750167
0.0023827996
0.0029228552
0.0033017220
0.0034619790
0.0034667117
0.0033760064
0.0031328973
0.0025825991
0.0015681240
0.0000464422
-0.0018439722
-0.0038842530
-0.0058989269
-0.0077515669
-0.0093298036
-0.0105981119
-0.0115857706
-0.0123760097
-0.0130352755
-0.0135210316
-0.0137019989
-0.0135044349
-0.0130349103
-0.0126054676
-0.0125562550
-0.0129691434
-0.0135842759
-0.0139943189
-0.0139045402
-0.0132324998
-0.0120011986
-0.0103473262
-0.0084922791
-0.0066814673
-0.0051931307
-0.0042311282
-0.0038122083
-0.0037994193
-0.0040526776
-0.0044378297
-0.0047716288
-0.0048661223
-0.0046039788
-0.0039611883
-0.0030106522
-0.0018916661
-0.0007660304
0.0002202282
0.0009286282
0.0012767392
0.0013020692
0.0011145779
0.0008491510
0.0006733208
0.0007079744
0.0009513905
0.0013064205
0.0016614004
0.0019454034
0.0021343301
0.0022510050
0.0023458298
0.0024700004
0.0026129030
0.0026689166
0.0024770604
0.0018822253
0.0008197008
-0.0006542573
-0.0023705355
-0.0040388642
-0.0053304326
-0.0060006282
-0.0059996370
-0.0054558187
-0.0045474455
-0.0034002220
-0.0020725391
-0.0006134816
0.0008774297
0.0022479957
0.0032956438
0.0038073669
0.0036345290
0.0027621097
0.0013692647
-0.0002518607
-0.0018450899
-0.0032529043
-0.0043692030
-0.0050678950
-0.0052325085
-0.0047441270
-0.0035226165
-0.0016132928
0.0007803572
0.0033231813
0.0056423043
0.0074150812
0.0084884798
0.0088232633
0.0084310606
0.0073773428
0.0058825391
0.0043483747
0.0031249523
0.0023442364
0.0019450721
0.0017784686
0.0016904957
0.0015941378
0.0014790385
0.0013976329
0.0014214595
0.0015931686
0.0018716608
0.0021413816
0.0022373335
0.0020302854
0.0015111405
0.0008091181
0.0001159319
-0.0004475825
-0.0009745215
-0.0017549639
-0.0029703699
-0.0044326112
-0.0056494110
-0.0061627955
-0.0058564736
-0.0049800597
-0.0039949585
-0.0033346776
-0.0032296714
-0.0036535201
-0.0043098301
-0.0047329985
-0.0044943121
-0.0034138731
-0.0016380444
0.0004173731
0.0022256971
0.0034091947
0.0038385542
0.0036760259
0.0032907285
0.0030874092
0.0033586070
0.0041606226
0.0053205570
0.0065465631
0.0075181424
0.0079447796
0.0076853991
0.0067901020
0.0054991018
0.0041524134
0.0030735347
0.0024842469
0.0024553173
0.0029421767
0.0038139266
0.0049432742
0.0062730933
0.0077995547
0.0094587808
0.0110441173
0.0122424544
0.0127786886
0.0124885175
0.0113665561
0.0096378794
0.0077220172
0.0061199905
0.0051755521
0.0049858184
0.0054443785
0.0063077205
0.0072241746
0.0078354178
0.0078721905
0.0071894990
0.0057981786
0.0038793716
0.0017681427
-0.0001451168
-0.0015665969
-0.0023646187
-0.0025473799
-0.0021531581
-0.0012099811
0.0002168099
0.0019480160
0.0036815027
0.0050898827
0.0058897019
0.0059054161
0.0051502807
0.0038244673
0.0022736467
0.0008919582
-0.0000350625
-0.0003561405
-0.0000474153
0.0008145149
0.0020483609
0.0033782368
0.0044626416
0.0050103942
0.0049138205
0.0042971592
0.0033993972
0.0024116655
0.0014660133
0.0006770899
0.0001990939
0.0002446989
0.0010252383
0.0026211776
0.0049184488
0.0076115513
0.0101956198
0.0120808528
0.0127704157
0.0119504146
0.0095972879
0.0061150378
0.0021532728
-0.0016137812
-0.0046830631
-0.0068088001
-0.0079613466
-0.0083202659
-0.0081477847
-0.0077318665
-0.0074000083
-0.0074407127
-0.0080470678
-0.0092759024
-0.0110554904
-0.0131861156
-0.0154083710
-0.0175176090
-0.0194093226
-0.0210557121
-0.0224150731
-0.0233944165
-0.0238463421
-0.0237023225
-0.0230199707
-0.0219599115
-0.0207584148
-0.0196857424
-0.0189635805
-0.0186988906
-0.0188894048
-0.0194303446
-0.0201543836
-0.0208325735
-0.0212261472
-0.0210794945
-0.0201776564
-0.0184278728
-0.0159056021
-0.0128982887
-0.0097837336
-0.0069451566
-0.0046683502
-0.0030336167
-0.0019333389
-0.0011640725
-0.0005387096
0.0000531772
0.0006532485
0.0012489681
0.0017953312
0.0022490064
0.0025898613
0.0027921308
0.0027954926
0.0025324208
0.0019737520
0.0011596778
0.0002016803
-0.0007240662
-0.0014320954
-0.0018159446
-0.0018949387
-0.0017263511
-0.0013732704
-0.0009511467
-0.0005656542
-0.0002516449
0.0000127151
0.0002455585
0.0004663627
0.0006973884
0.0009530434
0.0012616620
0.0016354020
0.0020694092
0.0025064172
0.0028318840
0.0029448301
0.0028164432
0.0024338995
0.0018110658
0.0010346647
0.0003177179
-0.0000241336
0.0002926986
0.0014129284
0.0033427203
0.0059169820
0.0087607750
0.0114585856
0.0137316505
0.0154350668
0.0166184549
0.0174631982
0.0181524044
0.0187588138
0.0191957734
0.0192082592
0.0185267738
0.0171730695
0.0154202962
0.0135273424
0.0115725544
0.0095460113
0.0074855477
0.0055658345
0.0040504072
0.0031134025
0.0027411982
0.0027704761
0.0029391767
0.0029512786
0.0026272982
0.0019524880
0.0010825115
0.0002672457
-0.0003106048
-0.0005767918
-0.0005687240
-0.0003742748
-0.0000657217
0.0002744563
0.0005623176
0.0007028040
0.0005867433
0.0001849592
-0.0004556043
-0.0012932111
-0.0022125700
-0.0030176833
-0.0035288857
-0.0036555008
-0.0033817175
-0.0027170921
-0.0017036677
-0.0004412354
0.0009517235
0.0023564181
0.0036157273
0.0045119366
0.0048853165
0.0046782845
0.0039880794
0.0030145925
0.0019669248
0.0009969525
0.0001449663
-0.0006277186
-0.0013438549
-0.0019684918
-0.0024196895
-0.0026091947
-0.0025300875
-0.0022885608
-0.0020599701
-0.0019834535
-0.0020718520
-0.0022476534
-0.0023542980
-0.0022363635
-0.0018256436
-0.0011586951
-0.0003368270
0.0005190307
0.0012825345
0.0018918470
0.0023944317
0.0029364757
0.0036998882
0.0048467116
0.0064664096
0.0085146609
0.0108476150
0.0132050651
0.0152515004
0.0166954505
0.0173685696
0.0172747309
0.0165414083
0.0152890597
0.0135886671
0.0115417646
0.0093429518
0.0072232106
0.0053980545
0.0039941685
0.0030793011
0.0026865368
0.0027704446
0.0031891614
0.0037269900
0.0041716160
0.0044243120
0.0045105572
0.0045312131
0.0045955123
0.0047302814
0.0047671186
0.0043893416
0.0034903149
0.0022908864
0.0011278145
0.0002549249
-0.0002999609
-0.0007221699
-0.0012362454
-0.0019587164
-0.0028412169
-0.0037228034
-0.0044471422
-0.0049340203
-0.0051310441
-0.0050183018
-0.0046257270
-0.0040162955
-0.0032483712
-0.0023735168
-0.0014689369
-0.0006714723
-0.0001373149
0.0000101435
-0.0003127853
-0.0011018398
-0.0021975574
-0.0033296502
-0.0042552970
-0.0048396270
-0.0050996573
-0.0051993082
-0.0053772526
-0.0058288443
-0.0066118264
-0.0076209402
-0.0086734341
-0.0096571941
-0.0105822796
-0.0115028379
-0.0124590018
-0.0134313973
-0.0143327938
-0.0150118160
-0.0153190085
-0.0151940489
-0.0146761865
-0.0138985521
-0.0130279964
-0.0121583070
-0.0113082212
-0.0104936221
-0.0097625843
-0.0092193087
-0.0089616601
-0.0090094713
-0.0092436347
-0.0094842449
-0.0096055863
-0.0096150992
-0.0096286892
-0.0097648351
-0.0100549892
-0.0104323144
-0.0107798096
-0.0109745962
-0.0109510601
-0.0107255517
-0.0103413126
-0.0098144724
-0.0091672846
-0.0083974271
-0.0075023449
-0.0065617669
-0.0057066562
-0.0050608121
-0.0047177837
-0.0047413725
-0.0051381763
-0.0058181218
-0.0065674110
-0.0070721692
-0.0070965955
-0.0066643006
-0.0060193110
-0.0054329892
-0.0050506757
-0.0048545157
-0.0047654556
-0.0046867179
-0.0045420027
-0.0043397060
-0.0041390358
-0.0040039499
-0.0039671262
-0.0040129167
-0.0040803501
-0.0040699113
-0.0038917410
-0.0035241403
-0.0030999867
-0.0028914343
-0.0030454756
-0.0034408126
-0.0037903438
-0.0038619153
-0.0035921750
-0.0030376886
-0.0022935067
-0.0014583817
-0.0006207508
0.0001740879
0.0009417816
0.0017244408
0.0025988697
0.0036589858
0.0049652840
0.0064969377
0.0081635609
0.0098255907
0.0113252426
0.0125476423
0.0134517568
0.0140339166
0.0143239603
0.0143700982
0.0142312428
0.0139888234
0.0137404669
0.0135726140
0.0135043584
0.0134957458
0.0134887385
0.0134548910
0.0133921733
0.0132908092
0.0131099863
0.0127928222
0.0122860441
0.0115758244
0.0106794393
0.0096260816
0.0084894362
0.0073501815
0.0062451098
0.0051658140
0.0040610609
0.0029371696
0.0018371143
0.0008206416
-0.0000304485
-0.0006486577
-0.0009943857
-0.0010616951
-0.0008663276
-0.0004623744
0.0000586374
0.0005882757
0.0010384784
0.0013825803
0.0016382830
0.0018363125
0.0019896709
0.0020954017
0.0021488314
0.0021818270
0.0022280499
0.0022718155
0.0022636105
0.0021601264
0.0019849060
0.0018349408
0.0018363372
0.0021286784
0.0028278427
0.0039411694
0.0053274666
0.0066877798
0.0076826276
0.0081118902
0.0080022668
0.0075760619
0.0070372634
0.0064026531
0.0055900271
0.0045855194
0.0034930609
0.0024954204
0.0017708344
0.0013906876
0.0012855251
0.0013541671
0.0015375458
0.0018184434
0.0022344100
0.0028232450
0.0035651191
0.0043884803
0.0051951446
0.0058410957
0.0061243529
0.0059248268
0.0053750561
0.0048136439
0.0045797879
0.0048880795
0.0057403457
0.0069249059
0.0080956485
0.0089162866
0.0091773752
0.0088625553
0.0081321392
0.0072211568
0.0063829103
0.0057938604
0.0055020415
0.0054286821
0.0054581018
0.0054755963
0.0054120683
0.0052562136
0.0050153460
0.0046785249
0.0042060173
0.0035616375
0.0027498091
0.0018262831
0.0008993792
0.0000860092
-0.0005478234
-0.0009532082
-0.0011151631
-0.0010944409
-0.0010090085
-0.0009987634
-0.0011838680
-0.0016062804
-0.0022134806
-0.0028886195
-0.0034675594
-0.0037631690
-0.0035861496
-0.0028381124
-0.0016141507
-0.0001795515
0.0011658859
0.0022016658
0.0028145704
0.0029516115
0.0025830170
0.0017118344
0.0004078864
-0.0011682242
-0.0027673172
-0.0041450774
-0.0051373652
-0.0057024781
-0.0059507887
-0.0060929422
-0.0063110976
-0.0066642233
-0.0070954649
-0.0074633723
-0.0076520349
-0.0076425712
-0.0075311658
-0.0074616090
-0.0075594219
-0.0078503064
-0.0082428074
-0.0086295470
-0.0089456494
-0.0091844759
-0.0093988405
-0.0096893429
-0.0101575934
-0.0108542316
-0.0117282358
-0.0126002525
-0.0131736723
-0.0131815120
-0.0125180842
-0.0112726834
-0.0096151672
-0.0076973175
-0.0056519914
-0.0036115042
-0.0017315000
-0.0002076405
0.0008052550
0.0012542368
0.0011846069
0.0007547494
0.0001958290
-0.0002606073
-0.0004638302
-0.0003820068
-0.0000631365
0.0003425335
0.0005613081
0.0003753575
-0.0001540807
-0.0007306972
-0.0010249266
-0.0008495159
-0.0001984778
0.0008173765
0.0020684256
0.0034756199
0.0049815877
0.0065024807
0.0079235928
0.0090960308
0.0098575951
0.0100483386
0.0095256688
0.0081980820
0.0060680021
0.0033139257
0.0002990298
-0.0025058388
-0.0047027473
-0.0060784222
-0.0065991019
-0.0064224579
-0.0058079413
-0.0050380498
-0.0043394291
-0.0038232765
-0.0034981427
-0.0033416314
-0.0033455139
-0.0035154776
-0.0038327020
-0.0042372173
-0.0046810993
-0.0051249966
-0.0055118577
-0.0057465903
-0.0056973419
-0.0052442986
-0.0043546787
-0.0030995246
-0.0016124477
-0.0000794455
0.0012981884
0.0023963717
0.0032178490
0.0038349775
0.0043300070
0.0047764057
0.0052389662
0.0057559886
0.0063505169
0.0070193731
0.0077265970
0.0084382734
0.0091142328
0.0096932330
0.0101407928
0.0104490470
0.0105849721
0.0104895026
0.0101049153
0.0093946786
0.0083877808
0.0071858237
0.0059448091
0.0048209153
0.0038595515
0.0030238702
0.0022433785
0.0014983838
0.0008515723
0.0004042332
0.0002006793
0.0001419002
0.0000061278
-0.0004222546
-0.0011547319
-0.0019563280
-0.0025348652
-0.0027569243
-0.0027292297
-0.0026943307
-0.0028894536
-0.0034114728
-0.0041379240
-0.0047798932
-0.0050470183
-0.0047774147
-0.0039658267
-0.0027411778
-0.0012832513
0.0002461641
0.0016607184
0.0028353783
0.0037480960
0.0043772278
0.0046138137
0.0042311171
0.0030915388
0.0013373232
-0.0006791424
-0.0025883859
-0.0041876021
-0.0054530327
-0.0064574589
-0.0073061985
-0.0080532359
-0.0086639466
-0.0090685451
-0.0092238444
-0.0091043631
-0.0087226892
-0.0081564449
-0.0075229524
-0.0069008355
-0.0063351442
-0.0058524254
-0.0054232911
-0.0050225810
-0.0046357471
-0.0042530759
-0.0039011495
-0.0036574340
-0.0035568479
-0.0035352526
-0.0034752785
-0.0032631808
-0.0028252410
-0.0021728746
-0.0014128741
-0.0006830197
-0.0000891155
0.0003395770
0.0006589825
0.0009685750
0.0013560256
0.0019159964
0.0027082587
0.0037502585
0.0050148203
0.0064146063
0.0078000117
0.0089910654
0.0098623855
0.0103893616
0.0105546155
0.0102957523
0.0095719087
0.0083995344
0.0068657233
0.0051128914
0.0033083080
0.0016225680
0.0002322359
-0.0007284694
-0.0012006881
-0.0011989995
-0.0007753702
-0.0000192937
0.0009671396
0.0020646748
0.0031211029
0.0039956881
0.0045643267
0.0047269433
0.0044322867
0.0037352000
0.0027846894
0.0017385854
0.0006911851
-0.0003389654
-0.0013693182
-0.0023812979
-0.0033191163
-0.0041451088
-0.0048013747
-0.0051760532
-0.0051041139
-0.0044939061
-0.0035047186
-0.0024673512
-0.0017046691
-0.0014634372
-0.0018554378
-0.0028721731
-0.0043947631
-0.0062054246
-0.0080662084
-0.0097753079
-0.0111815797
-0.0122068147
-0.0128033289
-0.0129281612
-0.0124682090
-0.0112323977
-0.0091554614
-0.0064863282
-0.0037482532
-0.0014564401
0.0001371059
0.0010693233
0.0015170878
0.0016962536
0.0017676195
0.0018123645
0.0018512445
0.0018717135
0.0018369453
0.0016952471
0.0014275249
0.0010870140
0.0007177772
0.0003190838
-0.0001024623
-0.0005317582
-0.0009509174
-0.0013058744
-0.0015126405
-0.0014849790
-0.0011670920
-0.0006162075
-0.0000159295
0.0004613412
0.0007173739
0.0007310697
0.0005552747
0.0003088300
0.0001296248
0.0001010322
0.0002449802
0.0005715107
0.0010247746
0.0014804629
0.0017806039
0.0017923337
0.0014475480
0.0007754509
-0.0001289079
-0.0011472243
-0.0021160227
-0.0028850564
-0.0034001141
-0.0037126678
-0.0039118075
-0.0041092466
-0.0043822120
-0.0046984180
-0.0049709884
-0.0051382315
-0.0051894623
-0.0051936786
-0.0052833893
-0.0055513960
-0.0059887777
-0.0065029997
-0.0069084357
-0.0070083949
-0.0066798959
-0.0058998943
-0.0047289241
-0.0033256836
-0.0019340948
-0.0007853286
-0.0000659270
0.0000885867
-0.0003631376
-0.0013662512
-0.0027759944
-0.0044196234
-0.0061249568
-0.0077176888
-0.0090531969
-0.0100362945
-0.0106357051
-0.0108226859
-0.0104977925
-0.0094758022
-0.0076226933
-0.0050602676
-0.0022145746
0.0003581718
0.0022845170
0.0034929981
0.0041263003
0.0043925590
0.0044470488
0.0043695546
0.0041757346
0.0038506815
0.0034351872
0.0030441184
0.0028648694
0.0031158487
0.0039612002
0.0054324329
0.0073420301
0.0092393624
0.0106216650
0.0112714518
0.0112804977
0.0108666834
0.0102240313
0.0094743158
0.0087089378
0.0080200246
0.0075001221
0.0072383659
0.0072818852
0.0076214218
0.0081908292
0.0088703016
0.0095376535
0.0101484456
0.0107481280
0.0113668024
0.0119372749
0.0124036313
0.0127623297
0.0130419346
0.0132682838
0.0134484612
0.0135732680
0.0136438169
0.0136776049
0.0137020753
0.0137060674
0.0136472908
0.0134834808
0.0131508581
0.0126051788
0.0118881302
0.0110909687
0.0102708827
0.0094516121
0.0086336579
0.0077954803
0.0069029403
0.0059310451
0.0048614763
0.0037127732
0.0025780261
0.0015078424
0.0005010802
-0.0004072404
-0.0011535861
-0.0016772845
-0.0019363219
-0.0019339080
-0.0017078568
-0.0013117113
-0.0008194701
-0.0003057901
0.0001563756
0.0004774859
0.0005689699
0.0003793503
-0.0000867931
-0.0008169832
-0.0018182965
-0.0030769322
-0.0045315121
-0.0060664843
-0.0076034355
-0.0090813706
-0.0104699076
-0.0117690651
-0.0129634781
-0.0139910828
-0.0147853054
-0.0152612937
-0.0153752710
-0.0151436811
-0.0146191512
-0.0139193618
-0.0132253651
-0.0126802718
-0.0122609282
-0.0117708573
-0.0109957626
-0.0099055082
-0.0086847562
-0.0075880636
-0.0068252312
-0.0065027330
-0.0066411747
-0.0071953647
-0.0080628653
-0.0090775739
-0.0100318098
-0.0107058718
-0.0109115558
-0.0105420363
-0.0095952919
-0.0081962660
-0.0065557338
-0.0049566170
-0.0037562814
-0.0032700760
-0.0035011172
-0.0041362728
-0.0047712746
-0.0051113854
-0.0050635258
-0.0046874815
-0.0041232986
-0.0035000445
-0.0028980518
-0.0023600338
-0.0019062983
-0.0015856542
-0.0014995236
-0.0017746302
-0.0024681131
-0.0035391360
-0.0048064437
-0.0059965121
-0.0068724928
-0.0073198632
-0.0073776265
-0.0071771194
-0.0068492030
-0.0064827668
-0.0061094090
-0.0057306263
-0.0053619460
-0.0049927026
-0.0045866177
-0.0041305166
-0.0036474038
-0.0031549886
-0.0026590155
-0.0021530885
-0.0016263808
-0.0010586934
-0.0004526685
0.0001802553
0.0008264956
0.0014423957
0.0020091734
0.0025216702
0.0029593790
0.0033176876
0.0036133304
0.0038840483
0.0041788034
0.0045326248
0.0049593996
0.0054590692
0.0060286770
0.0066570546
0.0073253688
0.0080246656
0.0087372644
0.0094041661
0.0099789619
0.0104753351
0.0109640810
0.0115013515
0.0120909603
0.0126993318
0.0132501582
0.0136387886
0.0137617862
0.0135750092
0.0130748648
0.0123008147
0.0113059194
0.0101370046
0.0088426545
0.0074844308
0.0061923434
0.0051073747
0.0042783354
0.0036581186
0.0031506849
0.0027015741
0.0023563807
0.0022256784
0.0023801555
0.0027285689
0.0030647105
0.0032204056
0.0030757354
0.0025623671
0.0017229791
0.0007346374
-0.0001811301
-0.0008931779
-0.0013513073
-0.0015983456
-0.0016963997
-0.0016539208
-0.0014330042
-0.0010015510
-0.0003972996
0.0001912906
0.0004414201
0.0001664954
-0.0005254716
-0.0013613554
-0.0020726359
-0.0025063883
-0.0026334961
-0.0024813505
-0.0020891146
-0.0015071221
-0.0008028282
-0.0000405858
0.0007358290
0.0014743482
0.0021281339
0.0026825796
0.0031280992
0.0034586511
0.0036859789
0.0038399047
0.0039342657
0.0039720611
0.0039746066
0.0039560801
0.0039116146
0.0038371136
0.0037135436
0.0034994601
0.0031473112
0.0026088405
0.0018445667
0.0008619151
-0.0002718522
-0.0014480933
-0.0025272014
-0.0033769245
-0.0039298948
-0.0042068157
-0.0042527345
-0.0040922023
-0.0037168663
-0.0030836864
-0.0021715020
-0.0010604253
0.0000586698
0.0009531453
0.0014576436
0.0015427397
0.0012675957
0.0007221912
0.0000005021
-0.0008104022
-0.0016322669
-0.0024045520
-0.0030759978
-0.0035978038
-0.0039537749
-0.0041856748
-0.0043692310
-0.0045934296
-0.0049159966
-0.0053077578
-0.0056784264
-0.0059367775
-0.0060365447
-0.0059579668
-0.0057042278
-0.0053102507
-0.0048156076
-0.0042574604
-0.0036849995
-0.0031253863
-0.0025799457
-0.0020543566
-0.0015597008
-0.0011356499
-0.0008878940
-0.0009334976
-0.0013261166
-0.0019822551
-0.0026747875
-0.0031655735
-0.0033522273
-0.0033204455
-0.0032275080
-0.0031728976
-0.0031889363
-0.0032619348
-0.0033266672
-0.0033140667
-0.0031824769
-0.0029174565
-0.0025187416
-0.0020097297
-0.0014453676
-0.0008742029
-0.0003104155
0.0002522820
0.0008311607
0.0013213228
0.0014888275
0.0012261480
0.0006919004
0.0001813543
-0.0000751416
0.0000040767
0.0003630128
0.0009260750
0.0016628656
0.0025744859
0.0036716899
0.0048800223
0.0060574376
0.0070302331
0.0076697859
0.0079484956
0.0079038449
0.0076261214
0.0072340112
0.0068238110
0.0064259667
0.0060274896
0.0056510724
0.0053123350
0.0050174814
0.0047975967
0.0047114355
0.0047936479
0.0050045412
0.0052980418
0.0056521783
0.0060814341
0.0066011124
0.0072093242
0.0078697469
0.0085138370
0.0090574948
0.0094166009
0.0095415691
0.0094290187
0.0090830524
0.0085313510
0.0078699949
0.0072038194
0.0065866374
0.0060712985
0.0057118985
0.0055288689
0.0054883793
0.0055353097
0.0056250867
0.0057343644
0.0058777775
0.0060725573
0.0062921787
0.0064796428
0.0065531942
0.0064351272
0.0060737490
0.0054552037
0.0045855695
0.0034772923
0.0021931942
0.0008689632
-0.0003598692
-0.0014194193
-0.0022922488
-0.0030131927
-0.0036381983
-0.0041656984
-0.0045433235
-0.0047238567
-0.0047194774
-0.0045752013
-0.0043373481
-0.0040669300
-0.0038704167
-0.0038833450
-0.0041987611
-0.0047902556
-0.0054701365
-0.0059340459
-0.0059590531
-0.0055719126
-0.0049858397
-0.0044596909
-0.0041680121
-0.0041328277
-0.0042560725
-0.0043877184
-0.0044172104
-0.0043307137
-0.0041837510
-0.0040578987
-0.0040286624
-0.0041299509
-0.0043255563
-0.0044980468
-0.0044946009
-0.0041921080
-0.0036406640
-0.0031242447
-0.0028330782
-0.0026921970
-0.0025324641
-0.0022686932
-0.0018988722
-0.0014881905
-0.0011206594
-0.0008542376
-0.0007226275
-0.0007417642
-0.0009234436
-0.0012711529
-0.0017519911
-0.0023063450
-0.0028533621
-0.0032899870
-0.0035245429
-0.0034941634
-0.0031822407
-0.0026227099
-0.0019114828
-0.0011910673
-0.0005899215
-0.0001285681
0.0002769726
0.0007558301
0.0014094919
0.0022588489
0.0032218376
0.0041468551
0.0048858966
0.0053263701
0.0053881772
0.0050632158
0.0044722709
0.0037344661
0.0029153807
0.0020662410
0.0012678616
0.0006113393
0.0001667512
-0.0000373498
-0.0000236143
0.0001175512
0.0002517747
0.0002547425
0.0000763850
-0.0002185623
-0.0005128016
-0.0006680576
-0.0005944599
-0.0002736928
0.0002510229
0.0008851564
0.0014694771
0.0018495976
0.0019287081
0.0016752469
0.0011563789
0.0004741412
-0.0002787770
-0.0010176084
-0.0016769754
-0.0022423737
-0.0027417698
-0.0032094878
-0.0036328107
-0.0039346411
-0.0039860936
-0.0036525892
-0.0028712210
-0.0016812817
-0.0002221582
0.0012919294
0.0026084625
0.0035002899
0.0038521068
0.0037227966
0.0033417384
0.0029619390
0.0027055950
0.0025481324
0.0023865504
0.0021237648
0.0017254422
0.0012527037
0.0007980538
0.0003968484
0.0000074283
-0.0004355879
-0.0009852431
-0.0016509005
-0.0023955079
-0.0031688444
-0.0038825848
-0.0043882111
-0.0045494389
-0.0044085332
-0.0041948523
-0.0040641866
-0.0039792612
-0.0038257881
-0.0035651888
-0.0032955147
-0.0031907820
-0.0033759495
-0.0038677624
-0.0045910641
-0.0054341248
-0.0063035101
-0.0071599671
-0.0079658100
-0.0086421772
-0.0091163223
-0.0093807234
-0.0094289083
-0.0092263925
-0.0087641470
-0.0080775849
-0.0072107970
-0.0062226873
-0.0052017773
-0.0042414625
-0.0034287898
-0.0028211785
-0.0024314312
-0.0022403131
-0.0022006160
-0.0022704599
-0.0024265049
-0.0026583572
-0.0029368927
-0.0032078790
-0.0033927696
-0.0033969468
-0.0031389304
-0.0025786487
-0.0017843199
-0.0009256511
-0.0002028576
0.0002248465
0.0003040626
0.0000554402
-0.0004613826
-0.0011227251
-0.0017519138
-0.0021804663
-0.0022882517
-0.0020201074
-0.0013700453
-0.0003939357
0.0007682089
0.0019439798
0.0029838826
0.0037623561
0.0041879053
0.0041937252
0.0037382926
0.0028642901
0.0017142586
0.0004620849
-0.0007548306
-0.0018319850
-0.0026885345
-0.0032627867
-0.0035152015
-0.0034469392
-0.0030777289
-0.0024460447
-0.0016307508
-0.0007432624
0.0000913007
0.0007658966
0.0012299745
0.0014724185
0.0014748086
0.0012667141
0.0009933198
0.0008974622
0.0011850435
0.0018759519
0.0028032431
0.0037300851
0.0044680954
0.0049151337
0.0050901214
0.0051112461
0.0050844204
0.0050356775
0.0049467669
0.0047772253
0.0045092466
0.0041615493
0.0037765967
0.0034524889
0.0033207318
0.0034887121
0.0038947266
0.0042917895
0.0044941236
0.0045126815
0.0045047543
0.0046344892
0.0049491417
0.0053951769
0.0058716077
0.0062748701
0.0065017621
0.0064787620
0.0061966871
0.0057184743
0.0051438484
0.0045423246
0.0039728332
0.0035027709
0.0031964516
0.0030890009
0.0031729766
0.0033901399
0.0036605979
0.0039082800
0.0040907600
0.0042072888
0.0042678533
0.0042697890
0.0041980757
0.0040339948
0.0037600025
0.0033985445
0.0030394842
0.0027742575
0.0026795915
0.0028172782
0.0032033510
0.0037872122
0.0044610439
0.0051267879
0.0057256405
0.0062656213
0.0067990934
0.0073630988
0.0079413872
0.0084764204
0.0089000381
0.0091745808
0.0092888468
0.0092421059
0.0090333386
0.0086837879
0.0082427241
0.0077729592
0.0073500193
0.0070330811
0.0068387413
0.0067472783
0.0067179639
0.0066752685
0.0065289905
0.0062018980
0.0056646037
0.0049350846
0.0040342598
0.0029760989
0.0017597594
0.0004073547
-0.0009663700
-0.0022081745
-0.0031953610
-0.0038832363
-0.0043110405
-0.0045667602
-0.0047395854
-0.0048987416
-0.0050957595
-0.0054045752
-0.0059113999
-0.0066653793
-0.0076225821
-0.0086175369
-0.0094213744
-0.0099047013
-0.0101537033
-0.0103719665
-0.0107353450
-0.0112903674
-0.0119622974
-0.0126418377
-0.0132661434
-0.0138600416
-0.0144585179
-0.0150513373
-0.0155505644
-0.0158403363
-0.0158292265
-0.0154557660
-0.0146961553
-0.0135337977
-0.0120353009
-0.0104864874
-0.0093061995
-0.0086783774
-0.0084748202
-0.0084326964
-0.0083222840
-0.0080255651
-0.0075391898
-0.0069711279
-0.0064412070
-0.0060096859
-0.0056738458
-0.0054245949
-0.0052422627
-0.0050928028
-0.0049587838
-0.0048762630
-0.0048747766
-0.0049220815
-0.0049954248
-0.0050978711
-0.0052539950
-0.0054902318
-0.0057995461
-0.0061568660
-0.0065197510
-0.0068231604
-0.0069585563
-0.0068431292
-0.0064619937
-0.0058531415
-0.0051146912
-0.0043961247
-0.0038356527
-0.0034994023
-0.0034062602
-0.0035577508
-0.0039138876
-0.0043696540
-0.0047783762
-0.0049890027
-0.0049007759
-0.0044967014
-0.0038194917
-0.0029354335
-0.0019186685
-0.0008350473
0.0002527731
0.0012851030
0.0022037230
0.0029415184
0.0034377320
0.0036732850
0.0037077109
0.0036707607
0.0036626797
0.0037549955
0.0039685200
0.0042544120
0.0045250611
0.0046928580
0.0047173327
0.0045997371
0.0043790345
0.0040860052
0.0037030011
0.0031660814
0.0024311951
0.0015274425
0.0005380635
-0.0004175409
-0.0012188927
-0.0017801724
-0.0020565174
-0.0020402426
-0.0018182786
-0.0015206806
-0.0012607990
-0.0011239694
-0.0011173086
-0.0011167404
-0.0009242216
-0.0004518540
0.0002111237
0.0008819611
0.0013834756
0.0016379085
0.0017142195
0.0017487269
0.0018263715
0.0019611592
0.0021261379
0.0022710808
0.0023676221
0.0024584786
0.0026266068
0.0029403361
0.0034421555
0.0041013695
0.0047673743
0.0051889136
0.0050931834
0.0044138485
0.0033651497
0.0022143852
0.0012243363
0.0005293939
0.0001737580
0.0001157564
0.0002768126
0.0006276545
0.0011734810
0.0018897839
0.0026790020
0.0034138468
0.0039973936
0.0043798558
0.0045983373
0.0047309668
0.0048315554
0.0049265934
0.0050219023
0.0051351203
0.0052901758
0.0055183486
0.0058520084
0.0062968731
0.0068394930
0.0074576433
0.0081161821
0.0088038892
0.0095107369
0.0101931226
0.0107904353
0.0112464548
0.0115459350
0.0117273610
0.0118540788
0.0120003577
0.0122236408
0.0125276226
0.0128210468
0.0129635375
0.0128791609
0.0125981036
0.0122294844
0.0119037331
0.0116914750
0.0115566796
0.0113948911
0.0110907139
0.0105438370
0.0097246343
0.0087060754
0.0075819175
0.0064164444
0.0052589715
0.0041285962
0.0029907081
0.0018769023
0.0009027716
0.0001579134
-0.0003750671
-0.0008131865
-0.0013133149
-0.0019780813
-0.0027962902
-0.0036504598
-0.0043997133
-0.0049272814
-0.0051539390
-0.0050476494
-0.0046150691
-0.0039151259
-0.0030716431
-0.0022548008
-0.0016354954
-0.0013533331
-0.0014897728
-0.0019707189
-0.0025316223
-0.0028992061
-0.0030189421
-0.0030438092
-0.0032113564
-0.0036825848
-0.0044318314
-0.0053073390
-0.0061627887
-0.0069096036
-0.0074917719
-0.0078817952
-0.0080960723
-0.0081619199
-0.0080703882
-0.0077823380
-0.0072614374
-0.0064794219
-0.0054864377
-0.0044817992
-0.0038139615
-0.0037821873
-0.0043886986
-0.0053466862
-0.0062819352
-0.0069322954
-0.0072148306
-0.0071606526
-0.0068406227
-0.0063511710
-0.0057869218
-0.0051940370
-0.0045449016
-0.0037490847
-0.0027364349
-0.0015390016
-0.0002335723
0.0010516054
0.0022154239
0.0030451215
0.0035327674
0.0037144184
0.0036973808
0.0036263139
0.0036244520
0.0037244104
0.0038773688
0.0039886527
0.0039745217
0.0038175789
0.0035583658
0.0032703241
0.0030357987
0.0029389270
0.0030397212
0.0033264124
0.0037341672
0.0041981513
0.0046577169
0.0050333179
0.0052434662
0.0052246288
0.0049580686
0.0044901460
0.0039355585
0.0033962520
0.0028841408
0.0023754482
0.0018229510
0.0011681716
0.0004167773
-0.0003580565
-0.0010751865
-0.0016440885
-0.0019716821
-0.0020179041
-0.0018281849
-0.0015121003
-0.0012057512
-0.0010163862
-0.0009565623
-0.0009462552
-0.0008851658
-0.0007105562
-0.0004542564
-0.0002344910
-0.0001580541
-0.0002593147
-0.0004910900
-0.0007961139
-0.0011298963
-0.0014833550
-0.0018716727
-0.0023072105
-0.0027706706
-0.0032396617
-0.0037203020
-0.0042450392
-0.0048622118
-0.0055856189
-0.0063125993
-0.0068777266
-0.0071872456
-0.0072948008
-0.0073442928
-0.0074414823
-0.0075870392
-0.0077146914
-0.0077580366
-0.0077002223
-0.0075789455
-0.0074462693
-0.0073403271
-0.0072251497
-0.0070025640
-0.0065702572
-0.0058537275
-0.0048274130
-0.0035446416
-0.0021790453
-0.0010018237
-0.0002474618
0.0000964213
0.0002737363
0.0005847485
0.0011889115
0.0020462493
0.0029766247
0.0037972874
0.0044035975
0.0048021136
0.0050464951
0.0051817372
0.0052318171
0.0052143455
0.0051341452
0.0049949772
0.0048509721
0.0047490049
0.0046832465
0.0046269034
0.0045464823
0.0044216984
0.0042647939
0.0040793249
0.0038564683
0.0035935706
0.0033135520
0.0030283812
0.0027630186
0.0025639715
0.0024689658
0.0024634143
0.0024926965
0.0025042267
0.0024534011
0.0023116527
0.0020979829
0.0018530987
0.0016018985
0.0013330747
0.0009834084
0.0004669087
-0.0002686811
-0.0012040813
-0.0022058634
-0.0030875230
-0.0037252190
-0.0041086597
-0.0042786361
-0.0042990423
-0.0042449636
-0.0041770155
-0.0041039143
-0.0040012005
-0.0038612732
-0.0036920247
-0.0035058779
-0.0033070059
-0.0031113708
-0.0029417970
-0.0028400031
-0.0028315204
-0.0028971565
-0.0030048094
-0.0031190636
-0.0031911957
-0.0031947970
-0.0031319112
-0.0029919890
-0.0027743696
-0.0025037799
-0.0022086748
-0.0019067161
-0.0015860110
-0.0012316316
-0.0008653618
-0.0005436140
-0.0003308920
-0.0002225364
-0.0001086239
0.0001573041
0.0006653634
0.0013720464
0.0021007247
0.0026522400
0.0029260208
0.0029289893
0.0027346877
0.0024365988
0.0020930803
0.0017184961
0.0013278918
0.0009596557
0.0006789923
0.0005398720
0.0005560085
0.0006865876
0.0008348327
0.0008410492
0.0005029247
-0.0002918843
-0.0014155334
-0.0025329601
-0.0033327037
-0.0036658029
-0.0035561752
-0.0031494049
-0.0026117224
-0.0020670573
-0.0015877913
-0.0011812842
-0.0008181082
-0.0004613251
-0.0000933086
0.0002657611
0.0006103268
0.0009502354
0.0012818380
0.0015925724
0.0018741665
0.0021035828
0.0022373182
0.0022201864
0.0020066066
0.0015800841
0.0009822575
0.0003272149
-0.0002689142
-0.0007337553
-0.0010302038
-0.0011549214
-0.0011050148
-0.0008796933
-0.0004857678
0.0000309189
0.0006028075
0.0011624409
0.0016370515
0.0019632699
0.0021164619
0.0021087674
0.0019733588
0.0017587079
0.0015195365
0.0013244000
0.0012500647
0.0013454687
0.0016046581
0.0019850809
0.0024280083
0.0028590010
0.0032123654
0.0034511215
0.0035537792
0.0035161095
0.0033411218
0.0030436546
0.0026652940
0.0022763205
0.0019554489
0.0017486836
0.0016478835
0.0016140054
0.0016026196
0.0015809258
0.0015424772
0.0015077880
0.0015082314
0.0015737537
0.0017155955
0.0019177317
0.0021545783
0.0024005633
0.0026271037
0.0027997709
0.0028701652
0.0027752206
0.0024630355
0.0019597798
0.0013977951
0.0009613333
0.0007698716
0.0008191120
0.0010108483
0.0012149677
0.0013310090
0.0013137149
0.0011577183
0.0008965754
0.0005877533
0.0002816260
-0.0000053256
-0.0002989825
-0.0006455371
-0.0010607837
-0.0015084369
-0.0019163455
-0.0022254754
-0.0024350368
-0.0026298760
-0.0029269024
-0.0033566577
-0.0038497735
-0.0043056606
-0.0046692964
-0.0049311520
-0.0050835566
-0.0051173582
-0.0050274929
-0.0048349563
-0.0045647047
-0.0042484545
-0.0039293878
-0.0036316887
-0.0033655778
-0.0031281867
-0.0029230675
-0.0027769398
-0.0027146995
-0.0027221884
-0.0027485648
-0.0027363831
-0.0026449286
-0.0024604908
-0.0022049257
-0.0019308613
-0.0016968252
-0.0015338926
-0.0014239524
-0.0013180765
-0.0011680943
-0.0009602435
-0.0007120639
-0.0004522754
-0.0002105453
-0.0000014500
0.0001711159
0.0003060904
0.0003998076
0.0004520185
0.0004680698
0.0004604220
0.0004426655
0.0004086428
0.0003375663
0.0002179568
0.0000469506
-0.0001552876
-0.0003378965
-0.0004404063
-0.0004241904
-0.0002922784
-0.0000818723
0.0001537789
0.0003491687
0.0004439312
0.0004072776
0.0002347542
-0.0000444814
-0.0003627761
-0.0006447111
-0.0008469403
-0.0009524182
-0.0009581107
-0.0008836140
-0.0007523491
-0.0005834773
-0.0003905998
-0.0001785941
0.0000571076
0.0003246214
0.0006249053
0.0009455264
0.0012573845
0.0015288525
0.0017357952
0.0018531530
0.0018487303
0.0016965823
0.0014041552
0.0010272335
0.0006550922
0.0003627879
0.0001666688
0.0000320330
-0.0000773682
-0.0001722717
-0.0002403985
-0.0002643750
-0.0002300558
-0.0001390209
-0.0000174388
0.0000910196
0.0001561726
0.0001809871
0.0001904173
0.0002201785
0.0003056056
0.0004706729
0.0007142799
0.0009894662
0.0012169001
0.0013483591
0.0013973552
0.0014127696
0.0014360984
0.0014806191
0.0015376171
0.0015852058
0.0015977518
0.0015607022
0.0014774204
0.0013675872
0.0012525041
0.0011450652
0.0010485009
0.0009606402
0.0008749351
0.0007901058
0.0007134694
0.0006544325
0.0006234682
0.0006293653
0.0006723955
0.0007371615
0.0008008359
0.0008495864
0.0008781491
0.0008806115
0.0008544304
0.0008013814
0.0007218317
0.0006206151
0.0005075369
0.0003902261
0.0002758754
0.0001765148
0.0001042089
0.0000615814
0.0000472756
0.0000561430
0.0000812067
0.0001172554
0.0001591331
0.0002042685
0.0002525796
0.0003055237
0.0003637820
0.0004266857
0.0004885874
0.0005425774
0.0005806584
0.0005952138
0.0005837286
0.0005471474
0.0004871867
0.0004079371
0.0003164212
0.0002187571
0.0001181487
0.0000172761
-0.0000807198
-0.0001707229
-0.0002498266
-0.0003177843
-0.0003740679
-0.0004147729
-0.0004372788
-0.0004430334
-0.0004365066
-0.0004232409
-0.0004078595
-0.0003938849
-0.0003824912
-0.0003749610
-0.0003729543
-0.0003780374
-0.0003920942
-0.0004159724
-0.0004485295
-0.0004847333
-0.0005130542
-0.0005223836
-0.0005107408
-0.0004855497
-0.0004572731
-0.0004335152
-0.0004175831
-0.0004082671
-0.0004019521
-0.0003952811
-0.0003876571
-0.0003805039
-0.0003754746
-0.0003732441
-0.0003726028
-0.0003704269
-0.0003628258
-0.0003477944
-0.0003260461
-0.0003019787
-0.0002830664
-0.0002741858
-0.0002733083
-0.0002746590
-0.0002731129
-0.0002668803
-0.0002574432
-0.0002473499
-0.0002388485
-0.0002330200
-0.0002297338
-0.0002278592
-0.0002257137
-0.0002220222
-0.0002162715
-0.0002084198
-0.0001990423
-0.0001892431
-0.0001798593
-0.0001710298
-0.0001625717
-0.0001542577
-0.0001460015
-0.0001380107
-0.0001304619
-0.0001234216
-0.0001170162
-0.0001113532
-0.0001064376
-0.0001022172
-0.0000986473
-0.0000955916
-0.0000927583
-0.0000898239
-0.0000866521
-0.0000831823
-0.0000794386
-0.0000755057
-0.0000713084
-0.0000667999
-0.0000619373
-0.0000566511
-0.0000509652
-0.0000449377
-0.0000387117
-0.0000324950
-0.0000264900
-0.0000208792
-0.0000157314
-0.0000109952
-0.0000065886
-0.0000024403
0.0000014917
0.0000051553
0.0000084727
0.0000114743
0.0000142128
0.0000167461
0.0000191567
0.0000215388
0.0000239599
0.0000264560
0.0000290255
0.0000316455
0.0000342550
0.0000367782
0.0000391669
0.0000414365
0.0000436584
0.0000459031
0.0000482231
0.0000506381
0.0000531332
0.0000556736
0.0000582206
0.0000607431
0.0000632246
0.0000656660
0.0000680883
0.0000705164
0.0000729772
0.0000754910
0.0000780568
0.0000806508
0.0000832399
0.0000858003
0.0000883233
0.0000908123
0.0000932755
0.0000957205
0.0000981513
0.0001005689
0.0001029734
0.0001053648
0.0001077436
0.0001101103
0.0001124656
0.0001148098
0.0001171430
0.0001194648
0.0001217749
0.0001240736
0.0001263611
0.0001286380
0.0001309045
0.0001331608
0.0001354067
0.0001376424
0.0001398678
0.0001420828
0.0000000000
0.0000000000
0.0000000000
0.0000000000
0.0000000000
0.0000000000
0.0000000000
0.0000000000
0.0000000000
0.0000000000
0.0000000000
0.0000000000
0.0000000000
0.0000000000
0.0000000000
0.0000000000
0.0000000000
0.0000000000
0.0000000000
0.0000000000
0.0000000000
0.0000000000
0.0000000000
0.0000000000
0.0000000000
0.0000000000
0.0000000000
0.0000000000
0.0000000000
0.0000000000
0.0000000000
0.0000000000
0.0000000000
0.0000000000
0.0000000000
0.0000000000
0.0000000000
0.0000000000
0.0000000000
0.0000000000
0.0000000000
0.0000000000
0.0000000000
0.0000000000
0.0000000000
0.0000000000
0.0000000000
0.0000000000
0.0000000000
0.0000000000
0.0000000000
0.0000000000
0.0000000000
0.0000000000
0.0000000000
