-0.0000891023
-0.0000915480
-0.0000921975
-0.0000933205
-0.0000921842
-0.0000914545
-0.0000888364
-0.0000885714
-0.0000864393
-0.0000806772
-0.0000643664
-0.0000428404
-0.0000237500
-0.0000139967
-0.0000104760
-0.0000128016
-0.0000105278
-0.0000099080
-0.0000102630
-0.0000240188
-0.0000425276
-0.0000654438
-0.0001080575
-0.0001720866
-0.0002350068
-0.0002988198
-0.0003432914
-0.0003294891
-0.0002727752
-0.0002081863
-0.0002169553
-0.0002122060
-0.0001717550
-0.0001031874
-0.0000242013
0.0000893339
0.0002473542
0.0003369901
0.0003774073
0.0004260363
0.0004439680
0.0004188065
0.0003387682
0.0002002524
-0.0000038042
-0.0002505786
-0.0004996627
-0.0006519390
-0.0007385231
-0.0007825545
-0.0008059907
-0.0008876650
-0.0009516740
-0.0009566158
-0.0008563824
-0.0006460980
-0.0003179211
0.0000820623
0.0004379070
0.0006731841
0.0008276173
0.0008275510
0.0005959309
0.0002766924
0.0000377471
-0.0001027514
-0.0001928841
-0.0003727918
-0.0006437206
-0.0010591330
-0.0013893592
-0.0015315479
-0.0015715842
-0.0015606674
-0.0016018028
-0.0017830319
-0.0019792505
-0.0020643784
-0.0018644248
-0.0012830793
-0.0004117565
0.0006694125
0.0016962153
0.0024889712
0.0031035237
0.0034074973
0.0035356099
0.0034575629
0.0031194317
0.0023129964
0.0011119005
-0.0000640172
-0.0009843262
-0.0015765841
-0.0020974890
-0.0023717241
-0.0023631619
-0.0023303327
-0.0022582459
-0.0022775131
-0.0022828577
-0.0023904799
-0.0023718274
-0.0022487687
-0.0020425397
-0.0019225587
-0.0018753234
-0.0019346006
-0.0021640392
-0.0024302539
-0.0028169722
-0.0033390362
-0.0038662181
-0.0045266750
-0.0045855494
-0.0041857490
-0.0037333704
-0.0034364006
-0.0035422577
-0.0035395315
-0.0033425906
-0.0031019019
-0.0029337401
-0.0028257124
-0.0027346807
-0.0021313454
-0.0005231913
0.0020117134
0.0045623042
0.0063227421
0.0067835292
0.0067045368
0.0063549792
0.0064090464
0.0060694983
0.0044470115
0.0009275866
-0.0039618253
-0.0080368674
-0.0098801168
-0.0103338299
-0.0097036377
-0.0089010294
-0.0083942137
-0.0075222848
-0.0056698472
-0.0029593259
0.0002462073
0.0038415213
0.0067988868
0.0068300761
0.0038212358
-0.0013666523
-0.0063092467
-0.0095483860
-0.0113485570
-0.0123869165
-0.0121382638
-0.0102965320
-0.0061984287
0.0002192626
0.0073958018
0.0129233344
0.0158413227
0.0168959523
0.0168303945
0.0168686300
0.0169328248
0.0161869361
0.0143960374
0.0114901345
0.0081525170
0.0047525930
0.0010680954
-0.0016814723
-0.0038108608
-0.0057494169
-0.0074595963
-0.0091107954
-0.0102808610
-0.0115140014
-0.0127644537
-0.0119674627
-0.0073220742
0.0007771820
0.0099505540
0.0150576152
0.0160605347
0.0147189734
0.0133384733
0.0140505369
0.0168864629
0.0196361157
0.0193450687
0.0155977490
0.0095936540
0.0030819150
-0.0021919102
-0.0077577383
-0.0149180258
-0.0219931855
-0.0260297116
-0.0264891548
-0.0232161418
-0.0178604453
-0.0122800584
-0.0072364088
-0.0023408639
0.0035021364
0.0100897092
0.0150950086
0.0180365164
0.0196773118
0.0207779908
0.0218727921
0.0232556710
0.0245793387
0.0240235165
0.0204901996
0.0131539372
0.0018834054
-0.0111437137
-0.0233025278
-0.0333868889
-0.0410898446
-0.0455320983
-0.0478846187
-0.0466088063
-0.0402941038
-0.0296383710
-0.0169098348
-0.0070052955
0.0014703554
0.0116311998
0.0215532768
0.0279239175
0.0302906329
0.0298375276
0.0279107035
0.0260602202
0.0244147712
0.0209506846
0.0151892952
0.0076623577
-0.0001377972
-0.0055677294
-0.0096386268
-0.0135389062
-0.0173867376
-0.0211366098
-0.0239678909
-0.0257009153
-0.0262484374
-0.0259962512
-0.0248402331
-0.0217916240
-0.0152918297
-0.0059355401
0.0026372260
0.0065608053
0.0068632396
0.0052169016
0.0030762014
0.0014299580
0.0002808604
-0.0015855075
-0.0044401744
-0.0071434584
-0.0090229682
-0.0100128474
-0.0117260681
-0.0152057476
-0.0202729410
-0.0246230526
-0.0258385772
-0.0231487174
-0.0168148189
-0.0080337150
0.0000863496
0.0056710835
0.0091329258
0.0116564905
0.0122258479
0.0103532082
0.0072123805
0.0038056698
0.0017915350
0.0004783284
-0.0004376273
-0.0014362256
-0.0018835808
-0.0007053270
0.0021597477
0.0061966124
0.0097369418
0.0119054818
0.0121729484
0.0091188349
0.0013469164
-0.0101528187
-0.0214066984
-0.0290857438
-0.0316917876
-0.0296321373
-0.0266632378
-0.0255339863
-0.0269486848
-0.0284237494
-0.0260413889
-0.0191418750
-0.0095951473
-0.0012370525
0.0038215891
0.0057525321
0.0048070075
0.0045863525
0.0062809451
0.0104984668
0.0166899803
0.0224603122
0.0251945458
0.0224859502
0.0152578310
0.0059600338
-0.0022408394
-0.0070256062
-0.0086073032
-0.0092932912
-0.0095563387
-0.0099617190
-0.0104842978
-0.0113659992
-0.0121222195
-0.0114482959
-0.0081285859
-0.0029675678
0.0031828729
0.0088483122
0.0137957373
0.0188460529
0.0246852766
0.0313180792
0.0377326856
0.0413745710
0.0404165114
0.0340485274
0.0227320070
0.0095859444
-0.0003967205
-0.0052847576
-0.0043578282
0.0008985896
0.0077921329
0.0134037013
0.0165744749
0.0196251677
0.0243909825
0.0302272890
0.0342574947
0.0359548533
0.0344169397
0.0303154201
0.0246935071
0.0183835103
0.0122821768
0.0057660169
-0.0001382473
-0.0025914597
-0.0022599962
-0.0016779648
-0.0032467568
-0.0094101424
-0.0193093770
-0.0297256599
-0.0361162172
-0.0346557644
-0.0271918418
-0.0167351789
-0.0074553986
-0.0011633301
0.0020178941
0.0032098626
0.0031016492
0.0034076275
0.0052847923
0.0085533254
0.0123405112
0.0152092204
0.0172510812
0.0196217383
0.0230037539
0.0272582939
0.0309999878
0.0336476617
0.0347608862
0.0338088779
0.0307461519
0.0259418844
0.0196629344
0.0113669108
0.0018672543
-0.0067227317
-0.0128553196
-0.0177926388
-0.0214337168
-0.0235035510
-0.0243217348
-0.0236693600
-0.0215867199
-0.0173000737
-0.0105194078
-0.0017297903
0.0072553755
0.0140863676
0.0168749332
0.0156770678
0.0105654051
0.0026872327
-0.0051681426
-0.0118254858
-0.0167141858
-0.0194521092
-0.0205066694
-0.0207283037
-0.0200046843
-0.0179149509
-0.0151401029
-0.0124177897
-0.0102985983
-0.0090543537
-0.0083123649
-0.0087905682
-0.0101528187
-0.0120161600
-0.0140245864
-0.0163549764
-0.0186563337
-0.0198308618
-0.0188001425
-0.0143826585
-0.0073055879
-0.0001615836
0.0048758715
0.0057788941
0.0032949724
-0.0015944170
-0.0078684443
-0.0133182790
-0.0172864169
-0.0193773397
-0.0207576575
-0.0219646998
-0.0227987717
-0.0220627544
-0.0179015112
-0.0093755098
0.0031052714
0.0172851494
0.0304690395
0.0379061260
0.0412810311
0.0418919232
0.0383898268
0.0309108409
0.0205246324
0.0088175345
-0.0041648879
-0.0159297403
-0.0251090280
-0.0310480861
-0.0331767062
-0.0328147532
-0.0304577008
-0.0271391594
-0.0245946190
-0.0239277453
-0.0247711156
-0.0258641023
-0.0255594333
-0.0226095039
-0.0160895847
-0.0079046613
-0.0003790235
0.0057387363
0.0098774601
0.0123298584
0.0141417414
0.0148102821
0.0145007077
0.0129812174
0.0107320736
0.0078564805
0.0049235166
0.0019772059
-0.0012449514
-0.0041639945
-0.0065873072
-0.0078847699
-0.0070734805
-0.0039778939
0.0017133440
0.0097705152
0.0183153825
0.0258047260
0.0328092749
0.0399385755
0.0460488167
0.0498367075
0.0512583430
0.0496299542
0.0456738495
0.0402710096
0.0346249954
0.0284948290
0.0215148155
0.0134648226
0.0053050370
-0.0030113190
-0.0114448665
-0.0195936259
-0.0271487357
-0.0336464549
-0.0382007500
-0.0401581956
-0.0372880105
-0.0305142294
-0.0208962571
-0.0099653394
-0.0012955371
0.0065054619
0.0122660543
0.0143786561
0.0147033285
0.0140138033
0.0126393112
0.0116142351
0.0111131096
0.0119636252
0.0141997112
0.0158348025
0.0156810268
0.0133301994
0.0093274549
0.0053386190
0.0021325035
-0.0008376506
-0.0032906244
-0.0063150758
-0.0104186531
-0.0156405947
-0.0211785613
-0.0267522891
-0.0322766510
-0.0370338881
-0.0388905877
-0.0368716821
-0.0289502350
-0.0145772396
0.0009599462
0.0158626283
0.0264010585
0.0326898191
0.0351607448
0.0345029003
0.0305739877
0.0251587412
0.0207471697
0.0188767265
0.0189328036
0.0197952135
0.0210365323
0.0217426922
0.0220476651
0.0220375158
0.0218980827
0.0219761166
0.0217286447
0.0211980611
0.0199409323
0.0183323993
0.0168425406
0.0147710915
0.0123477954
0.0097138217
0.0072009229
0.0055106253
0.0051319082
0.0058268084
0.0082248937
0.0125396678
0.0182103129
0.0235802132
0.0279200106
0.0307042786
0.0319065891
0.0317877237
0.0309087225
0.0294922181
0.0275465974
0.0256746782
0.0243490484
0.0247539513
0.0274928644
0.0321191073
0.0382545785
0.0448418179
0.0516839437
0.0568460488
0.0605507226
0.0638311240
0.0660111415
0.0663316292
0.0654074468
0.0638362290
0.0626506921
0.0619544992
0.0612081937
0.0597646275
0.0577282277
0.0544468713
0.0497478298
0.0443171468
0.0385386104
0.0336354114
0.0297429198
0.0261838346
0.0233261776
0.0214942131
0.0202621319
0.0199180031
0.0196628389
0.0188670287
0.0184869043
0.0187814762
0.0199877023
0.0218249021
0.0226510386
0.0210273988
0.0165032651
0.0089887871
-0.0006013027
-0.0108809527
-0.0215783331
-0.0352612390
-0.0503714845
-0.0671715527
-0.0789176155
-0.0893290105
-0.1002898724
-0.1124364362
-0.1258668954
-0.1370785805
-0.1417679069
-0.1396044372
-0.1316162950
-0.1184584508
-0.1044608828
-0.0909166025
-0.0801546888
-0.0714536582
-0.0629214231
-0.0552734506
-0.0476097290
-0.0416516834
-0.0380574795
-0.0369825774
-0.0388838244
-0.0428188144
-0.0483446610
-0.0551928295
-0.0618649442
-0.0673467817
-0.0712966788
-0.0746328881
-0.0759070857
-0.0725967574
-0.0640142970
-0.0493836890
-0.0309432769
-0.0136148303
-0.0016744825
0.0051095573
0.0114849514
0.0154436694
0.0171511599
0.0181747774
0.0188046484
0.0205488205
0.0245495160
0.0311966787
0.0395183142
0.0477024441
0.0544040864
0.0587904280
0.0605767947
0.0581565980
0.0514058069
0.0401964485
0.0255980508
0.0094636583
-0.0042898472
-0.0157375467
-0.0247044638
-0.0330184853
-0.0417228151
-0.0512803692
-0.0614197743
-0.0703449917
-0.0745103242
-0.0711658322
-0.0603349921
-0.0420002139
-0.0160175762
0.0152716701
0.0462958720
0.0733141952
0.0951271161
0.1075734697
0.1119362657
0.1086758243
0.0960662490
0.0744578762
0.0495972404
0.0252343268
0.0044266392
-0.0168416897
-0.0252793169
-0.0285734532
-0.0290155758
-0.0279230666
-0.0272511834
-0.0271560720
-0.0285447592
-0.0302478306
-0.0324752433
-0.0359409535
-0.0420339175
-0.0509461380
-0.0615622287
-0.0741548306
-0.0880518002
-0.0998625439
-0.1094050262
-0.1165349519
-0.1204520136
-0.1198758755
-0.1158301464
-0.1060713954
-0.0885420732
-0.0628224743
-0.0281156336
0.0120484397
0.0582773734
0.1010676067
0.1339840523
0.1608334236
0.1817361402
0.1918324477
0.1965085774
0.1976594644
0.1913914017
0.1741755000
0.1463500973
0.1161479079
0.0760070156
0.0384841742
0.0011403809
-0.0386244320
-0.0667502409
-0.0880960785
-0.1042763033
-0.1130114456
-0.1194250188
-0.1267897929
-0.1343507803
-0.1405344540
-0.1457805575
-0.1500534948
-0.1519756046
-0.1499715366
-0.1439233023
-0.1336323441
-0.1198142333
-0.1038524477
-0.0869148044
-0.0706802996
-0.0551536302
-0.0391907160
-0.0195376704
0.0061610752
0.0358888267
0.0608989059
0.0789440175
0.0950000115
0.1064419435
0.1151453964
0.1206765303
0.1236633149
0.1248260094
0.1240343839
0.1201392877
0.1110193588
0.0954038117
0.0750778410
0.0551515900
0.0356140237
0.0180372283
0.0011603982
-0.0116433112
-0.0197578982
-0.0238564486
-0.0263900236
-0.0276558171
-0.0270017666
-0.0251793349
-0.0226367220
-0.0201715265
-0.0187957667
-0.0183183084
-0.0182777200
-0.0181826433
-0.0175318400
-0.0164297979
-0.0152594458
-0.0139833382
-0.0113288402
-0.0052516679
0.0066310732
0.0250403099
0.0484565113
0.0704739543
0.0890673347
0.1084829969
0.1183766663
0.1214336883
0.1209731077
0.1146899383
0.1034526412
0.0904011517
0.0768401064
0.0648725743
0.0558403337
0.0490073587
0.0453091009
0.0431683608
0.0415667560
0.0400725650
0.0390040528
0.0390722153
0.0407792544
0.0431588279
0.0463167782
0.0498279300
0.0531639831
0.0553273225
0.0555818182
0.0535431264
0.0477483459
0.0376119275
0.0246740855
0.0094456952
-0.0058221748
-0.0219640660
-0.0378113359
-0.0494802156
-0.0589841410
-0.0675432729
-0.0755816753
-0.0822763633
-0.0874418023
-0.0914149498
-0.0926337301
-0.0917034529
-0.0889922354
-0.0841345996
-0.0781640258
-0.0715948363
-0.0648787472
-0.0585029494
-0.0530077590
-0.0497346853
-0.0476567421
-0.0453793297
-0.0425240863
-0.0372908842
-0.0277992786
-0.0135421793
0.0048712752
0.0252339361
0.0422847407
0.0569742213
0.0701762135
0.0789742656
0.0808212066
0.0750996502
0.0622666347
0.0446488776
0.0282984767
0.0144603451
0.0028517176
-0.0094123302
-0.0218970235
-0.0347770434
-0.0462564904
-0.0541887031
-0.0589799736
-0.0596196467
-0.0555013273
-0.0460744113
-0.0321306197
-0.0163739900
0.0002177139
0.0175705444
0.0355533886
0.0517090955
0.0654654947
0.0789343891
0.0896620523
0.0976895241
0.1033344791
0.1079398504
0.1086628013
0.1040174059
0.0921646412
0.0737949267
0.0521347570
0.0267794291
0.0027009719
-0.0192212372
-0.0425083458
-0.0694971502
-0.0938029362
-0.1119520669
-0.1247420544
-0.1324124351
-0.1361355408
-0.1369355879
-0.1366149613
-0.1348308954
-0.1316691684
-0.1273329393
-0.1219184048
-0.1149361600
-0.1059557510
-0.0957797427
-0.0842555400
-0.0709403691
-0.0554288238
-0.0396957484
-0.0221167738
-0.0056676975
0.0062237272
0.0175324217
0.0237453189
0.0262577012
0.0259445411
0.0222211924
0.0161242086
0.0094407985
0.0044544390
0.0010870204
-0.0001853405
0.0007614683
0.0044105176
0.0111925674
0.0210095052
0.0322713984
0.0419909936
0.0491956020
0.0536401912
0.0570692720
0.0606091525
0.0641072900
0.0664509460
0.0664781381
0.0641614917
0.0598917234
0.0527909692
0.0421869205
0.0302762121
0.0205786258
0.0103108052
0.0005962215
-0.0079903909
-0.0167678753
-0.0238398747
-0.0301508179
-0.0349781882
-0.0373074582
-0.0374256029
-0.0357645871
-0.0324711975
-0.0280551721
-0.0229713179
-0.0180395117
-0.0136251446
-0.0101241855
-0.0082737421
-0.0080105731
-0.0074628790
-0.0046744593
-0.0004845870
0.0033209498
0.0050256778
0.0046349562
0.0027826627
0.0005729447
-0.0014713252
-0.0037833788
-0.0064617636
-0.0091612379
-0.0111590895
-0.0125591155
-0.0122143963
-0.0106420325
-0.0084863003
-0.0044328459
0.0020579425
0.0094316564
0.0176351211
0.0257075744
0.0327095273
0.0382407220
0.0432046776
0.0470064075
0.0491218483
0.0496154205
0.0486838150
0.0474430257
0.0445615279
0.0385786431
0.0299211527
0.0214384919
0.0147929528
0.0092776636
0.0041512815
0.0009638983
-0.0015147022
-0.0037977171
-0.0058585038
-0.0077861258
-0.0095462849
-0.0115130550
-0.0139536891
-0.0149105854
-0.0140199763
-0.0121551590
-0.0095374206
-0.0068341071
-0.0058693754
-0.0053075253
-0.0045829422
-0.0040975963
-0.0035693629
-0.0033337002
-0.0028871072
-0.0021833914
-0.0010478333
0.0002941869
0.0011668038
0.0015261200
0.0008266536
-0.0007761176
-0.0021218229
-0.0027957491
-0.0026395380
-0.0022894135
-0.0030258865
-0.0045862379
-0.0063152955
-0.0082803926
-0.0099613197
-0.0113930349
-0.0118752597
-0.0107917277
-0.0083444996
-0.0054438502
-0.0023218208
0.0003865669
0.0009152999
-0.0002645289
-0.0027921816
-0.0066615887
-0.0108653859
-0.0142531837
-0.0161072873
-0.0169193764
-0.0169613799
-0.0169846911
-0.0171255741
-0.0171178558
-0.0171532436
-0.0169245856
-0.0162243121
-0.0147496122
-0.0121032059
-0.0079653242
-0.0022200529
0.0042288873
0.0098435916
0.0141720850
0.0175579120
0.0197624476
0.0211589052
0.0207946689
0.0193971174
0.0178682504
0.0167873404
0.0163411806
0.0158619859
0.0149000107
0.0132295141
0.0112846401
0.0087034356
0.0061165522
0.0041354403
0.0022870824
0.0009838591
-0.0006916553
-0.0029195102
-0.0058646394
-0.0095482905
-0.0130982508
-0.0141449104
-0.0117239236
-0.0089097982
-0.0067216534
-0.0065004289
-0.0084389668
-0.0119878654
-0.0160842887
-0.0191773323
-0.0220681286
-0.0237825647
-0.0241028267
-0.0227697390
-0.0209433831
-0.0187066980
-0.0160624969
-0.0135215248
-0.0122120175
-0.0121699531
-0.0119248774
-0.0103906797
-0.0068289847
-0.0012976885
0.0052852646
0.0111992699
0.0160586594
0.0194856391
0.0219428211
0.0224844482
0.0205198747
0.0155654866
0.0093775501
0.0034040991
-0.0011941260
-0.0035944209
-0.0047567413
-0.0051134103
-0.0049217923
-0.0046380730
-0.0042140350
-0.0041259630
-0.0044958608
-0.0052042415
-0.0058628361
-0.0053259832
-0.0032164150
-0.0003301501
0.0019527078
0.0020055509
-0.0005270748
-0.0045147329
-0.0077867509
-0.0101237253
-0.0107257358
-0.0109401553
-0.0123149861
-0.0146966433
-0.0180733629
-0.0218637107
-0.0260300242
-0.0294585666
-0.0308344653
-0.0305962657
-0.0285121149
-0.0254349246
-0.0219755349
-0.0184850811
-0.0145500910
-0.0089728817
-0.0022843041
0.0044108405
0.0089966878
0.0105165428
0.0102174389
0.0096074844
0.0094725400
0.0100823816
0.0115684289
0.0133641460
0.0156991982
0.0178219840
0.0195860379
0.0208424460
0.0217832545
0.0213536166
0.0197388152
0.0166440438
0.0118494047
0.0047136395
-0.0037875140
-0.0102078019
-0.0135121222
-0.0137041074
-0.0114892924
-0.0085865427
-0.0058849961
-0.0040707923
-0.0037639918
-0.0048577287
-0.0068746165
-0.0095600633
-0.0128800372
-0.0172438925
-0.0219183379
-0.0264119197
-0.0306271650
-0.0344445919
-0.0379917133
-0.0417742299
-0.0453347650
-0.0474203223
-0.0472349527
-0.0441904502
-0.0394151980
-0.0337776661
-0.0293831981
-0.0272148926
-0.0264237446
-0.0263918642
-0.0265415421
-0.0266566481
-0.0258558197
-0.0241463149
-0.0216288797
-0.0192403984
-0.0186557520
-0.0203187386
-0.0239586272
-0.0278292575
-0.0298866417
-0.0296828750
-0.0272265786
-0.0231147794
-0.0188197638
-0.0156859755
-0.0135882721
-0.0126365416
-0.0129684809
-0.0146077916
-0.0167912299
-0.0179353623
-0.0166787632
-0.0119223509
-0.0043223743
0.0035448345
0.0089406628
0.0107462253
0.0103842637
0.0093560535
0.0089739062
0.0107591094
0.0145423119
0.0191447314
0.0228844718
0.0248893732
0.0245273074
0.0230271172
0.0220475001
0.0219700913
0.0222114077
0.0219720014
0.0200297493
0.0154021086
0.0087876337
0.0024127267
-0.0003465733
0.0002273242
0.0029001563
0.0053277040
0.0058726407
0.0044359385
0.0025228571
0.0009581959
-0.0000430523
-0.0006279033
-0.0009894303
-0.0010291288
-0.0008937476
-0.0003652421
0.0003285761
0.0008856977
0.0015178017
0.0024986152
0.0041808428
0.0056259649
0.0050893794
0.0017351975
-0.0040101728
-0.0105168293
-0.0164642221
-0.0208247521
-0.0235705067
-0.0253089747
-0.0263326008
-0.0268005003
-0.0263864987
-0.0254108581
-0.0242911828
-0.0238349607
-0.0247027274
-0.0268559089
-0.0298319885
-0.0319389991
-0.0317061736
-0.0284661957
-0.0212596165
-0.0110003564
-0.0003748716
0.0077006037
0.0146066717
0.0206692052
0.0261380457
0.0321195588
0.0398235563
0.0485407615
0.0563968157
0.0642074977
0.0720303258
0.0791015004
0.0847170755
0.0882363797
0.0906445084
0.0926828703
0.0935099184
0.0927598797
0.0900373755
0.0847945972
0.0777895100
0.0694618752
0.0612433385
0.0537269071
0.0478320839
0.0447853848
0.0437926319
0.0440604285
0.0449957238
0.0472398320
0.0514507016
0.0575027560
0.0647465028
0.0729594136
0.0818431050
0.0904890136
0.0987834571
0.1077746318
0.1187097082
0.1321281862
0.1469363933
0.1599495084
0.1673117646
0.1701290764
0.1677621004
0.1578930879
0.1415144791
0.1232564759
0.1083103117
0.0870677814
0.0649701253
0.0424256757
0.0168560585
-0.0153427757
-0.0327815619
-0.0450293059
-0.0577566700
-0.0687601345
-0.0767499350
-0.0803436788
-0.0813556623
-0.0792561096
-0.0759870470
-0.0731047938
-0.0722381558
-0.0733907184
-0.0742543872
-0.0726541108
-0.0673404351
-0.0575576957
-0.0447260086
-0.0310895514
-0.0216563583
-0.0164223661
-0.0140221728
-0.0143039474
-0.0166271139
-0.0196250374
-0.0222342848
-0.0238402220
-0.0247688583
-0.0250433400
-0.0243450287
-0.0231438815
-0.0232601336
-0.0262015286
-0.0315776278
-0.0377320171
-0.0417046089
-0.0427572416
-0.0406416619
-0.0367371631
-0.0321693762
-0.0280078204
-0.0253626208
-0.0245177919
-0.0242615946
-0.0231887067
-0.0204774283
-0.0164551841
-0.0124594460
-0.0090716743
-0.0068082634
-0.0053088493
-0.0039852832
-0.0023370586
0.0001074068
0.0030353812
0.0055777641
0.0071275616
0.0066873091
0.0034723067
-0.0030042996
-0.0113167722
-0.0178659931
-0.0207744833
-0.0200464014
-0.0167037326
-0.0126050173
-0.0088829621
-0.0064373732
-0.0061742728
-0.0086153809
-0.0117546927
-0.0145929541
-0.0154167291
-0.0134519559
-0.0080645674
0.0002343422
0.0090702070
0.0150302929
0.0185351589
0.0206868558
0.0219818381
0.0233795372
0.0256925892
0.0289386446
0.0323795155
0.0341642499
0.0341966512
0.0325012893
0.0308302805
0.0308311227
0.0322873386
0.0339755725
0.0346509199
0.0329901298
0.0290110959
0.0240950389
0.0192272191
0.0139719213
0.0086614303
0.0025407950
-0.0051501031
-0.0129850982
-0.0194262195
-0.0250570141
-0.0300310235
-0.0350190631
-0.0394891340
-0.0435948210
-0.0466513915
-0.0482750747
-0.0479285063
-0.0454251533
-0.0415327485
-0.0368577822
-0.0318158969
-0.0274170792
-0.0237189343
-0.0212878157
-0.0201746346
-0.0201571230
-0.0210010055
-0.0213569592
-0.0205328456
-0.0185142960
-0.0151860134
-0.0111427500
-0.0061437347
-0.0020427906
-0.0002627057
-0.0002193002
-0.0011433649
-0.0025927238
-0.0045501555
-0.0074097460
-0.0112056425
-0.0162862149
-0.0227472960
-0.0299393676
-0.0361922455
-0.0417207661
-0.0468373688
-0.0505933446
-0.0524042465
-0.0534042663
-0.0535292525
-0.0529885631
-0.0515272508
-0.0501279108
-0.0492543879
-0.0484921944
-0.0470231030
-0.0437155530
-0.0386605578
-0.0313526770
-0.0220773141
-0.0119586331
-0.0010347886
0.0112486618
0.0242075317
0.0352591901
0.0448294634
0.0519215703
0.0575441865
0.0607829750
0.0615336388
0.0603815103
0.0575721165
0.0545138704
0.0513109126
0.0471097929
0.0412962159
0.0343860578
0.0269003955
0.0193483332
0.0117002912
0.0032070410
-0.0048776487
-0.0113369058
-0.0152668429
-0.0167182403
-0.0166610866
-0.0153944597
-0.0125122326
-0.0080673395
-0.0023531038
0.0032566170
0.0085109112
0.0135414326
0.0173375366
0.0191783915
0.0195820962
0.0194287806
0.0197087407
0.0205709596
0.0214668127
0.0220839732
0.0218989249
0.0210649485
0.0198898821
0.0183113020
0.0160809548
0.0129128465
0.0089604143
0.0045968821
0.0003149012
-0.0041623962
-0.0092677748
-0.0141399269
-0.0186411141
-0.0229862336
-0.0270231591
-0.0302049936
-0.0325905143
-0.0350694969
-0.0383562882
-0.0414497225
-0.0434931460
-0.0437139555
-0.0424179835
-0.0390255408
-0.0339866421
-0.0271278641
-0.0192432722
-0.0113748722
-0.0032091759
0.0050540966
0.0136672176
0.0212353243
0.0270765621
0.0308482783
0.0336838744
0.0365603019
0.0381596928
0.0368601350
0.0321266954
0.0256270748
0.0193097937
0.0131174988
0.0073692349
0.0028157880
-0.0018971612
-0.0062643226
-0.0109552447
-0.0161244343
-0.0194783376
-0.0217732007
-0.0241100241
-0.0273646919
-0.0303021800
-0.0309925907
-0.0302972486
-0.0282581487
-0.0250881131
-0.0218296946
-0.0184344563
-0.0146340373
-0.0100064401
-0.0053777054
-0.0011653131
0.0032265451
0.0068275704
0.0091181751
0.0101046162
0.0112426973
0.0115701132
0.0115105286
0.0116041032
0.0118024871
0.0114469763
0.0094647001
0.0055585161
0.0004836713
-0.0056125312
-0.0122392703
-0.0186310517
-0.0245788959
-0.0295031661
-0.0338116214
-0.0376896488
-0.0400987152
-0.0420543983
-0.0430214178
-0.0430481410
-0.0421160145
-0.0402817319
-0.0379845159
-0.0347231021
-0.0306961348
-0.0268325109
-0.0234716620
-0.0201329697
-0.0167508846
-0.0140226590
-0.0124540979
-0.0104061424
-0.0086792310
-0.0083398183
-0.0083479229
-0.0078281346
-0.0076732745
-0.0079910229
-0.0087143315
-0.0102611268
-0.0123671736
-0.0144818157
-0.0157465238
-0.0162278110
-0.0159751298
-0.0146950805
-0.0125819231
-0.0103745919
-0.0087426348
-0.0075640956
-0.0070926252
-0.0069225516
-0.0074073116
-0.0085218635
-0.0094998970
-0.0101375471
-0.0101063179
-0.0092495686
-0.0071591572
-0.0041791273
-0.0004418894
0.0042970020
0.0099887982
0.0160240442
0.0209738829
0.0248799967
0.0286280370
0.0318695430
0.0342467984
0.0363392145
0.0384649435
0.0398587271
0.0407280479
0.0414142218
0.0417826167
0.0411923183
0.0404374958
0.0398951481
0.0392074549
0.0380474691
0.0370539522
0.0364562914
0.0360236496
0.0354531722
0.0336025240
0.0299948717
0.0261081362
0.0224824600
0.0189108468
0.0159924938
0.0135865791
0.0114579156
0.0094095173
0.0077718995
0.0063552023
0.0054000026
0.0042935136
0.0025344814
-0.0000605884
-0.0027067081
-0.0050648640
-0.0057962477
-0.0061829739
-0.0062691662
-0.0050619234
-0.0027142849
0.0009707206
0.0058746697
0.0111631614
0.0156105115
0.0194075705
0.0214678111
0.0225609107
0.0234526484
0.0246205609
0.0265884509
0.0291059382
0.0318058952
0.0337872250
0.0349371917
0.0352371725
0.0355842097
0.0361817403
0.0361833638
0.0353994826
0.0339999863
0.0317379151
0.0283149291
0.0232048639
0.0170772240
0.0106883076
0.0057874658
0.0014457315
-0.0019167747
-0.0049632932
-0.0077821338
-0.0098855691
-0.0111566846
-0.0113208527
-0.0102330752
-0.0092947151
-0.0087062572
-0.0083437973
-0.0080752662
-0.0078865879
-0.0076977768
-0.0068223248
-0.0061348677
-0.0055588608
-0.0050576067
-0.0047287366
-0.0042544446
-0.0039604040
-0.0041209092
-0.0045345722
-0.0048026917
-0.0051356884
-0.0053295481
-0.0051770078
-0.0048624612
-0.0038936967
-0.0024522098
-0.0010721542
-0.0003373303
-0.0003018736
-0.0008912412
-0.0019073443
-0.0036319133
-0.0054144946
-0.0073531601
-0.0088676818
-0.0108486470
-0.0119740002
-0.0128285703
-0.0137091343
-0.0145439876
-0.0150642916
-0.0150106542
-0.0140641156
-0.0125647848
-0.0109599069
-0.0099892497
-0.0093300248
-0.0090417995
-0.0095835915
-0.0108720103
-0.0127481662
-0.0148457568
-0.0166356917
-0.0179628756
-0.0189434564
-0.0195526816
-0.0195984705
-0.0192972048
-0.0186160926
-0.0174391856
-0.0161726629
-0.0141005453
-0.0112710354
-0.0075537145
-0.0034731037
0.0005250029
0.0038565255
0.0061988507
0.0078345627
0.0085677210
0.0086757912
0.0082113888
0.0078337041
0.0079897580
0.0091356346
0.0116828143
0.0139637342
0.0153298135
0.0161586154
0.0163627381
0.0163477963
0.0163112711
0.0162114280
0.0160419379
0.0155217640
0.0142431473
0.0124908141
0.0109352760
0.0101124561
0.0089808257
0.0079313654
0.0068370755
0.0065615138
0.0069042196
0.0078119218
0.0086499318
0.0090475296
0.0090144772
0.0083984340
0.0075729209
0.0068901217
0.0065019022
0.0057533707
0.0049755913
0.0042211412
0.0033362084
0.0015799936
-0.0010017909
-0.0042183074
-0.0070705651
-0.0091201806
-0.0109688841
-0.0125896327
-0.0140188563
-0.0153911866
-0.0168216256
-0.0182063278
-0.0190084152
-0.0190287571
-0.0181515009
-0.0166509547
-0.0150497145
-0.0142103553
-0.0140131782
-0.0138747176
-0.0135233393
-0.0129780484
-0.0123109490
-0.0119214654
-0.0120373007
-0.0121545426
-0.0122801278
-0.0131539980
-0.0142224060
-0.0150556096
-0.0160790014
-0.0166347454
-0.0166585254
-0.0165603232
-0.0165469616
-0.0168775551
-0.0176359893
-0.0182398838
-0.0184638970
-0.0185512032
-0.0184627336
-0.0177539518
-0.0166383397
-0.0155097742
-0.0144274229
-0.0133376485
-0.0119258845
-0.0102858184
-0.0092459916
-0.0085655904
-0.0075604900
-0.0067077188
-0.0060876463
-0.0057240394
-0.0052555643
-0.0050007622
-0.0048457553
-0.0048132698
-0.0048715869
-0.0048965520
-0.0046273351
-0.0041158259
-0.0036402394
-0.0039374028
-0.0044035737
-0.0051801941
-0.0053145456
-0.0050975466
-0.0035525163
-0.0009467409
0.0015966838
0.0033184598
0.0039760646
0.0042652953
0.0038645955
0.0030426524
0.0018517717
0.0004778627
-0.0011963417
-0.0031452294
-0.0050920995
-0.0074752995
-0.0095195878
-0.0111036636
-0.0123555484
-0.0130134103
-0.0130579576
-0.0126141073
-0.0115551107
-0.0097032383
-0.0068438075
-0.0030076569
0.0014232790
0.0051981589
0.0075911644
0.0098489311
0.0127269647
0.0157031312
0.0188668897
0.0215164651
0.0227646253
0.0224341794
0.0213454642
0.0197643490
0.0179084047
0.0163025631
0.0152078139
0.0140960393
0.0133439083
0.0127548687
0.0120274553
0.0113661207
0.0107253798
0.0102588000
0.0098022740
0.0092457312
0.0090511240
0.0084593053
0.0069538294
0.0057434897
0.0041175328
0.0018416337
-0.0010654613
-0.0038328106
-0.0053043147
-0.0062485994
-0.0073193810
-0.0088691838
-0.0098807072
-0.0102954641
-0.0098447463
-0.0090975380
-0.0082628905
-0.0078072917
-0.0073650432
-0.0067581882
-0.0060161135
-0.0053231373
-0.0047767551
-0.0040277677
-0.0030896733
-0.0015984428
0.0000114947
0.0019975365
0.0035212463
0.0047286871
0.0053466126
0.0052531056
0.0049971313
0.0052678546
0.0055140581
0.0055858878
0.0053083683
0.0050715370
0.0047251327
0.0047485342
0.0054123284
0.0062939898
0.0066006913
0.0068062344
0.0078365726
0.0090434491
0.0103577575
0.0122212725
0.0150381588
0.0179161751
0.0202893500
0.0221555737
0.0230517567
0.0234876369
0.0243422938
0.0252888324
0.0258131389
0.0250478459
0.0227849065
0.0191216720
0.0162420495
0.0139165735
0.0108772021
0.0078351757
0.0050102611
0.0022290536
-0.0001657851
-0.0027513640
-0.0051589041
-0.0070559828
-0.0095598896
-0.0112680401
-0.0122401559
-0.0132951414
-0.0144530435
-0.0148303549
-0.0144275792
-0.0136570075
-0.0135026327
-0.0135067480
-0.0135913455
-0.0136128161
-0.0133512967
-0.0125714960
-0.0117630795
-0.0105433876
-0.0094505658
-0.0080501136
-0.0063204144
-0.0046879207
-0.0038093110
-0.0026024320
-0.0014024994
0.0001163972
0.0017006631
0.0026536585
0.0021939861
0.0019997200
0.0022473735
0.0026957376
0.0032253461
0.0037624621
0.0040983768
0.0031374660
0.0024879328
0.0024135966
0.0027272585
0.0035820794
0.0043626111
0.0051403715
0.0050857295
0.0049522193
0.0050639012
0.0050510353
0.0051475619
0.0054907747
0.0057298946
0.0061225454
0.0064789843
0.0063162774
0.0061460502
0.0061222233
0.0069260947
0.0085006872
0.0103582524
0.0119649970
0.0135511652
0.0147452626
0.0152252821
0.0152407100
0.0152484110
0.0153409959
0.0159178546
0.0167996949
0.0175890457
0.0183264781
0.0187627056
0.0179591945
0.0152970129
0.0126913425
0.0113112244
0.0103588515
0.0093468679
0.0080880748
0.0061476728
0.0035720153
0.0005257039
-0.0014951208
-0.0026325612
-0.0036541453
-0.0047981380
-0.0066557813
-0.0093948968
-0.0123474221
-0.0150254310
-0.0164366133
-0.0176516604
-0.0191394788
-0.0205482214
-0.0223807503
-0.0247767068
-0.0268863133
-0.0276139958
-0.0276430198
-0.0282028617
-0.0287325510
-0.0288599856
-0.0288390532
-0.0287062098
-0.0285662298
-0.0285316494
-0.0285087896
-0.0284901494
-0.0282122383
-0.0271156659
-0.0250253074
-0.0222694817
-0.0191622951
-0.0166052960
-0.0150355715
-0.0126780069
-0.0103275528
-0.0082628749
-0.0058718254
-0.0033563811
-0.0010287303
0.0010870760
0.0031955469
0.0049631699
0.0061633395
0.0071789791
0.0079376442
0.0086691859
0.0093735477
0.0101029493
0.0107520683
0.0115646869
0.0122331582
0.0132670291
0.0140692727
0.0147930049
0.0152061643
0.0157264858
0.0162009662
0.0168433480
0.0175882470
0.0182440251
0.0183562314
0.0185467494
0.0188737312
0.0187312507
0.0183569173
0.0174517918
0.0166283554
0.0154632299
0.0138093594
0.0112492088
0.0085006195
0.0067837055
0.0047063283
0.0020971938
0.0001846088
-0.0012653463
-0.0019921945
-0.0020654020
-0.0012379624
-0.0011933490
-0.0017479574
-0.0024155144
-0.0031554751
-0.0038138569
-0.0042466420
-0.0048455773
-0.0053447537
-0.0057214461
-0.0062693668
-0.0066642836
-0.0072896894
-0.0077873439
-0.0083761047
-0.0086725076
-0.0087558923
-0.0090612298
-0.0093701357
-0.0095475091
-0.0100151134
-0.0101398652
-0.0101717281
-0.0098534804
-0.0096324191
-0.0094991156
-0.0094542296
-0.0100746806
-0.0104412437
-0.0106537532
-0.0099792220
-0.0091847661
-0.0085917198
-0.0078450784
-0.0072433892
-0.0070011742
-0.0070484381
-0.0070562919
-0.0071045986
-0.0074662294
-0.0079351655
-0.0083847407
-0.0089446131
-0.0093631467
-0.0094327590
-0.0095095948
-0.0099301860
-0.0102739675
-0.0100239517
-0.0091293836
-0.0075961183
-0.0061071452
-0.0046916748
-0.0035372291
-0.0024388604
-0.0014714407
-0.0001807839
0.0007950112
0.0014066625
0.0021763755
0.0029064950
0.0033650414
0.0031821592
0.0020032119
0.0002141574
-0.0014525096
-0.0022562673
-0.0028375069
-0.0039415163
-0.0057777576
-0.0082189335
-0.0101725703
-0.0115723010
-0.0124918039
-0.0133354780
-0.0143813996
-0.0153547395
-0.0162044998
-0.0173142949
-0.0181925408
-0.0181045921
-0.0174397065
-0.0171226569
-0.0170388929
-0.0165042374
-0.0150089178
-0.0127258621
-0.0101186811
-0.0075656671
-0.0057743378
-0.0042949140
-0.0018981041
0.0004532362
0.0022958373
0.0044895143
0.0065314836
0.0079279916
0.0085085366
0.0088484772
0.0101612229
0.0118095717
0.0133692945
0.0146302520
0.0154034022
0.0159697383
0.0161283499
0.0158898030
0.0158956373
0.0156929906
0.0150737897
0.0142866268
0.0135115839
0.0133006371
0.0129171789
0.0123373770
0.0117377107
0.0110642126
0.0107303372
0.0105685914
0.0108492373
0.0118182623
0.0126825823
0.0126604432
0.0129454214
0.0139851267
0.0149463813
0.0154050171
0.0158382579
0.0163438200
0.0171596336
0.0179503909
0.0190116362
0.0198296290
0.0199857662
0.0198596166
0.0199367476
0.0198830841
0.0200368859
0.0199489719
0.0195625270
0.0194828522
0.0193669300
0.0191738769
0.0188196770
0.0182360897
0.0179188231
0.0180315764
0.0180073970
0.0179634313
0.0177929166
0.0173830651
0.0169865925
0.0164616522
0.0162587189
0.0160808767
0.0159423552
0.0156480786
0.0152458932
0.0148477189
0.0142869046
0.0137494015
0.0133003072
0.0128325206
0.0121755096
0.0109652116
0.0102589823
0.0098780592
0.0092371447
0.0082678662
0.0074280919
0.0064180514
0.0049945354
0.0032515710
0.0017176798
0.0000301484
-0.0018560649
-0.0035604378
-0.0051130179
-0.0067105787
-0.0083499667
-0.0098985140
-0.0111936526
-0.0120663941
-0.0129273021
-0.0136728956
-0.0139640468
-0.0144880146
-0.0152207067
-0.0158302531
-0.0161283065
-0.0160437003
-0.0160970252
-0.0161307201
-0.0163382635
-0.0163192673
-0.0160821963
-0.0155744725
-0.0152803087
-0.0155189945
-0.0154809412
-0.0151659406
-0.0145302787
-0.0132665082
-0.0123285647
-0.0119197811
-0.0119318056
-0.0117840292
-0.0106192944
-0.0093260224
-0.0079734688
-0.0062321192
-0.0047274959
-0.0035534175
-0.0024223498
-0.0011481583
-0.0001107629
0.0006980959
0.0016714082
0.0027981201
0.0040752479
0.0049027735
0.0052182942
0.0056230356
0.0063230997
0.0072225914
0.0079301829
0.0085224426
0.0085738219
0.0088416618
0.0098779724
0.0108764728
0.0118675935
0.0125533246
0.0129805315
0.0139452936
0.0150986550
0.0157801840
0.0159474342
0.0167597403
0.0175724370
0.0180061641
0.0187552044
0.0193783121
0.0198105633
0.0200001610
0.0196011619
0.0188762837
0.0181409436
0.0174077914
0.0164086746
0.0150521629
0.0138092379
0.0125007550
0.0111069888
0.0098676234
0.0088699391
0.0077168486
0.0065543720
0.0054124708
0.0044313934
0.0035110285
0.0026374231
0.0015285544
0.0008013792
0.0000347187
-0.0011830790
-0.0020572418
-0.0027503847
-0.0033452924
-0.0036891677
-0.0041127273
-0.0042785154
-0.0047091908
-0.0052169589
-0.0056925229
-0.0062342125
-0.0072065644
-0.0083716326
-0.0099559976
-0.0110136746
-0.0115378508
-0.0118686093
-0.0124501042
-0.0129922956
-0.0131234721
-0.0131098587
-0.0132048485
-0.0129499187
-0.0126338328
-0.0121789998
-0.0116019154
-0.0113732660
-0.0110122941
-0.0107946188
-0.0108482563
-0.0110525439
-0.0108138147
-0.0106315968
-0.0106266220
-0.0109275751
-0.0106525030
-0.0099356991
-0.0086932776
-0.0079026036
-0.0079051562
-0.0084455721
-0.0091085120
-0.0092243561
-0.0087652949
-0.0084918724
-0.0082524538
-0.0075090230
-0.0065437695
-0.0062919183
-0.0060884754
-0.0054832370
-0.0046631327
-0.0037927553
-0.0023422036
-0.0008770600
0.0003259593
0.0014269671
0.0021647902
0.0030693348
0.0041002660
0.0042856347
0.0035598934
0.0025431799
0.0019816936
0.0016524684
0.0014502036
0.0011387661
0.0002432681
-0.0011039521
-0.0020115580
-0.0025450231
-0.0035300838
-0.0043303600
-0.0051301753
-0.0061290942
-0.0072592052
-0.0080363943
-0.0083247637
-0.0084384068
-0.0087284397
-0.0090245831
-0.0093492294
-0.0097525000
-0.0099821478
-0.0099914376
-0.0098979150
-0.0101328067
-0.0103412530
-0.0103609699
-0.0106579727
-0.0107660290
-0.0106690944
-0.0105579039
-0.0105047005
-0.0105455754
-0.0103570456
-0.0102209985
-0.0099678572
-0.0096770013
-0.0094761604
-0.0091830905
-0.0087459427
-0.0081767441
-0.0074429634
-0.0066414438
-0.0062442836
-0.0060097548
-0.0056919898
-0.0051863835
-0.0049648325
-0.0049087502
-0.0049314910
-0.0053102523
-0.0059437194
-0.0063666374
-0.0067420622
-0.0069174596
-0.0069657550
-0.0073080580
-0.0074627983
-0.0074766105
-0.0073370602
-0.0070050663
-0.0061479411
-0.0052361930
-0.0047975259
-0.0039865430
-0.0032101952
-0.0021015600
-0.0011846409
0.0000327468
0.0012333800
0.0022141379
0.0031202843
0.0037260966
0.0043966611
0.0055937225
0.0067437144
0.0076364272
0.0079500074
0.0078094110
0.0076397663
0.0076277052
0.0079690557
0.0082415032
0.0078833886
0.0075472169
0.0071852102
0.0068236184
0.0066223026
0.0062913496
0.0059325526
0.0055395207
0.0052254777
0.0048243168
0.0045371464
0.0042528019
0.0039601861
0.0038336979
0.0034237431
0.0029666058
0.0022674454
0.0014602938
0.0012085199
0.0016043440
0.0021773183
0.0025610379
0.0030580977
0.0034697716
0.0031602346
0.0028643378
0.0029519072
0.0029888491
0.0033672258
0.0034561756
0.0034525717
0.0037471678
0.0041518692
0.0044632373
0.0045368972
0.0049077518
0.0051114282
0.0050044546
0.0053217985
0.0056941221
0.0058042143
0.0063013991
0.0070012775
0.0070342222
0.0072367335
0.0074186833
0.0071589818
0.0071131260
0.0067226744
0.0063676905
0.0062063267
0.0068818894
0.0078770863
0.0088919306
0.0096369512
0.0101256614
0.0112143766
0.0126303079
0.0138852054
0.0143374860
0.0145829437
0.0150183291
0.0158309911
0.0165293805
0.0167569620
0.0166125889
0.0164648385
0.0160624535
0.0150887402
0.0142916971
0.0133859379
0.0119629306
0.0105231845
0.0090338468
0.0074671636
0.0061412933
0.0052999763
0.0043529402
0.0028526952
0.0012889605
-0.0002872326
-0.0015415913
-0.0028931256
-0.0043220705
-0.0056970801
-0.0071264851
-0.0084359516
-0.0090719087
-0.0096538463
-0.0103242363
-0.0106543436
-0.0105190519
-0.0103979900
-0.0099959175
-0.0102234642
-0.0107945581
-0.0110414657
-0.0110849278
-0.0111375929
-0.0110483679
-0.0108216720
-0.0104538326
-0.0101430601
-0.0098849440
-0.0096119296
-0.0095340346
-0.0095522408
-0.0094665494
-0.0093201620
-0.0092138942
-0.0090862253
-0.0088960199
-0.0086500499
-0.0085028265
-0.0088949954
-0.0097664780
-0.0107734695
-0.0116818680
-0.0124164614
-0.0125414215
-0.0122574765
-0.0116956377
-0.0110047929
-0.0107482829
-0.0109269240
-0.0106981096
-0.0098507630
-0.0085757718
-0.0078386971
-0.0073635464
-0.0068669295
-0.0064020400
-0.0058446412
-0.0051600735
-0.0045611790
-0.0040448383
-0.0035456055
-0.0030398620
-0.0023079487
-0.0016685535
-0.0009862866
-0.0013718025
-0.0023284626
-0.0034418060
-0.0042189343
-0.0042487014
-0.0046009470
-0.0049494984
-0.0053119644
-0.0058332999
-0.0063658899
-0.0065525974
-0.0065043749
-0.0067287188
-0.0068521839
-0.0070723935
-0.0074301383
-0.0076652471
-0.0076188739
-0.0071651365
-0.0065822099
-0.0059306391
-0.0050689446
-0.0043237435
-0.0037341127
-0.0030956057
-0.0030221828
-0.0032528377
-0.0032982707
-0.0033041119
-0.0031075209
-0.0028964769
-0.0028738246
-0.0027257304
-0.0025078198
-0.0023520576
-0.0025829001
-0.0032658720
-0.0037200244
-0.0039206873
-0.0041307494
-0.0046163958
-0.0058914798
-0.0065722282
-0.0068146620
-0.0062861387
-0.0057416769
-0.0056450748
-0.0056163252
-0.0056392318
-0.0053045751
-0.0041099933
-0.0022365175
-0.0004269046
0.0003677457
0.0004353928
0.0005624964
0.0011169091
0.0021393563
0.0033365991
0.0040985947
0.0046172831
0.0044597888
0.0039076704
0.0038536804
0.0041475690
0.0043181141
0.0039445811
0.0031930838
0.0021458044
0.0010985189
0.0003846358
-0.0003340489
-0.0010758250
-0.0019986061
-0.0031962171
-0.0043330671
-0.0057318246
-0.0066776313
-0.0069452290
-0.0069044496
-0.0069308290
-0.0070084436
-0.0066497664
-0.0058969685
-0.0053372751
-0.0043864805
-0.0035048165
-0.0024744080
-0.0011993691
0.0004297356
0.0024823694
0.0048053466
0.0072884219
0.0091412085
0.0103462799
0.0121514171
0.0143670656
0.0162964857
0.0177988464
0.0191591262
0.0201342806
0.0209982273
0.0216993689
0.0223103045
0.0224523335
0.0222980281
0.0217390978
0.0209071617
0.0206672865
0.0213167355
0.0214304437
0.0206097508
0.0195190562
0.0186141391
0.0183191505
0.0180387303
0.0175030417
0.0169428438
0.0164623641
0.0157224052
0.0147060980
0.0140172501
0.0133994818
0.0128002496
0.0123892780
0.0119630435
0.0111478984
0.0100455612
0.0090814936
0.0083244754
0.0081530205
0.0080057112
0.0072826136
0.0068483361
0.0065104601
0.0063523911
0.0060440808
0.0061700941
0.0066616251
0.0067545287
0.0068337442
0.0072010817
0.0078186877
0.0086041203
0.0089936230
0.0093177050
0.0094934462
0.0092830378
0.0091300347
0.0090148071
0.0089549099
0.0090637823
0.0089825708
0.0078409970
0.0064698509
0.0050382068
0.0038951205
0.0036116434
0.0033201450
0.0029968140
0.0027158954
0.0022918132
0.0020630041
0.0018611734
0.0018106441
0.0016643844
0.0014137097
0.0010875995
0.0007366752
0.0004953878
0.0006066601
0.0009394272
0.0009481587
0.0005811420
0.0002859990
0.0001688618
0.0001855611
-0.0003124732
-0.0001962792
0.0002846488
0.0009855382
0.0015743563
0.0012573936
0.0009301270
0.0008088814
0.0008103656
0.0006245731
0.0002285933
-0.0000299407
-0.0006025052
-0.0013811912
-0.0020990934
-0.0029253819
-0.0035622063
-0.0039665483
-0.0049225954
-0.0059930897
-0.0072277789
-0.0083265635
-0.0090220566
-0.0095894258
-0.0102634449
-0.0107326032
-0.0112585680
-0.0116608923
-0.0121324903
-0.0127797079
-0.0130913834
-0.0136189196
-0.0141672318
-0.0146596579
-0.0147378221
-0.0151926030
-0.0155305415
-0.0154032372
-0.0153240139
-0.0154351870
-0.0152761587
-0.0153406834
-0.0155326860
-0.0154815837
-0.0147621317
-0.0141911681
-0.0138198820
-0.0133195379
-0.0124963185
-0.0114120746
-0.0101523499
-0.0088728823
-0.0078835605
-0.0065824192
-0.0054520807
-0.0041595632
-0.0026156964
-0.0018878185
-0.0014821195
-0.0004789729
0.0001801215
0.0006304426
0.0009727357
0.0012827572
0.0011202456
0.0004590445
0.0000543310
0.0003779668
0.0011795411
0.0018888699
0.0023653949
0.0026838250
0.0028367464
0.0035663372
0.0044979688
0.0049306836
0.0047817993
0.0042480555
0.0033691150
0.0025160808
0.0023019173
0.0024504578
0.0024288162
0.0022747956
0.0024458268
0.0027193865
0.0029553739
0.0035684444
0.0045562546
0.0049978285
0.0050504337
0.0050512567
0.0052734528
0.0057144337
0.0062452907
0.0064525485
0.0061948092
0.0060122908
0.0055233366
0.0046729825
0.0042140784
0.0040798225
0.0040163327
0.0039337199
0.0035177466
0.0030212538
0.0023374771
0.0016037614
0.0011750942
-0.0000114795
-0.0018066391
-0.0031505385
-0.0037526002
-0.0036818409
-0.0031505116
-0.0025099513
-0.0027884727
-0.0043285307
-0.0046032225
-0.0039108740
-0.0034664160
-0.0032709545
-0.0030105263
-0.0028501106
-0.0027707883
-0.0025679983
-0.0021250335
-0.0013731517
-0.0004947025
-0.0000829291
-0.0000069732
0.0003032253
0.0010090074
0.0017091124
0.0022703947
0.0022821762
0.0020979735
0.0020618962
0.0025961662
0.0033220203
0.0037078948
0.0037476749
0.0032388970
0.0028213436
0.0023337725
0.0017536771
0.0011241317
0.0003787274
-0.0005948063
-0.0010419921
-0.0012163164
-0.0015092690
-0.0019397803
-0.0023597951
-0.0024896562
-0.0025769060
-0.0026490561
-0.0027749765
-0.0027676446
-0.0026452456
-0.0024693603
-0.0023307746
-0.0022910405
-0.0022998553
-0.0026303664
-0.0026977509
-0.0028152940
-0.0032054539
-0.0037480612
-0.0041343793
-0.0045851509
-0.0050862270
-0.0049448509
-0.0047866673
-0.0051470245
-0.0065778273
-0.0083596758
-0.0091753635
-0.0100668755
-0.0109057312
-0.0114751320
-0.0115351941
-0.0115542338
-0.0115381373
-0.0115600160
-0.0112254288
-0.0109335917
-0.0108940278
-0.0110089776
-0.0110666001
-0.0109936626
-0.0109360140
-0.0106051427
-0.0100486780
-0.0099663465
-0.0102182984
-0.0103939615
-0.0106243560
-0.0110849973
-0.0114351774
-0.0110393039
-0.0102145825
-0.0092107340
-0.0084760642
-0.0081567911
-0.0076956714
-0.0072589126
-0.0070287178
-0.0069085692
-0.0069308725
-0.0070813699
-0.0074591449
-0.0077205740
-0.0075345030
-0.0073415158
-0.0073618074
-0.0072898718
-0.0072877612
-0.0074099474
-0.0073156573
-0.0069915232
-0.0064840381
-0.0059556311
-0.0056187484
-0.0051605563
-0.0045361219
-0.0039590731
-0.0034474033
-0.0028752754
-0.0024161074
-0.0021076296
-0.0015302891
-0.0009070138
-0.0004816150
-0.0001565021
0.0001564935
0.0007893736
0.0015905934
0.0024265501
0.0031929301
0.0040257266
0.0048255037
0.0056271335
0.0066509246
0.0075271363
0.0081112427
0.0084879585
0.0086143703
0.0087584535
0.0092150663
0.0097071712
0.0096861868
0.0094428301
0.0091730888
0.0085153433
0.0078843254
0.0072403270
0.0066963462
0.0061474375
0.0052581446
0.0041290138
0.0033886122
0.0027891325
0.0023688842
0.0023529085
0.0021712583
0.0019581332
0.0017644437
0.0018848163
0.0024501626
0.0030914696
0.0034951934
0.0040112554
0.0049927929
0.0057420485
0.0061758129
0.0061561986
0.0058268431
0.0053373272
0.0048747480
0.0044702255
0.0042267394
0.0039237243
0.0037675263
0.0042236312
0.0044808852
0.0043957113
0.0039385141
0.0038256297
0.0038625856
0.0039615058
0.0039853266
0.0039403590
0.0040163170
0.0043584298
0.0050848500
0.0056440990
0.0057835268
0.0056239428
0.0051274240
0.0044602550
0.0042419815
0.0047524289
0.0052999607
0.0057086645
0.0057445924
0.0057538482
0.0058201606
0.0057410857
0.0059712475
0.0059956760
0.0059402388
0.0058609321
0.0060223367
0.0061180793
0.0065657992
0.0074933963
0.0080527451
0.0082830727
0.0084052615
0.0087074467
0.0088965668
0.0090055955
0.0090861124
0.0091738528
0.0093517819
0.0096424208
0.0099220249
0.0097497478
0.0096310561
0.0096281910
0.0097172076
0.0099704879
0.0099477150
0.0094355546
0.0090395161
0.0084915789
0.0085174600
0.0085831967
0.0083766317
0.0080798147
0.0077795657
0.0072205746
0.0068983670
0.0061581277
0.0058182861
0.0052624500
0.0043573741
0.0038812858
0.0033826459
0.0028473115
0.0024192989
0.0019954337
0.0014282034
0.0007857685
0.0003510050
-0.0000004946
-0.0003469651
-0.0007847710
-0.0013470344
-0.0018954144
-0.0025934947
-0.0030301859
-0.0032110608
-0.0034051306
-0.0032864744
-0.0031643654
-0.0032234891
-0.0031914281
-0.0028609900
-0.0022215263
-0.0018062484
-0.0015595709
-0.0011431592
-0.0003889875
-0.0001534225
-0.0005743567
-0.0013155543
-0.0018684993
-0.0022172469
-0.0026414212
-0.0027647517
-0.0029862497
-0.0031146201
-0.0037248785
-0.0041849494
-0.0042813414
-0.0042078604
-0.0044895603
-0.0053214208
-0.0058370592
-0.0059310689
-0.0061647877
-0.0061279447
-0.0059643340
-0.0057881222
-0.0055657491
-0.0054955489
-0.0058080318
-0.0062907428
-0.0069112780
-0.0075854698
-0.0077956682
-0.0078608371
-0.0078840762
-0.0078444776
-0.0076364150
-0.0072816760
-0.0080279284
-0.0088308006
-0.0089857224
-0.0088828145
-0.0088120996
-0.0084212720
-0.0077724360
-0.0074513797
-0.0071030046
-0.0065809736
-0.0057911765
-0.0047389996
-0.0039258514
-0.0037826790
-0.0037217547
-0.0029977429
-0.0020881211
-0.0016880307
-0.0017956460
-0.0018998396
-0.0019689310
-0.0016777191
-0.0014238693
-0.0015356198
-0.0018602158
-0.0024565413
-0.0029871327
-0.0027807700
-0.0029536357
-0.0029393399
-0.0027179079
-0.0027589139
-0.0027481821
-0.0031954939
-0.0034551737
-0.0034034766
-0.0036855664
-0.0038639374
-0.0040273388
-0.0043280628
-0.0042629512
-0.0035814535
-0.0030610869
-0.0028594108
-0.0027973787
-0.0027725846
-0.0027776323
-0.0025014932
-0.0025705812
-0.0026836348
-0.0026649051
-0.0027223922
-0.0026842269
-0.0022352629
-0.0014296872
-0.0004736431
0.0000042465
-0.0017969187
-0.0022909971
-0.0022342628
-0.0022687373
-0.0024180913
-0.0021521761
-0.0021117362
-0.0019447612
-0.0017426050
-0.0018367249
-0.0021655525
-0.0024953802
-0.0024580754
-0.0024388717
-0.0020540668
-0.0019386213
-0.0016929777
-0.0015867143
-0.0013449542
-0.0007203901
-0.0000696821
0.0005137051
0.0007058464
0.0009366533
0.0013761808
0.0016227247
0.0018408297
0.0019295078
0.0021367065
0.0027654211
0.0031279323
0.0028682673
0.0028092036
0.0025522630
0.0024618564
0.0029500171
0.0038320397
0.0047956228
0.0055123920
0.0057539359
0.0053613181
0.0049153798
0.0046355491
0.0046482943
0.0050141976
0.0054594726
0.0060676256
0.0062402230
0.0064318523
0.0066401363
0.0068102776
0.0071924457
0.0078319963
0.0081554376
0.0086130472
0.0093147531
0.0101939367
0.0111708537
0.0117692003
0.0121760392
0.0125769657
0.0132238014
0.0135864228
0.0135212904
0.0132472949
0.0130225871
0.0132306688
0.0133153010
0.0135357372
0.0132621672
0.0127741081
0.0122028579
0.0116553010
0.0113855945
0.0107530841
0.0097149590
0.0090997866
0.0087294642
0.0084454775
0.0077610166
0.0063501980
0.0056671020
0.0054628065
0.0052473564
0.0045946256
0.0036276218
0.0024391460
0.0016914975
0.0012621904
0.0006461672
0.0002233839
-0.0001304265
-0.0007996034
-0.0018091378
-0.0024639531
-0.0029332721
-0.0030943937
-0.0027686117
-0.0026991357
-0.0027208824
-0.0027600087
-0.0027749999
-0.0023754435
-0.0016607388
-0.0007858023
-0.0003000593
0.0003685339
0.0011033591
0.0022061244
0.0030990316
0.0034230094
0.0031957466
0.0025135847
0.0019521843
0.0019206252
0.0019638738
0.0018638110
0.0017122804
0.0016599965
0.0015237810
0.0009567408
0.0007553881
0.0007494379
0.0008640692
0.0008083472
0.0006542987
0.0004850667
0.0000324866
-0.0004679943
-0.0009755495
-0.0011633188
-0.0013729494
-0.0018862827
-0.0026780775
-0.0039604058
-0.0050367690
-0.0057806670
-0.0056306236
-0.0050570138
-0.0042036366
-0.0036357681
-0.0036553087
-0.0041792610
-0.0043088677
-0.0042039352
-0.0041160464
-0.0042103860
-0.0039978061
-0.0035183466
-0.0031323610
-0.0030011038
-0.0030561190
-0.0033907028
-0.0035813371
-0.0035812616
-0.0031253989
-0.0033300312
-0.0038492483
-0.0040552272
-0.0043591904
-0.0049031746
-0.0051386672
-0.0055697280
-0.0062642227
-0.0066225552
-0.0068775267
-0.0071332822
-0.0072820519
-0.0074615255
-0.0082332597
-0.0090668731
-0.0096041071
-0.0097930276
-0.0097423247
-0.0097881483
-0.0097958579
-0.0094523717
-0.0090368334
-0.0083315938
-0.0077865104
-0.0074401000
-0.0074532081
-0.0075524791
-0.0071101672
-0.0060937654
-0.0050020818
-0.0041705182
-0.0035132025
-0.0030535335
-0.0024353146
-0.0020139655
-0.0016374459
-0.0016857682
-0.0021892561
-0.0023527383
-0.0021224081
-0.0016140869
-0.0012017158
-0.0015011123
-0.0016383922
-0.0012646213
-0.0009278749
-0.0006291179
-0.0005837288
-0.0002235027
0.0003538991
0.0007363681
0.0014086645
0.0024980934
0.0036871969
0.0045260551
0.0042419520
0.0037049290
0.0029958173
0.0021073769
0.0015804980
0.0015454305
0.0015270229
0.0011059437
0.0005615087
-0.0000318685
-0.0009268226
-0.0018802426
-0.0025102239
-0.0029778238
-0.0033257501
-0.0039980310
-0.0046299084
-0.0047485958
-0.0048352996
-0.0048086536
-0.0048416661
-0.0051154211
-0.0056209362
-0.0059701752
-0.0063837115
-0.0061336852
-0.0053420727
-0.0047697287
-0.0042243241
-0.0034597482
-0.0026707143
-0.0024183509
-0.0023449471
-0.0022152570
-0.0019738407
-0.0017276033
-0.0017140212
-0.0017629460
-0.0020062593
-0.0023758542
-0.0025219307
-0.0030236353
-0.0038097816
-0.0037354654
-0.0033695908
-0.0033606552
-0.0032367248
-0.0033977891
-0.0033967090
-0.0035300282
-0.0031883634
-0.0027311593
-0.0022929679
-0.0019499478
-0.0013906112
-0.0005020027
0.0005181219
0.0013096098
0.0018967957
0.0019999397
0.0022833717
0.0026039809
0.0028049885
0.0032276998
0.0035966123
0.0040244451
0.0043256665
0.0046045040
0.0047115905
0.0045055256
0.0045660931
0.0048521922
0.0048910797
0.0045603864
0.0043224290
0.0040804858
0.0037985037
0.0035515457
0.0032000650
0.0028773209
0.0027070997
0.0021785772
0.0016034089
0.0012196998
0.0011463559
0.0010357662
0.0010347061
0.0010512619
0.0009529442
0.0010977080
0.0012781236
0.0014933011
0.0017731326
0.0019247509
0.0018165956
0.0018978497
0.0019301416
0.0023916667
0.0029893561
0.0035867252
0.0036784697
0.0032784279
0.0029314324
0.0028938158
0.0030409663
0.0031042582
0.0030046538
0.0029824479
0.0028763850
0.0029929461
0.0032487381
0.0029349746
0.0024828781
0.0019443531
0.0016486465
0.0011778204
0.0002498057
-0.0004724931
-0.0008276562
-0.0010211162
-0.0017684201
-0.0026525324
-0.0037650337
-0.0047520790
-0.0053940745
-0.0051806091
-0.0042486745
-0.0037258578
-0.0035560621
-0.0033483468
-0.0031881533
-0.0032394943
-0.0032306118
-0.0031007984
-0.0029303628
-0.0026487939
-0.0020051480
-0.0015744813
-0.0007660271
-0.0000697460
0.0004006262
0.0012561164
0.0020192806
0.0024888340
0.0031438811
0.0035939417
0.0038037216
0.0040245953
0.0041478521
0.0041507154
0.0038351313
0.0030574248
0.0025758199
0.0023592837
0.0021554553
0.0016181788
0.0009753386
0.0006369987
0.0005336832
0.0001816823
-0.0001864778
-0.0006181685
-0.0011046614
-0.0017706262
-0.0026284355
-0.0031247034
-0.0032789280
-0.0029630019
-0.0023029131
-0.0021637162
-0.0018222468
-0.0013084438
-0.0010798960
-0.0003815571
0.0002147503
0.0005326805
0.0010996293
0.0020073489
0.0029524689
0.0034636864
0.0041059371
0.0050505248
0.0056479173
0.0059584267
0.0061844750
0.0067027848
0.0073863280
0.0077436204
0.0079998161
0.0078759716
0.0074414892
0.0071988314
0.0073283565
0.0073831018
0.0070676124
0.0070051644
0.0069564635
0.0070457910
0.0067169191
0.0062362649
0.0062058701
0.0056340878
0.0045763882
0.0033996757
0.0025236636
0.0018952512
0.0013394090
0.0006158063
0.0001463677
-0.0005460781
-0.0012200757
-0.0017561446
-0.0023133376
-0.0027423921
-0.0035040586
-0.0042487596
-0.0047579663
-0.0052314032
-0.0052636916
-0.0052725021
-0.0051948259
-0.0053806261
-0.0060138232
-0.0069404235
-0.0078071658
-0.0085205022
-0.0089052054
-0.0086677977
-0.0078018376
-0.0072453617
-0.0072645325
-0.0070790587
-0.0067894165
-0.0064341192
-0.0062981937
-0.0063758924
-0.0062370836
-0.0057982263
-0.0052901396
-0.0045800277
-0.0043852347
-0.0041986062
-0.0041874160
-0.0046485253
-0.0050632309
-0.0052396207
-0.0049313026
-0.0047080187
-0.0046903560
-0.0045267011
-0.0040076316
-0.0042195194
-0.0050344345
-0.0058131533
-0.0058803078
-0.0056727392
-0.0056122751
-0.0055921936
-0.0055803756
-0.0054497158
-0.0048802915
-0.0044135215
-0.0041398447
-0.0036989106
-0.0030899398
-0.0022195633
-0.0011557689
-0.0003178213
0.0002592298
0.0007738969
0.0017045552
0.0025197359
0.0029655483
0.0034877295
0.0042310735
0.0048525342
0.0053301263
0.0056162410
0.0056715176
0.0057121051
0.0058623855
0.0060813249
0.0060721350
0.0061441115
0.0058958937
0.0053351697
0.0050968885
0.0049279783
0.0048875123
0.0048217270
0.0044878117
0.0040242646
0.0036494353
0.0040666380
0.0042269434
0.0044809182
0.0048934716
0.0056121223
0.0056300350
0.0057131635
0.0058520982
0.0055600285
0.0051846419
0.0051997659
0.0053502911
0.0051659478
0.0047961507
0.0044964191
0.0047686461
0.0053396444
0.0053912598
0.0046807095
0.0039614806
0.0034591396
0.0029359791
0.0024371578
0.0021520980
0.0018194138
0.0015569940
0.0015737712
0.0020004563
0.0019538869
0.0014921091
0.0005501968
-0.0008636144
-0.0015740542
-0.0008063961
0.0003245953
0.0007247061
0.0006736214
0.0006498115
0.0004821957
0.0004680963
0.0005316236
0.0007470294
0.0007216487
0.0006646760
0.0007933835
0.0007437388
0.0004154757
0.0004679890
0.0007074484
0.0007284883
0.0009337978
0.0012346545
0.0017000241
0.0019173738
0.0016949112
0.0015215445
0.0015636636
0.0013495922
0.0012030668
0.0012686515
0.0013781594
0.0012468076
0.0011084746
0.0011791140
0.0015135910
0.0017957788
0.0015744414
0.0014597304
0.0014011833
0.0011250850
0.0009146079
0.0008260725
0.0006844928
0.0007293121
0.0008635434
0.0009332074
0.0009557042
0.0007641554
0.0006652539
0.0007284440
0.0009760635
0.0013020729
0.0013125877
0.0012460939
0.0010418827
0.0008574220
0.0007489994
0.0006790842
0.0003798951
-0.0000431482
-0.0004219836
-0.0006175902
-0.0006410755
-0.0005349724
-0.0003504684
-0.0004849297
-0.0009001888
-0.0011144530
-0.0011156433
-0.0009949616
-0.0007198740
-0.0005961030
-0.0003070193
-0.0000286394
0.0002720632
0.0008305892
0.0012692263
0.0014063247
0.0013362496
0.0012365507
0.0011738935
0.0010645332
0.0009956909
0.0008981147
0.0008190453
0.0007397188
0.0006057923
0.0004008194
0.0003095982
0.0002378403
0.0001983113
0.0002391820
0.0002417596
0.0000454421
-0.0003153884
-0.0005108910
-0.0004399672
-0.0001721278
-0.0000465366
-0.0001057007
-0.0001946948
-0.0001466113
0.0001360984
0.0005527955
0.0008563943
0.0010532370
0.0013679485
0.0015032837
0.0016314240
0.0017939677
0.0018907409
0.0019024824
0.0018651715
0.0018295093
0.0017881855
0.0016432298
0.0013788471
0.0011053386
0.0009998453
0.0010791441
0.0010837326
0.0009985890
0.0009377298
0.0008817248
0.0008167998
0.0007064301
0.0006604545
0.0005537867
0.0002991910
0.0001273302
0.0000483003
-0.0001898464
-0.0003566756
-0.0003333167
-0.0002665563
-0.0002229771
-0.0001803956
-0.0002782813
-0.0003893191
-0.0005100893
-0.0006357620
-0.0007428773
-0.0008718360
-0.0009376126
-0.0009851049
-0.0010257324
-0.0011165002
-0.0011905230
-0.0012150340
-0.0012875193
-0.0013564562
-0.0015316435
-0.0016841099
-0.0016905963
-0.0017150596
-0.0017994322
-0.0018733786
-0.0019474847
-0.0019804503
-0.0019599026
-0.0019335683
-0.0018679871
-0.0018324473
-0.0019377409
-0.0020964220
-0.0021638230
-0.0022428779
-0.0022594701
-0.0022434396
-0.0022867967
-0.0024024298
-0.0025468359
-0.0025855464
-0.0025561222
-0.0024473453
-0.0023198882
-0.0023045436
-0.0024662929
-0.0026564706
-0.0027558787
-0.0026794145
-0.0025593918
-0.0024885996
-0.0024707008
-0.0024576795
-0.0024501070
-0.0024639219
-0.0024768737
-0.0024775552
-0.0025045519
-0.0025199156
-0.0024971279
-0.0024734347
-0.0024568495
-0.0024580224
-0.0024521777
-0.0024601035
-0.0024198225
-0.0023362981
-0.0022593503
-0.0021943446
-0.0021270183
-0.0020250463
-0.0019124207
-0.0018217831
-0.0017217951
-0.0016242284
-0.0015342203
-0.0014450031
-0.0013682654
-0.0012775801
-0.0011899196
-0.0011126419
-0.0010326624
-0.0009703629
-0.0009203224
-0.0008595622
-0.0008079630
-0.0007609145
-0.0006824283
-0.0005780020
-0.0005076806
-0.0004402545
-0.0003863436
-0.0003361622
-0.0002846154
-0.0002315052
-0.0001707333
-0.0001247670
-0.0000781687
-0.0000112053
0.0000476612
0.0000731453
0.0000896325
0.0001280805
0.0001737155
0.0002091033
0.0002244810
0.0002572095
0.0002882424
0.0003039865
0.0003138562
0.0003245296
0.0003396839
0.0003604682
0.0003788772
0.0003950162
0.0004113908
0.0004159020
0.0004204886
0.0004285285
0.0004340100
0.0004411204
0.0004477207
0.0004527320
0.0004564185
0.0004621153
0.0004676474
0.0004677712
0.0004646622
0.0004638438
0.0004652652
0.0004668911
0.0004665287
0.0004641608
0.0004624887
0.0004605774
0.0004593875
0.0004579767
0.0004552033
0.0004502682
0.0004464351
0.0004428043
0.0004398836
0.0004388752
0.0004366085
0.0004328368
0.0004281853
0.0004244713
0.0004226084
0.0004197579
0.0004161109
0.0004128184
0.0004095508
0.0004060663
0.0004027170
0.0003998036
0.0003970675
0.0003941419
0.0003912592
0.0003885120
0.0003858013
0.0003831046
0.0003804384
0.0003777908
0.0003752608
0.0003727898
0.0003703130
0.0003678503
0.0003654068
0.0003629855
0.0003605737
0.0003581623
0.0003557361
0.0003532905
0.0003508238
0.0003483350
0.0003458218
0.0003432824
0.0003407143
0.0003381157
0.0003354857
0.0003328237
0.0003301294
0.0003274028
0.0000000000
0.0000000000
0.0000000000
0.0000000000
0.0000000000
0.0000000000
0.0000000000
0.0000000000
0.0000000000
0.0000000000
0.0000000000
0.0000000000
0.0000000000
0.0000000000
0.0000000000
0.0000000000
0.0000000000
0.0000000000
0.0000000000
0.0000000000
0.0000000000
0.0000000000
0.0000000000
0.0000000000
0.0000000000
0.0000000000
0.0000000000
0.0000000000
0.0000000000
0.0000000000
0.0000000000
0.0000000000
0.0000000000
0.0000000000
0.0000000000
0.0000000000
0.0000000000
0.0000000000
0.0000000000
0.0000000000
0.0000000000
0.0000000000
0.0000000000
0.0000000000
0.0000000000
0.0000000000
0.0000000000
0.0000000000
0.0000000000
0.0000000000
0.0000000000
0.0000000000
0.0000000000
0.0000000000
0.0000000000
0.0000000000
0.0000000000
0.0000000000
0.0000000000
0.0000000000
0.0000000000
0.0000000000
0.0000000000
0.0000000000
0.0000000000
0.0000000000
0.0000000000
0.0000000000
0.0000000000
0.0000000000
0.0000000000
0.0000000000
0.0000000000
0.0000000000
0.0000000000
0.0000000000
0.0000000000
0.0000000000
0.0000000000
0.0000000000
0.0000000000
0.0000000000
0.0000000000
0.0000000000
0.0000000000
0.0000000000
0.0000000000
0.0000000000
0.0000000000
0.0000000000
0.0000000000
0.0000000000
0.0000000000
0.0000000000
0.0000000000
0.0000000000
0.0000000000
0.0000000000
0.0000000000
0.0000000000
0.0000000000
0.0000000000
0.0000000000
0.0000000000
0.0000000000
0.0000000000
0.0000000000
0.0000000000
0.0000000000
0.0000000000
0.0000000000
0.0000000000
0.0000000000
0.0000000000
0.0000000000
0.0000000000
0.0000000000
0.0000000000
0.0000000000
0.0000000000
0.0000000000
0.0000000000
0.0000000000
0.0000000000
0.0000000000
0.0000000000
0.0000000000
0.0000000000
0.0000000000
0.0000000000
0.0000000000
0.0000000000
0.0000000000
0.0000000000
0.0000000000
0.0000000000
0.0000000000
0.0000000000
0.0000000000
0.0000000000
0.0000000000
0.0000000000
0.0000000000
0.0000000000
0.0000000000
0.0000000000
0.0000000000
0.0000000000
0.0000000000
0.0000000000
0.0000000000
0.0000000000
0.0000000000
0.0000000000
0.0000000000
0.0000000000
0.0000000000
0.0000000000
0.0000000000
0.0000000000
0.0000000000
0.0000000000
0.0000000000
0.0000000000
0.0000000000
0.0000000000
0.0000000000
0.0000000000
0.0000000000
0.0000000000
0.0000000000
0.0000000000
0.0000000000
0.0000000000
0.0000000000
0.0000000000
0.0000000000
0.0000000000
0.0000000000
0.0000000000
0.0000000000
0.0000000000
0.0000000000
0.0000000000
0.0000000000
0.0000000000
0.0000000000
0.0000000000
0.0000000000
0.0000000000
0.0000000000
0.0000000000
0.0000000000
0.0000000000
0.0000000000
0.0000000000
0.0000000000
0.0000000000
0.0000000000
0.0000000000
0.0000000000
0.0000000000
0.0000000000
0.0000000000
0.0000000000
0.0000000000
0.0000000000
0.0000000000
0.0000000000
0.0000000000
0.0000000000
0.0000000000
0.0000000000
0.0000000000
0.0000000000
0.0000000000
0.0000000000
0.0000000000
0.0000000000
0.0000000000
0.0000000000
0.0000000000
0.0000000000
0.0000000000
0.0000000000
0.0000000000
0.0000000000
0.0000000000
0.0000000000
0.0000000000
0.0000000000
0.0000000000
0.0000000000
0.0000000000
0.0000000000
0.0000000000
0.0000000000
0.0000000000
0.0000000000
0.0000000000
0.0000000000
0.0000000000
0.0000000000
0.0000000000
0.0000000000
0.0000000000
0.0000000000
0.0000000000
0.0000000000
0.0000000000
0.0000000000
0.0000000000
0.0000000000
0.0000000000
0.0000000000
0.0000000000
0.0000000000
0.0000000000
0.0000000000
0.0000000000
0.0000000000
0.0000000000
0.0000000000
0.0000000000
0.0000000000
0.0000000000
0.0000000000
0.0000000000
0.0000000000
0.0000000000
0.0000000000
0.0000000000
0.0000000000
0.0000000000
0.0000000000
0.0000000000
0.0000000000
0.0000000000
0.0000000000
0.0000000000
0.0000000000
0.0000000000
0.0000000000
0.0000000000
0.0000000000
0.0000000000
0.0000000000
0.0000000000
0.0000000000
0.0000000000
0.0000000000
0.0000000000
0.0000000000
0.0000000000
0.0000000000
0.0000000000
0.0000000000
0.0000000000
0.0000000000
0.0000000000
0.0000000000
0.0000000000
0.0000000000
0.0000000000
0.0000000000
0.0000000000
0.0000000000
0.0000000000
0.0000000000
0.0000000000
0.0000000000
0.0000000000
0.0000000000
0.0000000000
0.0000000000
0.0000000000
0.0000000000
0.0000000000
0.0000000000
0.0000000000
0.0000000000
0.0000000000
0.0000000000
0.0000000000
0.0000000000
0.0000000000
0.0000000000
0.0000000000
0.0000000000
0.0000000000
0.0000000000
0.0000000000
0.0000000000
0.0000000000
0.0000000000
0.0000000000
0.0000000000
0.0000000000
0.0000000000
0.0000000000
0.0000000000
0.0000000000
0.0000000000
0.0000000000
0.0000000000
0.0000000000
0.0000000000
0.0000000000
0.0000000000
0.0000000000
0.0000000000
0.0000000000
0.0000000000
0.0000000000
0.0000000000
0.0000000000
0.0000000000
0.0000000000
0.0000000000
0.0000000000
0.0000000000
0.0000000000
0.0000000000
0.0000000000
0.0000000000
0.0000000000
0.0000000000
0.0000000000
0.0000000000
0.0000000000
0.0000000000
0.0000000000
0.0000000000
0.0000000000
0.0000000000
0.0000000000
0.0000000000
0.0000000000
0.0000000000
0.0000000000
0.0000000000
0.0000000000
0.0000000000
0.0000000000
0.0000000000
0.0000000000
0.0000000000
0.0000000000
0.0000000000
0.0000000000
0.0000000000
0.0000000000
0.0000000000
0.0000000000
0.0000000000
0.0000000000
0.0000000000
0.0000000000
0.0000000000
0.0000000000
0.0000000000
0.0000000000
0.0000000000
0.0000000000
0.0000000000
0.0000000000
0.0000000000
0.0000000000
0.0000000000
0.0000000000
0.0000000000
0.0000000000
0.0000000000
0.0000000000
0.0000000000
0.0000000000
0.0000000000
0.0000000000
0.0000000000
0.0000000000
0.0000000000
0.0000000000
0.0000000000
0.0000000000
0.0000000000
0.0000000000
0.0000000000
0.0000000000
0.0000000000
0.0000000000
0.0000000000
0.0000000000
0.0000000000
0.0000000000
0.0000000000
0.0000000000
0.0000000000
0.0000000000
0.0000000000
0.0000000000
0.0000000000
0.0000000000
0.0000000000
0.0000000000
0.0000000000
0.0000000000
0.0000000000
0.0000000000
0.0000000000
0.0000000000
0.0000000000
0.0000000000
0.0000000000
0.0000000000
0.0000000000
0.0000000000
0.0000000000
0.0000000000
0.0000000000
0.0000000000
0.0000000000
0.0000000000
0.0000000000
0.0000000000
0.0000000000
0.0000000000
0.0000000000
0.0000000000
0.0000000000
0.0000000000
0.0000000000
0.0000000000
0.0000000000
0.0000000000
0.0000000000
0.0000000000
0.0000000000
0.0000000000
0.0000000000
0.0000000000
0.0000000000
0.0000000000
0.0000000000
0.0000000000
0.0000000000
0.0000000000
0.0000000000
0.0000000000
0.0000000000
0.0000000000
0.0000000000
0.0000000000
0.0000000000
0.0000000000
0.0000000000
0.0000000000
0.0000000000
0.0000000000
0.0000000000
0.0000000000
0.0000000000
0.0000000000
0.0000000000
0.0000000000
0.0000000000
0.0000000000
0.0000000000
0.0000000000
0.0000000000
0.0000000000
0.0000000000
0.0000000000
0.0000000000
0.0000000000
0.0000000000
0.0000000000
0.0000000000
0.0000000000
0.0000000000
0.0000000000
0.0000000000
0.0000000000
0.0000000000
0.0000000000
0.0000000000
0.0000000000
0.0000000000
0.0000000000
0.0000000000
0.0000000000
0.0000000000
0.0000000000
0.0000000000
0.0000000000
0.0000000000
0.0000000000
0.0000000000
0.0000000000
0.0000000000
0.0000000000
0.0000000000
0.0000000000
0.0000000000
0.0000000000
0.0000000000
0.0000000000
0.0000000000
0.0000000000
0.0000000000
0.0000000000
0.0000000000
0.0000000000
0.0000000000
0.0000000000
0.0000000000
0.0000000000
0.0000000000
0.0000000000
0.0000000000
0.0000000000
0.0000000000
0.0000000000
0.0000000000
0.0000000000
0.0000000000
0.0000000000
0.0000000000
0.0000000000
0.0000000000
0.0000000000
0.0000000000
0.0000000000
0.0000000000
0.0000000000
0.0000000000
0.0000000000
0.0000000000
0.0000000000
0.0000000000
0.0000000000
0.0000000000
0.0000000000
0.0000000000
0.0000000000
0.0000000000
0.0000000000
0.0000000000
0.0000000000
0.0000000000
0.0000000000
0.0000000000
0.0000000000
0.0000000000
0.0000000000
0.0000000000
0.0000000000
0.0000000000
0.0000000000
0.0000000000
0.0000000000
0.0000000000
0.0000000000
0.0000000000
0.0000000000
0.0000000000
0.0000000000
0.0000000000
0.0000000000
0.0000000000
0.0000000000
0.0000000000
0.0000000000
0.0000000000
0.0000000000
0.0000000000
0.0000000000
0.0000000000
0.0000000000
0.0000000000
0.0000000000
0.0000000000
0.0000000000
0.0000000000
0.0000000000
0.0000000000
0.0000000000
0.0000000000
0.0000000000
0.0000000000
0.0000000000
0.0000000000
0.0000000000
0.0000000000
0.0000000000
0.0000000000
0.0000000000
0.0000000000
0.0000000000
0.0000000000
0.0000000000
0.0000000000
0.0000000000
0.0000000000
0.0000000000
0.0000000000
0.0000000000
0.0000000000
0.0000000000
0.0000000000
0.0000000000
0.0000000000
0.0000000000
0.0000000000
0.0000000000
0.0000000000
0.0000000000
0.0000000000
0.0000000000
0.0000000000
0.0000000000
0.0000000000
0.0000000000
0.0000000000
0.0000000000
0.0000000000
0.0000000000
0.0000000000
0.0000000000
0.0000000000
0.0000000000
0.0000000000
0.0000000000
0.0000000000
0.0000000000
0.0000000000
0.0000000000
0.0000000000
0.0000000000
0.0000000000
0.0000000000
0.0000000000
0.0000000000
0.0000000000
0.0000000000
0.0000000000
0.0000000000
0.0000000000
0.0000000000
0.0000000000
0.0000000000
0.0000000000
0.0000000000
0.0000000000
0.0000000000
0.0000000000
0.0000000000
0.0000000000
0.0000000000
0.0000000000
0.0000000000
0.0000000000
0.0000000000
0.0000000000
0.0000000000
0.0000000000
0.0000000000
0.0000000000
0.0000000000
0.0000000000
0.0000000000
0.0000000000
0.0000000000
0.0000000000
0.0000000000
0.0000000000
0.0000000000
0.0000000000
0.0000000000
0.0000000000
0.0000000000
0.0000000000
0.0000000000
0.0000000000
0.0000000000
0.0000000000
0.0000000000
0.0000000000
0.0000000000
0.0000000000
0.0000000000
0.0000000000
0.0000000000
0.0000000000
0.0000000000
0.0000000000
0.0000000000
0.0000000000
0.0000000000
0.0000000000
0.0000000000
0.0000000000
0.0000000000
0.0000000000
0.0000000000
0.0000000000
0.0000000000
0.0000000000
0.0000000000
0.0000000000
0.0000000000
0.0000000000
0.0000000000
0.0000000000
0.0000000000
0.0000000000
0.0000000000
0.0000000000
0.0000000000
0.0000000000
0.0000000000
0.0000000000
0.0000000000
0.0000000000
0.0000000000
0.0000000000
0.0000000000
0.0000000000
0.0000000000
0.0000000000
0.0000000000
0.0000000000
0.0000000000
0.0000000000
0.0000000000
0.0000000000
0.0000000000
0.0000000000
0.0000000000
0.0000000000
0.0000000000
0.0000000000
0.0000000000
0.0000000000
0.0000000000
0.0000000000
0.0000000000
0.0000000000
0.0000000000
0.0000000000
0.0000000000
0.0000000000
0.0000000000
0.0000000000
0.0000000000
0.0000000000
0.0000000000
0.0000000000
0.0000000000
0.0000000000
0.0000000000
0.0000000000
0.0000000000
0.0000000000
0.0000000000
0.0000000000
0.0000000000
0.0000000000
0.0000000000
0.0000000000
0.0000000000
0.0000000000
0.0000000000
0.0000000000
0.0000000000
0.0000000000
0.0000000000
0.0000000000
0.0000000000
0.0000000000
0.0000000000
0.0000000000
0.0000000000
0.0000000000
0.0000000000
0.0000000000
0.0000000000
0.0000000000
0.0000000000
0.0000000000
0.0000000000
0.0000000000
0.0000000000
0.0000000000
0.0000000000
0.0000000000
0.0000000000
0.0000000000
0.0000000000
0.0000000000
0.0000000000
0.0000000000
0.0000000000
0.0000000000
0.0000000000
0.0000000000
0.0000000000
0.0000000000
0.0000000000
0.0000000000
0.0000000000
0.0000000000
0.0000000000
0.0000000000
0.0000000000
0.0000000000
0.0000000000
0.0000000000
0.0000000000
0.0000000000
0.0000000000
0.0000000000
0.0000000000
0.0000000000
0.0000000000
0.0000000000
0.0000000000
0.0000000000
0.0000000000
0.0000000000
0.0000000000
0.0000000000
0.0000000000
0.0000000000
0.0000000000
0.0000000000
0.0000000000
0.0000000000
0.0000000000
0.0000000000
0.0000000000
0.0000000000
0.0000000000
0.0000000000
0.0000000000
0.0000000000
0.0000000000
0.0000000000
0.0000000000
0.0000000000
0.0000000000
0.0000000000
0.0000000000
0.0000000000
0.0000000000
0.0000000000
0.0000000000
0.0000000000
0.0000000000
0.0000000000
0.0000000000
0.0000000000
0.0000000000
0.0000000000
0.0000000000
0.0000000000
0.0000000000
0.0000000000
0.0000000000
0.0000000000
0.0000000000
0.0000000000
0.0000000000
0.0000000000
0.0000000000
0.0000000000
0.0000000000
0.0000000000
0.0000000000
0.0000000000
0.0000000000
0.0000000000
0.0000000000
0.0000000000
0.0000000000
0.0000000000
0.0000000000
0.0000000000
0.0000000000
0.0000000000
0.0000000000
0.0000000000
0.0000000000
0.0000000000
0.0000000000
0.0000000000
0.0000000000
0.0000000000
0.0000000000
0.0000000000
0.0000000000
0.0000000000
0.0000000000
0.0000000000
0.0000000000
0.0000000000
0.0000000000
0.0000000000
0.0000000000
0.0000000000
0.0000000000
0.0000000000
0.0000000000
0.0000000000
0.0000000000
0.0000000000
0.0000000000
0.0000000000
0.0000000000
0.0000000000
0.0000000000
0.0000000000
0.0000000000
0.0000000000
0.0000000000
0.0000000000
0.0000000000
0.0000000000
0.0000000000
0.0000000000
0.0000000000
0.0000000000
0.0000000000
0.0000000000
0.0000000000
0.0000000000
0.0000000000
0.0000000000
0.0000000000
0.0000000000
0.0000000000
0.0000000000
0.0000000000
0.0000000000
0.0000000000
0.0000000000
0.0000000000
0.0000000000
0.0000000000
0.0000000000
0.0000000000
0.0000000000
0.0000000000
0.0000000000
0.0000000000
0.0000000000
0.0000000000
0.0000000000
0.0000000000
0.0000000000
0.0000000000
0.0000000000
0.0000000000
0.0000000000
0.0000000000
0.0000000000
0.0000000000
0.0000000000
0.0000000000
0.0000000000
0.0000000000
0.0000000000
0.0000000000
0.0000000000
0.0000000000
0.0000000000
0.0000000000
0.0000000000
0.0000000000
0.0000000000
0.0000000000
0.0000000000
0.0000000000
0.0000000000
0.0000000000
0.0000000000
0.0000000000
0.0000000000
0.0000000000
0.0000000000
0.0000000000
0.0000000000
0.0000000000
0.0000000000
0.0000000000
0.0000000000
0.0000000000
0.0000000000
0.0000000000
0.0000000000
0.0000000000
0.0000000000
0.0000000000
0.0000000000
0.0000000000
0.0000000000
0.0000000000
0.0000000000
0.0000000000
0.0000000000
0.0000000000
0.0000000000
0.0000000000
0.0000000000
0.0000000000
0.0000000000
0.0000000000
0.0000000000
0.0000000000
0.0000000000
0.0000000000
0.0000000000
0.0000000000
0.0000000000
0.0000000000
0.0000000000
0.0000000000
0.0000000000
0.0000000000
0.0000000000
0.0000000000
0.0000000000
0.0000000000
0.0000000000
0.0000000000
0.0000000000
0.0000000000
0.0000000000
0.0000000000
0.0000000000
0.0000000000
0.0000000000
0.0000000000
0.0000000000
0.0000000000
0.0000000000
0.0000000000
0.0000000000
0.0000000000
0.0000000000
0.0000000000
0.0000000000
0.0000000000
0.0000000000
0.0000000000
0.0000000000
0.0000000000
0.0000000000
0.0000000000
0.0000000000
0.0000000000
0.0000000000
0.0000000000
0.0000000000
0.0000000000
0.0000000000
0.0000000000
0.0000000000
0.0000000000
0.0000000000
0.0000000000
0.0000000000
0.0000000000
0.0000000000
0.0000000000
0.0000000000
0.0000000000
0.0000000000
0.0000000000
0.0000000000
0.0000000000
0.0000000000
0.0000000000
0.0000000000
0.0000000000
0.0000000000
0.0000000000
0.0000000000
0.0000000000
0.0000000000
0.0000000000
0.0000000000
0.0000000000
0.0000000000
0.0000000000
0.0000000000
0.0000000000
0.0000000000
0.0000000000
0.0000000000
0.0000000000
0.0000000000
0.0000000000
0.0000000000
0.0000000000
0.0000000000
0.0000000000
0.0000000000
0.0000000000
0.0000000000
0.0000000000
0.0000000000
0.0000000000
0.0000000000
0.0000000000
0.0000000000
0.0000000000
0.0000000000
0.0000000000
0.0000000000
0.0000000000
0.0000000000
0.0000000000
0.0000000000
0.0000000000
0.0000000000
0.0000000000
0.0000000000
0.0000000000
0.0000000000
0.0000000000
0.0000000000
0.0000000000
0.0000000000
0.0000000000
0.0000000000
0.0000000000
0.0000000000
0.0000000000
0.0000000000
0.0000000000
0.0000000000
0.0000000000
0.0000000000
0.0000000000
0.0000000000
0.0000000000
0.0000000000
0.0000000000
0.0000000000
0.0000000000
0.0000000000
0.0000000000
0.0000000000
0.0000000000
0.0000000000
0.0000000000
0.0000000000
0.0000000000
0.0000000000
0.0000000000
0.0000000000
0.0000000000
0.0000000000
0.0000000000
0.0000000000
0.0000000000
0.0000000000
0.0000000000
0.0000000000
0.0000000000
0.0000000000
0.0000000000
0.0000000000
0.0000000000
0.0000000000
0.0000000000
0.0000000000
0.0000000000
0.0000000000
0.0000000000
0.0000000000
0.0000000000
0.0000000000
0.0000000000
0.0000000000
0.0000000000
0.0000000000
0.0000000000
0.0000000000
0.0000000000
0.0000000000
0.0000000000
0.0000000000
0.0000000000
0.0000000000
0.0000000000
0.0000000000
0.0000000000
0.0000000000
0.0000000000
0.0000000000
0.0000000000
0.0000000000
0.0000000000
0.0000000000
0.0000000000
0.0000000000
0.0000000000
0.0000000000
0.0000000000
0.0000000000
0.0000000000
0.0000000000
0.0000000000
0.0000000000
0.0000000000
0.0000000000
0.0000000000
0.0000000000
0.0000000000
0.0000000000
0.0000000000
0.0000000000
0.0000000000
0.0000000000
0.0000000000
0.0000000000
0.0000000000
0.0000000000
0.0000000000
0.0000000000
0.0000000000
0.0000000000
0.0000000000
0.0000000000
0.0000000000
0.0000000000
0.0000000000
0.0000000000
0.0000000000
0.0000000000
0.0000000000
0.0000000000
0.0000000000
0.0000000000
0.0000000000
0.0000000000
0.0000000000
0.0000000000
0.0000000000
0.0000000000
0.0000000000
0.0000000000
0.0000000000
0.0000000000
0.0000000000
0.0000000000
0.0000000000
0.0000000000
0.0000000000
0.0000000000
0.0000000000
0.0000000000
0.0000000000
0.0000000000
0.0000000000
0.0000000000
0.0000000000
0.0000000000
0.0000000000
0.0000000000
0.0000000000
0.0000000000
0.0000000000
0.0000000000
0.0000000000
0.0000000000
0.0000000000
0.0000000000
0.0000000000
0.0000000000
0.0000000000
0.0000000000
0.0000000000
0.0000000000
0.0000000000
0.0000000000
0.0000000000
0.0000000000
0.0000000000
0.0000000000
0.0000000000
0.0000000000
0.0000000000
0.0000000000
0.0000000000
0.0000000000
0.0000000000
0.0000000000
0.0000000000
0.0000000000
0.0000000000
0.0000000000
0.0000000000
0.0000000000
0.0000000000
0.0000000000
0.0000000000
0.0000000000
0.0000000000
0.0000000000
0.0000000000
0.0000000000
0.0000000000
0.0000000000
0.0000000000
0.0000000000
0.0000000000
0.0000000000
0.0000000000
0.0000000000
0.0000000000
0.0000000000
0.0000000000
0.0000000000
0.0000000000
0.0000000000
0.0000000000
0.0000000000
0.0000000000
0.0000000000
0.0000000000
0.0000000000
0.0000000000
0.0000000000
0.0000000000
0.0000000000
0.0000000000
0.0000000000
0.0000000000
0.0000000000
0.0000000000
0.0000000000
0.0000000000
0.0000000000
0.0000000000
0.0000000000
0.0000000000
0.0000000000
0.0000000000
0.0000000000
0.0000000000
0.0000000000
0.0000000000
0.0000000000
0.0000000000
0.0000000000
0.0000000000
0.0000000000
0.0000000000
0.0000000000
0.0000000000
0.0000000000
0.0000000000
0.0000000000
0.0000000000
0.0000000000
0.0000000000
0.0000000000
0.0000000000
0.0000000000
0.0000000000
0.0000000000
0.0000000000
0.0000000000
0.0000000000
0.0000000000
0.0000000000
0.0000000000
0.0000000000
0.0000000000
0.0000000000
0.0000000000
0.0000000000
0.0000000000
0.0000000000
0.0000000000
0.0000000000
0.0000000000
0.0000000000
0.0000000000
0.0000000000
0.0000000000
0.0000000000
0.0000000000
0.0000000000
0.0000000000
0.0000000000
0.0000000000
0.0000000000
0.0000000000
0.0000000000
0.0000000000
0.0000000000
0.0000000000
0.0000000000
0.0000000000
0.0000000000
0.0000000000
0.0000000000
0.0000000000
0.0000000000
0.0000000000
0.0000000000
0.0000000000
0.0000000000
0.0000000000
0.0000000000
0.0000000000
0.0000000000
0.0000000000
0.0000000000
0.0000000000
0.0000000000
0.0000000000
0.0000000000
0.0000000000
0.0000000000
0.0000000000
0.0000000000
0.0000000000
0.0000000000
0.0000000000
0.0000000000
0.0000000000
0.0000000000
0.0000000000
0.0000000000
0.0000000000
0.0000000000
0.0000000000
0.0000000000
0.0000000000
0.0000000000
0.0000000000
0.0000000000
0.0000000000
0.0000000000
0.0000000000
0.0000000000
0.0000000000
0.0000000000
0.0000000000
0.0000000000
0.0000000000
0.0000000000
0.0000000000
0.0000000000
0.0000000000
0.0000000000
0.0000000000
0.0000000000
0.0000000000
0.0000000000
0.0000000000
0.0000000000
0.0000000000
0.0000000000
0.0000000000
0.0000000000
0.0000000000
0.0000000000
0.0000000000
0.0000000000
0.0000000000
0.0000000000
0.0000000000
0.0000000000
0.0000000000
0.0000000000
0.0000000000
0.0000000000
0.0000000000
0.0000000000
0.0000000000
0.0000000000
0.0000000000
0.0000000000
0.0000000000
0.0000000000
0.0000000000
0.0000000000
0.0000000000
0.0000000000
0.0000000000
0.0000000000
0.0000000000
0.0000000000
0.0000000000
0.0000000000
0.0000000000
0.0000000000
0.0000000000
0.0000000000
0.0000000000
0.0000000000
0.0000000000
0.0000000000
0.0000000000
0.0000000000
0.0000000000
0.0000000000
0.0000000000
0.0000000000
0.0000000000
0.0000000000
0.0000000000
0.0000000000
0.0000000000
0.0000000000
0.0000000000
0.0000000000
0.0000000000
0.0000000000
0.0000000000
0.0000000000
0.0000000000
0.0000000000
0.0000000000
0.0000000000
0.0000000000
0.0000000000
0.0000000000
0.0000000000
0.0000000000
0.0000000000
0.0000000000
0.0000000000
0.0000000000
0.0000000000
0.0000000000
0.0000000000
0.0000000000
0.0000000000
0.0000000000
0.0000000000
0.0000000000
0.0000000000
0.0000000000
0.0000000000
0.0000000000
0.0000000000
0.0000000000
0.0000000000
0.0000000000
0.0000000000
0.0000000000
0.0000000000
0.0000000000
0.0000000000
0.0000000000
0.0000000000
0.0000000000
0.0000000000
0.0000000000
0.0000000000
0.0000000000
0.0000000000
0.0000000000
0.0000000000
0.0000000000
0.0000000000
0.0000000000
0.0000000000
0.0000000000
0.0000000000
0.0000000000
0.0000000000
0.0000000000
0.0000000000
0.0000000000
0.0000000000
0.0000000000
0.0000000000
0.0000000000
0.0000000000
0.0000000000
0.0000000000
0.0000000000
0.0000000000
0.0000000000
0.0000000000
0.0000000000
0.0000000000
0.0000000000
0.0000000000
0.0000000000
0.0000000000
0.0000000000
0.0000000000
0.0000000000
0.0000000000
0.0000000000
0.0000000000
0.0000000000
0.0000000000
0.0000000000
0.0000000000
0.0000000000
0.0000000000
0.0000000000
0.0000000000
0.0000000000
0.0000000000
0.0000000000
0.0000000000
0.0000000000
0.0000000000
0.0000000000
0.0000000000
0.0000000000
0.0000000000
0.0000000000
0.0000000000
0.0000000000
0.0000000000
0.0000000000
0.0000000000
0.0000000000
0.0000000000
0.0000000000
0.0000000000
0.0000000000
0.0000000000
0.0000000000
0.0000000000
0.0000000000
0.0000000000
0.0000000000
0.0000000000
0.0000000000
0.0000000000
0.0000000000
0.0000000000
0.0000000000
0.0000000000
0.0000000000
0.0000000000
0.0000000000
0.0000000000
0.0000000000
0.0000000000
0.0000000000
0.0000000000
0.0000000000
0.0000000000
0.0000000000
0.0000000000
0.0000000000
0.0000000000
0.0000000000
0.0000000000
0.0000000000
0.0000000000
0.0000000000
0.0000000000
0.0000000000
0.0000000000
0.0000000000
0.0000000000
0.0000000000
0.0000000000
0.0000000000
0.0000000000
0.0000000000
0.0000000000
0.0000000000
0.0000000000
0.0000000000
0.0000000000
0.0000000000
0.0000000000
0.0000000000
0.0000000000
0.0000000000
0.0000000000
0.0000000000
0.0000000000
0.0000000000
0.0000000000
