-0.0081258806
-0.0087890925
-0.0084969445
-0.0073330872
-0.0055168528
-0.0032898526
-0.0008527533
0.0015975669
0.0037849492
0.0053324748
0.0058607294
0.0051600200
0.0033227824
0.0007374616
-0.0020650431
-0.0046279749
-0.0067277820
-0.0083769315
-0.0096535795
-0.0104726059
-0.0105002073
-0.0093211350
-0.0067417548
-0.0029841321
0.0013705101
0.0056227893
0.0092092512
0.0118246602
0.0133675992
0.0137858129
0.0129799519
0.0108653706
0.0075234384
0.0032833901
-0.0013435708
-0.0058184862
-0.0097132169
-0.0127695138
-0.0148801273
-0.0160220807
-0.0161749215
-0.0152639451
-0.0131877880
-0.0099559503
-0.0058688412
-0.0015902996
0.0020216674
0.0042932189
0.0050759226
0.0047680652
0.0039730356
0.0030579454
0.0019585369
0.0003615557
-0.0019195820
-0.0047070378
-0.0075510562
-0.0100300583
-0.0119412293
-0.0131993023
-0.0135991035
-0.0127577229
-0.0103578521
-0.0064849354
-0.0017445477
0.0029478086
0.0067363166
0.0091083284
0.0099890927
0.0096863848
0.0087334574
0.0076385267
0.0066046018
0.0053949259
0.0035057254
0.0005887469
-0.0031681349
-0.0069763089
-0.0097366431
-0.0105166488
-0.0089791386
-0.0055478652
-0.0012109388
0.0029263956
0.0060552100
0.0078083078
0.0081582692
0.0072618085
0.0053925150
0.0029551018
0.0004658202
-0.0016079116
-0.0030926697
-0.0042167207
-0.0054220770
-0.0069967329
-0.0088398521
-0.0105391328
-0.0116297560
-0.0117716358
-0.0107539190
-0.0084742747
-0.0050511556
-0.0009979757
0.0027708596
0.0051945637
0.0054202374
0.0030359127
-0.0018510859
-0.0085678783
-0.0158469375
-0.0220045943
-0.0254677895
-0.0254478902
-0.0223099733
-0.0173310516
-0.0119792904
-0.0071817246
-0.0030124234
0.0010540585
0.0055033045
0.0101909470
0.0142774345
0.0167587523
0.0171114678
0.0154755156
0.0122983966
0.0079105567
0.0025101105
-0.0034999760
-0.0093203138
-0.0140129605
-0.0169802725
-0.0182130002
-0.0181372670
-0.0172877348
-0.0161249312
-0.0150518646
-0.0144306124
-0.0144670742
-0.0150871163
-0.0159783576
-0.0167499091
-0.0170212813
-0.0163770264
-0.0143248487
-0.0103935533
-0.0043433457
0.0036634839
0.0130186526
0.0227310137
0.0315565162
0.0382033050
0.0416145649
0.0412995129
0.0375950971
0.0316586838
0.0250212396
0.0187953615
0.0130131894
0.0066676606
-0.0014092385
-0.0114177706
-0.0220845978
-0.0311567755
-0.0364468765
-0.0366820634
-0.0318017132
-0.0228476952
-0.0116696324
-0.0004673193
0.0088366105
0.0152001066
0.0187245816
0.0203895615
0.0213474421
0.0221868259
0.0226446653
0.0219415597
0.0194794323
0.0154043294
0.0106140102
0.0061834092
0.0027025908
0.0001762563
-0.0014023377
-0.0014878787
0.0007662596
0.0054873349
0.0112892550
0.0156714658
0.0165251992
0.0135483698
0.0082792149
0.0026404440
-0.0027353079
-0.0089669327
-0.0178241686
-0.0299498338
-0.0437463484
-0.0557777124
-0.0624666683
-0.0619778303
-0.0550598941
-0.0443609013
-0.0327501801
-0.0217449871
-0.0109810320
0.0010329870
0.0154504384
0.0319399624
0.0485362182
0.0623707333
0.0706711347
0.0715825173
0.0646974988
0.0512348723
0.0336941606
0.0149463862
-0.0028578407
-0.0188898789
-0.0333229635
-0.0463632357
-0.0573859853
-0.0647896822
-0.0666085315
-0.0614281360
-0.0489903837
-0.0301458618
-0.0063513361
0.0207038701
0.0488700284
0.0748932866
0.0942149595
0.1020913468
0.0958287735
0.0766338182
0.0494877797
0.0208304147
-0.0045084088
-0.0251262079
-0.0424836248
-0.0584920906
-0.0730326418
-0.0833247018
-0.0857460797
-0.0785641537
-0.0630666382
-0.0421376692
-0.0178666210
0.0093480535
0.0392145472
0.0689228924
0.0922883064
0.1023993450
0.0961958991
0.0769810963
0.0523501838
0.0291115911
0.0093199075
-0.0096048772
-0.0310842234
-0.0550695326
-0.0766191746
-0.0887381577
-0.0874999408
-0.0751415092
-0.0583118213
-0.0430811397
-0.0310092596
-0.0191695409
-0.0035928259
0.0168019309
0.0386764017
0.0560747496
0.0641044617
0.0617886054
0.0521112194
0.0395480203
0.0272415412
0.0158859840
0.0047653379
-0.0062450642
-0.0154873670
-0.0202372566
-0.0188314430
-0.0122703198
-0.0036373754
0.0041665930
0.0102011992
0.0153506480
0.0208616295
0.0270498182
0.0329452053
0.0366852705
0.0362713875
0.0304644061
0.0194677624
0.0049378048
-0.0107168347
-0.0251853958
-0.0366518860
-0.0437793871
-0.0458343915
-0.0430853840
-0.0367693800
-0.0282106422
-0.0178694391
-0.0053300336
0.0098135778
0.0270275849
0.0444732606
0.0592683015
0.0682553756
0.0691824045
0.0618422350
0.0483018266
0.0317980308
0.0150873237
-0.0004246748
-0.0142636640
-0.0258302731
-0.0338422989
-0.0369044134
-0.0346986429
-0.0285773702
-0.0209470443
-0.0139701883
-0.0085685543
-0.0043647232
-0.0005073206
0.0033220113
0.0065532457
0.0082831222
0.0081666369
0.0067146400
0.0046385910
0.0019328856
-0.0022254027
-0.0084703113
-0.0159815387
-0.0221802994
-0.0239530657
-0.0196460608
-0.0102102930
0.0013431170
0.0114494867
0.0173105991
0.0175987585
0.0126184365
0.0040008349
-0.0059765412
-0.0151896210
-0.0222476475
-0.0266550738
-0.0286094061
-0.0286211884
-0.0271100088
-0.0241419102
-0.0195074313
-0.0131333891
-0.0054584835
0.0026330893
0.0102580012
0.0168786149
0.0221952800
0.0257386862
0.0266535957
0.0240685196
0.0178773919
0.0091976678
-0.0000502777
-0.0081279733
-0.0141577448
-0.0180073424
-0.0197256493
-0.0192514634
-0.0166745131
-0.0126303916
-0.0082223930
-0.0043871795
-0.0012817775
0.0017091188
0.0053962364
0.0102265444
0.0161174279
0.0225232381
0.0284682006
0.0326237133
0.0336623407
0.0308571709
0.0245617145
0.0162060584
0.0077945054
0.0012236711
-0.0022567385
-0.0023140946
0.0005024065
0.0050848383
0.0102041901
0.0147795416
0.0178809274
0.0186749284
0.0165679283
0.0115174832
0.0042385693
-0.0039205263
-0.0114202948
-0.0170829501
-0.0204645339
-0.0218272208
-0.0217354783
-0.0205989968
-0.0185030182
-0.0153598888
-0.0111384803
-0.0059480780
0.0000255260
0.0065513690
0.0132150437
0.0192219084
0.0234231064
0.0247122213
0.0225549110
0.0171849966
0.0092893843
-0.0004233146
-0.0112324357
-0.0219965464
-0.0308903479
-0.0357808206
-0.0351488666
-0.0289747251
-0.0189458424
-0.0077206757
0.0023683820
0.0102777190
0.0161587565
0.0203689360
0.0225546690
0.0217085771
0.0171576113
0.0095155465
0.0006592463
-0.0072702531
-0.0130075014
-0.0166402728
-0.0192243461
-0.0218909643
-0.0250136930
-0.0278887698
-0.0290510893
-0.0270147394
-0.0210606398
-0.0116833942
-0.0004403132
0.0107450153
0.0204007991
0.0279255428
0.0333755903
0.0368779185
0.0381819362
0.0367071320
0.0319999628
0.0241758566
0.0139913929
0.0025788642
-0.0088585412
-0.0192003926
-0.0274770047
-0.0330243530
-0.0356936250
-0.0358384871
-0.0339254402
-0.0300708893
-0.0239899166
-0.0154500926
-0.0047916669
0.0069717680
0.0184811307
0.0284125915
0.0356369786
0.0392632495
0.0387933166
0.0343674864
0.0268470130
0.0176083365
0.0081614936
-0.0002539458
-0.0069862654
-0.0121098893
-0.0162865287
-0.0202981474
-0.0243970396
-0.0279265196
-0.0296330875
-0.0285430780
-0.0247251878
-0.0192776040
-0.0135026326
-0.0079726992
-0.0023355499
0.0039979719
0.0109893047
0.0177352961
0.0229539515
0.0256536344
0.0254896856
0.0227614764
0.0182429356
0.0129581249
0.0078904560
0.0036438716
0.0002053749
-0.0029877826
-0.0066157098
-0.0109200807
-0.0154273666
-0.0191556667
-0.0211193090
-0.0207600843
-0.0180879597
-0.0135748648
-0.0079468180
-0.0019820340
0.0036269927
0.0083428590
0.0118210642
0.0139822039
0.0151327757
0.0160143440
0.0175784270
0.0204669198
0.0244857133
0.0284582078
0.0306231942
0.0294297118
0.0243378949
0.0161346474
0.0065291374
-0.0026608861
-0.0101434981
-0.0153153012
-0.0180999407
-0.0187456219
-0.0177029057
-0.0155386367
-0.0127948158
-0.0097763206
-0.0063711714
-0.0020631015
0.0037849310
0.0114854991
0.0206550122
0.0301074204
0.0380416211
0.0424361068
0.0415448828
0.0344330711
0.0214443020
0.0043309523
-0.0141778429
-0.0312518288
-0.0448192248
-0.0539519476
-0.0586264325
-0.0591356712
-0.0556332394
-0.0481702250
-0.0371551774
-0.0236899316
-0.0092973026
0.0047185313
0.0175367094
0.0284516726
0.0364520199
0.0404025058
0.0397170001
0.0348330107
0.0269869564
0.0174532136
0.0069224762
-0.0044433358
-0.0164273797
-0.0282728642
-0.0386632450
-0.0460524021
-0.0491352976
-0.0473523829
-0.0411702971
-0.0318425492
-0.0207804158
-0.0090331657
0.0028043832
0.0143492777
0.0251116335
0.0343330473
0.0410918929
0.0446119506
0.0445382488
0.0409792397
0.0343553065
0.0252780027
0.0145535005
0.0031619352
-0.0079152566
-0.0179234749
-0.0264154092
-0.0331100186
-0.0376135441
-0.0391984255
-0.0368905824
-0.0299873935
-0.0187106815
-0.0044041553
0.0109623602
0.0255228540
0.0378070047
0.0465003437
0.0502367436
0.0479674112
0.0397314621
0.0270592319
0.0124609364
-0.0017232022
-0.0142349215
-0.0249028206
-0.0338642814
-0.0408002757
-0.0448791821
-0.0453892334
-0.0423741614
-0.0366063216
-0.0289319442
-0.0196993792
-0.0088756916
0.0032806922
0.0156410463
0.0262681873
0.0331490737
0.0351386490
0.0324870288
0.0265824440
0.0190742110
0.0110263284
0.0027230848
-0.0058468388
-0.0143700241
-0.0220224967
-0.0278002775
-0.0309648017
-0.0312125488
-0.0286250265
-0.0236577919
-0.0171371415
-0.0100189849
-0.0029647342
0.0038354132
0.0103373218
0.0161262538
0.0202954677
0.0219609317
0.0210206251
0.0184120623
0.0154852924
0.0129601822
0.0104137983
0.0068020465
0.0015962625
-0.0044402671
-0.0095508760
-0.0121847839
-0.0121273941
-0.0106099041
-0.0093313527
-0.0092349422
-0.0099554057
-0.0101819568
-0.0085496517
-0.0045103192
0.0012462112
0.0070341586
0.0109726038
0.0119035313
0.0098998225
0.0060982321
0.0020121051
-0.0012335593
-0.0033021103
-0.0045088566
-0.0053758141
-0.0062906337
-0.0074578295
-0.0089403081
-0.0105371532
-0.0116085514
-0.0112048516
-0.0085681299
-0.0036160645
0.0029776955
0.0100820454
0.0164804647
0.0210929437
0.0230510622
0.0217744298
0.0171471603
0.0097286298
0.0008105788
-0.0078473500
-0.0145983128
-0.0185621283
-0.0199666711
-0.0199026597
-0.0195595395
-0.0194024370
-0.0188540740
-0.0167047770
-0.0119465283
-0.0044480703
0.0049201928
0.0146504987
0.0231155318
0.0289934401
0.0315361588
0.0306965070
0.0270832026
0.0216900782
0.0154895627
0.0091632546
0.0031478086
-0.0021499807
-0.0062872745
-0.0090090048
-0.0105368334
-0.0115538673
-0.0127683295
-0.0143482230
-0.0156738776
-0.0156335171
-0.0132917709
-0.0085043890
-0.0020924993
0.0045244207
0.0099759274
0.0134258102
0.0146139158
0.0135822384
0.0104638578
0.0055654245
-0.0003908662
-0.0061993036
-0.0104634774
-0.0121085062
-0.0108071509
-0.0071162860
-0.0022806859
0.0022759825
0.0056487085
0.0079817861
0.0103811486
0.0141145057
0.0195974795
0.0259339275
0.0313784944
0.0343405161
0.0341255224
0.0309365520
0.0253598474
0.0179067654
0.0089423136
-0.0010946671
-0.0114546561
-0.0210229417
-0.0284839593
-0.0326447796
-0.0328193349
-0.0291339367
-0.0225435091
-0.0144230399
-0.0058936186
0.0026703733
0.0115529596
0.0210716959
0.0308967620
0.0398304399
0.0461880319
0.0484993414
0.0460853803
0.0392244882
0.0289033573
0.0163879010
0.0029290209
-0.0102571454
-0.0218931945
-0.0307237194
-0.0358510732
-0.0370836367
-0.0349745706
-0.0304788595
-0.0244581033
-0.0173385030
-0.0090854036
0.0005397827
0.0116006246
0.0236446525
0.0354798675
0.0452290190
0.0508816555
0.0512440440
0.0466667043
0.0388670529
0.0298140743
0.0205352361
0.0108723985
0.0003230436
-0.0108912172
-0.0214877917
-0.0297095987
-0.0342408726
-0.0347041493
-0.0315271427
-0.0255460727
-0.0177573132
-0.0092302051
-0.0009354874
0.0065498848
0.0132025785
0.0193434048
0.0251309018
0.0301075241
0.0332057202
0.0333328440
0.0301741980
0.0245786228
0.0181383476
0.0122098093
0.0071186960
0.0021805368
-0.0034905329
-0.0100171955
-0.0163595994
-0.0207718233
-0.0217971731
-0.0190738652
-0.0133864266
-0.0060563658
0.0017272313
0.0091682165
0.0157442426
0.0210154557
0.0245817694
0.0261959551
0.0258875851
0.0239178918
0.0205475283
0.0158553052
0.0098841157
0.0030698651
-0.0034820848
-0.0082812057
-0.0101910853
-0.0090141050
-0.0054179000
-0.0003378416
0.0055229297
0.0116590517
0.0173761146
0.0216134720
0.0233049814
0.0220190649
0.0182745653
0.0131677591
0.0075835452
0.0017165530
-0.0046349500
-0.0113010546
-0.0172570127
-0.0209029581
-0.0209348385
-0.0171417749
-0.0104932659
-0.0024643611
0.0057828801
0.0136841813
0.0209590427
0.0271972044
0.0317920402
0.0341953255
0.0341797398
0.0318790024
0.0276366745
0.0218615994
0.0150120142
0.0076347924
0.0003279689
-0.0063848675
-0.0121817584
-0.0169533021
-0.0206262697
-0.0228769650
-0.0230085838
-0.0202033016
-0.0140204379
-0.0047937251
0.0062978984
0.0174924330
0.0269233081
0.0331132775
0.0353124869
0.0336171567
0.0288445065
0.0221851489
0.0147770261
0.0073963016
0.0003871612
-0.0061311887
-0.0118977914
-0.0162787661
-0.0184568401
-0.0179883940
-0.0152831702
-0.0115178895
-0.0079432539
-0.0050857762
-0.0024639920
0.0009661766
0.0059504171
0.0122246603
0.0183847981
0.0223974628
0.0224834395
0.0179963987
0.0099132731
0.0005879417
-0.0072645798
-0.0118032136
-0.0127320665
-0.0110551228
-0.0082445796
-0.0054794772
-0.0034233827
-0.0024733547
-0.0029940662
-0.0051705583
-0.0086505149
-0.0124531565
-0.0153972756
-0.0167914798
-0.0168623289
-0.0165461704
-0.0167463131
-0.0176204645
-0.0184882277
-0.0184122612
-0.0169142296
-0.0142218945
-0.0109325113
-0.0074744967
-0.0038101475
0.0004520919
0.0056389732
0.0115345039
0.0171420342
0.0209208692
0.0214867026
0.0184037205
0.0124900073
0.0052906067
-0.0019712968
-0.0090846256
-0.0165074697
-0.0242449682
-0.0310193303
-0.0346375533
-0.0333968900
-0.0273838791
-0.0186010279
-0.0098695154
-0.0034270116
-0.0001997925
0.0000142058
-0.0020636634
-0.0056562732
-0.0100721736
-0.0146952332
-0.0190057391
-0.0226476562
-0.0254883630
-0.0276639820
-0.0295552711
-0.0315988390
-0.0339974045
-0.0365822038
-0.0389536952
-0.0407092161
-0.0414905098
-0.0408547437
-0.0382399744
-0.0332350764
-0.0260118131
-0.0174867537
-0.0089451576
-0.0013349878
0.0052466027
0.0114971258
0.0183188416
0.0261078864
0.0343476476
0.0416354065
0.0460218789
0.0455642123
0.0390150269
0.0264421808
0.0094828708
-0.0089856045
-0.0257702899
-0.0385611898
-0.0467289177
-0.0511572633
-0.0531950827
-0.0534789978
-0.0514326896
-0.0457270719
-0.0353399760
-0.0204746305
-0.0026919124
0.0158476895
0.0334800400
0.0496512703
0.0645367225
0.0779311278
0.0883654997
0.0933430902
0.0905553733
0.0789490867
0.0587632553
0.0309238707
-0.0031212583
-0.0408444483
-0.0782919431
-0.1109638227
-0.1356125858
-0.1515198349
-0.1600461910
-0.1627423642
-0.1595638362
-0.1486488729
-0.1278259269
-0.0966427256
-0.0573670629
-0.0142307290
0.0284302952
0.0676585609
0.1018030577
0.1290231695
0.1458537218
0.1477133812
0.1315762787
0.0985363572
0.0537883273
0.0042259027
-0.0439425493
-0.0858767650
-0.1176036355
-0.1359630278
-0.1396516590
-0.1303647729
-0.1124977628
-0.0910679833
-0.0692429495
-0.0473437472
-0.0239549847
0.0020144019
0.0301205944
0.0588094939
0.0863789500
0.1108651042
0.1289489146
0.1358805607
0.1276422344
0.1037495063
0.0679520280
0.0263312046
-0.0151319718
-0.0516276111
-0.0793457241
-0.0954400370
-0.0988459115
-0.0912188273
-0.0767693011
-0.0606800797
-0.0468777561
-0.0362729435
-0.0263246003
-0.0122451647
0.0105784646
0.0440873076
0.0860780228
0.1303060777
0.1682252170
0.1919716827
0.1973348112
0.1850465198
0.1595978949
0.1264740367
0.0896967299
0.0511010837
0.0113806863
-0.0284324735
-0.0665229438
-0.1010714862
-0.1309952919
-0.1556413752
-0.1738618528
-0.1837167592
-0.1832542864
-0.1716996412
-0.1501682905
-0.1215630942
-0.0898027961
-0.0587400884
-0.0311808500
-0.0082512159
0.0108569424
0.0287402816
0.0487827551
0.0728731103
0.0986774331
0.1189920048
0.1250344064
0.1120333883
0.0828684789
0.0470541182
0.0160465874
-0.0019642620
-0.0049773026
0.0031601916
0.0154825694
0.0252815210
0.0285985402
0.0250314572
0.0169288732
0.0077544008
0.0005806910
-0.0026775196
-0.0012260794
0.0050792800
0.0160435360
0.0307444486
0.0464459880
0.0577829426
0.0577298231
0.0408621173
0.0071398116
-0.0368690148
-0.0807227606
-0.1149093640
-0.1342854185
-0.1383810258
-0.1295108838
-0.1107241148
-0.0848197164
-0.0544818982
-0.0228715277
0.0061693518
0.0286556534
0.0414695646
0.0433605337
0.0356104318
0.0220334664
0.0080319839
-0.0011278346
-0.0020373699
0.0059725605
0.0210476214
0.0397333725
0.0580835240
0.0727551927
0.0820392003
0.0863059311
0.0871778523
0.0857656938
0.0815655590
0.0732293614
0.0604947362
0.0452518314
0.0305429228
0.0184316937
0.0087915388
0.0000046074
-0.0094560301
-0.0201900585
-0.0321549214
-0.0451405008
-0.0586390100
-0.0712584579
-0.0804567480
-0.0832119967
-0.0775900045
-0.0643431496
-0.0471791414
-0.0309779584
-0.0190290961
-0.0114912562
-0.0061515703
-0.0004558387
0.0069573994
0.0159922404
0.0256819878
0.0348497548
0.0424434113
0.0475848122
0.0495552143
0.0478528130
0.0423144375
0.0331875152
0.0210486068
0.0066564653
-0.0089996948
-0.0244076289
-0.0373903470
-0.0455201780
-0.0470210535
-0.0416486410
-0.0310100030
-0.0181116193
-0.0063730265
0.0014053883
0.0037422850
0.0007438942
-0.0060013557
-0.0138777283
-0.0200148980
-0.0222365741
-0.0198508801
-0.0138710462
-0.0064569156
0.0002092827
0.0050509464
0.0085653922
0.0123648285
0.0181747922
0.0269520592
0.0385215900
0.0517926837
0.0653150340
0.0777739563
0.0881123067
0.0953070869
0.0981409646
0.0953869607
0.0865162136
0.0724613194
0.0556242060
0.0388361493
0.0240649322
0.0119433212
0.0022791775
-0.0052394918
-0.0108345189
-0.0149300052
-0.0184589752
-0.0227139498
-0.0286964202
-0.0364506282
-0.0448993407
-0.0522373059
-0.0565386574
-0.0562724373
-0.0506367956
-0.0397264138
-0.0244870013
-0.0063797752
0.0131191864
0.0327678060
0.0511740420
0.0660589583
0.0740852905
0.0719395377
0.0582738986
0.0351986149
0.0081045195
-0.0163466761
-0.0329656665
-0.0399206178
-0.0388167946
-0.0332633866
-0.0270087316
-0.0226454087
-0.0212356706
-0.0226275408
-0.0260163600
-0.0303948623
-0.0347266419
-0.0378917107
-0.0386154763
-0.0355887258
-0.0278480462
-0.0152795223
0.0010477213
0.0190048055
0.0360046142
0.0497920782
0.0589970072
0.0632196173
0.0627586918
0.0583198260
0.0509151523
0.0418695906
0.0327214722
0.0249565452
0.0196873030
0.0173989184
0.0178409819
0.0201498363
0.0232348325
0.0262837039
0.0290937059
0.0320045443
0.0354562338
0.0394152172
0.0430167825
0.0447089661
0.0429165166
0.0369019930
0.0273444868
0.0162794230
0.0063697114
-0.0001885017
-0.0025796232
-0.0016013376
0.0008883670
0.0028839657
0.0029478751
0.0005080865
-0.0041259057
-0.0098915671
-0.0152737565
-0.0188423868
-0.0198624721
-0.0186159739
-0.0161942070
-0.0138692741
-0.0123952566
-0.0116557410
-0.0109249648
-0.0096290987
-0.0080823995
-0.0076171838
-0.0099148810
-0.0159427515
-0.0252358788
-0.0360198196
-0.0460192510
-0.0533692318
-0.0571067987
-0.0570924318
-0.0535825399
-0.0468560588
-0.0371521000
-0.0248671453
-0.0107938300
0.0037913953
0.0172493711
0.0278517201
0.0341053378
0.0350734447
0.0306441309
0.0216640328
0.0098551226
-0.0025024395
-0.0130984919
-0.0202380519
-0.0233455493
-0.0230397208
-0.0207245733
-0.0179118224
-0.0155786255
-0.0138458825
-0.0121675557
-0.0098999176
-0.0067350381
-0.0025928257
0.0027498564
0.0096424196
0.0180097629
0.0268696180
0.0345337692
0.0394317538
0.0408987002
0.0393474368
0.0358066931
0.0312673108
0.0262721377
0.0208607305
0.0147238893
0.0074207288
-0.0013626938
-0.0115210015
-0.0222905581
-0.0321960426
-0.0392636385
-0.0415591201
-0.0380186444
-0.0292424233
-0.0176076536
-0.0063189060
0.0021339956
0.0070504394
0.0094084862
0.0108101419
0.0123730492
0.0142799500
0.0160070309
0.0168152777
0.0161514607
0.0138630156
0.0102747194
0.0061476034
0.0024786727
0.0001458874
-0.0004754061
0.0002539688
0.0013086960
0.0014115111
-0.0004029341
-0.0044124236
-0.0101649361
-0.0166327695
-0.0224188835
-0.0260542223
-0.0264531937
-0.0233985133
-0.0177159932
-0.0108935685
-0.0043160538
0.0013471228
0.0061369060
0.0102254120
0.0133024035
0.0145175227
0.0130972730
0.0091224100
0.0037152532
-0.0016392353
-0.0061220352
-0.0100989019
-0.0146599470
-0.0205019035
-0.0270415282
-0.0325237154
-0.0350933526
-0.0340315669
-0.0302792787
-0.0259187221
-0.0229079204
-0.0217596393
-0.0209869812
-0.0178499374
-0.0101450973
0.0021078974
0.0163243391
0.0286529131
0.0360263461
0.0376724035
0.0352944548
0.0320054693
0.0307178499
0.0328298292
0.0377591237
0.0434169036
0.0472761570
0.0474500554
0.0433052531
0.0354865323
0.0255356130
0.0153791311
0.0068720442
0.0014427915
-0.0001847020
0.0017661568
0.0059873493
0.0102877896
0.0123560977
0.0109018066
0.0064156838
0.0007451800
-0.0043551073
-0.0084716607
-0.0125068465
-0.0175601961
-0.0237996717
-0.0302391516
-0.0354629678
-0.0385885492
-0.0396857421
-0.0394547046
-0.0385793343
-0.0372963051
-0.0353768960
-0.0323914309
-0.0280586140
-0.0225305253
-0.0164636255
-0.0107840013
-0.0062912795
-0.0033964141
-0.0021510941
-0.0024310198
-0.0039793321
-0.0061626628
-0.0077116622
-0.0069446956
-0.0025956844
0.0052814411
0.0150338844
0.0240170080
0.0297307514
0.0308257660
0.0274540885
0.0208696860
0.0126175893
0.0038184426
-0.0051032586
-0.0142070781
-0.0235349816
-0.0326686207
-0.0406872767
-0.0465895189
-0.0498162305
-0.0504253979
-0.0488258558
-0.0453775203
-0.0401859562
-0.0331404640
-0.0240247014
-0.0125714198
0.0014474742
0.0179451636
0.0360445598
0.0536551697
0.0676041015
0.0747373512
0.0736096350
0.0655801303
0.0543386613
0.0440184726
0.0370541249
0.0330982277
0.0295880072
0.0234474489
0.0127729197
-0.0023838407
-0.0202387262
-0.0381076898
-0.0533467133
-0.0640590616
-0.0694482702
-0.0698426860
-0.0664135496
-0.0606535761
-0.0537929174
-0.0464092323
-0.0384245485
-0.0294486948
-0.0191777617
-0.0075367265
0.0054378391
0.0196785463
0.0348711928
0.0500547282
0.0633818545
0.0723259921
0.0744093413
0.0682584876
0.0544352014
0.0354238608
0.0146602496
-0.0048505436
-0.0215174332
-0.0352700777
-0.0469131547
-0.0572588183
-0.0664892741
-0.0739429007
-0.0783210313
-0.0782217250
-0.0727881882
-0.0621568375
-0.0474096085
-0.0300039993
-0.0111002722
0.0086419483
0.0285892821
0.0474037563
0.0627805015
0.0721450485
0.0739994780
0.0689146025
0.0593606578
0.0485266748
0.0389492261
0.0316663946
0.0261341134
0.0207648301
0.0137761312
0.0040171771
-0.0084674448
-0.0223269854
-0.0353272515
-0.0451437338
-0.0501275050
-0.0497256204
-0.0444996777
-0.0358771360
-0.0257662011
-0.0160818132
-0.0082337370
-0.0027151891
0.0010212515
0.0042917018
0.0085484709
0.0146359416
0.0223449916
0.0305687694
0.0379199777
0.0433100939
0.0460976380
0.0459170575
0.0426128233
0.0364618745
0.0283786279
0.0197035025
0.0116194088
0.0046712459
-0.0012117306
-0.0062796727
-0.0105576922
-0.0138183502
-0.0158462114
-0.0166354147
-0.0162878945
-0.0147597720
-0.0118073370
-0.0073076460
-0.0017308913
0.0036863119
0.0073205624
0.0078790618
0.0049694069
-0.0008062352
-0.0082106384
-0.0159443593
-0.0231583732
-0.0296822739
-0.0358237744
-0.0418041528
-0.0471568995
-0.0505339451
-0.0501442145
-0.0445966155
-0.0335957360
-0.0180833609
0.0001092509
0.0187689185
0.0357490526
0.0493650732
0.0587281938
0.0638816449
0.0655629540
0.0646329601
0.0615304332
0.0561742115
0.0483202390
0.0379404044
0.0252949716
0.0108507962
-0.0046079122
-0.0197341122
-0.0327420977
-0.0422167218
-0.0480870144
-0.0517884566
-0.0552053785
-0.0591296721
-0.0624979004
-0.0630617714
-0.0589696910
-0.0500565089
-0.0379430927
-0.0250081952
-0.0131367604
-0.0031681125
0.0048228376
0.0110431504
0.0158199325
0.0196152610
0.0227904350
0.0251631798
0.0259020125
0.0240788756
0.0194557900
0.0127797833
0.0053660884
-0.0015891205
-0.0074120732
-0.0119391633
-0.0153417184
-0.0180070918
-0.0204138434
-0.0228642232
-0.0251353882
-0.0263110114
-0.0250850522
-0.0205997316
-0.0133767622
-0.0055029526
0.0003707728
0.0026073404
0.0015143832
-0.0010741808
-0.0031767611
-0.0039732439
-0.0042213497
-0.0056120530
-0.0095185547
-0.0159363547
-0.0232966828
-0.0292293185
-0.0316432882
-0.0293105235
-0.0217089488
-0.0086568166
0.0095415228
0.0312951283
0.0529062058
0.0687727573
0.0732275633
0.0633820187
0.0411559302
0.0128309060
-0.0138712277
-0.0333756335
-0.0443000710
-0.0489949220
-0.0512943627
-0.0540915538
-0.0580271196
-0.0616219942
-0.0623891631
-0.0581776091
-0.0480879480
-0.0326003822
-0.0130597047
0.0089256041
0.0316362776
0.0529211432
0.0698920279
0.0793118988
0.0788545261
0.0684722710
0.0507491462
0.0299454339
0.0104351585
-0.0046183684
-0.0139572995
-0.0182426590
-0.0194149108
-0.0196254613
-0.0202455120
-0.0214784472
-0.0226776435
-0.0229958939
-0.0218769691
-0.0191543614
-0.0148357212
-0.0088375095
-0.0009945880
0.0085074932
0.0185311469
0.0268400111
0.0308772344
0.0291635263
0.0222515634
0.0123293088
0.0016895247
-0.0086988022
-0.0193995844
-0.0314423330
-0.0448809887
-0.0580750093
-0.0681862640
-0.0725025443
-0.0696816417
-0.0601700803
-0.0456818706
-0.0282489367
-0.0095432084
0.0091670062
0.0265796778
0.0409975311
0.0505358468
0.0539072563
0.0512232024
0.0441439281
0.0351685325
0.0265541683
0.0196062622
0.0146828978
0.0116765133
0.0105093444
0.0112978994
0.0141347421
0.0187585625
0.0244780372
0.0304121597
0.0357567720
0.0398251669
0.0419352012
0.0413654952
0.0374791504
0.0299502833
0.0189846296
0.0054404773
-0.0092530262
-0.0234114193
-0.0355171074
-0.0445313161
-0.0499827639
-0.0518125743
-0.0500178773
-0.0443392559
-0.0344152983
-0.0204311754
-0.0035605600
0.0144214061
0.0319845845
0.0481883435
0.0622277125
0.0728589163
0.0784924747
0.0779756463
0.0713980036
0.0602189987
0.0465714003
0.0322582820
0.0182057822
0.0047018815
-0.0080168649
-0.0195101889
-0.0294105560
-0.0377827487
-0.0450622521
-0.0515554135
-0.0569497827
-0.0602556248
-0.0602513890
-0.0561527303
-0.0480823984
-0.0370564935
-0.0245785450
-0.0121988829
-0.0012693141
0.0071618884
0.0124766259
0.0146494614
0.0143048457
0.0125072269
0.0102998917
0.0082514579
0.0063551145
0.0043747256
0.0023428872
0.0007866332
0.0005188099
0.0021821204
0.0058659765
0.0110351025
0.0168219944
0.0224365698
0.0273051377
0.0308825421
0.0325356792
0.0317959215
0.0287891741
0.0244043786
0.0199654955
0.0165744893
0.0145524545
0.0133409313
0.0118815746
0.0091697465
0.0046497448
-0.0016365538
-0.0090441700
-0.0164007897
-0.0222421411
-0.0252260329
-0.0245473216
-0.0201416847
-0.0126905217
-0.0035691282
0.0052735687
0.0116621896
0.0138029892
0.0109229506
0.0035808906
-0.0065731770
-0.0174897100
-0.0274880003
-0.0356941178
-0.0419518329
-0.0463737645
-0.0489406701
-0.0494432527
-0.0476930827
-0.0437135777
-0.0377286783
-0.0299904277
-0.0206170462
-0.0095651046
0.0032296231
0.0176122956
0.0329939163
0.0483296527
0.0623591413
0.0740120728
0.0827323735
0.0885247287
0.0917161368
0.0926463555
0.0914758238
0.0881109236
0.0821520955
0.0728971244
0.0595550001
0.0417097133
0.0198802103
-0.0040815758
-0.0269878209
-0.0449525726
-0.0547467784
-0.0553595938
-0.0486150892
-0.0381638954
-0.0275798639
-0.0190164667
-0.0131137059
-0.0097248090
-0.0086483970
-0.0098900976
-0.0134961580
-0.0192780880
-0.0266605544
-0.0346605818
-0.0419213097
-0.0468284055
-0.0478153916
-0.0438812695
-0.0351419166
-0.0230721631
-0.0101398934
0.0011494610
0.0093198470
0.0144440370
0.0177906199
0.0209045228
0.0248034192
0.0298287870
0.0361060903
0.0440429966
0.0542508347
0.0667788339
0.0802044280
0.0914266375
0.0966085804
0.0928661813
0.0796872278
0.0591784003
0.0350054309
0.0107061676
-0.0116118795
-0.0315874803
-0.0500255621
-0.0679163182
-0.0854556641
-0.1013916730
-0.1130299091
-0.1171303572
-0.1114161816
-0.0958126950
-0.0725686131
-0.0452807986
-0.0176376581
0.0074187527
0.0279434712
0.0428081856
0.0513460732
0.0532063377
0.0486469869
0.0390255211
0.0268997522
0.0154078390
0.0071825709
0.0034004000
0.0034688226
0.0055020640
0.0073410607
0.0075721588
0.0059780263
0.0032049184
0.0000071882
-0.0032478773
-0.0064406262
-0.0092285800
-0.0108590602
-0.0105177640
-0.0078872091
-0.0034118806
0.0019366364
0.0071755854
0.0116851923
0.0151866560
0.0174594375
0.0181904385
0.0171896041
0.0147443937
0.0116069004
0.0084237571
0.0050611744
0.0005315090
-0.0062136662
-0.0151014486
-0.0242247836
-0.0302262802
-0.0297365258
-0.0211302614
-0.0055293957
0.0136324362
0.0321895680
0.0469188600
0.0563310633
0.0603211230
0.0591908049
0.0529277562
0.0413149949
0.0246713076
0.0044530996
-0.0169115239
-0.0368455108
-0.0534494255
-0.0657922282
-0.0736858609
-0.0772956297
-0.0768911346
-0.0728072663
-0.0655133268
-0.0556246123
-0.0438009634
-0.0306524381
-0.0167452412
-0.0026409678
0.0111009984
0.0238489618
0.0346790375
0.0422161167
0.0449622543
0.0422134369
0.0349340891
0.0256401146
0.0171119259
0.0109040282
0.0068567359
0.0039170928
0.0014534811
-0.0001046840
0.0002103765
0.0028417355
0.0071923304
0.0120855641
0.0166135618
0.0205192872
0.0238666395
0.0264551732
0.0276134904
0.0266123880
0.0233218033
0.0184545234
0.0131520609
0.0083198857
0.0042338365
0.0005789764
-0.0032077174
-0.0074923758
-0.0121413633
-0.0165351316
-0.0198295544
-0.0212228856
-0.0201358757
-0.0163846767
-0.0103556132
-0.0030283653
0.0042774991
0.0103456549
0.0144427836
0.0164197814
0.0165449343
0.0152867922
0.0132695290
0.0113831932
0.0107587512
0.0123512914
0.0163075950
0.0216587597
0.0266741001
0.0296658496
0.0297414531
0.0271140716
0.0228575152
0.0182607257
0.0141384506
0.0105002159
0.0067649121
0.0023496886
-0.0028104853
-0.0082134418
-0.0132463189
-0.0176882621
-0.0217038314
-0.0253116120
-0.0279508189
-0.0286796242
-0.0268537124
-0.0226600177
-0.0170849383
-0.0114231993
-0.0067240823
-0.0034757364
-0.0015836495
-0.0005371391
0.0003800879
0.0019176586
0.0047192125
0.0091709999
0.0152054488
0.0220712336
0.0281922038
0.0313515414
0.0293977537
0.0213442782
0.0082451579
-0.0069171737
-0.0205308707
-0.0300984475
-0.0352593415
-0.0374573321
-0.0386644034
-0.0401451289
-0.0419703837
-0.0433063250
-0.0430690030
-0.0405026852
-0.0354257798
-0.0281268525
-0.0190944042
-0.0088217163
0.0021919983
0.0132799368
0.0234668382
0.0315682812
0.0366243624
0.0384581232
0.0379306276
0.0365702141
0.0357280728
0.0358313036
0.0362513672
0.0358118192
0.0335080996
0.0289774999
0.0225305426
0.0148376922
0.0065153532
-0.0021225626
-0.0110210554
-0.0201130027
-0.0290319161
-0.0370227892
-0.0431628028
-0.0467696326
-0.0476826835
-0.0461680549
-0.0425151075
-0.0366549115
-0.0281252619
-0.0164364217
-0.0015380774
0.0160135746
0.0352734577
0.0551095732
0.0739964957
0.0895924790
0.0988125443
0.0988066661
0.0883982618
0.0689870767
0.0441638274
0.0181145583
-0.0061993684
-0.0278507605
-0.0473980596
-0.0656940456
-0.0829469091
-0.0983274233
-0.1100444959
-0.1158749381
-0.1141403625
-0.1046520630
-0.0888476817
-0.0689111534
-0.0466387657
-0.0229600804
0.0017803880
0.0272588299
0.0526838644
0.0764405391
0.0960432398
0.1086494705
0.1120946767
0.1059602127
0.0920250859
0.0736345567
0.0541555912
0.0355162948
0.0179123756
0.0007416209
-0.0162890355
-0.0328522267
-0.0484051784
-0.0624947538
-0.0745130043
-0.0832623501
-0.0870318492
-0.0843931350
-0.0751539484
-0.0606309712
-0.0429837610
-0.0241988073
-0.0055634112
0.0120540986
0.0275693955
0.0394119496
0.0459891254
0.0466106889
0.0421773814
0.0350042121
0.0277596231
0.0221795560
0.0183746582
0.0151108882
0.0108402242
0.0048485182
-0.0021795055
-0.0085153518
-0.0123819702
-0.0128849937
-0.0103133683
-0.0057546580
-0.0004070406
0.0049495473
0.0100936894
0.0151904076
0.0205155961
0.0262101145
0.0320933304
0.0375452624
0.0415048940
0.0426513857
0.0397892064
0.0323402650
0.0207147360
0.0063179343
-0.0088959799
-0.0231079680
-0.0351634497
-0.0446658395
-0.0516877931
-0.0563692627
-0.0586665855
-0.0583203187
-0.0549599913
-0.0482940639
-0.0384386648
-0.0263001108
-0.0136477540
-0.0025789316
0.0054442644
0.0103486199
0.0134108555
0.0163816857
0.0203637062
0.0251980165
0.0296819713
0.0323082895
0.0319517619
0.0281707831
0.0212212345
0.0120284854
0.0021457917
-0.0064939696
-0.0121352691
-0.0138468766
-0.0118805373
-0.0075337122
-0.0026471295
0.0009890452
0.0021604646
0.0006187408
-0.0028127017
-0.0065852808
-0.0091613701
-0.0097756637
-0.0087934147
-0.0074649628
-0.0072318160
-0.0089863220
-0.0126646232
-0.0172938463
-0.0213619300
-0.0233060792
-0.0219771744
-0.0169908186
-0.0088801434
0.0010302096
0.0110336675
0.0195767331
0.0256541703
0.0288814698
0.0293078351
0.0272135249
0.0230911979
0.0177587136
0.0123144060
0.0077027171
0.0040413977
0.0002655690
-0.0054266351
-0.0144520763
-0.0268261456
-0.0410200669
-0.0547365694
-0.0659071375
-0.0732006535
-0.0759374206
-0.0738457641
-0.0670648842
-0.0563564344
-0.0431704531
-0.0293205856
-0.0163825761
-0.0051500219
0.0045343479
0.0134698791
0.0224487065
0.0315917419
0.0399997828
0.0459169797
0.0473688244
0.0430161514
0.0328347738
0.0183010429
0.0019621779
-0.0134480089
-0.0258868763
-0.0343831413
-0.0388154548
-0.0394418158
-0.0365701363
-0.0304877286
-0.0215579061
-0.0103477728
0.0023367653
0.0155937444
0.0286524982
0.0408833392
0.0513233905
0.0580542456
0.0584241287
0.0506629620
0.0357956111
0.0179085289
0.0021163283
-0.0082970923
-0.0133689563
-0.0156687082
-0.0181063981
-0.0219739068
-0.0263493318
-0.0289603149
-0.0277124250
-0.0217448056
-0.0113251637
0.0030134252
0.0208761261
0.0412251282
0.0611747614
0.0760240802
0.0812456661
0.0751688426
0.0601334282
0.0410411678
0.0224203530
0.0062231741
-0.0083471457
-0.0233979082
-0.0404727758
-0.0591266379
-0.0764103530
-0.0876613309
-0.0886310542
-0.0779032844
-0.0578093770
-0.0330421950
-0.0081203646
0.0143675259
0.0337796014
0.0502471601
0.0635309609
0.0727557806
0.0769565464
0.0757715182
0.0697235322
0.0600279498
0.0481452428
0.0353027188
0.0221913728
0.0089811786
-0.0043771728
-0.0177756652
-0.0307005525
-0.0422042826
-0.0510432616
-0.0559228078
-0.0558408075
-0.0504785953
-0.0404054103
-0.0268681485
-0.0112837832
0.0051233731
0.0212212864
0.0356079941
0.0465229228
0.0523684839
0.0525633708
0.0479747243
0.0403844218
0.0313125208
0.0211876166
0.0095573074
-0.0039091201
-0.0185097176
-0.0323759662
-0.0431396360
-0.0488916912
-0.0488771168
-0.0436529462
-0.0347416140
-0.0239755237
-0.0128593805
-0.0023154941
0.0071041830
0.0148743269
0.0204398975
0.0234986321
0.0242894779
0.0235137165
0.0218890193
0.0197278536
0.0169156473
0.0132649389
0.0088818896
0.0042229853
-0.0001552156
-0.0039031097
-0.0070192186
-0.0097644779
-0.0124158734
-0.0149858909
-0.0170666036
-0.0179117446
-0.0167423713
-0.0131062631
-0.0070832136
0.0007314439
0.0093682122
0.0176372345
0.0242651786
0.0280266904
0.0278962903
0.0232483954
0.0140806804
0.0011586526
-0.0140303270
-0.0295080210
-0.0430933628
-0.0526467629
-0.0563685798
-0.0532907671
-0.0438481962
-0.0301100569
-0.0152895324
-0.0025930427
0.0060186271
0.0104410021
0.0120842588
0.0128433452
0.0140234548
0.0158135444
0.0175197232
0.0182927357
0.0177933342
0.0163248405
0.0144132113
0.0122752816
0.0096647221
0.0061901596
0.0017687268
-0.0031895332
-0.0079805353
-0.0119648370
-0.0147900531
-0.0163765596
-0.0168055010
-0.0162844454
-0.0152013514
-0.0141103132
-0.0135269146
-0.0136104449
-0.0139717615
-0.0138105357
-0.0123539712
-0.0093144616
-0.0050419598
-0.0002811458
0.0042644470
0.0082377212
0.0115886522
0.0142244619
0.0156586376
0.0150285162
0.0115777343
0.0052798298
-0.0029069666
-0.0113977849
-0.0186921998
-0.0238979493
-0.0267292251
-0.0271274271
-0.0249978393
-0.0203798971
-0.0138148666
-0.0063908391
0.0006975903
0.0066860549
0.0114145895
0.0150631974
0.0177339475
0.0192138346
0.0190791469
0.0170389330
0.0132275780
0.0082092787
0.0027383749
-0.0024838126
-0.0069105089
-0.0101488317
-0.0119424222
-0.0121726818
-0.0108932659
-0.0083806279
-0.0051125443
-0.0016000893
0.0018365400
0.0051184320
0.0081655642
0.0105468868
0.0113774188
0.0096292111
0.0046806302
-0.0032416197
-0.0129766324
-0.0227301320
-0.0306201601
-0.0352336245
-0.0359581941
-0.0329675424
-0.0269470455
-0.0187746064
-0.0093007862
0.0007480835
0.0107525532
0.0200789872
0.0279717210
0.0336350073
0.0365493207
0.0367881815
0.0350327557
0.0322300063
0.0291063958
0.0257703591
0.0215663430
0.0153148517
0.0059423087
-0.0067756683
-0.0218090072
-0.0370531568
-0.0499584387
-0.0582591945
-0.0605432137
-0.0565389081
-0.0470739224
-0.0337268968
-0.0183114853
-0.0024085471
0.0128819941
0.0268873735
0.0390937251
0.0489145555
0.0557211438
0.0590515531
0.0587440562
0.0549238061
0.0479827203
0.0385646475
0.0274071065
0.0150778582
0.0018759876
-0.0119571609
-0.0258925383
-0.0389014661
-0.0495282785
-0.0562096966
-0.0577135890
-0.0535445047
-0.0441556153
-0.0308338657
-0.0153247495
0.0005134772
0.0148256852
0.0257923071
0.0319200631
0.0326366020
0.0287940495
0.0225662005
0.0165478301
0.0124640397
0.0103622953
0.0089009763
0.0064902785
0.0024631708
-0.0024275785
-0.0064162932
-0.0077859025
-0.0059448173
-0.0017968114
0.0028632824
0.0064455673
0.0083247179
0.0088044621
0.0084880097
0.0076426406
0.0060354568
0.0032560756
-0.0008445236
-0.0059585420
-0.0114182547
-0.0164169806
-0.0202207200
-0.0223591510
-0.0227813066
-0.0218784559
-0.0202756721
-0.0184406838
-0.0163370203
-0.0133961688
-0.0088994376
-0.0025281288
0.0053222278
0.0136935777
0.0215582000
0.0282963769
0.0338316490
0.0383826839
0.0420565765
0.0445440492
0.0450429579
0.0424352164
0.0356890262
0.0243667671
0.0090183061
-0.0087537717
-0.0265970357
-0.0419542534
-0.0526627549
-0.0574409894
-0.0560952886
-0.0493969881
-0.0387870062
-0.0260863187
-0.0131429757
-0.0013052798
0.0090181851
0.0182669928
0.0270093280
0.0350508224
0.0410432338
0.0429972289
0.0394447895
0.0304148567
0.0174409300
0.0026159640
-0.0124523266
-0.0269178708
-0.0401043276
-0.0507075755
-0.0566514316
-0.0560412527
-0.0486513955
-0.0365541356
-0.0230194412
-0.0104490673
0.0009235461
0.0125587558
0.0258314746
0.0403474932
0.0536084470
0.0622824918
0.0641281732
0.0591670762
0.0493635258
0.0372409121
0.0245685781
0.0120027944
-0.0003476756
-0.0121909214
-0.0227990102
-0.0312456221
-0.0367223634
-0.0386744740
-0.0368454676
-0.0313961808
-0.0230245240
-0.0128711108
-0.0021859352
0.0079840129
0.0168357216
0.0236576277
0.0277601159
0.0286373101
0.0262517284
0.0211949038
0.0145486337
0.0075183962
0.0010740650
-0.0042303330
-0.0082350354
-0.0110518120
-0.0129618592
-0.0143458804
-0.0155477305
-0.0166982159
-0.0176711895
-0.0182327785
-0.0182202442
-0.0175732663
-0.0162108560
-0.0138953541
-0.0102465215
-0.0049587121
0.0018888159
0.0096463010
0.0172062877
0.0234132778
0.0275449666
0.0295466181
0.0298433441
0.0288727390
0.0266817935
0.0228482484
0.0167389135
0.0079283200
-0.0034297381
-0.0164204902
-0.0294171689
-0.0403528440
-0.0471775076
-0.0484149033
-0.0436352253
-0.0336441444
-0.0202918457
-0.0059340810
0.0073048738
0.0181771002
0.0265142574
0.0328686683
0.0378403546
0.0415455225
0.0435373799
0.0431610826
0.0400522972
0.0344575779
0.0272120035
0.0194120928
0.0119591145
0.0051929256
-0.0011814348
-0.0078004735
-0.0151028749
-0.0228257645
-0.0298127258
-0.0342813282
-0.0345007823
-0.0296173980
-0.0201843618
-0.0080199043
0.0045504402
0.0155575678
0.0238512007
0.0290952014
0.0315429100
0.0317499854
0.0302038654
0.0269685267
0.0216545413
0.0138572930
0.0037589807
-0.0076005365
-0.0185819671
-0.0275238571
-0.0332616059
-0.0353450848
-0.0339320445
-0.0295200626
-0.0227289218
-0.0142135181
-0.0045882731
0.0057121693
0.0164481175
0.0272799222
0.0373372966
0.0450816846
0.0486946432
0.0468264778
0.0392711245
0.0271487787
0.0124476759
-0.0028407924
-0.0174574752
-0.0309945902
-0.0433090566
-0.0536747492
-0.0604286933
-0.0616930162
-0.0568367233
-0.0473323971
-0.0359531976
-0.0248815468
-0.0143887996
-0.0031021422
0.0105397206
0.0268001520
0.0440068460
0.0589667174
0.0681377778
0.0690688177
0.0614758441
0.0473329677
0.0298064327
0.0116712749
-0.0057031697
-0.0221950207
-0.0379175141
-0.0522142514
-0.0634030936
-0.0695106132
-0.0695007673
-0.0640113362
-0.0549569917
-0.0443414947
-0.0332346874
-0.0215784364
-0.0087355580
0.0057737344
0.0217583599
0.0381092199
0.0528026465
0.0633772903
0.0679034468
0.0658603111
0.0582354917
0.0468723102
0.0336556846
0.0199879708
0.0066397471
-0.0061222694
-0.0182683241
-0.0297607214
-0.0403949507
-0.0497058421
-0.0569307306
-0.0611117700
-0.0613741433
-0.0572595963
-0.0489291558
-0.0371762783
-0.0233232296
-0.0090644410
0.0037662566
0.0135753056
0.0194635353
0.0215337019
0.0208670582
0.0191426916
0.0179616398
0.0181017215
0.0191226107
0.0196357135
0.0180829978
0.0135081909
0.0059197677
-0.0037856554
-0.0141539845
-0.0235862686
-0.0307214459
-0.0347083505
-0.0353100492
-0.0328591854
-0.0281335346
-0.0221876817
-0.0161109014
-0.0106889567
-0.0060842438
-0.0017701013
0.0031403010
0.0093237629
0.0167741479
0.0247031361
0.0318249147
0.0368091354
0.0386503217
0.0368546997
0.0314898337
0.0231708383
0.0129951227
0.0023954043
-0.0070937182
-0.0141331602
-0.0178935050
-0.0182832096
-0.0159327672
-0.0118808485
-0.0071268624
-0.0023232836
0.0022330910
0.0063929976
0.0099713026
0.0127435202
0.0145165977
0.0150848082
0.0140883133
0.0109928662
0.0053398579
-0.0028323883
-0.0126567569
-0.0224105935
-0.0298737808
-0.0330393942
-0.0309530800
-0.0242120850
-0.0146785064
-0.0044789341
0.0050173147
0.0135321617
0.0214329606
0.0289918582
0.0358487047
0.0409174844
0.0427935421
0.0405413687
0.0344037581
0.0258513134
0.0168372690
0.0087883404
0.0020817483
-0.0036764859
-0.0089195963
-0.0136145078
-0.0173487034
-0.0197490323
-0.0207134999
-0.0203039910
-0.0185727868
-0.0155776400
-0.0115319884
-0.0068768331
-0.0021786471
0.0020301718
0.0052980089
0.0072105864
0.0074565726
0.0060877508
0.0037608504
0.0016336545
0.0008369537
0.0018431002
0.0041805821
0.0066807844
0.0080725276
0.0075601968
0.0051053306
0.0013677439
-0.0025601094
-0.0054867004
-0.0064631335
-0.0050952522
-0.0017264481
0.0026580949
0.0068681819
0.0101007259
0.0122988375
0.0140087507
0.0158413359
0.0179343409
0.0197739021
0.0204654070
0.0192617675
0.0160287023
0.0113965660
0.0065521470
0.0028077364
0.0011537400
0.0019661819
0.0049000843
0.0089095688
0.0124239558
0.0137937657
0.0119554493
0.0069817505
0.0001045335
-0.0069008134
-0.0126070778
-0.0165353304
-0.0191668266
-0.0214788621
-0.0243208656
-0.0279198981
-0.0317035826
-0.0344982150
-0.0350232729
-0.0324636112
-0.0268107500
-0.0187337705
-0.0090419916
0.0018299513
0.0138389929
0.0267840649
0.0396787661
0.0506579310
0.0575845202
0.0589160528
0.0542802687
0.0445811162
0.0317391109
0.0181477094
0.0059339427
-0.0037123712
-0.0108134872
-0.0163212530
-0.0214087305
-0.0266933683
-0.0318137203
-0.0355839714
-0.0366338193
-0.0341619583
-0.0283698711
-0.0203492269
-0.0115499946
-0.0031971385
0.0039957140
0.0097205386
0.0138027385
0.0160709904
0.0164568916
0.0151466845
0.0125876021
0.0093443797
0.0059484704
0.0028200433
0.0002146872
-0.0018371840
-0.0035321780
-0.0051668603
-0.0069169490
-0.0086454061
-0.0098833204
-0.0100553084
-0.0088456179
-0.0064537812
-0.0035570884
-0.0010206680
0.0004585152
0.0006006667
-0.0004114253
-0.0021070598
-0.0040307548
-0.0059798304
-0.0080056601
-0.0101806775
-0.0123119596
-0.0138223526
-0.0139160487
-0.0119591836
-0.0078453143
-0.0021024377
0.0043268981
0.0104579105
0.0155148993
0.0189377599
0.0202991848
0.0193587831
0.0162482601
0.0115499860
0.0061109929
0.0006941177
-0.0043043372
-0.0088941041
-0.0132413484
-0.0172494316
-0.0202743323
-0.0212847186
-0.0194720759
-0.0148909327
-0.0085973452
-0.0021399014
0.0031937283
0.0068083422
0.0086992604
0.0090590124
0.0079948192
0.0055694208
0.0020626529
-0.0018323916
-0.0051003549
-0.0067812871
-0.0064298899
-0.0043695027
-0.0015575332
0.0008599388
0.0020123618
0.0015428706
-0.0003859164
-0.0031751230
-0.0058963934
-0.0075022865
-0.0071935241
-0.0048057451
-0.0009343135
0.0033960605
0.0073671555
0.0108401464
0.0142842635
0.0182123000
0.0225454541
0.0263510520
0.0281392139
0.0265807929
0.0212789010
0.0131667217
0.0042557456
-0.0031944336
-0.0076597036
-0.0089742631
-0.0083657924
-0.0079825952
-0.0100697877
-0.0159896039
-0.0254834357
-0.0366465956
-0.0467551533
-0.0534710450
-0.0556610396
-0.0534364330
-0.0476572864
-0.0394070828
-0.0297247349
-0.0195422162
-0.0096179388
-0.0003601338
0.0083685119
0.0172560359
0.0271911101
0.0385317558
0.0503533127
0.0603668084
0.0658712029
0.0651666105
0.0584046530
0.0473701643
0.0345230070
0.0220107923
0.0111437014
0.0023657827
-0.0045280012
-0.0101236593
-0.0151072490
-0.0199690138
-0.0247994341
-0.0292905897
-0.0329268361
-0.0352175806
-0.0358575738
-0.0347905583
-0.0322140920
-0.0285505640
-0.0243499797
-0.0200823671
-0.0158945679
-0.0115270352
-0.0065113776
-0.0005484140
0.0061860933
0.0130018653
0.0189305246
0.0230603722
0.0247569126
0.0236893784
0.0197751988
0.0131801983
0.0043792440
-0.0058006598
-0.0161881905
-0.0253212418
-0.0315981733
-0.0335967906
-0.0305275877
-0.0226332461
-0.0112999135
0.0012548400
0.0126658594
0.0212044299
0.0262477607
0.0281257547
0.0274919162
0.0247783938
0.0201949512
0.0141631821
0.0076045587
0.0016383138
-0.0030806342
-0.0067090091
-0.0099178027
-0.0132717592
-0.0168232478
-0.0201654912
-0.0227901411
-0.0243854907
-0.0248320493
-0.0239662915
-0.0213756659
-0.0164491289
-0.0087421796
0.0015070173
0.0130752558
0.0239791284
0.0322078422
0.0365445231
0.0369499086
0.0342829274
0.0296320934
0.0237725198
0.0170612614
0.0096838520
0.0019358748
-0.0056903051
-0.0126130856
-0.0183056590
-0.0223505845
-0.0244059865
-0.0241896443
-0.0215696451
-0.0167301741
-0.0102572924
-0.0030036865
0.0042415075
0.0110735958
0.0175259472
0.0237692349
0.0296651667
0.0345481793
0.0374357817
0.0375123879
0.0344902189
0.0285810008
0.0202182131
0.0098908410
-0.0017504976
-0.0137006315
-0.0245870251
-0.0329308644
-0.0375547971
-0.0379235997
-0.0342468459
-0.0273231871
-0.0182488051
-0.0081362486
0.0020842396
0.0117734857
0.0206048923
0.0285146986
0.0355834441
0.0418334658
0.0469519938
0.0500871531
0.0499354448
0.0452152744
0.0353414714
0.0208795752
0.0034345564
-0.0149601394
-0.0324838304
-0.0477730689
-0.0597257779
-0.0672083977
-0.0690709183
-0.0646095339
-0.0541931596
-0.0395129761
-0.0230580209
-0.0070169399
0.0075650394
0.0206287420
0.0320456741
0.0406630552
0.0445051064
0.0421921200
0.0343550040
0.0236491822
0.0132463967
0.0050875250
-0.0007640609
-0.0054733570
-0.0102696019
-0.0156224523
-0.0210998419
-0.0257600809
-0.0286943974
-0.0293623810
-0.0275766482
-0.0233171008
-0.0167127471
-0.0082888162
0.0008024776
0.0089132427
0.0144345715
0.0164406143
0.0150486576
0.0113023945
0.0066779638
0.0024871303
-0.0005496217
-0.0024054628
-0.0035462319
-0.0045892758
-0.0059949036
-0.0078703743
-0.0098883428
-0.0113246537
-0.0112584552
-0.0089450712
-0.0042327620
0.0022310898
0.0091819350
0.0152220373
0.0193067527
0.0209721562
0.0202523583
0.0174403162
0.0129116615
0.0071342412
0.0007821807
-0.0052667561
-0.0101754217
-0.0134970570
-0.0153359872
-0.0161684123
-0.0164701693
-0.0164316328
-0.0158980775
-0.0144739378
-0.0116720096
-0.0070337981
-0.0002309003
0.0087641881
0.0193799531
0.0301867236
0.0390051896
0.0435521704
0.0423652404
0.0354578590
0.0242741515
0.0109711948
-0.0024779094
-0.0147945223
-0.0253238351
-0.0336459683
-0.0392654019
-0.0415969650
-0.0401958972
-0.0350481340
-0.0267035600
-0.0161058099
-0.0042426252
0.0080155034
0.0197010043
0.0294714295
0.0357795499
0.0375937831
0.0350933008
0.0296487078
0.0230501805
0.0166091877
0.0107513430
0.0052180219
-0.0004059932
-0.0062027725
-0.0117062672
-0.0160256854
-0.0182146340
-0.0177095618
-0.0146262859
-0.0097480277
-0.0041934743
0.0010424517
0.0053991815
0.0087468389
0.0111473580
0.0126517864
0.0133087571
0.0132800924
0.0128496469
0.0122733712
0.0115888164
0.0105230543
0.0085733424
0.0052510519
0.0003927641
-0.0056206515
-0.0118703111
-0.0171472900
-0.0203192829
-0.0206568016
-0.0180180355
-0.0128655871
-0.0061305723
0.0010258537
0.0074703880
0.0123134032
0.0150715910
0.0157656287
0.0148902671
0.0132141619
0.0114568258
0.0099769647
0.0086307314
0.0068903227
0.0041711442
0.0002030144
-0.0047164377
-0.0096681971
-0.0132750095
-0.0140849939
-0.0111221684
-0.0044017409
0.0049004422
0.0148036334
0.0232408144
0.0287313001
0.0306617135
0.0291287674
0.0245845096
0.0176155804
0.0089887943
-0.0002510768
-0.0089390720
-0.0162107523
-0.0218396774
-0.0261756754
-0.0296937968
-0.0324772780
-0.0340101289
-0.0334449439
-0.0301542641
-0.0241495604
-0.0160721747
-0.0068183688
0.0028607202
0.0124686817
0.0215223519
0.0292073705
0.0342906987
0.0354723383
0.0319992280
0.0241301885
0.0131443934
0.0009358401
-0.0105276963
-0.0196745785
-0.0256727730
-0.0286098988
-0.0293914952
-0.0292856105
-0.0292531164
-0.0294292451
-0.0290999126
-0.0271958299
-0.0229695719
-0.0164313907
-0.0083294490
0.0002324394
0.0082385787
0.0150117030
0.0202194752
0.0237594927
0.0256450160
0.0259378261
0.0247055565
0.0219788514
0.0177509423
0.0121074256
0.0054374674
-0.0015045597
-0.0078383487
-0.0129365486
-0.0166064302
-0.0189555154
-0.0201479864
-0.0203041034
-0.0195574994
-0.0181254762
-0.0162981208
-0.0143629271
-0.0125185942
-0.0108202212
-0.0091953856
-0.0075499809
-0.0059168796
-0.0045278084
-0.0037144873
-0.0036650572
-0.0041916711
-0.0047002581
-0.0044516327
-0.0029802525
-0.0003672094
0.0028669752
0.0061811686
0.0094132233
0.0128501656
0.0169339387
0.0218054025
0.0269671522
0.0312796376
0.0333457327
0.0321066255
0.0273273710
0.0197145154
0.0106284203
0.0015703675
-0.0063007519
-0.0124356430
-0.0169110399
-0.0202653767
-0.0232402352
-0.0264704824
-0.0301734200
-0.0339388649
-0.0367447177
-0.0372504987
-0.0342877336
-0.0273383839
-0.0167392593
-0.0034722130
0.0113214985
0.0267113745
0.0419349505
0.0560206619
0.0675117366
0.0746839377
0.0762450990
0.0720522082
0.0632880460
0.0518768018
0.0394526126
0.0265415216
0.0124888836
-0.0038128626
-0.0228036176
-0.0433157906
-0.0624125806
-0.0763761214
-0.0824888276
-0.0803644350
-0.0718019455
-0.0594447500
-0.0454514554
-0.0310255369
-0.0167106638
-0.0028575633
0.0101829423
0.0221306116
0.0328338315
0.0421255066
0.0496128635
0.0546802428
0.0567746655
0.0557032500
0.0516636408
0.0450415662
0.0362432070
0.0257124765
0.0140116206
0.0017743206
-0.0104798239
-0.0224426209
-0.0338416765
-0.0440704511
-0.0519539959
-0.0559462773
-0.0547749849
-0.0481760945
-0.0371970506
-0.0237939491
-0.0099745961
0.0029113579
0.0143098075
0.0241067795
0.0321940544
0.0382598909
0.0418521981
0.0425896910
0.0403435081
0.0352641045
0.0276599711
0.0178505080
0.0061302871
-0.0071155556
-0.0212512131
-0.0353079141
-0.0480243256
-0.0579660818
-0.0637252600
-0.0642554786
-0.0593061811
-0.0496846808
-0.0370310964
-0.0231258272
-0.0091554315
0.0045832792
0.0183970385
0.0325198946
0.0464096645
0.0583953258
0.0659952840
0.0669353745
0.0604124765
0.0477946365
0.0321926368
0.0170866412
0.0048433005
-0.0040042858
-0.0104244914
-0.0158936083
-0.0214203053
-0.0270518409
-0.0319570090
-0.0349107926
-0.0348798717
-0.0313998460
-0.0246007783
-0.0149862626
-0.0032043772
0.0099861363
0.0235419576
0.0359712989
0.0454621830
0.0503761857
0.0499064170
0.0445040518
0.0357314008
0.0255640357
0.0155572566
0.0063582205
-0.0022337756
-0.0107856265
-0.0196570218
-0.0286485305
-0.0370266272
-0.0438268014
-0.0481803302
-0.0494585445
-0.0472706332
-0.0415174802
-0.0325935099
-0.0215513104
-0.0099491039
0.0006594295
0.0093084970
0.0158835377
0.0208835775
0.0248382300
0.0277669881
0.0290408025
0.0277665300
0.0234531369
0.0164892474
0.0080698064
-0.0003902518
-0.0079066840
-0.0141595169
-0.0192192892
-0.0231036026
-0.0255436004
-0.0260842873
-0.0243830703
-0.0204843986
-0.0149077287
-0.0085029575
-0.0021480150
0.0035512932
0.0083825806
0.0124101767
0.0157470174
0.0184084404
0.0202996256
0.0212702134
0.0211890775
0.0200276570
0.0179084684
0.0150579848
0.0116789856
0.0078553927
0.0035858404
-0.0010835945
-0.0059341104
-0.0105498864
-0.0144148364
-0.0170840652
-0.0183414898
-0.0182646675
-0.0171576546
-0.0153950021
-0.0132918141
-0.0110996412
-0.0090772952
-0.0074810137
-0.0064277677
-0.0057779865
-0.0052003640
-0.0044077047
-0.0033859596
-0.0024128883
-0.0018225656
-0.0016973884
-0.0017455703
-0.0014605565
-0.0004241956
0.0014845316
0.0041050530
0.0071598674
0.0103742937
0.0134432027
0.0159228003
0.0172172574
0.0167452153
0.0142120918
0.0098117366
0.0041951850
-0.0018139541
-0.0075815924
-0.0128357295
-0.0175216855
-0.0214745140
-0.0242215333
-0.0251433064
-0.0239101551
-0.0208126765
-0.0166606303
-0.0123233961
-0.0083017386
-0.0046412448
-0.0011677006
0.0022067906
0.0053475039
0.0079797504
0.0098807790
0.0110454065
0.0117415534
0.0124042813
0.0133817500
0.0146705536
0.0158361061
0.0161755525
0.0149927200
0.0118240551
0.0065464227
-0.0006193831
-0.0091467612
-0.0182095857
-0.0266711178
-0.0331659389
-0.0363604935
-0.0353274244
-0.0298586619
-0.0205576855
-0.0086639828
0.0043077526
0.0169844823
0.0284601441
0.0383733135
0.0466317552
0.0529102600
0.0562956214
0.0554794131
0.0495352026
0.0387739878
0.0249460510
0.0104987205
-0.0026092906
-0.0136650167
-0.0230414843
-0.0313799381
-0.0387674613
-0.0444485637
-0.0472088348
-0.0461664729
-0.0414206203
-0.0340661357
-0.0255466173
-0.0168328344
-0.0080380712
0.0012602099
0.0112329976
0.0211585111
0.0294597337
0.0344464612
0.0352092474
0.0319834089
0.0257804211
0.0177419176
0.0087963797
-0.0002587287
-0.0085613242
-0.0151840800
-0.0193535014
-0.0207179777
-0.0194802535
-0.0163104995
-0.0120640396
-0.0074318325
-0.0027079114
0.0022064137
0.0075869822
0.0135707674
0.0198530239
0.0255477929
0.0293585515
0.0300519755
0.0270074695
0.0205258742
0.0117078232
0.0019825924
-0.0074048509
-0.0156573150
-0.0223679164
-0.0273065640
-0.0302641079
-0.0310570542
-0.0296430285
-0.0262276971
-0.0212739218
-0.0154042948
-0.0092424801
-0.0032388146
0.0024463895
0.0078987338
0.0132183026
0.0182553489
0.0225387720
0.0254908699
0.0267584603
0.0263827163
0.0246885012
0.0220093314
0.0184577823
0.0139083552
0.0082269201
0.0015800932
-0.0054302217
-0.0119169560
-0.0170244019
-0.0202233738
-0.0214526179
-0.0210606225
-0.0195799056
-0.0174527814
-0.0148664692
-0.0117929960
-0.0081811724
-0.0041374312
0.0000483855
0.0040518228
0.0077042895
0.0110554945
0.0142378952
0.0172293681
0.0196963882
0.0210501109
0.0206911110
0.0182832874
0.0138984402
0.0079855620
0.0012169777
-0.0057179359
-0.0122970481
-0.0182403855
-0.0234063191
-0.0275559709
-0.0301707402
-0.0305276655
-0.0280451807
-0.0226754046
-0.0150598779
-0.0063218001
0.0023858393
0.0102783241
0.0169952445
0.0223078381
0.0257931974
0.0268500904
0.0251315328
0.0210516064
0.0158465312
0.0110088669
0.0074871114
0.0052455299
0.0034519178
0.0011032025
-0.0023115713
-0.0064634032
-0.0103124952
-0.0126275995
-0.0125895470
-0.0101416136
-0.0059409853
-0.0010332939
0.0035109647
0.0068599680
0.0085820810
0.0087121405
0.0076916411
0.0061969022
0.0049359826
0.0044752577
0.0050735073
0.0065023002
0.0079693573
0.0083430102
0.0066952516
0.0028542214
-0.0024291457
-0.0078153754
-0.0119717179
-0.0140854780
-0.0140841035
-0.0125293564
-0.0102649599
-0.0079814741
-0.0059218329
-0.0038958605
-0.0015706009
0.0011936043
0.0041925675
0.0069688151
0.0090236915
0.0100036325
0.0097900047
0.0085045593
0.0064632934
0.0040868886
0.0017780990
-0.0001780234
-0.0016297896
-0.0024958637
-0.0026909244
-0.0021110665
-0.0007031330
0.0014215126
0.0039194708
0.0062714277
0.0079478501
0.0085734393
0.0079676569
0.0060438107
0.0027066528
-0.0020593758
-0.0078926482
-0.0138413183
-0.0186036298
-0.0211969093
-0.0215150474
-0.0202628871
-0.0183461924
-0.0162715307
-0.0139987492
-0.0112353921
-0.0078493884
-0.0040859360
-0.0004930832
0.0023348998
0.0040256546
0.0046121859
0.0046069967
0.0049473715
0.0067525360
0.0108722688
0.0173557572
0.0251372381
0.0322522828
0.0366731511
0.0373633161
0.0347994706
0.0305009804
0.0258973964
0.0213874049
0.0162332622
0.0092707298
-0.0001242816
-0.0114327599
-0.0230668900
-0.0330072372
-0.0396180050
-0.0422123564
-0.0411355295
-0.0374066502
-0.0321708011
-0.0262585402
-0.0200488357
-0.0136329548
-0.0070635434
-0.0004528308
0.0060949282
0.0125307741
0.0187646827
0.0244884104
0.0290763999
0.0316614241
0.0313808716
0.0276976431
0.0206430830
0.0108537785
-0.0005996689
-0.0124563030
-0.0234354765
-0.0322935682
-0.0378640056
-0.0392209959
-0.0360303052
-0.0289146900
-0.0194560666
-0.0096157605
-0.0008652953
0.0063601551
0.0125342405
0.0184079130
0.0243342297
0.0299182474
0.0341163853
0.0356891386
0.0337927754
0.0284396570
0.0205791494
0.0117130011
0.0032388872
-0.0040930295
-0.0103161345
-0.0159500041
-0.0214813171
-0.0269095463
-0.0316231037
-0.0346920300
-0.0353478683
-0.0332757481
-0.0285875791
-0.0216454388
-0.0129335404
-0.0030524899
0.0071957215
0.0167186857
0.0241704366
0.0282064583
0.0279279114
0.0233141790
0.0153698644
0.0058410514
-0.0033642571
-0.0107366476
-0.0154671825
-0.0174558847
-0.0171351360
-0.0152240774
-0.0124710848
-0.0094006890
-0.0061229757
-0.0023174391
0.0025524790
0.0088848373
0.0166384921
0.0252183221
0.0335378016
0.0401975742
0.0437952928
0.0433617353
0.0387473200
0.0306947176
0.0205094932
0.0095317806
-0.0012650204
-0.0113425042
-0.0203984651
-0.0281306733
-0.0341513690
-0.0380576823
-0.0395628108
-0.0386038151
-0.0353872606
-0.0303374984
-0.0239298124
-0.0164741630
-0.0080371982
0.0013242688
0.0111367600
0.0202969372
0.0273966555
0.0314417970
0.0324227494
0.0312660919
0.0292199653
0.0271512769
0.0251972472
0.0228755819
0.0194841780
0.0145490227
0.0081196549
0.0008057743
-0.0064378004
-0.0126599034
-0.0172387991
-0.0200491901
-0.0214289583
-0.0219967712
-0.0224163334
-0.0231739157
-0.0244087267
-0.0258268412
-0.0267378435
-0.0262450204
-0.0235555552
-0.0182960465
-0.0106858707
-0.0014911990
0.0082040895
0.0172865246
0.0248459840
0.0302882948
0.0333206728
0.0338512285
0.0319125771
0.0277038498
0.0217052145
0.0146706919
0.0073750694
0.0002694078
-0.0066566745
-0.0136693389
-0.0208888592
-0.0279612440
-0.0340010178
-0.0378319350
-0.0384155152
-0.0352717029
-0.0286748698
-0.0194905576
-0.0087308555
0.0028610928
0.0148762805
0.0269095636
0.0381426649
0.0472396519
0.0527233432
0.0535851332
0.0496774800
0.0416478284
0.0305555608
0.0174881281
0.0034019638
-0.0107997946
-0.0241465176
-0.0356262423
-0.0443828925
-0.0499167470
-0.0521173309
-0.0511180439
-0.0471381067
-0.0404497991
-0.0314248714
-0.0205158900
-0.0081507071
0.0052715451
0.0191081142
0.0320746759
0.0422175344
0.0475710072
0.0471590347
0.0415691216
0.0326452031
0.0225122684
0.0125901521
0.0032173593
-0.0059762326
-0.0153423062
-0.0246780847
-0.0331412074
-0.0395382781
-0.0427511243
-0.0420816797
-0.0373701451
-0.0288934163
-0.0172243284
-0.0032444040
0.0117066303
0.0258010984
0.0370347184
0.0438419290
0.0456926847
0.0432754301
0.0381022871
0.0317754517
0.0253553524
0.0191432189
0.0128988592
0.0062642114
-0.0008991120
-0.0084168226
-0.0158887156
-0.0228042832
-0.0286067782
-0.0327466619
-0.0347788279
-0.0345032200
-0.0320708292
-0.0279583049
-0.0227803384
-0.0170192844
-0.0108266180
-0.0040248887
0.0036534651
0.0121851124
0.0209393249
0.0286702018
0.0339045641
0.0355591708
0.0334474335
0.0283727756
0.0217349424
0.0148848557
0.0086240459
0.0031177496
-0.0018091841
-0.0062725376
-0.0101244978
-0.0130686689
-0.0149594738
-0.0160150701
-0.0167562368
-0.0177139186
-0.0191066273
-0.0206826223
-0.0218070190
-0.0217433706
-0.0199679592
-0.0163417747
-0.0110858016
-0.0046542727
0.0023674769
0.0093122832
0.0154749537
0.0201901363
0.0229278629
0.0233882005
0.0215878415
0.0179102837
0.0130541463
0.0078445795
0.0029751385
-0.0011755021
-0.0045343600
-0.0071482113
-0.0089689209
-0.0097786287
-0.0093015642
-0.0074085187
-0.0042716832
-0.0003803945
0.0035807791
0.0069113872
0.0090333127
0.0095622606
0.0083623018
0.0056025261
0.0017448796
-0.0026055804
-0.0069362250
-0.0109806344
-0.0146491156
-0.0177847936
-0.0199657462
-0.0205488855
-0.0189586101
-0.0150239261
-0.0091132470
-0.0019485241
0.0057783954
0.0136980727
0.0217069088
0.0295698541
0.0365145877
0.0412466700
0.0424867713
0.0396547781
0.0331766838
0.0242244724
0.0141420898
0.0039511360
-0.0058266093
-0.0150424596
-0.0236535130
-0.0315082116
-0.0382711459
-0.0434533741
-0.0464702095
-0.0467189853
-0.0437212020
-0.0373256786
-0.0278545295
-0.0160556381
-0.0028753456
0.0107656840
0.0239961578
0.0358246388
0.0450047758
0.0502111304
0.0505424252
0.0460342662
0.0377786426
0.0275064647
0.0168479102
0.0067005688
-0.0029060650
-0.0124019819
-0.0220457673
-0.0314956168
-0.0397896645
-0.0456900741
-0.0481839868
-0.0468914833
-0.0421730332
-0.0348907722
-0.0259970572
-0.0162359852
-0.0061387032
0.0037640100
0.0127626242
0.0200125467
0.0247602061
0.0265969752
0.0256065054
0.0223493051
0.0176958605
0.0125862190
0.0078157869
0.0038960446
0.0009773425
-0.0011675943
-0.0030447489
-0.0052034579
-0.0079694273
-0.0113089987
-0.0148777847
-0.0181764605
-0.0207104571
-0.0221048428
-0.0221603742
-0.0208468477
-0.0182494621
-0.0145141946
-0.0098364680
-0.0044901147
0.0011518002
0.0066494902
0.0115536166
0.0154238051
0.0178148068
0.0183286789
0.0167913156
0.0134767428
0.0091846926
0.0050158599
0.0019077772
0.0002216131
-0.0003210392
-0.0003112428
-0.0002063660
-0.0001143890
0.0000659118
0.0003322157
0.0003948610
-0.0002133379
-0.0018083620
-0.0042359449
-0.0067833445
-0.0084085232
-0.0081853312
-0.0057197919
-0.0013072083
0.0042208778
0.0098127047
0.0144892989
0.0175327503
0.0185847419
0.0176856429
0.0152647058
0.0120508570
0.0088593884
0.0062855068
0.0044504968
0.0029729965
0.0012006356
-0.0014404282
-0.0051782017
-0.0098094372
-0.0147760061
-0.0193292367
-0.0227274695
-0.0244364751
-0.0242889074
-0.0225239037
-0.0196606525
-0.0162544581
-0.0126575781
-0.0089003021
-0.0047323857
0.0002072810
0.0061712146
0.0131089170
0.0205594230
0.0276761879
0.0334222352
0.0368908764
0.0375996872
0.0355843086
0.0312542751
0.0251440239
0.0177375868
0.0094501260
0.0007083842
-0.0079949610
-0.0161633380
-0.0234311025
-0.0296343236
-0.0347071144
-0.0384646324
-0.0404634312
-0.0401020887
-0.0369317814
-0.0309639546
-0.0227610010
-0.0132714308
-0.0035520193
0.0054647714
0.0130851104
0.0188643780
0.0225623884
0.0241199017
0.0236970114
0.0217256670
0.0188604967
0.0157854934
0.0129820870
0.0106142263
0.0085818390
0.0066784937
0.0047664902
0.0028926023
0.0012672939
0.0000855496
-0.0006798195
-0.0013119204
-0.0021630441
-0.0034124494
-0.0049566677
-0.0064833466
-0.0076540546
-0.0082868565
-0.0084402212
-0.0083497390
-0.0082648558
-0.0083038193
-0.0084053403
-0.0083516676
-0.0078041862
-0.0063319131
-0.0034721066
0.0011173473
0.0073957665
0.0146968584
0.0217465690
0.0270674526
0.0295899868
0.0290986764
0.0262274464
0.0220253062
0.0173876202
0.0126985782
0.0078538013
0.0025684737
-0.0032700371
-0.0094170182
-0.0153246458
-0.0203748834
-0.0241350552
-0.0264840626
-0.0275581665
-0.0275999015
-0.0268265778
-0.0253641696
-0.0232134982
-0.0202229589
-0.0161031561
-0.0105335053
-0.0033481682
0.0052845263
0.0147564439
0.0240160830
0.0316855332
0.0363398162
0.0369381782
0.0332689536
0.0261344159
0.0170611058
0.0076541332
-0.0009635936
-0.0082544748
-0.0139397774
-0.0175947475
-0.0185609008
-0.0163331909
-0.0111499686
-0.0042043204
0.0028391975
0.0086544999
0.0127242174
0.0151972712
0.0164144478
0.0165497924
0.0155873563
0.0135142419
0.0104726577
0.0067410390
0.0026260485
-0.0015822223
-0.0055554852
-0.0088707903
-0.0110554772
-0.0117345342
-0.0107937003
-0.0084568978
-0.0052217407
-0.0016754767
0.0017142959
0.0047260986
0.0073825242
0.0098400987
0.0122374712
0.0145762697
0.0166710294
0.0181525675
0.0185150598
0.0172254781
0.0138981549
0.0084889667
0.0014291231
-0.0063788986
-0.0137392631
-0.0194617632
-0.0226629135
-0.0229552914
-0.0204852199
-0.0158273321
-0.0097620315
-0.0030095284
0.0039318781
0.0107214422
0.0169475882
0.0219533160
0.0249130296
0.0251751177
0.0226600090
0.0179898722
0.0121923045
0.0061703346
0.0003435782
-0.0052773143
-0.0107028049
-0.0156168854
-0.0193336712
-0.0210571474
-0.0202662152
-0.0170031454
-0.0118992437
-0.0059087816
0.0000951214
0.0056045618
0.0104721650
0.0146647187
0.0180025275
0.0201026987
0.0205741875
0.0193075221
0.0166208230
0.0131408405
0.0095251071
0.0062274997
0.0034136803
0.0010151874
-0.0011378007
-0.0031725289
-0.0050839359
-0.0067201197
-0.0078190311
-0.0080799756
-0.0072777694
-0.0053944081
-0.0027055731
0.0002341632
0.0027204111
0.0040941715
0.0039104894
0.0020168992
-0.0014387053
-0.0060042325
-0.0109061028
-0.0150879461
-0.0173929538
-0.0168899476
-0.0132264456
-0.0068247017
0.0012173762
0.0094834327
0.0166451742
0.0217157174
0.0241293240
0.0237552051
0.0209210767
0.0163907709
0.0111778207
0.0061893539
0.0018847435
-0.0018120583
-0.0052870600
-0.0088740837
-0.0126124718
-0.0162401517
-0.0193584459
-0.0216268275
-0.0228810192
-0.0231414043
-0.0225490501
-0.0212807768
-0.0194816971
-0.0172503739
-0.0146823099
-0.0119068162
-0.0090507311
-0.0061697252
-0.0032545741
-0.0003344367
0.0024462607
0.0048979717
0.0069685004
0.0088600540
0.0109378103
0.0134620474
0.0163311335
0.0190106405
0.0206864431
0.0205460156
0.0180644989
0.0132117415
0.0065142354
-0.0010822538
-0.0085198979
-0.0149510542
-0.0199147099
-0.0233179047
-0.0252934675
-0.0260301391
-0.0256351441
-0.0240556828
-0.0210912840
-0.0165077722
-0.0101871521
-0.0022231232
0.0070233091
0.0167990782
0.0258192429
0.0324023055
0.0350389364
0.0330808612
0.0270504492
0.0183802598
0.0087881503
-0.0003683894
-0.0084804857
-0.0156612914
-0.0223524084
-0.0288114505
-0.0347775053
-0.0394551541
-0.0417866394
-0.0408680819
-0.0363241440
-0.0284792741
-0.0182386307
-0.0067226680
0.0051399322
0.0167485779
0.0275331671
0.0364984747
0.0422418942
0.0436755944
0.0408370747
0.0349916950
0.0279650821
0.0212744578
0.0155823166
0.0106457349
0.0056822261
-0.0000766648
-0.0069571478
-0.0147288079
-0.0227479134
-0.0301670923
-0.0361070152
-0.0398015419
-0.0407556276
-0.0388932453
-0.0346057853
-0.0286177652
-0.0217102628
-0.0144750097
-0.0072396660
-0.0001424632
0.0067665546
0.0134401771
0.0197357114
0.0253232991
0.0297208709
0.0324922932
0.0334790546
0.0328741142
0.0310776191
0.0284510502
0.0251563075
0.0211767075
0.0164617324
0.0110629718
0.0051739210
-0.0009172236
-0.0069010719
-0.0124864458
-0.0174010622
-0.0213878285
-0.0242319843
-0.0258047117
-0.0260814174
-0.0251065074
-0.0229259438
-0.0195425533
-0.0149374912
-0.0091563305
-0.0024073974
0.0048897941
0.0121390985
0.0186584609
0.0237690880
0.0268490012
0.0274149037
0.0253163577
0.0209618521
0.0153304202
0.0096386939
0.0048436990
0.0013078264
-0.0011978590
-0.0032256994
-0.0053048025
-0.0076817787
-0.0102340045
-0.0125649538
-0.0142226898
-0.0149417529
-0.0147849962
-0.0140980123
-0.0133040718
-0.0126845744
-0.0122789728
-0.0119156420
-0.0113055583
-0.0101633455
-0.0083542323
-0.0060209447
-0.0036017235
-0.0016769826
-0.0006922701
-0.0007063160
-0.0013105338
-0.0017667542
-0.0013080200
0.0005326306
0.0037304068
0.0078189672
0.0121295206
0.0160451438
0.0191199829
0.0210584614
0.0216588807
0.0208145351
0.0185653699
0.0151154006
0.0107537548
0.0057213703
0.0001405942
-0.0059203201
-0.0122861389
-0.0185399469
-0.0240146826
-0.0279302713
-0.0296114075
-0.0286917695
-0.0252264046
-0.0196795577
-0.0127993627
-0.0054274909
0.0016736882
0.0079066486
0.0128238262
0.0160732293
0.0173775409
0.0166017017
0.0139152534
0.0099312879
0.0056102576
0.0018896423
-0.0007077915
-0.0021956973
-0.0029271702
-0.0032612692
-0.0033133989
-0.0029131352
-0.0017580268
0.0003587952
0.0033978957
0.0070623141
0.0108471743
0.0140531913
0.0158214021
0.0153604334
0.0123824457
0.0074489604
0.0018555412
-0.0029547837
-0.0060456096
-0.0073097518
-0.0073655286
-0.0071756883
-0.0075961365
-0.0090292758
-0.0112806798
-0.0136354012
-0.0150981638
-0.0147148991
-0.0119138354
-0.0067932258
-0.0002128242
0.0064432299
0.0117896852
0.0150006641
0.0160763326
0.0156560875
0.0145377072
0.0132365940
0.0118136128
0.0099818660
0.0073608243
0.0037247283
-0.0008525444
-0.0059867174
-0.0110814621
-0.0154877906
-0.0186640020
-0.0202740816
-0.0201859005
-0.0184051641
-0.0150347488
-0.0103126421
-0.0046837949
0.0011964439
0.0065787344
0.0108061568
0.0134704842
0.0144847001
0.0140657948
0.0126348002
0.0106569726
0.0084841716
0.0062664417
0.0039627643
0.0014364570
-0.0014122441
-0.0045350057
-0.0076953383
-0.0105183864
-0.0126121174
-0.0136966896
-0.0136717420
-0.0125933073
-0.0105936787
-0.0078029414
-0.0043150182
-0.0002127747
0.0043653024
0.0091579037
0.0137673918
0.0177149905
0.0205254334
0.0217976226
0.0212728240
0.0189268162
0.0150456493
0.0101835560
0.0049703880
-0.0001138267
-0.0048391650
-0.0091613355
-0.0130944117
-0.0166278509
-0.0197106341
-0.0222547272
-0.0241240596
-0.0251170103
-0.0249808704
-0.0234775226
-0.0204749071
-0.0160214410
-0.0103849262
-0.0040597099
0.0022729561
0.0078550988
0.0120366024
0.0144794443
0.0152885988
0.0149828135
0.0143008866
0.0139302946
0.0142832694
0.0153982784
0.0169755527
0.0185020414
0.0194030249
0.0191726097
0.0174669062
0.0141663632
0.0094031699
0.0035360921
-0.0029333474
-0.0094659106
-0.0155607922
-0.0207801133
-0.0247476372
-0.0271554089
-0.0277891955
-0.0265486014
-0.0234416226
-0.0185607106
-0.0120667367
-0.0042058565
0.0046405083
0.0138917667
0.0227324228
0.0301368025
0.0349899057
0.0363413031
0.0337644219
0.0276356113
0.0190951995
0.0096321415
0.0005084351
-0.0076289444
-0.0147408581
-0.0210551074
-0.0266538636
-0.0312404874
-0.0341898277
-0.0348138980
-0.0326945710
-0.0279132419
-0.0210355020
-0.0128448061
-0.0040382788
0.0048351160
0.0131626675
0.0200581975
0.0244851687
0.0257414005
0.0239326132
0.0199605596
0.0149742988
0.0097453047
0.0044521064
-0.0010530540
-0.0067919828
-0.0123698076
-0.0170229669
-0.0199488724
-0.0206903590
-0.0193174631
-0.0163039384
-0.0122307114
-0.0075574496
-0.0026029560
0.0023226836
0.0068079351
0.0103865341
0.0127075856
0.0136733585
0.0134257324
0.0122096537
0.0102369090
0.0076583231
0.0046482407
0.0015007666
-0.0013773858
-0.0036004199
-0.0049681655
-0.0055345607
-0.0055297536
-0.0051961283
-0.0046514365
-0.0038582757
-0.0026948195
-0.0010561297
0.0010808534
0.0036416094
0.0064517212
0.0092264794
0.0115771552
0.0130763796
0.0133791999
0.0123386274
0.0100473211
0.0068017569
0.0030461891
-0.0006632197
-0.0037012018
-0.0054821111
-0.0056380967
-0.0041802977
-0.0015213514
0.0016867343
0.0048175049
0.0074871719
0.0096140143
0.0113224839
0.0127804489
0.0140683535
0.0151290673
0.0157921928
0.0158302712
0.0150063348
0.0131034969
0.0099566850
0.0055100903
-0.0001015449
-0.0064796892
-0.0129584620
-0.0187095750
-0.0229329717
-0.0250483310
-0.0248118474
-0.0223385861
-0.0180629429
-0.0126571804
-0.0068871251
-0.0014038677
0.0034420269
0.0076321722
0.0113224234
0.0146006035
0.0173208772
0.0191022446
0.0194797867
0.0181273606
0.0150545184
0.0106932529
0.0058236745
0.0013461624
-0.0020111715
-0.0039100770
-0.0044512653
-0.0040618113
-0.0032990450
-0.0026491341
-0.0023731528
-0.0024395112
-0.0025737554
-0.0024158300
-0.0017130062
-0.0004491055
0.0011547349
0.0027614277
0.0040897006
0.0050366807
0.0056800088
0.0061642576
0.0065562902
0.0067769710
0.0066582728
0.0060765866
0.0050554536
0.0037627565
0.0024115701
0.0011398450
-0.0000565067
-0.0013075697
-0.0027927462
-0.0046452272
-0.0068727599
-0.0093148592
-0.0116483846
-0.0134379037
-0.0142248163
-0.0136511858
-0.0115930867
-0.0082357338
-0.0040303735
0.0004524370
0.0046953792
0.0083600647
0.0113376634
0.0137086102
0.0156175423
0.0171219707
0.0181041073
0.0182939459
0.0173815433
0.0151555363
0.0116008061
0.0069110777
0.0014135805
-0.0045316984
-0.0105697597
-0.0162911621
-0.0211564192
-0.0245248723
-0.0258384852
-0.0248735422
-0.0218948283
-0.0175818502
-0.0127378322
-0.0079513874
-0.0034240734
0.0009384809
0.0052629483
0.0094620034
0.0131620884
0.0158404888
0.0170880762
0.0168381334
0.0154193879
0.0133994795
0.0113222419
0.0095014735
0.0079820679
0.0066625388
0.0054626440
0.0043949050
0.0034801087
0.0025865551
0.0013519662
-0.0006987336
-0.0038777471
-0.0080713641
-0.0126710028
-0.0167510070
-0.0193994807
-0.0200397678
-0.0186106490
-0.0155494421
-0.0116129860
-0.0076291813
-0.0042651412
-0.0018627376
-0.0003647705
0.0006509460
0.0018249471
0.0037628093
0.0067306269
0.0104369566
0.0140664691
0.0166055139
0.0172932239
0.0159159281
0.0127754870
0.0084186474
0.0033620874
-0.0020209007
-0.0074464890
-0.0125900657
-0.0169969906
-0.0201152935
-0.0214535082
-0.0207759899
-0.0182237365
-0.0142993997
-0.0097282062
-0.0052429323
-0.0013542941
0.0018012641
0.0044397873
0.0069098528
0.0093907307
0.0117059041
0.0133846026
0.0139276581
0.0130991834
0.0110626693
0.0082933528
0.0053361582
0.0025643253
0.0000870849
-0.0021450924
-0.0041259723
-0.0056495073
-0.0063744831
-0.0060757187
-0.0048858748
-0.0033123504
-0.0019895226
-0.0013475351
-0.0014373707
-0.0020157850
-0.0027925292
-0.0036372501
-0.0046091976
-0.0058377008
-0.0073805715
-0.0091497781
-0.0109045555
-0.0122827331
-0.0128646967
-0.0122770364
-0.0103194280
-0.0070655860
-0.0028850298
0.0016385143
0.0058643609
0.0092589562
0.0114908067
0.0124400948
0.0121615393
0.0108462234
0.0087900520
0.0063516966
0.0038882933
0.0016751258
-0.0001661069
-0.0016920307
-0.0030811330
-0.0045092983
-0.0060240039
-0.0074922989
-0.0086472127
-0.0091976159
-0.0089448118
-0.0078664368
-0.0061433167
-0.0041086568
-0.0021222912
-0.0004187962
0.0009866352
0.0022742346
0.0036873830
0.0053765653
0.0073148295
0.0093225700
0.0111550342
0.0125714371
0.0133423836
0.0132285461
0.0119984809
0.0095192981
0.0058811508
0.0014718366
-0.0030658342
-0.0069957690
-0.0096953231
-0.0108112397
-0.0103060465
-0.0084027418
-0.0054778814
-0.0019574226
0.0017588895
0.0053464233
0.0085742181
0.0112781298
0.0132945025
0.0144038667
0.0143421893
0.0128985134
0.0100551356
0.0060801213
0.0014951158
-0.0030866040
-0.0071645353
-0.0104793139
-0.0129917860
-0.0147337871
-0.0156263769
-0.0153936363
-0.0136555598
-0.0101624552
-0.0050119639
0.0013078048
0.0080600858
0.0144571678
0.0197809386
0.0234120330
0.0248472028
0.0237851751
0.0202762340
0.0148301370
0.0083496603
0.0018577368
-0.0038556824
-0.0084741848
-0.0121503016
-0.0152678178
-0.0181038393
-0.0205803509
-0.0222431006
-0.0224818057
-0.0208622519
-0.0173785610
-0.0124964214
-0.0069929181
-0.0017045676
0.0026944703
0.0058119960
0.0075461748
0.0080194695
0.0075031536
0.0063673437
0.0050378589
0.0039223797
0.0033018276
0.0032214023
0.0034419015
0.0035053442
0.0029197084
0.0013991834
-0.0009517509
-0.0036172150
-0.0058514125
-0.0069877186
-0.0067207110
-0.0052220475
-0.0030496529
-0.0009143459
0.0005733584
0.0010626009
0.0004797914
-0.0010555989
-0.0033266905
-0.0060650905
-0.0089572165
-0.0116511940
-0.0137803151
-0.0149957714
-0.0150188432
-0.0137271177
-0.0112380718
-0.0079068941
-0.0042006379
-0.0005174233
0.0029413642
0.0061848874
0.0093396253
0.0124859358
0.0154942393
0.0179527447
0.0192643089
0.0189027417
0.0167026764
0.0129982606
0.0085046691
0.0040171408
0.0001267826
-0.0028869567
-0.0049797930
-0.0061925359
-0.0065569602
-0.0061135196
-0.0049886440
-0.0034180604
-0.0016786319
-0.0000100428
0.0013880529
0.0022936343
0.0024185495
0.0014603655
-0.0007501004
-0.0041007766
-0.0081680278
-0.0123252373
-0.0158991580
-0.0182803743
-0.0189846815
-0.0177154659
-0.0144369660
-0.0094105090
-0.0031482832
0.0036994375
0.0104645234
0.0165370161
0.0213966976
0.0246260976
0.0259365381
0.0252133343
0.0225565188
0.0182711594
0.0127808033
0.0065012404
-0.0002394171
-0.0071687546
-0.0139579565
-0.0201294789
-0.0250751976
-0.0281926965
-0.0290799355
-0.0276966836
-0.0244096776
-0.0198745224
-0.0147889467
-0.0096409933
-0.0045990785
0.0003781265
0.0052803839
0.0098247809
0.0134613990
0.0156194009
0.0160165137
0.0147895172
0.0123601865
0.0091850124
0.0056052395
0.0018651364
-0.0017957344
-0.0050900794
-0.0077019979
-0.0093349660
-0.0097494281
-0.0087956276
-0.0064650353
-0.0029522699
0.0013143149
0.0057135446
0.0095526135
0.0122291899
0.0133739701
0.0129259074
0.0111229636
0.0084107093
0.0052944958
0.0021923519
-0.0006475685
-0.0031377984
-0.0052816322
-0.0071002758
-0.0085963122
-0.0097458925
-0.0104920297
-0.0107363623
-0.0103548093
-0.0092484706
-0.0074054568
-0.0049350300
-0.0020458362
0.0010244239
0.0040728951
0.0069173017
0.0093049528
0.0108429299
0.0110527974
0.0095484210
0.0062408198
0.0014565568
-0.0040995275
-0.0095307346
-0.0140042384
-0.0169534490
-0.0181336710
-0.0175353954
-0.0152563381
-0.0114385776
-0.0062995616
-0.0002096566
0.0062646609
0.0124067276
0.0174867969
0.0209312425
0.0224454562
0.0220353855
0.0199359837
0.0164994909
0.0120974587
0.0070585711
0.0016531700
-0.0038607281
-0.0091434590
-0.0136904225
-0.0168501404
-0.0179991649
-0.0168250891
-0.0135439439
-0.0088762881
-0.0037626390
0.0010170296
0.0050915498
0.0084887886
0.0114097487
0.0139494505
0.0159380057
0.0169991690
0.0167811931
0.0151871833
0.0124339228
0.0089200371
0.0050405092
0.0010861023
-0.0027529381
-0.0063512471
-0.0096256323
-0.0125073392
-0.0148860054
-0.0165671243
-0.0173103311
-0.0169551520
-0.0155399852
-0.0133065528
-0.0105794241
-0.0076176895
-0.0045535600
-0.0014563208
0.0015428196
0.0041863453
0.0061570223
0.0072371409
0.0074385232
0.0069992467
0.0062439776
0.0054124359
0.0045774720
0.0037011154
0.0027732039
0.0019172506
0.0013697822
0.0013378448
0.0018454921
0.0026962113
0.0035799562
0.0042331216
0.0045344257
0.0045005044
0.0042290709
0.0038423650
0.0034416085
0.0030626246
0.0026352037
0.0019664335
0.0007782626
-0.0011856229
-0.0040100515
-0.0074863732
-0.0110893631
-0.0140816572
-0.0157186812
-0.0154880759
-0.0132885984
-0.0094594101
-0.0046357236
0.0004987596
0.0054285628
0.0098822485
0.0137471381
0.0169095012
0.0191436338
0.0201336022
0.0196162637
0.0175528311
0.0142149271
0.0101305229
0.0059225970
0.0021192457
-0.0009913074
-0.0034169003
-0.0054068534
-0.0072949137
-0.0092889262
-0.0113064746
-0.0129556785
-0.0136913388
-0.0130704064
-0.0109697425
-0.0076494705
-0.0036365732
0.0004939579
0.0043177490
0.0076353802
0.0103956020
0.0125315175
0.0138346794
0.0139692633
0.0126386988
0.0098041468
0.0057960325
0.0012180609
-0.0033032435
-0.0073438442
-0.0107287726
-0.0133972320
-0.0152256766
-0.0159599364
-0.0153111001
-0.0131480413
-0.0096552046
-0.0053411053
-0.0008770135
0.0031376135
0.0063358031
0.0085837865
0.0098780992
0.0102731375
0.0099131348
0.0090925870
0.0082012178
0.0075306599
0.0071016874
0.0066783995
0.0059691451
0.0048639129
0.0035411240
0.0023759683
0.0017149477
0.0016612741
0.0019913802
0.0022349625
0.0018704181
0.0005443447
-0.0017787543
-0.0047917309
-0.0079467644
-0.0106289908
-0.0123144405
-0.0126494783
-0.0114586584
-0.0087318150
-0.0046257593
0.0005285176
0.0062550130
0.0120158733
0.0172995257
0.0216328353
0.0245322718
0.0255287927
0.0243578720
0.0211906940
0.0166559623
0.0115540142
0.0064509501
0.0014600318
-0.0036440860
-0.0090853085
-0.0147701106
-0.0201840161
-0.0245305602
-0.0270023780
-0.0270453058
-0.0245222962
-0.0197466897
-0.0133870230
-0.0062755744
0.0008048467
0.0072640595
0.0127203447
0.0169163821
0.0196207242
0.0206144270
0.0198025149
0.0173641163
0.0137651702
0.0095635313
0.0051517361
0.0006574616
-0.0039184422
-0.0084467701
-0.0124929723
-0.0153537772
-0.0163062724
-0.0149433694
-0.0113999892
-0.0063237978
-0.0006152483
0.0048753814
0.0095057438
0.0128271111
0.0145138315
0.0143632296
0.0123905281
0.0089246878
0.0045727962
0.0000254321
-0.0041783597
-0.0077865232
-0.0108068224
-0.0133463514
-0.0154147891
-0.0168206545
-0.0172314082
-0.0163443767
-0.0140340700
-0.0103938126
-0.0057084151
-0.0004288287
0.0048516379
0.0094776756
0.0128839736
0.0147617602
0.0151440393
0.0143453877
0.0127851428
0.0108114817
0.0086237632
0.0062906882
0.0038062532
0.0011476198
-0.0016596014
-0.0044712104
-0.0069848158
-0.0087776906
-0.0094312468
-0.0087005830
-0.0066459261
-0.0036446920
-0.0002637137
0.0029423773
0.0055950643
0.0075360237
0.0087490691
0.0092329972
0.0089195444
0.0076937615
0.0054999003
0.0024509667
-0.0011423441
-0.0048422778
-0.0081989841
-0.0108435263
-0.0125321226
-0.0131611288
-0.0127776913
-0.0115859810
-0.0099155898
-0.0081215342
-0.0064434304
-0.0049155085
-0.0033994292
-0.0017157404
0.0002137709
0.0022931105
0.0042772994
0.0058775029
0.0068906217
0.0072857101
0.0071981160
0.0068374365
0.0063721906
0.0058655114
0.0052855714
0.0045589912
0.0036278649
0.0024907653
0.0012189556
-0.0000542913
-0.0011611119
-0.0019359803
-0.0022604262
-0.0021051771
-0.0015524330
-0.0007973097
-0.0001379740
0.0000568689
-0.0005608220
-0.0021621658
-0.0045860912
-0.0072958447
-0.0095111206
-0.0104707041
-0.0097017804
-0.0071794105
-0.0033217598
0.0011665120
0.0055334594
0.0092021196
0.0118844013
0.0135511101
0.0142962878
0.0141891929
0.0132037023
0.0112636764
0.0083692796
0.0047057386
0.0006363659
-0.0034338407
-0.0072246550
-0.0106526677
-0.0137541486
-0.0165155521
-0.0187316527
-0.0199998049
-0.0198647975
-0.0180244669
-0.0144754247
-0.0095357483
-0.0037590654
0.0022017224
0.0077135329
0.0122319648
0.0153329530
0.0167475147
0.0164118372
0.0144995856
0.0113845331
0.0075290823
0.0033630236
-0.0007661552
-0.0045468805
-0.0076278950
-0.0096188811
-0.0102105091
-0.0093318367
-0.0072049969
-0.0042357780
-0.0008229481
0.0027661743
0.0063775415
0.0098520019
0.0129145314
0.0151526491
0.0161016779
0.0153957196
0.0129154564
0.0088590512
0.0036923007
-0.0019959358
-0.0076516947
-0.0128440540
-0.0172478065
-0.0205415292
-0.0223135348
-0.0221044625
-0.0196278558
-0.0150083489
-0.0088069863
-0.0018019738
0.0052756123
0.0118474381
0.0174295453
0.0215534888
0.0237864199
0.0238433948
0.0217153284
0.0177304293
0.0124964301
0.0067294184
0.0010483705
-0.0041523860
-0.0086957421
-0.0125117133
-0.0155203885
-0.0175861551
-0.0185634682
-0.0183778048
-0.0170605180
-0.0147077848
-0.0114213234
-0.0073121739
-0.0025763409
0.0024286599
0.0071902332
0.0111473926
0.0138489685
0.0150803218
0.0148931370
0.0135281075
0.0112886672
0.0084479285
0.0052329878
0.0018663017
-0.0013887877
-0.0042204499
-0.0063182689
-0.0074675769
-0.0076389719
-0.0070051862
-0.0058542902
-0.0044431534
-0.0028858078
-0.0011470389
0.0008691653
0.0032107144
0.0058197733
0.0085344403
0.0111100403
0.0132303355
0.0145260028
0.0146381287
0.0133346728
0.0106284981
0.0068153779
0.0023915221
-0.0021125282
-0.0062915068
-0.0099424132
-0.0130348089
-0.0156100477
-0.0176670748
-0.0190896930
-0.0196437960
-0.0190458403
-0.0170835120
-0.0137579176
-0.0093814121
-0.0045400047
0.0000953396
0.0039987828
0.0069195924
0.0088626559
0.0099622174
0.0103398891
0.0100339915
0.0090322408
0.0073591914
0.0051378014
0.0025854140
-0.0000369892
-0.0024775204
-0.0045208359
-0.0059945111
-0.0067749439
-0.0068001958
