0.0038458760
0.0044141405
0.0051720961
0.0060896005
0.0070478115
0.0078712972
0.0085125799
0.0087703162
0.0086063803
0.0082146264
0.0074701906
0.0063488441
0.0049648366
0.0034705536
0.0019465669
0.0004440984
-0.0010109509
-0.0026139912
-0.0043259944
-0.0060709287
-0.0076440059
-0.0088604144
-0.0095705484
-0.0097634249
-0.0096130642
-0.0092755120
-0.0088850761
-0.0083264527
-0.0075651552
-0.0065311945
-0.0053092318
-0.0040138517
-0.0027172499
-0.0014959631
-0.0003424287
0.0006631015
0.0016786800
0.0027037347
0.0036194571
0.0043666027
0.0050839063
0.0057394455
0.0060818078
0.0060148013
0.0057107032
0.0053950430
0.0050859975
0.0048604755
0.0047054174
0.0043777392
0.0037880367
0.0032322277
0.0026385283
0.0018614898
0.0009796399
0.0001321656
-0.0006265505
-0.0013059591
-0.0019762506
-0.0025724906
-0.0029488309
-0.0032876820
-0.0038118116
-0.0042738238
-0.0046127395
-0.0048054123
-0.0049247895
-0.0048741762
-0.0045071595
-0.0039803721
-0.0033365460
-0.0027075223
-0.0020601443
-0.0014246122
-0.0007781507
-0.0002877158
0.0001480758
0.0006433018
0.0010744436
0.0013900274
0.0016765097
0.0019307458
0.0022638417
0.0026280931
0.0028172002
0.0028675133
0.0028649927
0.0028102407
0.0026960374
0.0025990998
0.0025743189
0.0025543972
0.0024524539
0.0021689989
0.0017963362
0.0013254005
0.0007415166
0.0000579934
-0.0006477744
-0.0013517659
-0.0018338008
-0.0019786211
-0.0020656256
-0.0022937374
-0.0026996095
-0.0031485114
-0.0035474468
-0.0040667826
-0.0044982289
-0.0045767612
-0.0044254690
-0.0040296045
-0.0031720188
-0.0019238417
-0.0003617883
0.0010761809
0.0021180636
0.0029107795
0.0034802402
0.0038809666
0.0041381071
0.0041986899
0.0042114046
0.0043784005
0.0045639701
0.0045654227
0.0044657253
0.0042060378
0.0037634942
0.0031965359
0.0025483237
0.0018719823
0.0011241281
0.0004269753
-0.0000709199
-0.0005956663
-0.0009595818
-0.0010830386
-0.0011101799
-0.0011367127
-0.0012840190
-0.0015240295
-0.0017727369
-0.0020291861
-0.0024564881
-0.0030007467
-0.0035181005
-0.0040246525
-0.0044237798
-0.0046048758
-0.0046980549
-0.0046456897
-0.0044571248
-0.0039764834
-0.0032229623
-0.0024922163
-0.0015587698
-0.0003049269
0.0009919107
0.0021453178
0.0031595270
0.0040966492
0.0048592111
0.0053812112
0.0057643865
0.0058708124
0.0053670693
0.0042544616
0.0031161243
0.0025293380
0.0023799442
0.0021984116
0.0016629563
0.0008113062
-0.0001633814
-0.0010326191
-0.0015619808
-0.0014384039
-0.0008568513
-0.0006339401
-0.0011556047
-0.0019945386
-0.0024024792
-0.0019346053
-0.0012260141
-0.0009539758
-0.0012388025
-0.0017419789
-0.0019693748
-0.0019501826
-0.0021546287
-0.0023562913
-0.0021400247
-0.0016745467
-0.0015263781
-0.0016013375
-0.0015339016
-0.0010787279
-0.0006297275
-0.0005666115
-0.0006810252
-0.0005951874
-0.0003812707
-0.0004470814
-0.0005501772
-0.0002616930
0.0004671854
0.0014493376
0.0022872536
0.0029851894
0.0035726088
0.0040864432
0.0045423410
0.0046956581
0.0046724290
0.0045156290
0.0042364647
0.0036702332
0.0028061983
0.0017158991
0.0005443193
-0.0006278936
-0.0017363729
-0.0025585961
-0.0029640043
-0.0032085784
-0.0037693985
-0.0048298475
-0.0057102857
-0.0059225072
-0.0057697460
-0.0056410406
-0.0056545977
-0.0055794691
-0.0052749336
-0.0046936478
-0.0038241561
-0.0026453978
-0.0013182044
-0.0000930376
0.0007176132
0.0012037483
0.0016707772
0.0022222437
0.0028170310
0.0034842052
0.0039698841
0.0042954856
0.0043721096
0.0042208601
0.0039653651
0.0036524091
0.0035027624
0.0035160320
0.0033813241
0.0030374810
0.0025479899
0.0018613561
0.0009300827
-0.0000094652
-0.0006734324
-0.0010942406
-0.0013757290
-0.0014244039
-0.0013304280
-0.0012451899
-0.0013578422
-0.0016018278
-0.0017551821
-0.0018501904
-0.0018214600
-0.0016617128
-0.0014934907
-0.0011278030
-0.0005682333
-0.0000971058
0.0001945623
0.0004377928
0.0005687775
0.0007515428
0.0009787157
0.0011508346
0.0012735019
0.0012857345
0.0011774038
0.0011391014
0.0010321151
0.0006520337
0.0000427224
-0.0006874071
-0.0014109087
-0.0018455141
-0.0016792904
-0.0010226996
-0.0004009638
-0.0003145802
-0.0008157421
-0.0015096565
-0.0019188197
-0.0014873953
-0.0003906787
0.0007406318
0.0013317233
0.0013395488
0.0011794978
0.0013624576
0.0017813902
0.0022393410
0.0027999801
0.0030699982
0.0027958577
0.0022510278
0.0019252908
0.0023445708
0.0028665855
0.0024747825
0.0009189107
-0.0010658604
-0.0024140114
-0.0026780314
-0.0021898747
-0.0016516997
-0.0013794903
-0.0012537476
-0.0013704077
-0.0016628599
-0.0017610601
-0.0015196060
-0.0009463595
-0.0003262870
-0.0000199278
0.0002215597
0.0007238380
0.0013392459
0.0017320585
0.0014271646
0.0004188971
-0.0007971781
-0.0015911333
-0.0015531129
-0.0008231875
-0.0001279394
0.0000267608
-0.0004036877
-0.0012007157
-0.0020701638
-0.0026486797
-0.0026675144
-0.0021506281
-0.0015226660
-0.0010268402
-0.0005697521
-0.0000953387
0.0002109573
0.0001302684
-0.0004137026
-0.0010931663
-0.0013648854
-0.0011587593
-0.0008960289
-0.0005820273
-0.0004842377
-0.0006744517
-0.0011079113
-0.0014348582
-0.0014119102
-0.0009469362
-0.0002940989
0.0001739543
0.0006263165
0.0010814395
0.0014201469
0.0015721386
0.0015391247
0.0014092678
0.0011821057
0.0009938518
0.0009979351
0.0010638546
0.0010306643
0.0007948362
0.0006663721
0.0006433733
0.0006411866
0.0005734156
0.0003648057
0.0001297218
0.0000378100
0.0001766255
0.0004259523
0.0006369523
0.0005643784
0.0001537598
-0.0003147843
-0.0006434890
-0.0007042651
-0.0004461249
-0.0001716790
-0.0004167419
-0.0010145594
-0.0013819918
-0.0012357971
-0.0006465250
-0.0000497219
0.0003268510
0.0006255821
0.0008405741
0.0010494880
0.0013962201
0.0016286917
0.0015464572
0.0011502061
0.0006128853
0.0003973467
0.0004734988
0.0005133007
0.0003569007
0.0002017756
0.0002339252
0.0003552018
0.0005290429
0.0007921744
0.0010871364
0.0012894431
0.0012458175
0.0009767000
0.0005604060
0.0000851951
-0.0001887059
-0.0002187822
-0.0001885761
-0.0000938267
0.0000820049
0.0002395595
0.0001981027
-0.0001145414
-0.0005008335
-0.0006066128
-0.0005380225
-0.0004584592
-0.0004495102
-0.0006165011
-0.0008904222
-0.0012908130
-0.0017209702
-0.0020667854
-0.0022142945
-0.0022968383
-0.0024399985
-0.0025746900
-0.0024188197
-0.0019846109
-0.0015889975
-0.0014132446
-0.0014366438
-0.0015194086
-0.0014222208
-0.0011067015
-0.0005661977
0.0002312400
0.0009704481
0.0013437594
0.0013692652
0.0013345467
0.0014358952
0.0016656970
0.0017473220
0.0016893881
0.0016940572
0.0017856581
0.0018617936
0.0019646320
0.0021230456
0.0022659375
0.0022159991
0.0018029537
0.0013746848
0.0012253228
0.0011358622
0.0009142589
0.0005201654
-0.0000314299
-0.0006524122
-0.0011789120
-0.0014993177
-0.0016849719
-0.0016989273
-0.0016416647
-0.0017063399
-0.0018619828
-0.0017926931
-0.0013369773
-0.0006234212
0.0002538629
0.0009365001
0.0011571875
0.0011955508
0.0011662992
0.0010437392
0.0010101241
0.0011004579
0.0011550689
0.0010071733
0.0007727950
0.0004320891
0.0000620338
-0.0002763815
-0.0006265793
-0.0011072755
-0.0014877100
-0.0016955026
-0.0017427612
-0.0016516133
-0.0015145467
-0.0013701503
-0.0013097140
-0.0012917863
-0.0012584495
-0.0013128713
-0.0014008119
-0.0013681955
-0.0013046465
-0.0013051577
-0.0013048503
-0.0011865183
-0.0009728168
-0.0008184666
-0.0006707996
-0.0003150685
0.0001352397
0.0004916266
0.0006192034
0.0004299182
0.0001433239
-0.0000827262
-0.0003141634
-0.0006008425
-0.0009607334
-0.0013818126
-0.0014012613
-0.0010038722
-0.0005415439
-0.0000516791
0.0003844385
0.0008107053
0.0011754163
0.0015680389
0.0022772896
0.0032215469
0.0041932640
0.0047456546
0.0046481748
0.0041926072
0.0037803286
0.0034452797
0.0028847443
0.0021464830
0.0013109820
0.0003182991
-0.0008069101
-0.0018389238
-0.0024478576
-0.0026677427
-0.0026287681
-0.0022234144
-0.0016621194
-0.0009588932
-0.0001363839
0.0007105703
0.0015500593
0.0021400247
0.0021519243
0.0017044651
0.0013314222
0.0014204152
0.0018253832
0.0021488253
0.0020428623
0.0014355704
0.0004819588
-0.0006110102
-0.0016842424
-0.0027282699
-0.0036709800
-0.0044009183
-0.0048253658
-0.0048620509
-0.0044284971
-0.0033976782
-0.0020687702
-0.0008864708
0.0000307691
0.0008558645
0.0017539141
0.0024319847
0.0027330273
0.0027527725
0.0025170981
0.0020318850
0.0012801276
0.0005453790
0.0001421841
-0.0001077029
-0.0006763989
-0.0014852986
-0.0022883078
-0.0027640536
-0.0028997894
-0.0027008985
-0.0023563040
-0.0019065734
-0.0014232341
-0.0009038205
-0.0003105139
0.0004333543
0.0012337941
0.0019495577
0.0023874249
0.0024504882
0.0023336444
0.0023033566
0.0023701166
0.0022921783
0.0021301816
0.0019337848
0.0015241459
0.0007812123
-0.0003846640
-0.0018114523
-0.0031521135
-0.0042717945
-0.0051402556
-0.0056099342
-0.0055142728
-0.0047786321
-0.0036003896
-0.0020093427
-0.0000714587
0.0018093929
0.0034564508
0.0047355669
0.0055145811
0.0057883441
0.0056935450
0.0053883763
0.0049201841
0.0043525727
0.0036041982
0.0027255966
0.0019365192
0.0010856929
0.0001464065
-0.0008345427
-0.0017780791
-0.0024383420
-0.0027973568
-0.0028080157
-0.0024670734
-0.0019202396
-0.0014165739
-0.0011250941
-0.0011054472
-0.0012796992
-0.0013621083
-0.0013712873
-0.0013939433
-0.0013684184
-0.0013407868
-0.0013326766
-0.0012464825
-0.0009527596
-0.0007361770
-0.0004930944
-0.0001058054
0.0001683230
0.0002920937
0.0003517317
0.0003889667
0.0002271159
0.0000348445
-0.0000151351
0.0000927268
0.0003293786
0.0006330904
0.0009575588
0.0013493227
0.0017229305
0.0021063795
0.0023546849
0.0022853224
0.0020340490
0.0017275914
0.0014571321
0.0013694508
0.0016277739
0.0018883992
0.0019392144
0.0017728652
0.0013285960
0.0005402023
-0.0004917808
-0.0014942566
-0.0024226665
-0.0032289249
-0.0036583608
-0.0036851401
-0.0031272781
-0.0020994464
-0.0008965600
0.0001789899
0.0009353539
0.0012888263
0.0013295938
0.0011692827
0.0009152767
0.0005646520
0.0001758558
0.0000866553
0.0000552638
-0.0000245825
-0.0000117118
-0.0000265351
-0.0002408090
-0.0007362329
-0.0012908293
-0.0017581329
-0.0019145254
-0.0017434652
-0.0013970961
-0.0007851226
-0.0000327629
0.0007375949
0.0013869993
0.0018237168
0.0019780489
0.0016541011
0.0010025624
0.0001871749
-0.0005840710
-0.0011099607
-0.0012460549
-0.0008514270
-0.0002398605
0.0001598503
0.0004584305
0.0006941361
0.0007243785
0.0005496278
0.0003923191
0.0003072300
0.0003626318
0.0005253848
0.0006185122
0.0006575908
0.0008647133
0.0011515441
0.0014670716
0.0020036366
0.0024054400
0.0024838005
0.0024810243
0.0024008192
0.0019820967
0.0011964768
0.0001916323
-0.0008384110
-0.0017681660
-0.0025624510
-0.0029599356
-0.0028744655
-0.0024303146
-0.0017766756
-0.0011709391
-0.0005114511
0.0001936110
0.0006927895
0.0009993714
0.0013078775
0.0015277726
0.0015499592
0.0014753173
0.0014198349
0.0015576282
0.0019106959
0.0021557884
0.0020914071
0.0017173563
0.0011337301
0.0004942921
0.0000595631
-0.0002710933
-0.0008102282
-0.0014825689
-0.0021645754
-0.0026157786
-0.0027974832
-0.0028518323
-0.0026966314
-0.0023229363
-0.0019923891
-0.0015753932
-0.0008636081
-0.0000655675
0.0003833992
0.0005494711
0.0005332718
0.0006895009
0.0011019497
0.0017401642
0.0023477927
0.0024463904
0.0021203777
0.0016266596
0.0011356003
0.0009220216
0.0009328407
0.0010674467
0.0012042505
0.0010459723
0.0006180073
0.0002525783
0.0001988926
0.0003966908
0.0004170601
0.0001995622
-0.0002200449
-0.0006572497
-0.0009835967
-0.0011139758
-0.0009480859
-0.0007923500
-0.0006964563
-0.0007635835
-0.0009597828
-0.0011469942
-0.0011556511
-0.0008266310
-0.0001203018
0.0004297778
0.0006385886
0.0004562249
0.0001118436
-0.0000356821
0.0004389989
0.0016341685
0.0025583268
0.0023712700
0.0012400141
0.0000435198
-0.0006128904
-0.0007086037
-0.0007392712
-0.0012921192
-0.0022267636
-0.0030115876
-0.0032839798
-0.0024596691
-0.0007774831
0.0008833260
0.0017720010
0.0017289686
0.0011510284
0.0006128951
0.0006223891
0.0011475818
0.0017124889
0.0021310785
0.0024172679
0.0023983250
0.0020417326
0.0013922069
0.0005484724
-0.0004503648
-0.0015456649
-0.0025761691
-0.0032223583
-0.0029224363
-0.0015866598
0.0001159694
0.0015594839
0.0023101806
0.0022699744
0.0019022236
0.0015912161
0.0011543494
0.0004501049
-0.0003571538
-0.0010360884
-0.0014781881
-0.0018688850
-0.0022620206
-0.0025784795
-0.0025957323
-0.0023723952
-0.0018590274
-0.0010089316
0.0001819891
0.0012411266
0.0013323482
0.0004124408
-0.0005816168
-0.0005668169
0.0006122858
0.0022102167
0.0026575058
0.0013454704
-0.0012020046
-0.0039676191
-0.0054289510
-0.0046230574
-0.0023073735
-0.0001346005
0.0008966287
0.0007424428
-0.0001423597
-0.0008151263
-0.0006597415
-0.0002741181
-0.0007030683
-0.0026343031
-0.0055567758
-0.0080816949
-0.0089654696
-0.0076210652
-0.0046224852
-0.0018673941
-0.0014044686
-0.0035581430
-0.0061576804
-0.0058635118
-0.0012751056
0.0058299230
0.0120555850
0.0155324386
0.0167465221
0.0166759899
0.0154643442
0.0127747878
0.0088528746
0.0050344419
0.0027326025
0.0022888527
0.0029248850
0.0030233618
0.0008215777
-0.0038768032
-0.0088279072
-0.0113724760
-0.0108767767
-0.0083907595
-0.0052732753
-0.0028818408
-0.0028086143
-0.0053154991
-0.0086546867
-0.0107196120
-0.0103172036
-0.0088109509
-0.0091469003
-0.0128418271
-0.0183368168
-0.0228302746
-0.0244954495
-0.0233469408
-0.0196913279
-0.0133732928
-0.0052432941
0.0022845474
0.0072706738
0.0109459808
0.0164277446
0.0242908934
0.0301416731
0.0299501519
0.0253936299
0.0217967241
0.0218519292
0.0230671224
0.0215046167
0.0164171839
0.0107967844
0.0075438337
0.0060788260
0.0037733117
-0.0001903666
-0.0037319830
-0.0052333656
-0.0061301788
-0.0079725547
-0.0088957324
-0.0056969715
0.0012103340
0.0065149304
0.0052348756
-0.0015772115
-0.0081394032
-0.0100444258
-0.0080739795
-0.0059192480
-0.0057812218
-0.0064751216
-0.0062400040
-0.0056277865
-0.0074219760
-0.0134269333
-0.0216724514
-0.0284201016
-0.0319147111
-0.0325299440
-0.0297697554
-0.0222270943
-0.0104880946
0.0015581595
0.0103827056
0.0155256619
0.0191918992
0.0236656273
0.0288274947
0.0333525711
0.0373248329
0.0417598930
0.0462299099
0.0483241723
0.0454311150
0.0362427085
0.0210894009
0.0027533073
-0.0132319464
-0.0210891099
-0.0197760321
-0.0135205881
-0.0071920541
-0.0024352366
0.0004962375
0.0001228075
-0.0041496948
-0.0102762069
-0.0152631264
-0.0182183929
-0.0205386694
-0.0231561109
-0.0255164199
-0.0266939366
-0.0258214894
-0.0220315161
-0.0152829471
-0.0073185700
-0.0004589990
0.0034195037
0.0035738895
0.0011726529
-0.0017013360
-0.0035053731
-0.0038747620
-0.0031723326
-0.0019916660
-0.0008240684
-0.0001417233
-0.0002405701
-0.0010369944
-0.0023821591
-0.0035605390
-0.0037375135
-0.0025890293
-0.0006147966
0.0011908508
0.0023565541
0.0026974837
0.0025481654
0.0026471133
0.0035105297
0.0053876659
0.0081297794
0.0107542777
0.0120921246
0.0118560500
0.0108775772
0.0102069664
0.0112623479
0.0144094721
0.0164616917
0.0125935363
0.0023618536
-0.0086119908
-0.0142360797
-0.0147360178
-0.0152350100
-0.0190257201
-0.0242868637
-0.0266866232
-0.0235547169
-0.0153094081
-0.0043475461
0.0062260458
0.0134813288
0.0150482643
0.0106718931
0.0041433802
0.0003402171
-0.0004486164
-0.0025390892
-0.0085074187
-0.0157598718
-0.0194127103
-0.0172516451
-0.0112947032
-0.0051374622
-0.0013186329
-0.0005829920
-0.0020719312
-0.0030008768
-0.0001167088
0.0064551163
0.0129568945
0.0166881698
0.0179613060
0.0184887330
0.0192943046
0.0204525372
0.0223043031
0.0246894722
0.0259414779
0.0242954506
0.0198548145
0.0137306565
0.0071147788
0.0019837987
0.0008698243
0.0040500683
0.0088987423
0.0126769669
0.0145386659
0.0143335640
0.0119367791
0.0084782252
0.0056809158
0.0038685393
0.0016963868
-0.0010045181
-0.0033119162
-0.0052281298
-0.0072868960
-0.0099074547
-0.0132965842
-0.0178191046
-0.0238333346
-0.0302265774
-0.0348125440
-0.0362516865
-0.0352678014
-0.0332762082
-0.0300432337
-0.0244115913
-0.0162556347
-0.0071398626
0.0007159510
0.0063091572
0.0094177225
0.0101673341
0.0098587352
0.0106612323
0.0130282544
0.0156728208
0.0174413835
0.0185394536
0.0194007032
0.0201906657
0.0207530040
0.0203879630
0.0175375670
0.0113075471
0.0032469927
-0.0035807627
-0.0076059882
-0.0097309150
-0.0111955906
-0.0115835632
-0.0098527317
-0.0066288043
-0.0030002801
0.0008482274
0.0048732393
0.0080447997
0.0087829163
0.0062152213
0.0015321542
-0.0021136474
-0.0024730742
-0.0004374996
0.0002162058
-0.0023058545
-0.0054697576
-0.0063909296
-0.0057932033
-0.0058707169
-0.0073332267
-0.0091603082
-0.0107370131
-0.0129683102
-0.0167573557
-0.0212086708
-0.0241090960
-0.0243464987
-0.0227981376
-0.0210154849
-0.0196813221
-0.0183371624
-0.0161980738
-0.0128453564
-0.0082098317
-0.0025017437
0.0038232583
0.0100340379
0.0156131404
0.0200778178
0.0229136871
0.0237803490
0.0226869089
0.0198979034
0.0169313667
0.0158899024
0.0172587856
0.0187360323
0.0175187560
0.0131511536
0.0082720136
0.0063442578
0.0093487276
0.0162940390
0.0234106872
0.0266029651
0.0243478995
0.0180306557
0.0105176847
0.0046207970
0.0015227351
0.0006140516
0.0008517748
0.0015650426
0.0013406894
-0.0015243097
-0.0080173818
-0.0164225233
-0.0230875525
-0.0262682692
-0.0277741690
-0.0297461689
-0.0321370322
-0.0342922030
-0.0352838836
-0.0336556849
-0.0287742453
-0.0218126152
-0.0152112415
-0.0105523049
-0.0075410793
-0.0037829619
0.0024719999
0.0102705764
0.0175882422
0.0231518902
0.0267863361
0.0284247680
0.0277709671
0.0256635697
0.0243527478
0.0248552328
0.0255456370
0.0242160587
0.0206376456
0.0168630176
0.0146266265
0.0138031626
0.0128176857
0.0105537330
0.0070994972
0.0028682637
-0.0023696309
-0.0092708274
-0.0172541557
-0.0246594637
-0.0300637093
-0.0330146915
-0.0337961853
-0.0324808062
-0.0294122370
-0.0258204707
-0.0234224941
-0.0229649990
-0.0231233371
-0.0213017616
-0.0164465556
-0.0100394592
-0.0044595326
-0.0011032195
0.0003520614
0.0008423766
0.0008565204
0.0008620633
0.0017216488
0.0036227536
0.0057753156
0.0072559469
0.0082291012
0.0098080328
0.0121550796
0.0137018397
0.0130717708
0.0107363854
0.0085766829
0.0080748191
0.0085605998
0.0088317531
0.0085195804
0.0078937149
0.0070523323
0.0057518810
0.0035965537
0.0002032032
-0.0042657364
-0.0091621911
-0.0131226006
-0.0144857531
-0.0126292936
-0.0085223383
-0.0043331804
-0.0017676530
-0.0005079411
0.0010064465
0.0035798858
0.0066539272
0.0087409954
0.0089421032
0.0081706897
0.0076639367
0.0076566415
0.0073066575
0.0060363884
0.0038956625
0.0013258653
-0.0010261762
-0.0028624676
-0.0040832450
-0.0045442813
-0.0044933615
-0.0047646912
-0.0058228743
-0.0072872225
-0.0078297183
-0.0066120818
-0.0044672107
-0.0029325823
-0.0023114214
-0.0016195327
-0.0005630038
0.0000178133
-0.0005916999
-0.0020236529
-0.0033766895
-0.0037432478
-0.0028227416
-0.0011571329
-0.0002453909
-0.0015395622
-0.0049075885
-0.0084834128
-0.0097492894
-0.0076552571
-0.0034139514
0.0011342913
0.0051782151
0.0086111430
0.0115409655
0.0143593519
0.0173784284
0.0200667204
0.0213861656
0.0206506259
0.0183567375
0.0158515618
0.0137780297
0.0116925816
0.0089860061
0.0057274057
0.0026662409
0.0002142630
-0.0014939582
-0.0023963893
-0.0022984429
-0.0013644124
-0.0001769703
0.0005718205
0.0001925296
-0.0017869070
-0.0052755921
-0.0087193737
-0.0103993790
-0.0099848363
-0.0086618964
-0.0081216510
-0.0094054972
-0.0130503765
-0.0182454724
-0.0225643826
-0.0235820420
-0.0214429989
-0.0185537347
-0.0168366567
-0.0160910384
-0.0150326187
-0.0130295188
-0.0097939428
-0.0057739057
-0.0021644717
0.0004591953
0.0026335800
0.0049324030
0.0067927076
0.0071173076
0.0058200281
0.0035519030
0.0014390306
0.0003818995
0.0007608132
0.0019385049
0.0029008901
0.0032803277
0.0031627661
0.0031360623
0.0037159336
0.0050249117
0.0068211488
0.0088644604
0.0109388949
0.0126395996
0.0132744804
0.0122457145
0.0094508055
0.0054870978
0.0011691908
-0.0027835650
-0.0059693283
-0.0084572557
-0.0105962761
-0.0122538920
-0.0130955484
-0.0132998953
-0.0135581010
-0.0144158850
-0.0155654216
-0.0164864608
-0.0170267771
-0.0169649045
-0.0158996536
-0.0135444020
-0.0097414757
-0.0043347122
0.0021750606
0.0085671509
0.0141063401
0.0188448142
0.0230478566
0.0273463458
0.0323226500
0.0376171495
0.0428143831
0.0477250670
0.0519485578
0.0551901191
0.0574521707
0.0588888663
0.0600263413
0.0616132703
0.0639747346
0.0667703622
0.0692606201
0.0710179488
0.0721964479
0.0732999121
0.0742395622
0.0752020620
0.0764137441
0.0772589116
0.0768553663
0.0747321050
0.0706622679
0.0649013316
0.0573207483
0.0477643264
0.0355272988
0.0204715847
0.0039748706
-0.0125013096
-0.0287835508
-0.0456903486
-0.0632487096
-0.0799812417
-0.0947140849
-0.1077091472
-0.1194520218
-0.1299617200
-0.1388290021
-0.1457386836
-0.1505756062
-0.1536247549
-0.1552488875
-0.1550285767
-0.1513914474
-0.1427780413
-0.1294254060
-0.1130666473
-0.0946081138
-0.0731387359
-0.0481489879
-0.0217871367
0.0020021303
0.0203824052
0.0342463216
0.0473788825
0.0636772787
0.0824482951
0.0983402987
0.1089702491
0.1183295465
0.1292362953
0.1384844367
0.1413411091
0.1377169874
0.1307120684
0.1219087328
0.1096983117
0.0920232369
0.0682961645
0.0391573148
0.0071826977
-0.0236951719
-0.0506784506
-0.0739578700
-0.0948525296
-0.1132503003
-0.1292318382
-0.1435013738
-0.1553087408
-0.1617758905
-0.1598187447
-0.1475798524
-0.1237636369
-0.0903243696
-0.0546748174
-0.0226465125
0.0086654439
0.0431378633
0.0753173750
0.0962948285
0.1058690700
0.1113558275
0.1177270120
0.1238676978
0.1279014229
0.1302759039
0.1316437956
0.1316984640
0.1299459835
0.1253610266
0.1163708544
0.1024125919
0.0842653225
0.0622623412
0.0376956955
0.0164774009
0.0040669173
-0.0041637603
-0.0187310657
-0.0417707175
-0.0649950410
-0.0826907552
-0.0992421904
-0.1212508931
-0.1472883181
-0.1703710132
-0.1859142036
-0.1931418895
-0.1926476001
-0.1863480030
-0.1786193875
-0.1742199028
-0.1707594224
-0.1566865474
-0.1264040008
-0.0879118482
-0.0484585146
-0.0060525179
0.0394399985
0.0802237564
0.1095439486
0.1232878129
0.1159058549
0.0898613531
0.0667782486
0.0718122411
0.1008674146
0.1208656676
0.1158759283
0.1090177315
0.1211161779
0.1374238158
0.1338869270
0.1106546898
0.0828270441
0.0542775394
0.0194314121
-0.0222214910
-0.0684386570
-0.1131988156
-0.1377922133
-0.1279174323
-0.1005999853
-0.0858635035
-0.0861876024
-0.0817418451
-0.0686889035
-0.0607293438
-0.0590339876
-0.0544792484
-0.0526162941
-0.0634457977
-0.0756939863
-0.0704893758
-0.0511264492
-0.0352781165
-0.0254867298
-0.0097510176
0.0140459502
0.0346708519
0.0489623368
0.0672395459
0.0913434753
0.1059918691
0.1049799131
0.1065416455
0.1226628106
0.1366921147
0.1341034174
0.1285877338
0.1343765773
0.1400310695
0.1289813279
0.1034978636
0.0750480536
0.0491421330
0.0279712025
0.0143617897
0.0064910237
-0.0027312007
-0.0176228715
-0.0364743623
-0.0538564656
-0.0629324699
-0.0604129312
-0.0526203238
-0.0497712285
-0.0533382622
-0.0557227582
-0.0525365474
-0.0469138557
-0.0416443071
-0.0354009248
-0.0285849072
-0.0258048251
-0.0288889216
-0.0330935740
-0.0329543925
-0.0282519305
-0.0227846479
-0.0191976662
-0.0172445500
-0.0161065656
-0.0160994251
-0.0175658927
-0.0190405287
-0.0180839233
-0.0150733335
-0.0131046446
-0.0141131623
-0.0171436455
-0.0202205923
-0.0217928582
-0.0212430545
-0.0183063899
-0.0143214933
-0.0119361241
-0.0125658383
-0.0152560314
-0.0170013440
-0.0149500977
-0.0096448646
-0.0050876876
-0.0042765091
-0.0069421414
-0.0125838670
-0.0218372024
-0.0327056742
-0.0395386472
-0.0394194683
-0.0357583249
-0.0330302551
-0.0328968316
-0.0346216686
-0.0361184176
-0.0348614635
-0.0296060869
-0.0217225352
-0.0121803489
0.0002385837
0.0160476948
0.0323340839
0.0465589480
0.0597080550
0.0725180088
0.0832195102
0.0909856295
0.0957301343
0.0956050611
0.0886452866
0.0773359658
0.0671976578
0.0602579132
0.0544451557
0.0476513329
0.0397256657
0.0312041133
0.0221444913
0.0122516634
0.0007060327
-0.0124140949
-0.0254437501
-0.0367807144
-0.0469074884
-0.0565533808
-0.0640704907
-0.0678421624
-0.0687967667
-0.0686953528
-0.0663675809
-0.0596944015
-0.0492116555
-0.0361668095
-0.0183561099
0.0068160358
0.0364263979
0.0617527520
0.0747770313
0.0763795513
0.0766013084
0.0834901414
0.0936497346
0.0989320088
0.0974231254
0.0921308454
0.0833000028
0.0678179027
0.0464907353
0.0272071643
0.0166576519
0.0140919044
0.0151176867
0.0170788167
0.0184661925
0.0170793715
0.0118910250
0.0040194849
-0.0053946027
-0.0165763225
-0.0294710260
-0.0435025041
-0.0572030703
-0.0677008888
-0.0748094321
-0.0830209576
-0.0946394958
-0.1055863590
-0.1117335032
-0.1142557980
-0.1153932821
-0.1141591050
-0.1092939841
-0.1022402182
-0.0955439344
-0.0904828624
-0.0864362934
-0.0816533206
-0.0750002075
-0.0659067475
-0.0529743310
-0.0354109216
-0.0158608764
0.0015982047
0.0157219132
0.0279273223
0.0399067627
0.0521368043
0.0629704649
0.0700694481
0.0736162245
0.0767654500
0.0817305658
0.0858218064
0.0841681474
0.0754234734
0.0623538221
0.0494912646
0.0400441340
0.0333368983
0.0258622860
0.0164956207
0.0091162005
0.0073508789
0.0092529988
0.0105799211
0.0102300617
0.0096347951
0.0100758715
0.0119497776
0.0136214835
0.0118061935
0.0074127551
0.0067013505
0.0112299380
0.0147223917
0.0137675145
0.0120710213
0.0118488367
0.0101305216
0.0051037761
-0.0015372154
-0.0088603417
-0.0172768053
-0.0259197833
-0.0323480557
-0.0349586659
-0.0348315187
-0.0344367331
-0.0345810903
-0.0335336589
-0.0289604816
-0.0201708632
-0.0085596347
0.0040460114
0.0166719967
0.0290022152
0.0406606131
0.0509190369
0.0584268049
0.0624319405
0.0641033281
0.0649617852
0.0644553705
0.0609892414
0.0551449836
0.0500896877
0.0469506773
0.0426673606
0.0346578534
0.0247613961
0.0166270431
0.0113709660
0.0066602000
0.0001601040
-0.0075300647
-0.0146073698
-0.0208638325
-0.0275863044
-0.0352556852
-0.0427652361
-0.0505261341
-0.0600801455
-0.0702174347
-0.0774664877
-0.0812037574
-0.0847695449
-0.0898664925
-0.0944026299
-0.0955663111
-0.0921159275
-0.0839742884
-0.0727265855
-0.0603828591
-0.0458970605
-0.0272435310
-0.0063065521
0.0124499158
0.0284074943
0.0428158021
0.0541464809
0.0597561104
0.0606556370
0.0595494257
0.0571897170
0.0532408416
0.0487588631
0.0440673257
0.0370027535
0.0265289763
0.0153412085
0.0061949403
-0.0018649873
-0.0110893648
-0.0213405571
-0.0304052274
-0.0372110754
-0.0422010422
-0.0446256343
-0.0418085397
-0.0326675428
-0.0196969858
-0.0061198719
0.0066737543
0.0179567488
0.0262603736
0.0313080287
0.0346198403
0.0372892030
0.0400857493
0.0445982092
0.0508671156
0.0559662826
0.0578911185
0.0583648959
0.0587888259
0.0573979935
0.0523784731
0.0447617140
0.0363819264
0.0279246752
0.0201609483
0.0138874028
0.0083134042
0.0010754996
-0.0086660188
-0.0191411786
-0.0285554536
-0.0366717051
-0.0440602943
-0.0505288357
-0.0556790872
-0.0595323430
-0.0614886974
-0.0602657542
-0.0558944587
-0.0498916354
-0.0424380082
-0.0321536874
-0.0180653215
-0.0006730578
0.0181976899
0.0351089357
0.0464656479
0.0515432841
0.0534234576
0.0559987198
0.0603980953
0.0650830835
0.0678559795
0.0670441588
0.0626751920
0.0561567395
0.0489062130
0.0414725611
0.0333259737
0.0240293766
0.0145787894
0.0065937993
0.0004114491
-0.0053782759
-0.0114781833
-0.0170706028
-0.0222227826
-0.0288443136
-0.0383665064
-0.0498940277
-0.0613959704
-0.0717804953
-0.0809012257
-0.0878285085
-0.0899088627
-0.0851315205
-0.0756251369
-0.0652817543
-0.0552299697
-0.0452383749
-0.0374643874
-0.0330867064
-0.0282325100
-0.0205562161
-0.0151173593
-0.0172764323
-0.0245663910
-0.0292649963
-0.0269578547
-0.0198748717
-0.0128948218
-0.0079381873
-0.0029998671
0.0039824160
0.0125368940
0.0210888461
0.0293391397
0.0378843150
0.0465961061
0.0541072943
0.0596077872
0.0638402923
0.0679743670
0.0718707390
0.0740747293
0.0739211758
0.0720704559
0.0687249337
0.0632606256
0.0556557644
0.0470782338
0.0385967594
0.0304156335
0.0221741906
0.0137688152
0.0058259880
-0.0001512304
-0.0027818031
-0.0025644022
-0.0018287297
-0.0022026404
-0.0033549113
-0.0041891488
-0.0044887224
-0.0049712776
-0.0061528812
-0.0078764538
-0.0098156737
-0.0120343817
-0.0141061491
-0.0149621957
-0.0140050899
-0.0115113937
-0.0082569966
-0.0046508664
-0.0005316087
0.0040474677
0.0087032533
0.0127146072
0.0152942173
0.0161612977
0.0158137761
0.0147324157
0.0127412409
0.0093262417
0.0046871576
-0.0005070276
-0.0058306944
-0.0108689539
-0.0151953413
-0.0187680237
-0.0218525295
-0.0244893186
-0.0264471830
-0.0275141804
-0.0281162056
-0.0287974680
-0.0296598456
-0.0308385084
-0.0319092352
-0.0321440727
-0.0314232143
-0.0305539964
-0.0302281783
-0.0305666401
-0.0312630478
-0.0320004341
-0.0327995928
-0.0334681478
-0.0333878554
-0.0322918501
-0.0302314257
-0.0274698817
-0.0245998288
-0.0217051341
-0.0186138517
-0.0154809812
-0.0126862724
-0.0104803173
-0.0086485304
-0.0070816203
-0.0057975359
-0.0045653645
-0.0033711572
-0.0022693285
-0.0012942532
-0.0003365649
0.0004955040
0.0002832631
-0.0015009232
-0.0041714921
-0.0067513306
-0.0093361384
-0.0123548511
-0.0152379389
-0.0168986930
-0.0167686896
-0.0148890347
-0.0114113988
-0.0067502400
-0.0013097368
0.0048236612
0.0115155143
0.0180816310
0.0237517232
0.0282459633
0.0321397702
0.0361567400
0.0395130140
0.0410572817
0.0407628911
0.0396630473
0.0387769922
0.0384879411
0.0384336366
0.0382919719
0.0378228245
0.0368883956
0.0355537324
0.0340858913
0.0322084285
0.0291917625
0.0247097295
0.0193926531
0.0141635281
0.0092815246
0.0043808820
-0.0008634016
-0.0063246317
-0.0117504336
-0.0168741878
-0.0214689413
-0.0253935571
-0.0289303003
-0.0326196602
-0.0364582165
-0.0400030099
-0.0428393795
-0.0447890027
-0.0456072908
-0.0447326515
-0.0416015367
-0.0361195273
-0.0289519767
-0.0209792183
-0.0126059435
-0.0038610804
0.0046996986
0.0121730447
0.0181349531
0.0231035437
0.0277422412
0.0323596352
0.0371592269
0.0418481083
0.0462190399
0.0495365275
0.0514601718
0.0527510275
0.0539340383
0.0544094621
0.0530896713
0.0491682301
0.0423957925
0.0327666190
0.0214535687
0.0106616053
0.0014374297
-0.0068534095
-0.0150577244
-0.0229512364
-0.0299548729
-0.0361853204
-0.0418909970
-0.0469841151
-0.0510511779
-0.0537941928
-0.0544604010
-0.0520128045
-0.0458735649
-0.0362318021
-0.0239973397
-0.0108212624
0.0014767955
0.0113389564
0.0182304636
0.0233922127
0.0281575116
0.0323695592
0.0347422483
0.0342331866
0.0306573932
0.0242547267
0.0160476766
0.0080761444
0.0020253048
-0.0024402641
-0.0072292295
-0.0135828609
-0.0210067616
-0.0285851619
-0.0361406761
-0.0436375286
-0.0504646982
-0.0559762066
-0.0601295926
-0.0625228665
-0.0624519158
-0.0599614760
-0.0554806528
-0.0492482951
-0.0412243431
-0.0308171959
-0.0174052532
-0.0013942990
0.0148175838
0.0280600909
0.0375469539
0.0451432646
0.0523331102
0.0590465950
0.0645681911
0.0686141325
0.0708427736
0.0707117878
0.0677620427
0.0624253457
0.0552839195
0.0460217244
0.0339530954
0.0197461236
0.0057748299
-0.0056213009
-0.0148576163
-0.0244862805
-0.0355168290
-0.0459737963
-0.0542524884
-0.0606662523
-0.0656740476
-0.0688950151
-0.0699451390
-0.0693971363
-0.0676202597
-0.0638316054
-0.0574233902
-0.0494745821
-0.0416770900
-0.0349064717
-0.0286512915
-0.0223981035
-0.0158357708
-0.0085602751
-0.0002117964
0.0085666224
0.0162911373
0.0216467545
0.0245161798
0.0262722442
0.0285602291
0.0322118578
0.0368200465
0.0411159524
0.0435272276
0.0428808947
0.0392977880
0.0339804932
0.0279343809
0.0208002589
0.0122562843
0.0034407489
-0.0038200482
-0.0080605826
-0.0092848993
-0.0088766594
-0.0076952105
-0.0053326110
-0.0008498243
0.0062707202
0.0156454321
0.0267103189
0.0385995155
0.0487250251
0.0533317311
0.0515071994
0.0468138972
0.0437206045
0.0431471324
0.0432342288
0.0428252803
0.0416264785
0.0388199355
0.0344475485
0.0299252101
0.0257314822
0.0208748026
0.0155720709
0.0114634747
0.0088426595
0.0066265803
0.0036115343
-0.0006866753
-0.0062780454
-0.0126265283
-0.0198955111
-0.0277188002
-0.0333118018
-0.0344480124
-0.0329371643
-0.0321742358
-0.0321963396
-0.0302462707
-0.0256856736
-0.0217446300
-0.0210672789
-0.0221978771
-0.0222771417
-0.0219713445
-0.0230591723
-0.0244566086
-0.0244187864
-0.0234941542
-0.0223820486
-0.0203676147
-0.0177253042
-0.0168074760
-0.0189298821
-0.0231238556
-0.0279649807
-0.0323531587
-0.0349257102
-0.0355453639
-0.0355580986
-0.0356842088
-0.0348182382
-0.0320298422
-0.0276632950
-0.0226277106
-0.0179974635
-0.0145427319
-0.0121988962
-0.0097593407
-0.0063222776
-0.0026307247
0.0002013729
0.0023375912
0.0051886540
0.0092901751
0.0138773788
0.0182412517
0.0225097688
0.0267794412
0.0304462515
0.0326783946
0.0334329272
0.0335794039
0.0337688784
0.0346965215
0.0370858203
0.0407854589
0.0443250311
0.0464200303
0.0468948719
0.0465895477
0.0461732312
0.0449474682
0.0423556145
0.0387145101
0.0343080123
0.0292166316
0.0231756405
0.0164898810
0.0098000645
0.0037158208
-0.0015901664
-0.0067389679
-0.0116708779
-0.0156541735
-0.0184479000
-0.0202352100
-0.0216728880
-0.0227064203
-0.0223326742
-0.0199659432
-0.0164760547
-0.0136683564
-0.0122271945
-0.0112886815
-0.0096513684
-0.0072363746
-0.0053215800
-0.0047784738
-0.0049023600
-0.0046747831
-0.0041158032
-0.0042363565
-0.0054811425
-0.0068138345
-0.0073757698
-0.0075488584
-0.0085248662
-0.0105761825
-0.0128308570
-0.0146386426
-0.0163609600
-0.0184743609
-0.0206635698
-0.0222953069
-0.0233633140
-0.0242063439
-0.0247392286
-0.0248588168
-0.0249888929
-0.0250923080
-0.0250016276
-0.0246146465
-0.0237311839
-0.0218499189
-0.0190502435
-0.0161300066
-0.0136753332
-0.0116221767
-0.0093890694
-0.0068083676
-0.0040651535
-0.0012241439
0.0021486433
0.0061900038
0.0100726605
0.0129625614
0.0146869436
0.0159077038
0.0172861380
0.0190900759
0.0209154991
0.0222629971
0.0229861659
0.0229262854
0.0217284842
0.0193482816
0.0162860434
0.0129879672
0.0099386730
0.0073649298
0.0051796278
0.0036480766
0.0031971081
0.0037082855
0.0050020629
0.0066280375
0.0087887070
0.0120710395
0.0161693933
0.0203460840
0.0239484656
0.0266317456
0.0289133541
0.0310967959
0.0332588799
0.0351890644
0.0367650598
0.0378982414
0.0384616348
0.0380651664
0.0364370223
0.0339062498
0.0305847871
0.0264385234
0.0211679560
0.0148432806
0.0082739384
0.0024608525
-0.0023774073
-0.0069592896
-0.0113016072
-0.0150461903
-0.0180724074
-0.0203887180
-0.0220553210
-0.0230513313
-0.0235391169
-0.0234552496
-0.0227653366
-0.0219869082
-0.0215878473
-0.0215493611
-0.0216129984
-0.0217519525
-0.0221286730
-0.0222183437
-0.0214065775
-0.0196294371
-0.0172667267
-0.0143705220
-0.0109901704
-0.0077016542
-0.0049759813
-0.0025642657
-0.0001889282
0.0023292154
0.0051621730
0.0080844747
0.0105816858
0.0125029651
0.0140634877
0.0153712897
0.0164908543
0.0170572404
0.0164254250
0.0144790674
0.0114644298
0.0077513188
0.0038696290
0.0002088576
-0.0033190276
-0.0069998534
-0.0108108927
-0.0145587595
-0.0179143240
-0.0206073733
-0.0223757904
-0.0228835149
-0.0217392177
-0.0193482452
-0.0169094630
-0.0154429863
-0.0147665539
-0.0137490764
-0.0119411544
-0.0096724808
-0.0073657321
-0.0054043657
-0.0034460465
-0.0005494112
0.0033102188
0.0071830916
0.0103168853
0.0130629111
0.0157605085
0.0183428658
0.0207675671
0.0229419946
0.0247120490
0.0258234360
0.0260462210
0.0253134466
0.0237840239
0.0217550452
0.0194773208
0.0174165780
0.0158959878
0.0146231154
0.0133306314
0.0116851136
0.0096293555
0.0076994284
0.0062760742
0.0053895116
0.0046905351
0.0038421711
0.0029352266
0.0019766417
0.0007900580
-0.0008517880
-0.0031899329
-0.0058841111
-0.0081570172
-0.0098643840
-0.0115472146
-0.0134612079
-0.0153302021
-0.0165132765
-0.0165404560
-0.0154261127
-0.0134959737
-0.0107800382
-0.0073698254
-0.0035040114
0.0007450525
0.0051546268
0.0092352612
0.0123613458
0.0142929039
0.0152536845
0.0156116759
0.0154818090
0.0146297192
0.0124414654
0.0087514415
0.0043630479
0.0000789604
-0.0040765929
-0.0085613730
-0.0134288435
-0.0180467742
-0.0220633166
-0.0254079291
-0.0281989995
-0.0303941482
-0.0316798282
-0.0320249666
-0.0316939455
-0.0308332326
-0.0295336990
-0.0280829952
-0.0265191524
-0.0245912874
-0.0222283768
-0.0197751861
-0.0177147435
-0.0157269161
-0.0131112485
-0.0099233094
-0.0067207318
-0.0039853604
-0.0017776079
0.0000803884
0.0016915403
0.0030848687
0.0044881648
0.0058375402
0.0069224262
0.0076859514
0.0081552462
0.0080313955
0.0071273253
0.0056515222
0.0037081118
0.0014066053
-0.0011945229
-0.0042052173
-0.0075155316
-0.0108746482
-0.0139018659
-0.0162504408
-0.0177015267
-0.0182285625
-0.0178679877
-0.0170351183
-0.0159071580
-0.0144750105
-0.0128052057
-0.0111694844
-0.0095553304
-0.0078353807
-0.0062097872
-0.0049133091
-0.0039856597
-0.0036251677
-0.0035685437
-0.0032193265
-0.0024340195
-0.0015507879
-0.0007106145
0.0001755791
0.0013393241
0.0027719519
0.0044178372
0.0060155417
0.0073215654
0.0083512427
0.0091305180
0.0098132359
0.0105201497
0.0110127017
0.0109259146
0.0100115156
0.0081308701
0.0055303222
0.0026344896
-0.0004069932
-0.0036590558
-0.0069185185
-0.0093769168
-0.0105546336
-0.0109087682
-0.0107488109
-0.0099104382
-0.0081943017
-0.0058111293
-0.0033071534
-0.0011534726
0.0005296208
0.0019545515
0.0033014864
0.0045672456
0.0054584619
0.0055803860
0.0046582835
0.0028115532
0.0006780132
-0.0012612529
-0.0028763712
-0.0042466352
-0.0055474404
-0.0068777383
-0.0078564649
-0.0079243610
-0.0070439155
-0.0055497235
-0.0035736439
-0.0010609102
0.0018431600
0.0050206820
0.0082256228
0.0109824204
0.0131877660
0.0152764797
0.0174320234
0.0195098671
0.0213637525
0.0229536833
0.0243753155
0.0254491442
0.0258388359
0.0255977039
0.0252837928
0.0250672570
0.0249818797
0.0247658351
0.0240073456
0.0224023059
0.0200138622
0.0175087502
0.0152316625
0.0132010556
0.0116409513
0.0104553754
0.0094277011
0.0083467392
0.0070995554
0.0055626056
0.0037645575
0.0019135630
0.0002607609
-0.0011660517
-0.0022396330
-0.0029949715
-0.0036666475
-0.0040846931
-0.0042524468
-0.0040772215
-0.0034632639
-0.0025149150
-0.0017818104
-0.0014946577
-0.0013168100
-0.0010158674
-0.0007156012
-0.0004426058
-0.0001158135
0.0002923965
0.0007029695
0.0010058634
0.0013972453
0.0019886369
0.0026145224
0.0031526566
0.0036354383
0.0040728071
0.0043085314
0.0043595559
0.0041249048
0.0035445205
0.0024565281
0.0006934149
-0.0016349190
-0.0040668090
-0.0063880752
-0.0084941891
-0.0103601925
-0.0123487839
-0.0148834496
-0.0175256692
-0.0193801366
-0.0201557180
-0.0201534530
-0.0197658170
-0.0191523760
-0.0182597171
-0.0169945673
-0.0152140704
-0.0125423154
-0.0086631080
-0.0038092264
0.0011882902
0.0055649988
0.0094539801
0.0131525636
0.0164697510
0.0192018595
0.0212687514
0.0224660250
0.0229910597
0.0227912154
0.0217410370
0.0200878055
0.0178858891
0.0151574282
0.0120497998
0.0089073938
0.0060690858
0.0037799502
0.0021869858
0.0007470437
-0.0008976111
-0.0026504407
-0.0040882307
-0.0050223393
-0.0055598440
-0.0057488828
-0.0058519623
-0.0059320655
-0.0061270197
-0.0063924405
-0.0063996711
-0.0062076150
-0.0058587672
-0.0054001278
-0.0050136597
-0.0047857317
-0.0048626622
-0.0051013811
-0.0052009339
-0.0048770706
-0.0039871888
-0.0025293317
-0.0007135282
0.0010581085
0.0026435658
0.0041675798
0.0055641656
0.0066975655
0.0073231708
0.0071335853
0.0062349920
0.0049132682
0.0033801015
0.0018791565
0.0007273664
-0.0001966534
-0.0011509456
-0.0021976475
-0.0031357321
-0.0037611210
-0.0040283756
-0.0039189606
-0.0035736912
-0.0034316590
-0.0039676564
-0.0051431655
-0.0065624137
-0.0079860880
-0.0095717945
-0.0113992735
-0.0134258144
-0.0154463064
-0.0170184449
-0.0179477435
-0.0183758669
-0.0184076855
-0.0178979144
-0.0167474863
-0.0144840885
-0.0109442708
-0.0063413169
-0.0013858695
0.0031844133
0.0071179953
0.0102049106
0.0125793189
0.0145538112
0.0162119819
0.0174530721
0.0184513565
0.0192056800
0.0196406346
0.0195854568
0.0189116715
0.0178220245
0.0166928998
0.0156121489
0.0143318176
0.0126316586
0.0107524585
0.0087458428
0.0067005027
0.0047704255
0.0028226798
0.0009125852
-0.0011684231
-0.0033205785
-0.0051752534
-0.0065928633
-0.0076800179
-0.0086978902
-0.0097776241
-0.0110414731
-0.0124468231
-0.0137310022
-0.0146888084
-0.0154113768
-0.0158051437
-0.0159926353
-0.0162743821
-0.0163943705
-0.0157747532
-0.0143623081
-0.0124303226
-0.0103033410
-0.0082150375
-0.0062564709
-0.0043081421
-0.0023726026
-0.0007716189
0.0002567197
0.0007750262
0.0009380191
0.0009279241
0.0007711885
0.0006291186
0.0003914783
-0.0000040582
-0.0003314779
-0.0005055965
-0.0004515731
-0.0001573913
0.0004035311
0.0008944374
0.0012854362
0.0019598301
0.0028616589
0.0038053651
0.0047621461
0.0057008429
0.0063933301
0.0067893038
0.0071205941
0.0073258051
0.0073420373
0.0072449341
0.0071060665
0.0067243985
0.0062544788
0.0058880780
0.0055713307
0.0052243858
0.0050442285
0.0050480653
0.0049624270
0.0046920942
0.0043679389
0.0037606489
0.0027782647
0.0017837816
0.0009837696
0.0001869369
-0.0008737941
-0.0022249771
-0.0035860749
-0.0050887537
-0.0067771057
-0.0084874716
-0.0099346342
-0.0109119427
-0.0115203171
-0.0118980837
-0.0118290524
-0.0113025805
-0.0104592141
-0.0092765581
-0.0076029274
-0.0058443460
-0.0043899837
-0.0032646885
-0.0027919636
-0.0029405224
-0.0030081929
-0.0025734957
-0.0016460009
-0.0008161746
-0.0007612743
-0.0015230007
-0.0025289969
-0.0031460618
-0.0029745923
-0.0018943381
-0.0002808705
0.0012134167
0.0024080579
0.0033726135
0.0042332337
0.0050932245
0.0060454865
0.0067716316
0.0067896249
0.0061078121
0.0048939687
0.0034738528
0.0018572255
0.0000499461
-0.0016207861
-0.0029173861
-0.0037145755
-0.0038680245
-0.0034204916
-0.0025984121
-0.0018773527
-0.0013470632
-0.0008551320
-0.0000943535
0.0010911943
0.0022674647
0.0030507214
0.0035439456
0.0041176497
0.0049893427
0.0059732433
0.0069264823
0.0077781881
0.0082049616
0.0081940407
0.0077707338
0.0073508816
0.0074371139
0.0079817127
0.0087523821
0.0095350457
0.0099396372
0.0099737662
0.0099045530
0.0098275261
0.0098078145
0.0095020537
0.0089163135
0.0083165069
0.0077067199
0.0069615555
0.0058984131
0.0045928861
0.0028924015
0.0011057865
-0.0002270638
-0.0012007057
-0.0020719521
-0.0030702028
-0.0042177055
-0.0051562304
-0.0058660860
-0.0064185822
-0.0067290958
-0.0068367870
-0.0068903529
-0.0067553330
-0.0064114225
-0.0058700793
-0.0049516534
-0.0034190862
-0.0013727946
0.0009963669
0.0035085549
0.0057709976
0.0075445341
0.0089026282
0.0101738561
0.0111829650
0.0117652605
0.0120237664
0.0119047603
0.0113839736
0.0106114577
0.0097836913
0.0092316590
0.0089857724
0.0089874916
0.0090093898
0.0088384652
0.0085689866
0.0082252098
0.0077881440
0.0071205531
0.0061313167
0.0046065123
0.0025307288
0.0001204591
-0.0023644670
-0.0048267148
-0.0071675861
-0.0095111772
-0.0120601331
-0.0146433272
-0.0169140111
-0.0186400215
-0.0196034037
-0.0200070309
-0.0202088582
-0.0201999348
-0.0199114204
-0.0193377937
-0.0184792092
-0.0176158674
-0.0168163084
-0.0160594199
-0.0151244816
-0.0141557599
-0.0132237325
-0.0120853479
-0.0106085106
-0.0091199755
-0.0078743181
-0.0066496538
-0.0052929277
-0.0038736741
-0.0023864644
-0.0009333992
0.0002520175
0.0011542712
0.0020176212
0.0028159240
0.0035280127
0.0040183770
0.0043836964
0.0047279215
0.0050044871
0.0050514282
0.0047750937
0.0043651155
0.0039606569
0.0034896357
0.0030969667
0.0027123261
0.0024399793
0.0023994511
0.0023228890
0.0022615149
0.0022393055
0.0023415581
0.0025601934
0.0027763626
0.0029771402
0.0031429654
0.0031399828
0.0031144415
0.0031113015
0.0030837899
0.0029746105
0.0027193383
0.0024137467
0.0019823178
0.0016559149
0.0016902304
0.0022398667
0.0030941241
0.0039698741
0.0049130344
0.0057034726
0.0060122952
0.0061342093
0.0064436123
0.0067339041
0.0065586078
0.0057275131
0.0045198643
0.0032879203
0.0019463649
0.0001961281
-0.0020684155
-0.0046841704
-0.0072458137
-0.0097486526
-0.0121669593
-0.0138671546
-0.0147128861
-0.0151819243
-0.0157276074
-0.0164423804
-0.0169395988
-0.0169879908
-0.0163785794
-0.0152388213
-0.0142422924
-0.0134773446
-0.0125441255
-0.0111217474
-0.0093925714
-0.0080375118
-0.0073026079
-0.0069435259
-0.0066286588
-0.0060078908
-0.0048634572
-0.0029733098
-0.0006157698
0.0014644564
0.0028335561
0.0035773816
0.0041104518
0.0047389725
0.0055486911
0.0063697963
0.0068610085
0.0066870812
0.0061325038
0.0055360510
0.0049770619
0.0045997001
0.0044034661
0.0044018679
0.0044469880
0.0042732844
0.0039184804
0.0036545559
0.0035736840
0.0037788131
0.0042793662
0.0049724774
0.0055271840
0.0055322497
0.0051011746
0.0045569587
0.0043560520
0.0047188253
0.0053118725
0.0058317268
0.0060746827
0.0056122792
0.0047484872
0.0041637540
0.0039841661
0.0040827356
0.0043259935
0.0042725731
0.0035701628
0.0022229632
0.0004332151
-0.0012509669
-0.0021837048
-0.0022965108
-0.0020841083
-0.0022619679
-0.0028235166
-0.0033418200
-0.0035281218
-0.0034126815
-0.0033095975
-0.0032336949
-0.0030441840
-0.0025563638
-0.0018261336
-0.0011226363
-0.0006118274
-0.0001523015
0.0002722321
0.0003099390
-0.0000903633
-0.0004481476
-0.0005235913
-0.0003586432
-0.0001419852
-0.0003270638
-0.0009484889
-0.0016728066
-0.0021114397
-0.0020600660
-0.0016718306
-0.0012837297
-0.0011209044
-0.0011081269
-0.0009590624
-0.0004008190
0.0007858663
0.0024813417
0.0040850206
0.0051800698
0.0057457501
0.0058222813
0.0057671954
0.0060391901
0.0067585066
0.0076086443
0.0079687397
0.0073621273
0.0061162979
0.0049771538
0.0041919095
0.0036706589
0.0032461950
0.0026003869
0.0016481221
0.0005934883
-0.0002397897
-0.0006624767
-0.0008894815
-0.0012552485
-0.0016502443
-0.0019637214
-0.0018910343
-0.0011914693
-0.0000836325
0.0012079444
0.0027008903
0.0043634454
0.0059683968
0.0072699997
0.0081067268
0.0084989974
0.0087951153
0.0090310325
0.0090587196
0.0089432102
0.0089050033
0.0087206117
0.0081897673
0.0073475078
0.0061873568
0.0052187962
0.0045968857
0.0041783907
0.0036994667
0.0030693242
0.0023728864
0.0017395402
0.0011722717
0.0008438688
0.0009238136
0.0011579261
0.0014648649
0.0016320218
0.0013928163
0.0008835361
0.0004963301
0.0003145096
0.0002845873
0.0002021296
-0.0001650837
-0.0009661793
-0.0020464017
-0.0031364807
-0.0039953463
-0.0045647041
-0.0050098038
-0.0056249376
-0.0062793307
-0.0066194825
-0.0063416253
-0.0055220682
-0.0043142775
-0.0030609238
-0.0020671902
-0.0013484612
-0.0009177946
-0.0005350026
-0.0000710651
0.0005344076
0.0014981107
0.0026800681
0.0037229623
0.0043295601
0.0044288100
0.0039142251
0.0025652454
0.0009173289
-0.0002435477
-0.0006368965
-0.0003931944
-0.0001067155
-0.0002250870
-0.0006442360
-0.0010149815
-0.0011936779
-0.0011424243
-0.0008569539
-0.0001702792
0.0006519449
0.0011932922
0.0013003049
0.0010301922
0.0008047544
0.0008613575
0.0011930657
0.0014598410
0.0014858453
0.0012192092
0.0007345612
0.0000291180
-0.0009302128
-0.0018060355
-0.0022355515
-0.0022697952
-0.0025382751
-0.0031870449
-0.0039764070
-0.0047481715
-0.0056689533
-0.0066044847
-0.0071898182
-0.0072957075
-0.0072253791
-0.0075700163
-0.0082592207
-0.0089862890
-0.0092857362
-0.0090610783
-0.0086144877
-0.0082463104
-0.0079201931
-0.0073751294
-0.0065895159
-0.0055337569
-0.0043335161
-0.0030135724
-0.0016776822
-0.0005793170
0.0001651792
0.0007309434
0.0014185823
0.0023327884
0.0029365164
0.0029924619
0.0026683758
0.0023563286
0.0024598992
0.0026327995
0.0025034056
0.0020231226
0.0011427226
0.0001369975
-0.0004303971
-0.0003848700
-0.0002474406
-0.0002710830
-0.0004848891
-0.0010860085
-0.0018397598
-0.0021861253
-0.0019834093
-0.0014545388
-0.0008601003
-0.0006290577
-0.0011539738
-0.0023401009
-0.0035343564
-0.0042284473
-0.0044339712
-0.0045573971
-0.0048277117
-0.0051668585
-0.0052052610
-0.0048429270
-0.0042743087
-0.0037684534
-0.0034464877
-0.0034597154
-0.0035722859
-0.0034954900
-0.0031174078
-0.0023690533
-0.0015919338
-0.0011842024
-0.0012685727
-0.0016830926
-0.0019841470
-0.0018621192
-0.0012970139
-0.0006044066
-0.0001520749
0.0002288121
0.0007456260
0.0011872141
0.0014673754
0.0013973417
0.0011083752
0.0006306776
0.0001400343
-0.0001361338
-0.0003491862
-0.0006568303
-0.0009028553
-0.0011331561
-0.0012555569
-0.0012600904
-0.0013205576
-0.0014742758
-0.0015902137
-0.0016489754
-0.0017682879
-0.0019691264
-0.0021960365
-0.0025671765
-0.0030125609
-0.0030357781
-0.0026021652
-0.0021441862
-0.0019408144
-0.0018981358
-0.0017933935
-0.0016276183
-0.0012693522
-0.0007115457
0.0000234711
0.0008970859
0.0016936852
0.0022001690
0.0025044853
0.0030317776
0.0038533968
0.0050759543
0.0065631004
0.0077731470
0.0083977727
0.0086957908
0.0088726834
0.0087448622
0.0083147077
0.0078273642
0.0074739837
0.0069571793
0.0062458138
0.0054901923
0.0046864772
0.0039008419
0.0031637776
0.0026230256
0.0026414473
0.0032608254
0.0040732100
0.0048533213
0.0054329652
0.0056824285
0.0058440668
0.0061678317
0.0066742510
0.0072274903
0.0075755914
0.0074115735
0.0067239155
0.0059629755
0.0053603263
0.0052338441
0.0055481244
0.0059026592
0.0060668153
0.0059826497
0.0058162841
0.0058268521
0.0058720604
0.0059870677
0.0064285389
0.0069591214
0.0073149861
0.0074876944
0.0075398659
0.0071467940
0.0063961600
0.0056691043
0.0048879170
0.0041266531
0.0033378495
0.0024620259
0.0011997869
-0.0003351689
-0.0019164301
-0.0035103114
-0.0051932912
-0.0068306780
-0.0083033010
-0.0096673869
-0.0111362741
-0.0127743512
-0.0145189453
-0.0162138830
-0.0177654368
-0.0189501849
-0.0196670592
-0.0202562223
-0.0208456946
-0.0213847921
-0.0218566774
-0.0219250811
-0.0211366377
-0.0192549543
-0.0164342757
-0.0129786163
-0.0091351025
-0.0053327847
-0.0020109209
0.0011049378
0.0046018914
0.0082664576
0.0116395960
0.0144821146
0.0165603495
0.0179415854
0.0188388561
0.0193166176
0.0192369619
0.0184361931
0.0167045521
0.0141469730
0.0110357971
0.0073431798
0.0033404783
-0.0003684692
-0.0033818198
-0.0058088671
-0.0080045661
-0.0101261918
-0.0119871722
-0.0135419643
-0.0148056313
-0.0156877477
-0.0162370602
-0.0164229327
-0.0160350874
-0.0151983885
-0.0139787472
-0.0126464491
-0.0112540157
-0.0098838954
-0.0083467746
-0.0066721279
-0.0050672110
-0.0038127066
-0.0027488411
-0.0016020952
-0.0004459332
0.0007637811
0.0022483754
0.0040194577
0.0058296319
0.0070549156
0.0077185487
0.0078942470
0.0076859250
0.0073808473
0.0072628928
0.0074782598
0.0078083986
0.0081720214
0.0084481622
0.0085744397
0.0086172130
0.0085673629
0.0083946154
0.0080780901
0.0075602633
0.0067231487
0.0057069392
0.0047679704
0.0039098308
0.0032442638
0.0027905309
0.0022866014
0.0015310536
0.0005567071
-0.0004691756
-0.0012622217
-0.0017499990
-0.0020621054
-0.0022160410
-0.0020724314
-0.0017366785
-0.0010974479
-0.0000904825
0.0011872187
0.0025131722
0.0035858875
0.0041689952
0.0041834555
0.0039371540
0.0036350990
0.0031810368
0.0026539810
0.0018576302
0.0008730510
-0.0000632044
-0.0008369968
-0.0012729288
-0.0014707992
-0.0014797254
-0.0012448497
-0.0007099205
0.0001878834
0.0016492965
0.0036771072
0.0058455967
0.0078086660
0.0094101090
0.0103874084
0.0106440950
0.0105125453
0.0102442337
0.0098472376
0.0091830488
0.0082069119
0.0069213893
0.0054178509
0.0039632784
0.0024527150
0.0010699882
-0.0001506364
-0.0011732951
-0.0018285168
-0.0021229647
-0.0020720640
-0.0019577479
-0.0019742249
-0.0019435924
-0.0020379676
-0.0021552827
-0.0020068021
-0.0016677836
-0.0011025173
-0.0003330110
0.0005580085
0.0013688459
0.0021584172
0.0028876423
0.0033238377
0.0035791399
0.0038023879
0.0040877249
0.0044673544
0.0048135389
0.0049097443
0.0045777481
0.0039340104
0.0031865482
0.0023038151
0.0013161760
0.0003645242
-0.0005838483
-0.0016749970
-0.0029915568
-0.0044382228
-0.0056902258
-0.0067616012
-0.0077039056
-0.0083848815
-0.0088310627
-0.0088924450
-0.0086122273
-0.0080917499
-0.0071719869
-0.0062443738
-0.0056169356
-0.0048921759
-0.0041067779
-0.0033739006
-0.0027167077
-0.0020429715
-0.0014360334
-0.0010457750
-0.0010665207
-0.0013348669
-0.0017168123
-0.0022633532
-0.0028809411
-0.0036497803
-0.0046610424
-0.0060471002
-0.0075781547
-0.0090156608
-0.0102258775
-0.0112264814
-0.0122676182
-0.0133524897
-0.0141456449
-0.0147285862
-0.0151160494
-0.0151157674
-0.0146781294
-0.0139483931
-0.0130795026
-0.0120378746
-0.0107053400
-0.0091553053
-0.0073627513
-0.0053903466
-0.0033476762
-0.0014717634
0.0001025044
0.0015429669
0.0029116700
0.0041183319
0.0051043219
0.0059166347
0.0068351260
0.0077211839
0.0084588848
0.0090523150
0.0095874401
0.0099045712
0.0098947018
0.0097251389
0.0095112409
0.0093950820
0.0092755120
0.0091349479
0.0089306437
0.0086406485
0.0082635850
0.0078034002
0.0072219325
0.0064068326
0.0052097545
0.0038192386
0.0024927730
0.0011822212
-0.0002572918
-0.0017697988
-0.0033241297
-0.0046724427
-0.0058133188
-0.0068721050
-0.0077404624
-0.0084639723
-0.0089867629
-0.0091340201
-0.0089514186
-0.0084424397
-0.0076323546
-0.0066701385
-0.0056146161
-0.0045298328
-0.0034379008
-0.0022330291
-0.0010940841
-0.0001980456
0.0005070885
0.0009524148
0.0013069979
0.0017165167
0.0022503274
0.0028880371
0.0035342463
0.0039702607
0.0041702214
0.0043180406
0.0043343229
0.0042689792
0.0043695344
0.0044553938
0.0046570336
0.0049615519
0.0051552071
0.0052845092
0.0052218116
0.0046785553
0.0038053969
0.0027651252
0.0017025085
0.0007715608
0.0000369135
-0.0005744532
-0.0010570679
-0.0013033730
-0.0012837679
-0.0009576925
-0.0004090758
0.0002128313
0.0008210407
0.0013030565
0.0016200557
0.0018496401
0.0019925110
0.0022690538
0.0028047320
0.0034904152
0.0042546708
0.0050439547
0.0058021986
0.0064463457
0.0068970568
0.0070533465
0.0070410439
0.0067896249
0.0061714793
0.0053523925
0.0044410126
0.0035697808
0.0028451183
0.0023545957
0.0019096725
0.0015857320
0.0015384616
0.0015295627
0.0015548584
0.0015136661
0.0014057384
0.0011019506
0.0005939259
-0.0000211544
-0.0006312893
-0.0011085708
-0.0015421337
-0.0021716077
-0.0029014568
-0.0036259891
-0.0044183048
-0.0052264152
-0.0057781654
-0.0060570414
-0.0061824185
-0.0060554450
-0.0058439885
-0.0053214617
-0.0042784129
-0.0029208563
-0.0013955079
0.0000770502
0.0015014454
0.0027216533
0.0036892262
0.0043134943
0.0045867734
0.0046318807
0.0046213673
0.0045366204
0.0041296558
0.0035151624
0.0026397126
0.0015829158
0.0006781512
-0.0000080340
-0.0007305406
-0.0012258431
-0.0012757278
-0.0010910824
-0.0009102392
-0.0009178055
-0.0008250562
-0.0006378518
-0.0003902809
-0.0001050184
0.0000445527
0.0001456162
0.0002381687
0.0002717128
0.0002366716
0.0000399261
-0.0002546150
-0.0005208064
-0.0006873147
-0.0008679075
-0.0011922525
-0.0015236884
-0.0017272757
-0.0020065947
-0.0025657530
-0.0029513633
-0.0028861515
-0.0026146625
-0.0022764427
-0.0018271224
-0.0011093613
-0.0002873977
0.0005056049
0.0012688128
0.0021219013
0.0029787457
0.0036790820
0.0041439451
0.0044551036
0.0047138933
0.0049212374
0.0050201098
0.0050889201
0.0048203183
0.0041325439
0.0030605790
0.0017634933
0.0005178192
-0.0007528114
-0.0022197695
-0.0037644284
-0.0051790793
-0.0066245928
-0.0079253070
-0.0087874372
-0.0092117201
-0.0095329536
-0.0098341572
-0.0100627638
-0.0102737418
-0.0102874408
-0.0099811160
-0.0093578511
-0.0087629419
-0.0082400722
-0.0077190954
-0.0069372213
-0.0059745158
-0.0050376747
-0.0041927355
-0.0034339231
-0.0027544207
-0.0020890039
-0.0014282934
-0.0008272560
-0.0001856714
0.0006121194
0.0013575256
0.0018423058
0.0020640911
0.0023045282
0.0027898105
0.0032805278
0.0034590059
0.0033563676
0.0031093949
0.0027439400
0.0023382789
0.0019090403
0.0013970397
0.0006731965
-0.0002537175
-0.0012698225
-0.0023741617
-0.0034969727
-0.0044041456
-0.0049540557
-0.0053647098
-0.0057017271
-0.0059454206
-0.0060233672
-0.0057797891
-0.0052403952
-0.0045335977
-0.0037511388
-0.0028430108
-0.0020445970
-0.0011233713
-0.0001103843
0.0009189225
0.0019870642
0.0029557549
0.0038994647
0.0048842194
0.0057969373
0.0064745049
0.0068638983
0.0071552662
0.0072812690
0.0071615289
0.0068998612
0.0066180599
0.0061912809
0.0055481826
0.0048547931
0.0040080937
0.0031867775
0.0025400670
0.0019002443
0.0012653753
0.0008147996
0.0006324269
0.0005151549
0.0005771772
0.0008039174
0.0009148019
0.0009313179
0.0008958459
0.0008435871
0.0006487473
0.0001782113
-0.0003799963
-0.0009043598
-0.0014310596
-0.0018807565
-0.0022522485
-0.0024516234
-0.0022600686
-0.0018712973
-0.0013321235
-0.0007256575
-0.0002259271
0.0001620237
0.0005742191
0.0009735654
0.0011112669
0.0010750030
0.0009715752
0.0006681724
0.0002983877
-0.0000411736
-0.0004173240
-0.0006780842
-0.0009461321
-0.0014081889
-0.0019161281
-0.0021968761
-0.0023152654
-0.0023043927
-0.0021461546
-0.0017871663
-0.0014666523
-0.0013121336
-0.0011295858
-0.0009007308
-0.0005877972
-0.0002100210
0.0000687896
0.0003985968
0.0006805807
0.0006788514
0.0006652949
0.0008133777
0.0009963251
0.0011639023
0.0013122382
0.0014551119
0.0016355029
0.0017885835
0.0019225419
0.0019402695
0.0018220740
0.0016574649
0.0015969913
0.0017804569
0.0022001617
0.0027057240
0.0033416872
0.0041407860
0.0048204921
0.0052674774
0.0056475008
0.0061152200
0.0065748755
0.0067684979
0.0068285868
0.0069719352
0.0071658960
0.0072980643
0.0072794571
0.0072003562
0.0070364202
0.0067653361
0.0064867648
0.0062527296
0.0060563565
0.0058541954
0.0055552286
0.0052475266
0.0050104433
0.0048350306
0.0046271307
0.0044868013
0.0041697829
0.0035281810
0.0029041975
0.0023277336
0.0017624591
0.0011491054
0.0004425886
-0.0003699959
-0.0012579883
-0.0020971450
-0.0029366856
-0.0036421049
-0.0040892985
-0.0043261790
-0.0046066187
-0.0048263328
-0.0049895137
-0.0052659801
-0.0054595671
-0.0055070567
-0.0055303031
-0.0055396804
-0.0054132718
-0.0052990995
-0.0052116611
-0.0049737964
-0.0045643339
-0.0038934794
-0.0029661046
-0.0020137134
-0.0012291396
-0.0007481351
-0.0006148874
-0.0006466385
-0.0005939624
-0.0003777361
-0.0003340769
-0.0005805396
-0.0010082739
-0.0014548899
-0.0019174880
-0.0023998968
-0.0026653986
-0.0026447019
-0.0025686983
-0.0024950971
-0.0024861546
-0.0027177283
-0.0030798894
-0.0034515725
-0.0037435489
-0.0038990808
-0.0038491725
-0.0036184202
-0.0033643460
-0.0032200206
-0.0031284997
-0.0030924804
-0.0029803002
-0.0025892822
-0.0021389886
-0.0016616328
-0.0009624844
-0.0002013142
0.0004370879
0.0011069562
0.0018390730
0.0025106816
0.0031894872
0.0037517191
0.0041632318
0.0045163486
0.0047723730
0.0049210309
0.0048474406
0.0045756787
0.0042171379
0.0036116635
0.0029253972
0.0023024588
0.0017762590
0.0014023837
0.0011755382
0.0011243691
0.0011106193
0.0011276365
0.0012321695
0.0014516944
0.0016119437
0.0017002208
0.0016893299
0.0016062449
0.0015517821
0.0012642228
0.0005918053
-0.0001005845
-0.0008465861
-0.0016934014
-0.0024846373
-0.0032169196
-0.0041184556
-0.0049963705
-0.0056375158
-0.0062020718
-0.0066295657
-0.0067865803
-0.0069281369
-0.0069729113
-0.0068270167
-0.0065440092
-0.0062073476
-0.0056967723
-0.0050648069
-0.0043530857
-0.0035115121
-0.0025126710
-0.0014705464
-0.0005201404
0.0003929521
0.0012364930
0.0018054670
0.0023037032
0.0029230003
0.0034086774
0.0038030073
0.0039650831
0.0038348578
0.0036276083
0.0034359552
0.0033135035
0.0031346069
0.0027704810
0.0022611929
0.0015709069
0.0007813168
0.0001434201
-0.0004580489
-0.0012668917
-0.0021410416
-0.0027070357
-0.0031296895
-0.0035537032
-0.0039241701
-0.0042214477
-0.0043536824
-0.0044037426
-0.0044629273
-0.0044526867
-0.0042401423
-0.0038435656
-0.0033663553
-0.0028201928
-0.0021507109
-0.0015126747
-0.0008395374
-0.0000275845
0.0008196488
0.0016406896
0.0024380282
0.0031429773
0.0035278853
0.0035842920
0.0036350644
0.0037014479
0.0033972689
0.0029314944
0.0024738737
0.0019058903
0.0013498439
0.0010310263
0.0006612076
0.0001611815
-0.0001731006
-0.0006216328
-0.0011725610
-0.0015760190
-0.0018420065
-0.0021007135
-0.0023028109
-0.0022667570
-0.0022484045
-0.0022019263
-0.0019315472
-0.0016751571
-0.0015256422
-0.0013630825
-0.0012037656
-0.0011045030
-0.0006659963
-0.0001373478
0.0003498007
0.0009508839
0.0015590254
0.0021979940
0.0028542282
0.0036252914
0.0045697489
0.0053573263
0.0059545942
0.0065221983
0.0068480827
0.0069541148
0.0071835819
0.0074842442
0.0076489898
0.0075136578
0.0071299459
0.0066583735
0.0060084775
0.0053054978
0.0044849802
0.0034123741
0.0022195485
0.0012636161
0.0006290162
0.0002364862
0.0000685411
-0.0000549626
-0.0001355987
-0.0001709286
-0.0001983961
-0.0002206526
-0.0000903125
0.0002317194
0.0006353160
0.0008031212
0.0008006288
0.0008875970
0.0009624971
0.0010062755
0.0009116928
0.0006203372
-0.0000132971
-0.0007124946
-0.0012021174
-0.0016804174
-0.0022176410
-0.0027623745
-0.0033204366
-0.0037966199
-0.0043097649
-0.0048115678
-0.0050372253
-0.0050566376
-0.0049497950
-0.0048583415
-0.0048936531
-0.0048908223
-0.0047545780
-0.0045379567
-0.0042642692
-0.0040455820
-0.0037954320
-0.0035675513
-0.0034605768
-0.0033960955
-0.0032287611
-0.0030198152
-0.0029581145
-0.0029999108
-0.0029719835
-0.0028316559
-0.0026192015
-0.0025958206
-0.0028621692
-0.0032040112
-0.0036659871
-0.0041882901
-0.0046016540
-0.0048059235
-0.0048977791
-0.0048200227
-0.0045492296
-0.0041946120
-0.0036378333
-0.0030239976
-0.0023649054
-0.0015515647
-0.0007029589
0.0002476387
0.0012178311
0.0021466876
0.0030461660
0.0039845700
0.0049807059
0.0059912284
0.0069223062
0.0076017921
0.0079643790
0.0081205458
0.0082528215
0.0082325578
0.0081450584
0.0082791860
0.0084299761
0.0085671036
0.0086786262
0.0085326635
0.0083576255
0.0083827894
0.0083519076
0.0082341678
0.0080609055
0.0079250687
0.0076475935
0.0070313000
0.0062340842
0.0054673635
0.0045970331
0.0036187258
0.0026289081
0.0016250641
0.0006995257
-0.0002219916
-0.0011419913
-0.0018569253
-0.0022093616
-0.0024866376
-0.0027975114
-0.0031002459
-0.0033048684
-0.0033758418
-0.0032360281
-0.0030082839
-0.0028298130
-0.0027420535
-0.0027649660
-0.0028538162
-0.0030550922
-0.0032794353
-0.0034524957
-0.0036118545
-0.0037939738
-0.0039729886
-0.0041597079
-0.0044600074
-0.0046939362
-0.0049426590
-0.0052157999
-0.0054621623
-0.0056976256
-0.0059261548
-0.0061855776
-0.0063059590
-0.0063181852
-0.0061754498
-0.0058256378
-0.0052333902
-0.0043809848
-0.0032798556
-0.0021163835
-0.0011208871
-0.0003115443
0.0003526181
0.0008504274
0.0013896608
0.0019301718
0.0022611301
0.0025349968
0.0029025893
0.0030752694
0.0029779325
0.0026902486
0.0022967182
0.0017570086
0.0011330215
0.0003536804
-0.0005054869
-0.0014432440
-0.0024543987
-0.0033593157
-0.0040714863
-0.0048339600
-0.0056472188
-0.0063217855
-0.0069729986
-0.0076722525
-0.0081794312
-0.0085650233
-0.0087262068
-0.0084783362
-0.0080737712
-0.0075693386
-0.0069711721
-0.0062295752
-0.0054308567
-0.0046029529
-0.0037716253
-0.0029940992
-0.0022793899
-0.0015703129
-0.0009451506
-0.0005362538
-0.0000958582
0.0001857388
0.0002971574
0.0002663510
0.0000153907
-0.0002730350
-0.0004226915
-0.0005163147
-0.0007412781
-0.0010203992
-0.0012367895
-0.0012348202
-0.0011471325
-0.0010439202
-0.0009417723
-0.0008664705
-0.0008215275
-0.0009050616
-0.0009954318
-0.0008616181
-0.0007491485
-0.0007050593
-0.0007206853
-0.0008080632
-0.0008353319
-0.0006817619
-0.0003529041
-0.0000564046
0.0001870784
0.0004554668
0.0010821572
0.0019910875
0.0030040696
0.0037700680
0.0042711323
0.0048281529
0.0053466901
0.0057439136
0.0061138756
0.0065310098
0.0069497722
0.0071120964
0.0069925100
0.0067624444
0.0064097834
0.0061570927
0.0060325962
0.0057629029
0.0055160211
0.0054598018
0.0055748828
0.0058026616
0.0060641647
0.0063084750
0.0065734401
0.0067888544
0.0069259538
0.0070584677
0.0072014987
0.0074014321
0.0075381067
0.0073790290
0.0068409731
0.0061544894
0.0053889176
0.0046608959
0.0039578088
0.0032547955
0.0024550864
0.0018047593
0.0012213386
0.0005776076
0.0000415217
-0.0004331030
-0.0007560050
-0.0010873766
-0.0015061799
-0.0018560821
-0.0021412408
-0.0023960327
-0.0025733256
-0.0027545417
-0.0029486844
-0.0029573886
-0.0027562054
-0.0023958153
-0.0017776834
-0.0010469265
-0.0004458586
0.0002143549
0.0009765553
0.0015277398
0.0017279534
0.0016931130
0.0014294150
0.0010502894
0.0007015896
0.0003794632
0.0000388073
-0.0003764249
-0.0009516990
-0.0016176798
-0.0020268557
-0.0024862319
-0.0031216639
-0.0035396941
-0.0038300413
-0.0040980073
-0.0044465222
-0.0048056416
-0.0049311096
-0.0050896069
-0.0051053461
-0.0050456057
-0.0047620433
-0.0041890488
-0.0036494301
-0.0032967027
-0.0031007162
-0.0028142121
-0.0024358315
-0.0020093900
-0.0012344372
-0.0002908371
0.0005682511
0.0014503191
0.0023707606
0.0032493723
0.0040773279
0.0048147178
0.0055240794
0.0060318185
0.0062396793
0.0061562395
0.0060241613
0.0058469557
0.0057416741
0.0056929219
0.0055390445
0.0053699228
0.0051275418
0.0048415153
0.0045020829
0.0040642475
0.0036253697
0.0032771085
0.0029779570
0.0025871146
0.0019848120
0.0014006845
0.0008211835
0.0001662339
-0.0004620369
-0.0011454779
-0.0016727074
-0.0019737137
-0.0022791616
-0.0024360925
-0.0024253299
-0.0022613120
-0.0018582552
-0.0012474112
-0.0007469409
-0.0004734718
-0.0001790398
-0.0001513894
-0.0004496582
-0.0008269740
-0.0012625400
-0.0016114470
-0.0017775734
-0.0020243597
-0.0023504879
-0.0026006252
-0.0027259495
-0.0027200160
-0.0026695965
-0.0024881012
-0.0021737389
-0.0017674047
-0.0013413298
-0.0008138340
-0.0001291412
0.0007457952
0.0017688765
0.0027804323
0.0036152783
0.0042878866
0.0046573402
0.0046727310
0.0044548444
0.0041732877
0.0036497449
0.0028245263
0.0017394856
0.0004328449
-0.0008380930
-0.0019833184
-0.0031076602
-0.0041340111
-0.0050123316
-0.0056721734
-0.0060777345
-0.0062727750
-0.0062517454
-0.0059957201
-0.0053416808
-0.0043063775
-0.0029855524
-0.0014162346
0.0001524537
0.0016165782
0.0029674136
0.0041047258
0.0051098788
0.0059688353
0.0065465080
0.0069418931
0.0072037800
0.0071396389
0.0067409482
0.0061750096
0.0054152139
0.0044661846
0.0031652458
0.0016605649
0.0002811865
-0.0008460267
-0.0017890665
-0.0024741184
-0.0028648208
-0.0032022438
-0.0035161021
-0.0037552321
-0.0038646261
-0.0038494545
-0.0036453796
-0.0034134647
-0.0031888714
-0.0030327618
-0.0029034052
-0.0028210561
-0.0027666142
-0.0028052641
-0.0028997139
-0.0028055916
-0.0026447856
-0.0025019820
-0.0024413265
-0.0024348900
-0.0023807310
-0.0022855171
-0.0021431219
-0.0018950385
-0.0016528240
-0.0015046463
-0.0014174062
-0.0013010908
-0.0011229292
-0.0008028678
-0.0004743385
-0.0001124869
0.0002446011
0.0004274583
0.0003589631
0.0002855330
0.0002790139
0.0001808667
-0.0001040386
-0.0006035798
-0.0012578027
-0.0019972383
-0.0027758414
-0.0033970187
-0.0037989386
-0.0042604970
-0.0046283514
-0.0047313408
-0.0048058508
-0.0049457117
-0.0050109545
-0.0048582151
-0.0045996400
-0.0043179997
-0.0041725937
-0.0038684320
-0.0034048251
-0.0030095810
-0.0026070799
-0.0022779891
-0.0020056242
-0.0017406499
-0.0016910454
-0.0017652671
-0.0018138774
-0.0018250876
-0.0018140766
-0.0017001289
-0.0014421043
-0.0010817369
-0.0005958190
-0.0000659179
0.0005598308
0.0013673778
0.0020267711
0.0025071714
0.0029836949
0.0034164264
0.0036065805
0.0036621649
0.0035137798
0.0031369346
0.0026082852
0.0019738483
0.0013510419
0.0006613872
-0.0001212221
-0.0007846120
-0.0013050440
-0.0016321246
-0.0018703168
-0.0020162358
-0.0018221677
-0.0016187222
-0.0013844050
-0.0009681877
-0.0003846269
0.0001867471
0.0006815143
0.0011410853
0.0014870160
0.0016590940
0.0018209242
0.0019856825
0.0021528358
0.0022742159
0.0024122186
0.0026186139
0.0030907230
0.0036475163
0.0041558366
0.0045975634
0.0049934078
0.0051287034
0.0049550363
0.0046297577
0.0042352922
0.0036710546
0.0029110688
0.0021745185
0.0016373940
0.0012752648
0.0009203825
0.0005526704
0.0001998554
-0.0000531106
-0.0002624800
-0.0004183141
-0.0005035351
-0.0005777070
-0.0006078543
-0.0006566563
-0.0006881241
-0.0006722673
-0.0007092868
-0.0006333041
-0.0003319160
-0.0000553261
0.0001456370
0.0004516311
0.0007710860
0.0010346321
0.0013400127
0.0014929622
0.0013669603
0.0011031140
0.0006990786
0.0000915332
-0.0007392445
-0.0015571143
-0.0023196871
-0.0030482818
-0.0036922916
-0.0042397730
-0.0046860497
-0.0048224387
-0.0047309442
-0.0045734147
-0.0042848639
-0.0038775573
-0.0032033945
-0.0021624541
-0.0009411346
0.0002883608
0.0015549085
0.0029029786
0.0042281225
0.0052458584
0.0059918742
0.0068079538
0.0075011614
0.0078831560
0.0080237665
0.0079094859
0.0074009209
0.0067335666
0.0060360573
0.0051654877
0.0042392236
0.0034174762
0.0026408788
0.0018593121
0.0009572286
0.0001231004
-0.0005314671
-0.0010220038
-0.0012422109
-0.0013839338
-0.0015630496
-0.0017062070
-0.0017455110
-0.0017114265
-0.0015034365
-0.0011673862
-0.0009059787
-0.0007702214
-0.0006097944
-0.0004654258
-0.0004506747
-0.0003691538
-0.0001499709
-0.0000416718
-0.0000224308
0.0000089995
0.0000889450
0.0001059217
0.0000998675
0.0002210798
0.0004771230
0.0007201087
0.0008714642
0.0008847403
0.0007480779
0.0005163545
0.0002853727
0.0000125577
-0.0001844146
-0.0004170841
-0.0007747105
-0.0010868981
-0.0012683744
-0.0013781977
-0.0016025618
-0.0018659515
-0.0021123712
-0.0023056316
-0.0024630983
-0.0025032118
-0.0024136840
-0.0024260457
-0.0025343064
-0.0025625193
-0.0025970559
-0.0025400397
-0.0024084909
-0.0021688624
-0.0018865390
-0.0017727797
-0.0017613657
-0.0018536898
-0.0019642272
-0.0020338361
-0.0021129988
-0.0022958150
-0.0025740906
-0.0027427966
-0.0030551195
-0.0034934470
-0.0038825193
-0.0041714084
-0.0045665107
-0.0049776222
-0.0052422935
-0.0053714874
-0.0054725665
-0.0055222220
-0.0054778887
-0.0054267188
-0.0053557954
-0.0051403812
-0.0048260935
-0.0045106971
-0.0041694828
-0.0038483575
-0.0034855869
-0.0031647591
-0.0028858003
-0.0025880351
-0.0023888330
-0.0021063049
-0.0018254496
-0.0016467113
-0.0014216450
-0.0011085899
-0.0008199870
-0.0005365089
-0.0002085791
0.0000460645
0.0002072835
0.0004255566
0.0006396288
0.0008335751
0.0008930520
0.0007950018
0.0006579752
0.0005828871
0.0006523543
0.0007879120
0.0010197725
0.0012595328
0.0012874046
0.0012398986
0.0012484854
0.0012696624
0.0012798192
0.0011573539
0.0011383028
0.0011913102
0.0011861653
0.0010875394
0.0010974297
0.0010964192
0.0009653179
0.0008021974
0.0006332881
0.0005383606
0.0003813920
0.0001645410
0.0000587489
0.0000447766
-0.0000829211
-0.0002437972
-0.0002081814
-0.0001605421
-0.0001189625
-0.0000187652
0.0001766203
0.0004642535
0.0007305289
0.0010429733
0.0013555590
0.0016852511
0.0021824195
0.0027186234
0.0032656582
0.0038026071
0.0043300786
0.0049211319
0.0054325649
0.0056755217
0.0057416331
0.0058965065
0.0059885441
0.0059677201
0.0059971091
0.0061848381
0.0063613268
0.0064403431
0.0064050597
0.0061274727
0.0057975468
0.0055953593
0.0052715898
0.0049246403
0.0046308301
0.0042530835
0.0038065148
0.0034235970
0.0031354374
0.0028035231
0.0023686822
0.0019068736
0.0014849011
0.0011378343
0.0007780862
0.0005193577
0.0005460725
0.0005346549
0.0004213439
0.0003558188
0.0003569306
0.0004151545
0.0005790906
0.0009130263
0.0014121322
0.0019714942
0.0024475210
0.0028212726
0.0031822257
0.0033325901
0.0032107924
0.0030623282
0.0028584061
0.0024542359
0.0018548259
0.0013041835
0.0009536829
0.0006879578
0.0004126527
0.0001088998
-0.0001179232
-0.0001181016
-0.0000372018
0.0001431998
0.0004486101
0.0006755293
0.0008056521
0.0009617758
0.0010419864
0.0009951781
0.0009888171
0.0009023635
0.0007531982
0.0005992368
0.0003696187
0.0001489382
-0.0000046309
-0.0000774565
-0.0003098145
-0.0006009818
-0.0007560849
-0.0008382537
-0.0009952272
-0.0010651918
-0.0009750526
-0.0010295309
-0.0011466431
-0.0012345136
-0.0013610359
-0.0014498979
-0.0014819230
-0.0014383511
-0.0013888349
-0.0013703286
-0.0013313976
-0.0013312439
-0.0013710599
-0.0013975791
-0.0014160799
-0.0014172333
-0.0013987816
-0.0012497353
-0.0011432839
-0.0011147917
-0.0011618566
-0.0012666079
-0.0014485926
-0.0017750610
-0.0021538118
-0.0024967753
-0.0029026730
-0.0033567215
-0.0036902449
-0.0039686361
-0.0042465461
-0.0045888437
-0.0048290161
-0.0049532844
-0.0050446979
-0.0050458513
-0.0050072332
-0.0050574490
-0.0050823517
-0.0049814590
-0.0048434419
-0.0045965364
-0.0042972776
-0.0038527355
-0.0033791383
-0.0029563698
-0.0025376520
-0.0020737877
-0.0016630409
-0.0012711705
-0.0008554026
-0.0004228077
0.0000837366
0.0005720594
0.0010305943
0.0014086838
0.0016891407
0.0017942695
0.0018230991
0.0017536912
0.0016401238
0.0016224735
0.0015806808
0.0015319296
0.0013829205
0.0011711629
0.0009868777
0.0007617179
0.0005197844
0.0003034502
-0.0000097733
-0.0002486397
-0.0003276730
-0.0005320832
-0.0007980859
-0.0010592929
-0.0012680833
-0.0014868168
-0.0017433069
-0.0018072389
-0.0017808189
-0.0017283045
-0.0016022962
-0.0014837686
-0.0014205553
-0.0011870695
-0.0008374599
-0.0005176412
-0.0002135471
0.0001503396
0.0004782181
0.0007987184
0.0012360836
0.0016776612
0.0021569764
0.0025779892
0.0029111497
0.0032923338
0.0036263048
0.0038994383
0.0041407514
0.0044515106
0.0046695955
0.0048299576
0.0049143070
0.0048208650
0.0047332501
0.0046867738
0.0043731656
0.0037903417
0.0030796793
0.0021531878
0.0011702642
0.0003744519
-0.0002968926
-0.0009448058
-0.0015043807
-0.0020291288
-0.0025828375
-0.0031173477
-0.0036142077
-0.0038842712
-0.0041572238
-0.0044042657
-0.0044355049
-0.0042460039
-0.0040075380
-0.0036653604
-0.0031189250
-0.0025737577
-0.0022301365
-0.0019447667
-0.0015171336
-0.0010056951
-0.0005710482
-0.0003349660
-0.0003003891
-0.0003899707
-0.0004523596
-0.0005224974
-0.0007197596
-0.0010152798
-0.0014064770
-0.0018188739
-0.0022093270
-0.0026440233
-0.0029784355
-0.0032087094
-0.0033613360
-0.0035473440
-0.0037463414
-0.0038838901
-0.0038445589
-0.0036846307
-0.0034898394
-0.0032504247
-0.0030019247
-0.0026008463
-0.0020541780
-0.0014594671
-0.0007052146
-0.0000682242
0.0003913765
0.0008743565
0.0013647444
0.0017914324
0.0021256035
0.0022785612
0.0023950676
0.0023955160
0.0020700400
0.0016474390
0.0012198232
0.0006862479
0.0000737021
-0.0003534079
-0.0006371244
-0.0008086345
-0.0007740337
-0.0005871189
-0.0001322432
0.0004222916
0.0009470954
0.0015468629
0.0021374195
0.0026175451
0.0030862140
0.0035542271
0.0039723956
0.0042848785
0.0045154990
0.0046821866
0.0048555362
0.0048879452
0.0047437089
0.0045775826
0.0045090670
0.0043394696
0.0040867798
0.0038362968
0.0035834852
0.0032132957
0.0027808753
0.0023504797
0.0019012039
0.0015432362
0.0011366882
0.0006149544
0.0002261047
-0.0000389998
-0.0003286439
-0.0003910771
-0.0001267037
0.0002079543
0.0004871778
0.0008981608
0.0015241677
0.0021103236
0.0025406610
0.0028231882
0.0029926520
0.0030363403
0.0029337766
0.0027806088
0.0025788461
0.0022222146
0.0018340874
0.0014577616
0.0010841501
0.0008515640
0.0006126123
0.0003724917
0.0002240731
0.0001516392
-0.0000205950
-0.0002627764
-0.0003699663
-0.0003126801
-0.0000953173
0.0001316550
0.0003505587
0.0005170035
0.0006932488
0.0008358831
0.0009764171
0.0011827779
0.0014525986
0.0016891907
0.0019792678
0.0021478429
0.0021067424
0.0021019596
0.0022754221
0.0024673317
0.0025074388
0.0025438665
0.0025888583
0.0025616069
0.0024674118
0.0022954939
0.0020721795
0.0016765433
0.0011516133
0.0004843963
-0.0002814588
-0.0010046381
-0.0017272112
-0.0026500187
-0.0037247142
-0.0047318702
-0.0058081203
-0.0066700230
-0.0071840503
-0.0074926110
-0.0076261846
-0.0075489476
-0.0071771363
-0.0065543380
-0.0057474948
-0.0047461385
-0.0036000194
-0.0026548588
-0.0018985105
-0.0012396294
-0.0006524559
-0.0001593693
0.0001975185
0.0005829340
0.0008173201
0.0008323811
0.0008345728
0.0008449025
0.0008086975
0.0007974340
0.0005524083
-0.0000105976
-0.0007224573
-0.0014162118
-0.0019846437
-0.0023588373
-0.0027234689
-0.0031716668
-0.0036840886
-0.0041551180
-0.0044191735
-0.0044345207
-0.0041695046
-0.0039124914
-0.0039466678
-0.0040557162
-0.0039520418
-0.0036848618
-0.0034418886
-0.0032839734
-0.0033049512
-0.0034717406
-0.0036078749
-0.0036361005
-0.0033119617
-0.0027573870
-0.0022727487
-0.0020218264
-0.0017055876
-0.0011645145
-0.0002870244
0.0007710549
0.0015814849
0.0019504355
0.0021480448
0.0024274693
0.0028886720
0.0034234669
0.0037018645
0.0036149172
0.0033059145
0.0028756089
0.0025084895
0.0022339733
0.0018981058
0.0015923813
0.0012738039
0.0008020168
0.0002800885
0.0001024638
0.0003255700
0.0005662474
0.0006524633
0.0007691344
0.0008566526
0.0010279845
0.0011610852
0.0010847505
0.0008384265
0.0005914802
0.0003154788
-0.0000031838
-0.0002390605
-0.0003463946
-0.0003377693
-0.0002990625
-0.0003435897
-0.0003941167
-0.0003594664
-0.0002664535
-0.0002155600
-0.0003552741
-0.0006128249
-0.0009877282
-0.0011740701
-0.0011397036
-0.0011150082
-0.0010744608
-0.0009384076
-0.0008087115
-0.0009112225
-0.0010297137
-0.0008853923
-0.0006657178
-0.0003858698
-0.0001552382
-0.0001587150
-0.0001878210
-0.0001197040
-0.0000230968
-0.0000021682
-0.0000279761
-0.0000040677
0.0002064688
0.0004878144
0.0005881477
0.0004819857
0.0005085305
0.0008449607
0.0012340261
0.0015048783
0.0016365344
0.0017845265
0.0018341820
0.0018071525
0.0017767984
0.0017358044
0.0016261511
0.0014590378
0.0011038071
0.0006515444
0.0002673524
-0.0000327162
-0.0002189346
-0.0001946580
-0.0001062945
-0.0001715494
-0.0003558083
-0.0003059084
-0.0002720354
-0.0004628708
-0.0006646981
-0.0009539303
-0.0011661791
-0.0011929520
-0.0013001812
-0.0016149982
-0.0020117805
-0.0024244211
-0.0027196030
-0.0026177571
-0.0022659093
-0.0019873253
-0.0017583521
-0.0015537496
-0.0013096503
-0.0010037895
-0.0005333699
0.0001215884
0.0007950248
0.0011362716
0.0012963908
0.0016201003
0.0019304429
0.0021038544
0.0021307265
0.0019905089
0.0018287361
0.0016587429
0.0015402717
0.0017112318
0.0018971952
0.0019641217
0.0018849380
0.0017386133
0.0016165473
0.0015719112
0.0014328316
0.0011559413
0.0007899600
0.0004567638
0.0003520032
0.0002597264
-0.0000068082
-0.0004804961
-0.0011088046
-0.0016985908
-0.0021767643
-0.0024660892
-0.0025575145
-0.0026037316
-0.0027473911
-0.0029044704
-0.0030332903
-0.0027959614
-0.0023253195
-0.0019240755
-0.0015444478
-0.0012342116
-0.0008378957
-0.0002621515
0.0003829952
0.0010933965
0.0017470455
0.0022048135
0.0025500902
0.0028389193
0.0030551668
0.0033214690
0.0033938077
0.0029959448
0.0024279841
0.0019753746
0.0016303608
0.0014048252
0.0012797292
0.0009899878
0.0006569894
0.0004726962
0.0003678100
0.0003142188
0.0003814825
0.0005187899
0.0005452884
0.0004900416
0.0003966142
0.0003476020
0.0005232845
0.0006870117
0.0006754762
0.0005769194
0.0003049590
0.0000043555
-0.0000403415
0.0001633480
0.0005256317
0.0008773893
0.0011353601
0.0013365916
0.0015581968
0.0018434319
0.0023543656
0.0029308385
0.0033476635
0.0036271353
0.0038857266
0.0040028607
0.0040754059
0.0041602856
0.0041848991
0.0039919861
0.0035801405
0.0030429332
0.0025299093
0.0020998593
0.0016914730
0.0012140826
0.0006940232
0.0001611406
-0.0003651230
-0.0008982334
-0.0013452284
-0.0016982005
-0.0020028380
-0.0021850647
-0.0023019922
-0.0023930864
-0.0023625631
-0.0021692036
-0.0018517513
-0.0016402748
-0.0016137375
-0.0015706031
-0.0014729487
-0.0013923442
-0.0012996945
-0.0012399432
-0.0012294352
-0.0012522595
-0.0012779482
-0.0011957882
-0.0010048246
-0.0007508814
-0.0005459815
-0.0005069240
-0.0006250447
-0.0006203802
-0.0005940094
-0.0005344256
-0.0005069292
-0.0005135371
-0.0005305035
-0.0004865105
-0.0002731807
0.0000124507
0.0003741514
0.0005639342
0.0005167251
0.0005940560
0.0007427686
0.0007704543
0.0008368550
0.0009568165
0.0008916747
0.0007049103
0.0005298728
0.0005067216
0.0006918207
0.0008739944
0.0009944676
0.0011047631
0.0011124613
0.0010974552
0.0013397834
0.0015382041
0.0015718711
0.0015054577
0.0012395420
0.0009075448
0.0005599408
0.0002610969
-0.0000783006
-0.0004966385
-0.0009024021
-0.0013578004
-0.0018287006
-0.0020647679
-0.0020321515
-0.0018059718
-0.0014866531
-0.0013860669
-0.0014062078
-0.0012621362
-0.0009387332
-0.0006434766
-0.0002976628
0.0000339752
0.0003400553
0.0007629555
0.0012027996
0.0015598823
0.0018597733
0.0020726370
0.0021277120
0.0018943599
0.0015970268
0.0014442519
0.0013651292
0.0011692836
0.0008771851
0.0005934070
0.0004632904
0.0005169318
0.0005610385
0.0006713103
0.0008089671
0.0007681385
0.0006823206
0.0007494086
0.0008849618
0.0011201139
0.0014186514
0.0015607901
0.0015393594
0.0014524922
0.0013690951
0.0012194066
0.0010044289
0.0006532153
-0.0000129369
-0.0009271191
-0.0018999878
-0.0029678411
-0.0039603149
-0.0045923358
-0.0050280709
-0.0053613169
-0.0055810555
-0.0055190820
-0.0052140616
-0.0046636266
-0.0038419456
-0.0027679523
-0.0014999090
-0.0002928776
0.0006776259
0.0014981880
0.0021528913
0.0025684418
0.0027624536
0.0027255001
0.0025562219
0.0023299076
0.0020460678
0.0017948189
0.0016508019
0.0015086641
0.0013746075
0.0013636674
0.0014623261
0.0014257274
0.0012440492
0.0009261558
0.0005792586
0.0001421601
-0.0003516214
-0.0009290466
-0.0015000300
-0.0019968263
-0.0024282825
-0.0028517504
-0.0032977342
-0.0036232293
-0.0038883837
-0.0040164141
-0.0039761614
-0.0039692264
-0.0038839047
-0.0037148120
-0.0036159451
-0.0035800522
-0.0035083575
-0.0034888307
-0.0034892191
-0.0033709234
-0.0031268915
-0.0027431814
-0.0021111150
-0.0014369185
-0.0009548499
-0.0005463851
-0.0001269485
0.0001359131
0.0005152815
0.0008821263
0.0010678542
0.0010684464
0.0011738781
0.0013395469
0.0015201972
0.0014792333
0.0012838698
0.0009966908
0.0006432725
0.0003262927
0.0000152570
-0.0001531636
-0.0000853376
0.0000330101
0.0000443598
0.0001674722
0.0003427477
0.0004062198
0.0003388427
0.0001944598
-0.0000029890
-0.0003088625
-0.0006086148
-0.0007902839
-0.0009132456
-0.0011299888
-0.0011941636
-0.0011215084
-0.0011927246
-0.0013204594
-0.0013559420
-0.0013547422
-0.0013849817
-0.0012795382
-0.0012189627
-0.0012296626
-0.0011165464
-0.0009760432
-0.0008075759
-0.0006121020
-0.0004445982
-0.0003162628
-0.0002060153
0.0002198240
0.0007349977
0.0010743908
0.0013701348
0.0017172726
0.0019736982
0.0021382454
0.0021634866
0.0019841434
0.0017365157
0.0013985497
0.0009787148
0.0006272235
0.0003481436
0.0001458111
0.0000623254
0.0000368339
0.0000169756
-0.0000993774
-0.0002422968
-0.0002383541
-0.0003059075
-0.0006376674
-0.0009605496
-0.0013497438
-0.0017541133
-0.0020797576
-0.0023760983
-0.0026834210
-0.0029180520
-0.0030955286
-0.0032346346
-0.0032604715
-0.0032422299
-0.0032033817
-0.0030788616
-0.0027336022
-0.0022830175
-0.0019311587
-0.0015736704
-0.0011405186
-0.0005197457
0.0000536237
0.0005857932
0.0010063846
0.0012163212
0.0013566997
0.0014011294
0.0013848871
0.0014616020
0.0015257860
0.0015325044
0.0015893668
0.0016959574
0.0017317747
0.0017846612
0.0020589781
0.0023822474
0.0026154202
0.0027861238
0.0030517702
0.0033358074
0.0036215911
