0.0002377810
0.0002374647
0.0002418923
0.0002511850
0.0002596823
0.0002649159
0.0002694311
0.0002702693
0.0002717623
0.0002791816
0.0002955214
0.0003133511
0.0003157855
0.0002866619
0.0002454323
0.0002000455
0.0002068103
0.0002593036
0.0003277457
0.0003220350
0.0003061934
0.0002796862
0.0002283115
0.0001711459
0.0001341184
0.0001669580
0.0002106339
0.0002354333
0.0002556776
0.0003063118
0.0004180422
0.0004627533
0.0004404599
0.0004181344
0.0003579522
0.0002980804
0.0003232489
0.0004258319
0.0005554646
0.0006235349
0.0006110885
0.0005013376
0.0003275880
0.0002008875
0.0000557182
-0.0000124211
-0.0000472562
-0.0000319428
-0.0000128606
0.0000551160
0.0001375176
0.0002614714
0.0003116104
0.0004692116
0.0005705710
0.0006212529
0.0006469804
0.0004216184
-0.0000434021
-0.0004661501
-0.0006825395
-0.0005516593
-0.0001677323
0.0003483745
0.0008506882
0.0011970449
0.0014514435
0.0018406327
0.0020577605
0.0018128934
0.0010278874
0.0000580014
-0.0002141998
0.0002310033
0.0007565109
0.0007376240
0.0003885329
-0.0003737609
-0.0013567814
-0.0020954829
-0.0024299738
-0.0023853200
-0.0020023753
-0.0011858049
-0.0004448042
0.0003160234
0.0010009293
0.0017925913
0.0028924576
0.0040848473
0.0044758760
0.0036274926
0.0022941062
0.0019767516
0.0025255392
0.0032586893
0.0035512335
0.0027009100
0.0008158139
-0.0011021174
-0.0017324136
-0.0014445782
-0.0018681877
-0.0028312377
-0.0031994790
-0.0024903198
-0.0007758039
0.0007413881
0.0014531387
0.0008082903
-0.0011042722
-0.0024789978
-0.0021123991
-0.0006298834
0.0008185173
0.0015110217
0.0017581344
0.0023496802
0.0025974236
0.0019292383
0.0003689490
-0.0016591172
-0.0025976526
-0.0020048312
0.0000299932
0.0026158293
0.0039656954
0.0038866374
0.0034671157
0.0036724555
0.0042048293
0.0045214927
0.0045536085
0.0039589949
0.0029714159
0.0012674418
-0.0009890131
-0.0036853035
-0.0061522889
-0.0079466618
-0.0078026728
-0.0067773517
-0.0058213452
-0.0049678033
-0.0033922658
-0.0008345258
0.0018981344
0.0042035101
0.0052869252
0.0047656284
0.0031870720
0.0014070846
0.0005725644
0.0006626005
0.0012030810
0.0029107207
0.0052243780
0.0072205480
0.0070757003
0.0051728001
0.0004666326
-0.0053319567
-0.0085491037
-0.0089236812
-0.0068171836
-0.0039501448
-0.0021035233
0.0002780349
0.0027511098
0.0028165075
0.0006738689
-0.0032251437
-0.0066222705
-0.0062030205
-0.0021227778
0.0031350006
0.0061564703
0.0062672754
0.0048360707
0.0039659475
0.0038111372
0.0033436702
0.0015611734
-0.0009288791
-0.0027561330
-0.0030628168
-0.0015179414
0.0014362181
0.0046440385
0.0068653765
0.0070635187
0.0052064214
0.0027422919
0.0002287940
-0.0020075864
-0.0035433615
-0.0045475761
-0.0038327728
-0.0027129963
-0.0030243550
-0.0037648514
-0.0041487885
-0.0037775212
-0.0027628336
-0.0020867442
-0.0014526862
-0.0002446739
0.0004739753
0.0004069806
0.0000411330
-0.0012291162
-0.0023374193
-0.0027066503
-0.0013971006
0.0001703865
-0.0013307461
-0.0031379010
-0.0046173529
-0.0048007534
-0.0031151261
-0.0008185585
0.0007350984
0.0016169381
0.0017242147
0.0024594092
0.0030641414
0.0026440737
0.0013497896
-0.0003268198
-0.0016340850
-0.0014016882
0.0007595266
0.0033160850
0.0040766992
0.0025257271
-0.0001488567
-0.0015062924
-0.0011178461
0.0000605602
0.0010334736
0.0020449152
0.0024899252
0.0016031628
-0.0014993531
-0.0063377613
-0.0093235413
-0.0077898792
-0.0023289550
0.0030538697
0.0062885101
0.0074513815
0.0064138245
0.0044010759
0.0020987896
-0.0017615782
-0.0044791986
-0.0039334157
-0.0010746524
0.0049046245
0.0121028305
0.0157530144
0.0131327320
0.0066005262
-0.0008097276
-0.0061529294
-0.0091346571
-0.0073695905
-0.0014741713
0.0054485012
0.0083615753
0.0074661910
0.0040124221
-0.0017206845
-0.0096390163
-0.0165629786
-0.0173543253
-0.0118996936
-0.0039435503
0.0002788709
0.0000273947
-0.0023647872
-0.0056992706
-0.0081585062
-0.0060407257
0.0018335892
0.0100606385
0.0124576609
0.0088417842
0.0033814034
0.0011160788
0.0033097345
0.0068794136
0.0064374092
0.0013619516
-0.0006834618
0.0040012836
0.0088749316
0.0113653414
0.0083614079
0.0000998458
-0.0111611444
-0.0205690529
-0.0210008836
-0.0165404682
-0.0080899907
-0.0000445459
0.0036454680
0.0046048560
0.0039605502
0.0032565968
0.0036030510
0.0050466386
0.0068663635
0.0072926454
0.0059021706
0.0039253050
0.0033894241
0.0036708503
0.0034189442
0.0026641896
0.0026124237
0.0048013751
0.0084583130
0.0102179529
0.0078870417
0.0026653307
-0.0015022821
-0.0017968644
-0.0014933545
-0.0016002580
-0.0007764825
0.0015621569
0.0052111765
0.0070842154
0.0058332302
0.0002355903
-0.0098232238
-0.0181454492
-0.0206822640
-0.0205550674
-0.0174082629
-0.0085103764
0.0047757024
0.0159156023
0.0209125791
0.0187746711
0.0136168702
0.0077822477
0.0037124780
0.0020104361
-0.0002203249
-0.0035251082
-0.0065618693
-0.0072723852
-0.0039667893
0.0026100631
0.0082675270
0.0111441837
0.0103354844
0.0060644075
0.0015674589
-0.0032973711
-0.0092921853
-0.0136337775
-0.0130477324
-0.0038918307
0.0086549658
0.0160323410
0.0164513709
0.0112178970
0.0014224401
-0.0114976690
-0.0175961761
-0.0167218875
-0.0111417073
-0.0066628569
-0.0058826060
-0.0066988335
-0.0068553791
-0.0067591127
-0.0065471997
-0.0050148648
-0.0022508314
0.0005888801
0.0016632291
0.0023841949
0.0045983870
0.0091983935
0.0144692541
0.0157459237
0.0112473377
0.0032135928
-0.0022483532
-0.0025356452
-0.0002626322
0.0013755211
0.0019134330
0.0027921559
0.0023180588
0.0001375338
-0.0046758131
-0.0093748600
-0.0113458864
-0.0100893934
-0.0068851219
-0.0017007076
0.0058652881
0.0149728383
0.0225668032
0.0255881392
0.0217812378
0.0097321489
-0.0095942361
-0.0202165475
-0.0216037558
-0.0165648938
-0.0065484218
0.0028678298
0.0081494984
0.0114218178
0.0106869654
0.0044805598
-0.0039748813
-0.0079902083
-0.0051987285
-0.0003607895
0.0014861631
-0.0010371864
-0.0039699757
-0.0042207345
-0.0016423177
0.0019920412
0.0035608603
0.0011470607
-0.0046646185
-0.0084437654
-0.0054778849
0.0014481966
0.0057777987
0.0069944473
0.0084527910
0.0121408942
0.0156836036
0.0163552363
0.0129025595
0.0060743728
-0.0014922277
-0.0068650710
-0.0109455008
-0.0180303674
-0.0247329315
-0.0278075995
-0.0236989680
-0.0124052821
0.0013259341
0.0119515379
0.0161360562
0.0143052053
0.0110517993
0.0092035690
0.0081807653
0.0034199294
-0.0039467473
-0.0100800756
-0.0122652670
-0.0113922166
-0.0102725408
-0.0092648201
-0.0105502996
-0.0142580288
-0.0202232017
-0.0274789139
-0.0368182312
-0.0469317294
-0.0534427994
-0.0533821986
-0.0476497904
-0.0369449824
-0.0222336280
-0.0039929181
0.0146225332
0.0262566630
0.0265923057
0.0192679934
0.0048030525
-0.0101883429
-0.0181163469
-0.0162368319
-0.0041655141
0.0184365164
0.0437512351
0.0592000251
0.0610176032
0.0596524332
0.0554972042
0.0472874773
0.0359629166
0.0244751622
0.0179163278
0.0146843900
0.0125796909
0.0104481878
0.0067513218
0.0003664466
-0.0098515867
-0.0227493538
-0.0356702013
-0.0446949878
-0.0533193263
-0.0623102447
-0.0713905188
-0.0770979046
-0.0780646220
-0.0748904879
-0.0706043922
-0.0688934423
-0.0687495433
-0.0678119548
-0.0640811808
-0.0583422163
-0.0539130857
-0.0510406994
-0.0487583491
-0.0472864173
-0.0472863817
-0.0463350661
-0.0424432184
-0.0330962582
-0.0163201390
0.0060593897
0.0319031452
0.0546567302
0.0752844687
0.0951603317
0.1082113689
0.1158967917
0.1209034158
0.1267440021
0.1276121709
0.1185476194
0.0954318460
0.0609377345
0.0224366491
-0.0089812978
-0.0298524728
-0.0431891523
-0.0457886079
-0.0392108976
-0.0195376192
0.0068039161
0.0197894113
0.0176850863
0.0018251276
-0.0237199551
-0.0438002199
-0.0568694204
-0.0628366956
-0.0611742228
-0.0532733702
-0.0402324791
-0.0299257407
-0.0268334706
-0.0291689658
-0.0350875591
-0.0425793319
-0.0501181476
-0.0569578942
-0.0616675183
-0.0615805589
-0.0554336549
-0.0416663561
-0.0244996679
-0.0108225176
0.0003843538
0.0101921644
0.0171156991
0.0212560963
0.0244076577
0.0247040252
0.0244040411
0.0254626173
0.0277832897
0.0329552097
0.0415609751
0.0511168891
0.0568637104
0.0561016799
0.0479724274
0.0281446406
0.0000202318
-0.0333194468
-0.0651368708
-0.0838883813
-0.1031758831
-0.1198138844
-0.1213368766
-0.0773283622
-0.0101372647
0.0587157177
0.1226973878
0.1630719576
0.1794727403
0.1701945761
0.1402423966
0.0968053628
0.0766672141
0.0704083817
0.0690488415
0.0744082739
0.0807133742
0.0833888680
0.0796815752
0.0609103515
0.0300738353
-0.0006051002
-0.0234470689
-0.0353181235
-0.0406453804
-0.0431289346
-0.0403614484
-0.0306597379
-0.0174069267
-0.0071432244
0.0019784494
0.0089151296
0.0144828476
0.0137628002
0.0058176306
-0.0075922750
-0.0228817081
-0.0396481621
-0.0619967027
-0.0833486842
-0.1020706737
-0.1191753626
-0.1315586599
-0.1373001899
-0.1391340695
-0.1349030606
-0.1181994967
-0.0868892023
-0.0474891533
-0.0065436944
0.0227455768
0.0425038014
0.0535233807
0.0512949858
0.0429090775
0.0313349160
0.0252190829
0.0271200215
0.0345848300
0.0462677665
0.0604851305
0.0758726250
0.0897130313
0.0956108067
0.0935967192
0.0827455715
0.0620130221
0.0378219968
0.0160219365
-0.0000508194
-0.0073603645
-0.0023686728
0.0204384356
0.0577162368
0.0890451489
0.1035395056
0.0982033764
0.0669331411
0.0154237498
-0.0230838028
-0.0490717931
-0.0614284111
-0.0656042709
-0.0558870873
-0.0363798264
-0.0157495403
-0.0056427025
-0.0133392718
-0.0329158098
-0.0594321129
-0.0685046637
-0.0663771514
-0.0594450205
-0.0428535720
-0.0227552419
-0.0113223427
-0.0100689407
-0.0136763931
-0.0215159769
-0.0341140181
-0.0440363696
-0.0426127902
-0.0222898283
0.0160818246
0.0472057380
0.0508164329
0.0342906361
0.0026645237
-0.0309925300
-0.0464756246
-0.0468352296
-0.0386542665
-0.0203182139
0.0053971076
0.0257234777
0.0355594488
0.0367369105
0.0351509658
0.0298341313
0.0225978919
0.0157070405
0.0112320428
0.0059494210
-0.0024866203
-0.0163069909
-0.0343537311
-0.0539421612
-0.0714701915
-0.0847865075
-0.0909151591
-0.0805402927
-0.0502650664
-0.0053418552
0.0375718081
0.0664205687
0.0792434823
0.0823456491
0.0751028623
0.0534566423
0.0293472584
0.0094485020
-0.0075814723
-0.0209558628
-0.0253668390
-0.0168402207
0.0084293925
0.0418434284
0.0648597178
0.0748633454
0.0760541957
0.0635681452
0.0395714112
0.0206488058
0.0077173310
-0.0054488040
-0.0119862433
-0.0097004455
0.0063489800
0.0340908753
0.0701762762
0.0994870120
0.1085830977
0.0907014574
0.0489598647
0.0037894997
-0.0359786480
-0.0686589138
-0.1019621749
-0.1313062086
-0.1595021858
-0.1827158575
-0.1915392709
-0.1971586728
-0.1907739889
-0.1593332910
-0.1024522903
-0.0406654589
0.0113789883
0.0406546090
0.0623142444
0.0776035465
0.0887564511
0.0936418826
0.0857175040
0.0641518743
0.0398704511
0.0237838963
0.0197732968
0.0284364116
0.0410746901
0.0454296620
0.0411703882
0.0365977327
0.0366771649
0.0401968918
0.0425652663
0.0411094756
0.0341798746
0.0231930588
0.0115535931
0.0039133844
0.0028194650
0.0057533294
0.0103666444
0.0168710155
0.0273795636
0.0435903842
0.0617665569
0.0773087736
0.0929581083
0.1044733259
0.1088353708
0.1091834935
0.1040451208
0.0923518333
0.0751709013
0.0570827035
0.0401737044
0.0253133824
0.0141783917
0.0113367736
0.0146847552
0.0242309774
0.0380343890
0.0499843680
0.0524480932
0.0492369643
0.0415056656
0.0321718357
0.0230489459
0.0152145912
0.0068203566
0.0011352612
-0.0017069859
-0.0031725922
-0.0029928814
0.0020274120
0.0127883596
0.0238559349
0.0320182270
0.0361938284
0.0290992878
0.0157341563
0.0020512211
-0.0066584475
-0.0153073051
-0.0243675274
-0.0330271146
-0.0417088292
-0.0467755285
-0.0482855507
-0.0469571082
-0.0451926037
-0.0439667095
-0.0448884150
-0.0486890007
-0.0550856926
-0.0630384073
-0.0686811837
-0.0670112905
-0.0563823694
-0.0351575488
-0.0080899212
0.0187211700
0.0391097033
0.0444527806
0.0312507002
0.0068677514
-0.0149113022
-0.0238712655
-0.0230722402
-0.0128026480
0.0053350014
0.0254965655
0.0425817103
0.0582821500
0.0643796683
0.0622582223
0.0503245715
0.0292231885
0.0069985887
-0.0150636638
-0.0290293693
-0.0399059404
-0.0449687825
-0.0506502462
-0.0580201137
-0.0672403050
-0.0757152839
-0.0806010182
-0.0801671743
-0.0721692250
-0.0595252544
-0.0475826779
-0.0408505750
-0.0377567817
-0.0378989436
-0.0399005867
-0.0435362684
-0.0463699140
-0.0467215998
-0.0424189265
-0.0338423168
-0.0212128215
-0.0078939748
-0.0004922767
0.0017084423
0.0038708792
0.0068644278
0.0123264913
0.0203359140
0.0261604394
0.0275566447
0.0254651026
0.0202809698
0.0126813128
0.0042247787
-0.0046346789
-0.0109229280
-0.0125648324
-0.0052312229
0.0118077101
0.0323022659
0.0488685761
0.0543931440
0.0430524420
0.0149913312
-0.0173371953
-0.0433907481
-0.0582962780
-0.0647854611
-0.0614974745
-0.0500801374
-0.0318892220
-0.0132698610
0.0020424530
0.0139773749
0.0225661885
0.0297315206
0.0342367697
0.0366757129
0.0345637093
0.0248196059
0.0083282507
-0.0074247245
-0.0141914241
-0.0132255974
-0.0068796738
0.0031754445
0.0137144479
0.0232053161
0.0295187632
0.0315411261
0.0324970471
0.0334051235
0.0331781311
0.0298739498
0.0191027331
-0.0002618033
-0.0248017989
-0.0501119744
-0.0747678343
-0.0893741729
-0.1007506937
-0.1108221999
-0.1128356638
-0.1014708124
-0.0717196052
-0.0307293714
0.0081361178
0.0351549744
0.0485404785
0.0482098688
0.0442547925
0.0380848882
0.0360913603
0.0398111152
0.0481310780
0.0590764095
0.0667223255
0.0654129816
0.0542738755
0.0322116186
0.0032405268
-0.0202227296
-0.0284822252
-0.0322304232
-0.0336190746
-0.0329266775
-0.0344237119
-0.0415954488
-0.0546239223
-0.0668795330
-0.0751691820
-0.0838322879
-0.0927036082
-0.0978883022
-0.1015307629
-0.1049067868
-0.1057514386
-0.0991246366
-0.0796942424
-0.0477992658
-0.0126482019
0.0228447223
0.0514489686
0.0682565952
0.0725537367
0.0672212331
0.0523892740
0.0347731619
0.0182492802
0.0095860051
0.0074833976
0.0070897998
0.0072177919
0.0062586275
0.0034229234
-0.0022280288
-0.0108711639
-0.0176458646
-0.0189162808
-0.0135105984
-0.0018134644
0.0149056546
0.0360149301
0.0547950262
0.0663209957
0.0730061269
0.0746226080
0.0742422653
0.0738983917
0.0740526863
0.0745628980
0.0739439826
0.0711591437
0.0633798222
0.0487861953
0.0315497044
0.0132741368
-0.0096644752
-0.0314594135
-0.0540110642
-0.0735079206
-0.0898934173
-0.1020426137
-0.1077286471
-0.1059563214
-0.0968947986
-0.0820255330
-0.0642407845
-0.0456651971
-0.0279104952
-0.0149634850
-0.0055327659
-0.0001216026
0.0035038396
0.0084924705
0.0172159046
0.0287339639
0.0431147888
0.0618648829
0.0810619066
0.0992693908
0.1125749281
0.1184246897
0.1156083523
0.1028204559
0.0803789965
0.0555174342
0.0333947368
0.0057543289
-0.0187827061
-0.0377997447
-0.0533813791
-0.0683982316
-0.0783772821
-0.0850620660
-0.0868829133
-0.0811578452
-0.0712227287
-0.0592130129
-0.0476590635
-0.0381626546
-0.0304082932
-0.0277550425
-0.0285627174
-0.0324594377
-0.0387576522
-0.0448845312
-0.0486547942
-0.0482134498
-0.0433572097
-0.0351766564
-0.0265995478
-0.0187598127
-0.0145652729
-0.0129394295
-0.0114038326
-0.0073799692
-0.0012806434
0.0079335510
0.0206054330
0.0315695692
0.0361405322
0.0349532450
0.0307594891
0.0284063295
0.0305179501
0.0348485766
0.0384064919
0.0380074603
0.0332061466
0.0242849596
0.0134005050
0.0008134338
-0.0141567810
-0.0269897249
-0.0366728089
-0.0410558142
-0.0411998913
-0.0337484715
-0.0166654379
0.0061784506
0.0243935742
0.0347109488
0.0391283209
0.0402207295
0.0418861865
0.0458658131
0.0510740063
0.0568667748
0.0628699846
0.0676153208
0.0710300675
0.0738410691
0.0741079245
0.0699917034
0.0608264119
0.0486248011
0.0385312032
0.0317837430
0.0258918112
0.0192776763
0.0103974926
0.0020190545
-0.0044118234
-0.0104630106
-0.0173529802
-0.0258718485
-0.0348876647
-0.0417883950
-0.0461032456
-0.0477807640
-0.0481941196
-0.0484050598
-0.0484885362
-0.0493332058
-0.0506285019
-0.0512365407
-0.0506498899
-0.0505405448
-0.0505115494
-0.0488436694
-0.0452691675
-0.0400045246
-0.0347915479
-0.0325233701
-0.0307851351
-0.0283393951
-0.0254879782
-0.0213726569
-0.0167036975
-0.0146115141
-0.0129288558
-0.0097194017
-0.0044073845
-0.0005999743
-0.0010183256
-0.0042518758
-0.0080740321
-0.0117000754
-0.0149387387
-0.0168885197
-0.0175309254
-0.0170585902
-0.0154828452
-0.0129287133
-0.0085236760
-0.0027304282
0.0036829562
0.0108958211
0.0196976862
0.0288046128
0.0399993937
0.0503646751
0.0530713557
0.0525712456
0.0512021917
0.0478538626
0.0449035051
0.0419049377
0.0389332457
0.0354703871
0.0305946297
0.0241518392
0.0178964898
0.0129867664
0.0096304914
0.0083503228
0.0084605632
0.0101422442
0.0139922423
0.0197072177
0.0274471482
0.0351178550
0.0418402749
0.0483611525
0.0546366963
0.0607592281
0.0663768752
0.0697618872
0.0707017739
0.0693798787
0.0661951263
0.0618224365
0.0557643091
0.0486070297
0.0397914999
0.0275891676
0.0141020684
0.0005870637
-0.0125796731
-0.0207822023
-0.0248420450
-0.0247361027
-0.0213169109
-0.0136308290
-0.0029822587
0.0035714928
0.0077067190
0.0090156202
0.0063951526
0.0008547128
-0.0046648982
-0.0057795393
-0.0013523782
0.0061242030
0.0145344247
0.0226171064
0.0301316390
0.0348581615
0.0362433121
0.0342874470
0.0313480374
0.0274592184
0.0238760580
0.0220359250
0.0207191251
0.0189854510
0.0150534107
0.0095006313
0.0046763476
0.0025017852
0.0029594463
0.0052164535
0.0076390400
0.0099821327
0.0117688982
0.0120622815
0.0112094166
0.0102374078
0.0094677610
0.0081764085
0.0071017133
0.0068325008
0.0071898281
0.0083858299
0.0098158391
0.0097283452
0.0067125713
0.0008673444
-0.0066148841
-0.0120236745
-0.0147728638
-0.0165388648
-0.0180418943
-0.0192202913
-0.0204099658
-0.0218593249
-0.0231663705
-0.0243631892
-0.0274888819
-0.0330461687
-0.0396344439
-0.0458789790
-0.0514997083
-0.0558324460
-0.0595154645
-0.0605844007
-0.0580848745
-0.0511686889
-0.0425008618
-0.0341145793
-0.0260664872
-0.0178931493
-0.0123198905
-0.0144729598
-0.0163468985
-0.0166569753
-0.0192260191
-0.0235825232
-0.0292485138
-0.0350074410
-0.0414712631
-0.0462887447
-0.0520597600
-0.0565761351
-0.0591690789
-0.0593458305
-0.0569060321
-0.0518541912
-0.0434307270
-0.0335452455
-0.0223897933
-0.0127637826
-0.0076416660
-0.0068147419
-0.0062333094
-0.0048904903
-0.0025238502
0.0016521218
0.0071133017
0.0120977619
0.0173297304
0.0221847323
0.0253215688
0.0265012486
0.0252598902
0.0215057684
0.0170203039
0.0124759489
0.0073984015
0.0012183848
-0.0037154533
-0.0053481023
-0.0049435211
-0.0036607914
-0.0001844484
0.0052243504
0.0099949067
0.0126285154
0.0141838790
0.0150063233
0.0145264521
0.0118862872
0.0082922403
0.0048719680
0.0015630779
-0.0005566678
-0.0032053538
-0.0066819618
-0.0108064566
-0.0143247850
-0.0154054707
-0.0152158472
-0.0152504546
-0.0168039209
-0.0201867950
-0.0245906270
-0.0280446311
-0.0280051065
-0.0268873192
-0.0243381223
-0.0209877889
-0.0181684228
-0.0170896255
-0.0169976509
-0.0171052590
-0.0169364088
-0.0161863149
-0.0133225783
-0.0081271243
-0.0009122569
0.0055298539
0.0082002426
0.0068640911
0.0050528546
0.0037339658
0.0023739366
0.0010379267
0.0001358464
0.0002082671
0.0012749966
0.0029144620
0.0051896397
0.0070677714
0.0071053727
0.0050610927
0.0016492250
-0.0024930804
-0.0050693138
-0.0038353534
-0.0015868061
-0.0000997687
0.0000775676
-0.0020647024
-0.0055139381
-0.0067620639
-0.0041230561
0.0027367458
0.0135516551
0.0239462794
0.0302818092
0.0309720952
0.0284093582
0.0247346151
0.0196727706
0.0147651138
0.0126517562
0.0133753133
0.0139857039
0.0138460985
0.0146255708
0.0140102809
0.0119308536
0.0084163646
0.0050796737
0.0023759943
-0.0000256335
-0.0030575291
-0.0062528213
-0.0087819647
-0.0119608913
-0.0124803138
-0.0096565828
-0.0049150949
0.0024933040
0.0116891810
0.0200022401
0.0263388834
0.0310601681
0.0341017608
0.0345177175
0.0320229393
0.0266537082
0.0197227086
0.0140913522
0.0108615701
0.0102207856
0.0115244730
0.0134782091
0.0142738671
0.0131019105
0.0103695395
0.0062570081
0.0017816425
-0.0039345283
-0.0098405141
-0.0140037425
-0.0162800443
-0.0183195372
-0.0189771934
-0.0197665802
-0.0219579982
-0.0249360417
-0.0266973928
-0.0261290834
-0.0234344375
-0.0187655138
-0.0137376442
-0.0104721858
-0.0092706637
-0.0093725706
-0.0105886572
-0.0126521749
-0.0149502389
-0.0175306670
-0.0197668475
-0.0209596041
-0.0227912835
-0.0247660602
-0.0249351954
-0.0238068432
-0.0216402962
-0.0190085315
-0.0151613840
-0.0109490996
-0.0066988718
-0.0008749294
0.0029081659
0.0032595141
0.0028668660
0.0026562811
0.0025751253
0.0023794666
0.0017845661
0.0002057809
-0.0019072428
-0.0039427583
-0.0048479593
-0.0039564588
-0.0008898646
0.0041748398
0.0086892436
0.0104476889
0.0096897916
0.0059046666
-0.0011487175
-0.0087991383
-0.0142494326
-0.0162796524
-0.0151617759
-0.0116680335
-0.0061849615
-0.0007003234
0.0026350223
0.0045372999
0.0059162888
0.0066993279
0.0050928085
0.0021138369
-0.0007442727
-0.0010428270
0.0011165117
0.0044111499
0.0075404281
0.0075886005
0.0057295051
0.0032829251
-0.0001827730
-0.0036228926
-0.0063690086
-0.0082341249
-0.0092499883
-0.0099932231
-0.0092861012
-0.0073449591
-0.0061226833
-0.0055066282
-0.0048553431
-0.0052995834
-0.0083315734
-0.0128696179
-0.0173029709
-0.0177961596
-0.0142686471
-0.0076538717
0.0025254964
0.0118817085
0.0168293085
0.0175031949
0.0168588473
0.0166131660
0.0153224932
0.0143360001
0.0155700095
0.0184110932
0.0221135578
0.0250281499
0.0265061034
0.0261888468
0.0232191056
0.0186876850
0.0141271087
0.0101821073
0.0067051572
0.0036425845
0.0008805652
-0.0007712441
0.0004523411
0.0032249130
0.0060982942
0.0078192371
0.0078472722
0.0078671307
0.0086148453
0.0103171518
0.0119784221
0.0130247142
0.0124705418
0.0119482063
0.0125132643
0.0137264113
0.0152237575
0.0158049299
0.0140102809
0.0097423129
0.0051458206
0.0021627148
0.0032028444
0.0070940249
0.0096841084
0.0113475076
0.0111531184
0.0092996947
0.0055687834
-0.0000676559
-0.0068815391
-0.0112572078
-0.0122930331
-0.0116238055
-0.0098898018
-0.0079684105
-0.0065799596
-0.0049448929
-0.0030816509
-0.0022965951
-0.0015759945
-0.0009710369
-0.0015053126
-0.0032642550
-0.0051269883
-0.0064468944
-0.0054020810
-0.0028965357
-0.0009412870
-0.0006962419
-0.0029093052
-0.0064008180
-0.0091768006
-0.0105417925
-0.0086165289
-0.0042403667
0.0024664376
0.0106900386
0.0180919213
0.0220199085
0.0238584559
0.0246557085
0.0243014215
0.0233096638
0.0221115089
0.0211824365
0.0194156694
0.0164924277
0.0134993031
0.0109086130
0.0085241205
0.0082183008
0.0081220664
0.0073726130
0.0063327274
0.0057779982
0.0051299885
0.0041738787
0.0040291084
0.0049407471
0.0064786120
0.0077526395
0.0090967894
0.0092272553
0.0082572285
0.0069762484
0.0033978493
-0.0003663952
-0.0022248843
-0.0025951824
-0.0014787402
-0.0000975308
0.0001823201
0.0009199979
0.0021450316
0.0037046310
0.0063456591
0.0103192630
0.0142043940
0.0155610035
0.0150495892
0.0113351879
0.0064827720
0.0039140017
0.0047610177
0.0077629059
0.0104872937
0.0137690625
0.0167033412
0.0191012900
0.0211199918
0.0228367408
0.0228265768
0.0190364580
0.0116597402
0.0039245567
0.0014938258
0.0039278251
0.0058393384
0.0072283719
0.0085312112
0.0093101437
0.0095015577
0.0082319709
0.0054727067
0.0017304726
-0.0022576246
-0.0052283100
-0.0064305136
-0.0069456229
-0.0075279926
-0.0090907944
-0.0110086403
-0.0127937489
-0.0150424629
-0.0154771174
-0.0132171438
-0.0090795971
-0.0042662211
0.0000937390
0.0027558008
0.0046317001
0.0069657744
0.0088397746
0.0105735850
0.0126828093
0.0139920909
0.0142652977
0.0138199982
0.0136565195
0.0135302760
0.0134934060
0.0142538421
0.0155502249
0.0174487406
0.0190501940
0.0194944335
0.0191991884
0.0177476469
0.0154389379
0.0120820839
0.0093077208
0.0080619458
0.0090868749
0.0104700033
0.0105278605
0.0093596096
0.0065304492
0.0025748420
-0.0008451388
-0.0039007583
-0.0060056329
-0.0062181320
-0.0048835296
-0.0033127596
-0.0018272806
-0.0005481747
0.0005336258
0.0003733885
-0.0002537149
-0.0002979098
0.0012574934
0.0041022766
0.0071776955
0.0083863492
0.0079118940
0.0056945637
0.0021594456
-0.0019371744
-0.0054489822
-0.0072040514
-0.0084883898
-0.0101773950
-0.0125588374
-0.0151889185
-0.0167870581
-0.0173165912
-0.0165632459
-0.0151094417
-0.0131581108
-0.0115895901
-0.0107959274
-0.0102073881
-0.0089645776
-0.0067684295
-0.0039801299
-0.0023433164
-0.0017597708
-0.0023600063
-0.0041966260
-0.0076647528
-0.0123485563
-0.0173692104
-0.0212200013
-0.0236568690
-0.0232554500
-0.0214245189
-0.0180096386
-0.0141694125
-0.0120628873
-0.0120498104
-0.0127389116
-0.0150546578
-0.0188668951
-0.0216870986
-0.0238318657
-0.0243263638
-0.0232679390
-0.0218070352
-0.0201169834
-0.0182318830
-0.0168716747
-0.0161436814
-0.0156737514
-0.0147215362
-0.0128733504
-0.0101095520
-0.0068458708
-0.0050402454
-0.0046329089
-0.0053822982
-0.0074763701
-0.0107425064
-0.0137418220
-0.0156169900
-0.0166512475
-0.0168847516
-0.0168165434
-0.0173812896
-0.0188371337
-0.0211010268
-0.0242053404
-0.0279011864
-0.0315979321
-0.0348382345
-0.0360056302
-0.0342512540
-0.0281906947
-0.0194889373
-0.0125129614
-0.0090775304
-0.0078594903
-0.0085348270
-0.0103360456
-0.0127572620
-0.0134568211
-0.0127416107
-0.0120133056
-0.0112317667
-0.0120755455
-0.0155206149
-0.0211665180
-0.0272283600
-0.0313114079
-0.0314528839
-0.0280208023
-0.0221407537
-0.0137635931
-0.0043624787
0.0043414782
0.0114802361
0.0142750074
0.0139882248
0.0118200922
0.0072024979
0.0007354332
-0.0057495275
-0.0107252606
-0.0144871324
-0.0174665654
-0.0201508603
-0.0218191055
-0.0231857186
-0.0245363241
-0.0243159415
-0.0229676609
-0.0212567199
-0.0186118427
-0.0149198538
-0.0111557462
-0.0071306143
-0.0023512872
0.0022730122
0.0068818446
0.0109681715
0.0140959665
0.0151911009
0.0143797916
0.0126921003
0.0099149579
0.0072465851
0.0058092161
0.0051502657
0.0044205140
0.0027214473
-0.0008321512
-0.0067326801
-0.0128795681
-0.0172695928
-0.0190256793
-0.0173431280
-0.0122126388
-0.0050991572
0.0001547959
0.0039788453
0.0048932758
0.0035689122
0.0030103463
0.0039924861
0.0071093189
0.0108241745
0.0150671646
0.0184958345
0.0203892281
0.0223339939
0.0253970815
0.0286869833
0.0318620083
0.0341695503
0.0356300710
0.0367767201
0.0374321938
0.0374737316
0.0364882005
0.0352391902
0.0353034432
0.0357491703
0.0356880172
0.0345929986
0.0329644561
0.0316680020
0.0304568504
0.0286388270
0.0253249271
0.0228265144
0.0214547436
0.0204481542
0.0197049016
0.0182737682
0.0151666130
0.0104649258
0.0058219278
0.0018290658
-0.0000258783
0.0000300118
0.0016851382
0.0041061934
0.0065707086
0.0081809515
0.0093528573
0.0093848814
0.0078367412
0.0054084715
0.0036290827
0.0025214041
0.0027850269
0.0040494123
0.0038328930
0.0028439137
0.0019144369
0.0005538282
-0.0010330193
-0.0035727435
-0.0069557459
-0.0098592387
-0.0115737874
-0.0119332677
-0.0106283065
-0.0091934852
-0.0080298299
-0.0067767531
-0.0056134817
-0.0050521143
-0.0048379832
-0.0049824435
-0.0042872831
-0.0011220676
0.0041813017
0.0098854280
0.0138330662
0.0141087672
0.0111379214
0.0064447137
0.0018898830
-0.0012598487
-0.0032085152
-0.0045719251
-0.0057627781
-0.0064659725
-0.0063737236
-0.0054633008
-0.0046638560
-0.0053173334
-0.0066197567
-0.0078323220
-0.0071015708
-0.0034015772
0.0025186034
0.0079343866
0.0123699354
0.0157849405
0.0168918601
0.0158845848
0.0124415820
0.0065032496
-0.0010121667
-0.0083120373
-0.0092488927
-0.0052699743
0.0018673432
0.0098507316
0.0146386655
0.0163369394
0.0173535681
0.0183644689
0.0198376211
0.0202354947
0.0189701828
0.0166681370
0.0132780385
0.0095501862
0.0065162116
0.0038658195
0.0012667434
-0.0016654285
-0.0047997646
-0.0063235193
-0.0039942320
-0.0036303174
-0.0048533379
-0.0050382527
-0.0040335232
-0.0022899969
-0.0008965780
0.0000609134
0.0001928445
-0.0000065547
0.0000128953
0.0003121491
-0.0002615286
-0.0014204243
-0.0036755457
-0.0071070723
-0.0109570544
-0.0134980203
-0.0139433198
-0.0117976353
-0.0079813938
-0.0042188059
-0.0014902216
-0.0000562189
-0.0012034070
-0.0035818376
-0.0060156490
-0.0092414100
-0.0117735214
-0.0126903276
-0.0117142658
-0.0103819572
-0.0094129682
-0.0089237703
-0.0103120297
-0.0142862670
-0.0198234130
-0.0253216401
-0.0288779163
-0.0304496706
-0.0297127872
-0.0272245563
-0.0233712801
-0.0194080620
-0.0170391442
-0.0166706668
-0.0168014088
-0.0170196803
-0.0172339789
-0.0167855883
-0.0162005320
-0.0167373428
-0.0193313913
-0.0235824876
-0.0281997452
-0.0303311236
-0.0281873186
-0.0213723095
-0.0122544973
-0.0031008484
0.0038929656
0.0070212273
0.0071642685
0.0057657872
0.0041285301
0.0034513727
0.0036753764
0.0047471239
0.0058097043
0.0060176105
0.0051700850
0.0038840817
0.0033215705
0.0046978452
0.0077261036
0.0106138311
0.0109642075
0.0100858747
0.0084580796
0.0070728088
0.0067687333
0.0069746129
0.0076132408
0.0087585510
0.0102484270
0.0113923146
0.0122119974
0.0119153182
0.0104494527
0.0082310017
0.0054723166
0.0031283829
0.0001663482
-0.0038948247
-0.0083414719
-0.0102591700
-0.0092111586
-0.0052653056
0.0018798402
0.0103444636
0.0183381638
0.0234240241
0.0255695394
0.0281671867
0.0300317809
0.0269366514
0.0191192484
0.0096394350
0.0029565601
-0.0019584840
-0.0041007587
-0.0038227389
-0.0031561926
-0.0026132557
-0.0029774199
-0.0040684103
-0.0055834753
-0.0066006581
-0.0062453796
-0.0038293601
0.0006612691
0.0056204228
0.0090397964
0.0094846772
0.0077660263
0.0046813245
0.0023574417
0.0005567347
-0.0001541166
0.0005334700
0.0027578532
0.0060613458
0.0092861457
0.0109541059
0.0117505478
0.0105420686
0.0066558758
0.0007774053
0.0000884028
0.0025860874
0.0056800232
0.0089821976
0.0099933924
0.0086720504
0.0059873635
0.0020299391
-0.0025177518
-0.0066993617
-0.0099457259
-0.0124185283
-0.0120101077
-0.0081896617
-0.0026031915
0.0030812313
0.0065928431
0.0083021397
0.0077092097
0.0067497673
0.0059479263
0.0045195775
0.0029236337
0.0018328561
0.0012326500
0.0006832177
0.0004190595
0.0001867759
-0.0001276952
-0.0000385163
0.0005631087
0.0016374575
0.0030303741
0.0043273555
0.0050062820
0.0046454379
0.0033848374
0.0014473378
-0.0009358532
-0.0037815610
-0.0060508309
-0.0068495284
-0.0064930607
-0.0055014099
-0.0045681837
-0.0042420298
-0.0047732037
-0.0060332974
-0.0074382004
-0.0087805732
-0.0096133614
-0.0100091773
-0.0098414317
-0.0091653895
-0.0080706132
-0.0071910048
-0.0069117798
-0.0073674027
-0.0090369013
-0.0113479174
-0.0146504953
-0.0179312219
-0.0209115458
-0.0233349357
-0.0248415907
-0.0247297335
-0.0223474627
-0.0180232499
-0.0123136906
-0.0054321747
0.0019128058
0.0079941607
0.0126931604
0.0156346990
0.0170271630
0.0161971380
0.0130830880
0.0093724459
0.0055711075
0.0019379565
-0.0008039613
-0.0016986694
-0.0002855143
0.0019452530
0.0045571949
0.0074664511
0.0094531609
0.0102912742
0.0092881233
0.0051461413
-0.0004202274
-0.0050467001
-0.0070693837
-0.0070829683
-0.0061577245
-0.0051460905
-0.0045799841
-0.0036746050
-0.0024123868
-0.0010291087
-0.0000192695
0.0017581790
0.0041260011
0.0067776466
0.0100377718
0.0129883609
0.0137206033
0.0119733089
0.0075094382
0.0021054198
-0.0035560767
-0.0057958845
-0.0056991219
-0.0036792523
-0.0004164524
0.0024115887
0.0050980981
0.0074414224
0.0093854604
0.0114608969
0.0138618656
0.0162737197
0.0186597942
0.0206120159
0.0218631553
0.0222791477
0.0218243077
0.0207781492
0.0194574209
0.0180295300
0.0161341766
0.0139298421
0.0115765310
0.0082335387
0.0048640497
0.0024658648
0.0007447010
0.0003761470
0.0017418658
0.0040260584
0.0070278299
0.0107066341
0.0135157115
0.0160222126
0.0185079582
0.0199804868
0.0195335126
0.0178734628
0.0146684359
0.0097893202
0.0041078761
-0.0005733877
-0.0027630643
-0.0034503091
-0.0035294945
-0.0031593460
-0.0034572288
-0.0037737104
-0.0038342479
-0.0030338847
0.0004932142
0.0058228533
0.0120630654
0.0177521632
0.0218172883
0.0243305683
0.0261110537
0.0272039344
0.0262261622
0.0222533770
0.0159998002
0.0082281645
0.0013701309
-0.0031719873
-0.0046376666
-0.0046822990
-0.0031273897
-0.0005460884
0.0026144726
0.0053212262
0.0066464396
0.0065812049
0.0045689231
0.0013292799
-0.0015117058
-0.0029999552
-0.0039497511
-0.0039983039
-0.0040344577
-0.0054022066
-0.0078443620
-0.0109592457
-0.0141445415
-0.0167646101
-0.0160718655
-0.0140665257
-0.0107708426
-0.0071430827
-0.0038631329
-0.0019951393
-0.0025318861
-0.0051300384
-0.0071755050
-0.0095731064
-0.0109305800
-0.0112174159
-0.0113901233
-0.0113560682
-0.0111026014
-0.0101197249
-0.0100448803
-0.0109506585
-0.0122634765
-0.0138524498
-0.0149023141
-0.0146050914
-0.0143597576
-0.0149907878
-0.0152826123
-0.0155755769
-0.0167260297
-0.0187332046
-0.0211334695
-0.0231747529
-0.0248656510
-0.0257670198
-0.0263735175
-0.0263429989
-0.0252024874
-0.0225639348
-0.0203232202
-0.0179965706
-0.0167184313
-0.0160697811
-0.0164724649
-0.0169976509
-0.0170101043
-0.0171083411
-0.0167854190
-0.0164207810
-0.0158598029
-0.0157188257
-0.0163603406
-0.0177663447
-0.0192962227
-0.0196620544
-0.0181374944
-0.0148166820
-0.0106114259
-0.0070501336
-0.0048186325
-0.0025130556
-0.0004122898
0.0019900841
0.0046429170
0.0067333981
0.0081118570
0.0074920080
0.0053901924
0.0025056174
0.0000666658
-0.0012252502
-0.0012641280
-0.0013094152
-0.0016228467
-0.0014270197
-0.0011744027
-0.0019176651
-0.0034614743
-0.0039437810
-0.0033880951
-0.0022603397
-0.0009389505
0.0003354611
0.0012346080
0.0024953991
0.0022121673
0.0007669282
0.0003959130
0.0012734983
0.0020743471
0.0025743708
0.0037244869
0.0067156383
0.0089103549
0.0109644480
0.0125877259
0.0124201851
0.0130285268
0.0138590506
0.0128739383
0.0103245098
0.0081318616
0.0067638526
0.0062444826
0.0071413163
0.0092142853
0.0114220583
0.0130829277
0.0143682825
0.0142243478
0.0117934574
0.0073785252
0.0023472448
-0.0023647035
-0.0066634645
-0.0084915031
-0.0076694731
-0.0051062105
-0.0011117442
0.0026227703
0.0058142634
0.0092714832
0.0114346185
0.0121116672
0.0124656780
0.0124395332
0.0115907303
0.0116785538
0.0129244107
0.0138287013
0.0149187760
0.0156747046
0.0159072377
0.0150732666
0.0120997484
0.0072608227
0.0021711640
-0.0010654095
-0.0008225990
0.0016765091
0.0055871400
0.0105346305
0.0143238586
0.0167282300
0.0180734462
0.0191903339
0.0189830103
0.0167098440
0.0134619966
0.0102031122
0.0069171486
0.0037292749
0.0003779126
-0.0033613302
-0.0048509114
-0.0051232354
-0.0055458918
-0.0056953333
-0.0055762456
-0.0050996890
-0.0048232709
-0.0048052180
-0.0049634099
-0.0057505038
-0.0060243440
-0.0048257045
-0.0023033482
0.0012262889
0.0048107418
0.0064682833
0.0055188009
0.0038960851
0.0025851102
-0.0023341768
-0.0066933159
-0.0092307472
-0.0109393187
-0.0118876234
-0.0117492384
-0.0113871035
-0.0120415260
-0.0134622371
-0.0148132257
-0.0158277432
-0.0161267563
-0.0150102695
-0.0128234213
-0.0107510224
-0.0082509190
-0.0056718057
-0.0033872060
-0.0021609965
-0.0016288881
-0.0012580493
-0.0002063967
0.0023380375
0.0059147994
0.0097879038
0.0127136843
0.0136177699
0.0126664543
0.0113236432
0.0105337575
0.0104411950
0.0113972675
0.0129975183
0.0142808777
0.0143250077
0.0138304205
0.0122167721
0.0093726508
0.0060998157
0.0034131754
0.0006803866
-0.0020785899
-0.0040242937
-0.0048769885
-0.0045487831
-0.0032098808
-0.0018424304
-0.0017775262
-0.0025749186
-0.0041795058
-0.0064600194
-0.0084239746
-0.0087944108
-0.0075672784
-0.0052716294
-0.0027488828
-0.0009652788
-0.0013446506
-0.0037992441
-0.0064826162
-0.0093180094
-0.0121827794
-0.0156503592
-0.0193965618
-0.0225839866
-0.0242939834
-0.0235009888
-0.0207859793
-0.0166637899
-0.0118950882
-0.0078132518
-0.0040560603
0.0000897186
0.0037166737
0.0066107722
0.0091043612
0.0110188577
0.0116574241
0.0120078451
0.0125860868
0.0126607711
0.0123896665
0.0117005386
0.0107862801
0.0087345343
0.0060796223
0.0029848099
0.0002173535
-0.0014134698
-0.0025545105
-0.0032198702
-0.0036466777
-0.0038650846
-0.0046037888
-0.0054628688
-0.0060513003
-0.0056732051
-0.0036567517
-0.0002405817
0.0029833232
0.0049419185
0.0058873665
0.0055656113
0.0043700941
0.0033545940
0.0034406386
0.0051993939
0.0071410161
0.0086530916
0.0096372971
0.0088557831
0.0060131405
0.0013714190
-0.0044590854
-0.0093854872
-0.0121578104
-0.0126744358
-0.0116364726
-0.0098462063
-0.0077431008
-0.0059213930
-0.0055382033
-0.0064994361
-0.0085820872
-0.0112298960
-0.0133651315
-0.0141565762
-0.0137425079
-0.0124909944
-0.0107928363
-0.0089823579
-0.0068066526
-0.0047058766
-0.0027592303
-0.0014223012
-0.0007429376
-0.0004178022
0.0003895142
0.0016146568
0.0030023505
0.0041173078
0.0045289442
0.0044692235
0.0036597528
0.0032224553
0.0029666457
0.0026314485
0.0022384547
0.0010114166
-0.0013578290
-0.0033817081
-0.0048479076
-0.0057746159
-0.0053153113
-0.0034857173
-0.0007618902
0.0018194345
0.0049420575
0.0083980436
0.0117389942
0.0139409147
0.0139140750
0.0119797850
0.0086996169
0.0060742775
0.0047891543
0.0035683839
0.0024490136
0.0010693147
-0.0001892354
-0.0010270902
-0.0015705865
-0.0023327622
-0.0031350817
-0.0034508427
-0.0038528664
-0.0053046164
-0.0075952200
-0.0090749471
-0.0102897421
-0.0110179491
-0.0112200972
-0.0109626664
-0.0107674487
-0.0105936457
-0.0100684775
-0.0093432278
-0.0081853262
-0.0064991716
-0.0052282530
-0.0043121844
-0.0032041922
-0.0014966166
0.0015004034
0.0067644744
0.0116594195
0.0154098534
0.0168138087
0.0163886501
0.0143214267
0.0106373926
0.0077646020
0.0067164489
0.0071149238
0.0074517779
0.0073188009
0.0064839728
0.0052480393
0.0036469494
0.0022254223
0.0011970129
0.0017043580
0.0039242806
0.0066240860
0.0101161261
0.0139333251
0.0162741205
0.0166060931
0.0156034499
0.0129417367
0.0087890723
0.0038014622
-0.0015180278
-0.0068205731
-0.0088178218
-0.0080551419
-0.0066291118
-0.0051749460
-0.0047630050
-0.0054152834
-0.0066686204
-0.0079135812
-0.0083786706
-0.0084304213
-0.0084136886
-0.0084715814
-0.0081856166
-0.0074797373
-0.0056038496
-0.0026857353
0.0015226510
0.0046742587
0.0055395164
0.0045271867
0.0027807279
0.0012093237
-0.0005179690
-0.0017729965
-0.0027453847
-0.0036222842
-0.0041879826
-0.0032656936
-0.0011705946
0.0009733601
0.0034241954
0.0059628854
0.0083606071
0.0106228281
0.0129072273
0.0147637598
0.0159592601
0.0166618480
0.0162788596
0.0148214032
0.0125163286
0.0095863882
0.0072882306
0.0067299311
0.0077682409
0.0095180375
0.0119426923
0.0147793220
0.0161228636
0.0166527529
0.0160211615
0.0142858572
0.0114716043
0.0077012076
0.0023345011
-0.0019892396
-0.0049072283
-0.0061812157
-0.0053679386
-0.0026789911
0.0011317363
0.0054038055
0.0097839130
0.0105723824
0.0084245902
0.0048422466
0.0010203754
-0.0026800297
-0.0034542713
-0.0022522406
-0.0009366005
0.0009261987
0.0023863729
0.0023016574
0.0013532423
-0.0006835058
-0.0037480582
-0.0067130123
-0.0063986186
-0.0038132314
0.0006034281
0.0066602656
0.0116405079
0.0155504565
0.0172640699
0.0165247012
0.0139298243
0.0096779173
0.0046962943
-0.0000310783
-0.0021818268
-0.0031654587
-0.0046874701
-0.0065638183
-0.0094077927
-0.0121396916
-0.0138227329
-0.0137960893
-0.0119040674
-0.0097293429
-0.0079165360
-0.0071118657
-0.0072178792
-0.0069973264
-0.0054366420
-0.0036697475
-0.0023174022
-0.0022108774
-0.0030379859
-0.0033574517
-0.0024743487
-0.0001703913
0.0018912228
0.0032511932
0.0047013184
0.0055474533
0.0051585162
0.0039291194
0.0023271244
0.0005027065
-0.0006785355
-0.0016024751
-0.0039196422
-0.0074889000
-0.0117825719
-0.0161469506
-0.0192970422
-0.0212991574
-0.0232544524
-0.0244171180
-0.0241848610
-0.0219054235
-0.0177396475
-0.0127512669
-0.0075032115
-0.0035503560
0.0006561241
0.0029739092
0.0048054131
0.0067676901
0.0082651699
0.0094233459
0.0099874864
0.0093347297
0.0070179893
0.0032717180
-0.0010132419
-0.0049205279
-0.0060856948
-0.0050757204
-0.0025641694
0.0007089255
0.0042315434
0.0067979558
0.0080221067
0.0071991022
0.0035798405
-0.0016901409
-0.0066040983
-0.0094973354
-0.0096380186
-0.0088883986
-0.0073141777
-0.0052065586
-0.0033684664
-0.0008045117
0.0020362406
0.0027189913
0.0000537556
-0.0028701886
-0.0046656126
-0.0069755108
-0.0081713033
-0.0076749916
-0.0056058512
-0.0026482800
-0.0002126059
0.0007683688
0.0011324944
0.0003655714
-0.0012096052
-0.0027592161
-0.0038109652
-0.0038809888
-0.0034703306
-0.0027078047
-0.0012928491
-0.0002824840
0.0002408045
-0.0000852722
-0.0009766008
-0.0011629631
-0.0006847923
-0.0006752131
-0.0012410591
-0.0021058153
-0.0043685958
-0.0081174574
-0.0107722946
-0.0123416170
-0.0125224306
-0.0109650092
-0.0092051903
-0.0071742917
-0.0055304178
-0.0043448053
-0.0036368504
-0.0030610842
-0.0033408615
-0.0046190134
-0.0059501987
-0.0057650657
-0.0053455128
-0.0050824423
-0.0045957797
-0.0034813996
-0.0031107291
-0.0037116086
-0.0048023185
-0.0062490194
-0.0076452488
-0.0074640059
-0.0062336220
-0.0049799501
-0.0039002158
-0.0044749531
-0.0056595154
-0.0073102965
-0.0091368574
-0.0103491848
-0.0114919322
-0.0118905719
-0.0101678368
-0.0063487350
-0.0026788174
-0.0007132798
-0.0009500516
-0.0022260806
-0.0048675639
-0.0074582647
-0.0087110111
-0.0087519431
-0.0067168222
-0.0036197009
-0.0009305182
0.0019189835
0.0040537469
0.0046136223
0.0041940489
0.0039330816
0.0042972894
0.0051945444
0.0061595578
0.0077432434
0.0096800463
0.0106398423
0.0110672903
0.0107943240
0.0095368154
0.0090042893
0.0113357848
0.0141313399
0.0141514096
0.0128723349
0.0111870933
0.0090894404
0.0070071234
0.0036254135
0.0003171443
-0.0018534691
-0.0023581098
-0.0012639508
0.0008955456
0.0036637783
0.0053452785
0.0051922034
0.0037286620
0.0023211489
0.0009025695
0.0009340814
0.0015492733
0.0024602020
0.0032413491
0.0040083217
0.0047227313
0.0053400745
0.0060431754
0.0062799487
0.0061691748
0.0059313031
0.0047244158
0.0029954540
0.0015621854
0.0004190927
-0.0001274050
0.0002405948
0.0008606911
0.0011928725
0.0012256430
0.0016726564
0.0023303437
0.0026979962
0.0029089543
0.0031857153
0.0037577126
0.0049046441
0.0058553406
0.0069017851
0.0077440389
0.0081460840
0.0082548287
0.0078141417
0.0079386375
0.0078609414
0.0079569255
0.0082421500
0.0091878108
0.0111647343
0.0136616772
0.0163226778
0.0186484900
0.0207127738
0.0216756430
0.0216139020
0.0209328981
0.0209685032
0.0195168370
0.0171831145
0.0142173017
0.0114899814
0.0099109315
0.0085371448
0.0079759627
0.0088669786
0.0103358051
0.0111336189
0.0114050441
0.0103741003
0.0075327975
0.0035947506
-0.0001828350
-0.0034910914
-0.0061783090
-0.0078669890
-0.0083908219
-0.0082696319
-0.0078708702
-0.0075973579
-0.0079624333
-0.0078967559
-0.0068338023
-0.0048906168
-0.0030321824
-0.0006835060
0.0026141626
0.0063712454
0.0095834129
0.0119628866
0.0122750925
0.0111669168
0.0092818164
0.0066282406
0.0043158678
0.0030322091
0.0022663000
0.0014802607
0.0013540066
0.0015343507
0.0018236898
0.0021676356
0.0023205957
0.0022108106
0.0018111795
0.0014752206
0.0016009082
0.0016496196
0.0016028128
0.0015855536
0.0018509107
0.0023636407
0.0023230882
0.0014777638
-0.0002387865
-0.0028582832
-0.0058572879
-0.0078888652
-0.0089156552
-0.0087823076
-0.0075604086
-0.0055972613
-0.0026654572
0.0006415051
0.0046231244
0.0080455819
0.0104903669
0.0121675201
0.0120486524
0.0111314631
0.0088987880
0.0057473344
0.0029308919
0.0005316807
-0.0012164830
-0.0015952918
-0.0016481560
-0.0014940681
-0.0017454050
-0.0030546643
-0.0055024584
-0.0090853605
-0.0116979553
-0.0123470509
-0.0123799123
-0.0115540563
-0.0100207398
-0.0086658148
-0.0081002624
-0.0081078493
-0.0087942906
-0.0101544748
-0.0116467346
-0.0132139547
-0.0140779012
-0.0141902838
-0.0130007430
-0.0110773206
-0.0101883874
-0.0096340991
-0.0089289815
-0.0092145436
-0.0097661506
-0.0108596371
-0.0121897454
-0.0129110755
-0.0122752350
-0.0122915365
-0.0125641376
-0.0117292578
-0.0094959101
-0.0070834378
-0.0055358490
-0.0050123216
-0.0050705921
-0.0058500217
-0.0066553769
-0.0068081100
-0.0063713167
-0.0051643821
-0.0031089858
-0.0022872096
-0.0029086754
-0.0035786815
-0.0040320062
-0.0039705832
-0.0031979121
-0.0025891980
-0.0031582557
-0.0045569321
-0.0057416529
-0.0070974304
-0.0077506361
-0.0069360468
-0.0062514237
-0.0050023501
-0.0026664130
-0.0002703595
0.0012834797
0.0025329916
0.0038116645
0.0048764558
0.0049728327
0.0043462047
0.0035620914
0.0019674267
-0.0011078666
-0.0058006360
-0.0111165512
-0.0162729536
-0.0196940161
-0.0211600508
-0.0219828603
-0.0217941900
-0.0211743570
-0.0207679051
-0.0193298591
-0.0177331893
-0.0154845110
-0.0132992662
-0.0108064477
-0.0084359238
-0.0070840747
-0.0053933779
-0.0033091867
-0.0013918591
-0.0002352485
0.0009295900
0.0024561409
0.0039885684
0.0049551557
0.0058868489
0.0065889147
0.0069238510
0.0063499020
0.0057875226
0.0048989760
0.0040120604
0.0047236479
0.0068509563
0.0083537461
0.0096162387
0.0097814010
0.0102629024
0.0094907791
0.0076028069
0.0057527513
0.0040687381
0.0031201769
0.0020244830
0.0004739585
-0.0014618685
-0.0031043760
-0.0044015249
-0.0045612827
-0.0042917709
-0.0051530459
-0.0058618799
-0.0067329340
-0.0073512179
-0.0057527148
-0.0043801761
-0.0031648690
-0.0011563419
0.0006391059
0.0023140537
0.0039933876
0.0054378731
0.0062035078
0.0060588988
0.0057808158
0.0054415948
0.0042773329
0.0027365275
0.0010605208
-0.0005177224
-0.0011256130
-0.0012974963
-0.0010450664
-0.0013456964
-0.0021088636
-0.0038552618
-0.0049951026
-0.0062854690
-0.0074397860
-0.0089135262
-0.0103632683
-0.0118042539
-0.0133022592
-0.0153390531
-0.0174926479
-0.0188750103
-0.0197420121
-0.0191892382
-0.0175061434
-0.0144393412
-0.0107670122
-0.0077101797
-0.0034587707
0.0001721606
0.0022566340
0.0033208703
0.0043420519
0.0056800304
0.0081349215
0.0118773258
0.0149322626
0.0169799865
0.0176539798
0.0171321343
0.0159067300
0.0140572347
0.0114522028
0.0084126117
0.0060323077
0.0044920136
0.0030286424
0.0025289705
0.0024363652
0.0023327765
0.0018131856
0.0017676748
0.0019238660
0.0020098339
0.0024409074
0.0028977195
0.0030650937
0.0030758144
0.0033852784
0.0043778199
0.0054765006
0.0066511332
0.0087338537
0.0113682454
0.0139101377
0.0158627692
0.0176534542
0.0194003121
0.0205011921
0.0207261980
0.0208057015
0.0209053547
0.0199243668
0.0184767804
0.0167308133
0.0159939032
0.0156403734
0.0151312929
0.0145871954
0.0135792608
0.0121520024
0.0116784380
0.0104955246
0.0094961595
0.0087765005
0.0082434916
0.0069635751
0.0053048115
0.0035879342
0.0024352232
0.0017317598
0.0009980645
0.0014589716
0.0020578540
0.0025675134
0.0019619572
0.0001720537
-0.0018610382
-0.0037951403
-0.0045857992
-0.0034922967
-0.0008496156
0.0029731325
0.0064858604
0.0091747785
0.0102860542
0.0111394447
0.0111944602
0.0098824617
0.0073378791
0.0051562260
0.0038547344
0.0031694788
0.0020690397
0.0010301536
-0.0003973972
-0.0026907237
-0.0054783027
-0.0084861682
-0.0108134850
-0.0120130651
-0.0122856217
-0.0118310846
-0.0112786581
-0.0102003864
-0.0095277560
-0.0089739577
-0.0086685709
-0.0088127710
-0.0084922363
-0.0079329524
-0.0071225267
-0.0054107760
-0.0035054493
-0.0015733043
0.0010504486
0.0033197301
0.0043426184
0.0051382756
0.0056160526
0.0051001861
0.0041948159
0.0037331498
0.0033368797
0.0029092794
0.0026210618
0.0023380206
0.0021709333
0.0014798412
-0.0000668851
-0.0017408646
-0.0039243875
-0.0063409450
-0.0079072922
-0.0090034697
-0.0085752575
-0.0074292791
-0.0062889101
-0.0048602451
-0.0038854321
-0.0037781902
-0.0040433229
-0.0050718009
-0.0061726052
-0.0075167418
-0.0089997284
-0.0103580126
-0.0119032657
-0.0122502126
-0.0117073799
-0.0111328528
-0.0103128849
-0.0090576479
-0.0084808938
-0.0086120428
-0.0094209141
-0.0095078824
-0.0088643213
-0.0078378788
-0.0073892254
-0.0052443577
-0.0022656034
0.0001511774
0.0022777877
0.0038664324
0.0050552036
0.0055730254
0.0059616463
0.0057320795
0.0050415014
0.0038084817
0.0025991331
0.0023193059
0.0028864234
0.0042077903
0.0049040865
0.0052241357
0.0052598041
0.0047891570
0.0037199794
0.0022357039
0.0005026030
-0.0010866398
-0.0020707812
-0.0025061403
-0.0027801569
-0.0028149558
-0.0020733636
-0.0014848127
-0.0007283355
-0.0001223492
0.0003013575
0.0008134307
0.0016251004
0.0018320481
0.0017228189
0.0025742772
0.0030930673
0.0033740196
0.0034574746
0.0039137211
0.0044417666
0.0048745121
0.0051815495
0.0051120737
0.0050095040
0.0055399297
0.0056651541
0.0044505133
0.0017952708
0.0013589754
0.0016526100
0.0017510553
0.0021112188
0.0023674257
0.0025702482
0.0021334370
0.0010943220
0.0000755086
-0.0000929119
0.0001087241
0.0006373249
0.0015680228
0.0029418308
0.0041413664
0.0048603208
0.0052830004
0.0052981572
0.0049663994
0.0041910746
0.0032673496
0.0028024927
0.0027750072
0.0032153806
0.0033851822
0.0038607250
0.0048614949
0.0055645219
0.0060399000
0.0060970596
0.0063765732
0.0063734777
0.0057415273
0.0051449779
0.0044397970
0.0032352738
0.0027683957
0.0025680648
0.0022570874
0.0025665861
0.0034727446
0.0041740809
0.0040637319
0.0030578934
0.0015168172
0.0000799660
-0.0000266102
-0.0000892624
0.0000263443
0.0007225131
0.0018505223
0.0033680887
0.0050816451
0.0064914796
0.0071918128
0.0076194968
0.0078970534
0.0080341093
0.0084939938
0.0093924532
0.0098618754
0.0099498058
0.0096008368
0.0090335786
0.0086163561
0.0080533407
0.0077431178
0.0074007265
0.0066558491
0.0058092375
0.0051250312
0.0048659408
0.0046011601
0.0047133085
0.0048374764
0.0041837166
0.0035721912
0.0032727941
0.0027890515
0.0024163624
0.0030427490
0.0042375830
0.0054029833
0.0072209854
0.0091460949
0.0109902365
0.0124810621
0.0131786169
0.0130673833
0.0118166181
0.0107047100
0.0091449725
0.0068272923
0.0051607486
0.0036202629
0.0015769984
-0.0003137044
-0.0018926489
-0.0036516866
-0.0050873230
-0.0056961698
-0.0051506656
-0.0043206060
-0.0029239508
-0.0011866316
0.0004859800
0.0014240836
0.0017117044
0.0011225068
0.0002874565
-0.0000725322
-0.0005411998
-0.0014863609
-0.0023337982
-0.0032962612
-0.0043533596
-0.0053203176
-0.0059229911
-0.0059306208
-0.0064394669
-0.0068079158
-0.0073110546
-0.0084538412
-0.0094729810
-0.0101429569
-0.0104778156
-0.0107810333
-0.0100799598
-0.0091137145
-0.0086656144
-0.0087987962
-0.0091215268
-0.0098513017
-0.0108776133
-0.0116117085
-0.0123729463
-0.0118216065
-0.0105613811
-0.0088175715
-0.0068527593
-0.0049957537
-0.0042114960
-0.0039671599
-0.0037354018
-0.0038834911
-0.0047811701
-0.0059418956
-0.0065746834
-0.0075740743
-0.0084874794
-0.0091393605
-0.0103644352
-0.0124781581
-0.0147240838
-0.0166351865
-0.0181175228
-0.0190979673
-0.0192718773
-0.0187006550
-0.0180712727
-0.0170231366
-0.0157383074
-0.0141781868
-0.0125426873
-0.0102360182
-0.0077066602
-0.0054285946
-0.0034924223
-0.0026337039
-0.0033594391
-0.0051612813
-0.0071563832
-0.0082091336
-0.0094341869
-0.0099637645
-0.0099352947
-0.0096641546
-0.0094351223
-0.0092957039
-0.0092347023
-0.0095136904
-0.0095656237
-0.0095931938
-0.0096762159
-0.0091138125
-0.0083309543
-0.0079878049
-0.0077283546
-0.0072631539
-0.0069290202
-0.0071531870
-0.0074936471
-0.0076479105
-0.0080862582
-0.0083424607
-0.0085255876
-0.0090814945
-0.0098216471
-0.0111325855
-0.0111850088
-0.0114192255
-0.0113120095
-0.0111807063
-0.0108152487
-0.0098176118
-0.0089957287
-0.0080671436
-0.0069939547
-0.0056247895
-0.0040184697
-0.0023136386
-0.0005218212
0.0011411128
0.0023872023
0.0036372656
0.0046554015
0.0052722601
0.0058148353
0.0060419764
0.0064006211
0.0065924360
0.0069534031
0.0066442830
0.0052987336
0.0041012940
0.0025410381
0.0008238467
-0.0004082801
-0.0010098114
-0.0014036506
-0.0022199511
-0.0034138355
-0.0042748904
-0.0045658659
-0.0047225825
-0.0044145189
-0.0036025878
-0.0026471532
-0.0016593791
-0.0008044182
-0.0003763826
-0.0002664887
-0.0003594064
-0.0009038353
-0.0015120523
-0.0014719523
-0.0006083743
0.0006134505
0.0023856959
0.0041337430
0.0049075419
0.0057935898
0.0061575223
0.0061477066
0.0057818981
0.0054661576
0.0051777538
0.0049622554
0.0052028475
0.0055518076
0.0053342915
0.0043988409
0.0029537808
0.0013435157
-0.0002094980
-0.0010459323
-0.0009256304
-0.0007411040
-0.0002433172
0.0002403345
0.0001340173
-0.0000335108
-0.0006858592
-0.0011090469
-0.0014637579
-0.0016002677
-0.0016491020
-0.0013995636
-0.0012694158
-0.0012334945
-0.0009128644
-0.0006027391
-0.0000988518
0.0005818120
0.0009870908
0.0012550357
0.0015624143
0.0023363753
0.0038142781
0.0054810321
0.0066750270
0.0074156455
0.0073615644
0.0067230613
0.0059381061
0.0054248889
0.0053241097
0.0052706789
0.0059068089
0.0065053163
0.0067267679
0.0070811743
0.0070352725
0.0066267129
0.0063113261
0.0061702028
0.0062803326
0.0060381576
0.0055937515
0.0052700714
0.0051499851
0.0050611105
0.0050359179
0.0050801583
0.0047843200
0.0046178153
0.0047999267
0.0050477102
0.0055876852
0.0057517919
0.0057570503
0.0056809488
0.0054859644
0.0054789984
0.0054249022
0.0056460626
0.0058833721
0.0054957249
0.0050472577
0.0041473802
0.0025440428
0.0007217208
-0.0005085918
-0.0012421985
-0.0021152497
-0.0026237627
-0.0023869831
-0.0018263952
-0.0008700697
-0.0001995146
0.0002657828
0.0005152877
0.0006845506
0.0012849023
0.0020270735
0.0025287451
0.0030489658
0.0034616810
0.0040019686
0.0043128748
0.0041465535
0.0039231573
0.0036041930
0.0035453204
0.0036271702
0.0038545901
0.0042752592
0.0045016217
0.0042102757
0.0038146870
0.0033219803
0.0025245085
0.0018661950
0.0015437548
0.0009583226
0.0005587115
0.0003940292
0.0001627231
0.0000354570
-0.0001040533
-0.0001392091
-0.0003911666
-0.0008340560
-0.0012719198
-0.0014938480
-0.0018633890
-0.0020836122
-0.0019749236
-0.0016753333
-0.0011740411
-0.0005836655
0.0001963348
0.0007240497
0.0006754454
0.0008432598
0.0016036902
0.0024105286
0.0031725120
0.0040382150
0.0047125789
0.0053148864
0.0055421050
0.0054238475
0.0051291583
0.0045898015
0.0042124153
0.0040524624
0.0041131950
0.0043946631
0.0048815298
0.0052388321
0.0051407947
0.0049006810
0.0049269933
0.0051075877
0.0051244006
0.0049857243
0.0046001446
0.0041784965
0.0038841155
0.0036703853
0.0034358319
0.0032258394
0.0030748951
0.0029899694
0.0029546788
0.0032270037
0.0035777248
0.0038461837
0.0039914884
0.0039300547
0.0033249956
0.0021958390
0.0007968543
-0.0008190285
-0.0021838587
-0.0030596955
-0.0035644947
-0.0038087561
-0.0039187969
-0.0038898407
-0.0034902746
-0.0026343124
-0.0015132460
-0.0004214841
0.0007856427
0.0017202222
0.0023827608
0.0025531636
0.0024719694
0.0020150513
0.0010595151
0.0001762349
-0.0001447867
-0.0001032796
0.0002666000
0.0009441197
0.0017248579
0.0023309530
0.0027248100
0.0028120286
0.0025904487
0.0020348367
0.0011443687
0.0002217435
-0.0003849871
-0.0006889612
-0.0007765418
-0.0007424736
-0.0007036584
-0.0007377558
-0.0007187712
-0.0005124580
-0.0001734618
0.0001331458
0.0003221709
0.0004665810
0.0004350985
0.0003458170
0.0002829444
0.0001726641
-0.0000701990
-0.0002104750
-0.0002034460
-0.0002676593
-0.0004013286
-0.0005302797
-0.0006935074
-0.0009315471
-0.0012211187
-0.0013653990
-0.0013908891
-0.0013992314
-0.0013910218
-0.0013436707
-0.0013072167
-0.0012893830
-0.0013071267
-0.0014024338
-0.0015812805
-0.0018898990
-0.0022618621
-0.0024429865
-0.0024354985
-0.0022563881
-0.0019611306
-0.0015671720
-0.0012384117
-0.0011214414
-0.0010994459
-0.0011722399
-0.0013310410
-0.0015084535
-0.0016418091
-0.0017063810
-0.0017451146
-0.0017695856
-0.0017822180
-0.0017636681
-0.0016946270
-0.0016095115
-0.0015535545
-0.0015324355
-0.0015129173
-0.0015421416
-0.0015975820
-0.0016564074
-0.0016789668
-0.0016971747
-0.0016966393
-0.0016805756
-0.0016606984
-0.0016451763
-0.0016365374
-0.0016260866
-0.0016199258
-0.0015984906
-0.0015623511
-0.0015374141
-0.0015256307
-0.0015127516
-0.0014982664
-0.0014739236
-0.0014502962
-0.0014334637
-0.0014170027
-0.0013971522
-0.0013659352
-0.0013257310
-0.0012730342
-0.0012094956
-0.0011509570
-0.0011029663
-0.0010587152
-0.0010201286
-0.0009811064
-0.0009400666
-0.0009015870
-0.0008616172
-0.0008279452
-0.0008000664
-0.0007746588
-0.0007533996
-0.0007326494
-0.0007118002
-0.0006907513
-0.0006695326
-0.0006428473
-0.0006159565
-0.0005929007
-0.0005708954
-0.0005511570
-0.0005326273
-0.0005164564
-0.0005000745
-0.0004821796
-0.0004637076
-0.0004437180
-0.0004216238
-0.0003990210
-0.0003769259
-0.0003552779
-0.0003349150
-0.0003160767
-0.0002988382
-0.0002829970
-0.0002675559
-0.0002524150
-0.0002376805
-0.0002226935
-0.0002072239
-0.0001914357
-0.0001758941
-0.0001604626
-0.0001453108
-0.0001304789
-0.0001159690
-0.0001016692
-0.0000875448
-0.0000735339
-0.0000595946
-0.0000457864
-0.0000321793
-0.0000187185
-0.0000054076
0.0000077629
0.0000207977
0.0000337097
0.0000464955
0.0000591525
0.0000716810
0.0000840820
0.0000963526
0.0001084945
0.0001205042
0.0001323812
0.0001441241
0.0001557322
0.0001672039
0.0000000000
0.0000000000
0.0000000000
0.0000000000
0.0000000000
0.0000000000
0.0000000000
0.0000000000
0.0000000000
0.0000000000
0.0000000000
0.0000000000
0.0000000000
0.0000000000
0.0000000000
0.0000000000
0.0000000000
0.0000000000
0.0000000000
0.0000000000
0.0000000000
0.0000000000
0.0000000000
0.0000000000
0.0000000000
0.0000000000
0.0000000000
0.0000000000
0.0000000000
0.0000000000
0.0000000000
0.0000000000
0.0000000000
0.0000000000
0.0000000000
0.0000000000
0.0000000000
0.0000000000
0.0000000000
0.0000000000
0.0000000000
0.0000000000
0.0000000000
0.0000000000
0.0000000000
0.0000000000
0.0000000000
0.0000000000
0.0000000000
0.0000000000
0.0000000000
0.0000000000
0.0000000000
0.0000000000
0.0000000000
0.0000000000
0.0000000000
0.0000000000
0.0000000000
0.0000000000
0.0000000000
0.0000000000
0.0000000000
0.0000000000
0.0000000000
0.0000000000
0.0000000000
0.0000000000
0.0000000000
0.0000000000
0.0000000000
0.0000000000
0.0000000000
0.0000000000
0.0000000000
0.0000000000
0.0000000000
0.0000000000
0.0000000000
0.0000000000
0.0000000000
0.0000000000
0.0000000000
0.0000000000
0.0000000000
0.0000000000
0.0000000000
0.0000000000
0.0000000000
0.0000000000
0.0000000000
0.0000000000
0.0000000000
0.0000000000
0.0000000000
0.0000000000
0.0000000000
0.0000000000
0.0000000000
0.0000000000
0.0000000000
0.0000000000
0.0000000000
0.0000000000
0.0000000000
0.0000000000
0.0000000000
0.0000000000
0.0000000000
0.0000000000
0.0000000000
0.0000000000
0.0000000000
0.0000000000
0.0000000000
0.0000000000
0.0000000000
0.0000000000
0.0000000000
0.0000000000
0.0000000000
0.0000000000
0.0000000000
0.0000000000
0.0000000000
0.0000000000
0.0000000000
0.0000000000
0.0000000000
0.0000000000
0.0000000000
0.0000000000
0.0000000000
0.0000000000
0.0000000000
0.0000000000
0.0000000000
0.0000000000
0.0000000000
0.0000000000
0.0000000000
0.0000000000
0.0000000000
0.0000000000
0.0000000000
0.0000000000
0.0000000000
0.0000000000
0.0000000000
0.0000000000
0.0000000000
0.0000000000
0.0000000000
0.0000000000
0.0000000000
0.0000000000
0.0000000000
0.0000000000
0.0000000000
0.0000000000
0.0000000000
0.0000000000
0.0000000000
0.0000000000
0.0000000000
0.0000000000
0.0000000000
0.0000000000
0.0000000000
0.0000000000
0.0000000000
0.0000000000
0.0000000000
0.0000000000
0.0000000000
0.0000000000
0.0000000000
0.0000000000
0.0000000000
0.0000000000
0.0000000000
0.0000000000
0.0000000000
0.0000000000
0.0000000000
0.0000000000
0.0000000000
0.0000000000
0.0000000000
0.0000000000
0.0000000000
0.0000000000
0.0000000000
0.0000000000
0.0000000000
0.0000000000
0.0000000000
0.0000000000
0.0000000000
0.0000000000
0.0000000000
0.0000000000
0.0000000000
0.0000000000
0.0000000000
0.0000000000
0.0000000000
0.0000000000
0.0000000000
0.0000000000
0.0000000000
0.0000000000
0.0000000000
0.0000000000
0.0000000000
0.0000000000
0.0000000000
0.0000000000
0.0000000000
0.0000000000
0.0000000000
0.0000000000
0.0000000000
0.0000000000
0.0000000000
0.0000000000
0.0000000000
0.0000000000
0.0000000000
0.0000000000
0.0000000000
0.0000000000
0.0000000000
0.0000000000
0.0000000000
0.0000000000
0.0000000000
0.0000000000
0.0000000000
0.0000000000
0.0000000000
0.0000000000
0.0000000000
0.0000000000
0.0000000000
0.0000000000
0.0000000000
0.0000000000
0.0000000000
0.0000000000
0.0000000000
0.0000000000
0.0000000000
0.0000000000
0.0000000000
0.0000000000
0.0000000000
0.0000000000
0.0000000000
0.0000000000
0.0000000000
0.0000000000
0.0000000000
0.0000000000
0.0000000000
0.0000000000
0.0000000000
0.0000000000
0.0000000000
0.0000000000
0.0000000000
0.0000000000
0.0000000000
0.0000000000
0.0000000000
0.0000000000
0.0000000000
0.0000000000
0.0000000000
0.0000000000
0.0000000000
0.0000000000
0.0000000000
0.0000000000
0.0000000000
0.0000000000
0.0000000000
0.0000000000
0.0000000000
0.0000000000
0.0000000000
0.0000000000
0.0000000000
0.0000000000
0.0000000000
0.0000000000
0.0000000000
0.0000000000
0.0000000000
0.0000000000
0.0000000000
0.0000000000
0.0000000000
0.0000000000
0.0000000000
0.0000000000
0.0000000000
0.0000000000
0.0000000000
0.0000000000
0.0000000000
0.0000000000
0.0000000000
0.0000000000
0.0000000000
0.0000000000
0.0000000000
0.0000000000
0.0000000000
0.0000000000
0.0000000000
0.0000000000
0.0000000000
0.0000000000
0.0000000000
0.0000000000
0.0000000000
0.0000000000
0.0000000000
0.0000000000
0.0000000000
0.0000000000
0.0000000000
0.0000000000
0.0000000000
0.0000000000
0.0000000000
0.0000000000
0.0000000000
0.0000000000
0.0000000000
0.0000000000
0.0000000000
0.0000000000
0.0000000000
0.0000000000
0.0000000000
0.0000000000
0.0000000000
0.0000000000
0.0000000000
0.0000000000
0.0000000000
0.0000000000
0.0000000000
0.0000000000
0.0000000000
0.0000000000
0.0000000000
0.0000000000
0.0000000000
0.0000000000
0.0000000000
0.0000000000
0.0000000000
0.0000000000
0.0000000000
0.0000000000
0.0000000000
0.0000000000
0.0000000000
0.0000000000
0.0000000000
0.0000000000
0.0000000000
0.0000000000
0.0000000000
0.0000000000
0.0000000000
0.0000000000
0.0000000000
0.0000000000
0.0000000000
0.0000000000
0.0000000000
0.0000000000
0.0000000000
0.0000000000
0.0000000000
0.0000000000
0.0000000000
0.0000000000
0.0000000000
0.0000000000
0.0000000000
0.0000000000
0.0000000000
0.0000000000
0.0000000000
0.0000000000
0.0000000000
0.0000000000
0.0000000000
0.0000000000
0.0000000000
0.0000000000
0.0000000000
0.0000000000
0.0000000000
0.0000000000
0.0000000000
0.0000000000
0.0000000000
0.0000000000
0.0000000000
0.0000000000
0.0000000000
0.0000000000
0.0000000000
0.0000000000
0.0000000000
0.0000000000
0.0000000000
0.0000000000
0.0000000000
0.0000000000
0.0000000000
0.0000000000
0.0000000000
0.0000000000
0.0000000000
0.0000000000
0.0000000000
0.0000000000
0.0000000000
0.0000000000
0.0000000000
0.0000000000
0.0000000000
0.0000000000
0.0000000000
0.0000000000
0.0000000000
0.0000000000
0.0000000000
0.0000000000
0.0000000000
0.0000000000
0.0000000000
0.0000000000
0.0000000000
0.0000000000
0.0000000000
0.0000000000
0.0000000000
0.0000000000
0.0000000000
0.0000000000
0.0000000000
0.0000000000
0.0000000000
0.0000000000
0.0000000000
0.0000000000
0.0000000000
0.0000000000
0.0000000000
0.0000000000
0.0000000000
0.0000000000
0.0000000000
0.0000000000
0.0000000000
0.0000000000
0.0000000000
0.0000000000
0.0000000000
0.0000000000
0.0000000000
0.0000000000
0.0000000000
0.0000000000
0.0000000000
0.0000000000
0.0000000000
0.0000000000
0.0000000000
0.0000000000
0.0000000000
0.0000000000
0.0000000000
0.0000000000
0.0000000000
0.0000000000
0.0000000000
0.0000000000
0.0000000000
0.0000000000
0.0000000000
0.0000000000
0.0000000000
0.0000000000
0.0000000000
0.0000000000
0.0000000000
0.0000000000
0.0000000000
0.0000000000
0.0000000000
0.0000000000
0.0000000000
0.0000000000
0.0000000000
0.0000000000
0.0000000000
0.0000000000
0.0000000000
0.0000000000
0.0000000000
0.0000000000
0.0000000000
0.0000000000
0.0000000000
0.0000000000
0.0000000000
0.0000000000
0.0000000000
0.0000000000
0.0000000000
0.0000000000
0.0000000000
0.0000000000
0.0000000000
0.0000000000
0.0000000000
0.0000000000
0.0000000000
0.0000000000
0.0000000000
0.0000000000
0.0000000000
0.0000000000
0.0000000000
0.0000000000
0.0000000000
0.0000000000
0.0000000000
0.0000000000
0.0000000000
0.0000000000
0.0000000000
0.0000000000
0.0000000000
0.0000000000
0.0000000000
0.0000000000
0.0000000000
0.0000000000
0.0000000000
0.0000000000
0.0000000000
0.0000000000
0.0000000000
0.0000000000
0.0000000000
0.0000000000
0.0000000000
0.0000000000
0.0000000000
0.0000000000
0.0000000000
0.0000000000
0.0000000000
0.0000000000
0.0000000000
0.0000000000
0.0000000000
0.0000000000
0.0000000000
0.0000000000
0.0000000000
0.0000000000
0.0000000000
0.0000000000
0.0000000000
0.0000000000
0.0000000000
0.0000000000
0.0000000000
0.0000000000
0.0000000000
0.0000000000
0.0000000000
0.0000000000
0.0000000000
0.0000000000
0.0000000000
0.0000000000
0.0000000000
0.0000000000
0.0000000000
0.0000000000
0.0000000000
0.0000000000
0.0000000000
0.0000000000
0.0000000000
0.0000000000
0.0000000000
0.0000000000
0.0000000000
0.0000000000
0.0000000000
0.0000000000
0.0000000000
0.0000000000
0.0000000000
0.0000000000
0.0000000000
0.0000000000
0.0000000000
0.0000000000
0.0000000000
0.0000000000
0.0000000000
0.0000000000
0.0000000000
0.0000000000
0.0000000000
0.0000000000
0.0000000000
0.0000000000
0.0000000000
0.0000000000
0.0000000000
0.0000000000
0.0000000000
0.0000000000
0.0000000000
0.0000000000
0.0000000000
0.0000000000
0.0000000000
0.0000000000
0.0000000000
0.0000000000
0.0000000000
0.0000000000
0.0000000000
0.0000000000
0.0000000000
0.0000000000
0.0000000000
0.0000000000
0.0000000000
0.0000000000
0.0000000000
0.0000000000
0.0000000000
0.0000000000
0.0000000000
0.0000000000
0.0000000000
0.0000000000
0.0000000000
0.0000000000
0.0000000000
0.0000000000
0.0000000000
0.0000000000
0.0000000000
0.0000000000
0.0000000000
0.0000000000
0.0000000000
0.0000000000
0.0000000000
0.0000000000
0.0000000000
0.0000000000
0.0000000000
0.0000000000
0.0000000000
0.0000000000
0.0000000000
0.0000000000
0.0000000000
0.0000000000
0.0000000000
0.0000000000
0.0000000000
0.0000000000
0.0000000000
0.0000000000
0.0000000000
0.0000000000
0.0000000000
0.0000000000
0.0000000000
0.0000000000
0.0000000000
0.0000000000
0.0000000000
0.0000000000
0.0000000000
0.0000000000
0.0000000000
0.0000000000
0.0000000000
0.0000000000
0.0000000000
0.0000000000
0.0000000000
0.0000000000
0.0000000000
0.0000000000
0.0000000000
0.0000000000
0.0000000000
0.0000000000
0.0000000000
0.0000000000
0.0000000000
0.0000000000
0.0000000000
0.0000000000
0.0000000000
0.0000000000
0.0000000000
0.0000000000
0.0000000000
0.0000000000
0.0000000000
0.0000000000
0.0000000000
0.0000000000
0.0000000000
0.0000000000
0.0000000000
0.0000000000
0.0000000000
0.0000000000
0.0000000000
0.0000000000
0.0000000000
0.0000000000
0.0000000000
0.0000000000
0.0000000000
0.0000000000
0.0000000000
0.0000000000
0.0000000000
0.0000000000
0.0000000000
0.0000000000
0.0000000000
0.0000000000
0.0000000000
0.0000000000
0.0000000000
0.0000000000
0.0000000000
0.0000000000
0.0000000000
0.0000000000
0.0000000000
0.0000000000
0.0000000000
0.0000000000
0.0000000000
0.0000000000
0.0000000000
0.0000000000
0.0000000000
0.0000000000
0.0000000000
0.0000000000
0.0000000000
0.0000000000
0.0000000000
0.0000000000
0.0000000000
0.0000000000
0.0000000000
0.0000000000
0.0000000000
0.0000000000
0.0000000000
0.0000000000
0.0000000000
0.0000000000
0.0000000000
0.0000000000
0.0000000000
0.0000000000
0.0000000000
0.0000000000
0.0000000000
0.0000000000
0.0000000000
0.0000000000
0.0000000000
0.0000000000
0.0000000000
0.0000000000
0.0000000000
0.0000000000
0.0000000000
0.0000000000
0.0000000000
0.0000000000
0.0000000000
0.0000000000
0.0000000000
0.0000000000
0.0000000000
0.0000000000
0.0000000000
0.0000000000
0.0000000000
0.0000000000
0.0000000000
0.0000000000
0.0000000000
0.0000000000
0.0000000000
0.0000000000
0.0000000000
0.0000000000
0.0000000000
0.0000000000
0.0000000000
0.0000000000
0.0000000000
0.0000000000
0.0000000000
0.0000000000
0.0000000000
0.0000000000
0.0000000000
0.0000000000
0.0000000000
0.0000000000
0.0000000000
0.0000000000
0.0000000000
0.0000000000
0.0000000000
0.0000000000
0.0000000000
0.0000000000
0.0000000000
0.0000000000
0.0000000000
0.0000000000
0.0000000000
0.0000000000
0.0000000000
0.0000000000
0.0000000000
0.0000000000
0.0000000000
0.0000000000
0.0000000000
0.0000000000
0.0000000000
0.0000000000
0.0000000000
0.0000000000
0.0000000000
0.0000000000
0.0000000000
0.0000000000
0.0000000000
0.0000000000
0.0000000000
0.0000000000
0.0000000000
0.0000000000
0.0000000000
0.0000000000
0.0000000000
0.0000000000
0.0000000000
0.0000000000
0.0000000000
0.0000000000
0.0000000000
0.0000000000
0.0000000000
0.0000000000
0.0000000000
0.0000000000
0.0000000000
0.0000000000
0.0000000000
0.0000000000
0.0000000000
0.0000000000
0.0000000000
0.0000000000
0.0000000000
0.0000000000
0.0000000000
0.0000000000
0.0000000000
0.0000000000
0.0000000000
0.0000000000
0.0000000000
0.0000000000
0.0000000000
0.0000000000
0.0000000000
0.0000000000
0.0000000000
0.0000000000
0.0000000000
0.0000000000
0.0000000000
0.0000000000
0.0000000000
0.0000000000
0.0000000000
0.0000000000
0.0000000000
0.0000000000
0.0000000000
0.0000000000
0.0000000000
0.0000000000
0.0000000000
0.0000000000
0.0000000000
0.0000000000
0.0000000000
0.0000000000
0.0000000000
0.0000000000
0.0000000000
0.0000000000
0.0000000000
0.0000000000
0.0000000000
0.0000000000
0.0000000000
0.0000000000
0.0000000000
0.0000000000
0.0000000000
0.0000000000
0.0000000000
0.0000000000
0.0000000000
0.0000000000
0.0000000000
0.0000000000
0.0000000000
0.0000000000
0.0000000000
0.0000000000
0.0000000000
0.0000000000
0.0000000000
0.0000000000
0.0000000000
0.0000000000
0.0000000000
0.0000000000
0.0000000000
0.0000000000
0.0000000000
0.0000000000
0.0000000000
0.0000000000
0.0000000000
0.0000000000
0.0000000000
0.0000000000
0.0000000000
0.0000000000
0.0000000000
0.0000000000
0.0000000000
0.0000000000
0.0000000000
0.0000000000
0.0000000000
0.0000000000
0.0000000000
0.0000000000
0.0000000000
0.0000000000
0.0000000000
0.0000000000
0.0000000000
0.0000000000
0.0000000000
0.0000000000
0.0000000000
0.0000000000
0.0000000000
0.0000000000
0.0000000000
0.0000000000
0.0000000000
0.0000000000
0.0000000000
0.0000000000
0.0000000000
0.0000000000
0.0000000000
0.0000000000
0.0000000000
0.0000000000
0.0000000000
0.0000000000
0.0000000000
0.0000000000
0.0000000000
0.0000000000
0.0000000000
0.0000000000
0.0000000000
0.0000000000
0.0000000000
0.0000000000
0.0000000000
0.0000000000
0.0000000000
0.0000000000
0.0000000000
0.0000000000
0.0000000000
0.0000000000
0.0000000000
0.0000000000
0.0000000000
0.0000000000
0.0000000000
0.0000000000
0.0000000000
0.0000000000
0.0000000000
0.0000000000
0.0000000000
0.0000000000
0.0000000000
0.0000000000
0.0000000000
0.0000000000
0.0000000000
0.0000000000
0.0000000000
0.0000000000
0.0000000000
0.0000000000
0.0000000000
0.0000000000
0.0000000000
0.0000000000
0.0000000000
0.0000000000
0.0000000000
0.0000000000
0.0000000000
0.0000000000
0.0000000000
0.0000000000
0.0000000000
0.0000000000
0.0000000000
0.0000000000
0.0000000000
0.0000000000
0.0000000000
0.0000000000
0.0000000000
0.0000000000
0.0000000000
0.0000000000
0.0000000000
0.0000000000
0.0000000000
0.0000000000
0.0000000000
0.0000000000
0.0000000000
0.0000000000
0.0000000000
0.0000000000
0.0000000000
0.0000000000
0.0000000000
0.0000000000
0.0000000000
0.0000000000
0.0000000000
0.0000000000
0.0000000000
0.0000000000
0.0000000000
0.0000000000
0.0000000000
0.0000000000
0.0000000000
0.0000000000
0.0000000000
0.0000000000
0.0000000000
0.0000000000
0.0000000000
0.0000000000
0.0000000000
0.0000000000
0.0000000000
0.0000000000
0.0000000000
0.0000000000
0.0000000000
0.0000000000
0.0000000000
0.0000000000
0.0000000000
0.0000000000
0.0000000000
0.0000000000
0.0000000000
0.0000000000
0.0000000000
0.0000000000
0.0000000000
0.0000000000
0.0000000000
0.0000000000
0.0000000000
0.0000000000
0.0000000000
0.0000000000
0.0000000000
0.0000000000
0.0000000000
0.0000000000
0.0000000000
0.0000000000
0.0000000000
0.0000000000
0.0000000000
0.0000000000
0.0000000000
0.0000000000
0.0000000000
0.0000000000
0.0000000000
0.0000000000
0.0000000000
0.0000000000
0.0000000000
0.0000000000
0.0000000000
0.0000000000
0.0000000000
0.0000000000
0.0000000000
0.0000000000
0.0000000000
0.0000000000
0.0000000000
0.0000000000
0.0000000000
0.0000000000
0.0000000000
0.0000000000
0.0000000000
0.0000000000
0.0000000000
0.0000000000
0.0000000000
0.0000000000
0.0000000000
0.0000000000
0.0000000000
0.0000000000
0.0000000000
0.0000000000
0.0000000000
0.0000000000
0.0000000000
0.0000000000
0.0000000000
0.0000000000
0.0000000000
0.0000000000
0.0000000000
0.0000000000
0.0000000000
0.0000000000
0.0000000000
0.0000000000
0.0000000000
0.0000000000
0.0000000000
0.0000000000
0.0000000000
0.0000000000
0.0000000000
0.0000000000
0.0000000000
0.0000000000
0.0000000000
0.0000000000
0.0000000000
0.0000000000
0.0000000000
0.0000000000
0.0000000000
0.0000000000
0.0000000000
0.0000000000
0.0000000000
0.0000000000
0.0000000000
0.0000000000
0.0000000000
0.0000000000
0.0000000000
0.0000000000
0.0000000000
0.0000000000
0.0000000000
0.0000000000
0.0000000000
0.0000000000
0.0000000000
0.0000000000
0.0000000000
0.0000000000
0.0000000000
0.0000000000
0.0000000000
0.0000000000
0.0000000000
0.0000000000
0.0000000000
0.0000000000
0.0000000000
0.0000000000
0.0000000000
0.0000000000
0.0000000000
0.0000000000
0.0000000000
0.0000000000
0.0000000000
0.0000000000
0.0000000000
0.0000000000
0.0000000000
0.0000000000
0.0000000000
0.0000000000
0.0000000000
0.0000000000
0.0000000000
0.0000000000
0.0000000000
0.0000000000
0.0000000000
0.0000000000
0.0000000000
0.0000000000
0.0000000000
0.0000000000
0.0000000000
0.0000000000
0.0000000000
0.0000000000
0.0000000000
0.0000000000
0.0000000000
0.0000000000
0.0000000000
0.0000000000
0.0000000000
0.0000000000
0.0000000000
0.0000000000
0.0000000000
0.0000000000
0.0000000000
0.0000000000
0.0000000000
0.0000000000
0.0000000000
0.0000000000
0.0000000000
0.0000000000
0.0000000000
0.0000000000
0.0000000000
0.0000000000
0.0000000000
0.0000000000
0.0000000000
0.0000000000
0.0000000000
0.0000000000
0.0000000000
0.0000000000
0.0000000000
0.0000000000
0.0000000000
0.0000000000
0.0000000000
0.0000000000
0.0000000000
0.0000000000
0.0000000000
0.0000000000
0.0000000000
0.0000000000
0.0000000000
0.0000000000
0.0000000000
0.0000000000
0.0000000000
0.0000000000
0.0000000000
0.0000000000
0.0000000000
0.0000000000
0.0000000000
0.0000000000
0.0000000000
0.0000000000
0.0000000000
0.0000000000
0.0000000000
0.0000000000
0.0000000000
0.0000000000
0.0000000000
0.0000000000
0.0000000000
0.0000000000
0.0000000000
0.0000000000
0.0000000000
0.0000000000
0.0000000000
0.0000000000
0.0000000000
0.0000000000
0.0000000000
0.0000000000
0.0000000000
0.0000000000
0.0000000000
0.0000000000
0.0000000000
0.0000000000
0.0000000000
0.0000000000
0.0000000000
0.0000000000
0.0000000000
0.0000000000
0.0000000000
0.0000000000
0.0000000000
0.0000000000
0.0000000000
0.0000000000
0.0000000000
0.0000000000
0.0000000000
0.0000000000
0.0000000000
0.0000000000
0.0000000000
0.0000000000
0.0000000000
0.0000000000
0.0000000000
0.0000000000
0.0000000000
0.0000000000
0.0000000000
0.0000000000
0.0000000000
0.0000000000
0.0000000000
0.0000000000
0.0000000000
0.0000000000
0.0000000000
0.0000000000
0.0000000000
0.0000000000
0.0000000000
0.0000000000
0.0000000000
0.0000000000
0.0000000000
0.0000000000
0.0000000000
0.0000000000
0.0000000000
0.0000000000
0.0000000000
0.0000000000
0.0000000000
0.0000000000
0.0000000000
0.0000000000
0.0000000000
0.0000000000
0.0000000000
0.0000000000
0.0000000000
0.0000000000
0.0000000000
0.0000000000
0.0000000000
0.0000000000
0.0000000000
0.0000000000
0.0000000000
0.0000000000
0.0000000000
0.0000000000
0.0000000000
0.0000000000
0.0000000000
0.0000000000
0.0000000000
0.0000000000
0.0000000000
0.0000000000
0.0000000000
0.0000000000
0.0000000000
0.0000000000
0.0000000000
0.0000000000
0.0000000000
0.0000000000
0.0000000000
0.0000000000
0.0000000000
0.0000000000
0.0000000000
0.0000000000
0.0000000000
0.0000000000
0.0000000000
0.0000000000
0.0000000000
0.0000000000
0.0000000000
0.0000000000
0.0000000000
0.0000000000
0.0000000000
0.0000000000
0.0000000000
0.0000000000
0.0000000000
0.0000000000
0.0000000000
0.0000000000
0.0000000000
0.0000000000
0.0000000000
0.0000000000
0.0000000000
0.0000000000
0.0000000000
0.0000000000
0.0000000000
0.0000000000
0.0000000000
0.0000000000
0.0000000000
0.0000000000
0.0000000000
0.0000000000
0.0000000000
0.0000000000
0.0000000000
0.0000000000
0.0000000000
0.0000000000
0.0000000000
0.0000000000
0.0000000000
0.0000000000
0.0000000000
0.0000000000
0.0000000000
0.0000000000
0.0000000000
0.0000000000
0.0000000000
0.0000000000
0.0000000000
0.0000000000
0.0000000000
0.0000000000
0.0000000000
0.0000000000
0.0000000000
0.0000000000
0.0000000000
0.0000000000
0.0000000000
0.0000000000
0.0000000000
0.0000000000
0.0000000000
0.0000000000
0.0000000000
0.0000000000
0.0000000000
0.0000000000
0.0000000000
0.0000000000
0.0000000000
0.0000000000
0.0000000000
0.0000000000
0.0000000000
0.0000000000
0.0000000000
0.0000000000
0.0000000000
0.0000000000
0.0000000000
0.0000000000
0.0000000000
0.0000000000
0.0000000000
0.0000000000
0.0000000000
0.0000000000
0.0000000000
0.0000000000
0.0000000000
0.0000000000
0.0000000000
0.0000000000
0.0000000000
0.0000000000
0.0000000000
0.0000000000
0.0000000000
0.0000000000
0.0000000000
0.0000000000
0.0000000000
0.0000000000
0.0000000000
0.0000000000
0.0000000000
0.0000000000
0.0000000000
0.0000000000
0.0000000000
0.0000000000
0.0000000000
0.0000000000
0.0000000000
0.0000000000
0.0000000000
0.0000000000
0.0000000000
0.0000000000
0.0000000000
0.0000000000
0.0000000000
0.0000000000
0.0000000000
0.0000000000
0.0000000000
0.0000000000
0.0000000000
0.0000000000
0.0000000000
0.0000000000
0.0000000000
0.0000000000
0.0000000000
0.0000000000
0.0000000000
0.0000000000
0.0000000000
0.0000000000
0.0000000000
0.0000000000
0.0000000000
0.0000000000
0.0000000000
0.0000000000
0.0000000000
0.0000000000
0.0000000000
0.0000000000
0.0000000000
0.0000000000
0.0000000000
0.0000000000
0.0000000000
0.0000000000
0.0000000000
0.0000000000
0.0000000000
0.0000000000
0.0000000000
0.0000000000
0.0000000000
0.0000000000
0.0000000000
0.0000000000
0.0000000000
0.0000000000
0.0000000000
0.0000000000
0.0000000000
0.0000000000
0.0000000000
0.0000000000
0.0000000000
0.0000000000
0.0000000000
0.0000000000
0.0000000000
0.0000000000
0.0000000000
0.0000000000
0.0000000000
0.0000000000
0.0000000000
0.0000000000
0.0000000000
0.0000000000
0.0000000000
0.0000000000
0.0000000000
0.0000000000
0.0000000000
0.0000000000
0.0000000000
0.0000000000
0.0000000000
0.0000000000
0.0000000000
0.0000000000
0.0000000000
0.0000000000
0.0000000000
0.0000000000
0.0000000000
0.0000000000
0.0000000000
0.0000000000
0.0000000000
0.0000000000
0.0000000000
0.0000000000
0.0000000000
0.0000000000
0.0000000000
0.0000000000
0.0000000000
0.0000000000
0.0000000000
0.0000000000
0.0000000000
0.0000000000
0.0000000000
0.0000000000
0.0000000000
0.0000000000
0.0000000000
0.0000000000
0.0000000000
0.0000000000
0.0000000000
0.0000000000
0.0000000000
0.0000000000
0.0000000000
0.0000000000
0.0000000000
0.0000000000
0.0000000000
0.0000000000
0.0000000000
0.0000000000
0.0000000000
0.0000000000
0.0000000000
0.0000000000
0.0000000000
0.0000000000
0.0000000000
0.0000000000
0.0000000000
0.0000000000
0.0000000000
0.0000000000
0.0000000000
0.0000000000
0.0000000000
0.0000000000
0.0000000000
0.0000000000
0.0000000000
0.0000000000
0.0000000000
0.0000000000
0.0000000000
0.0000000000
0.0000000000
0.0000000000
0.0000000000
0.0000000000
0.0000000000
0.0000000000
0.0000000000
0.0000000000
0.0000000000
0.0000000000
0.0000000000
0.0000000000
0.0000000000
0.0000000000
0.0000000000
0.0000000000
0.0000000000
0.0000000000
0.0000000000
0.0000000000
0.0000000000
0.0000000000
0.0000000000
0.0000000000
0.0000000000
0.0000000000
0.0000000000
0.0000000000
0.0000000000
0.0000000000
0.0000000000
0.0000000000
0.0000000000
0.0000000000
0.0000000000
0.0000000000
0.0000000000
0.0000000000
0.0000000000
0.0000000000
0.0000000000
0.0000000000
0.0000000000
0.0000000000
0.0000000000
0.0000000000
0.0000000000
0.0000000000
0.0000000000
0.0000000000
0.0000000000
0.0000000000
0.0000000000
0.0000000000
0.0000000000
0.0000000000
0.0000000000
0.0000000000
0.0000000000
0.0000000000
0.0000000000
0.0000000000
0.0000000000
0.0000000000
0.0000000000
0.0000000000
0.0000000000
0.0000000000
0.0000000000
0.0000000000
0.0000000000
0.0000000000
0.0000000000
0.0000000000
0.0000000000
0.0000000000
0.0000000000
0.0000000000
0.0000000000
0.0000000000
0.0000000000
0.0000000000
0.0000000000
0.0000000000
0.0000000000
0.0000000000
0.0000000000
0.0000000000
0.0000000000
0.0000000000
0.0000000000
0.0000000000
0.0000000000
0.0000000000
0.0000000000
0.0000000000
0.0000000000
0.0000000000
0.0000000000
0.0000000000
0.0000000000
0.0000000000
0.0000000000
0.0000000000
0.0000000000
0.0000000000
0.0000000000
0.0000000000
0.0000000000
0.0000000000
0.0000000000
0.0000000000
0.0000000000
0.0000000000
0.0000000000
0.0000000000
0.0000000000
0.0000000000
0.0000000000
0.0000000000
0.0000000000
0.0000000000
0.0000000000
0.0000000000
0.0000000000
0.0000000000
0.0000000000
0.0000000000
0.0000000000
0.0000000000
0.0000000000
0.0000000000
0.0000000000
0.0000000000
0.0000000000
0.0000000000
0.0000000000
0.0000000000
0.0000000000
0.0000000000
0.0000000000
0.0000000000
0.0000000000
0.0000000000
0.0000000000
0.0000000000
0.0000000000
0.0000000000
0.0000000000
0.0000000000
0.0000000000
0.0000000000
0.0000000000
0.0000000000
0.0000000000
0.0000000000
0.0000000000
0.0000000000
0.0000000000
0.0000000000
0.0000000000
0.0000000000
0.0000000000
0.0000000000
0.0000000000
