-0.0007083188
-0.0007082906
-0.0007057956
-0.0007056989
-0.0007030684
-0.0007028028
-0.0006999569
-0.0006994402
-0.0006962845
-0.0006954215
-0.0006918903
-0.0006906381
-0.0006866225
-0.0006846947
-0.0006796449
-0.0006764040
-0.0006700655
-0.0006654423
-0.0006574856
-0.0006519796
-0.0006454112
-0.0006440441
-0.0006412610
-0.0006408475
-0.0006380104
-0.0006379604
-0.0006354433
-0.0006358988
-0.0006355849
-0.0006421310
-0.0006515289
-0.0006653675
-0.0006782991
-0.0006971408
-0.0007156775
-0.0007336253
-0.0007370287
-0.0007276863
-0.0007075707
-0.0006847666
-0.0006575765
-0.0006288441
-0.0005925299
-0.0005596519
-0.0005353074
-0.0005314545
-0.0005304251
-0.0005283858
-0.0005229055
-0.0005218511
-0.0005199589
-0.0005212339
-0.0005186412
-0.0005175941
-0.0005168507
-0.0005306314
-0.0005611554
-0.0006068009
-0.0006503893
-0.0007012542
-0.0007550853
-0.0008067514
-0.0008309582
-0.0008229525
-0.0008050051
-0.0007891434
-0.0007714993
-0.0007773245
-0.0008238866
-0.0008997268
-0.0008999794
-0.0007577026
-0.0005094374
-0.0002581337
-0.0000488083
0.0000060820
-0.0001084855
-0.0001870607
-0.0002184574
-0.0002359496
-0.0002294904
-0.0002284993
-0.0002305987
-0.0002288613
-0.0002192229
-0.0002396847
-0.0003315662
-0.0005106709
-0.0006805845
-0.0008587492
-0.0010594570
-0.0012572713
-0.0013669494
-0.0013134298
-0.0011366959
-0.0009467689
-0.0007601668
-0.0006767038
-0.0007103898
-0.0007120756
-0.0006796360
-0.0006515640
-0.0006279538
-0.0006166603
-0.0006100280
-0.0006145761
-0.0006140655
-0.0005847730
-0.0004730000
-0.0002753906
-0.0000765049
0.0001347035
0.0003783912
0.0005821462
0.0006275831
0.0004247446
0.0001605907
0.0001821170
0.0004276301
0.0005983698
0.0007128993
0.0008335067
0.0010045381
0.0012191420
0.0014077608
0.0014073351
0.0010848490
0.0005443242
0.0000163605
-0.0004550039
-0.0007122537
-0.0006678798
-0.0003797068
0.0001809458
0.0006827042
0.0009665778
0.0010416215
0.0007895478
0.0003502354
-0.0000552029
-0.0004941989
-0.0009869056
-0.0013324325
-0.0012293119
-0.0005902801
0.0000130297
0.0005700047
0.0010367818
0.0012308691
0.0011556967
0.0008161503
0.0002583941
-0.0002800431
-0.0005908035
-0.0003201507
0.0005831209
0.0013649318
0.0020892048
0.0029323682
0.0037380873
0.0041217605
0.0036646488
0.0025949288
0.0013402192
-0.0001074523
-0.0012591696
-0.0016844088
-0.0015010751
-0.0008739565
-0.0005643417
-0.0007157844
-0.0009288514
-0.0009926831
-0.0009893705
-0.0009873491
-0.0010141799
-0.0010697134
-0.0011710813
-0.0013054438
-0.0013954107
-0.0012262878
-0.0006068783
0.0003710703
0.0016392483
0.0026860826
0.0026331907
0.0019916626
0.0015963102
0.0013253796
0.0010006870
0.0006676633
0.0004735683
0.0006148024
0.0009599752
0.0011561008
0.0009258678
0.0000838078
-0.0010962576
-0.0021950581
-0.0033724799
-0.0046430017
-0.0056159567
-0.0055859646
-0.0042759799
-0.0027827329
-0.0014592657
-0.0001222273
0.0010217092
0.0015858752
0.0015973355
0.0011809900
0.0008541444
0.0005411876
0.0001024467
-0.0002489350
-0.0001297200
0.0007884741
0.0021197560
0.0038214017
0.0053923641
0.0056317811
0.0043165620
0.0024648318
0.0002661092
-0.0013219120
-0.0022741812
-0.0034742500
-0.0048931751
-0.0063324560
-0.0077555949
-0.0091848403
-0.0106750688
-0.0121278549
-0.0132978142
-0.0139044503
-0.0139850996
-0.0133385335
-0.0119342103
-0.0097150401
-0.0072462538
-0.0045097876
-0.0020189482
-0.0004471788
0.0003259118
0.0011611284
0.0020790188
0.0030304338
0.0040074354
0.0049467830
0.0056601399
0.0057793301
0.0051404258
0.0043482250
0.0037141858
0.0030693423
0.0023174397
0.0015174888
0.0008354172
0.0003924908
-0.0000149523
-0.0010387130
-0.0036354527
-0.0078658651
-0.0115244046
-0.0135682176
-0.0133512671
-0.0115206174
-0.0093325566
-0.0068632714
-0.0057060363
-0.0061180053
-0.0067024108
-0.0075129254
-0.0078730626
-0.0069249226
-0.0049641421
-0.0023018305
0.0008356450
0.0039226888
0.0062907321
0.0074105952
0.0065670860
0.0046152490
0.0017766170
-0.0011083982
-0.0030323594
-0.0027899023
-0.0001670743
0.0020437284
0.0038176860
0.0051708512
0.0050947860
0.0030332521
-0.0005465916
-0.0050640910
-0.0102960305
-0.0146720467
-0.0160854009
-0.0129389711
-0.0074209503
-0.0015310813
0.0047138052
0.0089241831
0.0102480187
0.0104771577
0.0097582404
0.0090246366
0.0084845573
0.0080751772
0.0079885897
0.0080930776
0.0081360373
0.0082687496
0.0084549326
0.0082966122
0.0071828499
0.0050557488
0.0031385924
0.0014333126
-0.0003260176
-0.0021355814
-0.0040200054
-0.0059422234
-0.0079552747
-0.0099924540
-0.0118627048
-0.0130931369
-0.0134142867
-0.0132232921
-0.0126699303
-0.0121934870
-0.0117633921
-0.0112330636
-0.0107356733
-0.0103096945
-0.0099334660
-0.0091674277
-0.0073942013
-0.0043755303
-0.0016099319
0.0011809844
0.0043955771
0.0076064370
0.0092449861
0.0073053650
0.0018741423
-0.0033849193
-0.0083012921
-0.0117779112
-0.0107005830
-0.0037621430
0.0038876221
0.0090485936
0.0091724253
0.0075435274
0.0041738752
0.0008254531
-0.0020548372
-0.0053222983
-0.0088725392
-0.0123559038
-0.0150485759
-0.0166894903
-0.0167572838
-0.0152171011
-0.0130225805
-0.0106303274
-0.0087919576
-0.0074716676
-0.0058786062
-0.0041132238
-0.0023164971
-0.0005706767
0.0011513278
0.0028368277
0.0044928946
0.0060877069
0.0076955704
0.0094452100
0.0114531434
0.0134337019
0.0144758083
0.0132745272
0.0091517029
0.0038157115
0.0008674546
0.0005385421
0.0021496325
0.0049143175
0.0060679646
0.0051010823
0.0027251677
0.0002848950
-0.0022983215
-0.0048029592
-0.0072799213
-0.0095567864
-0.0102447672
-0.0078352293
-0.0020810224
0.0040086984
0.0098147287
0.0154050509
0.0192866087
0.0194687885
0.0160934922
0.0111533823
0.0064404745
0.0024964563
0.0007201699
0.0013876220
0.0036466018
0.0074579576
0.0121684239
0.0171683770
0.0218276993
0.0241019670
0.0220368780
0.0169585499
0.0109895088
0.0052767421
0.0021975841
0.0025496554
0.0039424423
0.0059516707
0.0085423218
0.0110009738
0.0136248750
0.0167698953
0.0203153519
0.0233640855
0.0238683078
0.0197760300
0.0105947861
-0.0019133138
-0.0148168808
-0.0210199569
-0.0149466413
0.0005763131
0.0135418294
0.0236155529
0.0304336853
0.0311945248
0.0270823620
0.0183769130
0.0066487248
-0.0042102332
-0.0115531233
-0.0117670101
-0.0042747000
0.0063949456
0.0158958160
0.0242735557
0.0298061303
0.0294424287
0.0243866733
0.0176449331
0.0103446625
0.0059842584
0.0062171488
0.0099212868
0.0148366249
0.0187714290
0.0226162803
0.0270029062
0.0318100322
0.0364459830
0.0401792391
0.0426542465
0.0441909991
0.0442881504
0.0434472254
0.0417202582
0.0390013201
0.0353447006
0.0312852858
0.0271434738
0.0228431732
0.0187835141
0.0159662971
0.0151592877
0.0153701674
0.0149736685
0.0141630129
0.0133527143
0.0126516334
0.0124402181
0.0135023506
0.0162989965
0.0197653826
0.0232928995
0.0273354458
0.0329762795
0.0397237427
0.0464278366
0.0531055893
0.0593388125
0.0639921110
0.0662767723
0.0674119139
0.0675286401
0.0661785404
0.0640071940
0.0613462573
0.0586728970
0.0544277691
0.0465552947
0.0349710094
0.0237961257
0.0127286271
0.0013240377
-0.0084037031
-0.0132572452
-0.0122261245
-0.0113332972
-0.0113520640
-0.0121363503
-0.0144627458
-0.0183740749
-0.0232315809
-0.0286798036
-0.0339375205
-0.0388125434
-0.0427522811
-0.0450003485
-0.0453141589
-0.0398312124
-0.0249447244
-0.0021590713
0.0220600428
0.0441537099
0.0581414784
0.0607868247
0.0544105717
0.0391248783
0.0202628951
0.0037221417
-0.0092588653
-0.0171292929
-0.0212813857
-0.0233826173
-0.0203591912
-0.0136938056
-0.0041398432
0.0050393276
0.0141365026
0.0240541431
0.0343256744
0.0435783768
0.0495783826
0.0518411947
0.0540699785
0.0560253047
0.0576482699
0.0599494238
0.0632369852
0.0662678729
0.0645333595
0.0517051190
0.0265319134
-0.0022603161
-0.0301700293
-0.0584523098
-0.0833935101
-0.0957336356
-0.0902776035
-0.0795225620
-0.0696507718
-0.0611386667
-0.0551168212
-0.0539277005
-0.0572588662
-0.0619711903
-0.0651927249
-0.0657655395
-0.0627352062
-0.0576702789
-0.0531373434
-0.0489301907
-0.0461798368
-0.0459956273
-0.0470986294
-0.0474579894
-0.0463136007
-0.0427167962
-0.0354197865
-0.0256104708
-0.0139437131
-0.0038500237
0.0042228333
0.0098866383
0.0137677451
0.0151901491
0.0160738044
0.0175062450
0.0197170326
0.0233954449
0.0270455708
0.0258902434
0.0147758420
-0.0052973414
-0.0266971495
-0.0451437824
-0.0561464853
-0.0612280087
-0.0688541184
-0.0781613732
-0.0867726312
-0.0925178522
-0.0932737769
-0.0867879867
-0.0641895335
-0.0261116483
0.0091643040
0.0384718092
0.0576879086
0.0625517766
0.0619927482
0.0596880796
0.0512898252
0.0359117733
0.0140436929
-0.0084094394
-0.0303246932
-0.0485753321
-0.0565898025
-0.0521553527
-0.0425164887
-0.0304555439
-0.0173944430
-0.0090647404
-0.0040077474
0.0028402023
0.0106830379
0.0179076681
0.0238330954
0.0284026999
0.0320421596
0.0339453674
0.0343788548
0.0340188370
0.0335741759
0.0331207001
0.0299081401
0.0207627570
0.0045102932
-0.0149516690
-0.0296320043
-0.0393769660
-0.0457274699
-0.0505025035
-0.0546093380
-0.0568274838
-0.0563471781
-0.0542120215
-0.0535006691
-0.0562692166
-0.0629578233
-0.0695246011
-0.0743690915
-0.0758948115
-0.0757943242
-0.0766174503
-0.0780757433
-0.0801446194
-0.0837972639
-0.0904030788
-0.0997450479
-0.1086128950
-0.1163175208
-0.1217383686
-0.1236426759
-0.1233894136
-0.1235012437
-0.1189404541
-0.0960216686
-0.0475567476
0.0073765190
0.0522545338
0.0788032688
0.0821059883
0.0755903141
0.0586520816
0.0301539972
0.0082693557
-0.0041281377
-0.0143019923
-0.0284870611
-0.0441894392
-0.0569213177
-0.0650975283
-0.0714275081
-0.0760136898
-0.0809290655
-0.0871217480
-0.0939805339
-0.1009645602
-0.1073862407
-0.1110716541
-0.1089668984
-0.1006735199
-0.0881149028
-0.0726248893
-0.0540309037
-0.0323007315
-0.0108808363
0.0106641020
0.0331439401
0.0560631390
0.0775319294
0.0946370425
0.1064249715
0.1178947014
0.1301312665
0.1423658582
0.1548034356
0.1676303510
0.1788337561
0.1829144279
0.1719983981
0.1364435603
0.0768141491
0.0273010885
-0.0023098090
-0.0125423688
-0.0175788218
-0.0223467133
-0.0278335973
-0.0320745528
-0.0316882126
-0.0265364994
-0.0172258709
-0.0060278787
0.0061187900
0.0174435073
0.0287563368
0.0408231362
0.0542655496
0.0683265715
0.0801537914
0.0843484548
0.0777321241
0.0657395554
0.0555850511
0.0470234025
0.0414348658
0.0413500065
0.0448527422
0.0460601880
0.0432669534
0.0362146168
0.0269659553
0.0172798406
0.0138766244
0.0195860597
0.0305847969
0.0449125290
0.0632643883
0.0806561906
0.0943929897
0.1016488854
0.1026033884
0.1028020513
0.1008094076
0.0935428270
0.0773611488
0.0543465560
0.0275610419
0.0017062195
-0.0199685282
-0.0352072059
-0.0480960601
-0.0583257162
-0.0698306021
-0.0799976991
-0.0825752331
-0.0735602026
-0.0551412923
-0.0338263858
-0.0154849483
-0.0037460151
-0.0019475169
-0.0072433744
-0.0136277695
-0.0180801402
-0.0181793401
-0.0100739396
0.0055426826
0.0191677023
0.0317721039
0.0443540268
0.0542938267
0.0583209423
0.0568042908
0.0511886706
0.0427642253
0.0315570236
0.0199232511
0.0083990551
-0.0034712475
-0.0156528063
-0.0279343854
-0.0401704336
-0.0524278235
-0.0649904721
-0.0779121142
-0.0904277096
-0.1003191406
-0.1050487091
-0.1044897464
-0.0982903166
-0.0869845258
-0.0742595920
-0.0625585240
-0.0531997333
-0.0482846490
-0.0473910699
-0.0460189706
-0.0448326973
-0.0451917754
-0.0480580191
-0.0527332983
-0.0573510649
-0.0609069904
-0.0615530490
-0.0579611594
-0.0516633754
-0.0424956920
-0.0311595756
-0.0199778129
-0.0094983716
-0.0013824196
0.0021592687
0.0021728048
0.0011971781
0.0000454934
-0.0013407859
-0.0030733211
-0.0042974635
-0.0032591603
0.0004768493
0.0039042923
0.0057180078
0.0041663150
-0.0022349683
-0.0125690483
-0.0266286042
-0.0380086445
-0.0400856025
-0.0277307982
-0.0063526635
0.0158731210
0.0340380360
0.0449048043
0.0463304410
0.0440097028
0.0399318501
0.0343603699
0.0269643577
0.0187886358
0.0104279243
0.0015123634
-0.0079893603
-0.0177163540
-0.0259391856
-0.0299470457
-0.0285296036
-0.0256700697
-0.0207541865
-0.0154832662
-0.0100842769
-0.0058870977
-0.0063513534
-0.0126094763
-0.0187762969
-0.0202180879
-0.0136489232
0.0005730350
0.0149830002
0.0260488073
0.0292185429
0.0195855053
0.0027740910
-0.0112278104
-0.0248045045
-0.0398372738
-0.0529228269
-0.0571851523
-0.0476901356
-0.0281265828
-0.0025303436
0.0288738242
0.0572078754
0.0775520118
0.0875734665
0.0925231430
0.0935147849
0.0873281638
0.0807188248
0.0738210957
0.0677082167
0.0637929125
0.0601880449
0.0574850262
0.0549240599
0.0522486416
0.0497407806
0.0473142830
0.0448311655
0.0420668564
0.0390115070
0.0353566166
0.0304388915
0.0241822309
0.0168858133
0.0096339680
0.0029466806
-0.0021128996
-0.0044410816
-0.0048471424
-0.0026859049
0.0022198834
0.0092075324
0.0186030260
0.0291160821
0.0386210601
0.0451918224
0.0480634790
0.0504855974
0.0528699284
0.0537369596
0.0524347213
0.0473060226
0.0393697769
0.0317488264
0.0243796252
0.0181086710
0.0155084890
0.0182911233
0.0251956280
0.0350750020
0.0438733452
0.0501302031
0.0525648765
0.0517810601
0.0508806867
0.0531441848
0.0601497125
0.0714601926
0.0861973075
0.0975119225
0.1033630814
0.1077991664
0.1130296211
0.1193833577
0.1273404001
0.1331823495
0.1273791177
0.1005691138
0.0582560432
0.0190075033
-0.0180311323
-0.0520597333
-0.0745046597
-0.0804072041
-0.0810833441
-0.0809185685
-0.0805514368
-0.0807800119
-0.0807977919
-0.0804790949
-0.0815380040
-0.0860255214
-0.0947115646
-0.1084946746
-0.1229326956
-0.1374358412
-0.1481573430
-0.1464147665
-0.1262012364
-0.0921259487
-0.0607974063
-0.0350409737
-0.0204644243
-0.0241301876
-0.0379659517
-0.0535339645
-0.0677196065
-0.0827163740
-0.0972442820
-0.1060993485
-0.1057973131
-0.1017852429
-0.0971055751
-0.0882475202
-0.0726715478
-0.0517199107
-0.0273030526
-0.0020712161
0.0242003211
0.0478383528
0.0591352535
0.0497100414
0.0243705284
-0.0032227563
-0.0279052437
-0.0501038808
-0.0666030907
-0.0751555204
-0.0824645307
-0.0879246037
-0.0918511285
-0.0955324353
-0.0986450718
-0.1017377856
-0.1054892634
-0.1097253698
-0.1118779587
-0.1073932888
-0.0931603774
-0.0719520102
-0.0534817896
-0.0402316301
-0.0335390387
-0.0313602778
-0.0274722920
-0.0211974755
-0.0107615445
0.0043494335
0.0207457757
0.0354988664
0.0467457161
0.0514829999
0.0488848478
0.0374623496
0.0183692352
-0.0046561986
-0.0285478347
-0.0505879173
-0.0648871843
-0.0651697574
-0.0543950846
-0.0356134594
-0.0139740951
0.0069781463
0.0289590500
0.0509948755
0.0685734436
0.0773996221
0.0798697993
0.0799579947
0.0793456073
0.0795011263
0.0801771817
0.0794106285
0.0765714496
0.0733673003
0.0717529996
0.0730301748
0.0769053894
0.0812015363
0.0856956695
0.0882023089
0.0852534143
0.0745576334
0.0550598442
0.0273119708
-0.0054067385
-0.0339100422
-0.0505678818
-0.0498540955
-0.0384770624
-0.0200629729
-0.0014937112
0.0168102575
0.0353988395
0.0497618497
0.0549602778
0.0519794411
0.0444492704
0.0340955299
0.0211803814
0.0113201219
0.0040890450
-0.0007866896
-0.0030242681
-0.0057577281
-0.0086448803
-0.0112642351
-0.0119368228
-0.0090813138
-0.0036355260
-0.0004150303
-0.0030890272
-0.0136229016
-0.0271024162
-0.0387096314
-0.0496623679
-0.0611881821
-0.0732412894
-0.0855265805
-0.0978072856
-0.1104111986
-0.1236563962
-0.1370216938
-0.1478009902
-0.1517225626
-0.1463383649
-0.1331781206
-0.1173076403
-0.0994158539
-0.0807405988
-0.0637526536
-0.0522481999
-0.0485979989
-0.0468494926
-0.0436591012
-0.0368116393
-0.0251141236
-0.0077660910
0.0145003921
0.0346528574
0.0492716579
0.0554581944
0.0541868456
0.0481860411
0.0411051831
0.0347539556
0.0274919985
0.0191537752
0.0114019177
0.0073743397
0.0086407238
0.0117115650
0.0141256954
0.0156940989
0.0169415122
0.0195883151
0.0262829269
0.0391225102
0.0561988951
0.0720878321
0.0775940938
0.0708673144
0.0628187123
0.0587799344
0.0595412533
0.0661102958
0.0742290595
0.0806760193
0.0795581127
0.0614852837
0.0259819253
-0.0061068655
-0.0349521204
-0.0620840166
-0.0829862981
-0.0967268562
-0.1036847575
-0.1027969767
-0.0981536771
-0.0924263959
-0.0851316228
-0.0768370038
-0.0633300015
-0.0406911109
-0.0131896585
0.0126101153
0.0377353373
0.0634035651
0.0887550034
0.1119735312
0.1319135944
0.1507060362
0.1678460233
0.1788328163
0.1816352417
0.1800438708
0.1763626862
0.1730271413
0.1696796615
0.1654662971
0.1606711341
0.1562683162
0.1531074706
0.1502318388
0.1432475306
0.1252752078
0.0919844695
0.0502701693
0.0130502467
-0.0157323372
-0.0327843921
-0.0404861517
-0.0432317128
-0.0394001966
-0.0351408220
-0.0287243477
-0.0191334673
-0.0062634493
0.0079829691
0.0213217479
0.0327936205
0.0419290892
0.0482185094
0.0544621451
0.0629160891
0.0727302539
0.0823604441
0.0927014604
0.1037455592
0.1119362232
0.1104479428
0.0941402912
0.0658717969
0.0381646522
0.0126689718
-0.0119569522
-0.0335902081
-0.0502993298
-0.0630694091
-0.0718686545
-0.0786803590
-0.0832266765
-0.0883962355
-0.0947317692
-0.1004033421
-0.1012573859
-0.0910181257
-0.0672742876
-0.0341642349
0.0044473037
0.0397321159
0.0677735387
0.0859045945
0.0970401685
0.1039265549
0.1073049524
0.1071122099
0.1024565996
0.0933808331
0.0805269939
0.0681949221
0.0561019882
0.0437842852
0.0321059122
0.0223651793
0.0147502150
0.0085824876
0.0027162081
-0.0053410040
-0.0145736080
-0.0230782796
-0.0310344198
-0.0388914729
-0.0473728387
-0.0573412540
-0.0690364579
-0.0806558993
-0.0912161120
-0.0989272784
-0.1021055094
-0.1021000588
-0.0992804361
-0.0914775219
-0.0766500032
-0.0561918000
-0.0345488460
-0.0142997088
-0.0015024105
0.0010179145
0.0000926076
-0.0013979705
-0.0015209780
0.0000307555
0.0024045385
0.0057924528
0.0088934693
0.0100975649
0.0072565995
-0.0004343748
-0.0119958766
-0.0245375594
-0.0365851504
-0.0489796121
-0.0614514904
-0.0717435927
-0.0771015620
-0.0768541449
-0.0687167177
-0.0525934073
-0.0335619592
-0.0124700363
0.0083882151
0.0259147145
0.0351086168
0.0339106155
0.0275664361
0.0164401092
0.0002813884
-0.0133464274
-0.0217748666
-0.0265208996
-0.0254735400
-0.0223871507
-0.0206235050
-0.0189888305
-0.0167513916
-0.0139783428
-0.0110122038
-0.0080688452
-0.0051615100
-0.0021396702
0.0009566936
0.0035557610
0.0043717572
0.0022668089
-0.0032661520
-0.0130424656
-0.0244888616
-0.0344347980
-0.0404075323
-0.0394187754
-0.0310910397
-0.0196010299
-0.0094552277
0.0010098928
0.0125933596
0.0229497784
0.0276910186
0.0244242257
0.0189470681
0.0150218118
0.0122622390
0.0113139008
0.0128357678
0.0158251187
0.0190363536
0.0217000062
0.0221899631
0.0199237491
0.0170659538
0.0155851819
0.0173057119
0.0238922056
0.0337994714
0.0432661264
0.0495681111
0.0531491467
0.0563837813
0.0589124484
0.0604689828
0.0565276945
0.0414554087
0.0141224345
-0.0144459149
-0.0345177403
-0.0483219100
-0.0565614879
-0.0656950677
-0.0743896720
-0.0819903428
-0.0894804614
-0.0967418922
-0.1037605013
-0.1096842088
-0.1132757413
-0.1140821399
-0.1139687122
-0.1136130172
-0.1109019355
-0.1026866501
-0.0874175809
-0.0693141161
-0.0557111842
-0.0472331733
-0.0376436648
-0.0267524537
-0.0156781325
-0.0042256404
0.0081117748
0.0212661053
0.0327239945
0.0407584627
0.0452561764
0.0441789422
0.0361650356
0.0234673545
0.0095292142
0.0036017157
0.0083200702
0.0198210534
0.0356974165
0.0522280423
0.0667825640
0.0756189764
0.0743376193
0.0651664777
0.0495518910
0.0325239031
0.0160869421
-0.0017340445
-0.0207398741
-0.0375989422
-0.0469047874
-0.0467285845
-0.0453772349
-0.0449680400
-0.0437353431
-0.0396560432
-0.0319457790
-0.0216810421
-0.0119703906
-0.0026653705
0.0070501000
0.0169529678
0.0263376861
0.0340046279
0.0399873987
0.0465686486
0.0538724056
0.0608449294
0.0658998014
0.0671019001
0.0646774982
0.0604120058
0.0564903677
0.0527765644
0.0487431055
0.0445208698
0.0406518294
0.0373037012
0.0334164109
0.0266239054
0.0154417857
0.0011949519
-0.0137379550
-0.0261613892
-0.0322314626
-0.0298973142
-0.0242830190
-0.0157093604
-0.0047104475
0.0087099795
0.0218973065
0.0329749732
0.0402788806
0.0429781404
0.0402609126
0.0286951591
0.0054689179
-0.0222826318
-0.0422977245
-0.0545719736
-0.0631153159
-0.0711275685
-0.0751808655
-0.0738739942
-0.0614422808
-0.0380231260
-0.0132498776
0.0052318841
0.0129779143
0.0094158052
-0.0014641815
-0.0167363180
-0.0306172841
-0.0446488918
-0.0598419635
-0.0738862579
-0.0836058558
-0.0881362539
-0.0909750100
-0.0910228526
-0.0890833799
-0.0876266939
-0.0860451246
-0.0830388677
-0.0759887301
-0.0635142675
-0.0464628798
-0.0290243720
-0.0138472854
0.0004985507
0.0155149921
0.0311428762
0.0472693912
0.0638285289
0.0801550413
0.0943382963
0.1037115403
0.1081683937
0.1135412204
0.1174379834
0.1156271812
0.1074923383
0.0926684940
0.0737825284
0.0554639645
0.0377776918
0.0223812396
0.0131310182
0.0105839132
0.0091401214
0.0062972455
0.0033009189
0.0004159647
-0.0025154382
-0.0056353343
-0.0106555691
-0.0193973676
-0.0321479941
-0.0449169082
-0.0567850917
-0.0690397094
-0.0822322435
-0.0958430223
-0.1070343987
-0.1113980290
-0.1062277182
-0.0911313748
-0.0650573729
-0.0377436823
-0.0122759688
0.0103725543
0.0258912020
0.0337279001
0.0437166891
0.0555029734
0.0666736001
0.0768405749
0.0853144792
0.0914683876
0.0950482767
0.0960048471
0.0944821719
0.0920606456
0.0886578710
0.0846344580
0.0800404295
0.0732416089
0.0602995179
0.0392898512
0.0120623544
-0.0127750788
-0.0332623484
-0.0509597853
-0.0633410154
-0.0692398478
-0.0691518967
-0.0643190591
-0.0561349076
-0.0476738403
-0.0398083201
-0.0328259948
-0.0286971420
-0.0292793447
-0.0345245629
-0.0459306530
-0.0631718324
-0.0764134402
-0.0858334179
-0.0948682208
-0.1022798328
-0.1084001358
-0.1131625956
-0.1169728077
-0.1203853181
-0.1251458983
-0.1297907015
-0.1276758905
-0.1101114187
-0.0752434246
-0.0358386420
-0.0001660166
0.0293749923
0.0474750646
0.0538107675
0.0604878342
0.0698449239
0.0790186216
0.0872773798
0.0947202103
0.1007136472
0.1027575072
0.0980731406
0.0843161181
0.0588093580
0.0289618787
0.0010373560
-0.0237203537
-0.0410998547
-0.0485558887
-0.0530729142
-0.0531250139
-0.0461020632
-0.0326881336
-0.0132164695
0.0020441053
0.0119737925
0.0204661816
0.0289148912
0.0384112612
0.0485133369
0.0586424304
0.0668766893
0.0695668804
0.0634898998
0.0468516540
0.0206674195
0.0008319034
-0.0115126671
-0.0208613367
-0.0280085034
-0.0310852696
-0.0327676928
-0.0317215361
-0.0276649687
-0.0178857720
-0.0011471196
0.0200157975
0.0401363113
0.0571084875
0.0722605862
0.0864084221
0.0983208584
0.1087542332
0.1185685014
0.1264208557
0.1319100233
0.1326921764
0.1249648087
0.1067867748
0.0838175812
0.0618492485
0.0411236116
0.0248158097
0.0184247180
0.0212718566
0.0254175027
0.0284291632
0.0314333057
0.0352281059
0.0399077644
0.0448538887
0.0495722930
0.0536197259
0.0570928313
0.0598542085
0.0623786655
0.0647316465
0.0672781594
0.0707716949
0.0754732308
0.0790780890
0.0758359833
0.0591156879
0.0276452622
-0.0070445207
-0.0314494036
-0.0513524124
-0.0725675458
-0.0963384580
-0.1207522900
-0.1425246757
-0.1585457978
-0.1681948582
-0.1739849334
-0.1743397826
-0.1725364044
-0.1677238560
-0.1553695403
-0.1343333540
-0.1049405440
-0.0740876837
-0.0499179232
-0.0369415314
-0.0340710964
-0.0349230728
-0.0353980313
-0.0354242691
-0.0364939665
-0.0381268837
-0.0377616785
-0.0329670699
-0.0244879970
-0.0130653203
-0.0034279824
0.0009891365
-0.0003361939
-0.0042237458
-0.0093514494
-0.0158306914
-0.0225535520
-0.0270253474
-0.0265747378
-0.0215357193
-0.0150915976
-0.0070385731
0.0008950788
0.0075841481
0.0112839510
0.0104492754
0.0062932854
-0.0017985179
-0.0145913223
-0.0279519399
-0.0408458406
-0.0538631115
-0.0660437898
-0.0757891932
-0.0823354844
-0.0863730876
-0.0845358032
-0.0758531807
-0.0598833313
-0.0390180195
-0.0204328487
-0.0064774574
0.0015749732
0.0063755595
0.0119633237
0.0168203316
0.0212195408
0.0279567984
0.0367791240
0.0451700672
0.0534635209
0.0614544600
0.0673404366
0.0690966112
0.0676092236
0.0656444998
0.0634429312
0.0625128240
0.0646684202
0.0698608903
0.0770375181
0.0850290398
0.0912616334
0.0939461015
0.0925409137
0.0871889212
0.0773670786
0.0635356562
0.0506548650
0.0380193013
0.0242718078
0.0096849024
-0.0039437194
-0.0133073151
-0.0164558218
-0.0173116511
-0.0198711984
-0.0248319639
-0.0326794034
-0.0422103185
-0.0514611978
-0.0601895861
-0.0661251908
-0.0653157474
-0.0563040718
-0.0398596398
-0.0222000185
-0.0054294494
0.0119768561
0.0291811127
0.0430262931
0.0506727202
0.0548623278
0.0602588362
0.0664177535
0.0727027663
0.0793825958
0.0858924717
0.0907427698
0.0933563526
0.0944666660
0.0928555040
0.0883919972
0.0812060753
0.0739190082
0.0671609351
0.0603455186
0.0530326836
0.0446653750
0.0348838947
0.0244107967
0.0142679922
0.0043335752
-0.0056286066
-0.0156778412
-0.0259606306
-0.0365403056
-0.0471795888
-0.0567876479
-0.0636003391
-0.0665991062
-0.0664980362
-0.0631373248
-0.0587298834
-0.0542973695
-0.0491334208
-0.0438044146
-0.0394058539
-0.0355461921
-0.0314399121
-0.0271231377
-0.0226979538
-0.0182754577
-0.0143757720
-0.0118386378
-0.0111067425
-0.0113084784
-0.0120489818
-0.0121048123
-0.0117060956
-0.0120843634
-0.0143967472
-0.0192508043
-0.0266878930
-0.0342210145
-0.0414895028
-0.0490238179
-0.0562716317
-0.0617130601
-0.0640974475
-0.0647136879
-0.0649045885
-0.0638356334
-0.0606595451
-0.0529702936
-0.0387860236
-0.0179653217
0.0002636944
0.0120584357
0.0160569265
0.0162544054
0.0182772902
0.0203358197
0.0214612630
0.0233297565
0.0264917767
0.0295072714
0.0321152533
0.0335807354
0.0338337722
0.0332804950
0.0324709107
0.0316175340
0.0311093178
0.0307887788
0.0302926478
0.0297710119
0.0294016812
0.0290512864
0.0281541738
0.0258748316
0.0218933314
0.0163471492
0.0103967810
0.0046920049
-0.0011377766
-0.0071628784
-0.0128426374
-0.0172953089
-0.0201226846
-0.0219816772
-0.0233763680
-0.0250064189
-0.0267585997
-0.0283989127
-0.0297060565
-0.0302537798
-0.0298212039
-0.0288968762
-0.0271315202
-0.0244035794
-0.0209086342
-0.0168472272
-0.0123101756
-0.0075148529
-0.0037408370
-0.0013719339
0.0004512066
0.0018596269
0.0025187189
0.0011284806
-0.0033575351
-0.0103964427
-0.0193317731
-0.0275944030
-0.0333044774
-0.0341812068
-0.0300332019
-0.0236354850
-0.0157698144
-0.0067853220
0.0015546680
0.0088184670
0.0150707258
0.0198802764
0.0242793916
0.0289976079
0.0337213500
0.0382321544
0.0425282355
0.0467396641
0.0511187157
0.0558816641
0.0608569770
0.0650253650
0.0665529645
0.0643675314
0.0608866636
0.0581581589
0.0555643766
0.0526903988
0.0498811979
0.0478593844
0.0469349251
0.0460799039
0.0450617799
0.0440998153
0.0431815960
0.0421082053
0.0406199813
0.0387873205
0.0370184874
0.0353315723
0.0337100354
0.0321499112
0.0304089887
0.0279440930
0.0241247465
0.0187605937
0.0131562504
0.0075676799
0.0021030304
-0.0020108588
-0.0031198086
-0.0010998211
0.0025072605
0.0062521028
0.0097912350
0.0125263273
0.0130064732
0.0112044388
0.0085454990
0.0050848876
0.0017450123
-0.0016608991
-0.0053726660
-0.0090019906
-0.0119254518
-0.0136147539
-0.0145620773
-0.0149360504
-0.0145939817
-0.0133492373
-0.0107416219
-0.0062970867
-0.0001228250
0.0054441865
0.0099248109
0.0124611933
0.0120629089
0.0097633808
0.0069779865
0.0048679184
0.0034400610
0.0028808032
0.0027915186
0.0014936229
-0.0016925424
-0.0061913151
-0.0116157294
-0.0164076596
-0.0198232994
-0.0216470608
-0.0214861851
-0.0199575895
-0.0184112514
-0.0170779450
-0.0156426852
-0.0140273601
-0.0123381990
-0.0105874936
-0.0086350637
-0.0062657329
-0.0035860350
-0.0009626159
0.0002245304
-0.0020845915
-0.0084352571
-0.0167369007
-0.0262292391
-0.0348255550
-0.0425129740
-0.0489099767
-0.0529782063
-0.0562344364
-0.0581331240
-0.0590133305
-0.0591290230
-0.0588463747
-0.0586643829
-0.0586085430
-0.0586719103
-0.0583767445
-0.0566587613
-0.0524618237
-0.0463404775
-0.0388232095
-0.0317144691
-0.0252060592
-0.0198064685
-0.0153609203
-0.0124472850
-0.0105694881
-0.0101370156
-0.0105974174
-0.0113821735
-0.0125905779
-0.0142510110
-0.0161798363
-0.0172928374
-0.0171931300
-0.0161278212
-0.0140713779
-0.0122986261
-0.0113213248
-0.0108166702
-0.0108003844
-0.0111795355
-0.0118550458
-0.0127988827
-0.0138448891
-0.0148979059
-0.0156587831
-0.0159119609
-0.0158498528
-0.0150151302
-0.0131530835
-0.0103055971
-0.0069441405
-0.0031746825
0.0009583447
0.0056123631
0.0107540829
0.0158541757
0.0209113689
0.0259820381
0.0310055695
0.0359350884
0.0408218018
0.0458784594
0.0506972665
0.0548104912
0.0584964404
0.0609172149
0.0619495855
0.0611534020
0.0583720928
0.0535977076
0.0460158131
0.0373943494
0.0279347237
0.0184583234
0.0087299426
-0.0013921197
-0.0109715314
-0.0183800141
-0.0224436484
-0.0248230363
-0.0261545572
-0.0250228552
-0.0220132433
-0.0183441345
-0.0139620570
-0.0094989542
-0.0046910839
0.0007665779
0.0068960677
0.0132807296
0.0196972227
0.0257220096
0.0305468217
0.0341924556
0.0370528822
0.0380580283
0.0372053283
0.0351699448
0.0319035654
0.0282480078
0.0237673975
0.0187741730
0.0144800654
0.0111224551
0.0081644120
0.0058870611
0.0043008071
0.0038944447
0.0041897880
0.0052726288
0.0063771702
0.0070976231
0.0073580003
0.0071456011
0.0071365165
0.0079550801
0.0096369940
0.0117356225
0.0141635203
0.0168702605
0.0201486593
0.0237204665
0.0275433934
0.0310289223
0.0332976266
0.0339445216
0.0327456087
0.0293879233
0.0248642537
0.0192886574
0.0138813231
0.0089456479
0.0047691949
0.0016205003
-0.0015118578
-0.0046149511
-0.0081351257
-0.0126808596
-0.0176469630
-0.0225768954
-0.0273118957
-0.0309602454
-0.0322489420
-0.0311527154
-0.0289968373
-0.0254526587
-0.0220538217
-0.0187491287
-0.0153691713
-0.0125188469
-0.0106989291
-0.0097858408
-0.0097457605
-0.0099134211
-0.0102344112
-0.0105246244
-0.0106728322
-0.0108260489
-0.0113547517
-0.0130770296
-0.0164091632
-0.0202916045
-0.0237615429
-0.0270678616
-0.0304584947
-0.0341912903
-0.0385135716
-0.0434443404
-0.0482369567
-0.0525331788
-0.0562946931
-0.0597904653
-0.0628737346
-0.0653876007
-0.0668058698
-0.0666159559
-0.0641780122
-0.0596141120
-0.0530777633
-0.0464642801
-0.0398590572
-0.0338944612
-0.0293611968
-0.0256471304
-0.0212842143
-0.0148058857
-0.0054869141
0.0063208981
0.0168175781
0.0242918150
0.0298202548
0.0330271199
0.0358624834
0.0384410700
0.0408625023
0.0435592999
0.0464342269
0.0494724071
0.0525271268
0.0548148611
0.0557770888
0.0557846914
0.0539861435
0.0503760321
0.0453317040
0.0396351338
0.0339395597
0.0294954024
0.0270104806
0.0262247753
0.0260481495
0.0269901726
0.0283768756
0.0301757336
0.0321482855
0.0341160540
0.0361848079
0.0383446517
0.0406133373
0.0428060159
0.0446383948
0.0460539575
0.0468045632
0.0469619899
0.0464666670
0.0456783398
0.0447430265
0.0435460306
0.0417404534
0.0390968550
0.0354479884
0.0305744973
0.0249588301
0.0187027615
0.0125449907
0.0062792108
-0.0002652727
-0.0066657014
-0.0119476111
-0.0151748312
-0.0168753351
-0.0182575273
-0.0194464412
-0.0206576461
-0.0217758346
-0.0227707280
-0.0237781859
-0.0248483438
-0.0257748235
-0.0259977883
-0.0249626078
-0.0226859344
-0.0193892199
-0.0155170502
-0.0118195233
-0.0081211065
-0.0042812632
-0.0004854607
0.0029801845
0.0060147429
0.0090849319
0.0122603220
0.0155212884
0.0188220626
0.0218662572
0.0240005868
0.0246433563
0.0240410242
0.0215181930
0.0171464809
0.0112174262
0.0051965805
-0.0005918244
-0.0064947197
-0.0124957761
-0.0185077072
-0.0244581130
-0.0304526588
-0.0358211627
-0.0407134206
-0.0452710808
-0.0487552189
-0.0509122716
-0.0506403271
-0.0479535096
-0.0432015657
-0.0377804829
-0.0327075676
-0.0276697803
-0.0227357881
-0.0181743971
-0.0139944971
-0.0099876237
-0.0067616770
-0.0044391457
-0.0033050811
-0.0035223219
-0.0053468614
-0.0079743130
-0.0112771660
-0.0144816817
-0.0177261086
-0.0212085175
-0.0246830513
-0.0275961039
-0.0293279485
-0.0299669402
-0.0299026238
-0.0290024194
-0.0274309900
-0.0252629986
-0.0230933908
-0.0212880391
-0.0204548389
-0.0209724902
-0.0225108498
-0.0249096342
-0.0275882288
-0.0301728298
-0.0328656240
-0.0356489631
-0.0382021858
-0.0400691851
-0.0411765570
-0.0418298235
-0.0417947145
-0.0414167569
-0.0403547372
-0.0383115444
-0.0350506531
-0.0302000543
-0.0246223623
-0.0186849345
-0.0128221603
-0.0068207665
-0.0006079368
0.0054073070
0.0104044963
0.0137804881
0.0161386189
0.0175102859
0.0176315981
0.0168810770
0.0148837909
0.0122212190
0.0084557211
0.0033745652
-0.0025940191
-0.0077182653
-0.0115969250
-0.0149258729
-0.0172010709
-0.0181473981
-0.0184808116
-0.0180847450
-0.0174568142
-0.0165421847
-0.0155136201
-0.0141200382
-0.0122346668
-0.0097937911
-0.0068027365
-0.0030650401
0.0011266171
0.0050782436
0.0081848995
0.0104584661
0.0115270171
0.0118904274
0.0114529648
0.0103584674
0.0089266189
0.0073748594
0.0060542142
0.0050825401
0.0040258131
0.0029013274
0.0018130689
0.0006430219
-0.0008240176
-0.0027271505
-0.0047039980
-0.0063721360
-0.0075575964
-0.0082954196
-0.0082509385
-0.0074861736
-0.0061323722
-0.0044664398
-0.0026098163
-0.0013920708
-0.0012566163
-0.0015025815
-0.0018980937
-0.0018395219
-0.0003114335
0.0027525557
0.0066144296
0.0110547556
0.0153130213
0.0191521213
0.0222424105
0.0246841038
0.0265456244
0.0279770030
0.0292610666
0.0305547813
0.0318142235
0.0330618060
0.0343660648
0.0356396784
0.0365127145
0.0364079137
0.0349639331
0.0327555888
0.0302271003
0.0272801133
0.0245693417
0.0224183691
0.0207105070
0.0199603618
0.0197229248
0.0200536882
0.0203112170
0.0205499039
0.0209371556
0.0212886781
0.0212549787
0.0204762839
0.0191753895
0.0177618003
0.0161082744
0.0141848620
0.0119617543
0.0097598661
0.0075906587
0.0053929007
0.0031849831
0.0009609957
-0.0012731108
-0.0035318068
-0.0057925120
-0.0079763110
-0.0099433427
-0.0115892190
-0.0128312476
-0.0139171276
-0.0148575813
-0.0153403116
-0.0150160324
-0.0138834094
-0.0123613732
-0.0105124077
-0.0087374822
-0.0069508419
-0.0050249664
-0.0030497541
-0.0012928023
-0.0001404499
0.0003003213
0.0003562216
0.0002250436
0.0001652449
0.0001127539
0.0000145800
-0.0000829070
-0.0001558139
-0.0002727483
-0.0005961687
-0.0010779757
-0.0015026294
-0.0014949301
-0.0008325987
0.0001722430
0.0014922396
0.0031039260
0.0052035760
0.0075216125
0.0100441402
0.0124115276
0.0141639338
0.0152730349
0.0157392632
0.0153490136
0.0143635553
0.0128076505
0.0111737090
0.0092462642
0.0068206161
0.0037018939
0.0004954419
-0.0025478032
-0.0055307139
-0.0085449164
-0.0118305560
-0.0156899546
-0.0201586864
-0.0246372198
-0.0290263643
-0.0329318387
-0.0356727293
-0.0376780408
-0.0383306965
-0.0376659745
-0.0354140916
-0.0320182618
-0.0274905983
-0.0225053053
-0.0176130192
-0.0125479039
-0.0073520677
-0.0024595645
0.0013946250
0.0040485381
0.0066590263
0.0089932246
0.0112695634
0.0135021720
0.0152509508
0.0163368026
0.0170566315
0.0178237955
0.0184854164
0.0189564749
0.0189337706
0.0183014229
0.0168294472
0.0149231758
0.0129670414
0.0112803893
0.0103782867
0.0098801916
0.0091087987
0.0080609805
0.0067639756
0.0052533414
0.0038442085
0.0024595392
0.0009780371
-0.0004908906
-0.0016314455
-0.0020157361
-0.0016102119
-0.0004889097
0.0012430717
0.0028483828
0.0043527912
0.0058792912
0.0073777557
0.0089634186
0.0109712307
0.0138658549
0.0174073740
0.0213199999
0.0251995374
0.0290417291
0.0325399258
0.0352192911
0.0369503932
0.0376212424
0.0373153165
0.0361401041
0.0337927334
0.0303172316
0.0258785248
0.0215743148
0.0173047534
0.0128869560
0.0085977275
0.0049251275
0.0021640821
-0.0002604907
-0.0023603590
-0.0040723213
-0.0051827878
-0.0057231482
-0.0059190624
-0.0056441660
-0.0053218463
-0.0050626137
-0.0047663625
-0.0044093754
-0.0040449577
-0.0038323178
-0.0039868201
-0.0047684798
-0.0065612586
-0.0090146687
-0.0119614912
-0.0149725878
-0.0173980235
-0.0192029805
-0.0200593267
-0.0198583990
-0.0190950503
-0.0176850416
-0.0164217277
-0.0156768357
-0.0154551583
-0.0158635450
-0.0162457221
-0.0165333511
-0.0169320959
-0.0174033236
-0.0176073901
-0.0170143616
-0.0154734176
-0.0136159662
-0.0114262008
-0.0091356238
-0.0068566894
-0.0049809880
-0.0038950489
-0.0030172726
-0.0019766219
-0.0009036640
0.0001195488
0.0011667359
0.0023473811
0.0036511577
0.0047791525
0.0057321087
0.0063690696
0.0063779709
0.0056921534
0.0046229474
0.0032304237
0.0019133683
0.0006173037
-0.0007699118
-0.0022137149
-0.0036093718
-0.0047780126
-0.0056091388
-0.0060719388
-0.0063371426
-0.0066774219
-0.0070537209
-0.0074140037
-0.0077581069
-0.0080534418
-0.0082170352
-0.0081463604
-0.0078218491
-0.0074861774
-0.0071624480
-0.0067812322
-0.0064103180
-0.0062777100
-0.0066619508
-0.0074999926
-0.0082495007
-0.0089415976
-0.0097344553
-0.0105848342
-0.0112197943
-0.0111693768
-0.0102107389
-0.0085815751
-0.0063941459
-0.0044154387
-0.0026497998
-0.0012399555
-0.0005777018
-0.0003792094
-0.0008990947
-0.0021732888
-0.0040740081
-0.0061860394
-0.0082458366
-0.0103692745
-0.0125496237
-0.0145917545
-0.0162467934
-0.0175779102
-0.0192532758
-0.0213226970
-0.0237774623
-0.0265207398
-0.0293247815
-0.0321186176
-0.0348905481
-0.0369587288
-0.0379373082
-0.0385853121
-0.0385201593
-0.0376553741
-0.0357556340
-0.0329296679
-0.0291645261
-0.0250639974
-0.0210853446
-0.0170518857
-0.0129516577
-0.0089661786
-0.0053563322
-0.0020585633
0.0015336017
0.0051888107
0.0087820122
0.0123471266
0.0158369501
0.0192099628
0.0224247970
0.0255608614
0.0283139782
0.0304025702
0.0317578386
0.0323738252
0.0322970289
0.0314764213
0.0298421133
0.0277243515
0.0257092196
0.0237152885
0.0216368645
0.0195577639
0.0175737189
0.0156894565
0.0136155151
0.0110586556
0.0079038977
0.0043070640
0.0003503315
-0.0040010695
-0.0085462461
-0.0121592238
-0.0143645890
-0.0162331952
-0.0176046837
-0.0187390170
-0.0197365887
-0.0203976269
-0.0206536991
-0.0204346906
-0.0198410982
-0.0188426995
-0.0174721133
-0.0157715436
-0.0141707658
-0.0126334775
-0.0110234808
-0.0091864511
-0.0070104464
-0.0046873306
-0.0028897797
-0.0014578786
-0.0003080072
0.0007121146
0.0015790442
0.0023631463
0.0029455097
0.0032936603
0.0034163784
0.0035153490
0.0035882970
0.0035547696
0.0035177350
0.0038468088
0.0050445940
0.0071072565
0.0089650565
0.0106514530
0.0123944617
0.0142103386
0.0160514384
0.0178013825
0.0193861939
0.0207016169
0.0216777530
0.0225225873
0.0229532836
0.0231553390
0.0229158910
0.0221615921
0.0209094424
0.0196281135
0.0184730117
0.0173360846
0.0161282441
0.0146533175
0.0127206580
0.0104081707
0.0082063173
0.0060639171
0.0038741367
0.0016796077
-0.0003503754
-0.0019919812
-0.0031657361
-0.0036204928
-0.0032467809
-0.0021678035
-0.0006425015
0.0007918777
0.0020078864
0.0027703827
0.0030362462
0.0034643375
0.0040257708
0.0045821595
0.0050864814
0.0054524582
0.0055729209
0.0054549410
0.0054197822
0.0054726487
0.0055157597
0.0054472605
0.0051471169
0.0046733349
0.0044547314
0.0049314482
0.0060777963
0.0078518121
0.0100793620
0.0120421874
0.0134878596
0.0140880303
0.0136962208
0.0130429449
0.0121577202
0.0114351660
0.0109622749
0.0106975570
0.0107993131
0.0112464644
0.0122144904
0.0139419463
0.0161245321
0.0186943884
0.0212541611
0.0238653852
0.0265000653
0.0287313301
0.0300680666
0.0305880203
0.0304936507
0.0305977843
0.0308505297
0.0310238382
0.0310141306
0.0306463411
0.0298623085
0.0288935307
0.0277726546
0.0259487522
0.0228558505
0.0187377390
0.0153459970
0.0131327567
0.0118803909
0.0115985226
0.0114431351
0.0116388942
0.0120706242
0.0126546782
0.0132171180
0.0132409782
0.0125258856
0.0111222108
0.0091634733
0.0073502314
0.0055917957
0.0037178856
0.0018359349
0.0001899511
-0.0009651043
-0.0017422711
-0.0022620349
-0.0026362223
-0.0030147560
-0.0032288468
-0.0030740551
-0.0023939973
-0.0013314232
0.0001575223
0.0018400181
0.0039259422
0.0063227804
0.0083032318
0.0089450361
0.0092328014
0.0095029012
0.0095786637
0.0093582165
0.0089037624
0.0080857889
0.0067998496
0.0050478671
0.0027509252
0.0007418381
-0.0007589272
-0.0019768644
-0.0028926647
-0.0032723562
-0.0034756249
-0.0037680475
-0.0040514692
-0.0042662225
-0.0044588579
-0.0047387912
-0.0052202481
-0.0058792038
-0.0066543764
-0.0073868647
-0.0080922769
-0.0088055172
-0.0095454718
-0.0103317692
-0.0111585885
-0.0119309681
-0.0124247310
-0.0123973562
-0.0118736623
-0.0108772652
-0.0096317032
-0.0079736533
-0.0059843993
-0.0046137200
-0.0040405869
-0.0040529371
-0.0044753495
-0.0049315582
-0.0058370890
-0.0073673978
-0.0088529614
-0.0102782880
-0.0117421726
-0.0132265342
-0.0146890749
-0.0160663146
-0.0173823766
-0.0187936916
-0.0201057221
-0.0209213396
-0.0213450630
-0.0218740477
-0.0224943948
-0.0230973002
-0.0236382384
-0.0240522354
-0.0243041633
-0.0244278531
-0.0243431535
-0.0238405664
-0.0229194433
-0.0216737121
-0.0206869756
-0.0201950077
-0.0201410567
-0.0205398955
-0.0209200710
-0.0211953234
-0.0214912128
-0.0218477630
-0.0222635267
-0.0226912628
-0.0230478318
-0.0232168362
-0.0230145834
-0.0224204084
-0.0214540269
-0.0204944305
-0.0196082566
-0.0186625778
-0.0176077942
-0.0164992946
-0.0155919106
-0.0152066041
-0.0152411023
-0.0156933940
-0.0160558740
-0.0163580785
-0.0167336679
-0.0171108362
-0.0173533666
-0.0173073095
-0.0170907725
-0.0169418787
-0.0168599232
-0.0167683823
-0.0165830262
-0.0161507323
-0.0154225302
-0.0146373042
-0.0139579221
-0.0132956528
-0.0126211386
-0.0119380538
-0.0112454777
-0.0104907183
-0.0096144212
-0.0086447065
-0.0079063871
-0.0075113664
-0.0071516982
-0.0068671130
-0.0069041373
-0.0073449359
-0.0079160533
-0.0084440851
-0.0090273769
-0.0096596701
-0.0101474186
-0.0101405302
-0.0095158791
-0.0088270845
-0.0083020091
-0.0080529371
-0.0081765592
-0.0083653266
-0.0084389061
-0.0084557737
-0.0084958277
-0.0086358268
-0.0090086872
-0.0096634949
-0.0103920071
-0.0110443526
-0.0116840679
-0.0123598320
-0.0130976007
-0.0138661650
-0.0145795660
-0.0151266314
-0.0155856142
-0.0160937177
-0.0166890675
-0.0173334909
-0.0178615546
-0.0178937128
-0.0171114940
-0.0157337938
-0.0139350580
-0.0120149441
-0.0101881191
-0.0083396884
-0.0064059792
-0.0043501966
-0.0021848909
-0.0000145757
0.0019271375
0.0039098340
0.0059868370
0.0080467705
0.0098476293
0.0110923362
0.0117735320
0.0122378338
0.0123144985
0.0120413605
0.0113710469
0.0107435108
0.0101685817
0.0095461578
0.0088689522
0.0081236363
0.0073517980
0.0066272017
0.0058979236
0.0051192016
0.0043103183
0.0035812536
0.0031501973
0.0031630512
0.0033933047
0.0036571439
0.0038903680
0.0041499925
0.0045201605
0.0049765900
0.0052879166
0.0049969976
0.0037745938
0.0018988765
-0.0004090656
-0.0019461364
-0.0029877664
-0.0038621032
-0.0041772941
-0.0041274545
-0.0037336602
-0.0032082541
-0.0027183498
-0.0022147092
-0.0016582848
-0.0010590407
-0.0004479317
0.0000845898
0.0004126894
0.0004178921
0.0000815076
-0.0005461283
-0.0013373332
-0.0021588439
-0.0027894286
-0.0027424290
-0.0017315673
-0.0003941840
0.0011747266
0.0026137463
0.0038495575
0.0048892648
0.0056970899
0.0065271889
0.0073947896
0.0082365190
0.0090543092
0.0099052923
0.0108282855
0.0117494744
0.0123131640
0.0124219776
0.0126150866
0.0129246775
0.0132566720
0.0135668737
0.0137346471
0.0136106660
0.0131752991
0.0128239552
0.0125438442
0.0122373639
0.0118623947
0.0114173390
0.0109917361
0.0107769470
0.0108425321
0.0109227585
0.0109538454
0.0109933618
0.0110356411
0.0110277096
0.0109062377
0.0107149330
0.0105847778
0.0105342005
0.0105073800
0.0103352650
0.0097275388
0.0085683519
0.0073892282
0.0069484972
0.0071689538
0.0075762852
0.0080398549
0.0084458189
0.0088972931
0.0094455671
0.0099437374
0.0101200249
0.0097577517
0.0090766997
0.0082209314
0.0073121039
0.0064077478
0.0054520541
0.0044619280
0.0035715112
0.0029565207
0.0026243683
0.0021945816
0.0017369981
0.0013104517
0.0008479022
0.0002665745
-0.0004208177
-0.0009110742
-0.0007246672
0.0000925829
0.0011716010
0.0024615822
0.0035448223
0.0042516470
0.0045948480
0.0044695851
0.0043434304
0.0043230021
0.0043088251
0.0042681274
0.0041631405
0.0039060430
0.0034327394
0.0030083572
0.0026491279
0.0022861226
0.0018721077
0.0013443344
0.0007180041
0.0001653778
-0.0001069818
-0.0001627165
0.0000252043
0.0005188623
0.0012625903
0.0022308108
0.0031434264
0.0038849109
0.0043487165
0.0044374382
0.0044579642
0.0045116351
0.0047400467
0.0054478779
0.0067558740
0.0083679513
0.0101282571
0.0118415510
0.0136048960
0.0154581373
0.0172324773
0.0185941359
0.0193032047
0.0196157182
0.0195501144
0.0191757842
0.0185476466
0.0173522577
0.0157824447
0.0139336483
0.0121407765
0.0103752231
0.0085601704
0.0067234254
0.0049421388
0.0033064682
0.0018681260
0.0008402035
0.0001522675
-0.0000546896
0.0006156380
0.0023157670
0.0056072875
0.0096173438
0.0125035290
0.0133748078
0.0144372410
0.0157093698
0.0166269501
0.0171754815
0.0176736518
0.0181912844
0.0186748228
0.0191659826
0.0196168741
0.0199837615
0.0201818324
0.0202739748
0.0201754233
0.0198731531
0.0193182783
0.0184867414
0.0174090467
0.0163725694
0.0153325210
0.0142475339
0.0131983700
0.0123430763
0.0117648017
0.0112218900
0.0102508662
0.0089092063
0.0076842172
0.0065595069
0.0053947031
0.0041298668
0.0027856912
0.0015751480
0.0008552121
0.0007478523
0.0006584932
0.0004495832
0.0002397640
0.0000587302
-0.0001321597
-0.0003852005
-0.0006790210
-0.0009626779
-0.0012575138
-0.0015778526
-0.0018975477
-0.0021399503
-0.0022250605
-0.0021820078
-0.0021905313
-0.0024936051
-0.0031392088
-0.0039357541
-0.0046420732
-0.0053169906
-0.0060479931
-0.0068288624
-0.0075645571
-0.0080655984
-0.0081555136
-0.0077080700
-0.0072328586
-0.0068507981
-0.0064487575
-0.0060275113
-0.0056689153
-0.0054709280
-0.0053715392
-0.0051695872
-0.0048285645
-0.0043648266
-0.0037671500
-0.0031736412
-0.0026084847
-0.0020383089
-0.0014567462
-0.0008665091
-0.0002625067
0.0003727242
0.0010159767
0.0016933496
0.0024045488
0.0030438318
0.0033894912
0.0032595333
0.0028493696
0.0024656391
0.0020203447
0.0013391376
0.0003886986
-0.0005518152
-0.0014858399
-0.0024534223
-0.0033623184
-0.0040303558
-0.0043072548
-0.0043518825
-0.0042344731
-0.0039217632
-0.0032888704
-0.0025344917
-0.0018264632
-0.0011256557
-0.0004011612
0.0003596861
0.0011628905
0.0019953332
0.0028064437
0.0036206817
0.0044485413
0.0052612306
0.0059985708
0.0065958573
0.0070834094
0.0075551672
0.0078513807
0.0078055454
0.0074876030
0.0072291410
0.0070131472
0.0067728130
0.0065350490
0.0063458691
0.0062406426
0.0061441003
0.0060422963
0.0059666475
0.0059269111
0.0058461378
0.0055572543
0.0049005126
0.0039502798
0.0027444739
0.0015950434
0.0004338028
-0.0008219647
-0.0020445949
-0.0029289992
-0.0031583872
-0.0029100454
-0.0028199498
-0.0028398574
-0.0028054401
-0.0026494897
-0.0023331843
-0.0019466693
-0.0017324347
-0.0016847800
-0.0014346480
-0.0007533177
0.0002958985
0.0015716080
0.0028962499
0.0042074750
0.0056003174
0.0070473766
0.0083052945
0.0089888002
0.0089817935
0.0089503955
0.0090569724
0.0091527216
0.0091979292
0.0092222198
0.0092984879
0.0094329839
0.0095376531
0.0094930620
0.0091246306
0.0084926034
0.0079300584
0.0074055572
0.0068588282
0.0063199921
0.0058391226
0.0054068635
0.0048358344
0.0038633079
0.0023820813
0.0004664780
-0.0016740725
-0.0037266337
-0.0057825225
-0.0079207896
-0.0100624559
-0.0120214848
-0.0136187291
-0.0149653047
-0.0163947193
-0.0178895310
-0.0193737141
-0.0207886283
-0.0220302904
-0.0230261142
-0.0238202490
-0.0242508420
-0.0244402296
-0.0241877660
-0.0235183453
-0.0223800931
-0.0211963384
-0.0200995292
-0.0189746309
-0.0177965898
-0.0165422787
-0.0152479436
-0.0139658911
-0.0126915352
-0.0113877087
-0.0100676151
-0.0087863304
-0.0076756073
-0.0068146544
-0.0060708647
-0.0052299407
-0.0043561659
-0.0036697046
-0.0034040019
-0.0036498374
-0.0042810987
-0.0047709382
-0.0051564288
-0.0055922778
-0.0061888126
-0.0070417522
-0.0080510257
-0.0087720161
-0.0090087013
-0.0091238318
-0.0093482401
-0.0096122222
-0.0098551097
-0.0100761950
-0.0103059636
-0.0105685483
-0.0108433967
-0.0111340892
-0.0114447326
-0.0117321079
-0.0119028133
-0.0118763687
-0.0117457154
-0.0117730057
-0.0119261190
-0.0120608133
-0.0122017286
-0.0123496451
-0.0123939261
-0.0121286067
-0.0114659992
-0.0107380884
-0.0100886655
-0.0094321099
-0.0087366994
-0.0080512165
-0.0074907173
-0.0071266012
-0.0068695338
-0.0067292528
-0.0065780763
-0.0064405337
-0.0063482278
-0.0062077288
-0.0058412483
-0.0050958000
-0.0041448962
-0.0032722190
-0.0024107530
-0.0014784328
-0.0005441633
0.0001793657
0.0004260457
0.0001739439
-0.0004926438
-0.0011539112
-0.0017496274
-0.0023924204
-0.0030879549
-0.0037631702
-0.0043094002
-0.0047408991
-0.0053881888
-0.0064279994
-0.0077980490
-0.0094802908
-0.0111189969
-0.0127163069
-0.0142288893
-0.0154228215
-0.0161830972
-0.0167630163
-0.0171989564
-0.0176717629
-0.0181630261
-0.0186067004
-0.0190113657
-0.0193793808
-0.0197556938
-0.0201838810
-0.0206705864
-0.0210618885
-0.0210628940
-0.0206492259
-0.0199447525
-0.0189465606
-0.0178822949
-0.0166264802
-0.0151765979
-0.0135654923
-0.0119610965
-0.0103522745
-0.0087078895
-0.0070871769
-0.0056070450
-0.0043692096
-0.0032637246
-0.0020895694
-0.0008455181
0.0004112056
0.0015624529
0.0023981040
0.0027895386
0.0030198043
0.0034676454
0.0039937733
0.0044605579
0.0048802582
0.0052885566
0.0057289417
0.0062259778
0.0067562574
0.0072299708
0.0077210845
0.0082474765
0.0087497826
0.0091103972
0.0092143174
0.0091503271
0.0092161650
0.0093793514
0.0095131444
0.0096268823
0.0097410806
0.0098434004
0.0098708035
0.0097526019
0.0095216022
0.0093135108
0.0091012995
0.0088664750
0.0086776503
0.0086593055
0.0088646312
0.0090848858
0.0091612432
0.0089360841
0.0083123821
0.0076899817
0.0071667971
0.0066397408
0.0060509824
0.0053670407
0.0046256699
0.0039352871
0.0032492083
0.0025285600
0.0017925862
0.0011078127
0.0006001898
0.0003258664
0.0000917936
-0.0003393726
-0.0008323329
-0.0012889709
-0.0017451476
-0.0022176797
-0.0026362702
-0.0028353316
-0.0026900060
-0.0023291941
-0.0017145541
-0.0010807808
-0.0004891198
0.0001237349
0.0007564443
0.0013891416
0.0019932667
0.0025886719
0.0031912606
0.0037987707
0.0044340729
0.0051120088
0.0057524345
0.0061527817
0.0060691252
0.0054456450
0.0045508029
0.0037922413
0.0030938575
0.0023278399
0.0014307715
0.0003875274
-0.0006451397
-0.0013277224
-0.0017283092
-0.0017500898
-0.0014683812
-0.0010373156
-0.0006568562
-0.0002908734
0.0001125022
0.0005275309
0.0009376519
0.0013451792
0.0018024150
0.0022433997
0.0026630596
0.0030883816
0.0035601957
0.0040995073
0.0046362430
0.0049468892
0.0048649666
0.0044526828
0.0037081723
0.0029512468
0.0022461598
0.0015087341
0.0007596125
0.0000735316
-0.0004703590
-0.0009372240
-0.0014278311
-0.0019391955
-0.0024542155
-0.0029663176
-0.0034256922
-0.0037559896
-0.0039009703
-0.0038785554
-0.0038129111
-0.0037909933
-0.0037870107
-0.0037759113
-0.0037128382
-0.0035286586
-0.0031830989
-0.0027911239
-0.0024560461
-0.0021565819
-0.0018253280
-0.0013669100
-0.0006898687
0.0001104580
0.0006394218
0.0009487226
0.0013334295
0.0018085610
0.0023207166
0.0027516564
0.0029030161
0.0026236579
0.0021186048
0.0017043024
0.0013326946
0.0009375221
0.0005378374
0.0001632661
-0.0001898642
-0.0006229947
-0.0011574164
-0.0016902296
-0.0022017848
-0.0027280536
-0.0032681302
-0.0037669574
-0.0041001754
-0.0041679304
-0.0038756337
-0.0031885626
-0.0025706673
-0.0020133755
-0.0014271573
-0.0008628350
-0.0003687041
0.0000667105
0.0006557272
0.0015159147
0.0025889999
0.0035936695
0.0045605622
0.0055469359
0.0065458166
0.0075019078
0.0083600339
0.0091254952
0.0098163263
0.0103702425
0.0107780183
0.0108978175
0.0106939108
0.0100521656
0.0092560310
0.0082730846
0.0072553450
0.0062427241
0.0051732080
0.0040728222
0.0030392233
0.0022464680
0.0017559717
0.0012536909
0.0008863328
0.0008938699
0.0013263175
0.0017851105
0.0021399794
0.0024715896
0.0028508102
0.0034120743
0.0042784599
0.0053881907
0.0064151211
0.0073795788
0.0083611306
0.0094051767
0.0105430529
0.0117401709
0.0128387280
0.0136890881
0.0144138131
0.0152103537
0.0160688331
0.0169264480
0.0176796098
0.0181771599
0.0183804934
0.0185678418
0.0188187265
0.0190844030
0.0193540545
0.0196021483
0.0197512582
0.0196729959
0.0193075839
0.0186649272
0.0180934189
0.0175905686
0.0170837620
0.0165398729
0.0158813626
0.0150251949
0.0139977486
0.0130153821
0.0120609824
0.0110919697
0.0101298265
0.0092231304
0.0084003792
0.0075851715
0.0067291946
0.0058618655
0.0049990763
0.0041265006
0.0032498022
0.0024127622
0.0016954810
0.0011236522
0.0005621736
-0.0000647620
-0.0007438198
-0.0013981162
-0.0018190514
-0.0017404583
-0.0011472089
-0.0003911292
0.0005023670
0.0013633220
0.0022343405
0.0031709385
0.0041230799
0.0049983471
0.0056940225
0.0062490195
0.0068488331
0.0075092830
0.0081881792
0.0088005676
0.0091644045
0.0091322680
0.0088266052
0.0083742232
0.0079297455
0.0075077033
0.0070683565
0.0066256427
0.0061925237
0.0057403108
0.0051787262
0.0045643522
0.0039713622
0.0033757530
0.0027608067
0.0021687987
0.0016996074
0.0014524948
0.0014283009
0.0015219366
0.0015840239
0.0016610176
0.0017682391
0.0017985132
0.0015720741
0.0010182039
0.0004276507
-0.0001150685
-0.0006941127
-0.0013102384
-0.0018395699
-0.0020600265
-0.0018823594
-0.0016312867
-0.0013913914
-0.0011583815
-0.0008966028
-0.0005910456
-0.0003018723
-0.0001213292
-0.0001227232
-0.0002130788
-0.0002699582
-0.0003181995
-0.0003890444
-0.0004559503
-0.0004633807
-0.0003634294
-0.0002302579
-0.0001899477
-0.0003073409
-0.0007785518
-0.0015634209
-0.0022936810
-0.0029532936
-0.0034955278
-0.0037825732
-0.0038651480
-0.0041645661
-0.0045058932
-0.0048005027
-0.0050755428
-0.0053249944
-0.0055469396
-0.0057245879
-0.0058867688
-0.0060354879
-0.0061916553
-0.0063543541
-0.0065053473
-0.0066092854
-0.0066375709
-0.0066291479
-0.0067222686
-0.0068163412
-0.0068752973
-0.0069184703
-0.0069834869
-0.0071481647
-0.0074661645
-0.0078676177
-0.0082385658
-0.0085963846
-0.0089631846
-0.0093428864
-0.0097290424
-0.0101105616
-0.0104745922
-0.0108129864
-0.0111248797
-0.0113752570
-0.0114592142
-0.0113078676
-0.0110348141
-0.0108249870
-0.0106554281
-0.0104635783
-0.0101825370
-0.0097519628
-0.0092291570
-0.0088844740
-0.0088254813
-0.0090224263
-0.0091653123
-0.0092704101
-0.0093874399
-0.0094386224
-0.0093134600
-0.0090064976
-0.0088100919
-0.0087868557
-0.0087514018
-0.0086476300
-0.0085236395
-0.0084621978
-0.0085570946
-0.0088031932
-0.0089573525
-0.0087358574
-0.0082169703
-0.0077824436
-0.0074026318
-0.0069905124
-0.0065694570
-0.0062301418
-0.0060893026
-0.0061084255
-0.0060788573
-0.0060103214
-0.0059642859
-0.0059690702
-0.0060366071
-0.0060974709
-0.0059851446
-0.0055824433
-0.0050985393
-0.0046608616
-0.0042104070
-0.0037333313
-0.0033266559
-0.0031600637
-0.0032980424
-0.0034623124
-0.0035502353
-0.0036129372
-0.0036996488
-0.0038871682
-0.0042672027
-0.0048278428
-0.0053132006
-0.0057239545
-0.0061448831
-0.0065808026
-0.0070347417
-0.0075205167
-0.0080533065
-0.0085858462
-0.0089710888
-0.0091414192
-0.0090588256
-0.0086454855
-0.0079597432
-0.0073532358
-0.0068001625
-0.0062030817
-0.0055223088
-0.0047259195
-0.0038829590
-0.0031653226
-0.0024581972
-0.0017057543
-0.0009257707
-0.0001616007
0.0004553247
0.0007965508
0.0008639618
0.0006850823
0.0004109649
0.0001018928
-0.0003594686
-0.0010070716
-0.0018082518
-0.0025924892
-0.0033916028
-0.0042312883
-0.0050256844
-0.0055807405
-0.0057365518
-0.0056631020
-0.0056829260
-0.0057503577
-0.0057879702
-0.0057708508
-0.0056927821
-0.0055782088
-0.0054918055
-0.0053920850
-0.0050900919
-0.0045110008
-0.0038545636
-0.0032310947
-0.0025796832
-0.0019006592
-0.0013323855
-0.0011018021
-0.0012802520
-0.0014687609
-0.0015730467
-0.0016791660
-0.0018173392
-0.0019859790
-0.0021598391
-0.0023185486
-0.0024532823
-0.0025664525
-0.0026801828
-0.0028182582
-0.0029993140
-0.0031992146
-0.0032991851
-0.0030868986
-0.0024800642
-0.0019360614
-0.0014483251
-0.0009316783
-0.0004547487
-0.0001464171
-0.0000936438
-0.0001013185
-0.0000477621
0.0000167807
0.0000445815
0.0000357477
0.0000234399
0.0000971258
0.0003536922
0.0007852700
0.0011948194
0.0015832045
0.0019951998
0.0024150721
0.0027595183
0.0029240655
0.0029134407
0.0028871597
0.0028596974
0.0028492634
0.0028659514
0.0028902628
0.0028276689
0.0025003731
0.0017989689
0.0009641354
0.0002186302
-0.0005042036
-0.0012824585
-0.0021213526
-0.0029486165
-0.0035978298
-0.0038922503
-0.0038251391
-0.0038470277
-0.0039497179
-0.0040267077
-0.0040352360
-0.0039413926
-0.0037875661
-0.0037040167
-0.0036354592
-0.0035574225
-0.0034815255
-0.0034011996
-0.0032961243
-0.0031253457
-0.0028708212
-0.0025372141
-0.0021647897
-0.0018148676
-0.0014724682
-0.0011079499
-0.0006997070
-0.0002445992
0.0001928728
0.0004944492
0.0008060397
0.0011514565
0.0014959976
0.0018163703
0.0020845483
0.0023153835
0.0025860811
0.0029008641
0.0032092868
0.0035122920
0.0038129299
0.0040991079
0.0043493649
0.0045603977
0.0047796384
0.0050059760
0.0052203722
0.0054154631
0.0056093042
0.0058533429
0.0062031795
0.0066358859
0.0069923938
0.0069909945
0.0066772800
0.0062250944
0.0058394421
0.0054824343
0.0051125848
0.0047554022
0.0044196008
0.0040517755
0.0035154044
0.0028035568
0.0022769290
0.0023109047
0.0026345815
0.0028201819
0.0029083557
0.0030069542
0.0032117791
0.0036457232
0.0043421335
0.0050800723
0.0057811523
0.0064943814
0.0071944746
0.0077830384
0.0081683336
0.0084712983
0.0091321016
0.0100460573
0.0105773162
0.0106220200
0.0106474214
0.0107791366
0.0109381704
0.0110836247
0.0111936129
0.0112498099
0.0112137517
0.0110232364
0.0105946733
0.0100191523
0.0091954322
0.0082277925
0.0072923758
0.0063369029
0.0053498414
0.0044237817
0.0037271017
0.0033260074
0.0029721299
0.0025868742
0.0021692103
0.0017247927
0.0013105513
0.0010419918
0.0010781195
0.0013944578
0.0014992755
0.0010657637
0.0010544284
0.0013084576
0.0014987586
0.0016489267
0.0017742686
0.0019073709
0.0020558512
0.0022464342
0.0024827735
0.0027155963
0.0029469973
0.0031904157
0.0034116458
0.0035437895
0.0035284049
0.0034217011
0.0032428237
0.0030845220
0.0029448828
0.0028083298
0.0026672735
0.0024821796
0.0021901902
0.0017749518
0.0014028986
0.0011000090
0.0008208370
0.0004428736
-0.0002602326
-0.0014289851
-0.0027938417
-0.0040981070
-0.0052227958
-0.0062031381
-0.0068624754
-0.0072608528
-0.0073683169
-0.0070815750
-0.0064571166
-0.0058899611
-0.0053522086
-0.0047558430
-0.0041497190
-0.0036290727
-0.0033059607
-0.0031150892
-0.0028502576
-0.0025094511
-0.0022053671
-0.0021057340
-0.0023934043
-0.0029366854
-0.0030369012
-0.0025098420
-0.0019711403
-0.0015726934
-0.0012127122
-0.0008404543
-0.0004559610
-0.0000556305
0.0003934582
0.0008384054
0.0012613395
0.0016722823
0.0020821106
0.0025289086
0.0030496451
0.0036414248
0.0042297377
0.0046920585
0.0048679193
0.0047737499
0.0047473768
0.0047753428
0.0047777429
0.0047628920
0.0047649501
0.0048475164
0.0050140024
0.0052396314
0.0054790832
0.0057333698
0.0060281832
0.0063393012
0.0065240389
0.0063734300
0.0058335179
0.0053089858
0.0048499034
0.0043714227
0.0038760021
0.0034286271
0.0031044832
0.0028505574
0.0024020632
0.0017949346
0.0012239262
0.0006637212
0.0000830895
-0.0004550525
-0.0008082842
-0.0008630946
-0.0007723314
-0.0007431490
-0.0007324007
-0.0006896302
-0.0006418993
-0.0006604696
-0.0008205349
-0.0010957689
-0.0014835610
-0.0018688581
-0.0022270396
-0.0025898335
-0.0029910057
-0.0034612495
-0.0039902568
-0.0044726346
-0.0048668001
-0.0050849111
-0.0050762494
-0.0047944591
-0.0044181094
-0.0038984583
-0.0033465804
-0.0027868227
-0.0021791782
-0.0015777520
-0.0011185907
-0.0009581380
-0.0010366756
-0.0010485324
-0.0009897342
-0.0009172606
-0.0008784376
-0.0009890454
-0.0013734844
-0.0019887672
-0.0025223426
-0.0027908965
-0.0027515041
-0.0024913309
-0.0023122542
-0.0021571317
-0.0019494030
-0.0017593435
-0.0017592345
-0.0021155347
-0.0027004504
-0.0032259016
-0.0037391859
-0.0042846397
-0.0047653542
-0.0050118936
-0.0049535906
-0.0048663481
-0.0048167105
-0.0047728703
-0.0047283628
-0.0046838338
-0.0046174198
-0.0044431725
-0.0040560354
-0.0034846671
-0.0029672761
-0.0024879327
-0.0019902304
-0.0014630209
-0.0009167679
-0.0003926122
0.0000552559
0.0004050669
0.0007372257
0.0011311006
0.0015923153
0.0020376210
0.0022431892
0.0019102080
0.0010616504
0.0004257722
-0.0001101505
-0.0007086088
-0.0013548408
-0.0019976629
-0.0025151920
-0.0028497887
-0.0030242052
-0.0030793261
-0.0031683955
-0.0032941086
-0.0034162628
-0.0035121473
-0.0035112376
-0.0033531107
-0.0030735213
-0.0028446614
-0.0026548180
-0.0024556824
-0.0021881039
-0.0017898985
-0.0012711768
-0.0008160045
-0.0004609292
-0.0000965656
0.0003036500
0.0007391863
0.0011994270
0.0016175081
0.0018620346
0.0018469215
0.0018771523
0.0019655545
0.0020496470
0.0021089902
0.0021184582
0.0020737384
0.0020039432
0.0019283977
0.0018477400
0.0017588548
0.0016580301
0.0015679354
0.0015401235
0.0016194365
0.0017626787
0.0018679465
0.0019592365
0.0020584289
0.0021683485
0.0022946076
0.0024400619
0.0025956674
0.0027398766
0.0028815156
0.0030306791
0.0031775731
0.0033036555
0.0034000361
0.0034987530
0.0037062862
0.0041269855
0.0045290346
0.0049111525
0.0053136939
0.0056718172
0.0058537977
0.0057585758
0.0055160360
0.0051656459
0.0048401826
0.0044853710
0.0040505106
0.0036283322
0.0034432947
0.0037498445
0.0044329678
0.0047632999
0.0046340665
0.0045923718
0.0046594802
0.0047434599
0.0048168769
0.0048936290
0.0050121473
0.0051776446
0.0053698139
0.0055751565
0.0057741211
0.0059809721
0.0062124773
0.0064657876
0.0066956248
0.0068046395
0.0067292068
0.0066926581
0.0067163444
0.0067458695
0.0067107830
0.0064886151
0.0060209960
0.0054533040
0.0048098936
0.0041750387
0.0035292967
0.0028672257
0.0022738316
0.0018515695
0.0015874944
0.0012167597
0.0008071772
0.0003907428
-0.0000321694
-0.0003789056
-0.0004915083
-0.0002591904
0.0001437563
0.0006656590
0.0011336295
0.0014522617
0.0016423889
0.0017313446
0.0017703555
0.0018450965
0.0019454081
0.0020361005
0.0020636173
0.0019297886
0.0015932842
0.0012086666
0.0008701043
0.0005377659
0.0001890704
-0.0001734508
-0.0005289929
-0.0008631296
-0.0011829579
-0.0015135005
-0.0018623512
-0.0022205215
-0.0025382309
-0.0027278873
-0.0027356581
-0.0026774904
-0.0026524433
-0.0026250788
-0.0025762203
-0.0025480832
-0.0026193049
-0.0028227869
-0.0030275394
-0.0031316984
-0.0029689752
-0.0024645085
-0.0019490920
-0.0015080509
-0.0010841329
-0.0006745677
-0.0002776778
0.0001653936
0.0007741730
0.0013678507
0.0019263547
0.0024826401
0.0030402909
0.0036052435
0.0041843206
0.0047919049
0.0054663637
0.0062212837
0.0067329846
0.0068344474
0.0066470483
0.0062411961
0.0059102494
0.0056294825
0.0053288944
0.0049945759
0.0045834235
0.0040451691
0.0033882489
0.0027933211
0.0022583314
0.0016988293
0.0009867411
-0.0000036268
-0.0011742464
-0.0020103504
-0.0023857848
-0.0027621289
-0.0032597316
-0.0037808995
-0.0042366749
-0.0045503998
-0.0047219227
-0.0048922419
-0.0051156785
-0.0052346300
-0.0050106117
-0.0043496910
-0.0036101499
-0.0029637239
-0.0023178269
-0.0016093530
-0.0008584062
-0.0001908339
0.0002011977
0.0002059773
-0.0000947194
-0.0003222784
-0.0005097764
-0.0007253785
-0.0009135667
-0.0010034564
-0.0010051141
-0.0011785721
-0.0018400322
-0.0027671256
-0.0035956308
-0.0043917307
-0.0052104296
-0.0059806432
-0.0065601093
-0.0069113762
-0.0072881835
-0.0077214191
-0.0081679060
-0.0086050453
-0.0089570630
-0.0091133865
-0.0090321274
-0.0089197324
-0.0087872889
-0.0086750679
-0.0085965988
-0.0085334214
-0.0083988587
-0.0079976235
-0.0071624555
-0.0060706044
-0.0050705189
-0.0041118668
-0.0031251417
-0.0021457570
-0.0012467518
-0.0004753888
0.0002547116
0.0008866612
0.0011853392
0.0010750775
0.0008499058
0.0006927530
0.0005420102
0.0003720897
0.0002379118
0.0002101453
0.0002591434
0.0001812868
0.0001123991
0.0000793775
0.0000148377
-0.0001435483
-0.0003997792
-0.0005793549
-0.0003941611
0.0000969796
0.0003139346
0.0000648790
-0.0005419576
-0.0014424517
-0.0022448920
-0.0030155294
-0.0038511156
-0.0046668835
-0.0052777608
-0.0055303145
-0.0056045002
-0.0057589179
-0.0059750911
-0.0061944144
-0.0063455204
-0.0062825789
-0.0058917382
-0.0052944761
-0.0046647089
-0.0042309105
-0.0040697868
-0.0039595702
-0.0037698884
-0.0035420209
-0.0033175074
-0.0031253212
-0.0030187020
-0.0030538402
-0.0031997672
-0.0033135059
-0.0034100670
-0.0035156770
-0.0036088700
-0.0036488112
-0.0036152321
-0.0035370910
-0.0034230638
-0.0033210766
-0.0032270312
-0.0031234605
-0.0029966959
-0.0028323441
-0.0026456151
-0.0024943315
-0.0023500443
-0.0021979788
-0.0020377507
-0.0018660520
-0.0016951596
-0.0015548710
-0.0014894062
-0.0014994700
-0.0014884364
-0.0014440934
-0.0013858703
-0.0013538785
-0.0014391616
-0.0017271364
-0.0021597489
-0.0025425481
-0.0028975082
-0.0032739585
-0.0036756203
-0.0040728250
-0.0044007391
-0.0045985450
-0.0046394419
-0.0046371978
-0.0046738753
-0.0047331142
-0.0047902002
-0.0048022384
-0.0046956981
-0.0044278584
-0.0041026188
-0.0038268946
-0.0035838971
-0.0033270318
-0.0029794336
-0.0024489651
-0.0017479274
-0.0010367771
-0.0004006150
-0.0000922048
-0.0000470612
0.0000767373
0.0002420993
0.0003894057
0.0005604375
0.0008482896
0.0012869185
0.0017087079
0.0020525987
0.0022180396
0.0021086068
0.0018564994
0.0016630390
0.0014947431
0.0013148375
0.0011462907
0.0010111003
0.0008742363
0.0006239355
0.0003682119
0.0001095465
-0.0001605877
-0.0003661772
-0.0003741725
-0.0001288735
0.0001456782
0.0003442581
0.0002493128
-0.0002055660
-0.0005979156
-0.0008505172
-0.0008873587
-0.0006071945
-0.0001891796
0.0002036974
0.0004166873
0.0001458892
-0.0005023921
-0.0010285975
-0.0015008223
-0.0020310465
-0.0025587588
-0.0029064208
-0.0028909506
-0.0026259678
-0.0024299794
-0.0022674968
-0.0020783291
-0.0019038957
-0.0018214477
-0.0018695525
-0.0019240787
-0.0019607392
-0.0020045522
-0.0020623063
-0.0021167338
-0.0021366057
-0.0021019308
-0.0020664581
-0.0021563245
-0.0022436939
-0.0023124243
-0.0023941289
-0.0024725114
-0.0024950391
-0.0023780225
-0.0021010578
-0.0016819063
-0.0012692813
-0.0008829062
-0.0004748287
-0.0000223906
0.0004562859
0.0008774751
0.0011276865
0.0013125549
0.0015277160
0.0017411753
0.0019366788
0.0021516924
0.0024615540
0.0029095718
0.0034152798
0.0037230692
0.0036612281
0.0033325565
0.0030952088
0.0029155279
0.0026998217
0.0024534759
0.0022409761
0.0021820285
0.0023558322
0.0028668733
0.0034823140
0.0040505661
0.0046354536
0.0052392668
0.0057466043
0.0059907971
0.0059740715
0.0060727846
0.0061985080
0.0062795472
0.0063786315
0.0065983900
0.0070187321
0.0074842941
0.0076716641
0.0076842022
0.0076702761
0.0074827210
0.0070366203
0.0063223678
0.0056354574
0.0049650123
0.0042822631
0.0036848882
0.0032973094
0.0031002299
0.0027584630
0.0023839777
0.0020351382
0.0016911365
0.0013615863
0.0010839807
0.0009269792
0.0009131430
0.0010513517
0.0011825998
0.0012538826
0.0013012732
0.0013993200
0.0016838948
0.0022630189
0.0029727323
0.0032677665
0.0032295638
0.0032707821
0.0033654045
0.0034599715
0.0036200943
0.0039726412
0.0045326705
0.0049987634
0.0052829792
0.0053136469
0.0050487956
0.0045599279
0.0041562409
0.0037965162
0.0033691964
0.0028457478
0.0022711693
0.0018580209
0.0019005549
0.0023289827
0.0028318235
0.0032574997
0.0036779754
0.0041382898
0.0045936517
0.0049705183
0.0052345361
0.0054911881
0.0057560573
0.0060099445
0.0062678079
0.0065847861
0.0070142148
0.0075115309
0.0079326765
0.0082919905
0.0084871566
0.0084260955
0.0081011200
0.0074770637
0.0069073277
0.0063848113
0.0058403950
0.0052992913
0.0047829594
0.0042811833
0.0037012952
0.0031248203
0.0025684974
0.0020256580
0.0014876029
0.0009323550
0.0003258439
-0.0003386972
-0.0009818516
-0.0013950338
-0.0015202009
-0.0014819221
-0.0011958014
-0.0008142546
-0.0004707608
-0.0001175838
0.0002431354
0.0005760403
0.0008530855
0.0011562972
0.0016985577
0.0025502212
0.0033963533
0.0042107247
0.0050827685
0.0059853259
0.0067191505
0.0069675976
0.0066521135
0.0063433750
0.0060550760
0.0057636664
0.0054481278
0.0050864166
0.0047052657
0.0043195044
0.0039487518
0.0035929995
0.0032164280
0.0027949064
0.0023651141
0.0020534793
0.0020601186
0.0024359411
0.0028134402
0.0031052707
0.0034014166
0.0037333811
0.0041014516
0.0044700259
0.0047901090
0.0050101052
0.0051466930
0.0052911550
0.0053476555
0.0051727786
0.0047517616
0.0043676402
0.0040152541
0.0036416757
0.0032927037
0.0030492382
0.0029678428
0.0029289381
0.0028775038
0.0028467637
0.0028257734
0.0027156969
0.0023842784
0.0018332839
0.0013942322
0.0011294861
0.0008279165
0.0004605590
0.0000710891
-0.0002671113
-0.0004441030
-0.0004152951
-0.0003361088
-0.0003118476
-0.0003056885
-0.0002754286
-0.0001839764
-0.0000226992
0.0001410667
0.0001213628
-0.0001484515
-0.0004193882
-0.0006078269
-0.0007658096
-0.0009718639
-0.0013599793
-0.0020253112
-0.0028322417
-0.0034324584
-0.0037531261
-0.0039381129
-0.0041866154
-0.0044666860
-0.0047525210
-0.0050990759
-0.0055690980
-0.0061045594
-0.0065237917
-0.0068438890
-0.0069928026
-0.0069089375
-0.0065760484
-0.0059205500
-0.0053316920
-0.0048104546
-0.0042570966
-0.0036264085
-0.0028801144
-0.0020840972
-0.0014666653
-0.0012558683
-0.0012563156
-0.0011718077
-0.0010496535
-0.0009515795
-0.0008483301
-0.0006657957
-0.0003525853
0.0000008966
0.0003554812
0.0007389402
0.0011179808
0.0013667201
0.0013349444
0.0010819969
0.0010845239
0.0013478923
0.0015581780
0.0017383081
0.0019444477
0.0021208809
0.0020888928
0.0016572520
0.0009331773
0.0003062556
-0.0002582814
-0.0008604462
-0.0015281352
-0.0022544483
-0.0029525775
-0.0034680044
-0.0037433546
-0.0040060943
-0.0043113192
-0.0046210661
-0.0049421595
-0.0053111406
-0.0057416500
-0.0061611389
-0.0065744170
-0.0070071394
-0.0074552709
-0.0078788768
-0.0082005783
-0.0083726595
-0.0084904871
-0.0086850377
-0.0089086293
-0.0091282862
-0.0093633691
-0.0096021481
-0.0097586163
-0.0096836149
-0.0093245735
-0.0089392116
-0.0086162687
-0.0082995442
-0.0079613877
-0.0075888666
-0.0071787150
-0.0067356600
-0.0062813130
-0.0058145294
-0.0053471349
-0.0048725645
-0.0043956767
-0.0039435907
-0.0035544942
-0.0032260670
-0.0028711445
-0.0025020966
-0.0021311768
-0.0017557753
-0.0013971999
-0.0011019130
-0.0009197909
-0.0008321143
-0.0008275972
-0.0008010077
-0.0007623930
-0.0007370636
-0.0007198882
-0.0006959164
-0.0006454544
-0.0005716771
-0.0005033371
-0.0004367293
-0.0003626287
-0.0002851371
-0.0002270673
-0.0002273802
-0.0003144670
-0.0005032955
-0.0007316243
-0.0009612316
-0.0012000942
-0.0014034211
-0.0014837847
-0.0014099298
-0.0013721622
-0.0017088545
-0.0024410092
-0.0031320536
-0.0035335717
-0.0037939244
-0.0038454471
-0.0035633232
-0.0033436437
-0.0031704799
-0.0029679706
-0.0027853849
-0.0027032067
-0.0027570778
-0.0027876356
-0.0027091355
-0.0026274281
-0.0025791147
-0.0025302938
-0.0024462755
-0.0023064221
-0.0021652850
-0.0021412349
-0.0021217558
-0.0020845493
-0.0020428667
-0.0019729541
-0.0018630213
-0.0017406622
-0.0017347033
-0.0019587451
-0.0023066392
-0.0026077206
-0.0028933498
-0.0031870919
-0.0034578965
-0.0036494342
-0.0037672637
-0.0039392011
-0.0041354611
-0.0043421589
-0.0045544595
-0.0046972196
-0.0046466000
-0.0043380823
-0.0039556759
-0.0035232288
-0.0031222652
-0.0027483278
-0.0023601485
-0.0018950977
-0.0012631542
-0.0004683982
0.0002331121
0.0005360552
0.0004734194
0.0005122970
0.0006549323
0.0007978153
0.0008826159
0.0008210495
0.0005686993
0.0002221308
-0.0000739245
-0.0004570380
-0.0007400338
-0.0010515800
-0.0013776936
-0.0016771098
-0.0018848310
-0.0019739718
-0.0020346909
-0.0021179639
-0.0022118749
-0.0023178523
-0.0024277371
-0.0024942798
-0.0024155589
-0.0020969925
-0.0015898739
-0.0011384842
-0.0007211621
-0.0002843599
0.0001682738
0.0006118859
0.0010148838
0.0013850293
0.0017550789
0.0021302615
0.0025198908
0.0029333512
0.0033418431
0.0036524490
0.0037314706
0.0035680858
0.0034543179
0.0033826705
0.0032974738
0.0032203157
0.0031912390
0.0032289013
0.0032539635
0.0032742883
0.0033057314
0.0033392156
0.0033478049
0.0033078468
0.0032455433
0.0032829716
0.0035155454
0.0038062605
0.0040641614
0.0043236797
0.0045855116
0.0047912471
0.0048558276
0.0047960163
0.0048259351
0.0048864897
0.0049386909
0.0049804815
0.0049672856
0.0048433740
0.0046011500
0.0043845425
0.0041869631
0.0039841944
0.0037793122
0.0035817112
0.0033881126
0.0031604434
0.0028253242
0.0023553248
0.0019111872
0.0014837828
0.0010342285
0.0005934101
0.0002493311
0.0001079030
0.0001656831
0.0004276579
0.0006913162
0.0009090645
0.0011288490
0.0013762511
0.0016796424
0.0020575907
0.0024821288
0.0028814977
0.0032720640
0.0036808519
0.0041037709
0.0044871058
0.0047286748
0.0047449804
0.0045105431
0.0041464778
0.0038432894
0.0035724058
0.0032826765
0.0029429056
0.0025100272
0.0019775851
0.0014363894
0.0009087150
0.0003606601
-0.0001944074
-0.0006727097
-0.0009399097
-0.0009704731
-0.0010130484
-0.0010728616
-0.0011278284
-0.0011728762
-0.0011996196
-0.0012186570
-0.0012265547
-0.0012253546
-0.0012177944
-0.0012093789
-0.0011975352
-0.0011957140
-0.0012170379
-0.0012601977
-0.0012668934
-0.0011249885
-0.0007953222
-0.0004634636
-0.0001703038
0.0001220532
0.0004216849
0.0007080647
0.0009504809
0.0011480265
0.0013380155
0.0015002791
0.0016405000
0.0018402502
0.0022355913
0.0028866992
0.0035300758
0.0036911582
0.0035903522
0.0036040547
0.0036928196
0.0037736061
0.0037968865
0.0037302837
0.0035930465
0.0034864705
0.0033949784
0.0033008024
0.0032111757
0.0031280343
0.0030390560
0.0028991781
0.0026552090
0.0023052173
0.0019893367
0.0017337964
0.0015232034
0.0012880528
0.0008593319
0.0000493007
-0.0010284970
-0.0016431990
-0.0017517879
-0.0017274916
-0.0015878543
-0.0015119875
-0.0014522025
-0.0013509558
-0.0012303898
-0.0011329482
-0.0010947042
-0.0010877754
-0.0010696279
-0.0010421384
-0.0010169691
-0.0010080321
-0.0010330519
-0.0010914930
-0.0011344161
-0.0011153815
-0.0010786504
-0.0010564442
-0.0010373720
-0.0010119743
-0.0009827284
-0.0009702081
-0.0010052617
-0.0010953056
-0.0011858316
-0.0012857438
-0.0013861241
-0.0014174130
-0.0012781657
-0.0009621422
-0.0006910080
-0.0004567970
-0.0002053012
0.0000694656
0.0003486641
0.0005709621
0.0006747588
0.0006819807
0.0007739751
0.0008884234
0.0010055192
0.0011281113
0.0012004879
0.0011128338
0.0007836543
0.0003288869
-0.0001577521
-0.0006278207
-0.0010875301
-0.0015593395
-0.0020446964
-0.0025416234
-0.0030386096
-0.0035194594
-0.0039995039
-0.0045018373
-0.0050138661
-0.0054649174
-0.0057233549
-0.0057196429
-0.0056428645
-0.0057569453
-0.0059958351
-0.0062057967
-0.0062634728
-0.0059894185
-0.0053909347
-0.0048897168
-0.0044603314
-0.0039927621
-0.0034737059
-0.0029562463
-0.0025911369
-0.0024879027
-0.0023605187
-0.0021880297
-0.0020159485
-0.0018274997
-0.0016256501
-0.0014539194
-0.0014434506
-0.0016564663
-0.0019279391
-0.0021538529
-0.0023826489
-0.0026214429
-0.0028105100
-0.0028464864
-0.0027143295
-0.0026056739
-0.0025271513
-0.0024446921
-0.0023706154
-0.0023066063
-0.0022246649
-0.0020286906
-0.0016187082
-0.0010430292
-0.0005251637
-0.0000437115
0.0004415491
0.0009140978
0.0013365213
0.0016965560
0.0020575465
0.0024160532
0.0027653222
0.0031191950
0.0034798218
0.0038153873
0.0040394761
0.0040550064
0.0038480314
0.0036459778
0.0034966959
0.0033424953
0.0031486599
0.0028989216
0.0026244642
0.0024061652
0.0021997691
0.0019838119
0.0017594102
0.0015324402
0.0013382439
0.0012314292
0.0012470093
0.0013542083
0.0015045653
0.0016358530
0.0017714625
0.0019231145
0.0020516214
0.0020843434
0.0019750694
0.0018111237
0.0016889243
0.0015917815
0.0014815528
0.0013151608
0.0010522153
0.0007282069
0.0005146160
0.0004383905
0.0003396945
0.0002069050
0.0000637778
-0.0000694984
-0.0001546186
-0.0001474912
-0.0000544452
0.0000107222
0.0000439866
0.0000728884
0.0001293544
0.0002677340
0.0005142879
0.0007869452
0.0009838984
0.0011292418
0.0011236043
0.0010333404
0.0009818713
0.0009421500
0.0008889309
0.0008326127
0.0008099521
0.0008577923
0.0009577470
0.0010526241
0.0011572238
0.0012635103
0.0012966167
0.0011484080
0.0008077136
0.0005122017
0.0003093545
0.0001015446
-0.0001315182
-0.0003787598
-0.0006079550
-0.0007675476
-0.0008154172
-0.0007908108
-0.0007895031
-0.0008039061
-0.0008140786
-0.0008155356
-0.0008000541
-0.0007588958
-0.0006898060
-0.0006013575
-0.0005107020
-0.0004288589
-0.0003524029
-0.0002786835
-0.0002018561
-0.0001108038
0.0000006009
0.0001144625
0.0002126516
0.0002403275
0.0001623190
0.0000586821
-0.0000192370
-0.0000879544
-0.0001566519
-0.0002221845
-0.0002812023
-0.0003454639
-0.0004373314
-0.0005212224
-0.0005951933
-0.0006686553
-0.0007400789
-0.0008002329
-0.0008311699
-0.0008236034
-0.0007865327
-0.0007564391
-0.0007271486
-0.0006928993
-0.0006660521
-0.0006680769
-0.0007089129
-0.0007489521
-0.0007169636
-0.0006277708
-0.0005587416
-0.0005062100
-0.0004542675
-0.0003995543
-0.0003436002
-0.0002928520
-0.0002525961
-0.0002242826
-0.0001999627
-0.0001741430
-0.0001470848
-0.0001208064
-0.0001001916
-0.0000937364
-0.0001059798
-0.0001248248
-0.0001379752
-0.0001495495
-0.0001634786
-0.0001779455
-0.0001846200
-0.0001718296
-0.0001339794
-0.0000719740
-0.0000197706
0.0000248511
0.0000708747
0.0001182274
0.0001623031
0.0001912626
0.0001984942
0.0002078180
0.0002212626
0.0002332292
0.0002402809
0.0002363788
0.0002207156
0.0002028461
0.0001892042
0.0001771058
0.0001666510
0.0001586656
0.0001505877
0.0001323335
0.0000912382
0.0000297597
-0.0000162345
-0.0000412388
-0.0000474211
-0.0000366243
-0.0000233850
-0.0000144915
-0.0000053947
0.0000050309
0.0000126160
0.0000113057
0.0000003994
-0.0000087723
-0.0000153931
-0.0000218293
-0.0000282793
-0.0000342492
-0.0000385001
-0.0000406872
-0.0000413197
-0.0000409860
-0.0000409123
-0.0000410975
-0.0000406588
-0.0000384278
-0.0000331047
-0.0000259592
-0.0000217113
-0.0000181082
-0.0000140725
-0.0000099462
-0.0000057546
-0.0000020929
0.0000004877
0.0000013026
0.0000004710
-0.0000001816
-0.0000004653
-0.0000010111
-0.0000012428
0.0000004332
0.0000060759
0.0000149558
0.0000221337
0.0000278035
0.0000332248
0.0000387589
0.0000447443
0.0000506163
0.0000549176
0.0000565779
0.0000574774
0.0000587477
0.0000601956
0.0000613589
0.0000617252
0.0000605901
0.0000580973
0.0000559352
0.0000544012
0.0000530511
0.0000518487
0.0000508925
0.0000505074
0.0000507439
0.0000512994
0.0000521111
0.0000529424
0.0000537612
0.0000546395
0.0000554886
0.0000563360
0.0000572668
0.0000585187
0.0000597355
0.0000609160
0.0000621144
0.0000634082
0.0000648196
0.0000663247
0.0000677252
0.0000689765
0.0000702287
0.0000715786
0.0000729722
0.0000744270
0.0000759849
0.0000777295
0.0000796047
0.0000814003
0.0000830917
0.0000846749
0.0000861456
0.0000877082
0.0000894349
0.0000912851
0.0000932149
0.0000952202
0.0000972736
0.0000993770
0.0001015605
0.0001038314
0.0001061642
0.0001085762
0.0001110902
0.0001137242
0.0001164034
0.0001190250
0.0001216155
0.0001242151
0.0001268170
0.0001294210
0.0001320188
0.0001346132
0.0001372034
0.0001398008
0.0001424074
0.0001450244
0.0001476479
0.0001502794
0.0001529166
0.0001555623
0.0001582161
0.0001608792
0.0001635490
0.0001662261
0.0001689090
0.0001715981
0.0001742923
0.0001769918
0.0001796959
0.0001824047
0.0001851179
0.0001878356
0.0001905575
0.0001932836
0.0001960135
0.0001987472
0.0000000000
0.0000000000
0.0000000000
0.0000000000
0.0000000000
0.0000000000
0.0000000000
0.0000000000
0.0000000000
0.0000000000
0.0000000000
0.0000000000
0.0000000000
0.0000000000
0.0000000000
0.0000000000
0.0000000000
0.0000000000
0.0000000000
0.0000000000
0.0000000000
0.0000000000
0.0000000000
0.0000000000
0.0000000000
0.0000000000
0.0000000000
0.0000000000
0.0000000000
0.0000000000
0.0000000000
0.0000000000
0.0000000000
0.0000000000
0.0000000000
0.0000000000
0.0000000000
0.0000000000
0.0000000000
0.0000000000
0.0000000000
0.0000000000
0.0000000000
0.0000000000
0.0000000000
0.0000000000
0.0000000000
0.0000000000
0.0000000000
0.0000000000
0.0000000000
0.0000000000
0.0000000000
0.0000000000
0.0000000000
0.0000000000
0.0000000000
0.0000000000
0.0000000000
0.0000000000
0.0000000000
0.0000000000
0.0000000000
0.0000000000
0.0000000000
0.0000000000
0.0000000000
0.0000000000
0.0000000000
0.0000000000
0.0000000000
0.0000000000
0.0000000000
0.0000000000
0.0000000000
0.0000000000
0.0000000000
0.0000000000
0.0000000000
0.0000000000
0.0000000000
0.0000000000
0.0000000000
0.0000000000
0.0000000000
0.0000000000
0.0000000000
0.0000000000
0.0000000000
0.0000000000
0.0000000000
0.0000000000
0.0000000000
0.0000000000
0.0000000000
0.0000000000
0.0000000000
0.0000000000
0.0000000000
0.0000000000
0.0000000000
0.0000000000
0.0000000000
0.0000000000
0.0000000000
0.0000000000
0.0000000000
0.0000000000
0.0000000000
0.0000000000
0.0000000000
0.0000000000
0.0000000000
0.0000000000
0.0000000000
0.0000000000
0.0000000000
0.0000000000
0.0000000000
0.0000000000
0.0000000000
0.0000000000
0.0000000000
0.0000000000
0.0000000000
0.0000000000
0.0000000000
0.0000000000
0.0000000000
0.0000000000
0.0000000000
0.0000000000
0.0000000000
0.0000000000
0.0000000000
0.0000000000
0.0000000000
0.0000000000
0.0000000000
0.0000000000
0.0000000000
0.0000000000
0.0000000000
0.0000000000
0.0000000000
0.0000000000
0.0000000000
0.0000000000
0.0000000000
0.0000000000
0.0000000000
0.0000000000
0.0000000000
0.0000000000
0.0000000000
0.0000000000
0.0000000000
0.0000000000
0.0000000000
0.0000000000
0.0000000000
0.0000000000
0.0000000000
0.0000000000
0.0000000000
0.0000000000
0.0000000000
0.0000000000
0.0000000000
0.0000000000
0.0000000000
0.0000000000
0.0000000000
0.0000000000
0.0000000000
0.0000000000
0.0000000000
0.0000000000
0.0000000000
0.0000000000
0.0000000000
0.0000000000
0.0000000000
0.0000000000
0.0000000000
0.0000000000
0.0000000000
0.0000000000
0.0000000000
0.0000000000
0.0000000000
0.0000000000
0.0000000000
0.0000000000
0.0000000000
0.0000000000
0.0000000000
0.0000000000
0.0000000000
0.0000000000
0.0000000000
0.0000000000
0.0000000000
0.0000000000
0.0000000000
0.0000000000
0.0000000000
0.0000000000
0.0000000000
0.0000000000
0.0000000000
0.0000000000
0.0000000000
0.0000000000
0.0000000000
0.0000000000
0.0000000000
0.0000000000
0.0000000000
0.0000000000
0.0000000000
0.0000000000
0.0000000000
0.0000000000
0.0000000000
0.0000000000
0.0000000000
0.0000000000
0.0000000000
0.0000000000
0.0000000000
0.0000000000
0.0000000000
0.0000000000
0.0000000000
0.0000000000
0.0000000000
0.0000000000
0.0000000000
0.0000000000
0.0000000000
0.0000000000
0.0000000000
0.0000000000
0.0000000000
0.0000000000
0.0000000000
0.0000000000
0.0000000000
