-0.0098960482
-0.0139054975
-0.0174620520
-0.0197659894
-0.0199004653
-0.0173466638
-0.0122093636
-0.0051291413
0.0029542027
0.0110615251
0.0184056474
0.0245276171
0.0292385843
0.0323875052
0.0336688344
0.0327211563
0.0294754423
0.0243515272
0.0179714236
0.0106233416
0.0021172852
-0.0076981939
-0.0182563087
-0.0281719372
-0.0358544186
-0.0402533137
-0.0410821367
-0.0384183559
-0.0321580739
-0.0219432658
-0.0077747219
0.0091533198
0.0262141266
0.0401496434
0.0484826411
0.0505407782
0.0473711403
0.0407257888
0.0319667706
0.0216542696
0.0099368476
-0.0027751866
-0.0154879387
-0.0268606928
-0.0356987804
-0.0413246499
-0.0436791057
-0.0431746695
-0.0403290488
-0.0353315293
-0.0278857922
-0.0175521005
-0.0043390138
0.0109996203
0.0271609901
0.0426200084
0.0556750281
0.0643622045
0.0667382299
0.0616611767
0.0495133769
0.0322072093
0.0124785049
-0.0069370874
-0.0238075041
-0.0366702164
-0.0450084242
-0.0491904869
-0.0499517498
-0.0476169974
-0.0417305406
-0.0316335837
-0.0176382651
-0.0016655481
0.0134439920
0.0254929810
0.0340010362
0.0398326265
0.0437764577
0.0454856072
0.0437925425
0.0380295542
0.0289996613
0.0186049647
0.0084473155
-0.0012875794
-0.0115725070
-0.0230963807
-0.0349495953
-0.0446730680
-0.0496773700
-0.0488269870
-0.0428780286
-0.0335632695
-0.0223391248
-0.0099225057
0.0032328878
0.0162789368
0.0278657099
0.0366253627
0.0417020938
0.0428876814
0.0404577747
0.0350505281
0.0276420475
0.0194020348
0.0113259584
0.0038075933
-0.0035312129
-0.0115110380
-0.0206240075
-0.0302777982
-0.0386241431
-0.0432435367
-0.0423888057
-0.0360108525
-0.0257609572
-0.0138319222
-0.0015303409
0.0111186082
0.0242972196
0.0369309743
0.0464594682
0.0503145392
0.0478166273
0.0407072315
0.0318170530
0.0230889635
0.0146035294
0.0051610741
-0.0063358921
-0.0198227314
-0.0338780697
-0.0462597436
-0.0547769401
-0.0581140666
-0.0562047473
-0.0499294224
-0.0403808271
-0.0283109695
-0.0141794320
0.0013985922
0.0173636296
0.0323935488
0.0453184596
0.0553415191
0.0619305359
0.0646611378
0.0632965710
0.0579826125
0.0491482477
0.0370431133
0.0214816372
0.0023751245
-0.0192329737
-0.0407052991
-0.0586124213
-0.0702733191
-0.0747516342
-0.0725658890
-0.0646085448
-0.0515027414
-0.0340300798
-0.0139126589
0.0062756981
0.0242889214
0.0393341582
0.0519337918
0.0626249682
0.0708478825
0.0751005270
0.0740381711
0.0673210441
0.0555362231
0.0395967158
0.0204251260
-0.0007893316
-0.0222343367
-0.0415955437
-0.0566438875
-0.0657791370
-0.0682562087
-0.0642668513
-0.0550126329
-0.0424997512
-0.0287927563
-0.0150991654
-0.0015393675
0.0120439401
0.0250099628
0.0357183607
0.0424476886
0.0445060530
0.0424790720
0.0375245212
0.0305774609
0.0221968149
0.0128513829
0.0030181886
-0.0070088628
-0.0171312617
-0.0270185002
-0.0356448517
-0.0414977843
-0.0435623913
-0.0421935144
-0.0388380959
-0.0347276286
-0.0298653808
-0.0233974738
-0.0149366026
-0.0053226290
0.0040153110
0.0122975270
0.0198058320
0.0271012167
0.0339927191
0.0393512471
0.0418987776
0.0411713042
0.0377503717
0.0325741099
0.0260407648
0.0178538187
0.0077630770
-0.0037002551
-0.0153964220
-0.0264249912
-0.0365863916
-0.0459534026
-0.0540874715
-0.0596600754
-0.0607066781
-0.0553477996
-0.0427292393
-0.0238167685
-0.0015117618
0.0202703593
0.0382076903
0.0508463424
0.0586090206
0.0625864896
0.0631731498
0.0597108213
0.0513149051
0.0379291520
0.0205647930
0.0006986178
-0.0202546439
-0.0407711066
-0.0588163234
-0.0721000166
-0.0790094035
-0.0793892345
-0.0745178265
-0.0663613449
-0.0565484016
-0.0455288790
-0.0323960970
-0.0156898326
0.0051117871
0.0284100550
0.0505759223
0.0674278310
0.0761982639
0.0766981343
0.0709001250
0.0613777599
0.0499073887
0.0371753631
0.0233859264
0.0088784456
-0.0058286150
-0.0203703068
-0.0346031560
-0.0481766601
-0.0601207284
-0.0690473015
-0.0738045339
-0.0739396066
-0.0696796206
-0.0616921907
-0.0509418946
-0.0386439887
-0.0260488546
-0.0138621783
-0.0016187420
0.0122781741
0.0294800555
0.0501759237
0.0722839405
0.0920650011
0.1057919836
0.1113650233
0.1088561513
0.0998025195
0.0859540199
0.0684283485
0.0477146810
0.0242171365
-0.0012722657
-0.0274796836
-0.0527888354
-0.0754791076
-0.0940189468
-0.1072566685
-0.1143204432
-0.1144314644
-0.1070651284
-0.0925090293
-0.0722573883
-0.0486055318
-0.0235278953
0.0022888330
0.0293234890
0.0578753614
0.0864938371
0.1118226544
0.1303915277
0.1406751083
0.1431270487
0.1382673111
0.1252573630
0.1026089322
0.0701275137
0.0301482102
-0.0128450645
-0.0537401038
-0.0883431272
-0.1141610159
-0.1303370591
-0.1371772756
-0.1356536700
-0.1270660054
-0.1128460013
-0.0943692321
-0.0727229102
-0.0486293749
-0.0226171895
0.0048120126
0.0330788398
0.0612630348
0.0877558608
0.1102225085
0.1259516248
0.1325580526
0.1289921105
0.1161990895
0.0964801232
0.0718096751
0.0427159490
0.0089218329
-0.0287855570
-0.0672655998
-0.1015664502
-0.1268568459
-0.1402163404
-0.1412284147
-0.1314198952
-0.1132430065
-0.0892093488
-0.0614172236
-0.0314562623
-0.0006165954
0.0296385450
0.0571899946
0.0793062433
0.0935922728
0.0992943036
0.0977612251
0.0914806807
0.0824795851
0.0713504905
0.0574004803
0.0395855379
0.0176031021
-0.0074684804
-0.0333845840
-0.0576463090
-0.0784020074
-0.0945797746
-0.1052330882
-0.1089433011
-0.1041870065
-0.0905564382
-0.0696612907
-0.0446814230
-0.0188447308
0.0058450010
0.0286668911
0.0492801849
0.0668975624
0.0802200847
0.0879500248
0.0892533689
0.0838813326
0.0721046961
0.0546955876
0.0330286719
0.0091108523
-0.0147873207
-0.0368758236
-0.0563070914
-0.0727633970
-0.0854910840
-0.0928445370
-0.0929807844
-0.0852096186
-0.0707686141
-0.0522306031
-0.0319879234
-0.0110640733
0.0108369344
0.0342073349
0.0585001875
0.0817730655
0.1013832462
0.1150270196
0.1212583244
0.1193338296
0.1089109988
0.0900781943
0.0637013154
0.0317575259
-0.0026094258
-0.0354619698
-0.0629215616
-0.0823422957
-0.0931705530
-0.0967788007
-0.0952642889
-0.0901186242
-0.0817316694
-0.0699306783
-0.0548317876
-0.0370363308
-0.0170379736
0.0052327690
0.0298144360
0.0553831995
0.0785042947
0.0945221137
0.0997665228
0.0935214446
0.0782232461
0.0578213475
0.0358030381
0.0144017776
-0.0049333005
-0.0209206672
-0.0325382269
-0.0395957023
-0.0429518786
-0.0439700629
-0.0435556561
-0.0414660694
-0.0364156727
-0.0270068581
-0.0129380969
0.0043222895
0.0219135875
0.0368479357
0.0473480266
0.0533563511
0.0558823594
0.0557333332
0.0527050201
0.0459593895
0.0352042717
0.0214627674
0.0066445397
-0.0076455593
-0.0208823876
-0.0332662119
-0.0446630932
-0.0540115660
-0.0599232015
-0.0619492542
-0.0611702582
-0.0593543123
-0.0573296995
-0.0540197220
-0.0470270502
-0.0343414887
-0.0158992194
0.0060772609
0.0280808656
0.0469101179
0.0608173110
0.0696386507
0.0740677073
0.0747497681
0.0718233444
0.0650868077
0.0544909372
0.0404998529
0.0240518361
0.0062090854
-0.0120835553
-0.0298132709
-0.0455546545
-0.0576092325
-0.0647168379
-0.0666139372
-0.0637563240
-0.0564868284
-0.0446324107
-0.0280835464
-0.0077996969
0.0138502616
0.0338573716
0.0498369868
0.0607354849
0.0665146907
0.0673248711
0.0630998682
0.0538877754
0.0403249092
0.0236167029
0.0051506388
-0.0137089463
-0.0315047252
-0.0465804359
-0.0572690357
-0.0622985733
-0.0611747388
-0.0543300321
-0.0429358222
-0.0284364273
-0.0121065553
0.0050010633
0.0217008473
0.0363713116
0.0471924453
0.0528131048
0.0528414853
0.0477685054
0.0385626173
0.0264028248
0.0126616142
-0.0011680791
-0.0138485943
-0.0247969573
-0.0339619325
-0.0410868162
-0.0450140037
-0.0438193695
-0.0358870145
-0.0211682105
-0.0016648376
0.0191683502
0.0376130256
0.0507716399
0.0571922397
0.0569776807
0.0514345561
0.0424115499
0.0315755628
0.0198502499
0.0071834986
-0.0071709680
-0.0238085745
-0.0421475997
-0.0599643608
-0.0739265151
-0.0808359400
-0.0788531686
-0.0680868634
-0.0502998564
-0.0279545553
-0.0032759682
0.0219987670
0.0461799826
0.0672286274
0.0830344451
0.0921898811
0.0944335430
0.0902380099
0.0799024994
0.0630740832
0.0393370663
0.0095523559
-0.0232289715
-0.0543191952
-0.0791916413
-0.0952281975
-0.1022670587
-0.1018373724
-0.0958322782
-0.0855836049
-0.0717689042
-0.0547821690
-0.0349628004
-0.0125513792
0.0122901382
0.0391281626
0.0666952139
0.0925605424
0.1133811200
0.1257305295
0.1271343043
0.1168419140
0.0959824221
0.0670820074
0.0333529070
-0.0017717524
-0.0348295370
-0.0626858878
-0.0832282302
-0.0959816643
-0.1020427428
-0.1032000351
-0.1007168345
-0.0945834595
-0.0837946281
-0.0674598207
-0.0458960069
-0.0208627600
0.0052224512
0.0304464046
0.0539142518
0.0751050266
0.0926317779
0.1037146926
0.1051991756
0.0955516937
0.0761740893
0.0508929391
0.0241409467
-0.0007152255
-0.0219793572
-0.0392363420
-0.0525129495
-0.0615830356
-0.0658166303
-0.0646200826
-0.0580823516
-0.0472423859
-0.0336747739
-0.0187315024
-0.0031183266
0.0128481905
0.0285729872
0.0427504489
0.0536487860
0.0599954601
0.0617136182
0.0597473768
0.0550342309
0.0476244430
0.0368784002
0.0225288935
0.0054983201
-0.0122650826
-0.0285800350
-0.0417073417
-0.0506215149
-0.0550676035
-0.0555246758
-0.0530008936
-0.0486334576
-0.0433105473
-0.0375601010
-0.0316773575
-0.0258228240
-0.0199333075
-0.0136008995
-0.0062214057
0.0024795328
0.0118669407
0.0203435746
0.0261077660
0.0282506751
0.0272984689
0.0247518763
0.0220603023
0.0198605753
0.0179376909
0.0157338527
0.0129201744
0.0096370996
0.0062654268
0.0029055068
-0.0009542447
-0.0061169898
-0.0128388219
-0.0202581867
-0.0268009668
-0.0313494470
-0.0341116596
-0.0362481367
-0.0384555083
-0.0398113127
-0.0381007234
-0.0315054735
-0.0202048170
-0.0064602577
0.0068393062
0.0178035750
0.0260030820
0.0316943517
0.0347940898
0.0345153526
0.0298384022
0.0203712068
0.0069325025
-0.0086052395
-0.0241184583
-0.0380863247
-0.0499332305
-0.0597240358
-0.0675235821
-0.0728963951
-0.0748970228
-0.0725627820
-0.0655692386
-0.0545516768
-0.0408195032
-0.0256951212
-0.0100092766
0.0059051353
0.0218233212
0.0371610213
0.0507313615
0.0608954143
0.0661002934
0.0655569239
0.0596590903
0.0498024963
0.0376638661
0.0244691510
0.0107466965
-0.0034371934
-0.0180809008
-0.0328653134
-0.0468808848
-0.0586718726
-0.0667455334
-0.0702374645
-0.0691902745
-0.0642806816
-0.0564002375
-0.0465259294
-0.0358135529
-0.0255036095
-0.0164942820
-0.0089523126
-0.0024457954
0.0033571833
0.0080031690
0.0102838742
0.0090769235
0.0043081144
-0.0027913870
-0.0103770582
-0.0171066419
-0.0228056604
-0.0281861180
-0.0339384873
-0.0399843903
-0.0454031275
-0.0489185322
-0.0494911442
-0.0466726347
-0.0406488412
-0.0320492787
-0.0216830006
-0.0104147505
0.0007236687
0.0104611293
0.0176411448
0.0219350245
0.0242617724
0.0263333513
0.0294526791
0.0334091849
0.0363522239
0.0358722369
0.0306435431
0.0214931182
0.0110516544
0.0021992117
-0.0034603109
-0.0059437569
-0.0060715365
-0.0045416323
-0.0017895471
0.0015292733
0.0043289688
0.0056429186
0.0054081456
0.0045492380
0.0041046794
0.0041494620
0.0035278595
0.0006751237
-0.0051582654
-0.0132710375
-0.0218938652
-0.0291706264
-0.0339115371
-0.0356611260
-0.0343499101
-0.0301356493
-0.0236586863
-0.0162882675
-0.0097525636
-0.0050798031
-0.0016247534
0.0027283028
0.0098830420
0.0195126203
0.0284889919
0.0325080940
0.0287741517
0.0176246053
0.0018310919
-0.0156813355
-0.0335639326
-0.0516929363
-0.0693151734
-0.0838449002
-0.0918168800
-0.0912521398
-0.0831957006
-0.0709942562
-0.0580579592
-0.0461404621
-0.0354121808
-0.0257518443
-0.0176883857
-0.0120712217
-0.0089942582
-0.0072178773
-0.0047996137
-0.0004712210
0.0053854564
0.0109875425
0.0143900977
0.0147040548
0.0124379897
0.0090006987
0.0060016651
0.0047836520
0.0061090469
0.0098937179
0.0152193185
0.0208838938
0.0262218375
0.0315193985
0.0375972249
0.0448252486
0.0523249049
0.0580575139
0.0598441036
0.0566133567
0.0489258357
0.0384045446
0.0266265061
0.0144650275
0.0024112538
-0.0085471987
-0.0165244245
-0.0195574172
-0.0172576479
-0.0118398864
-0.0072575229
-0.0067208185
-0.0104283250
-0.0153223447
-0.0170431268
-0.0125554430
-0.0016744563
0.0132042448
0.0286050148
0.0415949469
0.0506702430
0.0557427113
0.0575981682
0.0573313951
0.0560430371
0.0547744771
0.0544237182
0.0554805325
0.0577761622
0.0606029793
0.0631881358
0.0650777232
0.0660668923
0.0658557719
0.0639512459
0.0600498529
0.0545202366
0.0483656994
0.0425612675
0.0373723879
0.0323268982
0.0268219585
0.0207437626
0.0145747889
0.0090951928
0.0051926716
0.0039937775
0.0068664884
0.0148188746
0.0275466943
0.0429448877
0.0576381719
0.0683263454
0.0731524829
0.0723022325
0.0675447444
0.0610346550
0.0540762463
0.0465718441
0.0374446939
0.0256643156
0.0110157241
-0.0059973189
-0.0249061314
-0.0457686830
-0.0687804337
-0.0933538139
-0.1176081690
-0.1387487190
-0.1540152783
-0.1615251274
-0.1606451039
-0.1519228308
-0.1367640720
-0.1170437794
-0.0948227615
-0.0721841161
-0.0509086829
-0.0318163899
-0.0141586203
0.0041636684
0.0252753813
0.0495498945
0.0745847992
0.0957364134
0.1080281336
0.1083350524
0.0966868197
0.0762107585
0.0520094890
0.0295440917
0.0130109712
0.0041507380
0.0019134978
0.0032029291
0.0043995327
0.0029211606
-0.0018896926
-0.0088060885
-0.0154805215
-0.0194908897
-0.0192325095
-0.0143641990
-0.0057264252
0.0051385013
0.0165728779
0.0271861499
0.0358880565
0.0416943545
0.0436115362
0.0408338450
0.0331523962
0.0211964300
0.0062182958
-0.0104391051
-0.0277611206
-0.0450504077
-0.0616093226
-0.0764877338
-0.0885324412
-0.0965907655
-0.0996523756
-0.0970290721
-0.0888044527
-0.0762991208
-0.0618866010
-0.0479754199
-0.0358545038
-0.0253584483
-0.0155686754
-0.0058109520
0.0039885153
0.0137417980
0.0237073197
0.0342285729
0.0446911516
0.0526481643
0.0542431476
0.0460692740
0.0272382598
0.0000644855
-0.0310586698
-0.0614678937
-0.0873270933
-0.1056968767
-0.1143289687
-0.1118922795
-0.0985692552
-0.0763961981
-0.0488527530
-0.0198267669
0.0074331279
0.0308198983
0.0492967812
0.0625722804
0.0708100292
0.0744183905
0.0739114439
0.0698639519
0.0629947485
0.0542542876
0.0447161598
0.0351857050
0.0257058823
0.0153600654
0.0026890608
-0.0133481556
-0.0323874483
-0.0522500603
-0.0694099299
-0.0801428718
-0.0817742307
-0.0733578154
-0.0555037125
-0.0297379905
0.0019536378
0.0371054728
0.0725629714
0.1045264171
0.1290924274
0.1432340914
0.1459486179
0.1390024007
0.1265974805
0.1137009218
0.1037615829
0.0972398420
0.0919031677
0.0844932947
0.0724196290
0.0545271233
0.0309968408
0.0029388975
-0.0280509032
-0.0603028052
-0.0922666960
-0.1222554316
-0.1479814815
-0.1665136951
-0.1750611950
-0.1722278795
-0.1589222852
-0.1382065905
-0.1139460780
-0.0889625917
-0.0639619123
-0.0380587210
-0.0103785739
0.0185959276
0.0468320809
0.0715552925
0.0903888170
0.1021795300
0.1071662032
0.1064782882
0.1013477232
0.0925390297
0.0802474326
0.0643756559
0.0450289139
0.0230774730
0.0004515413
-0.0202228342
-0.0366548894
-0.0479397074
-0.0547534759
-0.0583831605
-0.0592824421
-0.0563560469
-0.0476864899
-0.0322377591
-0.0111450657
0.0125452124
0.0355246419
0.0559139985
0.0736801559
0.0895828424
0.1036995361
0.1148192810
0.1211595230
0.1217230601
0.1171333921
0.1091962249
0.0994996740
0.0883038530
0.0747218896
0.0578457778
0.0376280968
0.0150090696
-0.0082883401
-0.0298901427
-0.0470087961
-0.0570503371
-0.0585142452
-0.0517278531
-0.0389067169
-0.0233806406
-0.0084754659
0.0032762050
0.0104275956
0.0126660948
0.0106758020
0.0056526273
-0.0014182871
-0.0102338578
-0.0210078739
-0.0337760950
-0.0477335697
-0.0611804888
-0.0722300592
-0.0797813423
-0.0839623630
-0.0856599746
-0.0855878960
-0.0836891010
-0.0792356709
-0.0713479328
-0.0594534831
-0.0434899717
-0.0240128555
-0.0024393729
0.0186994748
0.0359692763
0.0459678866
0.0465608177
0.0376435185
0.0209917701
-0.0006176342
-0.0244629368
-0.0485563301
-0.0716608858
-0.0928048649
-0.1107487227
-0.1238219491
-0.1302626028
-0.1289408626
-0.1200555625
-0.1052220997
-0.0866989896
-0.0662149617
-0.0442807708
-0.0205153734
0.0052410028
0.0319452295
0.0573898045
0.0793413969
0.0967888418
0.1101842383
0.1204851541
0.1278928864
0.1313183468
0.1289265587
0.1193044639
0.1025355180
0.0806086401
0.0568588065
0.0345979649
0.0157205908
0.0003060397
-0.0124910090
-0.0230524459
-0.0306253175
-0.0339275651
-0.0324677967
-0.0273098742
-0.0204220852
-0.0130549250
-0.0046400775
0.0066372599
0.0219437490
0.0401352637
0.0576895808
0.0702745411
0.0747668949
0.0703694775
0.0583256227
0.0407690226
0.0196807531
-0.0034112683
-0.0271013399
-0.0497622748
-0.0697090336
-0.0857269852
-0.0973592941
-0.1045891270
-0.1072718249
-0.1048934882
-0.0967526557
-0.0822611043
-0.0612377235
-0.0343136292
-0.0032888257
0.0289789916
0.0592734998
0.0848220672
0.1036624027
0.1145144462
0.1165678658
0.1095083538
0.0937491613
0.0705877119
0.0420797176
0.0106636295
-0.0212604378
-0.0516262762
-0.0788271658
-0.1015360425
-0.1181415826
-0.1262305988
-0.1230012254
-0.1068694203
-0.0791646533
-0.0442629904
-0.0077026992
0.0263419337
0.0563338426
0.0826241590
0.1056119056
0.1244804984
0.1375229382
0.1435653553
0.1429688529
0.1370413409
0.1263239059
0.1095174477
0.0844212066
0.0503866746
0.0101694144
-0.0306032837
-0.0660705962
-0.0927353630
-0.1101328957
-0.1195812592
-0.1225897269
-0.1201716991
-0.1129641272
-0.1014509767
-0.0860188991
-0.0670390672
-0.0450860065
-0.0211276575
0.0035675335
0.0278091572
0.0508649754
0.0724829357
0.0924987418
0.1103143946
0.1246799956
0.1339371980
0.1365314199
0.1315000351
0.1187799548
0.0992278992
0.0742826547
0.0454769869
0.0142160349
-0.0179634380
-0.0489105750
-0.0756450522
-0.0948518430
-0.1041305486
-0.1033767029
-0.0951220074
-0.0831917788
-0.0704669242
-0.0574968566
-0.0430497800
-0.0259833502
-0.0067301881
0.0127890423
0.0304556880
0.0451065435
0.0566212570
0.0651879583
0.0706585969
0.0725988544
0.0707935275
0.0655180665
0.0572732795
0.0464052933
0.0331502174
0.0179927848
0.0017745213
-0.0146027432
-0.0303552478
-0.0445074076
-0.0555235106
-0.0616315648
-0.0618302568
-0.0566750625
-0.0479946876
-0.0377076210
-0.0268171558
-0.0154807584
-0.0039346312
0.0068198756
0.0153543249
0.0208850779
0.0240557862
0.0266864690
0.0306473796
0.0367216916
0.0442602432
0.0517896442
0.0580251359
0.0624734223
0.0652082964
0.0661960066
0.0649215736
0.0606276465
0.0528385582
0.0417477053
0.0283841185
0.0145973721
0.0027311721
-0.0051715074
-0.0083646691
-0.0079244566
-0.0062710782
-0.0058968476
-0.0081065163
-0.0125628602
-0.0178375445
-0.0224861143
-0.0258305254
-0.0279217225
-0.0288702059
-0.0283112632
-0.0256224174
-0.0207520419
-0.0148502959
-0.0099981271
-0.0081212920
-0.0098867080
-0.0143511455
-0.0195247171
-0.0234223683
-0.0249982828
-0.0245124133
-0.0231902941
-0.0224069690
-0.0229604555
-0.0249519608
-0.0282168667
-0.0326758384
-0.0381237328
-0.0436996427
-0.0477340718
-0.0483154367
-0.0441935926
-0.0353737685
-0.0231131665
-0.0094695968
0.0033325616
0.0134723820
0.0197949572
0.0216697481
0.0187166964
0.0108268080
-0.0014789158
-0.0168270900
-0.0333155936
-0.0491593119
-0.0630738559
-0.0741737932
-0.0817267909
-0.0851078238
-0.0838837103
-0.0778034399
-0.0667376047
-0.0508087827
-0.0307455747
-0.0081741928
0.0145125526
0.0347982578
0.0509555070
0.0626816534
0.0709406591
0.0769768241
0.0811970812
0.0828230121
0.0805752579
0.0736782235
0.0622166714
0.0466518230
0.0272406659
0.0041064877
-0.0221108113
-0.0496547206
-0.0756103344
-0.0964384428
-0.1087828318
-0.1102119936
-0.0997968358
-0.0785617378
-0.0496116667
-0.0175023872
0.0132350030
0.0396590564
0.0609788602
0.0776805587
0.0900154843
0.0972093396
0.0980827321
0.0924468877
0.0819465410
0.0695176072
0.0578495575
0.0480728098
0.0395904449
0.0309902004
0.0212586948
0.0105290399
0.0000363118
-0.0085615055
-0.0141042464
-0.0166135730
-0.0172980683
-0.0177175809
-0.0185913807
-0.0192154395
-0.0180901652
-0.0142778828
-0.0083068737
-0.0018716497
0.0033124252
0.0064576849
0.0077585044
0.0078422374
0.0074423809
0.0075680765
0.0095751570
0.0145961690
0.0226626021
0.0323681996
0.0415005314
0.0482002095
0.0517216578
0.0522229396
0.0498782124
0.0441663867
0.0339981659
0.0186716343
-0.0010394232
-0.0225771858
-0.0425296473
-0.0582610466
-0.0690812047
-0.0761322385
-0.0812546000
-0.0857529217
-0.0897453957
-0.0921610269
-0.0911925938
-0.0850705010
-0.0730148241
-0.0559361933
-0.0362940230
-0.0170365905
-0.0003683614
0.0127344316
0.0219994017
0.0268740968
0.0260219613
0.0178696004
0.0018596704
-0.0206103572
-0.0463346356
-0.0713679867
-0.0922137525
-0.1065127692
-0.1132573105
-0.1127634932
-0.1063780659
-0.0958298152
-0.0824901757
-0.0670096257
-0.0494989403
-0.0300601700
-0.0093022152
0.0114633709
0.0305019247
0.0462460365
0.0577977507
0.0649553915
0.0677599475
0.0660200019
0.0593973283
0.0480425442
0.0331195445
0.0166573942
0.0008625165
-0.0125373310
-0.0225542711
-0.0289095086
-0.0319391290
-0.0323982000
-0.0310037275
-0.0278585768
-0.0222446999
-0.0131365332
-0.0001678244
0.0156659896
0.0321265389
0.0465871711
0.0570080789
0.0623750756
0.0624644515
0.0574141117
0.0476839133
0.0344371451
0.0197904576
0.0064158511
-0.0034496473
-0.0089865397
-0.0111323532
-0.0120568420
-0.0140637217
-0.0184932235
-0.0252083138
-0.0329213355
-0.0400625504
-0.0454835421
-0.0485165822
-0.0486337892
-0.0453557445
-0.0386451538
-0.0292905710
-0.0186822343
-0.0080710302
0.0019790098
0.0114711765
0.0204185708
0.0284439298
0.0348663484
0.0391619047
0.0413937635
0.0422405374
0.0425698404
0.0429267094
0.0433720164
0.0436945085
0.0436015234
0.0426140784
0.0398800000
0.0343194645
0.0251889325
0.0126976961
-0.0017793051
-0.0160351636
-0.0276592691
-0.0346469203
-0.0358575730
-0.0312670904
-0.0218895077
-0.0093507529
0.0046388972
0.0186122209
0.0314031388
0.0420810248
0.0498688438
0.0540927858
0.0542642056
0.0503493328
0.0430060441
0.0334694698
0.0230926011
0.0128970228
0.0034473606
-0.0049714134
-0.0121161228
-0.0176900719
-0.0213909635
-0.0229738974
-0.0222360986
-0.0189975840
-0.0132233135
-0.0053041826
0.0037195161
0.0122942020
0.0189021455
0.0226884344
0.0237128329
0.0226762524
0.0203690849
0.0172414304
0.0133155313
0.0083644067
0.0021615857
-0.0052887807
-0.0135453036
-0.0216806418
-0.0285848946
-0.0334859809
-0.0361409140
-0.0363582296
-0.0332887193
-0.0253562222
-0.0111665690
0.0092414529
0.0337852457
0.0588193736
0.0803442068
0.0951610353
0.1013376820
0.0979652693
0.0848311611
0.0626365818
0.0335918869
0.0014612206
-0.0295258755
-0.0563044391
-0.0778702800
-0.0948591371
-0.1083877212
-0.1191831173
-0.1273571993
-0.1323896261
-0.1329242711
-0.1267682751
-0.1117501874
-0.0872207610
-0.0549987836
-0.0188431867
0.0170904908
0.0495634596
0.0766162324
0.0972581245
0.1110094142
0.1175730249
0.1167366711
0.1085610735
0.0936336121
0.0730560119
0.0481865308
0.0204772643
-0.0084157313
-0.0364602801
-0.0613096694
-0.0807421498
-0.0933108168
-0.0988121379
-0.0981976372
-0.0929890636
-0.0847187758
-0.0748144105
-0.0646732819
-0.0553059772
-0.0464858784
-0.0362479378
-0.0217453979
-0.0013228637
0.0237763007
0.0496937106
0.0720944560
0.0884276909
0.0986980854
0.1045604244
0.1076730929
0.1084915431
0.1062052820
0.0997407568
0.0890369343
0.0756323681
0.0621201625
0.0508669742
0.0429339276
0.0379188740
0.0346725916
0.0322424197
0.0304504685
0.0299023057
0.0315178829
0.0358425397
0.0425424451
0.0504371647
0.0580581297
0.0642833434
0.0685121070
0.0702734233
0.0687653719
0.0629482844
0.0522496814
0.0372604573
0.0197947583
0.0022254372
-0.0134769289
-0.0264940290
-0.0373047616
-0.0471077964
-0.0567767720
-0.0659988302
-0.0732418778
-0.0766367600
-0.0750848685
-0.0687265618
-0.0584865562
-0.0451850446
-0.0290267629
-0.0099728347
0.0112573942
0.0324959782
0.0505714795
0.0627656772
0.0682255832
0.0682839641
0.0655024459
0.0621794622
0.0593158622
0.0565238860
0.0526201532
0.0463042090
0.0365595551
0.0228063330
0.0050095244
-0.0162027660
-0.0395093671
-0.0630072526
-0.0843335169
-0.1007557677
-0.1094147625
-0.1079568033
-0.0954622705
-0.0731879775
-0.0445321316
-0.0139732185
0.0145615175
0.0389325113
0.0588443724
0.0748278524
0.0870545323
0.0949204261
0.0975375722
0.0944636002
0.0859256488
0.0724408575
0.0543348822
0.0316892175
0.0048609757
-0.0248289565
-0.0548857731
-0.0821881448
-0.1038337657
-0.1177098122
-0.1226973379
-0.1187776813
-0.1070685386
-0.0895815541
-0.0686767254
-0.0465284776
-0.0249482854
-0.0055567900
0.0100818099
0.0207326795
0.0260489209
0.0268580688
0.0246974171
0.0207490201
0.0149625771
0.0061862985
-0.0066509774
-0.0232446680
-0.0416588409
-0.0593764218
-0.0746969761
-0.0872473512
-0.0972758387
-0.1044925044
-0.1074525660
-0.1039522705
-0.0921593881
-0.0716790641
-0.0438290318
-0.0110294975
0.0240725531
0.0590632415
0.0916307299
0.1192941386
0.1395285202
0.1504021617
0.1513014149
0.1432178929
0.1283106370
0.1088950845
0.0864989903
0.0617155696
0.0349079624
0.0069626526
-0.0207092437
-0.0468697164
-0.0709674671
-0.0927919440
-0.1114867488
-0.1248672730
-0.1298155813
-0.1236586380
-0.1056030012
-0.0772614345
-0.0420638033
-0.0041115093
0.0328146244
0.0658209310
0.0930726611
0.1136084673
0.1268431103
0.1321216405
0.1287873085
0.1167747518
0.0971124328
0.0717811715
0.0430899921
0.0131697448
-0.0161368921
-0.0431981052
-0.0664820000
-0.0844432214
-0.0955597456
-0.0987286825
-0.0938607036
-0.0821987165
-0.0660011890
-0.0477079363
-0.0291099815
-0.0110279914
0.0064042801
0.0231703349
0.0388891637
0.0526013876
0.0628317500
0.0679184844
0.0665141697
0.0580570687
0.0430520440
0.0231417649
0.0009289125
-0.0205652950
-0.0387067270
-0.0519459833
-0.0600533957
-0.0638899284
-0.0649393824
-0.0647691467
-0.0644380911
-0.0639719155
-0.0622236907
-0.0573818378
-0.0479907564
-0.0339452793
-0.0168902641
0.0001885653
0.0139446865
0.0217675264
0.0225673341
0.0169627216
0.0067972167
-0.0057039566
-0.0185670072
-0.0301774433
-0.0390860654
-0.0439439369
-0.0437484561
-0.0382520609
-0.0282324589
-0.0153429954
-0.0014775328
0.0120608774
0.0250239446
0.0379076203
0.0509962306
0.0634272862
0.0729832608
0.0768458532
0.0728802724
0.0606643631
0.0416483261
0.0184390959
-0.0061695696
-0.0297447920
-0.0502253812
-0.0658743481
-0.0755901762
-0.0794229483
-0.0786961001
-0.0753514521
-0.0707731894
-0.0648405716
-0.0559270521
-0.0419525831
-0.0217977257
0.0039078355
0.0330266257
0.0627541677
0.0903206128
0.1132318286
0.1292381192
0.1364390601
0.1336877791
0.1210556064
0.0999305918
0.0725975566
0.0416239337
0.0094776629
-0.0215660872
-0.0495739365
-0.0733163719
-0.0925453101
-0.1077493490
-0.1194001392
-0.1271981510
-0.1299657252
-0.1263858581
-0.1160243163
-0.0996768154
-0.0787073253
-0.0541344093
-0.0264473470
0.0037323129
0.0349592102
0.0649610846
0.0912644355
0.1117846685
0.1249545175
0.1295743090
0.1248792087
0.1109753121
0.0892751468
0.0624462922
0.0337630794
0.0062094406
-0.0181757046
-0.0384005187
-0.0541828437
-0.0655121555
-0.0723353684
-0.0743760660
-0.0711804821
-0.0625075338
-0.0488657308
-0.0316789205
-0.0127968290
0.0062887109
0.0248388650
0.0425331144
0.0587242383
0.0719413471
0.0800938311
0.0812814270
0.0747034934
0.0611061462
0.0424758418
0.0211380112
-0.0012030100
-0.0238611770
-0.0467511643
-0.0694835904
-0.0906938033
-0.1081256087
-0.1194295049
-0.1231193513
-0.1190810952
-0.1083329684
-0.0922341001
-0.0717359957
-0.0472931317
-0.0195416639
0.0098895025
0.0382520893
0.0624727971
0.0802405554
0.0905510103
0.0934257030
0.0892550929
0.0784135642
0.0614490901
0.0395908238
0.0149829720
-0.0097669623
-0.0325542549
-0.0525294796
-0.0699815472
-0.0853865611
-0.0984014919
-0.1075993945
-0.1110442741
-0.1070655073
-0.0946533783
-0.0735660371
-0.0445541464
-0.0097103244
0.0275215061
0.0629778206
0.0928897128
0.1148759284
0.1281893851
0.1330823722
0.1299397697
0.1189923351
0.1007163608
0.0763154330
0.0477719346
0.0174942122
-0.0121727323
-0.0393445498
-0.0627713609
-0.0817136047
-0.0956370437
-0.1039541650
-0.1060069215
-0.1013074638
-0.0898524858
-0.0722162384
-0.0493273121
-0.0222152016
0.0079463947
0.0395269676
0.0702541651
0.0974018269
0.1182199227
0.1303157453
0.1319158912
0.1221252753
0.1012421014
0.0709765989
0.0343822313
-0.0045320780
-0.0414601394
-0.0726415767
-0.0956524844
-0.1097402480
-0.1155671588
-0.1145979016
-0.1084664402
-0.0984929992
-0.0854661895
-0.0697219545
-0.0513536489
-0.0303343414
-0.0065179385
0.0202308198
0.0495582306
0.0799006807
0.1080435742
0.1295529004
0.1402468428
0.1380085141
0.1237532713
0.1008616736
0.0735604197
0.0454352782
0.0188648416
-0.0047714492
-0.0247313297
-0.0406963568
-0.0526245297
-0.0605503295
-0.0644231904
-0.0641266064
-0.0597155008
-0.0516930405
-0.0410448801
-0.0289410246
-0.0163387386
-0.0038088333
0.0083600369
0.0199895286
0.0309980817
0.0415342736
0.0520065713
0.0627491566
0.0734703334
0.0830394277
0.0899872269
0.0933637793
0.0931801395
0.0900563500
0.0844424257
0.0760844576
0.0641101522
0.0476658297
0.0267109846
0.0024666223
-0.0228356513
-0.0467696741
-0.0675582431
-0.0844024599
-0.0972260117
-0.1061415300
-0.1110059093
-0.1112172475
-0.1058168971
-0.0939193592
-0.0753149439
-0.0508814297
-0.0224789055
0.0076125238
0.0372886768
0.0647975272
0.0884854087
0.1065267890
0.1170481369
0.1186179699
0.1107387762
0.0940015831
0.0698814766
0.0403795578
0.0076770781
-0.0261377853
-0.0592749586
-0.0902994600
-0.1179547789
-0.1407849928
-0.1568483096
-0.1638282500
-0.1596552907
-0.1434116117
-0.1160282949
-0.0802909223
-0.0400356761
0.0010004313
0.0399957103
0.0751286518
0.1051147729
0.1286547839
0.1442011699
0.1502019066
0.1457434370
0.1311671608
0.1081620790
0.0792565774
0.0471471653
0.0142837939
-0.0173183306
-0.0462323767
-0.0716595312
-0.0930427649
-0.1093723244
-0.1188553583
-0.1194933516
-0.1102308445
-0.0917513376
-0.0663117832
-0.0368495839
-0.0061734098
0.0232381412
0.0491076756
0.0695379169
0.0835345996
0.0912211922
0.0932622782
0.0899263168
0.0806996169
0.0648953718
0.0427868339
0.0162924924
-0.0114025555
-0.0369775331
-0.0579123906
-0.0727037846
-0.0806720700
-0.0818957288
-0.0773080123
-0.0686261501
-0.0578560937
-0.0464929072
-0.0349652349
-0.0228584334
-0.0097771456
0.0039984712
0.0177064125
0.0308726618
0.0437441365
0.0568303786
0.0699099897
0.0814354074
0.0889476531
0.0902711269
0.0846405778
0.0730490494
0.0577199032
0.0411258442
0.0251383666
0.0107089473
-0.0018688392
-0.0124530041
-0.0207376527
-0.0263569954
-0.0292460583
-0.0298840706
-0.0291701528
-0.0280362393
-0.0271025335
-0.0266173649
-0.0266680349
-0.0274298567
-0.0291798150
-0.0320174501
-0.0355411246
-0.0388213479
-0.0407662660
-0.0406325669
-0.0383038771
-0.0341799395
-0.0288606289
-0.0228989012
-0.0167113987
-0.0105914656
-0.0048289926
0.0000854321
0.0033990161
0.0044368224
0.0032031404
0.0006962081
-0.0014792237
-0.0019977858
-0.0005446279
0.0021094768
0.0046578920
0.0059916267
0.0056477119
0.0037968957
0.0009540325
-0.0022577101
-0.0051337498
-0.0068337315
-0.0064731511
-0.0034338808
0.0022643647
0.0098068049
0.0178175663
0.0249014802
0.0301545002
0.0333081669
0.0344706220
0.0337670011
0.0312048446
0.0268171368
0.0208810899
0.0140050756
0.0070232643
0.0007444555
-0.0043124748
-0.0079830620
-0.0101930774
-0.0106045192
-0.0086534324
-0.0041357786
0.0021516431
0.0084100439
0.0126566694
0.0138204601
0.0123305492
0.0097844017
0.0078850848
0.0073012285
0.0072149995
0.0059178705
0.0020329811
-0.0046001799
-0.0130376940
-0.0220727685
-0.0309197322
-0.0391833985
-0.0463889148
-0.0517416265
-0.0543577211
-0.0535942321
-0.0490744640
-0.0405209299
-0.0278465180
-0.0116256116
0.0065272020
0.0242269977
0.0391833511
0.0500564148
0.0567329792
0.0599326080
0.0604689865
0.0586461161
0.0541764212
0.0466568720
0.0362124905
0.0237575350
0.0106282012
-0.0021604916
-0.0144415634
-0.0267250233
-0.0393626429
-0.0516933152
-0.0619013597
-0.0677689751
-0.0677745072
-0.0617676226
-0.0508582687
-0.0367811713
-0.0212810032
-0.0058352033
0.0083585535
0.0203789176
0.0296789370
0.0362177006
0.0404670770
0.0432069622
0.0451456188
0.0465253421
0.0468797765
0.0450718446
0.0397068751
0.0298608717
0.0157672159
-0.0010162215
-0.0181133262
-0.0331950048
-0.0446933398
-0.0520780721
-0.0557058147
-0.0564093977
-0.0550300818
-0.0521236647
-0.0479691678
-0.0427519077
-0.0366334714
-0.0296001328
-0.0213073187
-0.0111886880
0.0011576969
0.0155692628
0.0311657409
0.0465222918
0.0600452965
0.0703844256
0.0767441626
0.0790011433
0.0775518233
0.0729241599
0.0653666059
0.0547175550
0.0407144498
0.0235960995
0.0046080736
-0.0140318552
-0.0298490970
-0.0411329488
-0.0475439432
-0.0499411213
-0.0497197987
-0.0482294615
-0.0464685432
-0.0448717601
-0.0431245299
-0.0402587795
-0.0352070188
-0.0275390781
-0.0178279959
-0.0073278301
0.0027892546
0.0120258754
0.0205101633
0.0283679579
0.0350552739
0.0392594177
0.0395461027
0.0353393065
0.0275191379
0.0181719439
0.0096381511
0.0035010146
0.0001498513
-0.0009485033
-0.0006560057
0.0002664262
0.0012569463
0.0018570124
0.0016077176
0.0000327186
-0.0032781460
-0.0085249783
-0.0155101430
-0.0234313769
-0.0308219823
-0.0358925845
-0.0372819511
-0.0347704457
-0.0293272497
-0.0223021619
-0.0143627497
-0.0051046323
0.0063091759
0.0200816042
0.0352335710
0.0499896789
0.0626657486
0.0722778021
0.0784502903
0.0808879078
0.0790139789
0.0721355964
0.0599632999
0.0430107805
0.0225755281
0.0003903508
-0.0217453411
-0.0421903694
-0.0595681040
-0.0728136881
-0.0811372699
-0.0839480780
-0.0808783782
-0.0719851588
-0.0579407711
-0.0399271746
-0.0192293361
0.0031214460
0.0263063064
0.0493517993
0.0708245510
0.0889238953
0.1019149546
0.1085660941
0.1083066340
0.1011395110
0.0875110362
0.0682090626
0.0442490748
0.0167760032
-0.0129400294
-0.0434576031
-0.0731051284
-0.0999238661
-0.1216955890
-0.1362376683
-0.1419405801
-0.1382754577
-0.1259320161
-0.1064898450
-0.0818566725
-0.0538464076
-0.0240760296
0.0059848395
0.0350285322
0.0620289678
0.0862571212
0.1070252479
0.1232641905
0.1333269600
0.1353182380
0.1278679729
0.1108584177
0.0855626889
0.0541465439
0.0190656745
-0.0171268948
-0.0516858601
-0.0817525001
-0.1048111695
-0.1192227136
-0.1244512274
-0.1209178718
-0.1097662982
-0.0927399194
-0.0720373540
-0.0499075213
-0.0280393653
-0.0071514247
0.0128482189
0.0321511303
0.0502904404
0.0659127130
0.0772479073
0.0828711813
0.0821859755
0.0753743763
0.0630193494
0.0457828353
0.0243755502
-0.0002330214
-0.0266207751
-0.0529214263
-0.0770293982
-0.0968390477
-0.1104199217
-0.1161535254
-0.1129540860
-0.1005970035
-0.0800084243
-0.0532584118
-0.0230782308
0.0079462620
0.0380622922
0.0664726788
0.0928491503
0.1165803699
0.1362375736
0.1495587033
0.1540433178
0.1479460532
0.1311553198
0.1053915682
0.0735646825
0.0387444098
0.0034357545
-0.0305222912
-0.0617265107
-0.0889831382
-0.1111631578
-0.1270950869
-0.1355879287
-0.1356428710
-0.1268017141
-0.1094505697
-0.0848486479
-0.0548102843
-0.0212703653
0.0138843352
0.0485789795
0.0801728817
0.1054630879
0.1213307913
0.1257753359
0.1187294648
0.1021351973
0.0791449973
0.0528889535
0.0256378770
-0.0011768244
-0.0264732930
-0.0492702953
-0.0688005444
-0.0846277611
-0.0965090152
-0.1041189918
-0.1068710306
-0.1039921510
-0.0948445490
-0.0793532947
-0.0583651622
-0.0337448632
-0.0080361087
0.0162890821
0.0375872217
0.0552543125
0.0691594974
0.0787713520
0.0828345405
0.0800584028
0.0703050908
0.0552069106
0.0375851661
0.0201107047
0.0042595853
-0.0097861542
-0.0224551761
-0.0339637323
-0.0439132166
-0.0514744650
-0.0558994767
-0.0569405757
-0.0548913905
-0.0502703391
-0.0433981613
-0.0341854243
-0.0223445148
-0.0079530124
0.0080257417
0.0237379169
0.0370780395
0.0465977617
0.0520333699
0.0541007713
0.0537851849
0.0517098926
0.0479957106
0.0425517284
0.0353952623
0.0266751585
0.0164677676
0.0046903335
-0.0086495590
-0.0230453223
-0.0372948625
-0.0497160854
-0.0586259106
-0.0627825104
-0.0615999635
-0.0551652682
-0.0441668225
-0.0297696770
-0.0134181312
0.0034189251
0.0194740660
0.0338129821
0.0458440865
0.0552428694
0.0618479994
0.0655979980
0.0665112331
0.0646505945
0.0600290032
0.0525375599
0.0420448293
0.0286801436
0.0131109850
-0.0034041438
-0.0192281899
-0.0327284408
-0.0426754906
-0.0484827832
-0.0501124843
-0.0476971658
-0.0412313712
-0.0307240809
-0.0167718636
-0.0010259453
0.0139706988
0.0255886469
0.0320388776
0.0328255371
0.0285277641
0.0202167527
0.0090079037
-0.0039780791
-0.0174025912
-0.0296766541
-0.0393481779
-0.0456624360
-0.0487831753
-0.0494640330
-0.0484612800
-0.0461443175
-0.0424876449
-0.0372830405
-0.0303348434
-0.0215509781
-0.0109908959
0.0010452320
0.0138564568
0.0262436249
0.0366741287
0.0437275496
0.0465458981
0.0449882945
0.0394438532
0.0305384140
0.0190074736
0.0058069705
-0.0077300775
-0.0199721365
-0.0293711941
-0.0349222947
-0.0364002510
-0.0342681882
-0.0293485067
-0.0224217182
-0.0139470736
-0.0040847827
0.0069510957
0.0184443059
0.0289660328
0.0365992651
0.0395585783
0.0369647259
0.0293622233
0.0186001336
0.0070808220
-0.0031199701
-0.0106951076
-0.0150319654
-0.0160022930
-0.0139270386
-0.0096162311
-0.0042011134
0.0012938968
0.0063481783
0.0109699231
0.0153180819
0.0192341956
0.0220757051
0.0230140905
0.0215968454
0.0181229979
0.0134927674
0.0086282044
0.0039155217
-0.0009347524
-0.0065678195
-0.0134446930
-0.0214056937
-0.0295655097
-0.0365776197
-0.0410886634
-0.0421276121
-0.0392772550
-0.0326585979
-0.0228434285
-0.0107641548
0.0023675624
0.0151492197
0.0261139328
0.0339516545
0.0378181497
0.0376079671
0.0340056210
0.0282467250
0.0217034145
0.0154908753
0.0102237788
0.0059633381
0.0023575894
-0.0010691802
-0.0045904466
-0.0080718525
-0.0109930841
-0.0126895211
-0.0126908662
-0.0109739964
-0.0079709927
-0.0043346582
-0.0006657549
0.0025878534
0.0050817176
0.0065983778
0.0072524284
0.0076643893
0.0087708440
0.0112649630
0.0150970814
0.0194617703
0.0232204744
0.0253431402
0.0250936455
0.0220741516
0.0163436834
0.0085596620
-0.0000990977
-0.0083029567
-0.0150188171
-0.0197823773
-0.0227016679
-0.0242257094
-0.0247669948
-0.0243644007
-0.0226191409
-0.0189835737
-0.0132096348
-0.0056360149
0.0028688319
0.0112579058
0.0187423014
0.0250626316
0.0304115352
0.0350506607
0.0388921572
0.0413509654
0.0415625025
0.0388133624
0.0329189484
0.0243377821
0.0139817820
0.0028653023
-0.0081563110
-0.0184045675
-0.0272134505
-0.0338079994
-0.0373890222
-0.0374014789
-0.0337985834
-0.0271088423
-0.0182611777
-0.0083013917
0.0018224632
0.0113359333
0.0196175979
0.0261527049
0.0304931718
0.0322501495
0.0311528768
0.0271938513
0.0208110385
0.0129648102
0.0049493910
-0.0020651327
-0.0074944965
-0.0114465472
-0.0143598321
-0.0164743986
-0.0175754699
-0.0171916414
-0.0150182393
-0.0111605443
-0.0060086352
0.0000405584
0.0066486727
0.0133114959
0.0191523980
0.0230521711
0.0240606268
0.0217485997
0.0162808692
0.0083163777
-0.0010621267
-0.0103947818
-0.0180306191
-0.0225248297
-0.0231169272
-0.0200521438
-0.0145129789
-0.0080912480
-0.0020330777
0.0032874995
0.0083157667
0.0137305443
0.0197477258
0.0258025996
0.0307825944
0.0335512012
0.0333391714
0.0298070093
0.0229164069
0.0128455003
0.0000341636
-0.0147082607
-0.0301165427
-0.0445125040
-0.0560852100
-0.0633883056
-0.0657891308
-0.0635704013
-0.0576252983
-0.0489851165
-0.0384866928
-0.0267085690
-0.0141008740
-0.0011514031
0.0115161628
0.0231463308
0.0329294253
0.0401248720
0.0442071766
0.0449992735
0.0427141302
0.0378787851
0.0312124608
0.0235251672
0.0156143344
0.0081403977
0.0015435573
-0.0039672584
-0.0084109514
-0.0120621373
-0.0154039908
-0.0188624450
-0.0223954785
-0.0253010336
-0.0265466315
-0.0254744806
-0.0223317171
-0.0181826387
-0.0142783565
-0.0113718447
-0.0094247867
-0.0078032417
-0.0057547536
-0.0028612100
0.0007436548
0.0044520954
0.0074906638
0.0092934756
0.0097077857
0.0088941098
0.0070315805
0.0041271403
0.0001347259
-0.0047161848
-0.0097046692
-0.0137566797
-0.0158921527
-0.0157084561
-0.0135936907
-0.0105288599
-0.0075999828
-0.0055115403
-0.0043469425
-0.0036347061
-0.0026352789
-0.0007235878
0.0022659230
0.0059126179
0.0094364193
0.0121720976
0.0139220465
0.0148740916
0.0151578589
0.0144693377
0.0121522142
0.0077234778
0.0014466600
-0.0054994076
-0.0114290130
-0.0149296496
-0.0155486499
-0.0139461263
-0.0114106168
-0.0090988067
-0.0075615298
-0.0068246689
-0.0067590744
-0.0072566836
-0.0080613954
-0.0085760026
-0.0080282444
-0.0059704872
-0.0026902203
0.0008578089
0.0035741380
0.0048067524
0.0046274711
0.0037106212
0.0029981934
0.0033659589
0.0053708957
0.0090830903
0.0140297807
0.0193229558
0.0239750969
0.0272603883
0.0288979233
0.0289458936
0.0275178780
0.0245762789
0.0199922283
0.0138321496
0.0066200014
-0.0006956005
-0.0071203605
-0.0121050681
-0.0157818893
-0.0187532614
-0.0215685312
-0.0242481789
-0.0261575550
-0.0262969568
-0.0238324649
-0.0185532337
-0.0109676212
-0.0019862962
0.0075232606
0.0169099676
0.0255066313
0.0322985650
0.0359495350
0.0353224923
0.0301360566
0.0212327488
0.0102474987
-0.0010711818
-0.0114210180
-0.0200881594
-0.0267266337
-0.0310867188
-0.0329357910
-0.0321636628
-0.0288860255
-0.0234102999
-0.0160957422
-0.0072529011
0.0028175783
0.0136982988
0.0247546328
0.0351063229
0.0436442268
0.0491181526
0.0503743789
0.0467373624
0.0383321155
0.0260889151
0.0114072161
-0.0042529098
-0.0195518851
-0.0332174269
-0.0439997033
-0.0508421933
-0.0532158978
-0.0513929705
-0.0464202129
-0.0396905724
-0.0322791837
-0.0244858326
-0.0159714780
-0.0063826053
0.0041033380
0.0147952116
0.0249642281
0.0342380647
0.0424758323
0.0492313999
0.0533551575
0.0532392104
0.0476623627
0.0366144311
0.0214370013
0.0041945147
-0.0131511118
-0.0291250528
-0.0425871757
-0.0525029368
-0.0580443089
-0.0589411465
-0.0556693255
-0.0492430610
-0.0407762314
-0.0311595741
-0.0210039332
-0.0106988683
-0.0004078643
0.0099557174
0.0205558791
0.0312189023
0.0410483661
0.0484791930
0.0518865415
0.0503983072
0.0443532093
0.0351136359
0.0244020456
0.0135962294
0.0033734727
-0.0061696169
-0.0150892853
-0.0232087471
-0.0300545526
-0.0351176902
-0.0381258831
-0.0390037468
-0.0375642406
-0.0333555973
-0.0259850268
-0.0157075941
-0.0036981739
0.0083184636
0.0187642783
0.0266578516
0.0315992732
0.0335483404
0.0327047683
0.0295406720
0.0248257168
0.0194820231
0.0142556786
0.0094044741
0.0046845343
-0.0002867640
-0.0055628763
-0.0107192443
-0.0151683074
-0.0186146364
-0.0211616554
-0.0229675032
-0.0238489949
-0.0232942297
-0.0209132027
-0.0169253419
-0.0122473306
-0.0080870677
-0.0053559969
-0.0043276701
-0.0047097537
-0.0059375721
-0.0074100455
-0.0085783055
-0.0089725863
-0.0082332103
-0.0061330206
-0.0025991705
0.0021986632
0.0077058177
0.0129494074
0.0167917754
0.0184375329
0.0178973368
0.0160301146
0.0140274314
0.0126369091
0.0117019340
0.0104159346
0.0081022677
0.0048317094
0.0013112955
-0.0018153595
-0.0045476059
-0.0074339785
-0.0109392975
-0.0148825603
-0.0184093608
-0.0204392025
-0.0201788425
-0.0173607214
-0.0121944250
-0.0052589376
0.0025025015
0.0097877835
0.0151639689
0.0175168522
0.0164364221
0.0122812054
0.0059673697
-0.0013043387
-0.0082899998
-0.0139478409
-0.0176672424
-0.0193609228
-0.0193562148
-0.0181617227
-0.0162565146
-0.0139920031
-0.0115884498
-0.0091478445
-0.0066395400
-0.0038946967
-0.0006657740
0.0032215451
0.0076552338
0.0120729647
0.0155236038
0.0170359274
0.0161289065
0.0131067981
0.0088862218
0.0044661928
0.0004522994
-0.0030351677
-0.0061190416
-0.0088910463
-0.0113179444
-0.0132965667
-0.0147159526
-0.0154565459
-0.0153756955
-0.0143529832
-0.0123940075
-0.0097027178
-0.0066167332
-0.0034061302
-0.0000974184
0.0034673766
0.0073341588
0.0111774911
0.0143829931
0.0164547520
0.0173978832
0.0177263148
0.0180728678
0.0186905136
0.0191854202
0.0186328242
0.0159956999
0.0106287411
0.0026220786
-0.0071763135
-0.0174482596
-0.0268213143
-0.0341992830
-0.0388791794
-0.0404826219
-0.0388599875
-0.0341213692
-0.0267639281
-0.0177086386
-0.0081162505
0.0009759100
0.0090216488
0.0161476058
0.0230070522
0.0303078175
0.0382242108
0.0460537386
0.0523458303
0.0554225400
0.0539980104
0.0476389080
0.0369273272
0.0232849085
0.0085461936
-0.0055151722
-0.0175225927
-0.0266776403
-0.0328259349
-0.0363769763
-0.0380077194
-0.0382373117
-0.0371360320
-0.0344056196
-0.0297909150
-0.0234925334
-0.0162087149
-0.0087140877
-0.0013021713
0.0063887428
0.0149091031
0.0242162461
0.0332506575
0.0403019092
0.0439252944
0.0437130752
0.0403521814
0.0349835553
0.0284069101
0.0207266927
0.0116198900
0.0009064889
-0.0110441804
-0.0233011543
-0.0346430460
-0.0438911544
-0.0501630975
-0.0530084719
-0.0524014167
-0.0485950359
-0.0419183768
-0.0326669150
-0.0211789906
-0.0080048115
0.0060305363
0.0199781328
0.0330079927
0.0445295266
0.0541033006
0.0612897576
0.0656238588
0.0667495499
0.0645508554
0.0591228349
0.0506323233
0.0392655466
0.0253420130
0.0094486231
-0.0075549405
-0.0246353892
-0.0406514651
-0.0543644184
-0.0644967752
-0.0699456169
-0.0700791455
-0.0649189685
-0.0550596274
-0.0414060592
-0.0249748755
-0.0068870188
0.0115649383
0.0289834912
0.0440933798
0.0559736772
0.0641014372
0.0681823872
0.0679502467
0.0631748455
0.0539017477
0.0406885606
0.0245971096
0.0069385670
-0.0110138485
-0.0281473458
-0.0434292132
-0.0557628884
-0.0639418868
-0.0668117199
-0.0636426125
-0.0545657723
-0.0407638694
-0.0241870035
-0.0069166176
0.0094365585
0.0239609635
0.0362482788
0.0459775393
0.0526125655
0.0554505700
0.0540000091
0.0483745943
0.0393570729
0.0280886712
0.0156819133
0.0030656132
-0.0089295779
-0.0194651900
-0.0277477735
-0.0331946259
-0.0355476608
-0.0348482174
-0.0313572336
-0.0255310617
-0.0180388794
-0.0097131568
-0.0013702448
0.0064292210
0.0135072798
0.0199256250
0.0256211007
0.0300901893
0.0324157815
0.0316691920
0.0274039391
0.0198820596
0.0099191903
-0.0014395772
-0.0131401329
-0.0241737037
-0.0336093547
-0.0407013679
-0.0450089736
-0.0464015136
-0.0449266171
-0.0406518251
-0.0336361343
-0.0240835321
-0.0125420674
0.0000741293
0.0127261429
0.0245755969
0.0351284608
0.0440862752
0.0510498750
0.0553188318
0.0559617415
0.0521694562
0.0437403284
0.0314168744
0.0167947593
0.0017711679
-0.0121444749
-0.0241803062
-0.0341140562
-0.0417902382
-0.0467974389
-0.0485608297
-0.0467436997
-0.0416061816
-0.0340138624
-0.0250484224
-0.0154816772
-0.0055170459
0.0049963041
0.0160717287
0.0272369052
0.0375504672
0.0458859089
0.0512553780
0.0530492144
0.0511464219
0.0458766635
0.0378804144
0.0279905614
0.0171871039
0.0065088342
-0.0031741953
-0.0114115262
-0.0182101193
-0.0238122405
-0.0284150756
-0.0320526226
-0.0346392853
-0.0360327441
-0.0360229587
-0.0343109579
-0.0306093368
-0.0248859638
-0.0175707051
-0.0094962770
-0.0015572304
0.0056786842
0.0121134894
0.0179232733
0.0232046833
0.0277701482
0.0312327515
0.0332519837
0.0336914081
0.0325651297
0.0298527535
0.0253911673
0.0190003595
0.0107787903
0.0013041663
-0.0084822039
-0.0176428215
-0.0255596601
-0.0319294857
-0.0364691183
-0.0386233285
-0.0375765363
-0.0326244484
-0.0236760689
-0.0115269050
0.0023310513
0.0162515130
0.0289344315
0.0395421146
0.0474605825
0.0520386557
0.0526288493
0.0489504650
0.0414780714
0.0314783055
0.0205574515
0.0099652376
0.0001242554
-0.0092516541
-0.0185306411
-0.0275318314
-0.0354065539
-0.0410687421
-0.0437525294
-0.0432406759
-0.0396744970
-0.0332275344
-0.0240048320
-0.0122781267
0.0011828197
0.0150373459
0.0276948584
0.0378076633
0.0445697482
0.0476335275
0.0468185727
0.0419739727
0.0331880328
0.0211540866
0.0072862966
-0.0066338345
-0.0190947749
-0.0293272592
-0.0372938679
-0.0432416327
-0.0471818168
-0.0486680428
-0.0470002895
-0.0416664192
-0.0326852449
-0.0206340676
-0.0064169746
0.0089751449
0.0245259404
0.0390950457
0.0513520291
0.0599070693
0.0636432282
0.0620673042
0.0554510626
0.0446752468
0.0309048599
0.0153270148
-0.0009292245
-0.0167601457
-0.0311202809
-0.0431843980
-0.0525102877
-0.0589786683
-0.0624847896
-0.0626416877
-0.0588388592
-0.0507022895
-0.0385959236
-0.0237135149
-0.0076635074
0.0080855151
0.0224567581
0.0346124014
0.0436982218
0.0488363367
0.0494229969
0.0454497716
0.0375528638
0.0267762049
0.0142762630
0.0011562343
-0.0115791285
-0.0230341255
-0.0324394256
-0.0391688956
-0.0427745098
-0.0430519303
-0.0400955442
-0.0342711248
-0.0261166325
-0.0162804145
-0.0055546728
0.0051015981
0.0147129876
0.0225853325
0.0285178176
0.0327006476
0.0353483530
0.0363834462
0.0354614014
0.0323075926
0.0270437073
0.0202000048
0.0124074210
0.0040677657
-0.0046861087
-0.0137056782
-0.0225073618
-0.0302383724
-0.0359712277
-0.0390572113
-0.0392768856
-0.0367702303
-0.0319091949
-0.0252208463
-0.0173415958
-0.0089441224
-0.0006186460
0.0072451998
0.0144837363
0.0210128282
0.0265709387
0.0305644831
0.0322138403
0.0309488232
0.0267584339
0.0202160991
0.0121741532
0.0033866058
-0.0056655918
-0.0146705590
-0.0232510337
-0.0308092982
-0.0365775155
-0.0398391723
-0.0401787059
-0.0375967892
-0.0324419454
-0.0252590596
-0.0166889102
-0.0074407857
0.0017542694
0.0102513920
0.0175888834
0.0234783810
0.0277252945
0.0302047724
0.0309376737
0.0301440043
0.0281450060
0.0251583258
0.0211735058
0.0160295273
0.0096366639
0.0021861402
-0.0057833567
-0.0134892720
-0.0201179987
-0.0250438565
-0.0279869333
-0.0290704042
-0.0287419252
-0.0275441840
-0.0258265847
-0.0235844953
-0.0205471262
-0.0164359485
-0.0111736831
-0.0049044520
0.0021178678
0.0096056121
0.0171909404
0.0243195470
0.0302278197
0.0340712486
0.0351512997
0.0331295004
0.0281478763
0.0207969430
0.0119068970
0.0022530930
-0.0076401389
-0.0174679157
-0.0269341733
-0.0355277111
-0.0424461540
-0.0467132730
-0.0474394392
-0.0441331466
-0.0369440278
-0.0266868100
-0.0145780570
-0.0018260998
0.0106635537
0.0222973498
0.0325907157
0.0409737204
0.0467859579
0.0494467925
0.0486599247
0.0445072182
0.0373807714
0.0277957627
0.0162007577
0.0029565226
-0.0114080876
-0.0257923784
-0.0383969001
-0.0472168567
-0.0509757314
-0.0498099798
-0.0451273174
-0.0387202921
-0.0318007787
-0.0246098410
-0.0167429810
-0.0078116961
0.0020873730
0.0123618473
0.0222505636
0.0311459427
0.0386677464
0.0444870506
0.0481061256
0.0488124842
0.0458975036
0.0390347797
0.0285650869
0.0154654693
0.0010109101
-0.0136017047
-0.0274008983
-0.0395292600
-0.0490832737
-0.0551228584
-0.0569048159
-0.0541773400
-0.0473070094
-0.0371425493
-0.0247396848
-0.0111585361
0.0025878581
0.0155423126
0.0269110786
0.0362264250
0.0433712491
0.0483458633
0.0509278274
0.0505274310
0.0464259629
0.0382741988
0.0264966624
0.0123069619
-0.0026678682
-0.0168802703
-0.0291893257
-0.0389034298
-0.0456199221
-0.0490366296
-0.0489127538
-0.0452243946
-0.0383636884
-0.0291479959
-0.0185761011
-0.0075271918
0.0033513566
0.0135100364
0.0223042081
0.0289684863
0.0328136582
0.0334754282
0.0310134750
0.0258173866
0.0184520357
0.0095878790
0.0000228629
-0.0093240491
-0.0175396343
-0.0239017490
-0.0279886858
-0.0296423341
-0.0288434547
-0.0256313976
-0.0201665847
-0.0128793087
-0.0045198297
0.0039993096
0.0118788480
0.0186147785
0.0239583869
0.0277066994
0.0295189130
0.0289385996
0.0256428408
0.0197449692
0.0119243175
0.0032814302
-0.0049994756
-0.0120033586
-0.0173063760
-0.0209885399
-0.0234462871
-0.0250964116
-0.0261259443
-0.0264142869
-0.0256465067
-0.0235080593
-0.0198211684
-0.0145854742
-0.0079895850
-0.0004513367
0.0073522803
0.0145482745
0.0202539145
0.0238049180
0.0249061030
0.0236503597
0.0204552116
0.0159797667
0.0110216162
0.0063486074
0.0024596124
-0.0006256987
-0.0033841571
-0.0065201817
-0.0105241140
-0.0153270337
-0.0202639083
-0.0243181829
-0.0264583449
-0.0259098223
-0.0223290268
-0.0159012750
-0.0073525370
0.0021597291
0.0112810952
0.0187507606
0.0236509470
0.0255435753
0.0244852642
0.0209469259
0.0156816007
0.0095891483
0.0035923371
-0.0015114114
-0.0052242814
-0.0074439647
-0.0083877022
-0.0083978533
-0.0077870536
-0.0068168860
-0.0057663114
-0.0049572894
-0.0046391198
-0.0047817641
-0.0049794861
-0.0046405549
-0.0033907549
-0.0013769260
0.0007985151
0.0024632339
0.0032624354
0.0032583971
0.0027277780
0.0018952465
0.0008688432
-0.0001699954
-0.0007414679
-0.0001142893
0.0022923455
0.0064272393
0.0114630677
0.0161522286
0.0194185743
0.0207206964
0.0199625216
0.0171690582
0.0123362802
0.0056194933
-0.0023734734
-0.0105472182
-0.0176684644
-0.0228527023
-0.0258076581
-0.0266737281
-0.0256562827
-0.0227789092
-0.0179267025
-0.0110899719
-0.0025823459
0.0069207676
0.0165098553
0.0252052730
0.0320688211
0.0362762804
0.0372203021
0.0346576814
0.0288258258
0.0204287730
0.0104785972
0.0000816447
-0.0097413668
-0.0181710440
-0.0246527718
-0.0289133735
-0.0309453277
-0.0309657795
-0.0293408432
-0.0264480575
-0.0224980974
-0.0174316159
-0.0110257842
-0.0032044249
0.0056473775
0.0145930430
0.0223677706
0.0277926935
0.0301449327
0.0292905710
0.0255637808
0.0195320869
0.0118143761
0.0030383439
-0.0060827504
-0.0146579128
-0.0216509257
-0.0260980658
-0.0274308513
-0.0257238995
-0.0217071846
-0.0164936473
-0.0111432659
-0.0063112818
-0.0021870695
0.0012771574
0.0040642779
0.0059611385
0.0066798335
0.0061001699
0.0044320490
0.0021838800
-0.0000249189
-0.0016733243
-0.0024350201
-0.0021188397
-0.0005418008
0.0025050847
0.0071223280
0.0131017112
0.0198554695
0.0265522962
0.0323461753
0.0365264287
0.0385413414
0.0379783442
0.0345888142
0.0283607112
0.0195733315
0.0087777108
-0.0032986054
-0.0158602294
-0.0281105060
-0.0392589820
-0.0485134562
-0.0550899594
-0.0582527958
-0.0573953366
-0.0522031604
-0.0428836270
-0.0303039431
-0.0158537026
-0.0010434255
0.0129094038
0.0252617973
0.0356476841
0.0438571944
0.0496668458
0.0528042856
0.0530091350
0.0501175049
0.0441200173
0.0352007383
0.0237887100
0.0106154034
-0.0032797081
-0.0166641673
-0.0283352199
-0.0373585577
-0.0431988251
-0.0457024965
-0.0449937508
-0.0413671449
-0.0351986069
-0.0268703929
-0.0167339345
-0.0051323942
0.0075303273
0.0207274315
0.0337805662
0.0458531614
0.0559416781
0.0629140971
0.0656788579
0.0635109784
0.0564060538
0.0452223106
0.0314455864
0.0166770124
0.0021771893
-0.0112753831
-0.0232374876
-0.0334042401
-0.0415081571
-0.0472857335
-0.0504313862
-0.0505672641
-0.0473103059
-0.0404486524
-0.0301257692
-0.0169177068
-0.0017952364
0.0139525584
0.0288018312
0.0411649669
0.0496929717
0.0536125620
0.0528976590
0.0481626498
0.0403430212
0.0303626082
0.0189614357
0.0067078389
-0.0058890969
-0.0182545278
-0.0296423057
-0.0391102495
-0.0456577565
-0.0485297589
-0.0475191907
-0.0430557479
-0.0360178529
-0.0274118394
-0.0181204687
-0.0087980205
0.0001425809
0.0085201661
0.0163337843
0.0236250579
0.0302787928
0.0358849684
0.0397712238
0.0412228552
0.0397793894
0.0354332198
0.0286204270
0.0200641648
0.0106167486
0.0011424504
-0.0076122804
-0.0151590241
-0.0213048936
-0.0260383303
-0.0293615413
-0.0312022491
-0.0314223781
-0.0298694446
-0.0264365859
-0.0211302341
-0.0141395610
-0.0058866406
0.0029770719
0.0116658426
0.0194227613
0.0256734285
0.0300998895
0.0326442655
0.0334763281
0.0329264035
0.0313568642
0.0289893738
0.0257752421
0.0214019425
0.0154517432
0.0076344145
-0.0019838845
-0.0128061408
-0.0236522638
-0.0329383771
-0.0391008241
-0.0411034031
-0.0387719568
-0.0328024329
-0.0244684216
-0.0151911653
-0.0061576945
0.0019035920
0.0087672936
0.0146038420
0.0197678271
0.0245681228
0.0291016739
0.0331792326
0.0363204331
0.0378127786
0.0368577305
0.0328103901
0.0254594947
0.0152313300
0.0031819109
-0.0092946436
-0.0209188579
-0.0308575716
-0.0387059029
-0.0441874542
-0.0468793881
-0.0462445114
-0.0419606066
-0.0342757191
-0.0241004695
-0.0127585589
-0.0015626071
0.0085297583
0.0170075469
0.0236678181
0.0284082836
0.0311303789
0.0317977663
0.0305453196
0.0276918555
0.0236160492
0.0185926879
0.0127164238
0.0059651806
-0.0016359058
-0.0098333193
-0.0180563473
-0.0255059114
-0.0314112570
-0.0352843926
-0.0369696138
-0.0364574478
-0.0336770853
-0.0285048020
-0.0209892693
-0.0115617838
-0.0010140579
0.0097326518
0.0198552042
0.0286718644
0.0355438527
0.0398283543
0.0410119432
0.0389415957
0.0339459139
0.0267121782
0.0179956740
0.0083934844
-0.0016492103
-0.0116661173
-0.0210760591
-0.0293083231
-0.0360270415
-0.0411921254
-0.0448485706
-0.0468044204
-0.0464937692
-0.0431836402
-0.0364101595
-0.0263467269
-0.0138451178
-0.0001351744
0.0135942401
0.0264487964
0.0378081843
0.0471375504
0.0538397009
0.0572636551
0.0568369622
0.0522177486
0.0433979434
0.0307548865
0.0150723006
-0.0024646520
-0.0203427220
-0.0369006045
-0.0506187962
-0.0604235929
-0.0658608304
-0.0670133864
-0.0642054770
-0.0577105820
-0.0476965690
-0.0344408584
-0.0186052489
-0.0013058449
0.0161203336
0.0324711879
0.0468720656
0.0586830979
0.0672900775
0.0720094660
0.0721842677
0.0673711079
0.0575047380
0.0429948188
0.0247554286
0.0041664174
-0.0170505345
-0.0370231541
-0.0539713350
-0.0664696475
-0.0736829125
-0.0754617061
-0.0722302581
-0.0647357740
-0.0538434521
-0.0404817978
-0.0256566900
-0.0103943555
0.0044258974
0.0182290081
0.0307443148
0.0418022876
0.0510478005
0.0577532854
0.0608772549
0.0593852694
0.0527046317
0.0410666676
0.0255283714
0.0076913044
-0.0106692563
-0.0278645731
-0.0424321722
-0.0532425827
-0.0596302645
-0.0614974772
-0.0593225121
-0.0540298579
-0.0467212965
-0.0383289232
-0.0293387781
-0.0197488815
-0.0092928447
0.0022080527
0.0145742869
0.0271911989
0.0391077771
0.0492011722
0.0563237162
0.0594288348
0.0577659695
0.0511764033
0.0403389668
0.0267138643
0.0121085067
-0.0018953431
-0.0143025879
-0.0246904167
-0.0329654409
-0.0391398710
-0.0432453271
-0.0453202121
-0.0453862754
-0.0434109591
-0.0393166903
-0.0330754012
-0.0248418489
-0.0150306865
-0.0042945664
0.0065497567
0.0166143782
0.0250589182
0.0312331115
0.0347810268
0.0356603587
0.0340735789
0.0303723841
0.0250200039
0.0186280973
0.0119613751
0.0057967579
0.0006940805
-0.0031412735
-0.0058035935
-0.0075187544
-0.0084969265
-0.0088619818
-0.0086287226
-0.0077091208
-0.0059752293
-0.0033904518
-0.0001421362
0.0033244244
0.0064135388
0.0085897732
0.0095791924
0.0094234008
0.0083437901
0.0065472663
0.0041578189
0.0013190680
-0.0016579130
-0.0042601735
-0.0059077574
-0.0061927713
-0.0050952826
-0.0030415286
-0.0007165627
0.0013079971
0.0028790379
0.0042413189
0.0057070363
0.0073253842
0.0088375325
0.0099023760
0.0103356810
0.0101433073
0.0093594717
0.0078857526
0.0055035358
0.0020479415
-0.0024113371
-0.0075221968
-0.0127520795
-0.0175518068
-0.0214656282
-0.0241415246
-0.0252890505
-0.0246659390
-0.0221258068
-0.0176989479
-0.0116475695
-0.0044454417
0.0033169855
0.0110444646
0.0181895349
0.0242345759
0.0286683878
0.0310413346
0.0310912183
0.0288442031
0.0246030869
0.0188278408
0.0119925785
0.0045146358
-0.0031984542
-0.0106481983
-0.0172127752
-0.0222477596
-0.0252549295
-0.0260091446
-0.0245859317
-0.0213100942
-0.0166661092
-0.0112007374
-0.0054424097
0.0001508013
0.0052232697
0.0095442283
0.0129973872
0.0155258868
0.0170781382
0.0176200205
0.0171878049
0.0158785308
0.0137356122
0.0106406295
0.0063782118
0.0008924703
-0.0054469642
-0.0118118469
-0.0171939338
-0.0208240541
-0.0224254505
-0.0221346354
-0.0202186473
-0.0168799293
-0.0122943631
-0.0067532155
-0.0007018056
0.0053636017
0.0110088089
0.0158814106
0.0196592782
0.0220196640
0.0226857252
0.0215295033
0.0186423159
0.0142970369
0.0088226782
0.0024946220
-0.0044683289
-0.0118004795
-0.0190476667
-0.0254836787
-0.0301621447
-0.0321416386
-0.0308185437
-0.0261941390
-0.0189073934
-0.0100128573
-0.0006421934
0.0082794006
0.0161547104
0.0226683616
0.0276382584
0.0308774740
0.0321597032
0.0313096138
0.0283357788
0.0234892084
0.0171977703
0.0099358624
0.0021367443
-0.0057887468
-0.0133471231
-0.0198795493
-0.0246144069
-0.0268711981
-0.0263005659
-0.0230184574
-0.0175690568
-0.0107507698
-0.0033914872
0.0038370821
0.0104890078
0.0162819965
0.0209687133
0.0242492398
0.0257701174
0.0251819415
0.0222314569
0.0169052975
0.0096031018
0.0012032525
-0.0071216592
-0.0143160677
-0.0198389868
-0.0237774563
-0.0265880087
-0.0286454068
-0.0299099313
-0.0299354321
-0.0281770525
-0.0243412871
-0.0185328009
-0.0111584603
-0.0027391179
0.0062090617
0.0151703725
0.0235729575
0.0307782938
0.0361662633
0.0392721871
0.0398895770
0.0380735080
0.0340511663
0.0281070295
0.0205280574
0.0116514439
0.0019677229
-0.0078241150
-0.0168912209
-0.0244485666
-0.0299408885
-0.0331007504
-0.0338669581
-0.0322666133
-0.0283860794
-0.0224444150
-0.0148705204
-0.0062890974
0.0025941736
0.0111334900
0.0188230002
0.0252662589
0.0300736403
0.0327910561
0.0329593025
0.0303052220
0.0249593780
0.0175529246
0.0091013179
0.0007206641
-0.0066616694
-0.0124510527
-0.0163757962
-0.0184236268
-0.0188107045
-0.0179622823
-0.0164355696
-0.0147623125
-0.0132761623
-0.0120133903
-0.0107397813
-0.0091060344
-0.0068729603
-0.0040829649
-0.0010639720
0.0017302454
0.0039153853
0.0052764850
0.0057564796
0.0054091109
0.0043805568
0.0029162755
0.0013525600
0.0000557590
-0.0006933960
-0.0008143291
-0.0004477260
0.0001555463
0.0008026363
0.0014534558
0.0021839056
0.0030774959
0.0041416602
0.0052785728
0.0062833124
0.0068646867
0.0067218577
0.0056725354
0.0037515730
0.0012004268
-0.0016332221
-0.0043887119
-0.0067227595
-0.0083110815
-0.0088911855
-0.0083669303
-0.0069144180
-0.0049852598
-0.0031624149
-0.0019438837
-0.0015858250
-0.0020706904
-0.0031526437
-0.0043964834
-0.0052015798
-0.0048999468
-0.0029997725
0.0005033563
0.0049660376
0.0092660708
0.0122528154
0.0132028902
0.0120069298
0.0090392890
0.0048888825
0.0001585157
-0.0046015942
-0.0088875631
-0.0122397050
-0.0142742358
-0.0147553406
-0.0136797511
-0.0112988472
-0.0080196753
-0.0042319825
-0.0001910196
0.0039684870
0.0081383004
0.0121795243
0.0159447173
0.0193105938
0.0221337355
0.0241464220
0.0249111614
0.0239340986
0.0208941150
0.0158225371
0.0091069343
0.0013477137
-0.0067907486
-0.0146314363
-0.0214523568
-0.0264881843
-0.0290701294
-0.0288917850
-0.0262338963
-0.0219480117
-0.0171466456
-0.0127632384
-0.0092284694
-0.0064095829
-0.0038052611
-0.0008662814
0.0027273925
0.0069564791
0.0115215339
0.0159809508
0.0198731741
0.0227943309
0.0244350110
0.0245873147
0.0231380516
0.0200780424
0.0155446145
0.0098724514
0.0035938452
-0.0026644770
-0.0083683038
-0.0132501405
-0.0173443809
-0.0208371266
-0.0238226795
-0.0261480727
-0.0274454679
-0.0272831798
-0.0253023693
-0.0213014739
-0.0153117730
-0.0076557643
0.0010820499
0.0101886820
0.0189581013
0.0267225604
0.0327905256
0.0364334910
0.0370351846
0.0343592502
0.0287461880
0.0210714459
0.0124614539
0.0039283071
-0.0038673298
-0.0106160286
-0.0161637380
-0.0202806657
-0.0225684140
-0.0225974671
-0.0201996448
-0.0156986044
-0.0098779078
-0.0036875369
0.0020979124
0.0070357002
0.0109312551
0.0136644904
0.0151050954
0.0151610134
0.0138650012
0.0113988990
0.0080452926
0.0041221330
-0.0000571114
-0.0041999881
-0.0080424782
-0.0113535053
-0.0139298426
-0.0155802323
-0.0161089094
-0.0153335699
-0.0131620245
-0.0096977066
-0.0052940580
-0.0004984991
0.0040964513
0.0080188796
0.0110184238
0.0130650988
0.0142598182
0.0147112541
0.0144480049
0.0134139727
0.0115317645
0.0087677729
0.0051574517
0.0008139331
-0.0040386587
-0.0090145934
-0.0135513188
-0.0169947870
-0.0187961069
-0.0187286037
-0.0169680832
-0.0139593693
-0.0101680124
-0.0059200493
-0.0014472956
0.0029577834
0.0068925765
0.0100036782
0.0122161272
0.0137978391
0.0151587020
0.0165021255
0.0175607586
0.0176043241
0.0157485261
0.0113994863
0.0045790110
-0.0040487491
-0.0134251127
-0.0224274019
-0.0300782062
-0.0355862719
-0.0383224722
-0.0378630507
-0.0341165381
-0.0274291368
-0.0185424252
-0.0083880158
0.0021458836
0.0123227910
0.0215125280
0.0291086932
0.0345218699
0.0372651653
0.0370614811
0.0339072838
0.0280741968
0.0200693654
0.0105826559
0.0004302580
-0.0095063939
-0.0183575351
-0.0253609680
-0.0299718172
-0.0319479860
-0.0313629268
-0.0285217867
-0.0238182083
-0.0176092499
-0.0101786882
-0.0018114700
0.0070701973
0.0158017348
0.0234957352
0.0292072388
0.0321866817
0.0320933462
0.0290652225
0.0236393050
0.0166083251
0.0088913030
0.0014192315
-0.0049944333
-0.0097973511
-0.0128031758
-0.0141965778
-0.0144058983
-0.0138837858
-0.0129092996
-0.0115325413
-0.0096813471
-0.0073211375
-0.0045375884
-0.0015053440
0.0015932289
0.0046215203
0.0074841313
0.0100943424
0.0123608337
0.0142170485
0.0156653265
0.0167911881
0.0177238329
0.0185585953
0.0192850646
0.0197620866
0.0197479058
0.0189695539
0.0172166022
0.0144367512
0.0107819732
0.0065446158
0.0019950880
-0.0027650810
-0.0077860296
-0.0130614139
-0.0182844145
-0.0227976653
-0.0258151700
-0.0267640323
-0.0255016676
-0.0222955405
-0.0176418553
-0.0120753898
-0.0060670426
-0.0000178078
0.0056936313
0.0106824614
0.0146081900
0.0172964958
0.0188302469
0.0195046821
0.0196489718
0.0194374062
0.0188143894
0.0175533983
0.0153734599
0.0120310665
0.0073748237
0.0014029771
-0.0056482765
-0.0132279363
-0.0204818775
-0.0264043594
-0.0301009694
-0.0310722064
-0.0293939004
-0.0256957464
-0.0209164803
-0.0159287367
-0.0112070273
-0.0066964516
-0.0019476548
0.0035459905
0.0099787174
0.0170387030
0.0239899787
0.0299446208
0.0341201662
0.0359467689
0.0350525742
0.0312529759
0.0246193517
0.0155716594
0.0048800037
-0.0064758130
-0.0175097949
-0.0273796887
-0.0354218241
-0.0411095510
-0.0440152671
-0.0438519275
-0.0405868133
-0.0345352644
-0.0263353122
-0.0168004714
-0.0067467266
0.0031118026
0.0121716429
0.0198996411
0.0258055930
0.0294774600
0.0306746045
0.0294188707
0.0259949449
0.0208395895
0.0144073476
0.0071182339
-0.0006074413
-0.0083073132
-0.0154729717
-0.0215684081
-0.0260508249
-0.0284150188
-0.0282744424
-0.0254556392
-0.0200654341
-0.0125170497
-0.0035164817
0.0060104009
0.0150561968
0.0227050403
0.0282778810
0.0314120148
0.0320653162
0.0304699161
0.0270534643
0.0223159259
0.0166654366
0.0103024504
0.0032710083
-0.0043405948
-0.0122204563
-0.0198384279
-0.0266173365
-0.0321064660
-0.0360060118
-0.0380489924
-0.0378821763
-0.0351004687
-0.0294623793
-0.0211563506
-0.0109221896
0.0000752392
0.0105410514
0.0193498396
0.0257364036
0.0293697163
0.0303275399
0.0289856983
0.0258532128
0.0214180463
0.0160593856
0.0100501139
0.0036418969
-0.0028239497
-0.0088717805
-0.0139720723
-0.0176899487
-0.0197743538
-0.0201252170
-0.0187152186
-0.0155805165
-0.0109034335
-0.0051010222
0.0011906925
0.0072618548
0.0125138100
0.0165512988
0.0191360953
0.0200790750
0.0191931879
0.0163547666
0.0116204205
0.0053121947
-0.0019797316
-0.0094754368
-0.0163458432
-0.0218739154
-0.0255683845
-0.0271600713
-0.0264980833
-0.0234654506
-0.0180296340
-0.0104031937
-0.0011583666
0.0088247812
0.0185519738
0.0271100738
0.0337554064
0.0378942163
0.0390552978
0.0369503367
0.0316180767
0.0235268533
0.0135020603
0.0024952700
-0.0086374262
-0.0191900997
-0.0285147390
-0.0359321240
-0.0407675070
-0.0424832022
-0.0408057961
-0.0357723746
-0.0276935890
-0.0170781382
-0.0045762876
0.0090188012
0.0227466922
0.0355166942
0.0462507445
0.0540592805
0.0583339872
0.0587226468
0.0550828642
0.0475192286
0.0364867850
0.0228376122
0.0077145933
-0.0076500475
-0.0220960716
-0.0345912487
-0.0442605369
-0.0504670324
-0.0529254901
-0.0517516393
-0.0474034710
-0.0405430963
-0.0318789956
-0.0220454300
-0.0115602682
-0.0008706501
0.0095632023
0.0192059762
0.0274556985
0.0337211054
0.0375339182
0.0386316740
0.0369748333
0.0327227572
0.0262313860
0.0180853151
0.0090930377
0.0001697388
-0.0078777235
-0.0145440970
-0.0196801942
-0.0233820142
-0.0258013492
-0.0269962107
-0.0269035099
-0.0254313794
-0.0225917076
-0.0185631138
-0.0136299052
-0.0080531674
-0.0019920718
0.0044443997
0.0110492862
0.0173918491
0.0228393173
0.0267527123
0.0287576027
0.0289100959
0.0276312485
0.0254451528
0.0227044908
0.0194791529
0.0156361029
0.0109998950
0.0054647920
-0.0009679803
-0.0081643004
-0.0157783559
-0.0231658448
-0.0293973106
-0.0334441395
-0.0344895202
-0.0322293567
-0.0270179603
-0.0197846224
-0.0117483412
-0.0040448217
0.0025750982
0.0078463552
0.0118615412
0.0148161465
0.0167878347
0.0176771889
0.0173246774
0.0156981687
0.0129883785
0.0095282950
0.0056187763
0.0014306813
-0.0029249942
-0.0072359884
-0.0110913076
-0.0139370798
-0.0152412385
-0.0146676129
-0.0121930799
-0.0081411991
-0.0031202761
0.0021047773
0.0067400995
0.0100625611
0.0115230211
0.0108623026
0.0081791064
0.0038992825
-0.0013197765
-0.0066794138
-0.0113104325
-0.0143761916
-0.0152448950
-0.0136937424
-0.0100381497
-0.0050772635
0.0001597317
0.0047435802
0.0080714726
0.0099120193
0.0103335591
0.0096128303
0.0081415931
0.0063052087
0.0043578438
0.0023703550
0.0002877535
-0.0019613932
-0.0043916542
-0.0069552353
-0.0095661105
-0.0121051628
-0.0143880989
-0.0161232891
-0.0169157554
-0.0163578831
-0.0141795173
-0.0103743395
-0.0052338205
0.0007139490
0.0068082354
0.0123561921
0.0167092294
0.0193206160
0.0198005461
0.0179919227
0.0140590327
0.0085303229
0.0022215685
-0.0039812108
-0.0093956890
-0.0137181444
-0.0169776602
-0.0193104612
-0.0207384484
-0.0211204203
-0.0202762798
-0.0181400584
-0.0148022878
-0.0104291776
-0.0051682421
0.0008414837
0.0073372081
0.0137914070
0.0194131748
0.0233552819
0.0250264265
0.0243177093
0.0215957750
0.0174715722
0.0125038257
0.0070265949
0.0011784736
-0.0049528221
-0.0112085904
-0.0173253026
-0.0229488323
-0.0276496163
-0.0309417849
-0.0323420547
-0.0314732849
-0.0281765220
-0.0225794119
-0.0150851836
-0.0062909351
0.0031148444
0.0124155202
0.0208851727
0.0278034735
0.0325099506
0.0344936693
0.0334999533
0.0296235590
0.0233378519
0.0154113511
0.0067297154
-0.0018819884
-0.0097607197
-0.0164298764
-0.0216007009
-0.0251682533
-0.0271819534
-0.0277733121
-0.0270608910
-0.0250707687
-0.0217227106
-0.0169189004
-0.0107078959
-0.0034278542
0.0042665089
0.0115044734
0.0173659220
0.0210508046
0.0220368950
0.0202088713
0.0159062862
0.0098473769
0.0029560915
-0.0038307240
-0.0097166523
-0.0141457467
-0.0168631340
-0.0179223639
-0.0176037746
-0.0162388858
-0.0140289281
-0.0109943440
-0.0071101886
-0.0025191187
0.0023701854
0.0069875395
0.0108118409
0.0135068630
0.0149034857
0.0149018564
0.0134200542
0.0104362443
0.0060648875
0.0005818402
-0.0056210564
-0.0120919956
-0.0183237645
-0.0237143012
-0.0275693153
-0.0292200176
-0.0282231566
-0.0245149235
-0.0184190988
-0.0105304608
-0.0015727203
0.0076886567
0.0164844587
0.0240768443
0.0298201008
0.0332205151
0.0339696812
0.0319560190
0.0272857091
0.0203127785
0.0116387693
0.0020507009
-0.0075867208
-0.0164297627
-0.0237240487
-0.0288623246
-0.0314521132
-0.0313661759
-0.0287381740
-0.0239005933
-0.0173007586
-0.0094305262
-0.0007713461
0.0082487533
0.0172638147
0.0259031439
0.0336622982
0.0397956921
0.0433510909
0.0434047638
0.0394287441
0.0315922065
0.0207945558
0.0083882593
-0.0042484178
-0.0160356468
-0.0262585919
-0.0344071068
-0.0399907939
-0.0425206387
-0.0416808084
-0.0375255916
-0.0305191842
-0.0213839536
-0.0108728837
0.0003820539
0.0118684564
0.0230556098
0.0332311151
0.0414534421
0.0467110564
0.0482319339
0.0457692229
0.0396863665
0.0307989539
0.0200858007
0.0084406562
-0.0034244269
-0.0149322262
-0.0255225267
-0.0345529596
-0.0412837842
-0.0449917994
-0.0451870907
-0.0418191018
-0.0353221323
-0.0264502078
-0.0160289779
-0.0048236822
0.0064012099
0.0167731803
0.0253448264
0.0313103338
0.0342459271
0.0341930973
0.0315449656
0.0268502822
0.0206666161
0.0135079050
0.0058523187
-0.0018362414
-0.0090952373
-0.0154720339
-0.0205494091
-0.0239770957
-0.0254975943
-0.0249708117
-0.0223929588
-0.0179013533
-0.0117720422
-0.0044267424
0.0035554216
0.0114599607
0.0185225418
0.0240703744
0.0276545421
0.0291007645
0.0284588210
0.0259139429
0.0217403300
0.0163139483
0.0101322620
0.0037799517
-0.0021678302
-0.0072578052
-0.0112135257
-0.0139065490
-0.0152936515
-0.0154060748
-0.0144010388
-0.0125895925
-0.0103483840
-0.0079448601
-0.0054151792
-0.0026071078
0.0006304560
0.0042437960
0.0078915092
0.0110335803
0.0131367795
0.0138809724
0.0132505857
0.0114683346
0.0088353216
0.0055998335
0.0019300079
-0.0020385653
-0.0061534961
-0.0102251618
-0.0140092341
-0.0171869618
-0.0193825682
-0.0202499928
-0.0195946642
-0.0174514330
-0.0140577065
-0.0097353137
-0.0047692818
0.0006162582
0.0061606547
0.0114496637
0.0159232046
0.0190528199
0.0205688379
0.0205577073
0.0193493565
0.0172880271
0.0145627964
0.0112002543
0.0071808633
0.0025671695
-0.0024304874
-0.0074626034
-0.0120955763
-0.0158805486
-0.0184107438
-0.0193683305
-0.0185728898
-0.0160312514
-0.0119649463
-0.0067842655
-0.0010001575
0.0048940121
0.0105062104
0.0155515297
0.0197840066
0.0229124662
0.0245695058
0.0243822664
0.0221229839
0.0178357162
0.0118373572
0.0046084383
-0.0032992543
-0.0112613255
-0.0185384561
-0.0243071660
-0.0278022231
-0.0285099647
-0.0263144531
-0.0215330366
-0.0148250225
-0.0070121442
0.0011021086
0.0088511137
0.0157611060
0.0215663619
0.0261687708
0.0295411551
0.0316250866
0.0322924266
0.0313773823
0.0287323956
0.0242747785
0.0180284499
0.0101769168
0.0011275421
-0.0084329491
-0.0175502438
-0.0251286949
-0.0301710302
-0.0320495155
-0.0306893915
-0.0265719712
-0.0205640636
-0.0136669154
-0.0067839765
-0.0005559250
0.0047125965
0.0090100171
0.0124817257
0.0152765247
0.0174541328
0.0189741293
0.0197413316
0.0196591646
0.0186507089
0.0166373687
0.0135158242
0.0092007549
0.0037522968
-0.0024832537
-0.0088419582
-0.0144840395
-0.0186625120
-0.0209751453
-0.0214518263
-0.0204314064
-0.0183390157
-0.0155251006
-0.0122287260
-0.0086091537
-0.0047799775
-0.0008445371
0.0030505183
0.0066654926
0.0096758150
0.0117561089
0.0126969572
0.0124762125
0.0112386381
0.0092059497
0.0065917771
0.0035855915
0.0004039893
-0.0026575713
-0.0052507891
-0.0070887782
-0.0080715114
-0.0083181027
-0.0080744490
-0.0075678984
-0.0069164698
-0.0061368988
-0.0052069565
-0.0041093798
-0.0028265443
-0.0013189477
0.0004550774
0.0024595168
0.0045015121
0.0062449570
0.0073366957
0.0075514356
0.0068506679
0.0053548033
0.0033115206
0.0010979803
-0.0008107827
-0.0019788573
-0.0022093391
-0.0016645979
-0.0007962421
-0.0001059332
0.0001137660
-0.0001139769
-0.0005513927
-0.0009425016
-0.0011364124
-0.0010749084
-0.0007197630
-0.0000225616
0.0010395435
0.0024104278
0.0039265433
0.0053190520
0.0062544355
0.0064376025
0.0057675495
0.0044556723
0.0029882716
0.0019070903
0.0015312910
0.0018048352
0.0023619175
0.0027496621
0.0026562631
0.0020171378
0.0009714710
-0.0002594161
-0.0014731403
-0.0025188572
-0.0032877268
-0.0037040357
-0.0037258705
-0.0033415058
-0.0025652124
-0.0014492262
-0.0001152660
0.0012157585
0.0022340622
0.0026230107
0.0021976961
0.0010185395
-0.0006204994
-0.0023531268
-0.0039461444
-0.0053810951
-0.0067377227
-0.0079818324
-0.0088558084
-0.0089880146
-0.0081512819
-0.0064683816
-0.0043958677
-0.0024854978
-0.0010860635
-0.0001875627
0.0004967469
0.0012839315
0.0023009799
0.0034491841
0.0045484878
0.0054990372
0.0062980378
0.0069083952
0.0071319467
0.0066425732
0.0051868875
0.0027988250
-0.0001554410
-0.0031519834
-0.0057753541
-0.0078753022
-0.0095103630
-0.0107545115
-0.0115514016
-0.0117392284
-0.0112044602
-0.0100027877
-0.0083160168
-0.0062686466
-0.0037732705
-0.0005743944
0.0035049098
0.0082910910
0.0131782419
0.0173034015
0.0198657948
0.0204021734
0.0189010466
0.0157503449
0.0115773855
0.0070495456
0.0026985791
-0.0011707798
-0.0044656547
-0.0072153377
-0.0094789228
-0.0113033563
-0.0127315898
-0.0138067340
-0.0145194962
-0.0147159526
-0.0140680508
-0.0121983657
-0.0089196257
-0.0044194890
0.0007627996
0.0059543541
0.0105943738
0.0143344734
0.0169664160
0.0183030380
0.0181679369
0.0165226436
0.0136003501
0.0098865186
0.0059290987
0.0021291329
-0.0013290182
-0.0043846689
-0.0069560187
-0.0088712027
-0.0099261528
-0.0100135583
-0.0092152397
-0.0077844343
-0.0060403312
-0.0042552458
-0.0025947022
-0.0011174517
0.0001819259
0.0013107073
0.0022340432
0.0028810954
0.0031881354
0.0031288660
0.0027066082
0.0019281039
0.0007830290
-0.0007680332
-0.0027871166
-0.0053028791
-0.0082138488
-0.0112267781
-0.0139019736
-0.0157874877
-0.0165532881
-0.0160446554
-0.0142476457
-0.0112366014
-0.0071782725
-0.0023838158
0.0026799120
0.0074760927
0.0115415405
0.0145921336
0.0165314817
0.0173768726
0.0171743819
0.0159623746
0.0137894462
0.0107491026
0.0069923593
0.0027156642
-0.0018502677
-0.0064326956
-0.0107113913
-0.0143373152
-0.0169724407
-0.0183334552
-0.0182387840
-0.0166587678
-0.0137467996
-0.0098189396
-0.0052787566
-0.0005233111
0.0041304245
0.0084754034
0.0123948222
0.0157973016
0.0185400855
0.0203871021
0.0210395130
0.0202302514
0.0178287158
0.0138916293
0.0086402074
0.0024088316
-0.0043838524
-0.0112347827
-0.0175690947
-0.0227947193
-0.0263968664
-0.0280344110
-0.0275952234
-0.0251870284
-0.0210805397
-0.0156449126
-0.0093070804
-0.0025330627
0.0042003746
0.0104575391
0.0158965008
0.0202816414
0.0234484280
0.0252474933
0.0255194007
0.0241382281
0.0211111369
0.0166572426
0.0111843116
0.0051657574
-0.0009879641
-0.0069609834
-0.0124644473
-0.0171524997
-0.0206060565
-0.0224026210
-0.0222454767
-0.0200980869
-0.0162515983
-0.0112666492
-0.0058076611
-0.0004670803
0.0043268147
0.0083029263
0.0112979947
0.0132212864
0.0140544763
0.0138667253
0.0128155662
0.0111169410
0.0089964900
0.0066474649
0.0042082493
0.0017558012
-0.0006866703
-0.0031129271
-0.0054677656
-0.0075937989
-0.0092513235
-0.0102195823
-0.0104145137
-0.0099304250
-0.0089612919
-0.0076483168
-0.0059737857
-0.0038064499
-0.0010796239
0.0020517533
0.0052281406
0.0080637295
0.0103165838
0.0119041309
0.0127817104
0.0128263557
0.0118452575
0.0097055312
0.0064739430
0.0024490266
-0.0019345331
-0.0062350749
-0.0100681596
-0.0131043825
-0.0150819344
-0.0158738702
-0.0155497867
-0.0143379878
-0.0124778513
-0.0100662082
-0.0070240638
-0.0032191693
0.0013415185
0.0063827152
0.0113803702
0.0157075089
0.0188104677
0.0203192579
0.0200648942
0.0180429812
0.0143862044
0.0093714102
0.0034215794
-0.0029538597
-0.0092774855
-0.0151884940
-0.0204129155
-0.0246399740
-0.0274273843
-0.0282482595
-0.0266865827
-0.0226593340
-0.0165065872
-0.0088932080
-0.0006137389
0.0075490172
0.0148522379
0.0205793432
0.0241048838
0.0250587098
0.0234795840
0.0198195770
0.0147775732
0.0090691293
0.0032573968
-0.0023025562
-0.0074239364
-0.0119954772
-0.0158900214
-0.0189194618
-0.0208569058
-0.0214976652
-0.0207098216
-0.0184451395
-0.0147272442
-0.0096585555
-0.0034618947
0.0034726018
0.0105833190
0.0171893016
0.0225847736
0.0261542679
0.0274889670
0.0264633655
0.0232350247
0.0181710440
0.0117489475
0.0044841646
-0.0030989689
-0.0104668509
-0.0170779298
-0.0224087499
-0.0260170733
-0.0276159499
-0.0271118168
-0.0245796702
-0.0202058590
-0.0142554702
-0.0070957994
0.0007423753
0.0085353188
0.0154408779
0.0206894172
0.0237940243
0.0246461692
0.0234373732
0.0204791209
0.0160569795
0.0104061113
0.0037910292
-0.0034054614
-0.0106703646
-0.0174414676
-0.0232118068
-0.0275753021
-0.0301896822
-0.0307205665
-0.0288544527
-0.0244205744
-0.0175681948
-0.0088744926
0.0007178828
0.0101221167
0.0183615326
0.0247314908
0.0288213168
0.0304419619
0.0295448400
0.0262088029
0.0206959345
0.0134984890
0.0053039164
-0.0031183000
-0.0110340445
-0.0178076862
-0.0229068015
-0.0258988054
-0.0264897189
-0.0246150606
-0.0205237757
-0.0147632125
-0.0080283344
-0.0009532624
0.0060176381
0.0126056489
0.0185603194
0.0235266070
0.0270167477
0.0285177608
0.0276744350
0.0244470983
0.0191660578
0.0124724613
0.0051887460
-0.0018322164
-0.0078488589
-0.0123510294
-0.0151337412
-0.0162925681
-0.0161218114
-0.0149549609
-0.0130382907
-0.0105105963
-0.0074692164
-0.0040313532
-0.0003391082
0.0034538229
0.0071505058
0.0104463328
0.0129169157
0.0141290272
0.0138386479
0.0121491924
0.0095087242
0.0065383269
0.0038049494
0.0016772034
0.0003071774
-0.0003339312
-0.0004392924
-0.0003472398
-0.0004464550
-0.0010066388
-0.0020373092
-0.0032882383
-0.0044059590
-0.0051428882
-0.0054766984
-0.0055699032
-0.0056160661
-0.0056887367
-0.0056868289
-0.0053919954
-0.0045842495
-0.0031406900
-0.0010722901
0.0014979799
0.0043780389
0.0073374904
0.0101166603
0.0124289053
0.0139775287
0.0145031840
0.0138522508
0.0120308771
0.0092122804
0.0057023624
0.0018980770
-0.0017478165
-0.0047777400
-0.0068166274
-0.0076690168
-0.0073714438
-0.0061636623
-0.0043974382
-0.0024387950
-0.0006094992
0.0008354261
0.0017323266
0.0020503940
0.0019150892
0.0015678408
0.0012610101
0.0011410228
0.0011865368
0.0012335541
0.0010631138
0.0004987819
-0.0005248588
-0.0019310319
-0.0035045460
-0.0049290179
-0.0058547400
-0.0059854675
-0.0051628521
-0.0034219507
-0.0009994385
0.0017060339
0.0042054577
0.0060060870
0.0067073520
0.0061008197
0.0042481184
0.0014920669
-0.0016260825
-0.0045205534
-0.0067209616
-0.0079664675
-0.0082042595
-0.0075227122
-0.0060858508
-0.0041132030
-0.0018901643
0.0002431145
0.0019542479
0.0030059441
0.0033139977
0.0029431943
0.0020531032
0.0008299892
-0.0005628738
-0.0020026823
-0.0033930985
-0.0046258901
-0.0055327443
-0.0058585897
-0.0052988588
-0.0036141928
-0.0007721847
0.0029796040
0.0071685458
0.0112460648
0.0147275758
0.0172398106
0.0184891691
0.0182358853
0.0163413531
0.0128667762
0.0081329520
0.0026673008
-0.0029513428
-0.0082562936
-0.0129625557
-0.0169061216
-0.0199182268
-0.0217442233
-0.0220796553
-0.0206985584
-0.0175788706
-0.0129379359
-0.0071660005
-0.0007210058
0.0059410638
0.0123721916
0.0181106075
0.0226732780
0.0255804813
0.0264112651
0.0248937694
0.0210080444
0.0150339925
0.0074953234
-0.0009556732
-0.0096053279
-0.0176661909
-0.0242754606
-0.0286223121
-0.0301906484
-0.0289610217
-0.0254026673
-0.0202359257
-0.0141187208
-0.0074695053
-0.0005273888
0.0064536722
0.0130796301
0.0188725240
0.0234286488
0.0265156080
0.0280238204
0.0278463096
0.0258324768
0.0218855575
0.0161272772
0.0089835274
0.0011153847
-0.0067604745
-0.0140425595
-0.0203144836
-0.0252964393
-0.0287414421
-0.0303672215
-0.0298894038
-0.0271425182
-0.0222077465
-0.0154558259
-0.0074699619
0.0010972737
0.0096349683
0.0175871120
0.0244059863
0.0295326296
0.0324636286
0.0328774386
0.0307489375
0.0263797965
0.0203133753
0.0131669977
0.0054729898
-0.0023749028
-0.0100474425
-0.0171458119
-0.0231228477
-0.0273312638
-0.0291879616
-0.0283718512
-0.0249542722
-0.0193860542
-0.0123467950
-0.0045544973
0.0033494061
0.0107996021
0.0172508653
0.0221547083
0.0250204776
0.0255350782
0.0236697790
0.0197040941
0.0141521598
0.0076414632
0.0008114185
-0.0057371626
-0.0114639961
-0.0159115246
-0.0187431161
-0.0197879947
-0.0190668302
-0.0167609414
-0.0131264447
-0.0084180929
-0.0028929600
0.0031136972
0.0091333000
0.0146045714
0.0189930654
0.0219000793
0.0230985784
0.0225088585
0.0201739830
0.0162760097
0.0111805509
