0.0002531512
0.0002516975
0.0002536512
0.0002531638
0.0002567745
0.0002584985
0.0002622713
0.0002578959
0.0002587641
0.0002596521
0.0002692344
0.0002737961
0.0002745617
0.0002710444
0.0002710695
0.0002748850
0.0002866389
0.0002835540
0.0002933870
0.0002735994
0.0002540070
0.0002447576
0.0002503662
0.0001883009
0.0002150696
0.0002785169
0.0002981507
0.0002684732
0.0002319492
0.0002376717
0.0002697137
0.0002424017
0.0001893153
0.0002106233
0.0003339446
0.0004324763
0.0004667320
0.0005228061
0.0005856358
0.0005864318
0.0005243689
0.0005118902
0.0005143050
0.0004972014
0.0004647817
0.0004504495
0.0004832757
0.0005247774
0.0004198785
0.0002462738
-0.0000237525
-0.0003569863
-0.0006306806
-0.0007440863
-0.0006321526
-0.0002721486
0.0001522232
0.0002469185
0.0000368559
-0.0002229862
-0.0001761493
-0.0001455919
-0.0001969709
-0.0001898701
-0.0002619906
-0.0004466480
-0.0003741765
0.0000498538
0.0006660706
0.0012479972
0.0014571857
0.0012523080
0.0009519027
0.0008432155
0.0009195921
0.0010012852
0.0012949276
0.0014619515
0.0011653269
0.0003368560
-0.0003373321
-0.0010121890
-0.0017548910
-0.0020314212
-0.0017542643
-0.0012028011
-0.0003805194
0.0004699530
0.0012359607
0.0016299251
0.0016898140
0.0015482734
0.0016250647
0.0019529354
0.0021884428
0.0017765295
0.0010400369
0.0007501045
0.0004081613
0.0001257935
0.0000786629
-0.0004092465
-0.0015845266
-0.0030589732
-0.0037642392
-0.0030477798
-0.0023236588
-0.0018145172
-0.0015220019
-0.0014365518
-0.0016529953
-0.0019342531
-0.0011355189
0.0004086098
0.0010497848
0.0009917212
0.0013186895
0.0021852703
0.0028949742
0.0028138350
0.0023556774
0.0020933220
0.0021317274
0.0016117915
0.0000191729
-0.0020861562
-0.0032210530
-0.0027493559
-0.0018568676
-0.0018895166
-0.0022763876
-0.0025809115
-0.0016779382
0.0002263886
0.0025750771
0.0035744358
0.0039899226
0.0037395600
0.0029770299
0.0019910539
0.0007759710
-0.0007091373
-0.0031760640
-0.0072802168
-0.0101637720
-0.0102147069
-0.0093534935
-0.0084159140
-0.0067901177
-0.0047898099
-0.0035443307
-0.0029141598
-0.0027018628
-0.0028797690
-0.0020048693
0.0002183601
0.0034003863
0.0064134634
0.0092203182
0.0121049235
0.0138371455
0.0146639598
0.0133696236
0.0094857793
0.0025374432
-0.0043083046
-0.0081486016
-0.0076916491
-0.0045612956
-0.0020645595
-0.0017875419
-0.0023612147
-0.0040117050
-0.0077235591
-0.0114744954
-0.0125852395
-0.0113294527
-0.0091634041
-0.0058045995
-0.0011637959
0.0034723775
0.0067132725
0.0081906298
0.0072389481
0.0027514820
-0.0026427724
-0.0057407238
-0.0061505490
-0.0044006892
-0.0027350521
-0.0018520693
-0.0019826542
-0.0034644903
-0.0053901051
-0.0062683333
-0.0046774162
-0.0010989286
0.0022370417
0.0056352944
0.0082092165
0.0101411550
0.0109090682
0.0084316216
0.0020288633
-0.0061669557
-0.0097129901
-0.0068224975
-0.0033153346
-0.0008487199
0.0013715119
0.0030693895
0.0038893787
0.0031085692
-0.0010263376
-0.0080525718
-0.0148507828
-0.0182248791
-0.0168531657
-0.0142935817
-0.0110640826
-0.0060289636
-0.0023225827
-0.0008505566
-0.0005405687
-0.0002022232
-0.0013450826
-0.0040019219
-0.0054032427
-0.0031788540
0.0020052323
0.0053895731
0.0069739391
0.0064516729
0.0042944604
0.0006334400
-0.0037326607
-0.0072048367
-0.0080368225
-0.0048107641
0.0020615606
0.0092766242
0.0128939962
0.0120995014
0.0073945557
0.0015215952
-0.0025925524
-0.0026444612
-0.0015674264
-0.0030269221
-0.0049599701
-0.0035257273
0.0014125300
0.0041037796
0.0049550502
0.0043971082
0.0029421173
-0.0004382226
-0.0035740105
-0.0035730700
0.0005031814
0.0040584173
0.0045203444
0.0023846627
-0.0017168403
-0.0071356717
-0.0121642516
-0.0153240241
-0.0169274140
-0.0167906159
-0.0152923360
-0.0100191749
-0.0031880772
0.0030570866
0.0088531397
0.0131447247
0.0154944507
0.0151196161
0.0107011786
0.0032054309
-0.0059893317
-0.0114367353
-0.0112660487
-0.0114784785
-0.0118947592
-0.0077183068
-0.0015392813
0.0017331179
0.0013837591
-0.0021990160
-0.0062324143
-0.0064134894
-0.0013841064
0.0052531993
0.0071516922
0.0031693596
-0.0003559205
0.0021136718
0.0072573936
0.0092001021
0.0054134306
-0.0011312555
-0.0029733829
0.0016593561
0.0085689712
0.0113443543
0.0094195900
0.0032847903
-0.0053773120
-0.0113377716
-0.0104699662
-0.0046887702
0.0028902280
0.0085439958
0.0084753080
0.0062578892
0.0040888529
0.0034750636
0.0051027223
0.0063404666
0.0039865486
-0.0003931250
-0.0048867765
-0.0074370184
-0.0074935398
-0.0077282404
-0.0076284206
-0.0057564286
-0.0025332745
-0.0008514408
-0.0012693376
-0.0005023684
0.0030530125
0.0078917695
0.0100633043
0.0114069505
0.0123481315
0.0129822270
0.0132931748
0.0125060333
0.0107164145
0.0061142772
-0.0005748048
-0.0073806911
-0.0125834941
-0.0125620375
-0.0096388068
-0.0036836171
0.0000500521
0.0001801538
-0.0013168363
-0.0024333275
-0.0030635635
-0.0036571803
-0.0044407640
-0.0053789990
-0.0059559390
-0.0059165318
-0.0050278724
-0.0028183872
0.0009399090
0.0043642122
0.0070433307
0.0080183844
0.0076889826
0.0071776702
0.0064305264
0.0067208533
0.0079884641
0.0092203962
0.0106693977
0.0101400780
0.0069399374
0.0007800420
-0.0061263034
-0.0114703638
-0.0145314418
-0.0181559044
-0.0207670825
-0.0214968457
-0.0196400255
-0.0122847275
-0.0015620664
0.0082030256
0.0132362886
0.0129989948
0.0076922675
-0.0009097395
-0.0079947376
-0.0083337015
-0.0058206515
-0.0062337067
-0.0093366978
-0.0125375728
-0.0121610577
-0.0059560244
0.0029550089
0.0102119866
0.0140840394
0.0147260546
0.0140053531
0.0131802008
0.0103188142
0.0034575260
-0.0041928933
-0.0091135305
-0.0099440168
-0.0080453355
-0.0035133882
0.0030042038
0.0081392604
0.0104172394
0.0108435938
0.0087731758
0.0043199056
-0.0015627637
-0.0054761605
-0.0049290675
-0.0008049555
0.0019851917
0.0008664202
-0.0048316478
-0.0128369707
-0.0175116145
-0.0153273665
-0.0082404023
0.0009605587
0.0079511719
0.0137835553
0.0183210017
0.0200772242
0.0178941924
0.0133874313
0.0095419414
0.0080308200
0.0059487147
0.0006395331
-0.0058928423
-0.0083784974
-0.0052107598
-0.0017716997
-0.0022758788
-0.0039169612
-0.0045894119
-0.0034046535
-0.0006342573
0.0030296991
0.0046488886
0.0030648132
-0.0002469831
-0.0046602630
-0.0081380200
-0.0091711576
-0.0089661499
-0.0078883909
-0.0071617854
-0.0071398498
-0.0061582291
-0.0043937797
-0.0030068434
-0.0010654728
0.0031741170
0.0089060419
0.0146084383
0.0182257611
0.0185935859
0.0140568265
0.0047986711
-0.0075952916
-0.0180938838
-0.0211261427
-0.0189184512
-0.0173647799
-0.0171975471
-0.0160975452
-0.0123820479
-0.0075779825
-0.0042354601
-0.0057420812
-0.0128943119
-0.0238843783
-0.0293677779
-0.0215771382
-0.0079601296
0.0017274869
0.0034497140
-0.0022703787
-0.0132073487
-0.0252660168
-0.0292469864
-0.0236536487
-0.0144618358
-0.0019402797
0.0107974962
0.0233770443
0.0349476716
0.0420143232
0.0433632338
0.0422442171
0.0388474295
0.0313970395
0.0217425048
0.0141004730
0.0128059883
0.0122877636
0.0129392675
0.0141588448
0.0142589226
0.0120549543
0.0067173243
-0.0000110426
-0.0052796704
-0.0086581267
-0.0133131830
-0.0211116774
-0.0285681766
-0.0345420124
-0.0388802967
-0.0410994545
-0.0441438668
-0.0504759737
-0.0569128656
-0.0616665764
-0.0601259590
-0.0543682389
-0.0479088228
-0.0424678162
-0.0364653284
-0.0291390910
-0.0194659036
-0.0067054522
0.0021850317
0.0051599781
0.0087970147
0.0144695141
0.0210769719
0.0270111628
0.0324218461
0.0386388435
0.0487321089
0.0626274405
0.0787868948
0.0948211196
0.1043510282
0.1020750213
0.0863576586
0.0592715883
0.0400124324
0.0313778391
0.0299717173
0.0323044434
0.0381150295
0.0464018154
0.0528961228
0.0527319168
0.0422455263
0.0197097244
-0.0082219688
-0.0380560543
-0.0668614318
-0.0945426769
-0.1086410330
-0.1138126957
-0.1140551145
-0.1067595253
-0.0937444868
-0.0816253022
-0.0760370618
-0.0755985354
-0.0756270853
-0.0720575870
-0.0597003381
-0.0359611233
-0.0030855028
0.0293305006
0.0533950821
0.0732649923
0.0925118184
0.1073723035
0.1162636230
0.1229077175
0.1297296105
0.1362075122
0.1387919508
0.1366941138
0.1304391335
0.1241354094
0.1234011897
0.1312273891
0.1419659564
0.1464743331
0.1412046259
0.1240002268
0.0985482040
0.0778827684
0.0613839092
0.0438015002
0.0240062561
0.0014299115
-0.0179368548
-0.0359762292
-0.0472929249
-0.0511790531
-0.0565925775
-0.0660793875
-0.0786366156
-0.0932076559
-0.1058890088
-0.1177816418
-0.1273025445
-0.1379978459
-0.1423318593
-0.1356587043
-0.1247797550
-0.1161183203
-0.1125527865
-0.1055672074
-0.0886844519
-0.0549287732
-0.0050122568
0.0542019811
0.1126436819
0.1495696988
0.1700342638
0.1743250114
0.1738356244
0.1750896844
0.1754078648
0.1737855808
0.1682381737
0.1531928895
0.1276445862
0.1021636885
0.0770622212
0.0520144556
0.0267535638
-0.0038382489
-0.0417447843
-0.0763827615
-0.1157387691
-0.1496799989
-0.1718397314
-0.1812134744
-0.1792128463
-0.1707463864
-0.1561877038
-0.1336513913
-0.1094485076
-0.0909890366
-0.0827958758
-0.0817572817
-0.0831506558
-0.0863783352
-0.0893898803
-0.0864775125
-0.0739675982
-0.0504550371
-0.0155286827
0.0258351207
0.0609010214
0.0852059326
0.1038881021
0.1108220593
0.1128171167
0.1122121375
0.1085211699
0.1052176452
0.1059664417
0.1100327824
0.1137137227
0.1167783567
0.1186142774
0.1148183948
0.0991070392
0.0662458032
0.0309850204
0.0103882717
-0.0060791492
-0.0212938582
-0.0278965995
-0.0291344394
-0.0282661698
-0.0312074218
-0.0446856092
-0.0709080800
-0.0952744826
-0.1104211538
-0.1132995403
-0.1092298572
-0.1022471563
-0.0925143252
-0.0845980009
-0.0778385462
-0.0711863370
-0.0641042361
-0.0548463081
-0.0441166168
-0.0285670253
-0.0076031500
0.0116025568
0.0240190688
0.0252005795
0.0186423389
0.0037655372
-0.0158770843
-0.0316216135
-0.0368269325
-0.0350530695
-0.0267246333
-0.0121838419
-0.0003042318
0.0029712178
-0.0002058719
-0.0075143139
-0.0158982901
-0.0174499003
-0.0125252987
-0.0034417981
0.0065850635
0.0190671150
0.0331244242
0.0481415300
0.0595776432
0.0671906979
0.0764138461
0.0880453613
0.0956687033
0.0942127979
0.0831868376
0.0641005130
0.0524888573
0.0507405267
0.0481263219
0.0433719984
0.0372629428
0.0313351118
0.0263859247
0.0214842559
0.0182878746
0.0151807546
0.0125926393
0.0066467954
-0.0030056949
-0.0128244923
-0.0170249293
-0.0223771759
-0.0204844989
-0.0018815115
0.0320415522
0.0595465957
0.0708606640
0.0676530298
0.0532087418
0.0293560609
0.0129986885
0.0011363480
-0.0042657666
-0.0117582489
-0.0272088859
-0.0533495415
-0.0822204677
-0.1023247749
-0.1133110531
-0.1107675592
-0.0920226820
-0.0642310254
-0.0436429113
-0.0376466813
-0.0399279804
-0.0391747459
-0.0339654624
-0.0258615815
-0.0209482606
-0.0207258685
-0.0288569344
-0.0441403480
-0.0565789107
-0.0523542875
-0.0384881465
-0.0209872092
-0.0083320869
-0.0075657733
-0.0155342441
-0.0284364664
-0.0422516540
-0.0540983380
-0.0617775913
-0.0627562261
-0.0602283115
-0.0458344477
-0.0180808669
0.0155534538
0.0560185436
0.0973984092
0.1359155141
0.1606210616
0.1714130149
0.1758764545
0.1801401841
0.1845170919
0.1862422484
0.1776829433
0.1488417926
0.1055267269
0.0608874660
0.0120217342
-0.0197654315
-0.0386502727
-0.0586045420
-0.0809515804
-0.1051689944
-0.1286131472
-0.1578252144
-0.1777569409
-0.1865556937
-0.1894944296
-0.1887642951
-0.1848463210
-0.1793216609
-0.1733230261
-0.1687858674
-0.1656781533
-0.1619962845
-0.1567023447
-0.1531317045
-0.1504383584
-0.1479479719
-0.1465221484
-0.1468945504
-0.1477894852
-0.1490647138
-0.1496834342
-0.1466206571
-0.1374061436
-0.1204152884
-0.0967912016
-0.0721178435
-0.0488457050
-0.0201999562
0.0197135032
0.0602068457
0.0914096346
0.1035139360
0.0988344457
0.0897008839
0.0788620994
0.0763015498
0.0819933034
0.0905811305
0.1012473993
0.1094888024
0.1126241844
0.1125488870
0.1099796749
0.1088616332
0.1092509331
0.1093495346
0.1038736183
0.0887763593
0.0668840303
0.0485003209
0.0356173361
0.0255789701
0.0192230577
0.0134852622
0.0084452689
0.0036427290
0.0022484124
0.0056271575
0.0125321507
0.0238580474
0.0351490157
0.0423771343
0.0451716538
0.0438985234
0.0336067086
0.0128516774
-0.0096279996
-0.0300792321
-0.0469654507
-0.0536090067
-0.0528037604
-0.0440366585
-0.0312181361
-0.0184717359
-0.0087173573
0.0019123704
0.0148138397
0.0329678687
0.0537397141
0.0698449840
0.0796826281
0.0847591059
0.0858158419
0.0799256968
0.0639948644
0.0392561155
0.0198398747
0.0033324673
-0.0122766221
-0.0199092115
-0.0196544908
-0.0137189536
-0.0040295619
0.0064718834
0.0150812432
0.0204726518
0.0223631006
0.0210841581
0.0149086904
0.0017841670
-0.0125550834
-0.0163719306
-0.0129334276
-0.0053484130
0.0055571698
0.0167535707
0.0225669979
0.0243093678
0.0233292476
0.0179357963
0.0062848263
-0.0110045688
-0.0267744540
-0.0338107637
-0.0317565454
-0.0266084097
-0.0202728119
-0.0144602481
-0.0109498644
-0.0095208191
-0.0093629173
-0.0096885811
-0.0091090489
-0.0079871893
-0.0052674446
0.0045098835
0.0219638663
0.0420855911
0.0578949170
0.0653721207
0.0636795343
0.0550469837
0.0374892622
0.0191060357
0.0070543653
-0.0054866214
-0.0196778227
-0.0358945069
-0.0546544714
-0.0750154583
-0.0927746538
-0.1065120000
-0.1140598496
-0.1122821428
-0.0968214692
-0.0685272787
-0.0401844838
-0.0247171996
-0.0197291290
-0.0191634233
-0.0244194265
-0.0372512165
-0.0506880971
-0.0548242945
-0.0524258247
-0.0452012528
-0.0295467649
-0.0087523330
0.0086630438
0.0212127301
0.0292987197
0.0317314122
0.0288191186
0.0198641073
0.0067633226
0.0003640578
0.0035482738
0.0116009134
0.0209923992
0.0298676100
0.0387804046
0.0488187892
0.0583768764
0.0654878151
0.0691094552
0.0678273467
0.0600569193
0.0455216801
0.0301222658
0.0218516536
0.0138062002
0.0027856908
-0.0070980620
-0.0178329610
-0.0280543064
-0.0382513077
-0.0437545298
-0.0449171930
-0.0404043040
-0.0330679187
-0.0277959368
-0.0253041019
-0.0237796860
-0.0246624488
-0.0276762315
-0.0296125457
-0.0260070885
-0.0177294572
-0.0064107449
0.0083426016
0.0214468021
0.0325020458
0.0404963972
0.0440886332
0.0430637152
0.0369085713
0.0214597355
0.0020035583
-0.0076323805
-0.0097265269
-0.0078361218
-0.0059561674
-0.0053607187
-0.0063909382
-0.0109472276
-0.0181785401
-0.0261836336
-0.0288615767
-0.0238299710
-0.0106454900
0.0056408428
0.0188914519
0.0234516918
0.0218774181
0.0151173321
0.0052804002
-0.0054576426
-0.0143149454
-0.0205249330
-0.0274766886
-0.0343947878
-0.0357036914
-0.0298977476
-0.0197980294
-0.0091068995
-0.0020127797
-0.0007383130
-0.0033942938
-0.0082249268
-0.0123414652
-0.0112532918
-0.0030287632
0.0097290709
0.0236981958
0.0329778774
0.0384655480
0.0411656996
0.0420513684
0.0424047279
0.0405111781
0.0361632751
0.0281195672
0.0175272682
0.0068082281
-0.0024119156
-0.0090328044
-0.0122872715
-0.0108168822
-0.0063725409
-0.0022262317
0.0000465888
0.0009355694
-0.0004452542
-0.0034161394
-0.0066772226
-0.0091819203
-0.0086479035
-0.0069688531
-0.0043689798
-0.0011378113
0.0027311294
0.0080354549
0.0099879140
0.0092451813
0.0077682241
0.0048226335
0.0036682939
0.0058370776
0.0113961341
0.0182938445
0.0255033198
0.0316608963
0.0364150063
0.0392777670
0.0414056023
0.0439523736
0.0456429545
0.0456454892
0.0431982479
0.0402327540
0.0375148689
0.0354648750
0.0336356113
0.0317888091
0.0301836550
0.0278182846
0.0242855066
0.0203990535
0.0170394782
0.0159124304
0.0171975935
0.0209672196
0.0235129511
0.0235015126
0.0216618780
0.0170941640
0.0119130590
0.0077782366
0.0089523160
0.0152677877
0.0209935783
0.0255547839
0.0290029149
0.0291263712
0.0263852841
0.0235656686
0.0203770213
0.0162259036
0.0126014875
0.0110452164
0.0132117032
0.0180142227
0.0236969238
0.0293237043
0.0339688884
0.0359021109
0.0359181638
0.0365348694
0.0370397523
0.0364859771
0.0358502104
0.0340742491
0.0326379619
0.0314176790
0.0291325825
0.0263072477
0.0224209153
0.0181648361
0.0133418907
0.0082294642
0.0034322786
-0.0013770566
-0.0052498458
-0.0082191964
-0.0096864921
-0.0100660896
-0.0093189737
-0.0070081247
-0.0042516476
-0.0010409097
0.0041587505
0.0108858384
0.0178437310
0.0221307276
0.0249609832
0.0270432594
0.0299024920
0.0326166539
0.0339393265
0.0324525872
0.0299166230
0.0263263831
0.0217078178
0.0167957131
0.0127754143
0.0081096428
0.0024040646
-0.0048975150
-0.0151128941
-0.0277458746
-0.0393960889
-0.0478220218
-0.0576464261
-0.0671425577
-0.0749630843
-0.0827063266
-0.0890338005
-0.0919133197
-0.0913724593
-0.0875865018
-0.0805310845
-0.0720927846
-0.0638862356
-0.0579818294
-0.0546521224
-0.0524097161
-0.0503032259
-0.0480366799
-0.0469444305
-0.0469998591
-0.0470905688
-0.0454116215
-0.0411658574
-0.0335287465
-0.0243514731
-0.0136902830
-0.0037240177
0.0044094288
0.0141999938
0.0229938629
0.0277307502
0.0295397272
0.0293988904
0.0268102458
0.0205700557
0.0122699373
0.0041715018
-0.0027844736
-0.0104493546
-0.0200627496
-0.0254784002
-0.0290750649
-0.0302685620
-0.0286244408
-0.0271227906
-0.0271990722
-0.0287180287
-0.0305929352
-0.0310734462
-0.0277747588
-0.0230243440
-0.0185415462
-0.0141883231
-0.0117865574
-0.0106582469
-0.0099101468
-0.0119501228
-0.0155315052
-0.0203621289
-0.0243874228
-0.0235164792
-0.0181579377
-0.0119167820
-0.0045874278
0.0024048389
0.0083826021
0.0146503858
0.0211407472
0.0280057483
0.0358852502
0.0451163366
0.0546919530
0.0630702563
0.0682958992
0.0711389953
0.0706156084
0.0650442565
0.0525110381
0.0366871541
0.0239314693
0.0210217011
0.0167503025
0.0093260671
0.0008513142
-0.0077049613
-0.0148216666
-0.0187038117
-0.0205789039
-0.0225266009
-0.0228969325
-0.0211700956
-0.0177338209
-0.0134936183
-0.0086345579
-0.0044175629
-0.0010655870
0.0003743955
-0.0005509122
0.0015796198
0.0056962241
0.0103941952
0.0154664857
0.0194500828
0.0220601931
0.0243105005
0.0245689815
0.0244468994
0.0239299188
0.0231384972
0.0211497161
0.0169168390
0.0127176554
0.0079866879
0.0020081551
-0.0054143944
-0.0127206450
-0.0175789551
-0.0205319242
-0.0204950925
-0.0198897419
-0.0202473258
-0.0213895909
-0.0231233541
-0.0252747999
-0.0264068799
-0.0267034367
-0.0286630365
-0.0309682433
-0.0334919334
-0.0366380111
-0.0385646695
-0.0363940975
-0.0303586682
-0.0268920517
-0.0252537148
-0.0235093208
-0.0214967900
-0.0204640079
-0.0216025963
-0.0241846953
-0.0282820463
-0.0338551066
-0.0403449388
-0.0453502694
-0.0483000445
-0.0503127704
-0.0515457545
-0.0536421896
-0.0557210490
-0.0579681997
-0.0606326245
-0.0640479719
-0.0654253859
-0.0635523735
-0.0592113318
-0.0554946275
-0.0506806695
-0.0440855879
-0.0364674638
-0.0298368040
-0.0244823570
-0.0198499949
-0.0155500928
-0.0113046816
-0.0069013741
-0.0012738230
0.0047213357
0.0090690233
0.0120108157
0.0147220808
0.0156219364
0.0141352621
0.0130011581
0.0131737202
0.0175143163
0.0216151954
0.0271157715
0.0334775238
0.0395441584
0.0442254406
0.0468007247
0.0494280950
0.0496712844
0.0484861806
0.0465202023
0.0451753119
0.0449658160
0.0448510779
0.0456560736
0.0442771275
0.0431575538
0.0416783907
0.0389182240
0.0346771300
0.0303652602
0.0277568118
0.0268326122
0.0269070276
0.0276277477
0.0267096666
0.0231888471
0.0174071080
0.0086607245
-0.0004768298
-0.0072716156
-0.0135101540
-0.0184028355
-0.0227200253
-0.0274869108
-0.0322222197
-0.0366976734
-0.0390737397
-0.0378226879
-0.0331612745
-0.0277820007
-0.0224742084
-0.0165339547
-0.0121410867
-0.0095326105
-0.0066080149
-0.0041596984
-0.0037268189
-0.0050187039
-0.0043721022
-0.0037598931
-0.0054819671
-0.0086932667
-0.0130054754
-0.0175508230
-0.0218435110
-0.0245578308
-0.0230608600
-0.0188926310
-0.0138172581
-0.0123700894
-0.0131265641
-0.0134736102
-0.0110501186
-0.0078577538
-0.0047473332
0.0000761659
0.0051695467
0.0102051531
0.0151168864
0.0177515265
0.0184776037
0.0191588089
0.0195033295
0.0208918293
0.0222995945
0.0226830265
0.0230416132
0.0245106655
0.0260727394
0.0277341483
0.0291676223
0.0302621742
0.0319736731
0.0351866180
0.0393398897
0.0432879735
0.0462652123
0.0489037054
0.0499416960
0.0512831604
0.0524615887
0.0522563823
0.0492178657
0.0452258104
0.0392988150
0.0314719192
0.0246931341
0.0184080255
0.0136804228
0.0103708354
0.0086262000
0.0076917884
0.0069577024
0.0052553784
0.0026722526
-0.0014930546
-0.0065038871
-0.0122021882
-0.0174111932
-0.0213957373
-0.0240708857
-0.0257846222
-0.0275941842
-0.0292558531
-0.0308165807
-0.0325289709
-0.0335325995
-0.0319251058
-0.0290541005
-0.0264135090
-0.0244181824
-0.0210217568
-0.0167818421
-0.0116886150
-0.0055840745
-0.0004339467
0.0028189350
0.0048796284
0.0068597627
0.0087335987
0.0100717903
0.0152456906
0.0200328627
0.0241737860
0.0285139272
0.0314577603
0.0325728960
0.0318827313
0.0301972104
0.0281181281
0.0267602301
0.0284752664
0.0325055461
0.0364903409
0.0407303671
0.0447834123
0.0478837824
0.0501957483
0.0502444363
0.0472608284
0.0435553026
0.0400382062
0.0360199036
0.0306503692
0.0243710913
0.0191309832
0.0159941899
0.0137444581
0.0126392754
0.0123275756
0.0120756959
0.0117232463
0.0119477831
0.0111618207
0.0087500713
0.0091087100
0.0090437545
0.0071084894
0.0057868827
0.0038006234
0.0008308461
-0.0020468827
-0.0049184971
-0.0087615237
-0.0134867199
-0.0186918533
-0.0238227941
-0.0268430573
-0.0268361775
-0.0235729941
-0.0211778018
-0.0206661505
-0.0191461541
-0.0177390110
-0.0177518979
-0.0181200383
-0.0184565836
-0.0174988947
-0.0152908319
-0.0126401946
-0.0093029579
-0.0052123177
-0.0018890041
0.0003541644
0.0034034270
0.0059219019
0.0071313145
0.0050340485
0.0016783133
-0.0016491599
-0.0037949626
-0.0067679472
-0.0094688165
-0.0116886614
-0.0142755976
-0.0161311180
-0.0177894166
-0.0189842878
-0.0200652286
-0.0196038066
-0.0167603484
-0.0131159148
-0.0097100005
-0.0061622772
-0.0029395910
0.0004362587
0.0025411765
0.0015546351
-0.0006913779
-0.0022679610
-0.0053945719
-0.0104671808
-0.0163590158
-0.0212044855
-0.0244926907
-0.0285526065
-0.0333113309
-0.0357693051
-0.0341753761
-0.0288781681
-0.0219746363
-0.0160768036
-0.0111382751
-0.0073929922
-0.0057977716
-0.0065412295
-0.0081480408
-0.0083813905
-0.0062912698
-0.0019237226
0.0011325247
0.0024150092
0.0026242507
0.0030809329
0.0058422036
0.0088171816
0.0099587606
0.0110678799
0.0133650741
0.0152147081
0.0151171185
0.0136849165
0.0120169249
0.0121208743
0.0135979484
0.0151514527
0.0151616750
0.0155700174
0.0147870168
0.0131630523
0.0113574641
0.0104565408
0.0105707868
0.0105188492
0.0097833482
0.0078383325
0.0085130821
0.0118134361
0.0151369967
0.0171787738
0.0195119548
0.0213203284
0.0220545296
0.0203384348
0.0171140236
0.0144034362
0.0122946805
0.0114193268
0.0123750009
0.0136008452
0.0133297187
0.0101112588
0.0058287652
0.0005725150
-0.0038927323
-0.0039416376
0.0001549684
0.0063708483
0.0099502653
0.0129409295
0.0133993247
0.0125309715
0.0135248793
0.0152493208
0.0172127830
0.0185744784
0.0176947702
0.0155185533
0.0142414213
0.0122150936
0.0103579856
0.0100318947
0.0095732674
0.0092811253
0.0088423975
0.0099217339
0.0125465231
0.0154480281
0.0187623506
0.0207065567
0.0213136993
0.0210823476
0.0188144089
0.0163183310
0.0142389516
0.0108994680
0.0066790674
0.0053107810
0.0060202788
0.0056068392
0.0051054353
0.0052697982
0.0049507543
0.0039707622
0.0027525924
0.0016923951
-0.0007239406
-0.0042105980
-0.0086225809
-0.0125606449
-0.0137096598
-0.0136729395
-0.0140466692
-0.0156882372
-0.0189201039
-0.0231889771
-0.0287709784
-0.0343017477
-0.0381303583
-0.0411957071
-0.0435958110
-0.0455800333
-0.0470690288
-0.0462991008
-0.0441386861
-0.0419733413
-0.0410786386
-0.0420872159
-0.0446395487
-0.0456191954
-0.0446244707
-0.0414621821
-0.0377389508
-0.0342178806
-0.0311469239
-0.0283621439
-0.0252318869
-0.0219021335
-0.0189931823
-0.0157820201
-0.0113963291
-0.0075099288
-0.0037978696
-0.0008127598
0.0010496706
0.0026461148
0.0029063961
0.0014572628
-0.0009797006
-0.0038090017
-0.0071525547
-0.0099056531
-0.0118717800
-0.0132190936
-0.0151374052
-0.0170171582
-0.0177745799
-0.0161998884
-0.0146527069
-0.0145151846
-0.0152170385
-0.0161507919
-0.0163673347
-0.0153068291
-0.0129099842
-0.0113166679
-0.0110527090
-0.0120963446
-0.0117569676
-0.0096019937
-0.0060242981
-0.0026521729
0.0005550007
0.0037958864
0.0052925703
0.0043096861
0.0034861223
0.0045494319
0.0060306125
0.0076378454
0.0083953850
0.0088527089
0.0095320720
0.0101986540
0.0102761519
0.0096153727
0.0078979075
0.0053675177
0.0015415950
-0.0015989863
-0.0039503074
-0.0037644472
-0.0008357819
0.0020078682
0.0041744924
0.0061227224
0.0069109251
0.0054521044
0.0022066980
-0.0007304010
-0.0050441946
-0.0102064808
-0.0143964078
-0.0186113101
-0.0228377716
-0.0258983668
-0.0272814352
-0.0262748726
-0.0231962190
-0.0198311659
-0.0177173966
-0.0138365791
-0.0108789121
-0.0080621599
-0.0036762776
0.0016936021
0.0068731538
0.0113369731
0.0156317780
0.0199012733
0.0234899348
0.0237725648
0.0247321198
0.0249404644
0.0252113867
0.0250181666
0.0224153910
0.0171758770
0.0102217167
0.0027540845
-0.0019527126
-0.0038916219
-0.0041601636
-0.0031217375
-0.0016584834
-0.0005265443
0.0003980794
0.0005060558
-0.0018376709
-0.0039943866
-0.0054370541
-0.0063099159
-0.0070392279
-0.0071710411
-0.0052991800
-0.0018836552
0.0009801017
0.0024705167
0.0044532387
0.0056156614
0.0063990575
0.0089808166
0.0123726798
0.0156410997
0.0163270213
0.0172972164
0.0184107180
0.0180404886
0.0162587894
0.0132307829
0.0089627174
0.0036860440
-0.0012271386
-0.0059768737
-0.0093542827
-0.0109148803
-0.0107583433
-0.0080386116
-0.0055162270
-0.0050043259
-0.0035709977
-0.0029559215
-0.0057155702
-0.0095715219
-0.0125870779
-0.0119205701
-0.0082059029
-0.0031211414
0.0010759662
0.0026999130
0.0026615893
0.0016312556
-0.0001926969
-0.0021721791
-0.0015660541
0.0022835562
0.0074360760
0.0108167894
0.0111475782
0.0122127725
0.0119641517
0.0106203475
0.0080614339
0.0062355608
0.0077246268
0.0114782557
0.0147297499
0.0165773134
0.0176803049
0.0192293805
0.0204423657
0.0208727125
0.0203650721
0.0199349854
0.0187765467
0.0152985752
0.0104035633
0.0046983073
0.0004766778
0.0000975146
0.0003812273
-0.0006194768
-0.0018504287
-0.0035886318
-0.0065330600
-0.0087966211
-0.0104556587
-0.0104406085
-0.0085825572
-0.0064993201
-0.0082181343
-0.0099507480
-0.0099087820
-0.0088880857
-0.0063253041
-0.0030813860
-0.0011506926
-0.0008595911
-0.0031445830
-0.0055746043
-0.0076588766
-0.0086154430
-0.0085071929
-0.0081832412
-0.0075466556
-0.0058896224
-0.0032201989
0.0005042438
0.0040204548
0.0068128091
0.0080633363
0.0098055475
0.0107659659
0.0096647756
0.0080199627
0.0075170835
0.0074700147
0.0065785672
0.0040868966
-0.0001118171
-0.0054164834
-0.0092335821
-0.0117606721
-0.0138489647
-0.0150264367
-0.0152071505
-0.0156615442
-0.0161470781
-0.0161246281
-0.0152488380
-0.0137568715
-0.0126907210
-0.0097744165
-0.0052069438
-0.0006510791
0.0032344330
0.0068941693
0.0077524256
0.0065691443
0.0047537804
0.0027905541
0.0012290085
0.0000422178
-0.0015639521
-0.0044070148
-0.0083894606
-0.0119952177
-0.0140716632
-0.0146412405
-0.0146528926
-0.0148339779
-0.0148222887
-0.0137048504
-0.0117999642
-0.0096556860
-0.0071735693
-0.0052576819
-0.0038301546
-0.0028935129
-0.0023755156
-0.0016558614
-0.0005738931
0.0025698128
0.0064104357
0.0093910773
0.0116809924
0.0125007690
0.0104914506
0.0066169224
0.0024700673
-0.0015854671
-0.0039690817
-0.0051918714
-0.0063929223
-0.0073059424
-0.0075161420
-0.0073482334
-0.0080936075
-0.0095782346
-0.0097912400
-0.0081915815
-0.0054953665
-0.0022025989
0.0012152887
0.0040440031
0.0069519460
0.0109459928
0.0139679551
0.0159777006
0.0154133504
0.0132705392
0.0103213860
0.0073284304
0.0063324569
0.0088971836
0.0121540479
0.0147697754
0.0159443506
0.0140377097
0.0125092365
0.0110852141
0.0086392661
0.0050385041
0.0017291878
-0.0017467764
-0.0045143262
-0.0057906745
-0.0044682155
-0.0031191322
-0.0025272005
-0.0022950393
-0.0022987614
-0.0017168273
-0.0016450366
-0.0023338662
-0.0032294481
-0.0041242492
-0.0049167590
-0.0058104106
-0.0064790213
-0.0053488020
-0.0030736734
-0.0013159069
-0.0005527659
0.0015968630
0.0040334271
0.0051525774
0.0041662356
0.0022445148
0.0001916673
-0.0012535307
-0.0014930769
0.0012594914
0.0060328324
0.0111629998
0.0152889657
0.0186295170
0.0198397633
0.0197683468
0.0180893530
0.0159367744
0.0141988704
0.0130767341
0.0142326474
0.0168557097
0.0167577023
0.0172285667
0.0163833691
0.0124714392
0.0068522256
-0.0002613376
-0.0076703913
-0.0128286146
-0.0151621949
-0.0179804177
-0.0192012948
-0.0177453709
-0.0149307504
-0.0127127438
-0.0106863326
-0.0089657386
-0.0092537499
-0.0093158634
-0.0087129425
-0.0062834467
-0.0048355854
-0.0037880781
-0.0026207263
-0.0014675603
0.0003638655
0.0014499995
0.0019218982
0.0017347641
0.0010544827
-0.0003332283
-0.0020968993
-0.0027741957
-0.0013546308
0.0012393217
0.0035420124
0.0047821975
0.0066606850
0.0076070514
0.0063506666
0.0032980356
-0.0006670511
-0.0058009701
-0.0108504086
-0.0143636241
-0.0167290781
-0.0171612261
-0.0152880930
-0.0116267430
-0.0080557768
-0.0062109355
-0.0052187268
-0.0039900331
-0.0015694708
0.0015546416
0.0034923188
0.0050346074
0.0063383442
0.0069034074
0.0061673038
0.0048367097
0.0033515349
0.0020730678
0.0020999186
0.0039850928
0.0069606678
0.0089014776
0.0118768308
0.0132968793
0.0119224456
0.0086625721
0.0031893603
-0.0039273338
-0.0091266124
-0.0121297968
-0.0140935746
-0.0148459642
-0.0145755618
-0.0137788759
-0.0128784447
-0.0116933780
-0.0105626907
-0.0087923465
-0.0049540753
0.0004418898
0.0062154469
0.0106580427
0.0128091357
0.0134249871
0.0131739337
0.0120270728
0.0107232479
0.0099031277
0.0106359177
0.0120180390
0.0136902087
0.0141857513
0.0130520002
0.0112224764
0.0094898181
0.0082218193
0.0080111638
0.0083872778
0.0073916700
0.0073719200
0.0070229085
0.0054695732
0.0052071156
0.0051928899
0.0047695557
0.0036322523
0.0022935890
0.0017523220
0.0027469047
0.0055384225
0.0086842450
0.0097690500
0.0106070893
0.0122089473
0.0143519628
0.0167641736
0.0189228800
0.0203212121
0.0198949041
0.0173666182
0.0135732980
0.0087458496
0.0049203614
0.0025206819
0.0018083337
0.0034330446
0.0050734315
0.0056458862
0.0056388281
0.0060549574
0.0075571192
0.0081381676
0.0077065870
0.0099178251
0.0115133047
0.0128698472
0.0146750826
0.0156238490
0.0155647345
0.0144593568
0.0127079437
0.0089287519
0.0050905225
0.0014907158
0.0002425944
0.0023250701
0.0059004983
0.0092618089
0.0112692518
0.0101510151
0.0067807079
0.0031476413
-0.0005084573
-0.0019903362
-0.0028169759
-0.0033505934
-0.0036648530
-0.0042351388
-0.0053518139
-0.0069395845
-0.0083656226
-0.0103430468
-0.0115160344
-0.0104295785
-0.0072915198
-0.0037594837
-0.0009132181
0.0019704311
0.0035477753
0.0035146648
0.0040651866
0.0052689310
0.0067531226
0.0091480670
0.0108262689
0.0093367442
0.0069358698
0.0038932439
0.0006570365
-0.0016561279
0.0003446230
0.0040149268
0.0050188980
0.0032656002
0.0011520157
-0.0001208083
0.0009499715
0.0032812409
0.0042486747
0.0043863196
0.0026592988
-0.0012477483
-0.0065579500
-0.0117561320
-0.0142758390
-0.0159641359
-0.0167571360
-0.0150790335
-0.0136195257
-0.0133695307
-0.0141992510
-0.0151594652
-0.0157761987
-0.0169541906
-0.0175300164
-0.0171164561
-0.0165947683
-0.0162504148
-0.0162947948
-0.0144969963
-0.0123766071
-0.0109409513
-0.0096142957
-0.0088720513
-0.0076233782
-0.0052481885
-0.0041041621
-0.0051226859
-0.0064241619
-0.0076467334
-0.0084659065
-0.0089854988
-0.0101978648
-0.0117953777
-0.0142556080
-0.0175853707
-0.0209075480
-0.0233139838
-0.0255072007
-0.0271142581
-0.0282025151
-0.0279756850
-0.0256422812
-0.0226212288
-0.0191372781
-0.0161323807
-0.0139120716
-0.0133307028
-0.0138253449
-0.0142517085
-0.0136732737
-0.0126449297
-0.0128563661
-0.0132664261
-0.0148562886
-0.0179490175
-0.0214192085
-0.0247406244
-0.0261174814
-0.0253073143
-0.0234297897
-0.0207305108
-0.0173670081
-0.0132296966
-0.0099260791
-0.0068728010
-0.0046074963
-0.0026449997
-0.0020177794
-0.0025361954
-0.0028575818
-0.0024784132
-0.0025997433
-0.0038293729
-0.0046155748
-0.0043838146
-0.0060686048
-0.0084322668
-0.0105594504
-0.0114801497
-0.0102645462
-0.0082267930
-0.0072159002
-0.0089831684
-0.0102974784
-0.0112609329
-0.0112868460
-0.0096676074
-0.0069807493
-0.0045187623
-0.0004874278
0.0036577532
0.0061214318
0.0073081474
0.0062494728
0.0039446132
0.0011124042
-0.0012616890
-0.0014123703
0.0023355467
0.0068197233
0.0083629793
0.0095349966
0.0102506473
0.0086146566
0.0057872987
0.0022597720
-0.0019841054
-0.0059568944
-0.0084275810
-0.0088048899
-0.0064315013
-0.0017611507
0.0034626492
0.0090567566
0.0140554153
0.0168816878
0.0172537277
0.0161625647
0.0149518448
0.0139194342
0.0129952346
0.0122524638
0.0122813387
0.0133291802
0.0154005192
0.0154542209
0.0132852644
0.0126283569
0.0124864894
0.0126267413
0.0126854381
0.0133701621
0.0173150427
0.0223282465
0.0267482067
0.0307819309
0.0326500782
0.0340099445
0.0357812729
0.0344251018
0.0330644648
0.0328722381
0.0321391325
0.0310831949
0.0290446303
0.0256702369
0.0225570449
0.0194731548
0.0177956187
0.0180541647
0.0204320228
0.0228862554
0.0243834304
0.0245622503
0.0231488587
0.0210475400
0.0193797526
0.0182989696
0.0182592504
0.0194582253
0.0200090201
0.0197574561
0.0190410719
0.0172300058
0.0139736465
0.0097320326
0.0060904939
0.0042194146
0.0026037421
0.0019030896
0.0030617075
0.0060170376
0.0082404366
0.0063346489
0.0031679261
0.0038569600
0.0034695170
0.0007345055
-0.0022036267
-0.0043351275
-0.0036284187
-0.0029208418
-0.0037777500
-0.0054337860
-0.0069011476
-0.0082841249
-0.0086839014
-0.0067991404
-0.0021276171
0.0011052830
0.0038491684
0.0063956194
0.0073968248
0.0070429398
0.0073003290
0.0072441270
0.0059771383
0.0049076137
0.0054536920
0.0067144145
0.0073341738
0.0093923957
0.0112381023
0.0112972261
0.0105188028
0.0094784353
0.0071355352
0.0039753886
0.0005952227
-0.0025325057
-0.0056890406
-0.0088123463
-0.0117797054
-0.0156710794
-0.0200256765
-0.0234604750
-0.0265648838
-0.0283092314
-0.0276613020
-0.0252126587
-0.0222713324
-0.0194187383
-0.0174771875
-0.0159715728
-0.0140154268
-0.0114482667
-0.0117171463
-0.0133856301
-0.0150263531
-0.0151901877
-0.0158862574
-0.0171267062
-0.0177180001
-0.0178603039
-0.0172666889
-0.0167168411
-0.0163152671
-0.0168771662
-0.0180067115
-0.0194106050
-0.0199375943
-0.0191365167
-0.0165970894
-0.0127935749
-0.0085353473
-0.0046051176
-0.0009994181
0.0019991769
0.0045686870
0.0064206886
0.0074835886
0.0070867692
0.0053692140
0.0029188512
0.0002570968
-0.0019415405
-0.0034432594
-0.0037944993
-0.0045360807
-0.0061730017
-0.0076911431
-0.0093772712
-0.0109686284
-0.0122448598
-0.0140090019
-0.0163279684
-0.0173317734
-0.0155166500
-0.0108693583
-0.0096952567
-0.0092807577
-0.0083715647
-0.0076508595
-0.0065904495
-0.0046840899
-0.0023344233
-0.0002608019
0.0011146650
0.0022471924
0.0040356777
0.0055981972
0.0070804883
0.0084846761
0.0084704012
0.0084669854
0.0080530620
0.0070263484
0.0054393140
0.0040139955
0.0021770442
0.0011929279
0.0021633040
0.0051319036
0.0093408666
0.0110455414
0.0113970811
0.0122499292
0.0128799673
0.0128551591
0.0132286288
0.0125488535
0.0112801426
0.0096131908
0.0067791443
0.0024752212
-0.0020691386
-0.0066806505
-0.0106296228
-0.0133849523
-0.0153432430
-0.0178383182
-0.0208792395
-0.0248744422
-0.0277915916
-0.0283651242
-0.0272198138
-0.0254907207
-0.0236513554
-0.0218053517
-0.0200217306
-0.0181597482
-0.0164208135
-0.0149919818
-0.0142259347
-0.0132788581
-0.0116952163
-0.0095806671
-0.0081319600
-0.0056719571
-0.0022129112
0.0007755989
0.0023212207
0.0042381182
0.0061790850
0.0080713228
0.0107869489
0.0133998168
0.0153452485
0.0157782227
0.0151591774
0.0131993826
0.0102938760
0.0063774450
0.0013519141
-0.0034112399
-0.0070354899
-0.0096026900
-0.0092922714
-0.0079309780
-0.0070155848
-0.0064751618
-0.0071332318
-0.0091437562
-0.0111767780
-0.0123409824
-0.0121956890
-0.0103896737
-0.0079339268
-0.0065983441
-0.0053615896
-0.0037671415
-0.0031158938
-0.0036288987
-0.0039702042
-0.0034355737
-0.0008991549
0.0044188544
0.0105734514
0.0150575398
0.0174238944
0.0186652253
0.0193474146
0.0195610328
0.0195259466
0.0193109078
0.0191481967
0.0186757075
0.0174015280
0.0144589204
0.0100323033
0.0044141871
-0.0003012441
-0.0026795066
-0.0021078949
0.0011068307
0.0057108110
0.0089369603
0.0108459335
0.0125763728
0.0134686244
0.0129648371
0.0106239499
0.0072839873
0.0047242686
0.0030180480
0.0035360294
0.0050095661
0.0063923030
0.0073246005
0.0079823261
0.0082895805
0.0075215735
0.0066053372
0.0060022520
0.0055275401
0.0049177144
0.0045191300
0.0045062171
0.0049664637
0.0061905857
0.0074774516
0.0081223459
0.0089176002
0.0099398295
0.0100432311
0.0100564616
0.0093635858
0.0078946895
0.0057719848
0.0034340269
0.0019280334
0.0007245557
-0.0005653229
-0.0020353262
-0.0042415164
-0.0066618085
-0.0087860479
-0.0105386623
-0.0107451222
-0.0095416257
-0.0070086159
-0.0039411371
-0.0013186161
0.0000682105
0.0004426691
0.0001427535
-0.0004725829
-0.0006491348
-0.0002809482
0.0006294901
0.0013626108
0.0016908158
0.0015013643
0.0013196904
0.0010503363
-0.0000416507
-0.0020039009
-0.0038772104
-0.0060627388
-0.0080427191
-0.0088650536
-0.0095176438
-0.0100975456
-0.0108054437
-0.0116951234
-0.0122528166
-0.0119217585
-0.0103438453
-0.0087883913
-0.0072349372
-0.0055220576
-0.0034391074
-0.0008966389
0.0014151111
0.0028783512
0.0029828708
0.0019270882
0.0015961211
0.0026150237
0.0044447758
0.0065132450
0.0073385106
0.0073674802
0.0072133228
0.0069471338
0.0064618914
0.0065043969
0.0081873932
0.0109437181
0.0143061623
0.0167815264
0.0182602253
0.0177049646
0.0155127597
0.0125321692
0.0090914120
0.0059642133
0.0033135009
-0.0000562882
-0.0045786744
-0.0074906894
-0.0094491612
-0.0102498210
-0.0085834105
-0.0041449704
0.0014146543
0.0048026012
0.0060593481
0.0062317078
0.0057646389
0.0049274640
0.0046833917
0.0055368042
0.0057043267
0.0055113062
0.0055885162
0.0065076864
0.0083740306
0.0103562865
0.0127998233
0.0152098430
0.0173938868
0.0190880330
0.0211858886
0.0231913725
0.0243411673
0.0245024580
0.0233870159
0.0213057331
0.0185657417
0.0146872825
0.0099631150
0.0056754806
0.0023840249
-0.0003843016
-0.0039411269
-0.0081764793
-0.0116214786
-0.0141679900
-0.0153837792
-0.0150922082
-0.0131294331
-0.0106466599
-0.0079298360
-0.0061738262
-0.0054235136
-0.0056403368
-0.0063068037
-0.0065518705
-0.0056821209
-0.0034974058
-0.0006212796
0.0023681725
0.0046686637
0.0067885718
0.0079740071
0.0078636578
0.0063988263
0.0041664640
0.0021264891
-0.0001273978
-0.0010619298
0.0008138220
0.0040800196
0.0060393650
0.0070105433
0.0079539433
0.0085648767
0.0092175644
0.0092643074
0.0086834363
0.0076991687
0.0060111902
0.0030700413
-0.0007949786
-0.0045496148
-0.0062812667
-0.0069507353
-0.0073677921
-0.0080316621
-0.0082073160
-0.0076290511
-0.0071090521
-0.0071112089
-0.0077247661
-0.0086754126
-0.0105511872
-0.0126476037
-0.0134606490
-0.0132509117
-0.0119929244
-0.0098141449
-0.0075447551
-0.0058167947
-0.0052635200
-0.0051720341
-0.0056239822
-0.0060038257
-0.0047044648
-0.0018852726
0.0018552613
0.0044262634
0.0065441485
0.0086504419
0.0104306463
0.0115433680
0.0114013984
0.0098415900
0.0065265432
0.0013110465
-0.0049015454
-0.0096298751
-0.0127753865
-0.0156317223
-0.0192305411
-0.0224820910
-0.0253359107
-0.0269359025
-0.0264824745
-0.0240433014
-0.0206071938
-0.0176975370
-0.0154704688
-0.0141229323
-0.0131035571
-0.0125964738
-0.0124259358
-0.0129450332
-0.0136565895
-0.0147822817
-0.0158139960
-0.0171712255
-0.0188149289
-0.0199686232
-0.0207176889
-0.0201358466
-0.0184593596
-0.0159643030
-0.0127302823
-0.0086662590
-0.0052814679
-0.0028878911
-0.0005448632
0.0007435465
0.0011162480
0.0012011373
0.0014433035
0.0013660953
0.0015519649
0.0015452401
0.0015376909
0.0015998925
0.0019987090
0.0024847443
0.0022363602
0.0018886364
0.0010989036
0.0001278898
-0.0007569293
-0.0016375579
-0.0018793314
-0.0015519463
-0.0013821204
-0.0017823296
-0.0031139571
-0.0045981709
-0.0056161469
-0.0058312535
-0.0042289581
-0.0017279762
0.0003562268
0.0013122581
0.0019844368
0.0024989180
0.0011920301
-0.0000193856
-0.0009646179
-0.0008241865
0.0010214948
0.0025902396
0.0033619753
0.0036936991
0.0035911228
0.0028072365
0.0016270163
-0.0000371866
-0.0014331788
-0.0027397529
-0.0041858845
-0.0053815299
-0.0060037775
-0.0067290711
-0.0071740929
-0.0074429429
-0.0061386481
-0.0038178870
-0.0016137933
0.0005082028
0.0038770303
0.0069099270
0.0100432311
0.0118517811
0.0123671369
0.0121736290
0.0126788739
0.0139737486
0.0161448498
0.0182739942
0.0193196353
0.0196018754
0.0190289834
0.0179920605
0.0157095730
0.0135030421
0.0131946104
0.0132160855
0.0114572819
0.0089806941
0.0059541350
0.0020348917
-0.0031588208
-0.0090771250
-0.0132142286
-0.0158308752
-0.0164662984
-0.0145706503
-0.0104417413
-0.0057337280
-0.0030156108
-0.0015252431
-0.0011014318
-0.0010429941
-0.0007906415
0.0004001444
0.0031022029
0.0077675278
0.0130584529
0.0179247942
0.0198514061
0.0208235602
0.0216388802
0.0216996381
0.0219867155
0.0214904208
0.0189040324
0.0180018650
0.0180237114
0.0176028628
0.0171523315
0.0162745545
0.0142397408
0.0144523470
0.0161081295
0.0184305405
0.0200033565
0.0209257085
0.0217162296
0.0221819782
0.0212555317
0.0192589795
0.0159391791
0.0109181299
0.0062120989
0.0047409427
0.0061872256
0.0069540916
0.0079913256
0.0087422203
0.0088784483
0.0086918564
0.0065914049
0.0038047559
0.0020807972
0.0019545407
0.0035340527
0.0056060742
0.0066654907
0.0063694250
0.0050113571
0.0028963270
0.0009579256
-0.0013764643
-0.0029893328
-0.0035074860
-0.0031061488
-0.0027070333
-0.0025526123
-0.0031688694
-0.0045060007
-0.0059279731
-0.0079135686
-0.0100358499
-0.0116478374
-0.0126128239
-0.0127066811
-0.0124215999
-0.0117949784
-0.0109664744
-0.0101082321
-0.0090056945
-0.0084199082
-0.0087437262
-0.0093764727
-0.0096162454
-0.0087154131
-0.0075784922
-0.0057745659
-0.0036812328
-0.0016272336
0.0008314244
0.0027286644
0.0038648137
0.0043004833
0.0040072466
0.0036670266
0.0029934189
0.0006171244
-0.0019365492
-0.0040988941
-0.0064655477
-0.0087124820
-0.0098692764
-0.0106014257
-0.0114160494
-0.0113941193
-0.0114519062
-0.0120615277
-0.0123853253
-0.0120176212
-0.0126566375
-0.0138464393
-0.0150883458
-0.0158709936
-0.0149667372
-0.0130177960
-0.0107704875
-0.0081919863
-0.0058614328
-0.0035161466
-0.0025061925
-0.0024920633
-0.0036867469
-0.0052065483
-0.0064858947
-0.0075569336
-0.0087992003
-0.0096070352
-0.0101614138
-0.0102731251
-0.0098738258
-0.0087050794
-0.0075493602
-0.0079093154
-0.0042605561
0.0001814839
0.0019527599
0.0036283166
0.0056887259
0.0071037358
0.0078403908
0.0084830717
0.0084339390
0.0085563637
0.0081462916
0.0064440410
0.0053625347
0.0036428766
0.0010452493
-0.0025391878
-0.0077927325
-0.0130453060
-0.0176649762
-0.0206926114
-0.0219748963
-0.0207461181
-0.0178670723
-0.0144762268
-0.0120331356
-0.0086791171
-0.0060935699
-0.0039654171
-0.0029866087
-0.0024333043
-0.0024529002
-0.0027066842
-0.0033177160
-0.0044408698
-0.0062109151
-0.0074922130
-0.0077148159
-0.0077762422
-0.0079328368
-0.0083865415
-0.0083696409
-0.0076378435
-0.0066924223
-0.0058932100
-0.0050420034
-0.0036680228
-0.0023397888
-0.0008221495
0.0005409508
0.0006947074
-0.0002470720
-0.0011065949
-0.0018383087
-0.0018220023
-0.0025857831
-0.0039368068
-0.0049918995
-0.0045976742
-0.0042966348
-0.0046290949
-0.0046188179
-0.0043819624
-0.0055017951
-0.0075337315
-0.0093387126
-0.0105074478
-0.0113732570
-0.0119137739
-0.0104484818
-0.0063702941
-0.0022776986
-0.0001836298
0.0023148868
0.0046590570
0.0061522629
0.0069137949
0.0070003155
0.0076302813
0.0083979661
0.0085459614
0.0082968995
0.0074464171
0.0059754792
0.0042423260
0.0031306265
0.0015576702
-0.0008639101
-0.0032683985
-0.0049116442
-0.0062132928
-0.0079820085
-0.0101140999
-0.0122714971
-0.0138574507
-0.0154594945
-0.0168566660
-0.0173222196
-0.0169213791
-0.0160703044
-0.0155492665
-0.0160019518
-0.0153119449
-0.0135681637
-0.0113904334
-0.0097397016
-0.0093186673
-0.0086816787
-0.0067325361
-0.0047457465
-0.0031212482
-0.0018042011
0.0003044846
0.0012104914
0.0013373681
0.0009186587
0.0003100570
-0.0000018408
0.0005823544
0.0010000857
0.0006038281
-0.0003755502
-0.0006682533
-0.0008677136
-0.0006222254
-0.0010500280
-0.0010682006
-0.0007860592
-0.0011181801
-0.0017808608
-0.0021722692
-0.0031031378
-0.0039978470
-0.0045260562
-0.0052348550
-0.0052277635
-0.0029925703
0.0008871440
0.0044391986
0.0068422141
0.0082310119
0.0092234573
0.0112636997
0.0138718139
0.0167191437
0.0187349242
0.0208235324
0.0232091152
0.0253746735
0.0268643096
0.0265478467
0.0248312506
0.0230295062
0.0215807406
0.0200816065
0.0193663921
0.0192932208
0.0193155594
0.0199623097
0.0206020316
0.0207668504
0.0203318243
0.0203877171
0.0192564170
0.0170195443
0.0155439000
0.0141235543
0.0133131830
0.0129817906
0.0129689594
0.0120480280
0.0112643311
0.0100164082
0.0091091018
0.0084290340
0.0073121277
0.0061544104
0.0046394629
0.0028181857
0.0033932567
0.0032445039
0.0039588585
0.0062605631
0.0079801479
0.0094033607
0.0105474084
0.0121501113
0.0131510753
0.0125925557
0.0108554873
0.0093671882
0.0070480398
0.0045846146
0.0026277769
0.0015345824
0.0019438700
0.0025752795
0.0029979433
0.0028111369
0.0025176570
0.0027813679
0.0031942403
0.0030351176
0.0032826930
0.0039473763
0.0045676397
0.0046926326
0.0049538191
0.0051848012
0.0054005493
0.0061189714
0.0063923726
0.0061242487
0.0051788758
0.0040735678
0.0030159125
0.0024779229
0.0016757563
0.0008127197
-0.0003899293
-0.0012724117
-0.0010422996
-0.0008332520
-0.0007376368
-0.0001761146
-0.0002550590
-0.0008625496
0.0001152102
0.0003245938
-0.0007694326
-0.0025156190
-0.0041640807
-0.0050920099
-0.0056931332
-0.0061923405
-0.0072058840
-0.0084447053
-0.0105770724
-0.0134213012
-0.0172208977
-0.0200108492
-0.0225954921
-0.0240426607
-0.0241738603
-0.0231335949
-0.0212889839
-0.0192563334
-0.0177934739
-0.0149578426
-0.0126706478
-0.0124248309
-0.0113905819
-0.0117866781
-0.0121888463
-0.0099828168
-0.0083841638
-0.0077655836
-0.0068333669
-0.0056362609
-0.0039264434
-0.0029424590
-0.0031525732
-0.0033942929
-0.0044427648
-0.0054341128
-0.0047656544
-0.0038910611
-0.0035455563
-0.0026152605
-0.0017966834
-0.0017665032
-0.0027798444
-0.0041048436
-0.0051787189
-0.0063480372
-0.0084115030
-0.0107730779
-0.0133711184
-0.0151381480
-0.0153184441
-0.0144515578
-0.0125590108
-0.0104907728
-0.0086431712
-0.0071777659
-0.0049856780
-0.0028706646
-0.0012111070
0.0010450283
0.0035917987
0.0053717385
0.0069793724
0.0085401000
0.0094124874
0.0099836617
0.0099114281
0.0091423171
0.0071586268
0.0044474814
0.0012176851
-0.0014488018
-0.0031704552
-0.0030422843
-0.0018631457
-0.0007401379
-0.0000339778
0.0010658563
0.0026205879
0.0038680429
0.0049929617
0.0056680771
0.0054112970
0.0050496771
0.0043417994
0.0026656336
0.0010155082
-0.0000396082
-0.0015874002
-0.0032716546
-0.0040601108
-0.0038058626
-0.0032016716
-0.0019834035
-0.0007480216
0.0004995525
0.0022124461
0.0035601580
0.0045853323
0.0053108478
0.0058760253
0.0063717963
0.0061894418
0.0054532816
0.0045732754
0.0028637959
0.0012781765
0.0007530184
0.0013618941
0.0025728154
0.0036744245
0.0034388010
0.0025795699
0.0019672011
0.0013050821
0.0012397358
0.0018246298
0.0024647139
0.0032053715
0.0047423642
0.0064730198
0.0064854871
0.0055136115
0.0043177701
0.0029431312
0.0022643075
0.0009775586
-0.0000706229
0.0000529493
0.0013560337
0.0027568095
0.0040521939
0.0046581824
0.0056731260
0.0059295515
0.0058354501
0.0066978222
0.0074336370
0.0075800009
0.0076690989
0.0079679258
0.0082476238
0.0082442507
0.0087190025
0.0093225296
0.0096274890
0.0098877897
0.0095704634
0.0084517031
0.0067718077
0.0050098493
0.0032430694
0.0022558818
0.0013392222
0.0013759908
0.0007053007
-0.0001193726
-0.0004431788
-0.0009655983
-0.0014326087
-0.0013677554
-0.0004816119
0.0005588981
0.0002367913
-0.0000472464
0.0014182576
0.0026343949
0.0037523801
0.0041994714
0.0041513201
0.0054059817
0.0072647730
0.0095912608
0.0122446277
0.0140875861
0.0154980809
0.0161730376
0.0160231390
0.0154705152
0.0142964228
0.0130316021
0.0119994978
0.0115381129
0.0116381258
0.0124598428
0.0131643243
0.0134867663
0.0137785880
0.0136112717
0.0117389278
0.0098180816
0.0080176444
0.0063227536
0.0047264774
0.0034161449
0.0023484216
0.0019630787
0.0023330650
0.0031085609
0.0032583861
0.0028911072
0.0024437271
0.0021801387
0.0016501849
0.0011823064
0.0016458824
0.0019093743
0.0022273412
0.0027910276
0.0031987526
0.0037507924
0.0042121931
0.0041172004
0.0035453418
0.0025041851
0.0012385186
-0.0001637289
-0.0018306499
-0.0032336456
-0.0041088267
-0.0040844307
-0.0052266967
-0.0073238615
-0.0086330734
-0.0093631030
-0.0097739801
-0.0100925691
-0.0105346422
-0.0105499895
-0.0094234431
-0.0076280344
-0.0055604064
-0.0044438168
-0.0056478981
-0.0058589752
-0.0054567921
-0.0045891436
-0.0039671013
-0.0041192485
-0.0043588383
-0.0040619714
-0.0036718053
-0.0033249190
-0.0029318069
-0.0025379520
-0.0016141712
-0.0008055216
-0.0002689383
0.0007149999
0.0017590217
0.0019510024
0.0015364198
0.0015398904
0.0012854388
0.0010968313
0.0012958375
0.0015350754
0.0016550908
0.0013082658
0.0009596878
0.0004513181
0.0000195971
-0.0007513442
-0.0016276402
-0.0029977799
-0.0049157052
-0.0066248421
-0.0085939085
-0.0101900287
-0.0115302397
-0.0124589144
-0.0136712683
-0.0147581605
-0.0155875744
-0.0164242488
-0.0171286281
-0.0183339165
-0.0183588176
-0.0175683522
-0.0170878691
-0.0165869043
-0.0162012811
-0.0158428430
-0.0157336106
-0.0157782506
-0.0155432872
-0.0150391007
-0.0146091347
-0.0144033712
-0.0136131751
-0.0119705580
-0.0104963064
-0.0094460787
-0.0094686401
-0.0097152648
-0.0101535962
-0.0105109016
-0.0106811983
-0.0101810134
-0.0094786767
-0.0086161365
-0.0078188192
-0.0071901338
-0.0059947752
-0.0048367413
-0.0040161421
-0.0037052769
-0.0036066828
-0.0034346499
-0.0037917046
-0.0047180814
-0.0058994910
-0.0061847662
-0.0052075083
-0.0035966295
-0.0019454168
-0.0006859810
0.0012057071
0.0038978555
0.0068373453
0.0088763445
0.0096407194
0.0103106346
0.0106070707
0.0108051466
0.0106237085
0.0095860150
0.0077293768
0.0057391139
0.0041505764
0.0019624790
-0.0001604015
-0.0014210652
-0.0016974162
-0.0018270373
-0.0015001155
-0.0005328563
0.0008223270
0.0022455992
0.0031567215
0.0030818029
0.0027395690
0.0028092094
0.0022347976
0.0013189690
0.0008903933
0.0006213312
0.0003457194
-0.0002293829
-0.0006688254
-0.0012316936
-0.0018880942
-0.0020375536
-0.0020551895
-0.0013364953
0.0001299426
0.0017598332
0.0028521401
0.0035147874
0.0042621243
0.0045238131
0.0042306006
0.0039148879
0.0033171515
0.0024332208
0.0018030489
0.0012119649
0.0008514400
0.0006476839
0.0004467286
0.0001631097
0.0002099740
0.0004038461
0.0004229640
0.0010782223
0.0016659528
0.0019249324
0.0022408381
0.0027357531
0.0034669145
0.0037276823
0.0033584342
0.0029632647
0.0020715033
0.0006683158
-0.0001512357
-0.0005311965
-0.0011943893
-0.0026288744
-0.0043340162
-0.0061059759
-0.0074559403
-0.0082005838
-0.0087896958
-0.0091050639
-0.0096870027
-0.0092684250
-0.0071506356
-0.0051098733
-0.0031942412
-0.0014980915
-0.0004880315
0.0005125587
0.0007693308
0.0008832491
0.0006549158
0.0002349794
0.0004834481
0.0012626556
0.0021143468
0.0028278017
0.0043254419
0.0053574533
0.0050937646
0.0041041148
0.0027224530
0.0014695481
0.0011252020
0.0019396251
0.0031429275
0.0040019312
0.0033140672
0.0023930903
0.0018933613
0.0019539734
0.0026721347
0.0037092953
0.0046298999
0.0054135875
0.0058019274
0.0053956248
0.0045840938
0.0042375287
0.0036957148
0.0031725349
0.0030860459
0.0032147767
0.0030033552
0.0022445742
0.0011857760
-0.0003697012
-0.0012787642
-0.0010295974
0.0002173730
0.0015451603
0.0024693069
0.0030654584
0.0034161951
0.0033400007
0.0027502555
0.0023020055
0.0022252847
0.0025306692
0.0027474451
0.0026582469
0.0028943485
0.0030103892
0.0029495663
0.0027280163
0.0026638835
0.0024789117
0.0025452181
0.0029904414
0.0038782949
0.0048613351
0.0051253896
0.0050718272
0.0047913289
0.0042333553
0.0035275248
0.0026813922
0.0015222117
0.0005374708
0.0002584026
0.0005461502
0.0012483509
0.0023168774
0.0034413050
0.0044401243
0.0053799200
0.0055813402
0.0055615419
0.0053244366
0.0050932020
0.0051142844
0.0053304001
0.0056610441
0.0059053198
0.0061764853
0.0061770294
0.0061230204
0.0056381030
0.0044145501
0.0023776427
-0.0001744166
-0.0025094021
-0.0038362824
-0.0047263846
-0.0050801192
-0.0052183638
-0.0047459053
-0.0040999730
-0.0033742225
-0.0024730449
-0.0020352445
-0.0017810233
-0.0013639116
-0.0007906189
0.0001558812
0.0014521359
0.0026401309
0.0031136757
0.0035628570
0.0041113223
0.0043730390
0.0043031266
0.0040318608
0.0038586590
0.0041311179
0.0047203246
0.0048489282
0.0041006359
0.0029394768
0.0019666607
0.0007423999
0.0000328104
-0.0001185546
0.0000809253
0.0007690202
0.0010719924
0.0014313701
0.0014689566
0.0013079900
0.0007600111
0.0001891943
-0.0003598057
-0.0005326306
-0.0007265717
-0.0010005536
-0.0009138537
-0.0007553992
-0.0008053258
-0.0009244764
-0.0007824959
-0.0009076262
-0.0008754891
-0.0006034704
-0.0002683892
0.0000554946
0.0003730379
0.0005646866
0.0005302547
0.0005135078
0.0001904103
-0.0005431807
-0.0013770696
-0.0017961403
-0.0015432393
-0.0011499591
-0.0006919592
-0.0003551952
-0.0002756534
-0.0006950132
-0.0013994407
-0.0022646056
-0.0031174257
-0.0040340696
-0.0047663656
-0.0052775090
-0.0059152087
-0.0063024530
-0.0063534306
-0.0065762655
-0.0071283982
-0.0076779145
-0.0079973493
-0.0082995075
-0.0084905838
-0.0080843555
-0.0075437579
-0.0067904195
-0.0061241670
-0.0055592616
-0.0052382800
-0.0047738517
-0.0040727888
-0.0034812405
-0.0031291855
-0.0031822735
-0.0034342247
-0.0036199652
-0.0037225981
-0.0038906368
-0.0041174074
-0.0043823458
-0.0044964265
-0.0042322885
-0.0040114423
-0.0037770193
-0.0032647107
-0.0025761550
-0.0020521906
-0.0015371830
-0.0011520844
-0.0009333355
-0.0008938946
-0.0008400065
-0.0008895668
-0.0009176426
-0.0009084286
-0.0006665395
-0.0002899499
0.0000141824
0.0003971752
0.0007610780
0.0009745421
0.0010104815
0.0010414798
0.0011868920
0.0011751536
0.0008715019
0.0003030101
-0.0003245427
-0.0007607177
-0.0011520454
-0.0014678314
-0.0018719865
-0.0023179247
-0.0029780865
-0.0035061231
-0.0036264421
-0.0034986694
-0.0031289348
-0.0023727228
-0.0015354254
-0.0009833160
-0.0006172228
-0.0004974006
-0.0005823551
-0.0006518132
-0.0008516414
-0.0008808065
-0.0008050213
-0.0006979141
-0.0003767116
0.0002342490
0.0008176257
0.0013103520
0.0015329985
0.0015193911
0.0014307694
0.0013885397
0.0014132774
0.0014554022
0.0014195639
0.0014569666
0.0015293654
0.0016194448
0.0016693518
0.0016409031
0.0015965733
0.0014960535
0.0013576640
0.0013897448
0.0014878497
0.0014800099
0.0014660005
0.0014353068
0.0013855928
0.0012052689
0.0009112013
0.0006826853
0.0005331527
0.0006019651
0.0008788160
0.0012224202
0.0014776367
0.0017290067
0.0019226428
0.0020278095
0.0020134658
0.0019269211
0.0018308161
0.0017258166
0.0015994032
0.0014507330
0.0013746965
0.0013270261
0.0012859541
0.0013018669
0.0013547181
0.0014478353
0.0015506743
0.0015937824
0.0016481135
0.0017459157
0.0018329915
0.0018562046
0.0018350870
0.0017818004
0.0016275836
0.0013712417
0.0011056042
0.0007742346
0.0004539519
0.0003132048
0.0003514736
0.0004705830
0.0006228802
0.0007389069
0.0007565811
0.0007650462
0.0007587134
0.0007250453
0.0006663110
0.0006094802
0.0005792402
0.0005899043
0.0006275116
0.0006818988
0.0007021609
0.0006804548
0.0006464134
0.0006149693
0.0005800782
0.0005672000
0.0005473911
0.0005015150
0.0004432063
0.0003739374
0.0003043055
0.0002555167
0.0002160367
0.0002012718
0.0001942990
0.0001884071
0.0001808037
0.0001658949
0.0001556571
0.0001410533
0.0001226120
0.0001104989
0.0001024682
0.0000969469
0.0000949370
0.0000874423
0.0000764598
0.0000685600
0.0000598246
0.0000497714
0.0000397795
0.0000303498
0.0000234692
0.0000184920
0.0000131203
0.0000081432
0.0000027561
-0.0000060466
-0.0000138908
-0.0000227893
-0.0000313824
-0.0000379417
-0.0000444169
-0.0000499458
-0.0000548593
-0.0000589986
-0.0000621992
-0.0000641724
-0.0000654434
-0.0000670418
-0.0000687156
-0.0000704306
-0.0000727691
-0.0000747433
-0.0000764866
-0.0000783447
-0.0000803021
-0.0000821544
-0.0000838686
-0.0000855669
-0.0000869138
-0.0000882137
-0.0000895960
-0.0000908958
-0.0000920298
-0.0000929921
-0.0000937800
-0.0000944105
-0.0000950175
-0.0000955125
-0.0000959595
-0.0000964288
-0.0000969346
-0.0000974734
-0.0000980251
-0.0000985920
-0.0000991812
-0.0000997944
-0.0001004239
-0.0001010637
-0.0001017110
-0.0001023607
-0.0001030116
-0.0001036631
-0.0001043155
-0.0001049684
-0.0001056220
-0.0001062763
0.0000000000
0.0000000000
0.0000000000
0.0000000000
0.0000000000
0.0000000000
0.0000000000
0.0000000000
0.0000000000
0.0000000000
0.0000000000
0.0000000000
0.0000000000
0.0000000000
0.0000000000
0.0000000000
0.0000000000
0.0000000000
0.0000000000
0.0000000000
0.0000000000
0.0000000000
0.0000000000
0.0000000000
0.0000000000
0.0000000000
0.0000000000
0.0000000000
0.0000000000
0.0000000000
0.0000000000
0.0000000000
0.0000000000
0.0000000000
0.0000000000
0.0000000000
0.0000000000
0.0000000000
0.0000000000
0.0000000000
0.0000000000
0.0000000000
0.0000000000
0.0000000000
0.0000000000
0.0000000000
0.0000000000
0.0000000000
0.0000000000
0.0000000000
0.0000000000
0.0000000000
0.0000000000
0.0000000000
0.0000000000
0.0000000000
0.0000000000
0.0000000000
0.0000000000
0.0000000000
0.0000000000
0.0000000000
0.0000000000
0.0000000000
0.0000000000
0.0000000000
0.0000000000
0.0000000000
0.0000000000
0.0000000000
0.0000000000
0.0000000000
0.0000000000
0.0000000000
0.0000000000
0.0000000000
0.0000000000
0.0000000000
0.0000000000
0.0000000000
0.0000000000
0.0000000000
0.0000000000
0.0000000000
0.0000000000
0.0000000000
0.0000000000
0.0000000000
0.0000000000
0.0000000000
0.0000000000
0.0000000000
0.0000000000
0.0000000000
0.0000000000
0.0000000000
0.0000000000
0.0000000000
0.0000000000
0.0000000000
0.0000000000
0.0000000000
0.0000000000
0.0000000000
0.0000000000
0.0000000000
0.0000000000
0.0000000000
0.0000000000
0.0000000000
0.0000000000
0.0000000000
0.0000000000
0.0000000000
0.0000000000
0.0000000000
0.0000000000
0.0000000000
0.0000000000
0.0000000000
0.0000000000
0.0000000000
0.0000000000
0.0000000000
0.0000000000
0.0000000000
0.0000000000
0.0000000000
0.0000000000
0.0000000000
0.0000000000
0.0000000000
0.0000000000
0.0000000000
0.0000000000
0.0000000000
0.0000000000
0.0000000000
0.0000000000
0.0000000000
0.0000000000
0.0000000000
0.0000000000
0.0000000000
0.0000000000
0.0000000000
0.0000000000
0.0000000000
0.0000000000
0.0000000000
0.0000000000
0.0000000000
0.0000000000
0.0000000000
0.0000000000
0.0000000000
0.0000000000
0.0000000000
0.0000000000
0.0000000000
0.0000000000
0.0000000000
0.0000000000
0.0000000000
0.0000000000
0.0000000000
0.0000000000
0.0000000000
0.0000000000
0.0000000000
0.0000000000
0.0000000000
0.0000000000
0.0000000000
0.0000000000
0.0000000000
0.0000000000
0.0000000000
0.0000000000
0.0000000000
0.0000000000
0.0000000000
0.0000000000
0.0000000000
0.0000000000
0.0000000000
0.0000000000
0.0000000000
0.0000000000
0.0000000000
0.0000000000
0.0000000000
0.0000000000
0.0000000000
0.0000000000
0.0000000000
0.0000000000
0.0000000000
0.0000000000
0.0000000000
0.0000000000
0.0000000000
0.0000000000
0.0000000000
0.0000000000
0.0000000000
0.0000000000
0.0000000000
0.0000000000
0.0000000000
0.0000000000
0.0000000000
0.0000000000
0.0000000000
0.0000000000
0.0000000000
0.0000000000
0.0000000000
0.0000000000
0.0000000000
0.0000000000
0.0000000000
0.0000000000
0.0000000000
0.0000000000
0.0000000000
0.0000000000
0.0000000000
0.0000000000
0.0000000000
0.0000000000
0.0000000000
0.0000000000
0.0000000000
0.0000000000
0.0000000000
0.0000000000
0.0000000000
0.0000000000
0.0000000000
0.0000000000
0.0000000000
0.0000000000
0.0000000000
0.0000000000
0.0000000000
0.0000000000
0.0000000000
0.0000000000
0.0000000000
0.0000000000
0.0000000000
0.0000000000
0.0000000000
0.0000000000
0.0000000000
0.0000000000
0.0000000000
0.0000000000
0.0000000000
0.0000000000
0.0000000000
0.0000000000
0.0000000000
0.0000000000
0.0000000000
0.0000000000
0.0000000000
0.0000000000
0.0000000000
0.0000000000
0.0000000000
0.0000000000
0.0000000000
0.0000000000
0.0000000000
0.0000000000
0.0000000000
0.0000000000
0.0000000000
0.0000000000
0.0000000000
0.0000000000
0.0000000000
0.0000000000
0.0000000000
0.0000000000
0.0000000000
0.0000000000
0.0000000000
0.0000000000
0.0000000000
0.0000000000
0.0000000000
0.0000000000
0.0000000000
0.0000000000
0.0000000000
0.0000000000
0.0000000000
0.0000000000
0.0000000000
0.0000000000
0.0000000000
0.0000000000
0.0000000000
0.0000000000
0.0000000000
0.0000000000
0.0000000000
0.0000000000
0.0000000000
0.0000000000
0.0000000000
0.0000000000
0.0000000000
0.0000000000
0.0000000000
0.0000000000
0.0000000000
0.0000000000
0.0000000000
0.0000000000
0.0000000000
0.0000000000
0.0000000000
0.0000000000
0.0000000000
0.0000000000
0.0000000000
0.0000000000
0.0000000000
0.0000000000
0.0000000000
0.0000000000
0.0000000000
0.0000000000
0.0000000000
0.0000000000
0.0000000000
0.0000000000
0.0000000000
0.0000000000
0.0000000000
0.0000000000
0.0000000000
0.0000000000
0.0000000000
0.0000000000
0.0000000000
0.0000000000
0.0000000000
0.0000000000
0.0000000000
0.0000000000
0.0000000000
0.0000000000
0.0000000000
0.0000000000
0.0000000000
0.0000000000
0.0000000000
0.0000000000
0.0000000000
0.0000000000
0.0000000000
0.0000000000
0.0000000000
0.0000000000
0.0000000000
0.0000000000
0.0000000000
0.0000000000
0.0000000000
0.0000000000
0.0000000000
0.0000000000
0.0000000000
0.0000000000
0.0000000000
0.0000000000
0.0000000000
0.0000000000
0.0000000000
0.0000000000
0.0000000000
0.0000000000
0.0000000000
0.0000000000
0.0000000000
0.0000000000
0.0000000000
0.0000000000
0.0000000000
0.0000000000
0.0000000000
0.0000000000
0.0000000000
0.0000000000
0.0000000000
0.0000000000
0.0000000000
0.0000000000
0.0000000000
0.0000000000
0.0000000000
0.0000000000
0.0000000000
0.0000000000
0.0000000000
0.0000000000
0.0000000000
0.0000000000
0.0000000000
0.0000000000
0.0000000000
0.0000000000
0.0000000000
0.0000000000
0.0000000000
0.0000000000
0.0000000000
0.0000000000
0.0000000000
0.0000000000
0.0000000000
0.0000000000
0.0000000000
0.0000000000
0.0000000000
0.0000000000
0.0000000000
0.0000000000
0.0000000000
0.0000000000
0.0000000000
0.0000000000
0.0000000000
0.0000000000
0.0000000000
0.0000000000
0.0000000000
0.0000000000
0.0000000000
0.0000000000
0.0000000000
0.0000000000
0.0000000000
0.0000000000
0.0000000000
0.0000000000
0.0000000000
0.0000000000
0.0000000000
0.0000000000
0.0000000000
0.0000000000
0.0000000000
0.0000000000
0.0000000000
0.0000000000
0.0000000000
0.0000000000
0.0000000000
0.0000000000
0.0000000000
0.0000000000
0.0000000000
0.0000000000
0.0000000000
0.0000000000
0.0000000000
0.0000000000
0.0000000000
0.0000000000
0.0000000000
0.0000000000
0.0000000000
0.0000000000
0.0000000000
0.0000000000
0.0000000000
0.0000000000
0.0000000000
0.0000000000
0.0000000000
0.0000000000
0.0000000000
0.0000000000
0.0000000000
0.0000000000
0.0000000000
0.0000000000
0.0000000000
0.0000000000
0.0000000000
0.0000000000
0.0000000000
0.0000000000
0.0000000000
0.0000000000
0.0000000000
0.0000000000
0.0000000000
0.0000000000
0.0000000000
0.0000000000
0.0000000000
0.0000000000
0.0000000000
0.0000000000
0.0000000000
0.0000000000
0.0000000000
0.0000000000
0.0000000000
0.0000000000
0.0000000000
0.0000000000
0.0000000000
0.0000000000
0.0000000000
0.0000000000
0.0000000000
0.0000000000
0.0000000000
0.0000000000
0.0000000000
0.0000000000
0.0000000000
0.0000000000
0.0000000000
0.0000000000
0.0000000000
0.0000000000
0.0000000000
0.0000000000
0.0000000000
0.0000000000
0.0000000000
0.0000000000
0.0000000000
0.0000000000
0.0000000000
0.0000000000
0.0000000000
0.0000000000
0.0000000000
0.0000000000
0.0000000000
0.0000000000
0.0000000000
0.0000000000
0.0000000000
0.0000000000
0.0000000000
0.0000000000
0.0000000000
0.0000000000
0.0000000000
0.0000000000
0.0000000000
0.0000000000
0.0000000000
0.0000000000
0.0000000000
0.0000000000
0.0000000000
0.0000000000
0.0000000000
0.0000000000
0.0000000000
0.0000000000
0.0000000000
0.0000000000
0.0000000000
0.0000000000
0.0000000000
0.0000000000
0.0000000000
0.0000000000
0.0000000000
0.0000000000
0.0000000000
0.0000000000
0.0000000000
0.0000000000
0.0000000000
0.0000000000
0.0000000000
0.0000000000
0.0000000000
0.0000000000
0.0000000000
0.0000000000
0.0000000000
0.0000000000
0.0000000000
0.0000000000
0.0000000000
0.0000000000
0.0000000000
0.0000000000
0.0000000000
0.0000000000
0.0000000000
0.0000000000
0.0000000000
0.0000000000
0.0000000000
0.0000000000
0.0000000000
0.0000000000
0.0000000000
0.0000000000
0.0000000000
0.0000000000
0.0000000000
0.0000000000
0.0000000000
0.0000000000
0.0000000000
0.0000000000
0.0000000000
0.0000000000
0.0000000000
0.0000000000
0.0000000000
0.0000000000
0.0000000000
0.0000000000
0.0000000000
0.0000000000
0.0000000000
0.0000000000
0.0000000000
0.0000000000
0.0000000000
0.0000000000
0.0000000000
0.0000000000
0.0000000000
0.0000000000
0.0000000000
0.0000000000
0.0000000000
0.0000000000
0.0000000000
0.0000000000
0.0000000000
0.0000000000
0.0000000000
0.0000000000
0.0000000000
0.0000000000
0.0000000000
0.0000000000
0.0000000000
0.0000000000
0.0000000000
0.0000000000
0.0000000000
0.0000000000
0.0000000000
0.0000000000
0.0000000000
0.0000000000
0.0000000000
0.0000000000
0.0000000000
0.0000000000
0.0000000000
0.0000000000
0.0000000000
0.0000000000
0.0000000000
0.0000000000
0.0000000000
0.0000000000
0.0000000000
0.0000000000
0.0000000000
0.0000000000
0.0000000000
0.0000000000
0.0000000000
0.0000000000
0.0000000000
0.0000000000
0.0000000000
0.0000000000
0.0000000000
0.0000000000
0.0000000000
0.0000000000
0.0000000000
0.0000000000
0.0000000000
0.0000000000
0.0000000000
0.0000000000
0.0000000000
0.0000000000
0.0000000000
0.0000000000
0.0000000000
0.0000000000
0.0000000000
0.0000000000
0.0000000000
0.0000000000
0.0000000000
0.0000000000
0.0000000000
0.0000000000
0.0000000000
0.0000000000
0.0000000000
0.0000000000
0.0000000000
0.0000000000
0.0000000000
0.0000000000
0.0000000000
0.0000000000
0.0000000000
0.0000000000
0.0000000000
0.0000000000
0.0000000000
0.0000000000
0.0000000000
0.0000000000
0.0000000000
0.0000000000
0.0000000000
0.0000000000
0.0000000000
0.0000000000
0.0000000000
0.0000000000
0.0000000000
0.0000000000
0.0000000000
0.0000000000
0.0000000000
0.0000000000
0.0000000000
0.0000000000
0.0000000000
0.0000000000
0.0000000000
0.0000000000
0.0000000000
0.0000000000
0.0000000000
0.0000000000
0.0000000000
0.0000000000
0.0000000000
0.0000000000
0.0000000000
0.0000000000
0.0000000000
0.0000000000
0.0000000000
0.0000000000
0.0000000000
0.0000000000
0.0000000000
0.0000000000
0.0000000000
0.0000000000
0.0000000000
0.0000000000
0.0000000000
0.0000000000
0.0000000000
0.0000000000
0.0000000000
0.0000000000
0.0000000000
0.0000000000
0.0000000000
0.0000000000
0.0000000000
0.0000000000
0.0000000000
0.0000000000
0.0000000000
0.0000000000
0.0000000000
0.0000000000
0.0000000000
0.0000000000
0.0000000000
0.0000000000
0.0000000000
0.0000000000
0.0000000000
0.0000000000
0.0000000000
0.0000000000
0.0000000000
0.0000000000
0.0000000000
0.0000000000
0.0000000000
0.0000000000
0.0000000000
0.0000000000
0.0000000000
0.0000000000
0.0000000000
0.0000000000
0.0000000000
0.0000000000
0.0000000000
0.0000000000
0.0000000000
0.0000000000
0.0000000000
0.0000000000
0.0000000000
0.0000000000
0.0000000000
0.0000000000
0.0000000000
0.0000000000
0.0000000000
0.0000000000
0.0000000000
0.0000000000
0.0000000000
0.0000000000
0.0000000000
0.0000000000
0.0000000000
0.0000000000
0.0000000000
0.0000000000
0.0000000000
0.0000000000
0.0000000000
0.0000000000
0.0000000000
0.0000000000
0.0000000000
0.0000000000
0.0000000000
0.0000000000
0.0000000000
0.0000000000
0.0000000000
0.0000000000
0.0000000000
0.0000000000
0.0000000000
0.0000000000
0.0000000000
0.0000000000
0.0000000000
0.0000000000
0.0000000000
0.0000000000
0.0000000000
0.0000000000
0.0000000000
0.0000000000
0.0000000000
0.0000000000
0.0000000000
0.0000000000
0.0000000000
0.0000000000
0.0000000000
0.0000000000
0.0000000000
0.0000000000
0.0000000000
0.0000000000
0.0000000000
0.0000000000
0.0000000000
0.0000000000
0.0000000000
0.0000000000
0.0000000000
0.0000000000
0.0000000000
0.0000000000
0.0000000000
0.0000000000
0.0000000000
0.0000000000
0.0000000000
0.0000000000
0.0000000000
0.0000000000
0.0000000000
0.0000000000
0.0000000000
0.0000000000
0.0000000000
0.0000000000
0.0000000000
0.0000000000
0.0000000000
0.0000000000
0.0000000000
0.0000000000
0.0000000000
0.0000000000
0.0000000000
0.0000000000
0.0000000000
0.0000000000
0.0000000000
0.0000000000
0.0000000000
0.0000000000
0.0000000000
0.0000000000
0.0000000000
0.0000000000
0.0000000000
0.0000000000
0.0000000000
0.0000000000
0.0000000000
0.0000000000
0.0000000000
0.0000000000
0.0000000000
0.0000000000
0.0000000000
0.0000000000
0.0000000000
0.0000000000
0.0000000000
0.0000000000
0.0000000000
0.0000000000
0.0000000000
0.0000000000
0.0000000000
0.0000000000
0.0000000000
0.0000000000
0.0000000000
0.0000000000
0.0000000000
0.0000000000
0.0000000000
0.0000000000
0.0000000000
0.0000000000
0.0000000000
0.0000000000
0.0000000000
0.0000000000
0.0000000000
0.0000000000
0.0000000000
0.0000000000
0.0000000000
0.0000000000
0.0000000000
0.0000000000
0.0000000000
0.0000000000
0.0000000000
0.0000000000
0.0000000000
0.0000000000
0.0000000000
0.0000000000
0.0000000000
0.0000000000
0.0000000000
0.0000000000
0.0000000000
0.0000000000
0.0000000000
0.0000000000
0.0000000000
0.0000000000
0.0000000000
0.0000000000
0.0000000000
0.0000000000
0.0000000000
0.0000000000
0.0000000000
0.0000000000
0.0000000000
0.0000000000
0.0000000000
0.0000000000
0.0000000000
0.0000000000
0.0000000000
0.0000000000
0.0000000000
0.0000000000
0.0000000000
0.0000000000
0.0000000000
0.0000000000
0.0000000000
0.0000000000
0.0000000000
0.0000000000
0.0000000000
0.0000000000
0.0000000000
0.0000000000
0.0000000000
0.0000000000
0.0000000000
0.0000000000
0.0000000000
0.0000000000
0.0000000000
0.0000000000
0.0000000000
0.0000000000
0.0000000000
0.0000000000
0.0000000000
0.0000000000
0.0000000000
0.0000000000
0.0000000000
0.0000000000
0.0000000000
0.0000000000
0.0000000000
0.0000000000
0.0000000000
0.0000000000
0.0000000000
0.0000000000
0.0000000000
0.0000000000
0.0000000000
0.0000000000
0.0000000000
0.0000000000
0.0000000000
0.0000000000
0.0000000000
0.0000000000
0.0000000000
0.0000000000
0.0000000000
0.0000000000
0.0000000000
0.0000000000
0.0000000000
0.0000000000
0.0000000000
0.0000000000
0.0000000000
0.0000000000
0.0000000000
0.0000000000
0.0000000000
0.0000000000
0.0000000000
0.0000000000
0.0000000000
0.0000000000
0.0000000000
0.0000000000
0.0000000000
0.0000000000
0.0000000000
0.0000000000
0.0000000000
0.0000000000
0.0000000000
0.0000000000
0.0000000000
0.0000000000
0.0000000000
0.0000000000
0.0000000000
0.0000000000
0.0000000000
0.0000000000
0.0000000000
0.0000000000
0.0000000000
0.0000000000
0.0000000000
0.0000000000
0.0000000000
0.0000000000
0.0000000000
0.0000000000
0.0000000000
0.0000000000
0.0000000000
0.0000000000
0.0000000000
0.0000000000
0.0000000000
0.0000000000
0.0000000000
0.0000000000
0.0000000000
0.0000000000
0.0000000000
0.0000000000
0.0000000000
0.0000000000
0.0000000000
0.0000000000
0.0000000000
0.0000000000
0.0000000000
0.0000000000
0.0000000000
0.0000000000
0.0000000000
0.0000000000
0.0000000000
0.0000000000
0.0000000000
0.0000000000
0.0000000000
0.0000000000
0.0000000000
0.0000000000
0.0000000000
0.0000000000
0.0000000000
0.0000000000
0.0000000000
0.0000000000
0.0000000000
0.0000000000
0.0000000000
0.0000000000
0.0000000000
0.0000000000
0.0000000000
0.0000000000
0.0000000000
0.0000000000
0.0000000000
0.0000000000
0.0000000000
0.0000000000
0.0000000000
0.0000000000
0.0000000000
0.0000000000
0.0000000000
0.0000000000
0.0000000000
0.0000000000
0.0000000000
0.0000000000
0.0000000000
0.0000000000
0.0000000000
0.0000000000
0.0000000000
0.0000000000
0.0000000000
0.0000000000
0.0000000000
0.0000000000
0.0000000000
0.0000000000
0.0000000000
0.0000000000
0.0000000000
0.0000000000
0.0000000000
0.0000000000
0.0000000000
0.0000000000
0.0000000000
0.0000000000
0.0000000000
0.0000000000
0.0000000000
0.0000000000
0.0000000000
0.0000000000
0.0000000000
0.0000000000
0.0000000000
0.0000000000
0.0000000000
0.0000000000
0.0000000000
0.0000000000
0.0000000000
0.0000000000
0.0000000000
0.0000000000
0.0000000000
0.0000000000
0.0000000000
0.0000000000
0.0000000000
0.0000000000
0.0000000000
0.0000000000
0.0000000000
0.0000000000
0.0000000000
0.0000000000
0.0000000000
0.0000000000
0.0000000000
0.0000000000
0.0000000000
0.0000000000
0.0000000000
0.0000000000
0.0000000000
0.0000000000
0.0000000000
0.0000000000
0.0000000000
0.0000000000
0.0000000000
0.0000000000
0.0000000000
0.0000000000
0.0000000000
0.0000000000
0.0000000000
0.0000000000
0.0000000000
0.0000000000
0.0000000000
0.0000000000
0.0000000000
0.0000000000
0.0000000000
0.0000000000
0.0000000000
0.0000000000
0.0000000000
0.0000000000
0.0000000000
0.0000000000
0.0000000000
0.0000000000
0.0000000000
0.0000000000
0.0000000000
0.0000000000
0.0000000000
0.0000000000
0.0000000000
0.0000000000
0.0000000000
0.0000000000
0.0000000000
0.0000000000
0.0000000000
0.0000000000
0.0000000000
0.0000000000
0.0000000000
0.0000000000
0.0000000000
0.0000000000
0.0000000000
0.0000000000
0.0000000000
0.0000000000
0.0000000000
0.0000000000
0.0000000000
0.0000000000
0.0000000000
0.0000000000
0.0000000000
0.0000000000
0.0000000000
0.0000000000
0.0000000000
0.0000000000
0.0000000000
0.0000000000
0.0000000000
0.0000000000
0.0000000000
0.0000000000
0.0000000000
0.0000000000
0.0000000000
0.0000000000
0.0000000000
0.0000000000
0.0000000000
0.0000000000
0.0000000000
0.0000000000
0.0000000000
0.0000000000
0.0000000000
0.0000000000
0.0000000000
0.0000000000
0.0000000000
0.0000000000
0.0000000000
0.0000000000
0.0000000000
0.0000000000
0.0000000000
0.0000000000
0.0000000000
0.0000000000
0.0000000000
0.0000000000
0.0000000000
0.0000000000
0.0000000000
0.0000000000
0.0000000000
0.0000000000
0.0000000000
0.0000000000
0.0000000000
0.0000000000
0.0000000000
0.0000000000
0.0000000000
0.0000000000
0.0000000000
0.0000000000
0.0000000000
0.0000000000
0.0000000000
0.0000000000
0.0000000000
0.0000000000
0.0000000000
0.0000000000
0.0000000000
0.0000000000
0.0000000000
0.0000000000
0.0000000000
0.0000000000
0.0000000000
0.0000000000
0.0000000000
0.0000000000
0.0000000000
0.0000000000
0.0000000000
0.0000000000
0.0000000000
0.0000000000
0.0000000000
0.0000000000
0.0000000000
0.0000000000
0.0000000000
0.0000000000
0.0000000000
0.0000000000
0.0000000000
0.0000000000
0.0000000000
0.0000000000
0.0000000000
0.0000000000
0.0000000000
0.0000000000
0.0000000000
0.0000000000
0.0000000000
0.0000000000
0.0000000000
0.0000000000
0.0000000000
0.0000000000
0.0000000000
0.0000000000
0.0000000000
0.0000000000
0.0000000000
0.0000000000
0.0000000000
0.0000000000
0.0000000000
0.0000000000
0.0000000000
0.0000000000
0.0000000000
0.0000000000
0.0000000000
0.0000000000
0.0000000000
0.0000000000
0.0000000000
0.0000000000
0.0000000000
0.0000000000
0.0000000000
0.0000000000
0.0000000000
0.0000000000
0.0000000000
0.0000000000
0.0000000000
0.0000000000
0.0000000000
0.0000000000
0.0000000000
0.0000000000
0.0000000000
0.0000000000
0.0000000000
0.0000000000
0.0000000000
0.0000000000
0.0000000000
0.0000000000
0.0000000000
0.0000000000
0.0000000000
0.0000000000
0.0000000000
0.0000000000
0.0000000000
0.0000000000
0.0000000000
0.0000000000
0.0000000000
0.0000000000
0.0000000000
0.0000000000
0.0000000000
0.0000000000
0.0000000000
0.0000000000
0.0000000000
0.0000000000
0.0000000000
0.0000000000
0.0000000000
0.0000000000
0.0000000000
0.0000000000
0.0000000000
0.0000000000
0.0000000000
0.0000000000
0.0000000000
0.0000000000
0.0000000000
0.0000000000
0.0000000000
0.0000000000
0.0000000000
0.0000000000
0.0000000000
0.0000000000
0.0000000000
0.0000000000
0.0000000000
0.0000000000
0.0000000000
0.0000000000
0.0000000000
0.0000000000
0.0000000000
0.0000000000
0.0000000000
0.0000000000
0.0000000000
0.0000000000
0.0000000000
0.0000000000
0.0000000000
0.0000000000
0.0000000000
0.0000000000
0.0000000000
0.0000000000
0.0000000000
0.0000000000
0.0000000000
0.0000000000
0.0000000000
0.0000000000
0.0000000000
0.0000000000
0.0000000000
0.0000000000
0.0000000000
0.0000000000
0.0000000000
0.0000000000
0.0000000000
0.0000000000
0.0000000000
0.0000000000
0.0000000000
0.0000000000
0.0000000000
0.0000000000
0.0000000000
0.0000000000
0.0000000000
0.0000000000
0.0000000000
0.0000000000
0.0000000000
0.0000000000
0.0000000000
0.0000000000
0.0000000000
0.0000000000
0.0000000000
0.0000000000
0.0000000000
0.0000000000
0.0000000000
0.0000000000
0.0000000000
0.0000000000
0.0000000000
0.0000000000
0.0000000000
0.0000000000
0.0000000000
0.0000000000
0.0000000000
0.0000000000
0.0000000000
0.0000000000
0.0000000000
0.0000000000
0.0000000000
0.0000000000
0.0000000000
0.0000000000
0.0000000000
0.0000000000
0.0000000000
0.0000000000
0.0000000000
0.0000000000
0.0000000000
0.0000000000
0.0000000000
0.0000000000
0.0000000000
0.0000000000
0.0000000000
0.0000000000
0.0000000000
0.0000000000
0.0000000000
0.0000000000
0.0000000000
0.0000000000
0.0000000000
0.0000000000
0.0000000000
0.0000000000
0.0000000000
0.0000000000
0.0000000000
0.0000000000
0.0000000000
0.0000000000
0.0000000000
0.0000000000
0.0000000000
0.0000000000
0.0000000000
0.0000000000
0.0000000000
0.0000000000
0.0000000000
0.0000000000
0.0000000000
0.0000000000
0.0000000000
0.0000000000
0.0000000000
0.0000000000
0.0000000000
0.0000000000
0.0000000000
0.0000000000
0.0000000000
0.0000000000
0.0000000000
0.0000000000
0.0000000000
0.0000000000
0.0000000000
0.0000000000
0.0000000000
0.0000000000
0.0000000000
0.0000000000
0.0000000000
0.0000000000
0.0000000000
0.0000000000
0.0000000000
0.0000000000
0.0000000000
0.0000000000
0.0000000000
0.0000000000
0.0000000000
0.0000000000
0.0000000000
0.0000000000
0.0000000000
0.0000000000
0.0000000000
0.0000000000
0.0000000000
0.0000000000
0.0000000000
0.0000000000
0.0000000000
0.0000000000
0.0000000000
0.0000000000
0.0000000000
0.0000000000
0.0000000000
0.0000000000
0.0000000000
0.0000000000
0.0000000000
0.0000000000
0.0000000000
0.0000000000
0.0000000000
0.0000000000
0.0000000000
0.0000000000
0.0000000000
0.0000000000
0.0000000000
0.0000000000
0.0000000000
0.0000000000
0.0000000000
0.0000000000
0.0000000000
0.0000000000
0.0000000000
0.0000000000
0.0000000000
0.0000000000
0.0000000000
0.0000000000
0.0000000000
0.0000000000
0.0000000000
0.0000000000
0.0000000000
0.0000000000
0.0000000000
0.0000000000
0.0000000000
0.0000000000
0.0000000000
0.0000000000
0.0000000000
0.0000000000
0.0000000000
0.0000000000
0.0000000000
0.0000000000
0.0000000000
0.0000000000
0.0000000000
0.0000000000
0.0000000000
0.0000000000
0.0000000000
0.0000000000
0.0000000000
0.0000000000
0.0000000000
0.0000000000
0.0000000000
0.0000000000
0.0000000000
0.0000000000
0.0000000000
0.0000000000
0.0000000000
0.0000000000
0.0000000000
0.0000000000
0.0000000000
0.0000000000
0.0000000000
0.0000000000
0.0000000000
0.0000000000
0.0000000000
0.0000000000
0.0000000000
0.0000000000
0.0000000000
0.0000000000
0.0000000000
0.0000000000
0.0000000000
0.0000000000
0.0000000000
0.0000000000
0.0000000000
0.0000000000
0.0000000000
0.0000000000
0.0000000000
0.0000000000
0.0000000000
0.0000000000
0.0000000000
0.0000000000
0.0000000000
0.0000000000
0.0000000000
0.0000000000
0.0000000000
0.0000000000
0.0000000000
0.0000000000
0.0000000000
0.0000000000
0.0000000000
0.0000000000
0.0000000000
0.0000000000
0.0000000000
0.0000000000
0.0000000000
0.0000000000
0.0000000000
0.0000000000
0.0000000000
0.0000000000
0.0000000000
0.0000000000
0.0000000000
0.0000000000
0.0000000000
0.0000000000
0.0000000000
0.0000000000
0.0000000000
0.0000000000
0.0000000000
0.0000000000
0.0000000000
0.0000000000
0.0000000000
0.0000000000
0.0000000000
0.0000000000
0.0000000000
0.0000000000
0.0000000000
0.0000000000
0.0000000000
0.0000000000
0.0000000000
0.0000000000
0.0000000000
0.0000000000
0.0000000000
0.0000000000
0.0000000000
0.0000000000
0.0000000000
0.0000000000
0.0000000000
0.0000000000
0.0000000000
0.0000000000
0.0000000000
0.0000000000
0.0000000000
0.0000000000
0.0000000000
0.0000000000
0.0000000000
0.0000000000
0.0000000000
0.0000000000
0.0000000000
0.0000000000
0.0000000000
0.0000000000
0.0000000000
0.0000000000
0.0000000000
0.0000000000
0.0000000000
0.0000000000
0.0000000000
0.0000000000
0.0000000000
0.0000000000
0.0000000000
0.0000000000
0.0000000000
0.0000000000
0.0000000000
0.0000000000
0.0000000000
0.0000000000
0.0000000000
0.0000000000
0.0000000000
0.0000000000
0.0000000000
0.0000000000
0.0000000000
0.0000000000
0.0000000000
0.0000000000
0.0000000000
0.0000000000
0.0000000000
0.0000000000
0.0000000000
0.0000000000
0.0000000000
0.0000000000
0.0000000000
0.0000000000
0.0000000000
0.0000000000
0.0000000000
0.0000000000
0.0000000000
0.0000000000
0.0000000000
0.0000000000
0.0000000000
0.0000000000
0.0000000000
0.0000000000
0.0000000000
0.0000000000
0.0000000000
0.0000000000
0.0000000000
0.0000000000
0.0000000000
0.0000000000
0.0000000000
0.0000000000
0.0000000000
0.0000000000
0.0000000000
0.0000000000
0.0000000000
