-0.0037852970
-0.0038430449
-0.0032612043
-0.0028110624
-0.0026065499
-0.0022649393
-0.0017792879
-0.0013580807
-0.0011906095
-0.0013954869
-0.0021196229
-0.0031168327
-0.0031315954
-0.0020966802
-0.0009933469
-0.0005469990
0.0005462897
0.0025962623
0.0041467194
0.0041245567
0.0035378544
0.0035102540
0.0025598206
-0.0004354274
-0.0043222844
-0.0062366747
-0.0048614715
-0.0012233031
0.0026256533
0.0057481239
0.0070972995
0.0058062259
0.0023084906
-0.0014226654
-0.0037106652
-0.0038452250
-0.0022923582
-0.0005620499
0.0009690175
0.0023480397
0.0033255299
0.0031749171
0.0011539333
-0.0018770449
-0.0044531825
-0.0056288968
-0.0049265909
-0.0035001902
-0.0023263764
-0.0017109650
-0.0015002731
-0.0012085551
-0.0007321106
-0.0009257223
-0.0017844067
-0.0026727093
-0.0029311323
-0.0018864711
0.0004993191
0.0025207347
0.0023467857
0.0005207465
-0.0012127300
-0.0019271661
-0.0013224191
0.0000157791
0.0020678082
0.0046184520
0.0059581662
0.0047743405
0.0023867175
0.0018597626
0.0033815705
0.0043791384
0.0031670962
0.0018588511
0.0033443016
0.0062561607
0.0073701466
0.0055245983
0.0027285969
0.0011529884
0.0004171027
-0.0003250463
-0.0004696953
0.0004398724
0.0017552237
0.0021112467
0.0009028165
-0.0004442706
0.0000094120
0.0017569113
0.0022364422
-0.0005441798
-0.0054714443
-0.0089026502
-0.0088681621
-0.0058830801
-0.0015076280
0.0022507948
0.0045585367
0.0053523742
0.0049256254
0.0036062803
0.0017064810
-0.0004787357
-0.0024937996
-0.0031399717
-0.0020493083
-0.0000724076
0.0020307033
0.0032608775
0.0033118867
0.0024054961
0.0011619701
0.0007886994
0.0022332092
0.0054250839
0.0085517774
0.0095541766
0.0085775959
0.0064372193
0.0030494547
-0.0014661401
-0.0052573517
-0.0062655035
-0.0038885938
0.0007607936
0.0052548722
0.0069886887
0.0052129095
0.0003897148
-0.0059260681
-0.0109417013
-0.0113530084
-0.0064941017
-0.0003164077
0.0026087654
0.0022826750
0.0015983608
0.0020291511
0.0021886493
0.0006615180
-0.0021942489
-0.0042814254
-0.0040162933
-0.0015236898
0.0022852457
0.0055918968
0.0067789417
0.0058144491
0.0044766531
0.0038951176
0.0026471881
-0.0002229179
-0.0032663848
-0.0046557581
-0.0043034518
-0.0030270261
-0.0011289566
0.0013927789
0.0044098353
0.0065765339
0.0060833333
0.0031740458
-0.0006705020
-0.0046860361
-0.0091857437
-0.0132313927
-0.0150019756
-0.0134025679
-0.0094412428
-0.0055617013
-0.0036758424
-0.0039157615
-0.0045441891
-0.0033642596
-0.0007072940
0.0026728575
0.0064059748
0.0091358355
0.0094126122
0.0065825141
0.0020464893
-0.0023168659
-0.0061119560
-0.0082582050
-0.0082598779
-0.0060673372
-0.0020402128
0.0020068500
0.0040872398
0.0029455319
-0.0005857483
-0.0035013725
-0.0035807581
-0.0018396250
-0.0008328190
-0.0017002172
-0.0038368095
-0.0065395702
-0.0095434720
-0.0127026688
-0.0147439177
-0.0145664041
-0.0115766763
-0.0062296878
-0.0000093823
0.0043894573
0.0060709617
0.0062464265
0.0056560831
0.0037635376
0.0005770306
-0.0021377687
-0.0032881943
-0.0029753409
-0.0015208983
-0.0000683112
0.0000857783
-0.0004564023
-0.0006969320
-0.0009006990
-0.0012198827
-0.0004779169
0.0023644419
0.0071369575
0.0117706932
0.0134592501
0.0113045974
0.0074262186
0.0037501093
0.0004803637
-0.0030479476
-0.0060514138
-0.0073372077
-0.0070026262
-0.0048167811
-0.0008004190
0.0047703295
0.0090826069
0.0087089052
0.0045161707
-0.0003767108
-0.0045309266
-0.0068964851
-0.0048770868
0.0006023363
0.0049022058
0.0062065301
0.0067476060
0.0069885827
0.0047625410
-0.0001720662
-0.0061233670
-0.0119833425
-0.0174755679
-0.0203268328
-0.0176461446
-0.0099409456
-0.0005022176
0.0075925154
0.0126289141
0.0139595397
0.0107118521
0.0043009586
-0.0013725972
-0.0041709151
-0.0041748565
-0.0021627768
0.0014541993
0.0053438272
0.0069931462
0.0067773385
0.0057883342
0.0030475679
-0.0025647530
-0.0085320078
-0.0109156512
-0.0097331178
-0.0076282477
-0.0052368314
-0.0032843785
-0.0040784946
-0.0080981494
-0.0135883821
-0.0199540171
-0.0271855458
-0.0319021257
-0.0278881921
-0.0153718577
-0.0008627920
0.0124772937
0.0275367071
0.0422673004
0.0421994033
0.0136392657
-0.0352693593
-0.0749917067
-0.0811056908
-0.0563146844
-0.0223816906
0.0020452119
0.0152932560
0.0272893929
0.0450610785
0.0585607921
0.0478768544
0.0117582323
-0.0245478328
-0.0372450855
-0.0253002541
-0.0034690861
0.0128152680
0.0157461550
0.0103716014
0.0099991683
0.0204531391
0.0305934096
0.0242412952
0.0006666833
-0.0226297013
-0.0295246685
-0.0231060797
-0.0166607638
-0.0122414887
-0.0017524901
0.0136331530
0.0206070162
0.0162964745
0.0168809976
0.0332286598
0.0505153719
0.0478982734
0.0288851017
0.0141330599
0.0119609718
0.0115563955
0.0024371654
-0.0112978666
-0.0188966576
-0.0191863092
-0.0195606262
-0.0237798699
-0.0275501099
-0.0210224442
0.0027177235
0.0326355220
0.0447700532
0.0309022726
0.0100707251
0.0039535915
0.0139040937
0.0254209382
0.0258114837
0.0166807699
0.0093211964
0.0071563454
0.0041347589
-0.0036381164
-0.0151466494
-0.0268872009
-0.0298607002
-0.0154534126
0.0083679647
0.0211240445
0.0137870497
-0.0000976494
-0.0002843217
0.0154252334
0.0266516903
0.0164377337
-0.0043992229
-0.0111822159
0.0013449801
0.0157249322
0.0189256512
0.0168718531
0.0196461843
0.0244063381
0.0227685960
0.0139521515
0.0023684726
-0.0097401842
-0.0189731105
-0.0171111412
-0.0024343003
0.0110819205
0.0070816527
-0.0125387248
-0.0280573952
-0.0265753650
-0.0160973065
-0.0090924382
-0.0038965943
0.0080699407
0.0248588642
0.0341494010
0.0298209333
0.0191362891
0.0105657458
0.0044740579
-0.0026636404
-0.0110604035
-0.0185945450
-0.0245974311
-0.0297709132
-0.0324233240
-0.0281770196
-0.0156855382
0.0011038631
0.0165165905
0.0265928396
0.0292183075
0.0228257198
0.0102166842
-0.0007409062
-0.0023758824
0.0059278843
0.0152254276
0.0180969929
0.0188361095
0.0262665020
0.0365865134
0.0360775797
0.0198104717
-0.0022859364
-0.0191004175
-0.0286183113
-0.0336441271
-0.0353046618
-0.0332623336
-0.0292785613
-0.0261172756
-0.0227269943
-0.0158133947
-0.0078389622
-0.0068062791
-0.0143794223
-0.0221802659
-0.0241101617
-0.0235550344
-0.0260830622
-0.0306384847
-0.0320674138
-0.0281949554
-0.0214945251
-0.0145338390
-0.0071011849
0.0007468799
0.0052223170
0.0013242558
-0.0104234858
-0.0220984362
-0.0262676598
-0.0245527779
-0.0230155765
-0.0220920978
-0.0173452978
-0.0086929022
-0.0006364738
0.0036240719
0.0031798112
-0.0018928663
-0.0102784097
-0.0194614886
-0.0258994751
-0.0264510407
-0.0215976659
-0.0154457987
-0.0119519254
-0.0114840831
-0.0113054707
-0.0082267898
-0.0017344964
0.0054049719
0.0105032844
0.0126598701
0.0120978354
0.0101510144
0.0089985362
0.0093015239
0.0092962403
0.0061381111
-0.0017977535
-0.0128593422
-0.0219196373
-0.0247149754
-0.0205382459
-0.0108265608
-0.0005412623
0.0051808566
0.0054576225
0.0027322086
0.0000039603
-0.0008385839
0.0015513254
0.0060054626
0.0073516545
0.0030153423
-0.0019464569
-0.0010878955
0.0053064043
0.0123988784
0.0193360851
0.0276886022
0.0342066229
0.0328586796
0.0228747097
0.0098955075
-0.0010090888
-0.0075939940
-0.0086494834
-0.0045481147
0.0014273515
0.0048175150
0.0041192476
0.0033044484
0.0060308161
0.0108905921
0.0136678963
0.0134462692
0.0127673967
0.0130907810
0.0129859919
0.0103288518
0.0057218500
0.0014869625
0.0002796850
0.0044339643
0.0129825578
0.0211940609
0.0240658029
0.0219329714
0.0183640482
0.0141211288
0.0087740451
0.0034752684
0.0008522069
0.0008345558
0.0020673608
0.0049129447
0.0093458013
0.0122580901
0.0095184639
0.0031108848
-0.0007626851
-0.0002910482
0.0015119981
0.0021727181
0.0024215628
0.0042629765
0.0079994485
0.0115457007
0.0120787025
0.0081770552
-0.0002609164
-0.0093334375
-0.0105238792
-0.0006503785
0.0116067885
0.0167660926
0.0166901401
0.0198163195
0.0270613589
0.0298199815
0.0226610203
0.0106875975
0.0032023310
0.0038344057
0.0079575465
0.0079881091
0.0012960550
-0.0056624215
-0.0055357159
0.0013267568
0.0087220833
0.0132347581
0.0164859878
0.0189323722
0.0191001329
0.0169432235
0.0129526811
0.0053808792
-0.0056134345
-0.0144511950
-0.0160771434
-0.0128895035
-0.0114154796
-0.0142849747
-0.0192505662
-0.0224950257
-0.0199141717
-0.0095987600
0.0036232958
0.0131087266
0.0166198097
0.0168126001
0.0162033319
0.0153760669
0.0152215324
0.0151793322
0.0128844897
0.0065926025
-0.0020485135
-0.0094700715
-0.0136009509
-0.0137462821
-0.0093507670
0.0002004071
0.0110428895
0.0154931010
0.0094564185
-0.0031859455
-0.0144511361
-0.0178896420
-0.0138732555
-0.0087208951
-0.0083485964
-0.0125142936
-0.0165595364
-0.0195958012
-0.0238718253
-0.0284806137
-0.0298014374
-0.0260973382
-0.0195559264
-0.0145423752
-0.0141210602
-0.0170398395
-0.0189728259
-0.0170382304
-0.0129152690
-0.0122057250
-0.0191008197
-0.0311635096
-0.0408859286
-0.0423767501
-0.0348510760
-0.0214073480
-0.0066335448
0.0048164612
0.0107625983
0.0137097432
0.0183279019
0.0250778225
0.0301436897
0.0310230941
0.0299403811
0.0285445370
0.0245137077
0.0137049453
-0.0028604182
-0.0158806932
-0.0162175883
-0.0045327682
0.0098840376
0.0172877325
0.0141839631
0.0048085196
-0.0020483869
-0.0020065694
0.0000984103
-0.0016113849
-0.0046715451
-0.0032795590
0.0014582643
0.0029752153
-0.0016913033
-0.0083065149
-0.0118258644
-0.0112078049
-0.0078804824
-0.0027830794
0.0018210044
0.0013808704
-0.0059339303
-0.0145045805
-0.0160747003
-0.0096423918
-0.0014428079
0.0037039295
0.0055809038
0.0051075670
0.0040007800
0.0056340244
0.0115651279
0.0173092397
0.0174444746
0.0121235715
0.0060747480
0.0036494116
0.0063350195
0.0128101757
0.0194973112
0.0235910336
0.0242902753
0.0218357079
0.0153668635
0.0054831614
-0.0027311989
-0.0051058617
-0.0037964098
-0.0040282224
-0.0067267807
-0.0083629087
-0.0061228136
-0.0017990860
0.0030835102
0.0083935733
0.0099097934
0.0015508515
-0.0143651462
-0.0289726418
-0.0377077472
-0.0414618959
-0.0409137645
-0.0354005713
-0.0279978086
-0.0227515727
-0.0166531205
-0.0041051070
0.0128750017
0.0261674037
0.0309465529
0.0283938585
0.0207567430
0.0091024482
-0.0046052572
-0.0145012347
-0.0140876905
-0.0023957393
0.0148306532
0.0281345741
0.0316047620
0.0265043772
0.0199033298
0.0173354959
0.0177429274
0.0162175687
0.0111784286
0.0063687070
0.0045270068
0.0036399198
0.0006177998
-0.0036105239
-0.0065700925
-0.0083285275
-0.0093173277
-0.0081153052
-0.0047537516
-0.0028361225
-0.0046499191
-0.0063155766
-0.0036051539
0.0000382023
-0.0033813615
-0.0155047770
-0.0283121564
-0.0302539635
-0.0170361405
0.0036189894
0.0212231723
0.0326864546
0.0383630520
0.0355930478
0.0233835453
0.0080277602
-0.0042425240
-0.0137982057
-0.0213920123
-0.0234548077
-0.0179352959
-0.0083884015
-0.0004052266
0.0039918062
0.0057647282
0.0055121717
0.0042182655
0.0040267261
0.0054397053
0.0054915181
0.0013916721
-0.0033193230
-0.0019531466
0.0067970836
0.0168091268
0.0209496904
0.0177817523
0.0108131384
0.0051065848
0.0028418182
0.0021606055
0.0001381278
-0.0036854363
-0.0078334902
-0.0114671874
-0.0151393200
-0.0193973200
-0.0223168254
-0.0206662593
-0.0146832322
-0.0077846582
-0.0000243109
0.0115430123
0.0254302299
0.0349659123
0.0351278547
0.0267671742
0.0161519872
0.0086967288
0.0047089209
0.0004997546
-0.0040626654
-0.0042606933
0.0028187234
0.0136076720
0.0220521053
0.0249347578
0.0222465440
0.0145096630
0.0020413882
-0.0122513004
-0.0220245540
-0.0216962736
-0.0113798729
0.0028939488
0.0144457985
0.0192661177
0.0158074193
0.0052230862
-0.0069854979
-0.0144986837
-0.0167073401
-0.0181672252
-0.0197032002
-0.0167559277
-0.0081697298
0.0007122745
0.0038434893
0.0015303941
-0.0014083648
-0.0029169622
-0.0052042752
-0.0093530865
-0.0117692214
-0.0094175779
-0.0054511948
-0.0030152206
-0.0013054566
0.0003508798
0.0000239613
-0.0035515830
-0.0068557311
-0.0065166912
-0.0037514741
-0.0020303569
-0.0031531086
-0.0062429895
-0.0106784824
-0.0169531333
-0.0240321585
-0.0293066032
-0.0296639556
-0.0252925617
-0.0191802063
-0.0129866885
-0.0074598443
-0.0033409274
-0.0013578826
-0.0015948600
-0.0033401572
-0.0054342520
-0.0066087958
-0.0067166255
-0.0064178519
-0.0052449663
-0.0018806517
0.0037243300
0.0080848585
0.0086674153
0.0053900787
0.0002157854
-0.0040899184
-0.0043622828
-0.0004309274
0.0036958691
0.0043824116
0.0039929002
0.0069860847
0.0119033181
0.0130802432
0.0089930102
0.0040465850
0.0032539151
0.0065433045
0.0092965288
0.0076186970
0.0021205668
-0.0032123056
-0.0053634654
-0.0046126062
-0.0029646304
-0.0016458643
-0.0013836118
-0.0016478462
0.0001966013
0.0055550715
0.0118304563
0.0151408703
0.0150906245
0.0135201417
0.0121398393
0.0116691125
0.0125161186
0.0139785842
0.0153402836
0.0164479379
0.0169476094
0.0162485737
0.0150614640
0.0144460929
0.0139629346
0.0123214051
0.0081926617
0.0012893222
-0.0059090036
-0.0105686403
-0.0119847848
-0.0106281189
-0.0066172947
-0.0016078429
0.0013925228
0.0016824158
0.0018511842
0.0040114679
0.0068348037
0.0088892778
0.0102784490
0.0101194305
0.0067172172
0.0009358356
-0.0047043212
-0.0095891240
-0.0137392863
-0.0152087183
-0.0122136627
-0.0062012563
-0.0009171921
0.0025332495
0.0047575036
0.0058054213
0.0057962886
0.0057984158
0.0068607135
0.0094350457
0.0115558853
0.0104373791
0.0067339589
0.0036162167
0.0026546911
0.0025204894
0.0014662255
-0.0006393054
-0.0030976989
-0.0050196275
-0.0052271993
-0.0031887977
0.0004052204
0.0044458816
0.0066559332
0.0055315047
0.0024122838
-0.0003267866
-0.0020818684
-0.0042536161
-0.0068984592
-0.0079790165
-0.0063413058
-0.0032593734
-0.0016389911
-0.0017951574
-0.0019700541
-0.0016661519
-0.0018928850
-0.0023114116
-0.0026333290
-0.0026396311
-0.0031990412
-0.0046254477
-0.0052103477
-0.0030569086
0.0004520014
0.0025651307
0.0026209574
0.0022222250
0.0016581495
-0.0006788037
-0.0053486477
-0.0096729553
-0.0113848965
-0.0106054440
-0.0084721808
-0.0061056991
-0.0034149705
-0.0008833408
0.0015180892
0.0044088286
0.0067013624
0.0060282719
0.0020274193
-0.0028933464
-0.0055479786
-0.0060345955
-0.0072398068
-0.0105052468
-0.0141301164
-0.0158257084
-0.0149714317
-0.0129260030
-0.0103677454
-0.0073265100
-0.0043783044
-0.0012095225
0.0026675346
0.0074038126
0.0108203893
0.0099382768
0.0050043458
-0.0007212582
-0.0033453289
-0.0030885132
-0.0033593921
-0.0060063967
-0.0093934901
-0.0111702652
-0.0101218344
-0.0062948738
-0.0008018686
0.0045416675
0.0089348199
0.0114388806
0.0117317210
0.0106963397
0.0095165644
0.0099322917
0.0119028177
0.0133058538
0.0113134476
0.0063884129
0.0025352443
0.0018800150
0.0027546372
0.0029644234
0.0027703359
0.0033808787
0.0047458473
0.0054568052
0.0046489331
0.0025234074
-0.0007566545
-0.0043566607
-0.0066320731
-0.0064180511
-0.0047546023
-0.0036150255
-0.0024930470
-0.0007033974
0.0002102966
-0.0021621086
-0.0079935055
-0.0139260131
-0.0169942346
-0.0172223963
-0.0158781912
-0.0129353928
-0.0076219878
-0.0012726403
0.0035393997
0.0042121282
0.0006088647
-0.0043412102
-0.0075731579
-0.0092361720
-0.0113292837
-0.0142576294
-0.0172772241
-0.0193690132
-0.0210884280
-0.0236207729
-0.0260369667
-0.0265018262
-0.0241247222
-0.0192019687
-0.0122031151
-0.0037987793
0.0043112854
0.0097352940
0.0113279199
0.0096554374
0.0068671794
0.0049632955
0.0044110098
0.0051580532
0.0065461764
0.0081144947
0.0096947991
0.0110742085
0.0115491446
0.0092485632
0.0036765852
-0.0038182821
-0.0110612473
-0.0154839761
-0.0152696392
-0.0103653415
-0.0027853262
0.0043739391
0.0095755318
0.0119967355
0.0121962076
0.0114283820
0.0108189666
0.0119794178
0.0152617604
0.0190823737
0.0217174178
0.0243274421
0.0284749720
0.0331322106
0.0350947402
0.0323834983
0.0257483649
0.0172880366
0.0101610322
0.0074985172
0.0102180186
0.0148963721
0.0176670436
0.0171967681
0.0152096308
0.0128733730
0.0083839617
0.0016017567
-0.0046016710
-0.0084735888
-0.0107780910
-0.0129628166
-0.0149620910
-0.0157842637
-0.0148883461
-0.0133442470
-0.0129123255
-0.0139989926
-0.0154864683
-0.0160865724
-0.0157996092
-0.0155490376
-0.0157832629
-0.0165288453
-0.0175589773
-0.0186351459
-0.0200779881
-0.0215566921
-0.0220118871
-0.0194013722
-0.0120987184
-0.0016982235
0.0070020346
0.0110377973
0.0118864223
0.0135061207
0.0165745483
0.0194629407
0.0204424639
0.0193173447
0.0167086352
0.0130215397
0.0093117222
0.0063375107
0.0043193517
0.0030113587
0.0014016438
-0.0006926350
-0.0034888351
-0.0057366108
-0.0066152460
-0.0072447519
-0.0087791737
-0.0098686627
-0.0078663290
-0.0023288097
0.0039679264
0.0083392233
0.0104590532
0.0110117668
0.0103423723
0.0089242213
0.0068615083
0.0043778305
0.0021761109
0.0017653484
0.0041412052
0.0085857927
0.0135639902
0.0175926806
0.0204172282
0.0228226487
0.0240182063
0.0233432387
0.0217193704
0.0206057799
0.0211713174
0.0225857056
0.0232100545
0.0213649712
0.0176754326
0.0137326536
0.0105177469
0.0077120986
0.0046602165
0.0020918077
0.0005843225
-0.0000655487
-0.0008095613
-0.0020066037
-0.0041883810
-0.0079954394
-0.0125700144
-0.0161295968
-0.0178998560
-0.0193771765
-0.0223285994
-0.0267366500
-0.0307205793
-0.0322916900
-0.0311484976
-0.0293605774
-0.0290505664
-0.0307488272
-0.0327995444
-0.0337486317
-0.0338926775
-0.0338685406
-0.0330419232
-0.0308056665
-0.0281501355
-0.0266199200
-0.0257329900
-0.0237046140
-0.0194175419
-0.0137882468
-0.0090047509
-0.0054378735
-0.0021978802
0.0015851543
0.0056932361
0.0087798282
0.0095800422
0.0076431576
0.0039527869
-0.0001378760
-0.0037145683
-0.0066778045
-0.0086098019
-0.0091386946
-0.0086636751
-0.0081917885
-0.0080081770
-0.0068622108
-0.0036868227
0.0004850106
0.0037336639
0.0061276508
0.0095386446
0.0153677171
0.0227366490
0.0294135607
0.0338622612
0.0353279941
0.0352153360
0.0347511928
0.0339438946
0.0316522115
0.0275317521
0.0245143258
0.0246970887
0.0266547025
0.0276745322
0.0265984618
0.0226720291
0.0153425599
0.0083636495
0.0060952780
0.0062197122
0.0028611306
-0.0032433538
-0.0052809351
-0.0013329932
0.0036660808
0.0064398361
0.0083390172
0.0111119248
0.0136623919
0.0130007879
0.0081908515
0.0009533796
-0.0066655830
-0.0127600771
-0.0160707658
-0.0160993473
-0.0141053320
-0.0121503673
-0.0110578917
-0.0095558622
-0.0064435782
-0.0026323322
0.0002693671
0.0022357259
0.0043101865
0.0076081965
0.0118329976
0.0148946845
0.0164093779
0.0173497131
0.0179749352
0.0167761300
0.0128483531
0.0069005501
-0.0008074783
-0.0110090980
-0.0237698815
-0.0364218630
-0.0456269888
-0.0511846878
-0.0547073194
-0.0570774177
-0.0574397055
-0.0544918541
-0.0491430072
-0.0428187679
-0.0351085256
-0.0247920170
-0.0127176513
-0.0013912767
0.0072378229
0.0131055476
0.0163373599
0.0167574191
0.0139926739
0.0086939492
0.0018794802
-0.0053800952
-0.0120036233
-0.0178382188
-0.0241530094
-0.0318889780
-0.0391557503
-0.0418120564
-0.0386915679
-0.0319597793
-0.0239992402
-0.0152828850
-0.0072051204
-0.0010330726
0.0042930209
0.0116366063
0.0210506823
0.0287319899
0.0317107678
0.0315341864
0.0307784880
0.0295728048
0.0263864895
0.0200587964
0.0117354789
0.0030243956
-0.0043088992
-0.0087546817
-0.0102519475
-0.0104423046
-0.0104713277
-0.0108100870
-0.0114314923
-0.0117731853
-0.0110018275
-0.0094195304
-0.0087708877
-0.0092299681
-0.0071264001
0.0004021529
0.0116858120
0.0213826127
0.0262051003
0.0279712777
0.0305774656
0.0359427471
0.0416510266
0.0433509357
0.0392581454
0.0321242629
0.0254630599
0.0205110576
0.0167627076
0.0137074179
0.0114802075
0.0096380403
0.0073560374
0.0029720638
-0.0043624653
-0.0141670281
-0.0244213696
-0.0320743605
-0.0344755326
-0.0313667396
-0.0256533090
-0.0223375575
-0.0253712222
-0.0334586955
-0.0410573393
-0.0436223768
-0.0416879481
-0.0391296708
-0.0380254898
-0.0372751977
-0.0340559542
-0.0267716483
-0.0156350177
-0.0024137487
0.0099258454
0.0201730146
0.0289706108
0.0373095485
0.0442913101
0.0482105508
0.0489324380
0.0492251215
0.0511896428
0.0526838983
0.0507701723
0.0454808237
0.0404707164
0.0376584629
0.0346586192
0.0293161892
0.0231835923
0.0201820806
0.0203851046
0.0199662915
0.0152044894
0.0063359535
-0.0023942509
-0.0074496088
-0.0084331145
-0.0078321891
-0.0078663319
-0.0083456588
-0.0069418486
-0.0014311741
0.0062879438
0.0129794671
0.0174753227
0.0198191354
0.0196973132
0.0151783019
0.0056385250
-0.0066719862
-0.0182582877
-0.0269781850
-0.0327488473
-0.0370952508
-0.0416207280
-0.0463178513
-0.0486223387
-0.0453592859
-0.0352589883
-0.0203474767
-0.0039300571
0.0121055376
0.0276938221
0.0429693679
0.0559868259
0.0639321765
0.0661974956
0.0641936097
0.0607640619
0.0585886770
0.0564303842
0.0498408164
0.0356269276
0.0145116351
-0.0115788349
-0.0420783660
-0.0730433061
-0.0970391024
-0.1093855176
-0.1124079184
-0.1119626628
-0.1112996851
-0.1103069358
-0.1076972157
-0.1028666138
-0.0967771394
-0.0891380517
-0.0765761320
-0.0555633327
-0.0253740087
0.0105165793
0.0441969901
0.0672148331
0.0775307334
0.0809822496
0.0834327942
0.0814535161
0.0672332791
0.0395406639
0.0049062512
-0.0293777087
-0.0567864023
-0.0718518695
-0.0741828780
-0.0712794540
-0.0695093813
-0.0649484348
-0.0482222758
-0.0160222272
0.0246910643
0.0614110759
0.0824804593
0.0855744366
0.0772965278
0.0677940285
0.0673846935
0.0783268364
0.0898530706
0.0879567604
0.0681441596
0.0382044358
0.0093862304
-0.0122915481
-0.0288660473
-0.0434678717
-0.0544493399
-0.0619940193
-0.0687763774
-0.0730941504
-0.0722225168
-0.0708767027
-0.0720206997
-0.0655881194
-0.0437633025
-0.0163975842
0.0024127548
0.0125807680
0.0231737021
0.0380604882
0.0528238428
0.0607394541
0.0604822989
0.0571356797
0.0551223353
0.0527191617
0.0488171111
0.0483179989
0.0516157067
0.0489405621
0.0368552759
0.0281011456
0.0349214064
0.0508723123
0.0560434788
0.0371313972
0.0019380954
-0.0277195680
-0.0379751164
-0.0345874549
-0.0294154347
-0.0246376100
-0.0211514094
-0.0252514408
-0.0362014036
-0.0420169937
-0.0363193109
-0.0288712770
-0.0300388417
-0.0344333619
-0.0313818300
-0.0221408032
-0.0158117365
-0.0129493647
-0.0060516630
0.0064670165
0.0173822880
0.0222371640
0.0233322005
0.0208775448
0.0136628334
0.0064371771
0.0059406513
0.0103969843
0.0107096542
0.0045301681
-0.0005590825
0.0012893369
0.0069144140
0.0107638149
0.0132421561
0.0176675342
0.0243339571
0.0305389546
0.0355746606
0.0403147200
0.0459861663
0.0525613010
0.0587661906
0.0652081901
0.0719119859
0.0757404682
0.0738755947
0.0668910759
0.0582840233
0.0497101636
0.0412226274
0.0337444323
0.0278760354
0.0223167763
0.0155734001
0.0070167453
-0.0051407669
-0.0205942708
-0.0338586603
-0.0387117506
-0.0356291451
-0.0314822039
-0.0317938534
-0.0361271092
-0.0404094325
-0.0419190434
-0.0394731299
-0.0324962447
-0.0213399121
-0.0077257045
0.0044470865
0.0135050414
0.0197650631
0.0242425119
0.0266896813
0.0270572281
0.0268753189
0.0285159653
0.0322952026
0.0366577661
0.0398763816
0.0401140017
0.0364208328
0.0319587982
0.0312256962
0.0341479685
0.0370019709
0.0380752548
0.0387643316
0.0391207618
0.0376157231
0.0343405136
0.0314145031
0.0297033399
0.0276367571
0.0234920923
0.0164329653
0.0071411235
-0.0018619918
-0.0074023909
-0.0099058196
-0.0145290215
-0.0228224623
-0.0299902541
-0.0320279708
-0.0322374705
-0.0350476047
-0.0390424643
-0.0401964103
-0.0373670255
-0.0339336512
-0.0331680038
-0.0344092545
-0.0341688969
-0.0305803503
-0.0255080662
-0.0217687920
-0.0199962565
-0.0191176468
-0.0183346916
-0.0178747870
-0.0172891846
-0.0162046074
-0.0152037732
-0.0148312125
-0.0145207208
-0.0136489597
-0.0121990040
-0.0097339037
-0.0061439991
-0.0025197604
0.0007515696
0.0053558289
0.0123952775
0.0210561082
0.0292973311
0.0340349375
0.0332383734
0.0278961298
0.0208371696
0.0141612588
0.0098326242
0.0094868986
0.0132064317
0.0186689277
0.0229305580
0.0245028658
0.0223927092
0.0175954867
0.0127105770
0.0083314956
0.0039797044
0.0002964737
-0.0019514658
-0.0043102425
-0.0094125023
-0.0154222212
-0.0199673806
-0.0240992118
-0.0286644951
-0.0311703287
-0.0316126703
-0.0341029818
-0.0383075962
-0.0401939378
-0.0390402370
-0.0384120125
-0.0392736087
-0.0386821486
-0.0364461666
-0.0348585427
-0.0341122146
-0.0313204087
-0.0256670749
-0.0199959131
-0.0159066648
-0.0124489476
-0.0074800800
-0.0021403934
0.0010254204
0.0024764132
0.0053132362
0.0105931401
0.0156607538
0.0180275064
0.0175325544
0.0155639514
0.0132661948
0.0115709659
0.0100428599
0.0066857383
0.0005855343
-0.0056762933
-0.0092625440
-0.0093821782
-0.0070582057
-0.0039675889
-0.0016372613
-0.0007212729
-0.0000089761
0.0015924032
0.0047408306
0.0088884507
0.0123549612
0.0132440890
0.0109919471
0.0067700856
0.0020155334
-0.0027518359
-0.0085915727
-0.0165200148
-0.0262120666
-0.0355935285
-0.0426482108
-0.0469028846
-0.0488622352
-0.0501733158
-0.0516384601
-0.0528318198
-0.0531933717
-0.0522139859
-0.0509346167
-0.0508433775
-0.0516435229
-0.0509093613
-0.0467745278
-0.0403109032
-0.0354411526
-0.0341574662
-0.0352635017
-0.0370520400
-0.0381259225
-0.0378887145
-0.0370480074
-0.0369456320
-0.0379964078
-0.0395045863
-0.0414262794
-0.0441301920
-0.0466728392
-0.0474823253
-0.0465681776
-0.0449636089
-0.0432164269
-0.0408229668
-0.0370438276
-0.0314507966
-0.0231261055
-0.0111371997
0.0028973495
0.0161195791
0.0268429108
0.0351877160
0.0413266120
0.0443337556
0.0442138074
0.0428372728
0.0426572769
0.0448205835
0.0483272710
0.0510626301
0.0513879375
0.0484023110
0.0432690864
0.0385677735
0.0362168079
0.0364569399
0.0380100854
0.0397675795
0.0404031432
0.0387311287
0.0350849971
0.0317871913
0.0304230979
0.0302747840
0.0288680293
0.0252381263
0.0204355270
0.0163887733
0.0127432696
0.0081927638
0.0023850848
-0.0032439818
-0.0068356946
-0.0071513964
-0.0047110010
-0.0017115272
-0.0009834528
-0.0014785971
-0.0000282796
0.0038992650
0.0076263531
0.0086973008
0.0073293004
0.0056435113
0.0051902140
0.0053742053
0.0048907644
0.0042094369
0.0040265347
0.0043895829
0.0054093793
0.0069692223
0.0081105612
0.0076514642
0.0063406435
0.0065399715
0.0082691195
0.0096723146
0.0094244893
0.0070633686
0.0037514515
0.0016325782
0.0005623077
-0.0019091106
-0.0074148635
-0.0146796117
-0.0217496886
-0.0280599266
-0.0324474706
-0.0339025775
-0.0339748604
-0.0356041546
-0.0383609327
-0.0394582259
-0.0377437464
-0.0354558113
-0.0365163008
-0.0414614838
-0.0466634297
-0.0473846497
-0.0409419339
-0.0299363387
-0.0193939153
-0.0112337667
-0.0040365888
0.0026953930
0.0071999075
0.0084767521
0.0069587659
0.0032554153
-0.0010743838
-0.0028495115
0.0007617424
0.0082484296
0.0146531593
0.0174880092
0.0189331572
0.0241842401
0.0353406708
0.0471955583
0.0523712284
0.0480867957
0.0378256447
0.0284038174
0.0242654615
0.0254781208
0.0293525416
0.0327854646
0.0344417509
0.0351794840
0.0371447804
0.0414640938
0.0470301426
0.0513262807
0.0527327803
0.0514565705
0.0479259915
0.0425491321
0.0365208828
0.0323786317
0.0324224704
0.0340920417
0.0307406541
0.0183621349
0.0006779849
-0.0147350086
-0.0253093397
-0.0326413207
-0.0378085822
-0.0408614778
-0.0436777738
-0.0477176593
-0.0498155513
-0.0471377477
-0.0423327936
-0.0383043878
-0.0342315349
-0.0287093837
-0.0235413274
-0.0219525556
-0.0236518564
-0.0250956798
-0.0242017442
-0.0229755643
-0.0234609401
-0.0251754196
-0.0265959598
-0.0269090909
-0.0262751559
-0.0264588410
-0.0289737603
-0.0332526200
-0.0382612064
-0.0437078761
-0.0473570886
-0.0449915919
-0.0358525186
-0.0258617491
-0.0217521906
-0.0232463971
-0.0248779088
-0.0252676497
-0.0280269690
-0.0335140336
-0.0356697165
-0.0288078737
-0.0151954038
-0.0027521155
0.0037480213
0.0045009371
0.0027335057
0.0014031774
0.0034444302
0.0095321630
0.0161960221
0.0188014839
0.0158398863
0.0103170286
0.0057780094
0.0025838858
-0.0015973159
-0.0081417694
-0.0155740182
-0.0215266977
-0.0250304515
-0.0256456363
-0.0238659775
-0.0199188028
-0.0147060445
-0.0103151154
-0.0074366985
-0.0044239131
-0.0007010917
0.0027198576
0.0048467059
0.0060971668
0.0080183968
0.0111610422
0.0151282229
0.0179118066
0.0170584915
0.0137806427
0.0119549866
0.0133455716
0.0175307883
0.0225628149
0.0262386858
0.0260694337
0.0213801990
0.0150787327
0.0113121623
0.0114166080
0.0136041201
0.0146274134
0.0135430913
0.0133792454
0.0176485191
0.0251465633
0.0307942456
0.0323626582
0.0323006972
0.0334942629
0.0356577953
0.0359390579
0.0328825025
0.0293707227
0.0292847132
0.0308625941
0.0282599090
0.0202143121
0.0112803232
0.0066261890
0.0060817575
0.0068922346
0.0072771777
0.0072577485
0.0073803999
0.0075839468
0.0063528768
0.0016837973
-0.0054252664
-0.0116913753
-0.0164157457
-0.0220319913
-0.0289953265
-0.0354506111
-0.0405794597
-0.0441290440
-0.0454768401
-0.0444872795
-0.0426757033
-0.0416743294
-0.0415866028
-0.0412533283
-0.0399896677
-0.0379239876
-0.0362516297
-0.0361250586
-0.0364021611
-0.0354376400
-0.0320731831
-0.0260406657
-0.0184184934
-0.0108936533
-0.0049431217
-0.0011195393
0.0004800846
0.0004674445
-0.0001971158
-0.0010853523
-0.0013947569
-0.0004912647
0.0021009836
0.0055812236
0.0090715373
0.0124723682
0.0156907090
0.0190335899
0.0227466766
0.0261317185
0.0290796189
0.0312085748
0.0312029625
0.0293280123
0.0274281110
0.0263814168
0.0260471218
0.0258587271
0.0249660670
0.0220674508
0.0173173344
0.0121811467
0.0078834259
0.0044576782
0.0024491258
0.0035161401
0.0052380569
0.0029811092
-0.0031775888
-0.0092950482
-0.0122157428
-0.0129026119
-0.0140866309
-0.0164832307
-0.0181873588
-0.0183798255
-0.0177606964
-0.0165153150
-0.0143472202
-0.0113102195
-0.0082302102
-0.0060558732
-0.0049273954
-0.0035959280
-0.0011649175
0.0022332975
0.0050315193
0.0058512362
0.0047817886
0.0026186242
0.0006007176
-0.0007609777
-0.0012244354
-0.0010163848
-0.0008180238
-0.0001543328
0.0018623735
0.0051918585
0.0088443166
0.0120879942
0.0158022289
0.0205849987
0.0260405480
0.0309978486
0.0348037051
0.0369736150
0.0374298303
0.0371062890
0.0370265001
0.0366600031
0.0353273073
0.0340421884
0.0329473187
0.0301603401
0.0267341578
0.0244691135
0.0219066466
0.0170211285
0.0116515299
0.0086259029
0.0065114459
0.0034907022
0.0027672737
0.0054277331
0.0071557577
0.0046570827
0.0012018527
0.0020290441
0.0077627349
0.0138933303
0.0164263620
0.0157557214
0.0160590898
0.0184100455
0.0196922798
0.0177674763
0.0141945205
0.0110745519
0.0079876420
0.0029485716
-0.0041037333
-0.0116920326
-0.0171632512
-0.0199944021
-0.0219111011
-0.0233205148
-0.0232832106
-0.0221876639
-0.0216277486
-0.0217723046
-0.0205575161
-0.0177840483
-0.0162915981
-0.0169698133
-0.0176354008
-0.0174957506
-0.0178119136
-0.0189128371
-0.0201610345
-0.0207632187
-0.0205163167
-0.0198821168
-0.0190689611
-0.0176514233
-0.0159207545
-0.0144059531
-0.0130426447
-0.0118385902
-0.0111069208
-0.0112170965
-0.0113849848
-0.0096981871
-0.0066275116
-0.0045263661
-0.0051044792
-0.0074187705
-0.0088308481
-0.0082152159
-0.0053878357
-0.0014152615
0.0024038752
0.0053170461
0.0065523028
0.0057686244
0.0039221244
0.0015346592
0.0001314711
0.0008165694
0.0025579859
0.0038136715
0.0048661193
0.0061161240
0.0072204758
0.0077254171
0.0073899496
0.0070319201
0.0071892372
0.0074080149
0.0069821158
0.0057600883
0.0044026826
0.0028043011
0.0016719065
0.0020028007
0.0042821692
0.0071274156
0.0083438603
0.0083365849
0.0096732202
0.0136183373
0.0180674597
0.0206579194
0.0216071636
0.0219510544
0.0228952849
0.0245633255
0.0262448279
0.0277613267
0.0289850438
0.0294245007
0.0291950341
0.0282125086
0.0257062040
0.0217684290
0.0171945800
0.0124259588
0.0078453555
0.0041058821
0.0018727553
0.0003679850
-0.0019463441
-0.0057991144
-0.0107055137
-0.0147675247
-0.0163808552
-0.0163465437
-0.0166325159
-0.0173372718
-0.0172960921
-0.0163825821
-0.0154510088
-0.0148764053
-0.0138249622
-0.0116626367
-0.0083512563
-0.0045519501
-0.0010010815
0.0030321017
0.0082597248
0.0139800658
0.0194233603
0.0237830292
0.0263151877
0.0269671566
0.0261738303
0.0251926294
0.0256198413
0.0277781341
0.0303580266
0.0303839001
0.0263746173
0.0196940655
0.0134209354
0.0096145589
0.0072300618
0.0051563518
0.0029490583
0.0006961224
-0.0019135494
-0.0057410133
-0.0098982058
-0.0126405312
-0.0139709802
-0.0151606801
-0.0172139974
-0.0192692084
-0.0202757334
-0.0204753037
-0.0206994916
-0.0211135264
-0.0216690363
-0.0225075945
-0.0231348085
-0.0233595262
-0.0241007522
-0.0255783475
-0.0266544278
-0.0260731916
-0.0241330131
-0.0216539360
-0.0195149821
-0.0179151524
-0.0178265428
-0.0190316570
-0.0195435636
-0.0183299427
-0.0164328279
-0.0147470476
-0.0126921702
-0.0091887442
-0.0048028995
-0.0004774562
0.0025944550
0.0039669168
0.0041058036
0.0032282398
0.0015286241
0.0003673415
0.0008701340
0.0024662463
0.0033575916
0.0032051735
0.0034853568
0.0045892710
0.0050664942
0.0041770573
0.0039112706
0.0053362849
0.0072771983
0.0084364917
0.0090237435
0.0105513520
0.0131916356
0.0159944895
0.0185454570
0.0207221861
0.0216918191
0.0212980749
0.0200516338
0.0183026269
0.0166048567
0.0144985561
0.0113450119
0.0076743118
0.0042865050
0.0012007205
-0.0021455533
-0.0051073364
-0.0067106845
-0.0072236881
-0.0067481496
-0.0053123512
-0.0038683042
-0.0039487239
-0.0059725423
-0.0081588133
-0.0088292184
-0.0079681491
-0.0062862287
-0.0060361585
-0.0086049687
-0.0129670454
-0.0175368225
-0.0217264446
-0.0251766461
-0.0276210682
-0.0291595354
-0.0300456412
-0.0308228468
-0.0309336407
-0.0302559357
-0.0282550227
-0.0251427858
-0.0216491577
-0.0179670858
-0.0140936364
-0.0102964240
-0.0078886928
-0.0075818118
-0.0088569149
-0.0108015508
-0.0129454008
-0.0154031374
-0.0178041721
-0.0196524246
-0.0205358322
-0.0214906200
-0.0231487705
-0.0244828302
-0.0245252561
-0.0236463619
-0.0231580033
-0.0232864387
-0.0226598626
-0.0201263304
-0.0161922152
-0.0118616674
-0.0077548591
-0.0035783022
0.0005578332
0.0037738654
0.0054368619
0.0052573615
0.0031454721
0.0008457909
0.0006945535
0.0034698543
0.0081101707
0.0135498417
0.0188888082
0.0231701404
0.0261530197
0.0282712317
0.0289386246
0.0275148171
0.0242561796
0.0200361313
0.0159944208
0.0127179750
0.0107315147
0.0103280570
0.0108452816
0.0106855174
0.0086984037
0.0051557405
0.0021819519
0.0021333152
0.0044056810
0.0064101095
0.0068624306
0.0055576137
0.0035402053
0.0013871313
-0.0003308479
-0.0005352028
0.0011135345
0.0036597365
0.0053363870
0.0060801248
0.0074992766
0.0100746106
0.0126063373
0.0135190427
0.0125082496
0.0106660117
0.0079067415
0.0041718737
0.0004164776
-0.0028346733
-0.0055192823
-0.0076273205
-0.0083781169
-0.0074615516
-0.0052595377
-0.0023764475
0.0009202160
0.0045539939
0.0084809329
0.0125148333
0.0157184074
0.0174442980
0.0176011972
0.0170630834
0.0166938195
0.0157182112
0.0138537988
0.0115632637
0.0093757545
0.0074912458
0.0052897215
0.0025914654
-0.0000456826
-0.0020596007
-0.0036773221
-0.0052627667
-0.0064880597
-0.0077577290
-0.0085342968
-0.0079050185
-0.0053748312
-0.0002636657
0.0064179716
0.0110836670
0.0112838555
0.0083946604
0.0057184866
0.0053407110
0.0067793459
0.0087601390
0.0107468308
0.0123413131
0.0130200876
0.0130603450
0.0134512634
0.0148415933
0.0168873752
0.0191107198
0.0216504333
0.0252460738
0.0278174791
0.0276675659
0.0259069321
0.0247481586
0.0244977048
0.0241061585
0.0231723971
0.0220200308
0.0210815794
0.0197794274
0.0178066545
0.0154144209
0.0124553154
0.0086621690
0.0041913156
-0.0010475851
-0.0068155914
-0.0123881346
-0.0161920974
-0.0167704490
-0.0142238968
-0.0094482964
-0.0037615213
0.0019965762
0.0078039039
0.0134294323
0.0181005546
0.0213379694
0.0235446144
0.0256033674
0.0277876221
0.0291939549
0.0290543243
0.0274405522
0.0257761321
0.0255818110
0.0265080076
0.0265654453
0.0247799290
0.0229437449
0.0220106704
0.0205929560
0.0173335434
0.0133752815
0.0103246916
0.0078470225
0.0048704414
0.0017621615
-0.0004624136
-0.0016797490
-0.0020429660
-0.0020551531
-0.0031301639
-0.0056367099
-0.0088760016
-0.0115785013
-0.0127008144
-0.0115103982
-0.0088286670
-0.0059191499
-0.0038188099
-0.0026179295
-0.0015223534
-0.0002614734
0.0012025494
0.0034435373
0.0062811100
0.0095766807
0.0124236530
0.0140846195
0.0146854889
0.0151792242
0.0163518027
0.0178191546
0.0186224692
0.0179369246
0.0160620235
0.0137828405
0.0121266720
0.0117520411
0.0120395145
0.0123767432
0.0128667403
0.0135147256
0.0143727797
0.0149369730
0.0148662501
0.0141476990
0.0130129839
0.0115857816
0.0092838236
0.0057067027
0.0020643702
-0.0004031305
-0.0022103303
-0.0041695111
-0.0059084551
-0.0070470782
-0.0080805001
-0.0093158392
-0.0101002977
-0.0100592356
-0.0093659447
-0.0083164669
-0.0074222498
-0.0061335310
-0.0035677389
-0.0008585683
0.0006533154
0.0015489363
0.0022491474
0.0027000742
0.0024783677
0.0015091586
0.0001413427
-0.0012450459
-0.0026744686
-0.0044695200
-0.0068365806
-0.0090457992
-0.0101965506
-0.0112192453
-0.0129378262
-0.0149493358
-0.0155998721
-0.0143135072
-0.0124815912
-0.0113325804
-0.0106054342
-0.0091191134
-0.0072528515
-0.0062519083
-0.0067315030
-0.0070391592
-0.0061093745
-0.0048267184
-0.0039962008
-0.0039394293
-0.0048256479
-0.0068748561
-0.0101163104
-0.0133722791
-0.0151597382
-0.0154129884
-0.0147318885
-0.0139271512
-0.0131678520
-0.0123621630
-0.0119217151
-0.0125435424
-0.0138938306
-0.0151131718
-0.0158687033
-0.0168638173
-0.0181476410
-0.0185735087
-0.0174948578
-0.0161011821
-0.0149219218
-0.0139083716
-0.0137460564
-0.0139930173
-0.0138281510
-0.0132578353
-0.0130649467
-0.0139797224
-0.0152610147
-0.0160259655
-0.0161050872
-0.0156031296
-0.0144242226
-0.0129101571
-0.0119063107
-0.0120831669
-0.0126235275
-0.0115276570
-0.0079512229
-0.0034172655
0.0005198038
0.0035955443
0.0053519327
0.0054574636
0.0042244380
0.0023276166
0.0004667680
-0.0005606253
-0.0006046144
0.0000562086
0.0000101450
-0.0011041084
-0.0021519800
-0.0023201420
-0.0013458465
-0.0000588317
0.0000119976
-0.0012750697
-0.0030717273
-0.0045169596
-0.0042880896
-0.0028110378
-0.0020788484
-0.0026791095
-0.0033325600
-0.0027971866
-0.0013688560
-0.0000943343
0.0006586835
0.0014156569
0.0028120848
0.0043406028
0.0052192155
0.0049838403
0.0040386493
0.0030602780
0.0020631192
0.0009039658
-0.0001058693
0.0001518332
0.0020423939
0.0042024048
0.0056574764
0.0067654221
0.0081893601
0.0099246778
0.0110616888
0.0114942088
0.0116453289
0.0122926862
0.0136067300
0.0151628387
0.0167967052
0.0182091703
0.0185340951
0.0173641952
0.0154212106
0.0142106215
0.0139028280
0.0133735350
0.0119898084
0.0100848442
0.0082140258
0.0064297241
0.0046197187
0.0028396812
0.0012679003
-0.0002160760
-0.0017350537
-0.0029580684
-0.0034176265
-0.0034894081
-0.0039180299
-0.0050886843
-0.0065392376
-0.0086036735
-0.0109345780
-0.0124457392
-0.0126231056
-0.0114092394
-0.0093426017
-0.0073354563
-0.0056268344
-0.0039851833
-0.0021431760
-0.0005820897
0.0000082568
-0.0002707023
-0.0008312210
-0.0015952221
-0.0026249371
-0.0037534629
-0.0046485220
-0.0054486536
-0.0064930950
-0.0076678076
-0.0088294499
-0.0097636224
-0.0107385007
-0.0122861909
-0.0145862728
-0.0162089344
-0.0158536718
-0.0140106784
-0.0119313502
-0.0104515276
-0.0093404863
-0.0070748179
-0.0038710397
-0.0009988788
0.0004857084
0.0003860681
-0.0004752424
-0.0012239350
-0.0015654769
-0.0019295798
-0.0027739662
-0.0044404429
-0.0063056893
-0.0076162186
-0.0075664388
-0.0061679102
-0.0041010380
-0.0025893009
-0.0014931763
-0.0003435289
0.0012176457
0.0034299707
0.0060504464
0.0089664764
0.0120155249
0.0145495574
0.0162059908
0.0164575632
0.0157367750
0.0148334790
0.0146089281
0.0149383466
0.0151121121
0.0141832763
0.0121471392
0.0101112672
0.0082949989
0.0066529063
0.0050593130
0.0033517007
0.0014770027
-0.0003103266
-0.0018166538
-0.0027560657
-0.0037355673
-0.0057626344
-0.0088778070
-0.0113335322
-0.0115607224
-0.0097246777
-0.0079790705
-0.0075032651
-0.0078531371
-0.0080903628
-0.0088949892
-0.0110813417
-0.0139185169
-0.0156225666
-0.0155514611
-0.0143025965
-0.0126174344
-0.0108774738
-0.0094585261
-0.0085986774
-0.0078886379
-0.0070606302
-0.0060186319
-0.0047295805
-0.0036832326
-0.0034076696
-0.0041764352
-0.0052464440
-0.0055048080
-0.0046407903
-0.0033509128
-0.0029706293
-0.0040078856
-0.0058298496
-0.0074455153
-0.0081505518
-0.0074356712
-0.0062061122
-0.0052446062
-0.0047363839
-0.0043941277
-0.0034688054
-0.0021978988
-0.0011226241
-0.0003479750
0.0003902153
0.0010705013
0.0014144206
0.0016788512
0.0019995020
0.0025776799
0.0036430644
0.0048665098
0.0058944136
0.0072632225
0.0083166887
0.0088616382
0.0087075923
0.0079053296
0.0071133995
0.0067400893
0.0064629044
0.0061067146
0.0046812538
0.0021780929
0.0002019778
-0.0002977527
0.0000912244
0.0001297887
-0.0012611969
-0.0034214502
-0.0049253880
-0.0059493680
-0.0069018393
-0.0076122625
-0.0076801929
-0.0078690625
-0.0087436926
-0.0102135837
-0.0116669931
-0.0128509630
-0.0139012189
-0.0144479178
-0.0138976572
-0.0131435582
-0.0134805906
-0.0151138586
-0.0168888372
-0.0180523693
-0.0187451058
-0.0195641682
-0.0203312677
-0.0206687417
-0.0203852027
-0.0187412891
-0.0154906481
-0.0108776799
-0.0055771331
-0.0001261530
0.0052434720
0.0099223328
0.0141513489
0.0175357138
0.0195670528
0.0205967041
0.0203369487
0.0184262349
0.0155065431
0.0131612095
0.0118241376
0.0114548050
0.0113947180
0.0103060101
0.0075789075
0.0038195664
0.0002402531
-0.0021999485
-0.0036885447
-0.0045396737
-0.0057499871
-0.0067136791
-0.0066296663
-0.0052342323
-0.0033662161
-0.0022498273
-0.0011152447
0.0010828278
0.0038630323
0.0058672979
0.0063615817
0.0064459429
0.0069440817
0.0067840968
0.0053484799
0.0033687299
0.0019336723
0.0016820106
0.0026113949
0.0037661171
0.0034445999
0.0010830073
-0.0024943932
-0.0055599087
-0.0068525345
-0.0067784737
-0.0066097583
-0.0064142844
-0.0056480404
-0.0042527625
-0.0033993689
-0.0036273902
-0.0043091730
-0.0047010725
-0.0044307715
-0.0039810643
-0.0040127385
-0.0048285954
-0.0056684243
-0.0058087004
-0.0053510653
-0.0050975433
-0.0062000122
-0.0083770984
-0.0102748481
-0.0106547871
-0.0092575910
-0.0065797756
-0.0035738928
-0.0008835815
0.0013251566
0.0032676849
0.0049019017
0.0057287330
0.0057929183
0.0053914866
0.0046889678
0.0033637386
0.0019489462
0.0004063068
-0.0010286956
-0.0019391610
-0.0016232895
0.0001000745
0.0025704771
0.0043917180
0.0051719377
0.0053912286
0.0053656416
0.0048456580
0.0029666193
-0.0001838436
-0.0033190708
-0.0046671848
-0.0036919866
-0.0010100572
0.0023054706
0.0052598134
0.0075294594
0.0096940190
0.0118235194
0.0136746958
0.0143695419
0.0131511525
0.0105379688
0.0075700731
0.0055831928
0.0049872577
0.0049270079
0.0042527723
0.0028597736
0.0014705426
0.0006025297
0.0006911956
0.0011197395
0.0018006755
0.0026530604
0.0035458627
0.0045140867
0.0055130724
0.0065509214
0.0079210999
0.0094682927
0.0106893734
0.0113140167
0.0113537443
0.0113223272
0.0113874770
0.0117748435
0.0122094633
0.0115253905
0.0094715433
0.0066682528
0.0039028129
0.0015727366
-0.0003904545
-0.0025877899
-0.0052856967
-0.0076079345
-0.0092008969
-0.0100407700
-0.0103014673
-0.0099645035
-0.0087475339
-0.0070912869
-0.0056999238
-0.0051035442
-0.0052277163
-0.0059441923
-0.0065973190
-0.0069089096
-0.0069501228
-0.0072155935
-0.0076704930
-0.0076281938
-0.0064637884
-0.0049576508
-0.0041646935
-0.0043830120
-0.0050966308
-0.0055927249
-0.0062974828
-0.0073274902
-0.0083403153
-0.0084360207
-0.0079589791
-0.0076391456
-0.0072477111
-0.0063610833
-0.0052919173
-0.0049327350
-0.0046670376
-0.0037468224
-0.0025061476
-0.0020325773
-0.0025344652
-0.0033681883
-0.0042093751
-0.0045590823
-0.0043446423
-0.0035121448
-0.0025234506
-0.0016974670
-0.0005351971
0.0007926784
0.0019941223
0.0031859337
0.0043920918
0.0052198483
0.0051078947
0.0042008114
0.0033773916
0.0033070093
0.0034831953
0.0031336402
0.0022827819
0.0014708733
0.0008861206
0.0002241362
-0.0004356298
-0.0011482945
-0.0018738817
-0.0028997348
-0.0038777293
-0.0047343597
-0.0054638716
-0.0057108187
-0.0053993429
-0.0041488819
-0.0023515699
-0.0007238512
-0.0001642509
-0.0003263365
-0.0001932604
0.0007599962
0.0027013281
0.0044297943
0.0049609319
0.0043414310
0.0029299460
0.0018512647
0.0010862266
0.0003432835
-0.0007400132
-0.0026522431
-0.0043775979
-0.0047533150
-0.0035428191
-0.0017559438
-0.0004314088
-0.0000267617
0.0001894521
0.0006128681
0.0008566616
0.0004845077
-0.0004515729
-0.0014301046
-0.0022035798
-0.0024306720
-0.0019704211
-0.0013591738
-0.0011814277
-0.0018427285
-0.0034049949
-0.0051805828
-0.0063568515
-0.0068317542
-0.0071680125
-0.0080745267
-0.0089437662
-0.0097373643
-0.0099761402
-0.0091645553
-0.0074576426
-0.0049678609
-0.0022404797
-0.0001968182
0.0006445715
0.0010711254
0.0016437312
0.0027045533
0.0042044908
0.0058897363
0.0073762505
0.0080988647
0.0080394950
0.0078012449
0.0078600416
0.0079787703
0.0075019072
0.0061765563
0.0046302270
0.0038584336
0.0039431273
0.0045258166
0.0058757900
0.0075641105
0.0085131850
0.0081036293
0.0068957247
0.0061272132
0.0065504190
0.0073639279
0.0072141914
0.0060518671
0.0047617815
0.0043053513
0.0050646633
0.0069526002
0.0088134225
0.0095506611
0.0089159225
0.0074033720
0.0061073043
0.0053544219
0.0050366047
0.0049323533
0.0049214054
0.0048078416
0.0045637016
0.0045027464
0.0050607229
0.0059780624
0.0063317600
0.0056763158
0.0039847633
0.0022843852
0.0013918566
0.0013360868
0.0016270326
0.0017494730
0.0018185151
0.0021072445
0.0024642506
0.0028989773
0.0036596325
0.0045705227
0.0052859224
0.0055144039
0.0054746105
0.0057017517
0.0058813748
0.0052222179
0.0034951980
0.0010863885
-0.0014238781
-0.0032066737
-0.0037793188
-0.0032587032
-0.0019117657
-0.0007628388
-0.0004658763
-0.0005271383
0.0000316613
0.0013630985
0.0028583735
0.0043623378
0.0055412272
0.0062905861
0.0064326215
0.0059323643
0.0050525929
0.0043838038
0.0040888509
0.0038460345
0.0034753705
0.0034039127
0.0037323815
0.0037893149
0.0034987783
0.0024244111
0.0016519622
0.0019567789
0.0026217963
0.0032777301
0.0037559423
0.0043029749
0.0047636811
0.0050886775
0.0052988297
0.0055707133
0.0058379609
0.0059286879
0.0057704023
0.0058863641
0.0065951123
0.0076263894
0.0086902943
0.0095457915
0.0100078909
0.0097775795
0.0089413143
0.0077934692
0.0066093217
0.0056910471
0.0051292293
0.0045926805
0.0036390760
0.0028617418
0.0027334105
0.0032951508
0.0037245664
0.0036179671
0.0032407380
0.0026556958
0.0020359221
0.0018383417
0.0022587521
0.0026709197
0.0028301393
0.0022646950
0.0011264742
0.0004718017
0.0003767406
0.0008596596
0.0018661530
0.0026514169
0.0025249537
0.0014582093
-0.0001083218
-0.0019607840
-0.0039400759
-0.0056746959
-0.0067434684
-0.0072507469
-0.0075668323
-0.0077350649
-0.0078714988
-0.0077235195
-0.0073400227
-0.0069466063
-0.0065604485
-0.0058029036
-0.0046478812
-0.0034128512
-0.0023080324
-0.0012483328
-0.0005892190
-0.0007525949
-0.0018542013
-0.0037548905
-0.0056072031
-0.0067651229
-0.0072809571
-0.0072965637
-0.0070565132
-0.0064424499
-0.0052118243
-0.0036727488
-0.0025380112
-0.0025238136
-0.0034212677
-0.0053758772
-0.0079282664
-0.0103272426
-0.0121497197
-0.0130873076
-0.0139115997
-0.0143135758
-0.0135701422
-0.0116066118
-0.0095043203
-0.0086229967
-0.0090112414
-0.0094615344
-0.0091944968
-0.0082040728
-0.0069279522
-0.0054852444
-0.0041965835
-0.0035034378
-0.0030486030
-0.0025593340
-0.0020737375
-0.0020387008
-0.0027240413
-0.0035920877
-0.0042234117
-0.0045560554
-0.0047544247
-0.0048009273
-0.0048155242
-0.0047263701
-0.0047834998
-0.0047608995
-0.0039525731
-0.0021981206
0.0005043703
0.0035847838
0.0062665092
0.0084948744
0.0102139958
0.0113848180
0.0115615368
0.0108158661
0.0097546299
0.0084662428
0.0072724366
0.0062105500
0.0053810950
0.0053793309
0.0057685165
0.0061872413
0.0064830763
0.0062847805
0.0059674618
0.0064032805
0.0074550307
0.0086119546
0.0096991153
0.0106177381
0.0108499912
0.0106295318
0.0096822322
0.0084482501
0.0075541055
0.0075772140
0.0086809310
0.0101985816
0.0119975793
0.0140804299
0.0159459509
0.0170243860
0.0169008663
0.0155715555
0.0138771605
0.0125000274
0.0110499834
0.0095942162
0.0082143456
0.0068405455
0.0056540226
0.0044908163
0.0028434607
0.0007765578
-0.0011665256
-0.0023349273
-0.0028472558
-0.0031763231
-0.0036221037
-0.0039488397
-0.0040585474
-0.0037462444
-0.0030603437
-0.0024186114
-0.0019855350
-0.0019916291
-0.0023073623
-0.0024471772
-0.0018207944
-0.0014718074
-0.0018383564
-0.0025018599
-0.0032359999
-0.0037213080
-0.0041631854
-0.0055196482
-0.0075521863
-0.0098589981
-0.0120186843
-0.0138908381
-0.0154892156
-0.0163904020
-0.0166465957
-0.0166764037
-0.0166030317
-0.0162903912
-0.0156114794
-0.0150270347
-0.0143843772
-0.0142472192
-0.0143299516
-0.0137887668
-0.0130779374
-0.0127585857
-0.0130993957
-0.0133214152
-0.0126004797
-0.0106626856
-0.0074959318
-0.0046040562
-0.0027180100
-0.0014436477
-0.0008126529
-0.0006533305
-0.0006940440
-0.0007196430
-0.0006313363
-0.0003500173
-0.0004072414
-0.0011845615
-0.0021389049
-0.0024449510
-0.0020106746
-0.0016257699
-0.0019977173
-0.0028173272
-0.0038159881
-0.0045837440
-0.0052227938
-0.0062964398
-0.0079403417
-0.0099278371
-0.0112518496
-0.0115315326
-0.0105334064
-0.0092169705
-0.0076866569
-0.0060755271
-0.0044205026
-0.0032851674
-0.0033983848
-0.0045304546
-0.0059296092
-0.0067957649
-0.0066444810
-0.0060947512
-0.0059599755
-0.0066655183
-0.0077935202
-0.0082189895
-0.0082282106
-0.0086352417
-0.0098985688
-0.0116297479
-0.0133856034
-0.0143570025
-0.0143168726
-0.0134933459
-0.0121712172
-0.0112202657
-0.0110848444
-0.0118891991
-0.0129949794
-0.0135653540
-0.0131720710
-0.0122013588
-0.0109400628
-0.0094014347
-0.0076298078
-0.0058822225
-0.0047531737
-0.0041957309
-0.0041088962
-0.0041209234
-0.0040040080
-0.0038028708
-0.0038457225
-0.0045104701
-0.0055664766
-0.0070690251
-0.0083395912
-0.0085099187
-0.0083690067
-0.0086065847
-0.0090864119
-0.0096943772
-0.0104629975
-0.0111809894
-0.0117370095
-0.0120608943
-0.0119952931
-0.0115095151
-0.0103743977
-0.0090762097
-0.0077713339
-0.0065814780
-0.0057266215
-0.0051459082
-0.0048268499
-0.0047253271
-0.0047817788
-0.0045215691
-0.0038910575
-0.0038252160
-0.0046378134
-0.0059345435
-0.0074045269
-0.0080696120
-0.0071768234
-0.0050098256
-0.0025743871
-0.0007500906
0.0003544624
0.0009341160
0.0011302449
0.0006284628
-0.0004238018
-0.0015171473
-0.0022331513
-0.0024765035
-0.0016212751
0.0005053313
0.0034195418
0.0060637128
0.0076140619
0.0079947300
0.0074688044
0.0066339962
0.0064622656
0.0067768341
0.0072792470
0.0077184360
0.0074473256
0.0067871551
0.0064596538
0.0070563091
0.0087144223
0.0107677396
0.0132258000
0.0158363443
0.0183275388
0.0203885191
0.0216181429
0.0217572730
0.0213375377
0.0209053905
0.0203818569
0.0195353021
0.0181467187
0.0165649328
0.0152633990
0.0139176044
0.0124714459
0.0110788887
0.0101535949
0.0101769173
0.0107475275
0.0112572657
0.0112849347
0.0109659755
0.0104905292
0.0102049200
0.0103033707
0.0104965438
0.0107960170
0.0113280082
0.0119922613
0.0126494108
0.0130697937
0.0129460091
0.0122315985
0.0113309124
0.0107408457
0.0106518240
0.0111861308
0.0123739861
0.0135089661
0.0143321298
0.0141203145
0.0125525986
0.0109054863
0.0099531023
0.0095388762
0.0092326310
0.0087573878
0.0083370323
0.0083435934
0.0087471807
0.0092414527
0.0098374124
0.0104238488
0.0108076144
0.0110151322
0.0111665466
0.0116205445
0.0121923713
0.0123028806
0.0121097174
0.0125488014
0.0128973136
0.0129006594
0.0127557698
0.0120623072
0.0107142854
0.0091432099
0.0078347696
0.0064339951
0.0049804886
0.0037830168
0.0031381398
0.0031136007
0.0035564015
0.0046796791
0.0064279403
0.0082662369
0.0096668808
0.0106049534
0.0110926938
0.0112265354
0.0109447429
0.0104560606
0.0107334477
0.0115542663
0.0120654273
0.0122266436
0.0119264443
0.0110421635
0.0098165134
0.0087851667
0.0083643609
0.0081312708
0.0076520215
0.0062581103
0.0041374552
0.0019329138
0.0002561183
-0.0007113294
-0.0011190536
-0.0009509941
-0.0002731153
0.0004732391
0.0006331344
-0.0000032654
-0.0015934923
-0.0037625702
-0.0059791927
-0.0078164580
-0.0091725293
-0.0100863258
-0.0099973531
-0.0088553823
-0.0069695353
-0.0050525056
-0.0038498571
-0.0028743734
-0.0019619722
-0.0011808527
-0.0004717178
0.0001415668
0.0005434690
0.0004997075
0.0001855340
0.0000175976
0.0003215622
0.0007067663
0.0007657991
0.0007596045
0.0006931645
0.0009069055
0.0011437497
0.0008622753
-0.0000530247
-0.0016050289
-0.0033309803
-0.0046116328
-0.0050633338
-0.0044277162
-0.0030367907
-0.0014238379
-0.0001083548
0.0006096053
0.0008631046
0.0007739069
0.0003272990
-0.0002256211
-0.0010826276
-0.0021787356
-0.0028195073
-0.0030291748
-0.0031077137
-0.0033997064
-0.0038735495
-0.0043063855
-0.0044734397
-0.0039422344
-0.0025541563
-0.0007805281
0.0007520086
0.0017849188
0.0022030657
0.0022392994
0.0021702946
0.0022968480
0.0016554317
0.0003706556
-0.0010710478
-0.0024960258
-0.0034057220
-0.0032801448
-0.0020101674
-0.0006039535
-0.0003368043
-0.0008885247
-0.0011211759
-0.0005817079
-0.0000003674
-0.0001514119
-0.0007793191
-0.0012907174
-0.0012558947
-0.0009927131
-0.0010802306
-0.0017681271
-0.0025755174
-0.0030873524
-0.0032300216
-0.0034000037
-0.0036948713
-0.0039992660
-0.0044273571
-0.0048279125
-0.0047776373
-0.0046071813
-0.0048836058
-0.0055771066
-0.0061273025
-0.0058878760
-0.0050367696
-0.0039906258
-0.0030471578
-0.0015348898
0.0004799223
0.0025495772
0.0035091120
0.0031776241
0.0020483909
0.0008043491
-0.0001299458
-0.0007392962
-0.0009019070
-0.0010642150
-0.0011157490
-0.0005943045
0.0004365202
0.0016899620
0.0028262519
0.0037195016
0.0046429430
0.0055022707
0.0056543709
0.0053336917
0.0052966672
0.0058066910
0.0062563030
0.0059869920
0.0046961078
0.0028172644
0.0008676367
-0.0009648865
-0.0026705007
-0.0037504390
-0.0042066916
-0.0042661565
-0.0036648013
-0.0029662916
-0.0027452346
-0.0033533549
-0.0043919966
-0.0052242548
-0.0060158689
-0.0067067893
-0.0073431556
-0.0080161480
-0.0087378487
-0.0090114111
-0.0083912852
-0.0073962419
-0.0066424686
-0.0067025408
-0.0073290865
-0.0080427672
-0.0089376918
-0.0098394924
-0.0105594958
-0.0104344651
-0.0092334404
-0.0074571638
-0.0061731948
-0.0057039633
-0.0064461038
-0.0079521648
-0.0094377518
-0.0109137281
-0.0123534600
-0.0130608160
-0.0130942151
-0.0126884418
-0.0118385510
-0.0105905204
-0.0092664186
-0.0081413013
-0.0070313863
-0.0056526637
-0.0039565497
-0.0019356925
-0.0005753040
0.0000787035
0.0007751224
0.0021312773
0.0042430773
0.0060818664
0.0066981864
0.0058403765
0.0043114905
0.0027851908
0.0014792338
0.0005318466
0.0001592061
-0.0002691372
-0.0005915574
-0.0001693511
0.0014025720
0.0037660710
0.0059055018
0.0071720510
0.0073455879
0.0069964409
0.0064402511
0.0058114526
0.0048570729
0.0037475896
0.0027435411
0.0015264439
0.0003651340
-0.0003490554
-0.0003323317
0.0001716637
0.0003894090
-0.0000484561
-0.0015010404
-0.0034393987
-0.0044324935
-0.0041670797
-0.0034139216
-0.0030936211
-0.0032178963
-0.0034160910
-0.0033164138
-0.0029401139
-0.0032176628
-0.0043563732
-0.0057854947
-0.0071467368
-0.0078457774
-0.0071514494
-0.0058385378
-0.0044182645
-0.0032322754
-0.0026077420
-0.0026320251
-0.0036327828
-0.0054518375
-0.0071501797
-0.0078533471
-0.0079356380
-0.0080255300
-0.0084827667
-0.0090320108
-0.0094473721
-0.0098718613
-0.0104063251
-0.0108836356
-0.0112436667
-0.0116818383
-0.0119953814
-0.0118697326
-0.0117743922
-0.0115458479
-0.0107680928
-0.0095635448
-0.0085030357
-0.0079364602
-0.0075509167
-0.0069747394
-0.0060504287
-0.0053682417
-0.0054431855
-0.0063275910
-0.0076055130
-0.0085915629
-0.0088115867
-0.0084709210
-0.0077940843
-0.0070878214
-0.0066034337
-0.0067269749
-0.0073745177
-0.0084759897
-0.0095284297
-0.0100121688
-0.0101552040
-0.0107280610
-0.0113210713
-0.0118544067
-0.0121164973
-0.0117608226
-0.0111512501
-0.0105514698
-0.0107551021
-0.0117926812
-0.0129161423
-0.0134596426
-0.0136538263
-0.0140404177
-0.0146853515
-0.0153540298
-0.0154474373
-0.0152061967
-0.0148826651
-0.0143143117
-0.0136365871
-0.0127935351
-0.0118685356
-0.0109167992
-0.0096523055
-0.0084843081
-0.0075783502
-0.0072083750
-0.0074856766
-0.0077653321
-0.0078422579
-0.0073298862
-0.0067975359
-0.0063988349
-0.0060947129
-0.0061005381
-0.0065047386
-0.0072488581
-0.0081762458
-0.0089180154
-0.0094545219
-0.0095573360
-0.0089186688
-0.0078908033
-0.0068149605
-0.0057327047
-0.0046656728
-0.0036336334
-0.0025061368
-0.0012439362
0.0003043323
0.0024258672
0.0048451183
0.0066077734
0.0076168102
0.0084561024
0.0095360887
0.0107311713
0.0115083181
0.0115736837
0.0110882000
0.0103774884
0.0097088318
0.0092976316
0.0094717631
0.0103844351
0.0117234988
0.0132211689
0.0149022493
0.0161195987
0.0170356499
0.0182727895
0.0194573284
0.0204097713
0.0212921094
0.0217229713
0.0219115132
0.0218198325
0.0214498916
0.0208516026
0.0200742400
0.0193009101
0.0185087122
0.0175680728
0.0165310039
0.0153618105
0.0138765718
0.0120193318
0.0101854241
0.0079556725
0.0054964229
0.0038222931
0.0027143140
0.0018704956
0.0012646104
0.0008644301
0.0005295435
0.0002762912
0.0005871802
0.0013620388
0.0020089850
0.0020229923
0.0021460792
0.0027841655
0.0038290239
0.0049390272
0.0060448390
0.0072122987
0.0085714931
0.0097707241
0.0104954743
0.0109729320
0.0113272036
0.0113997122
0.0109501492
0.0100509447
0.0088888785
0.0073045896
0.0059028939
0.0049509907
0.0048480795
0.0054061807
0.0061846500
0.0067156238
0.0065956530
0.0061347123
0.0058046452
0.0055959078
0.0054567002
0.0050963483
0.0045181439
0.0039532118
0.0032518664
0.0026448519
0.0027082464
0.0038483452
0.0057584065
0.0075560678
0.0085849989
0.0086842993
0.0081594805
0.0078745561
0.0079459982
0.0077724103
0.0073482694
0.0066794686
0.0062927790
0.0062425352
0.0060651472
0.0054460888
0.0047644415
0.0046760242
0.0047341576
0.0046356333
0.0049193891
0.0056970735
0.0064925475
0.0065240147
0.0051752924
0.0028778615
0.0004425622
-0.0014960040
-0.0026759580
-0.0028612051
-0.0022664190
-0.0014832625
-0.0008270311
-0.0002847225
0.0001910856
0.0004900584
0.0005534540
0.0004314249
0.0000708564
-0.0005821083
-0.0013738158
-0.0018348134
-0.0014282169
-0.0003443005
0.0008980516
0.0022506447
0.0038242760
0.0051139986
0.0060584939
0.0068334880
0.0076352729
0.0084266957
0.0089728168
0.0093175367
0.0090853355
0.0084344685
0.0073948751
0.0061095109
0.0048085913
0.0040793640
0.0043962421
0.0053323132
0.0058764788
0.0059541640
0.0061188939
0.0062216471
0.0062120875
0.0062166038
0.0055259444
0.0041580274
0.0026868745
0.0015242098
0.0012110767
0.0013159169
0.0009922186
0.0000449967
-0.0011607230
-0.0017334377
-0.0017304511
-0.0014733262
-0.0008960782
-0.0001598664
0.0004915839
0.0007186640
0.0006916828
0.0009512324
0.0014612176
0.0021066803
0.0024657783
0.0022223310
0.0018248348
0.0017928869
0.0020560891
0.0027052764
0.0036749515
0.0044768110
0.0049601263
0.0053753562
0.0051064857
0.0042783142
0.0034654802
0.0027875525
0.0023896080
0.0021846668
0.0023292816
0.0030293642
0.0043616500
0.0058990712
0.0074835612
0.0090075492
0.0103632222
0.0112208937
0.0113739564
0.0110549678
0.0106486548
0.0099744330
0.0089730905
0.0076439965
0.0060963495
0.0042790961
0.0027634137
0.0019860178
0.0018139321
0.0017502275
0.0010745496
-0.0001964960
-0.0014651894
-0.0024587354
-0.0028386353
-0.0030243337
-0.0028607126
-0.0023312646
-0.0017818752
-0.0010609732
0.0000100086
0.0012604934
0.0026678565
0.0040654588
0.0047546268
0.0048472602
0.0050759517
0.0055386732
0.0054390107
0.0048423946
0.0037874713
0.0027781872
0.0023330385
0.0022410027
0.0021637580
0.0016813228
0.0009806970
0.0005579196
-0.0000751292
-0.0014489353
-0.0032489651
-0.0054839905
-0.0075379829
-0.0086679854
-0.0087879277
-0.0085049902
-0.0083522640
-0.0083856229
-0.0087922449
-0.0091931064
-0.0092319314
-0.0091364683
-0.0088490675
-0.0086855719
-0.0090115220
-0.0096459102
-0.0105175016
-0.0113644979
-0.0121616410
-0.0128316536
-0.0132570111
-0.0137392863
-0.0138271797
-0.0135201122
-0.0133516353
-0.0133268803
-0.0129395236
-0.0120098047
-0.0106574755
-0.0095063680
-0.0089692080
-0.0090347561
-0.0093850658
-0.0095756476
-0.0094940700
-0.0094215055
-0.0094680081
-0.0092466078
-0.0090116044
-0.0083735132
-0.0070624277
-0.0052477352
-0.0031700966
-0.0014182884
-0.0005334580
-0.0007582397
-0.0017991291
-0.0030176441
-0.0039060567
-0.0045265613
-0.0045323041
-0.0040762379
-0.0036903824
-0.0031038930
-0.0020838524
-0.0009453208
-0.0002316089
-0.0002181624
-0.0007812513
-0.0015868546
-0.0021548617
-0.0024482389
-0.0021235339
-0.0010318451
0.0001601179
0.0009966917
0.0013066772
0.0014169030
0.0011742239
0.0007733068
0.0003834575
0.0001248712
-0.0002804379
-0.0012519778
-0.0027467476
-0.0039801557
-0.0045011529
-0.0047121715
-0.0043497130
-0.0032385156
-0.0018825631
-0.0006777294
0.0002880725
0.0012410201
0.0015244973
0.0009076022
-0.0002973076
-0.0012859774
-0.0013845361
-0.0009877748
-0.0006701100
-0.0007955428
-0.0013957832
-0.0026605526
-0.0040131525
-0.0048887814
-0.0049706131
-0.0042241584
-0.0029337500
-0.0017877701
-0.0009248575
-0.0002594955
0.0001614579
0.0008933718
0.0018126428
0.0026531615
0.0032314885
0.0035056887
0.0037038156
0.0038022350
0.0039549740
0.0040271647
0.0039640920
0.0039063344
0.0038407921
0.0035564162
0.0028060810
0.0017723726
0.0012530306
0.0014534840
0.0023004224
0.0032793618
0.0038719914
0.0043686173
0.0046240093
0.0046320854
0.0045516058
0.0043345098
0.0040181801
0.0034874114
0.0027670578
0.0021086691
0.0017434182
0.0018261555
0.0021335703
0.0023372281
0.0023537079
0.0016758371
0.0008147843
0.0000970022
-0.0001804995
-0.0002818840
-0.0004750311
-0.0005726438
-0.0004776720
-0.0005283317
-0.0006383761
-0.0005863175
-0.0008414425
-0.0016447918
-0.0026313579
-0.0038309333
-0.0049362172
-0.0053945459
-0.0053791219
-0.0047612841
-0.0036590703
-0.0030313923
-0.0032302522
-0.0038711417
-0.0044260639
-0.0048938796
-0.0054430001
-0.0060332700
-0.0063286997
-0.0061786923
-0.0054031165
-0.0038580558
-0.0022867694
-0.0011627177
-0.0007929633
-0.0007888191
-0.0010582112
-0.0012416432
-0.0010750177
-0.0007537034
-0.0004853759
-0.0003831222
-0.0003155347
-0.0004354137
-0.0007353888
-0.0013521859
-0.0017144452
-0.0017506181
-0.0019354541
-0.0022277274
-0.0028420272
-0.0037203072
-0.0046432158
-0.0051439439
-0.0052633456
-0.0051855848
-0.0050316008
-0.0051889061
-0.0057963318
-0.0068872159
-0.0080594226
-0.0086641098
-0.0090665598
-0.0095208305
-0.0095471485
-0.0096744417
-0.0097524351
-0.0093267185
-0.0086103161
-0.0082119800
-0.0080925989
-0.0078808307
-0.0077921387
-0.0073215433
-0.0065017195
-0.0054960236
-0.0046766070
-0.0040958261
-0.0033004933
-0.0024941312
-0.0017874826
-0.0011245089
-0.0003527454
0.0007415726
0.0019763954
0.0026002586
0.0022064105
0.0011142635
0.0000042957
-0.0013845165
-0.0029484391
-0.0040881366
-0.0052417216
-0.0065282543
-0.0075813340
-0.0080163256
-0.0080246950
-0.0077519028
-0.0072452003
-0.0071311136
-0.0071338481
-0.0066193453
-0.0060068441
-0.0051479775
-0.0041272883
-0.0029683667
-0.0014965466
-0.0001001914
0.0009028180
0.0015734813
0.0022884266
0.0030672315
0.0035931012
0.0039832965
0.0046095351
0.0051657269
0.0055216204
0.0058232620
0.0060583183
0.0061113663
0.0061491591
0.0060764219
0.0055635037
0.0051337594
0.0045241722
0.0034034741
0.0020065616
0.0011434455
0.0008493414
0.0006114015
0.0002527932
-0.0000501100
0.0000148816
0.0006676583
0.0018085386
0.0030168896
0.0035830315
0.0032644353
0.0028257015
0.0023934179
0.0017053478
0.0009005061
-0.0001060645
-0.0011852121
-0.0020199398
-0.0025107385
-0.0026248291
-0.0021211251
-0.0014629111
-0.0014494749
-0.0016319238
-0.0016462420
-0.0013116566
-0.0010150171
-0.0009297563
-0.0008426307
-0.0010490254
-0.0018637236
-0.0032654812
-0.0044308589
-0.0047729512
-0.0042928433
-0.0036657452
-0.0031915803
-0.0023447822
-0.0012969803
-0.0002285559
0.0008485229
0.0019864887
0.0033741783
0.0048492863
0.0059549479
0.0065220514
0.0065650728
0.0062650502
0.0059175310
0.0062685323
0.0072241885
0.0083735397
0.0090733633
0.0090997725
0.0085257940
0.0077882140
0.0071535510
0.0063397732
0.0049989219
0.0036537916
0.0029550984
0.0031800162
0.0040292487
0.0050313368
0.0059614982
0.0066313804
0.0066874916
0.0062791879
0.0054686793
0.0048683809
0.0050285061
0.0059000269
0.0071155944
0.0079405124
0.0080767432
0.0075050342
0.0070257839
0.0071823906
0.0076986968
0.0081327190
0.0081136343
0.0080905228
0.0082752057
0.0085218997
0.0086797604
0.0087830974
0.0088988482
0.0087311777
0.0084302063
0.0077473884
0.0069631047
0.0065240422
0.0066804203
0.0074800849
0.0082263993
0.0085081045
0.0082867688
0.0076078187
0.0065417965
0.0056440382
0.0054055959
0.0056246807
0.0061444769
0.0071724700
0.0084814431
0.0098130989
0.0107375195
0.0114565907
0.0120453035
0.0119216856
0.0110402306
0.0100159562
0.0089170018
0.0075253434
0.0058542189
0.0037396775
0.0018065792
0.0004894477
-0.0003451014
-0.0008377909
-0.0008564558
-0.0005127995
-0.0001805368
0.0005169237
0.0011645201
0.0015148514
0.0013070373
0.0005183660
-0.0001872311
-0.0007586282
-0.0010650598
-0.0010138200
-0.0006308573
-0.0000762711
0.0004193079
0.0008390720
0.0012880840
0.0025306092
0.0035057269
0.0038486945
0.0037757816
0.0031885554
0.0024120690
0.0018616739
0.0018086965
0.0024793096
0.0035279809
0.0042119713
0.0045715628
0.0046611604
0.0044131997
0.0040537387
0.0035085223
0.0030588219
0.0025760826
0.0020685598
0.0017351891
0.0010872862
0.0000850095
-0.0009573174
-0.0021410429
-0.0033386403
-0.0043032742
-0.0049552980
-0.0051446160
-0.0045900696
-0.0032303376
-0.0016545800
-0.0006042599
-0.0003223712
-0.0003797235
-0.0003704175
-0.0000205478
-0.0000225321
-0.0007299080
-0.0020631339
-0.0035922250
-0.0053169716
-0.0070564543
-0.0082994544
-0.0091093134
-0.0100348045
-0.0110114332
-0.0118516202
-0.0122474640
-0.0119922613
-0.0112136330
-0.0100227753
-0.0090577303
-0.0085864530
-0.0086950765
-0.0090055035
-0.0094214682
-0.0095900531
-0.0094968026
-0.0091035059
-0.0084111392
-0.0076854490
-0.0072588769
-0.0070791115
-0.0076481861
-0.0088413427
-0.0101235907
-0.0112368573
-0.0117834680
-0.0118589495
-0.0116475169
-0.0109664072
-0.0098521692
-0.0084434168
-0.0073493497
-0.0069957551
-0.0073557440
-0.0080710750
-0.0087280488
-0.0092798145
-0.0098005733
-0.0101672822
-0.0104853388
-0.0105616543
-0.0099533770
-0.0090733633
-0.0083229584
-0.0080123165
-0.0080028149
-0.0081490222
-0.0085947615
-0.0092236876
-0.0099848334
-0.0105224467
-0.0106580544
-0.0105208867
-0.0100523282
-0.0093827228
-0.0088111403
-0.0082269350
-0.0072508312
-0.0064551129
-0.0063256385
-0.0069476286
-0.0082479145
-0.0095007027
-0.0101924787
-0.0103143304
-0.0101397506
-0.0104541866
-0.0108316041
-0.0105183454
-0.0097056911
-0.0090802933
-0.0087307961
-0.0086816462
-0.0088985754
-0.0091020547
-0.0093192203
-0.0096452607
-0.0100271611
-0.0101410751
-0.0097059010
-0.0084850047
-0.0069400501
-0.0051829484
-0.0038034085
-0.0023703613
-0.0008003683
0.0002955762
0.0009137254
0.0011547290
0.0015092479
0.0014871323
0.0014355982
0.0013867879
0.0011543846
0.0009125054
0.0006569614
0.0005107081
0.0006520970
0.0006872411
0.0004090648
0.0000376813
-0.0000083338
0.0000208948
0.0001263493
0.0004996666
0.0010202241
0.0014495201
0.0021164802
0.0032976459
0.0046208627
0.0058328519
0.0067632832
0.0071460137
0.0072055257
0.0069388138
0.0063199075
0.0058666837
0.0055935138
0.0052056400
0.0045801794
0.0040115895
0.0035511247
0.0032443850
0.0030661925
0.0028809473
0.0027241953
0.0026124576
0.0026910602
0.0033279318
0.0039212148
0.0044458747
0.0049136512
0.0051015956
0.0053540383
0.0058093568
0.0060566483
0.0062547881
0.0067091765
0.0069532920
0.0069152598
0.0069351766
0.0070491995
0.0071624620
0.0069904489
0.0069351413
0.0070344515
0.0071890940
0.0071389208
0.0069037065
0.0067115489
0.0066092186
0.0066448882
0.0068545145
0.0073661601
0.0078600995
0.0081648436
0.0083127316
0.0087220725
0.0099425940
0.0112004657
0.0118804961
0.0124114963
0.0128096459
0.0128527684
0.0126777470
0.0123213953
0.0120180759
0.0116491751
0.0114490847
0.0111975222
0.0106252048
0.0101273486
0.0097111258
0.0091255891
0.0081946653
0.0071633529
0.0066435341
0.0064251783
0.0062925082
0.0064398282
0.0068050291
0.0070588003
0.0072247115
0.0069108239
0.0064306601
0.0058045422
0.0044451388
0.0027816213
0.0014272838
0.0003336343
-0.0006065336
-0.0016500391
-0.0025744578
-0.0029761975
-0.0025623727
-0.0016655397
-0.0010187524
-0.0007365110
-0.0006278508
-0.0006705435
-0.0002462758
0.0004332999
0.0011510369
0.0021689523
0.0034242544
0.0043868847
0.0046092466
0.0044049128
0.0043660711
0.0042115641
0.0036089305
0.0024497469
0.0011743417
0.0005882995
0.0005688904
0.0007184876
0.0006101381
0.0005027372
0.0007188869
0.0010334552
0.0015080057
0.0023546773
0.0032915185
0.0039212197
0.0043603450
0.0048978033
0.0055961914
0.0060463814
0.0063783971
0.0063362548
0.0059660685
0.0052547417
0.0044150963
0.0033886398
0.0024417543
0.0018446113
0.0015258336
0.0010647232
0.0008937010
0.0009724020
0.0011477627
0.0015807812
0.0020864417
0.0023697020
0.0026312283
0.0028306681
0.0030163019
0.0031042835
0.0030272213
0.0032357124
0.0034854000
0.0033680224
0.0028239638
0.0019904605
0.0010277154
0.0000179255
-0.0009635997
-0.0015757497
-0.0015772705
-0.0013993557
-0.0010274760
-0.0005049818
-0.0000132024
0.0001594788
0.0001580015
0.0002297289
0.0006327643
0.0008290547
0.0005665223
0.0000539971
0.0002240442
0.0009784200
0.0019346878
0.0025737307
0.0023583636
0.0015621311
0.0006756376
0.0001253738
0.0000205451
0.0001253884
0.0000073598
-0.0002132257
-0.0001796169
0.0001238524
0.0011216155
0.0027256838
0.0038749457
0.0044909497
0.0045586398
0.0042800234
0.0039418626
0.0033917452
0.0026203599
0.0015850081
0.0007922565
0.0001187032
-0.0009340510
-0.0022145895
-0.0034446647
-0.0045045144
-0.0052353979
-0.0050902562
-0.0043504617
-0.0036040266
-0.0027087330
-0.0012756349
0.0000308059
0.0008948628
0.0015249407
0.0022717300
0.0030818490
0.0037678557
0.0041003914
0.0041900538
0.0041509080
0.0042084322
0.0041893925
0.0037406321
0.0028790262
0.0014457916
-0.0002837902
-0.0016575127
-0.0026996631
-0.0038035812
-0.0047929023
-0.0054294246
-0.0054986855
-0.0053182177
-0.0054440578
-0.0058455454
-0.0060478149
-0.0059098396
-0.0054931566
-0.0051621839
-0.0049200543
-0.0044546120
-0.0041693698
-0.0036840058
-0.0029491554
-0.0026113027
-0.0023133513
-0.0019279785
-0.0019376343
-0.0024678299
-0.0035640870
-0.0046709790
-0.0054232629
-0.0059366020
-0.0064376294
-0.0067062241
-0.0068107307
-0.0068776358
-0.0069295829
-0.0069455005
-0.0068058386
-0.0063881332
-0.0061896138
-0.0062944667
-0.0061168628
-0.0063456632
-0.0070408998
-0.0072221212
-0.0071559333
-0.0074215286
-0.0075235783
-0.0074928431
-0.0072021514
-0.0071002116
-0.0071842077
-0.0070469968
-0.0065119885
-0.0060590306
-0.0059443905
-0.0058826778
-0.0062086858
-0.0067454651
-0.0071913870
-0.0075290081
-0.0074477229
-0.0074696001
-0.0080746023
-0.0082887322
-0.0082992837
-0.0083750488
-0.0084287964
-0.0084428968
-0.0082890972
-0.0079313709
-0.0074261852
-0.0065603592
-0.0057680446
-0.0047336062
-0.0033336863
-0.0019130490
-0.0009349304
-0.0006615595
-0.0009361841
-0.0010661528
-0.0008345028
-0.0005144966
-0.0002464497
0.0000335561
0.0006520429
0.0013981351
0.0020526030
0.0021506201
0.0014713197
0.0005869087
-0.0000255469
-0.0000613108
0.0000083982
-0.0000889640
-0.0004340870
-0.0012220001
-0.0020392925
-0.0027944874
-0.0034701555
-0.0040465634
-0.0046149080
-0.0052515667
-0.0053725647
-0.0046702000
-0.0035708110
-0.0025703830
-0.0020838494
-0.0019610430
-0.0017872717
-0.0014833194
-0.0011285347
-0.0006523668
0.0002125969
0.0011790425
0.0015330796
0.0014989397
0.0012057127
0.0006841754
-0.0001221055
-0.0014815425
-0.0029142365
-0.0038372717
-0.0040997733
-0.0037815862
-0.0033840283
-0.0030592752
-0.0027851133
-0.0024007158
-0.0019501991
-0.0013182756
-0.0005778355
-0.0000454015
-0.0004262455
-0.0018208238
-0.0033575602
-0.0046537408
-0.0054396425
-0.0055540874
-0.0052027298
-0.0047174512
-0.0040611956
-0.0029810278
-0.0014267088
0.0003102497
0.0018723039
0.0030574983
0.0039720307
0.0049207647
0.0056994597
0.0058767182
0.0054733674
0.0047245706
0.0038074617
0.0030964606
0.0027420379
0.0027946170
0.0027211645
0.0027756853
0.0031520793
0.0037769610
0.0045118369
0.0044716756
0.0043174737
0.0047424770
0.0055206206
0.0062389932
0.0067794470
0.0072638121
0.0076626005
0.0079927824
0.0084494088
0.0086263769
0.0082973066
0.0076495843
0.0068057758
0.0062199791
0.0057729485
0.0052771291
0.0045002630
0.0034341230
0.0022786306
0.0011518061
0.0004364226
0.0002444434
0.0001974130
0.0001227392
0.0002621182
0.0009638036
0.0020472704
0.0033086125
0.0047401899
0.0062420338
0.0076150176
0.0086378752
0.0091700626
0.0091836686
0.0087379164
0.0080595874
0.0075353494
0.0070931570
0.0068344171
0.0066540837
0.0064288460
0.0061749757
0.0056365499
0.0048770898
0.0041201228
0.0034006209
0.0027227314
0.0019097238
0.0014217617
0.0010433749
0.0007185774
0.0006942428
0.0009305039
0.0012560036
0.0018925671
0.0023599354
0.0030079884
0.0042644855
0.0055181009
0.0060522478
0.0061410026
0.0063369955
0.0064402168
0.0063962024
0.0063269837
0.0064564326
0.0064921786
0.0065334477
0.0067278609
0.0068818421
0.0068018746
0.0065166510
0.0058399134
0.0050248091
0.0043394549
0.0039016149
0.0033450669
0.0028594901
0.0029281829
0.0027585962
0.0022434115
0.0022261997
0.0025742203
0.0027813054
0.0029342671
0.0030795492
0.0031078481
0.0028489062
0.0023832961
0.0017091606
0.0011405020
0.0006620675
0.0003977563
0.0003979871
0.0002726707
0.0004329827
0.0007693399
0.0009386445
0.0011230185
0.0012308071
0.0014332925
0.0016997649
0.0019250684
0.0018625236
0.0015742544
0.0014580818
0.0012441393
0.0005834973
-0.0002573929
-0.0012827385
-0.0021622126
-0.0027235811
-0.0030044660
-0.0031994277
-0.0032429554
-0.0032614849
-0.0033011948
-0.0034463013
-0.0034685798
-0.0032833954
-0.0027994571
-0.0020180471
-0.0015608546
-0.0018315470
-0.0022687070
-0.0024993834
-0.0027508842
-0.0033294496
-0.0042545639
-0.0053673488
-0.0062729339
-0.0070715172
-0.0078738251
-0.0082621630
-0.0083750370
-0.0084174864
-0.0085159156
-0.0087631531
-0.0088743552
-0.0089026414
-0.0085444647
-0.0078465240
-0.0074060271
-0.0072921837
-0.0073686749
-0.0073277914
-0.0069649816
-0.0066110122
-0.0061135808
-0.0054846028
-0.0048511407
-0.0044671750
-0.0044899499
-0.0049545386
-0.0054383376
-0.0055509947
-0.0054548507
-0.0053570191
-0.0051501253
-0.0050847312
-0.0049392450
-0.0043788823
-0.0038694747
-0.0036458490
-0.0037027187
-0.0038724241
-0.0040690548
-0.0043639528
-0.0043948528
-0.0041599378
-0.0041393901
-0.0040919308
-0.0041629617
-0.0041827431
-0.0041882367
-0.0042858594
-0.0042598338
-0.0039165425
-0.0031245222
-0.0023078165
-0.0015582721
-0.0008731051
-0.0003555521
-0.0002932731
-0.0003903327
-0.0001247377
0.0003760975
0.0011029516
0.0017179068
0.0018505131
0.0017608144
0.0014933460
0.0014808479
0.0013343845
0.0010420375
0.0007745914
0.0002605535
-0.0003473607
-0.0008944105
-0.0012913061
-0.0014421102
-0.0014148288
-0.0010024934
-0.0004262117
0.0000396621
0.0005205750
0.0008792143
0.0013030046
0.0017709744
0.0024509302
0.0032524414
0.0042078798
0.0051499242
0.0057768781
0.0061031088
0.0061348997
0.0060522497
0.0057028065
0.0049829454
0.0040863018
0.0032937370
0.0029729272
0.0030894178
0.0031026744
0.0030951086
0.0029702594
0.0029288667
0.0030173292
0.0033000253
0.0036082476
0.0036615291
0.0033681892
0.0028873377
0.0023993471
0.0020644222
0.0018505877
0.0014579640
0.0012099317
0.0013308974
0.0014984560
0.0015246415
0.0014983677
0.0012107520
0.0007940978
0.0006088438
0.0006106588
0.0005526202
0.0003044409
0.0000271681
-0.0001309011
-0.0002588499
-0.0003173894
-0.0005015486
-0.0005462723
-0.0004528988
-0.0002937136
-0.0002369553
-0.0000230289
0.0005821544
0.0011685567
0.0018610205
0.0025328875
0.0027557998
0.0024762415
0.0021108807
0.0016176163
0.0008546895
0.0003214520
0.0001168285
-0.0002214104
-0.0005818964
-0.0007764551
-0.0008768723
-0.0007753642
-0.0004606498
-0.0000425725
0.0001059911
0.0001686400
0.0007621995
0.0013413763
0.0016858951
0.0020458702
0.0025972847
0.0031094406
0.0032010339
0.0030567075
0.0027709835
0.0023478670
0.0016872118
0.0007857711
0.0000258264
-0.0003620057
-0.0005826396
-0.0004601825
0.0000057434
0.0003047789
0.0003914287
0.0004057784
0.0001548405
-0.0001268394
-0.0003324381
-0.0003543738
-0.0003527645
-0.0002708865
-0.0000091453
0.0000911693
-0.0000601780
-0.0006456917
-0.0014151172
-0.0020423096
-0.0024809776
-0.0027033140
-0.0030278581
-0.0033512248
-0.0034540035
-0.0032277365
-0.0028556272
-0.0026344623
-0.0026668380
-0.0028215580
-0.0030812319
-0.0033036370
-0.0035015108
-0.0035346057
-0.0035752056
-0.0036453947
-0.0036306036
-0.0035988784
-0.0035664143
-0.0032227266
-0.0029323214
-0.0031549630
-0.0035796258
-0.0039426171
-0.0042494913
-0.0042145959
-0.0036733424
-0.0029605939
-0.0018413990
-0.0006744530
0.0002273668
0.0012432641
0.0019423027
0.0021568525
0.0021198810
0.0019818095
0.0013870861
0.0002552365
-0.0010037620
-0.0021495948
-0.0030434254
-0.0032670982
-0.0028272753
-0.0022361155
-0.0016901220
-0.0014652855
-0.0013815759
-0.0013477068
-0.0014449517
-0.0018278402
-0.0022132954
-0.0024401314
-0.0023858481
-0.0020150526
-0.0016812718
-0.0017093156
-0.0019084415
-0.0022731910
-0.0026105639
-0.0025014272
-0.0023462785
-0.0024083454
-0.0024185731
-0.0026525384
-0.0030678595
-0.0036208321
-0.0039541753
-0.0039318556
-0.0035289405
-0.0028492280
-0.0021675512
-0.0016350302
-0.0011490098
-0.0011206029
-0.0014114653
-0.0018083973
-0.0024213646
-0.0028732853
-0.0031679410
-0.0031963851
-0.0029657244
-0.0026897415
-0.0021337773
-0.0017512332
-0.0013760941
-0.0012519249
-0.0015959040
-0.0020244277
-0.0024531114
-0.0027883100
-0.0027587865
-0.0024826554
-0.0022858932
-0.0024326392
-0.0023750945
-0.0019819763
-0.0017129273
-0.0014842673
-0.0013760215
-0.0015892094
-0.0020404031
-0.0026123634
-0.0028625337
-0.0027530320
-0.0025438756
-0.0024093639
-0.0024783412
-0.0023983855
-0.0023187370
-0.0022659549
-0.0020216019
-0.0016000946
-0.0014449380
-0.0016918478
-0.0020029126
-0.0023489365
-0.0023423528
-0.0022052674
-0.0018341403
-0.0009472393
-0.0001203862
0.0002642318
0.0006102340
0.0009600669
0.0011610007
0.0013850944
0.0015642926
0.0016974229
0.0018655024
0.0018620909
0.0018141283
0.0021751553
0.0026302501
0.0025421115
0.0020986082
0.0016932696
0.0016324251
0.0018563265
0.0022415276
0.0028810013
0.0034198116
0.0036763615
0.0038352367
0.0039079337
0.0040283725
0.0042544040
0.0045127533
0.0048026787
0.0047904602
0.0044627754
0.0042445923
0.0041052208
0.0038819591
0.0034428691
0.0031809866
0.0031215109
0.0031318397
0.0033664143
0.0037730383
0.0042885949
0.0047709810
0.0048898725
0.0049702883
0.0049215977
0.0046861136
0.0045135118
0.0042937745
0.0040643697
0.0041189336
0.0037208223
0.0030278041
0.0028121996
0.0028244583
0.0029572667
0.0034185243
0.0039615635
0.0043983546
0.0045978405
0.0044759574
0.0042911685
0.0039323138
0.0035844434
0.0031460500
0.0026185693
0.0022668016
0.0023695872
0.0024310154
0.0025234722
0.0025173075
0.0022407829
0.0019811708
0.0017487165
0.0015729092
0.0015079419
0.0014453403
0.0014548704
0.0017479767
0.0021645802
0.0024699620
0.0027071769
0.0028875486
0.0028819000
0.0027138646
0.0025794863
0.0024180669
0.0019797923
0.0010855093
0.0003304523
0.0001717253
0.0001444122
0.0000635924
0.0000238677
0.0001124227
0.0003990783
0.0009375688
0.0013649372
0.0015928398
0.0014233159
0.0011235464
0.0006862229
0.0003665075
0.0001921834
-0.0000464834
-0.0003548948
-0.0005072999
-0.0004955415
-0.0006763771
-0.0009707721
-0.0015278705
-0.0020964663
-0.0024297389
-0.0024569428
-0.0023154157
-0.0019010650
-0.0013793839
-0.0009839434
-0.0006738198
-0.0004966503
-0.0002573617
-0.0000816920
0.0001139506
0.0001415288
0.0000656584
0.0001413056
0.0004149007
0.0007582095
0.0009917397
0.0009505189
0.0010013974
0.0008070340
0.0003554723
0.0000367633
-0.0000741495
-0.0003890163
-0.0005987527
-0.0003335944
0.0002415807
0.0006062799
0.0009302136
0.0016046992
0.0023656586
0.0031242592
0.0034667617
0.0033986056
0.0033320596
0.0030352758
0.0026798994
0.0024935955
0.0026902311
0.0028886338
0.0030714143
0.0034883533
0.0038282066
0.0039281409
0.0040050667
0.0037986066
0.0032325540
0.0024872032
0.0017807145
0.0011850796
0.0008757895
0.0005755286
0.0004844402
0.0004219882
0.0002105746
-0.0000071073
-0.0003337535
-0.0005921376
-0.0008212731
-0.0011406786
-0.0012777571
-0.0010375036
-0.0009149365
-0.0009787234
-0.0010919900
-0.0008529747
-0.0005123763
-0.0001087274
0.0003012839
0.0006879785
0.0011348004
0.0013388400
0.0013825247
0.0015201232
0.0017943734
0.0019436312
0.0019196788
0.0016792682
0.0016670654
0.0019284397
0.0019326528
0.0019983639
0.0015997227
0.0008338093
0.0000240491
-0.0005375988
-0.0006962756
-0.0004733875
-0.0002241909
-0.0002300314
-0.0004633111
-0.0007678981
-0.0010695594
-0.0012923815
-0.0014451538
-0.0015862816
-0.0013711352
-0.0010167096
-0.0007378345
-0.0005701502
-0.0005379454
-0.0001488447
0.0001625873
0.0002289180
0.0000279947
-0.0001141036
-0.0001101887
-0.0000369584
-0.0000611129
-0.0004574909
-0.0010091624
-0.0015407298
-0.0020358574
-0.0023028037
-0.0021652023
-0.0019491473
-0.0017298388
-0.0017216372
-0.0020355297
-0.0022399558
-0.0019879114
-0.0016535007
-0.0011776325
-0.0006108033
-0.0000766866
0.0006477330
0.0012172924
0.0018126811
0.0027022141
0.0035489936
0.0039022596
0.0036045142
0.0029527151
0.0022810875
0.0016312664
0.0011000837
0.0006460857
0.0004039578
0.0007056615
0.0009288473
0.0007642738
0.0005931964
0.0006892508
0.0003931948
0.0000171516
-0.0001914287
-0.0003143742
-0.0001957909
-0.0002127303
-0.0002273807
-0.0002295733
-0.0004756073
-0.0007431047
-0.0008519229
-0.0011704386
-0.0014843310
-0.0017336124
-0.0020742025
-0.0023283466
-0.0024423234
-0.0024411666
-0.0025019001
-0.0029268730
-0.0036402446
-0.0040488505
-0.0039578979
-0.0036847005
-0.0032330211
-0.0027318073
-0.0023356494
-0.0021307112
-0.0019729427
-0.0019038515
-0.0018907784
-0.0021088977
-0.0027719951
-0.0035500386
-0.0044550457
-0.0053902631
-0.0065769410
-0.0077620285
-0.0083834525
-0.0084181418
-0.0080304064
-0.0073361853
-0.0062221082
-0.0051458278
-0.0044037667
-0.0038350042
-0.0035106210
-0.0033464200
-0.0033423893
-0.0034497844
-0.0036659405
-0.0039033594
-0.0039156339
-0.0040421295
-0.0039329683
-0.0036033800
-0.0033826821
-0.0029222114
-0.0024598883
-0.0023587717
-0.0024067373
-0.0025461225
-0.0025051802
-0.0024571361
-0.0024777074
-0.0023516003
-0.0022943029
-0.0022925397
-0.0024165127
-0.0024606752
-0.0026760816
-0.0031573767
-0.0038310098
-0.0044706081
-0.0045394441
-0.0041216034
-0.0037612377
